6
6
6
6
6
5
5
3
3
0
1
0
0
-2
-2
-2
-4
-5
-5
-5
-5
-6
-6
-5
-5
-7
-8
-8
-8
-9
-10
-10
-10
-10
-12
-12
-11
-11
-10
-8
-7
-7
-6
-7
-7
-6
-5
-3
-1
1
4
4
4
5
5
7
8
8
12
11
12
13
13
12
12
12
11
11
12
12
12
9
8
9
8
9
6
8
7
7
6
7
4
2
2
1
-1
-2
-3
-5
-8
-9
-11
-10
-11
-13
-11
-10
-9
-9
-9
-10
-11
-11
-10
-10
-9
-9
-6
-6
-8
-5
-5
-3
-3
-2
-1
-2
-1
-2
0
3
3
4
6
6
7
8
7
8
7
6
7
6
7
7
5
4
2
-1
1
1
3
4
3
3
1
-1
-1
-2
-2
-2
-1
-2
-2
-1
-2
-2
0
0
-1
-1
-2
0
-1
-2
0
-2
-2
-1
-1
-2
-1
-3
-2
-2
-1
-2
-2
0
1
2
2
6
4
5
5
6
6
7
7
7
6
5
4
2
2
1
2
2
2
2
1
1
0
-1
-1
-3
-3
-4
-6
-6
-8
-9
-9
-11
-12
-11
-12
-12
-12
-11
-10
-10
-7
-7
-6
-5
-5
-3
1
1
4
5
7
7
8
7
6
6
5
4
2
4
3
4
3
4
5
4
6
7
6
7
8
7
9
8
9
9
10
10
10
12
12
11
9
8
5
4
1
1
0
-2
-2
-4
-6
-7
-9
-10
-10
-12
-13
-12
-15
-15
-16
-14
-14
-12
-11
-12
-12
-11
-9
-11
-10
-7
-4
-1
-1
1
2
2
0
2
4
6
6
6
7
9
11
10
11
8
9
9
10
11
10
9
8
7
6
5
7
6
5
5
3
2
0
0
-2
-2
-4
-4
-4
-4
-3
-6
-8
-9
-8
-9
-9
-9
-9
-9
-9
-8
-6
-4
-4
-4
-3
-1
-3
-1
0
1
1
1
4
4
6
5
5
5
6
5
5
4
6
7
6
6
7
7
6
6
5
5
5
5
3
3
2
3
1
0
1
1
0
0
-2
-3
-2
-4
-6
-7
-10
-11
-11
-13
-15
-16
-16
-15
-14
-12
-10
-8
-8
-5
-4
-3
-2
-1
0
2
1
1
2
2
4
4
4
6
6
8
9
11
12
14
15
15
15
15
15
16
16
17
16
16
16
16
16
15
12
11
11
9
7
7
6
5
4
2
-2
-3
-6
-9
-12
-15
-18
-21
-24
-27
-29
-30
-32
-32
-32
-32
-33
-33
-33
-31
-31
-28
-27
-25
-22
-19
-17
-12
-10
-8
-4
1
6
10
15
20
24
26
28
29
33
34
34
35
36
37
36
35
34
34
34
32
30
31
27
24
22
21
17
15
10
7
4
0
-3
-8
-13
-16
-19
-21
-23
-25
-25
-28
-28
-30
-29
-30
-30
-30
-31
-29
-29
-27
-28
-27
-22
-21
-18
-16
-15
-11
-10
-8
-8
-5
-4
-1
1
1
4
5
7
8
9
11
14
15
17
19
23
26
28
30
30
31
31
29
28
27
26
24
21
17
15
11
7
5
2
-3
-4
-7
-10
-10
-10
-12
-12
-16
-18
-18
-21
-23
-23
-23
-22
-22
-23
-21
-20
-21
-18
-17
-15
-14
-13
-9
-8
-4
-1
1
5
8
12
15
15
18
19
21
23
25
25
26
25
26
23
23
20
18
14
12
11
7
6
2
0
-3
-3
-3
-5
-5
-5
-7
-7
-8
-9
-11
-12
-14
-16
-17
-18
-19
-21
-23
-22
-22
-22
-21
-20
-18
-15
-15
-11
-11
-9
-7
-6
-4
-2
-2
1
5
5
7
7
9
10
12
13
14
15
15
16
16
16
14
14
14
16
16
15
14
15
14
15
16
16
19
19
21
22
21
19
15
10
8
4
2
-2
-4
-6
-12
-15
-20
-23
-25
-26
-28
-29
-31
-32
-25
-24
-23
-23
-29
-32
-31
-35
-38
-40
-27
-19
-26
-31
-27
-36
-71
-106
-156
-298
-464
-347
-63
64
102
284
456
406
344
380
368
261
235
309
292
201
158
134
81
23
-10
-34
-76
-98
-81
-81
-143
-145
-48
-37
-129
-144
-103
-145
-171
-97
-73
-118
-89
-55
-97
-95
-69
-116
-152
-143
-137
-112
-90
-116
-133
-435
-1097
-1139
-1
785
452
331
345
-631
-1240
-76
873
318
69
754
907
519
552
628
205
-132
28
338
510
489
407
287
12
-169
24
81
-264
-361
-187
-401
-575
-59
299
-151
-484
-227
-158
-391
-315
-93
-166
-283
-217
-171
-107
85
147
-46
-253
-525
-996
-1151
-638
-159
-384
-862
-876
-412
68
362
611
835
868
952
1488
2073
2057
1669
1414
1210
936
930
1035
648
-32
-440
-637
-853
-878
-765
-1018
-1589
-1888
-1657
-1222
-891
-603
-441
-552
-656
-361
153
416
421
478
636
745
837
938
789
266
-228
-284
-81
31
80
123
14
-232
-349
-244
-139
-145
-126
-11
95
197
424
657
650
502
444
407
312
312
398
335
114
-38
-101
-195
-316
-416
-542
-732
-885
-909
-845
-802
-799
-785
-766
-753
-693
-568
-458
-397
-336
-221
-60
115
285
413
465
461
454
470
500
516
519
493
440
392
367
332
258
163
70
3
-23
7
71
119
137
159
203
263
334
415
481
509
517
545
586
607
617
601
544
471
404
355
302
234
153
66
-8
-58
-85
-123
-199
-290
-372
-428
-437
-420
-402
-413
-438
-448
-438
-400
-357
-356
-378
-382
-343
-277
-214
-179
-188
-228
-244
-211
-155
-107
-73
-35
10
73
166
253
283
266
233
214
208
203
204
175
101
14
-56
-128
-251
-419
-598
-763
-921
-1067
-1200
-1348
-1529
-1710
-1848
-1940
-2007
-2069
-2103
-2094
-2011
-1816
-1529
-1194
-852
-503
-118
319
796
1278
1727
2119
2459
2769
3070
3338
3528
3593
3537
3414
3268
3106
2906
2656
2356
2024
1680
1355
1058
773
476
170
-98
-300
-447
-552
-633
-697
-757
-794
-787
-735
-659
-573
-472
-350
-232
-147
-105
-81
-59
-58
-72
-67
-30
-34
-118
-222
-291
-382
-579
-829
-1013
-1117
-1225
-1338
-1412
-1480
-1644
-1862
-2011
-2045
-2102
-2285
-2516
-2609
-2530
-2503
-2628
-2713
-2541
-2388
-2693
-3270
-3532
-3577
-4229
-5417
-5757
-4538
-2995
-2427
-2148
-877
835
1477
1304
1977
3684
4835
4857
5222
6927
8823
9427
9008
8707
8599
7944
6740
5812
5496
5191
4350
3193
2252
1605
903
-160
-1524
-2813
-3587
-3759
-3663
-3554
-3272
-2739
-2483
-2921
-3416
-2999
-1943
-1398
-1469
-1041
219
1190
1185
997
1265
1266
402
-443
-177
707
927
349
-132
-218
-555
-1412
-2143
-2304
-2354
-2774
-3151
-2840
-2098
-1770
-2061
-2339
-2170
-1854
-1710
-1451
-727
129
471
370
531
1071
1294
884
497
660
945
841
603
652
757
482
-116
-605
-719
-556
-476
-626
-599
-63
481
409
158
436
856
731
573
1147
1889
1981
1899
2269
2471
1932
1438
1649
1907
1602
1293
1572
1984
1758
522
-1562
-3870
-5948
-7966
-9759
-10025
-8304
-6525
-6304
-6294
-4733
-2868
-2642
-3040
-1921
295
1891
3231
5827
9233
11478
11765
11039
10282
9609
8728
7587
6522
5787
5114
4079
2806
1661
416
-1466
-3843
-5910
-7037
-7141
-6469
-5506
-4702
-4056
-3361
-2754
-2438
-2126
-1528
-886
-329
615
2137
3576
4255
4170
3525
2472
1434
804
403
-37
-371
-522
-833
-1375
-1777
-2143
-2989
-4121
-4701
-4512
-4051
-3485
-2681
-1910
-1567
-1459
-1167
-697
-250
182
649
1144
1751
2442
2890
2866
2554
2138
1585
1060
881
919
715
214
-240
-579
-988
-1430
-1760
-2070
-2403
-2510
-2162
-1465
-732
-254
-213
-348
-40
915
1893
2339
2553
2988
3373
3328
3215
3494
3721
3300
2629
2432
2510
2208
1576
1007
344
-690
-1706
-2246
-2617
-3339
-4263
-4833
-5087
-5906
-7901
-9991
-10104
-7990
-6014
-5653
-5069
-2446
449
1130
936
2625
5317
6034
5083
5631
8274
10214
9767
8357
7588
6940
5330
3086
1407
645
-13
-1221
-2476
-2862
-2461
-2356
-3101
-3975
-4025
-3223
-2167
-1120
90
1482
2683
3324
3508
3718
4093
4040
3025
1667
1157
1475
1314
89
-1312
-2284
-3379
-4698
-5191
-4580
-4190
-4718
-5022
-4165
-2916
-2224
-1835
-1325
-897
-602
-24
906
1733
2079
1820
1116
606
758
1022
625
-78
-304
-250
-444
-569
-297
-280
-962
-1551
-1316
-677
-247
-4
107
12
4
330
619
550
461
611
785
1038
1650
2300
2426
2306
2501
2833
2929
2948
3005
2801
2408
2177
1899
1256
695
589
333
-422
-994
-1167
-1769
-2916
-3599
-3665
-4031
-4715
-4925
-4881
-5335
-5924
-6233
-7004
-8217
-8006
-5757
-3748
-3329
-2592
-93
2246
2605
2510
3874
5624
5853
5241
5794
7511
8486
7634
5898
4683
4005
2834
956
-458
-667
-558
-1087
-1630
-1140
-105
192
-262
-304
557
1653
2438
3121
3961
4706
5006
4868
4493
3967
3268
2369
1345
470
-7
-390
-1326
-2772
-3883
-4358
-4925
-5882
-6401
-6037
-5509
-5199
-4412
-2975
-1928
-1774
-1689
-1077
-423
-82
259
688
912
922
891
666
137
-479
-1109
-1858
-2395
-2312
-1979
-1977
-2068
-1746
-1288
-1156
-1067
-611
-55
257
588
1210
1850
2171
2199
2056
1841
1699
1688
1687
1637
1611
1540
1371
1308
1462
1482
1164
936
1184
1603
1834
2096
2550
2759
2371
1799
1578
1648
1668
1570
1442
1282
1120
965
624
-76
-979
-1872
-2754
-3603
-4215
-4634
-5266
-6136
-6908
-7727
-8957
-9890
-9154
-7029
-5430
-4837
-3503
-646
1837
2423
2512
3894
5713
6146
5688
6279
7899
8482
7078
5174
4261
3742
2264
63
-1302
-1341
-1187
-1597
-1833
-1142
-236
-128
-427
37
1375
2596
3181
3623
4400
5248
5625
5409
4851
4155
3331
2364
1422
745
269
-437
-1692
-3188
-4268
-4746
-5144
-5904
-6623
-6546
-5594
-4453
-3578
-2732
-1739
-999
-746
-471
285
1063
1166
811
753
1037
986
332
-503
-1187
-1775
-2272
-2471
-2366
-2255
-2311
-2361
-2146
-1701
-1279
-1044
-859
-476
137
788
1297
1633
1799
1783
1683
1693
1839
1925
1805
1602
1574
1713
1703
1410
1069
952
992
1013
1146
1520
1909
2001
1926
2011
2177
2124
1910
1852
1951
1999
2023
2161
2204
1828
1092
363
-227
-877
-1733
-2707
-3568
-4158
-4596
-5203
-6025
-6732
-7256
-8096
-9281
-9649
-8291
-6140
-4781
-4000
-2266
462
2396
2809
3144
4489
5798
5854
5486
6152
7354
7302
5651
3959
3258
2705
1236
-617
-1506
-1279
-987
-1139
-1042
-183
737
900
721
1254
2565
3652
3989
4178
4815
5526
5583
4962
4220
3570
2747
1655
678
104
-353
-1185
-2427
-3577
-4260
-4657
-5180
-5812
-6090
-5711
-4895
-4015
-3170
-2332
-1608
-1139
-815
-377
166
504
486
351
378
451
217
-404
-1163
-1821
-2326
-2639
-2700
-2589
-2482
-2387
-2130
-1660
-1156
-811
-601
-343
90
677
1274
1755
2051
2146
2090
2014
2009
2016
1917
1721
1598
1637
1733
1716
1554
1358
1188
1049
1023
1240
1654
2003
2146
2230
2377
2433
2213
1855
1644
1639
1702
1779
1852
1742
1287
617
-37
-713
-1584
-2555
-3367
-4051
-4846
-5712
-6412
-7116
-8250
-9552
-10015
-9172
-7793
-6700
-5519
-3506
-1037
778
1787
2900
4400
5456
5643
5820
6765
7764
7618
6427
5332
4718
3787
2094
381
-503
-767
-1092
-1438
-1234
-494
64
104
159
755
1636
2239
2572
3120
3980
4715
4998
4995
4932
4641
3914
2961
2194
1623
894
-110
-1087
-1813
-2542
-3542
-4604
-5317
-5697
-6067
-6368
-6129
-5239
-4235
-3555
-2963
-2079
-1127
-619
-502
-280
168
436
374
316
443
420
-47
-703
-1155
-1424
-1761
-2154
-2341
-2229
-1988
-1757
-1500
-1168
-838
-581
-325
57
551
1008
1354
1658
1987
2282
2449
2493
2487
2459
2399
2343
2328
2294
2139
1878
1655
1545
1474
1384
1357
1469
1654
1805
1902
1971
1954
1768
1455
1185
1060
1001
849
578
310
119
-125
-553
-1112
-1644
-2161
-2840
-3692
-4498
-5135
-5786
-6623
-7415
-7723
-7458
-6953
-6435
-5689
-4490
-3064
-1861
-918
139
1444
2613
3314
3775
4404
5124
5477
5318
5010
4829
4576
3986
3235
2739
2570
2402
2054
1766
1807
2033
2084
1868
1617
1510
1433
1251
1046
992
1074
1138
1136
1181
1323
1424
1338
1111
911
788
636
371
40
-269
-562
-896
-1264
-1596
-1885
-2187
-2497
-2719
-2805
-2839
-2910
-2998
-3028
-2993
-2963
-2962
-2940
-2865
-2746
-2582
-2341
-2036
-1740
-1498
-1260
-988
-715
-515
-407
-338
-272
-212
-168
-125
-89
-85
-110
-100
-11
123
248
354
484
669
899
1134
1335
1462
1522
1567
1639
1719
1770
1776
1763
1751
1739
1739
1759
1782
1777
1756
1773
1852
1952
2008
1995
1941
1863
1763
1668
1603
1553
1466
1323
1166
1049
964
867
717
491
187
-196
-639
-1131
-1705
-2415
-3245
-4087
-4785
-5249
-5518
-5691
-5829
-5890
-5778
-5426
-4887
-4291
-3755
-3303
-2853
-2310
-1650
-950
-334
114
452
822
1315
1885
2394
2749
2986
3206
3484
3806
4081
4191
4101
3874
3643
3472
3316
3097
2805
2518
2329
2278
2318
2364
2347
2264
2171
2124
2130
2129
2059
1906
1716
1525
1318
1063
745
374
-17
-399
-744
-1041
-1306
-1568
-1839
-2120
-2400
-2676
-2956
-3210
-3402
-3527
-3606
-3650
-3642
-3570
-3450
-3302
-3147
-2990
-2836
-2677
-2498
-2292
-2080
-1893
-1737
-1586
-1406
-1201
-990
-787
-590
-382
-149
108
374
609
797
946
1089
1236
1376
1481
1541
1571
1608
1685
1809
1957
2095
2218
2341
2499
2698
2900
3046
3104
3092
3066
3069
3089
3062
2923
2670
2386
2165
2044
1967
1822
1534
1128
694
294
-124
-690
-1509
-2545
-3600
-4437
-4955
-5266
-5548
-5878
-6145
-6166
-5837
-5262
-4670
-4241
-3965
-3661
-3145
-2409
-1638
-1052
-709
-459
-91
485
1175
1799
2237
2534
2851
3290
3794
4176
4278
4104
3810
3560
3402
3250
2998
2642
2298
2101
2095
2188
2232
2154
2008
1910
1927
2014
2057
1973
1780
1571
1430
1349
1246
1041
724
361
32
-240
-492
-788
-1169
-1612
-2055
-2449
-2780
-3073
-3355
-3626
-3852
-3989
-4013
-3934
-3775
-3576
-3363
-3130
-2878
-2610
-2343
-2102
-1897
-1729
-1585
-1445
-1298
-1137
-969
-797
-619
-425
-212
20
255
473
660
810
942
1065
1186
1298
1399
1491
1586
1688
1797
1898
1984
2048
2105
2170
2245
2315
2366
2391
2403
2420
2448
2478
2485
2448
2372
2288
2224
2176
2106
1981
1797
1595
1424
1287
1126
865
467
-19
-517
-984
-1472
-2086
-2872
-3736
-4492
-4987
-5237
-5399
-5606
-5821
-5892
-5677
-5172
-4552
-4016
-3648
-3350
-2934
-2297
-1552
-894
-444
-142
195
700
1342
1979
2464
2768
2999
3282
3645
3972
4121
4036
3810
3589
3446
3344
3177
2901
2576
2319
2205
2208
2221
2165
2035
1908
1856
1876
1887
1814
1637
1414
1226
1095
983
825
590
300
9
-257
-505
-775
-1090
-1441
-1799
-2138
-2442
-2714
-2958
-3175
-3350
-3467
-3521
-3520
-3466
-3360
-3212
-3040
-2869
-2708
-2557
-2411
-2266
-2123
-1986
-1850
-1707
-1538
-1329
-1077
-797
-513
-245
6
251
492
711
889
1015
1091
1134
1180
1246
1317
1381
1438
1502
1595
1726
1878
2015
2112
2175
2230
2297
2371
2422
2432
2409
2388
2400
2450
2497
2501
2454
2386
2336
2310
2270
2165
1977
1744
1514
1293
1023
622
77
-542
-1145
-1701
-2283
-2976
-3765
-4532
-5101
-5398
-5520
-5622
-5770
-5874
-5764
-5355
-4744
-4139
-3696
-3413
-3104
-2598
-1902
-1184
-651
-331
-63
355
983
1696
2288
2649
2858
3075
3404
3790
4054
4062
3854
3599
3433
3365
3285
3080
2761
2449
2277
2272
2340
2343
2234
2085
2002
2029
2102
2094
1936
1670
1405
1233
1136
1012
772
405
3
-327
-551
-740
-1001
-1375
-1806
-2182
-2444
-2612
-2768
-2973
-3217
-3417
-3501
-3464
-3368
-3287
-3239
-3184
-3065
-2873
-2653
-2462
-2314
-2178
-2010
-1789
-1544
-1318
-1129
-955
-751
-507
-262
-64
71
174
287
433
586
708
782
831
912
1053
1240
1433
1594
1726
1863
2028
2206
2368
2462
2491
2493
2499
2526
2551
2551
2518
2474
2445
2440
2442
2423
2370
2279
2163
2030
1881
1715
1533
1327
1077
762
373
-75
-544
-1014
-1505
-2081
-2766
-3510
-4203
-4721
-5041
-5255
-5462
-5663
-5755
-5626
-5252
-4724
-4182
-3720
-3333
-2920
-2387
-1740
-1091
-568
-190
134
529
1036
1593
2089
2466
2754
3020
3316
3612
3826
3887
3798
3635
3475
3342
3191
2980
2717
2461
2278
2183
2134
2076
1976
1863
1782
1754
1753
1722
1619
1448
1254
1088
946
789
577
301
-8
-309
-576
-818
-1065
-1343
-1649
-1952
-2229
-2463
-2654
-2814
-2960
-3093
-3194
-3236
-3208
-3122
-2995
-2845
-2690
-2541
-2389
-2223
-2053
-1885
-1735
-1606
-1486
-1357
-1196
-1000
-783
-565
-359
-162
40
251
452
623
761
869
967
1067
1172
1277
1368
1445
1526
1618
1717
1804
1870
1917
1950
1980
2007
2026
2025
2002
1971
1957
1972
2007
2033
2030
2003
1977
1970
1975
1960
1890
1755
1590
1446
1331
1196
962
595
127
-365
-829
-1295
-1850
-2558
-3367
-4116
-4653
-4953
-5141
-5338
-5543
-5633
-5467
-5022
-4427
-3855
-3396
-3007
-2561
-1971
-1295
-676
-224
72
355
738
1229
1725
2113
2368
2573
2821
3126
3419
3583
3567
3430
3273
3153
3050
2886
2628
2322
2063
1919
1875
1861
1809
1716
1629
1601
1633
1663
1625
1502
1330
1175
1062
957
813
595
328
59
-178
-388
-610
-880
-1186
-1490
-1761
-1991
-2201
-2410
-2610
-2783
-2911
-2979
-2991
-2962
-2902
-2809
-2680
-2521
-2348
-2178
-2020
-1872
-1729
-1593
-1466
-1339
-1204
-1054
-885
-703
-511
-316
-124
64
244
405
536
641
723
788
841
884
922
953
994
1051
1130
1212
1295
1379
1466
1561
1660
1754
1829
1879
1918
1953
1988
2019
2033
2032
2010
1970
1922
1873
1828
1777
1708
1619
1518
1429
1363
1307
1224
1072
830
496
98
-337
-813
-1369
-2030
-2777
-3500
-4076
-4459
-4687
-4853
-4990
-5035
-4905
-4574
-4104
-3617
-3208
-2877
-2549
-2145
-1652
-1153
-755
-470
-224
86
502
968
1380
1698
1949
2214
2532
2870
3132
3249
3243
3184
3131
3083
2985
2790
2524
2264
2077
1970
1899
1812
1694
1577
1515
1514
1513
1459
1327
1148
986
864
758
625
431
196
-31
-221
-382
-565
-792
-1046
-1279
-1453
-1565
-1641
-1733
-1848
-1960
-2047
-2121
-2210
-2322
-2450
-2566
-2636
-2637
-2573
-2462
-2311
-2112
-1863
-1591
-1323
-1082
-875
-702
-547
-410
-289
-183
-83
34
181
347
511
658
783
894
983
1038
1055
1037
992
940
900
885
890
909
952
1026
1122
1222
1316
1391
1441
1469
1478
1469
1440
1392
1332
1275
1230
1190
1137
1063
973
879
792
711
636
576
549
577
655
744
788
734
561
277
-118
-635
-1269
-1961
-2606
-3096
-3394
-3552
-3630
-3628
-3522
-3322
-3091
-2876
-2686
-2507
-2320
-2093
-1819
-1515
-1224
-946
-647
-302
65
407
711
998
1308
1634
1955
2238
2463
2623
2732
2808
2840
2819
2736
2609
2458
2286
2083
1834
1557
1293
1071
901
777
696
665
689
751
809
823
755
610
422
220
11
-198
-382
-497
-531
-511
-490
-500
-547
-644
-793
-992
-1225
-1471
-1690
-1846
-1928
-1947
-1933
-1894
-1831
-1756
-1701
-1673
-1659
-1634
-1580
-1492
-1373
-1234
-1080
-907
-715
-517
-329
-161
-8
141
280
404
507
591
652
682
684
665
640
625
634
662
686
708
737
781
841
894
934
951
961
981
1017
1067
1120
1171
1223
1281
1338
1379
1391
1360
1296
1233
1216
1256
1325
1366
1333
1232
1096
960
814
566
93
-647
-1544
-2386
-2997
-3314
-3424
-3502
-3659
-3859
-3975
-3912
-3650
-3266
-2914
-2717
-2663
-2594
-2316
-1784
-1126
-497
-14
302
548
869
1326
1860
2333
2660
2847
2958
3054
3175
3295
3344
3279
3097
2839
2561
2291
2036
1772
1475
1163
868
615
428
317
282
307
360
425
458
425
323
178
39
-86
-217
-347
-470
-556
-587
-556
-485
-437
-465
-593
-798
-1038
-1264
-1448
-1611
-1777
-1939
-2079
-2147
-2127
-2050
-1941
-1844
-1774
-1714
-1651
-1558
-1427
-1272
-1109
-948
-783
-605
-402
-183
33
220
368
481
570
647
709
756
792
822
861
896
922
937
933
919
892
857
823
788
755
731
719
742
808
900
1010
1113
1205
1297
1388
1457
1480
1456
1414
1403
1454
1546
1614
1588
1446
1238
1025
843
622
208
-499
-1450
-2428
-3157
-3505
-3578
-3617
-3802
-4133
-4409
-4403
-4043
-3466
-2934
-2684
-2711
-2741
-2494
-1875
-1039
-301
162
377
540
890
1501
2211
2775
3065
3121
3109
3181
3354
3526
3563
3414
3147
2878
2678
2523
2324
2016
1619
1214
881
619
388
181
24
-31
41
214
384
439
341
163
1
-91
-145
-235
-420
-673
-889
-951
-844
-681
-622
-745
-1007
-1279
-1453
-1517
-1545
-1642
-1843
-2070
-2194
-2153
-1982
-1795
-1681
-1664
-1681
-1633
-1475
-1256
-1060
-933
-849
-749
-583
-355
-121
59
178
278
414
588
753
843
843
796
757
771
810
815
756
649
571
584
692
827
899
881
809
759
803
941
1108
1237
1316
1379
1481
1621
1742
1772
1690
1560
1486
1510
1581
1578
1441
1205
972
820
681
358
-330
-1361
-2457
-3281
-3652
-3674
-3655
-3839
-4216
-4525
-4493
-4041
-3352
-2782
-2605
-2764
-2893
-2634
-1935
-1062
-348
44
194
373
832
1579
2363
2902
3105
3104
3116
3279
3553
3765
3761
3544
3263
3076
3020
2990
2843
2506
2060
1644
1331
1076
795
456
115
-128
-194
-99
25
40
-92
-275
-393
-418
-432
-544
-802
-1119
-1349
-1390
-1271
-1135
-1127
-1268
-1459
-1577
-1579
-1537
-1571
-1741
-1994
-2200
-2244
-2128
-1947
-1815
-1766
-1743
-1652
-1453
-1190
-962
-830
-773
-711
-572
-355
-104
116
277
404
547
730
921
1058
1101
1070
1017
987
989
997
967
900
833
810
836
873
881
842
779
737
753
831
932
1035
1133
1241
1357
1455
1505
1484
1429
1410
1475
1591
1666
1610
1418
1168
962
834
671
267
-499
-1517
-2504
-3168
-3406
-3387
-3438
-3750
-4217
-4561
-4543
-4126
-3513
-3041
-2937
-3092
-3138
-2783
-2053
-1220
-570
-230
-86
140
665
1456
2263
2837
3115
3206
3295
3492
3752
3919
3872
3644
3373
3188
3114
3069
2928
2646
2287
1957
1684
1422
1118
772
444
225
177
261
350
324
174
-4
-110
-135
-173
-333
-646
-1013
-1274
-1335
-1242
-1150
-1201
-1409
-1666
-1839
-1891
-1892
-1955
-2149
-2429
-2657
-2707
-2581
-2396
-2274
-2243
-2242
-2173
-1972
-1670
-1367
-1151
-1018
-893
-715
-468
-188
61
240
370
510
703
920
1107
1223
1269
1281
1287
1300
1302
1267
1197
1128
1100
1126
1191
1251
1283
1286
1293
1333
1407
1502
1587
1644
1670
1674
1660
1627
1585
1556
1569
1620
1644
1571
1365
1076
794
576
369
20
-621
-1553
-2574
-3377
-3774
-3845
-3870
-4094
-4511
-4889
-4958
-4601
-3953
-3344
-3072
-3141
-3234
-2993
-2332
-1460
-687
-200
46
285
763
1515
2335
2947
3233
3277
3282
3402
3625
3816
3838
3680
3459
3307
3266
3269
3187
2953
2611
2273
1990
1732
1440
1106
780
549
474
535
632
646
543
387
280
242
195
29
-295
-706
-1064
-1268
-1319
-1323
-1404
-1603
-1855
-2051
-2135
-2151
-2198
-2350
-2592
-2833
-2957
-2926
-2796
-2667
-2592
-2542
-2450
-2278
-2037
-1781
-1571
-1427
-1306
-1153
-944
-703
-468
-262
-79
110
333
579
802
966
1075
1170
1263
1353
1419
1439
1418
1391
1401
1465
1551
1619
1647
1657
1695
1779
1903
2029
2116
2164
2201
2244
2273
2246
2146
2014
1922
1908
1936
1898
1691
1316
890
550
323
69
-423
-1267
-2343
-3337
-3935
-4096
-4059
-4165
-4560
-5073
-5384
-5254
-4695
-3991
-3520
-3454
-3595
-3529
-3002
-2106
-1163
-479
-118
105
480
1166
2033
2787
3211
3320
3307
3373
3585
3835
3953
3864
3653
3482
3449
3508
3516
3354
3025
2639
2291
1994
1668
1276
851
489
278
234
275
289
211
82
5
17
57
1
-216
-542
-846
-1011
-1036
-1030
-1124
-1362
-1655
-1875
-1965
-1968
-1996
-2134
-2373
-2614
-2730
-2696
-2575
-2471
-2437
-2430
-2367
-2200
-1959
-1712
-1531
-1418
-1321
-1189
-1003
-790
-594
-427
-259
-61
176
429
652
814
924
1013
1107
1194
1236
1224
1170
1115
1115
1165
1239
1286
1288
1290
1338
1461
1637
1797
1905
1967
2029
2132
2256
2334
2310
2175
2017
1941
1971
2016
1944
1684
1286
900
623
402
46
-638
-1640
-2708
-3511
-3858
-3872
-3884
-4143
-4626
-5057
-5141
-4799
-4202
-3708
-3576
-3734
-3829
-3499
-2710
-1739
-917
-409
-122
209
800
1636
2472
3041
3273
3293
3314
3459
3688
3847
3819
3639
3440
3347
3370
3408
3336
3109
2790
2474
2190
1889
1518
1097
701
405
252
209
206
178
127
104
137
186
177
60
-139
-358
-539
-669
-787
-944
-1159
-1390
-1569
-1686
-1790
-1935
-2127
-2338
-2519
-2628
-2655
-2641
-2636
-2643
-2619
-2526
-2379
-2209
-2056
-1946
-1864
-1753
-1576
-1353
-1134
-942
-758
-551
-310
-33
256
506
691
830
965
1109
1241
1327
1340
1288
1216
1175
1175
1189
1188
1173
1175
1235
1375
1569
1773
1941
2066
2171
2281
2383
2432
2395
2285
2175
2142
2184
2220
2143
1900
1533
1161
846
534
67
-677
-1652
-2642
-3379
-3737
-3820
-3901
-4180
-4610
-4946
-4971
-4648
-4136
-3713
-3570
-3647
-3646
-3279
-2526
-1621
-839
-305
57
458
1080
1896
2679
3197
3381
3346
3284
3320
3439
3519
3453
3261
3064
2974
3009
3087
3091
2949
2679
2363
2047
1714
1340
940
562
265
84
9
-9
-8
-1
29
84
130
116
9
-158
-328
-463
-568
-682
-835
-1039
-1261
-1453
-1601
-1742
-1919
-2128
-2335
-2497
-2592
-2617
-2599
-2571
-2544
-2493
-2396
-2263
-2119
-1982
-1853
-1734
-1607
-1450
-1270
-1090
-913
-723
-502
-260
-4
258
503
727
929
1108
1260
1364
1417
1417
1379
1330
1291
1269
1255
1238
1224
1231
1283
1396
1560
1739
1905
2042
2151
2247
2325
2375
2367
2287
2169
2065
2003
1950
1827
1586
1246
875
511
115
-409
-1143
-2062
-2998
-3721
-4106
-4239
-4341
-4575
-4897
-5117
-5062
-4693
-4161
-3724
-3559
-3585
-3522
-3109
-2325
-1375
-514
125
617
1148
1865
2730
3525
4035
4194
4106
3965
3909
3938
3936
3808
3567
3317
3156
3111
3118
3063
2864
2530
2131
1717
1305
894
496
147
-122
-305
-404
-440
-436
-403
-342
-265
-209
-211
-284
-393
-495
-571
-648
-761
-933
-1150
-1364
-1530
-1651
-1780
-1964
-2201
-2438
-2622
-2719
-2729
-2686
-2635
-2580
-2483
-2307
-2064
-1798
-1572
-1429
-1356
-1295
-1187
-1038
-896
-804
-761
-724
-617
-380
-43
311
605
815
962
1086
1197
1278
1311
1292
1260
1292
1431
1658
1899
2089
2212
2304
2419
2613
2897
3230
3515
3653
3628
3511
3394
3315
3232
3068
2783
2361
1817
1173
461
-360
-1467
-3066
-5169
-7420
-9267
-10327
-10544
-10093
-9194
-7985
-6605
-5169
-3717
-2236
-795
325
890
1053
1329
2172
3494
4844
5884
6553
6872
6700
5965
4890
3748
2598
1285
-144
-1260
-1673
-1400
-853
-362
70
510
866
955
832
801
1073
1593
2181
2805
3576
4462
5217
5558
5404
4866
4003
2761
1168
-485
-1830
-2715
-3294
-3786
-4232
-4515
-4593
-4578
-4564
-4497
-4285
-3963
-3649
-3314
-2753
-1877
-909
-184
192
352
420
365
143
-136
-349
-507
-723
-994
-1154
-1116
-1033
-1102
-1313
-1494
-1550
-1530
-1469
-1293
-941
-509
-153
101
375
738
1101
1348
1507
1706
1966
2164
2233
2265
2364
2471
2431
2227
2009
1907
1896
1871
1864
1982
2205
2346
2309
2183
2088
1957
1700
1379
1180
1149
1085
833
503
276
48
-486
-1437
-2727
-4397
-6623
-9172
-11132
-11693
-10975
-9749
-8407
-6694
-4562
-2631
-1408
-501
782
2306
3312
3680
4270
5702
7356
8166
7980
7450
6802
5487
3294
1048
-312
-849
-1282
-1778
-1777
-1026
-100
318
303
394
766
1103
1274
1640
2565
3887
5074
5810
6155
6224
5919
5101
3875
2568
1430
445
-542
-1566
-2485
-3191
-3793
-4509
-5340
-6043
-6389
-6373
-6069
-5417
-4352
-3019
-1780
-877
-253
240
590
667
485
250
82
-108
-419
-755
-987
-1188
-1540
-2065
-2556
-2825
-2870
-2769
-2541
-2145
-1643
-1176
-797
-424
34
517
892
1136
1346
1593
1828
1991
2102
2223
2353
2441
2457
2438
2406
2309
2094
1810
1570
1447
1408
1389
1377
1380
1407
1486
1655
1900
2114
2211
2194
2104
1976
1881
1912
2029
1987
1592
970
389
-125
-838
-1946
-3398
-5176
-7410
-9911
-11853
-12365
-11480
-10044
-8614
-6959
-4868
-2864
-1524
-520
939
2828
4301
5024
5753
7137
8545
8863
7998
6833
5766
4238
1998
-81
-1015
-1053
-1188
-1649
-1771
-1259
-741
-779
-962
-559
419
1382
2129
3053
4378
5694
6440
6517
6212
5716
4994
4027
2968
2029
1266
504
-519
-1870
-3258
-4372
-5237
-6083
-6824
-7004
-6406
-5407
-4465
-3511
-2288
-1006
-202
22
179
603
1009
1010
760
657
630
237
-609
-1429
-1856
-2104
-2506
-2954
-3075
-2823
-2539
-2374
-2125
-1639
-1124
-818
-604
-193
427
962
1210
1270
1314
1359
1348
1327
1417
1622
1821
1926
1965
1981
1911
1681
1346
1059
924
916
937
949
989
1103
1269
1436
1628
1913
2293
2644
2846
2921
2950
2923
2739
2382
1972
1608
1208
635
-108
-925
-1855
-3237
-5420
-8210
-10746
-12106
-12040
-11045
-9653
-7931
-5850
-3818
-2355
-1321
-34
1721
3358
4397
5264
6617
8153
8815
8190
6983
5883
4624
2715
596
-708
-975
-1034
-1475
-1883
-1695
-1232
-1194
-1478
-1247
-159
1175
2139
2947
4092
5383
6132
6124
5817
5589
5240
4494
3557
2793
2130
1151
-282
-1806
-3068
-4097
-5065
-5891
-6335
-6317
-5964
-5387
-4597
-3664
-2742
-1926
-1186
-456
237
816
1196
1336
1260
1012
597
21
-652
-1281
-1751
-2032
-2171
-2237
-2289
-2354
-2401
-2360
-2179
-1863
-1477
-1074
-635
-134
381
796
1024
1085
1056
1015
1030
1140
1324
1499
1586
1585
1564
1586
1587
1459
1204
974
916
991
1046
1014
941
883
843
862
1015
1304
1646
2007
2422
2825
3050
2991
2735
2437
2157
1849
1471
1043
586
61
-608
-1466
-2634
-4397
-6833
-9430
-11210
-11478
-10467
-8943
-7364
-5703
-3979
-2507
-1419
-324
1191
2908
4281
5280
6388
7673
8423
8016
6769
5450
4260
2827
1133
-198
-748
-910
-1293
-1849
-2109
-1997
-1898
-1905
-1517
-380
1127
2326
3086
3796
4625
5238
5347
5140
4959
4790
4381
3713
3007
2285
1237
-316
-2060
-3459
-4306
-4833
-5275
-5571
-5553
-5252
-4828
-4317
-3635
-2795
-1937
-1143
-347
491
1205
1545
1430
1065
672
272
-232
-809
-1265
-1495
-1574
-1630
-1708
-1816
-1984
-2198
-2312
-2153
-1703
-1142
-656
-272
106
512
837
1001
1051
1094
1160
1212
1256
1309
1362
1355
1279
1205
1180
1167
1077
881
657
507
464
462
408
291
218
320
609
976
1306
1582
1871
2190
2471
2612
2581
2423
2214
2021
1887
1769
1540
1085
434
-277
-1004
-1939
-3409
-5535
-7965
-9895
-10597
-9995
-8660
-7198
-5790
-4371
-3000
-1790
-593
892
2632
4221
5445
6538
7683
8451
8230
7049
5613
4425
3268
1847
430
-494
-983
-1545
-2323
-2892
-2940
-2747
-2602
-2219
-1149
422
1764
2505
2992
3632
4302
4668
4764
4868
4991
4833
4272
3509
2647
1489
-97
-1798
-3112
-3873
-4321
-4709
-5058
-5263
-5273
-5065
-4620
-3967
-3195
-2349
-1411
-415
508
1194
1537
1525
1276
988
774
574
252
-201
-660
-1026
-1302
-1576
-1898
-2235
-2477
-2511
-2278
-1818
-1290
-866
-587
-343
-25
358
720
1006
1196
1315
1425
1601
1790
1825
1640
1370
1184
1099
1038
964
853
622
275
8
19
244
402
366
296
373
544
655
733
950
1329
1703
2006
2306
2521
2439
2103
1881
1943
2022
1827
1394
878
241
-599
-1666
-3153
-5356
-8054
-10171
-10675
-9684
-8247
-7040
-5855
-4477
-3259
-2413
-1349
559
2865
4573
5582
6694
8091
8784
8026
6476
5268
4466
3319
1745
550
91
-340
-1337
-2412
-2772
-2546
-2462
-2537
-2007
-592
943
1816
2205
2713
3382
3803
3959
4268
4803
5065
4704
3974
3247
2392
1096
-495
-1847
-2685
-3232
-3758
-4270
-4696
-5098
-5455
-5502
-5028
-4181
-3268
-2367
-1396
-421
313
696
825
828
766
710
740
802
707
337
-219
-756
-1173
-1519
-1838
-2072
-2135
-2019
-1792
-1495
-1161
-863
-656
-476
-173
285
765
1110
1303
1434
1551
1638
1685
1714
1716
1620
1396
1138
956
826
629
353
134
60
60
23
-39
-45
-16
-15
15
215
548
778
846
1013
1465
1973
2206
2164
2062
1996
1944
1969
2104
2138
1827
1225
613
33
-820
-2315
-4547
-7113
-9153
-9831
-9050
-7603
-6350
-5402
-4440
-3444
-2606
-1656
-25
2177
4100
5277
6207
7329
8020
7418
5827
4468
3810
3117
1862
607
37
-260
-1137
-2403
-3060
-2832
-2489
-2466
-2110
-845
704
1496
1534
1692
2324
2925
3202
3591
4363
4975
4818
4087
3362
2676
1650
307
-834
-1507
-1995
-2609
-3294
-3900
-4438
-4892
-5045
-4705
-3986
-3140
-2294
-1458
-688
-89
311
556
707
827
959
1083
1092
868
407
-177
-740
-1194
-1520
-1726
-1832
-1877
-1874
-1806
-1680
-1558
-1473
-1339
-1053
-618
-155
242
547
727
784
796
879
1055
1247
1410
1559
1676
1654
1428
1077
745
507
360
297
312
345
336
282
226
182
116
60
128
404
787
1074
1194
1295
1530
1833
2027
2098
2213
2409
2471
2260
1993
1948
1933
1487
589
-295
-1048
-2352
-4735
-7422
-8905
-8678
-7697
-6941
-6226
-5019
-3740
-3206
-3061
-1995
301
2498
3539
4111
5330
6736
6869
5576
4304
3957
3726
2676
1364
832
806
105
-1388
-2432
-2335
-1907
-2033
-2243
-1583
-245
676
794
876
1500
2283
2720
3094
3894
4810
5034
4393
3521
2893
2264
1276
134
-703
-1227
-1858
-2790
-3752
-4443
-4859
-5077
-4960
-4338
-3342
-2374
-1701
-1210
-680
-113
299
500
667
928
1170
1214
1055
794
432
-65
-587
-920
-998
-999
-1109
-1311
-1453
-1497
-1522
-1551
-1485
-1271
-995
-731
-433
-59
278
463
570
776
1128
1478
1700
1812
1889
1898
1758
1484
1173
898
627
331
63
-127
-292
-544
-853
-1006
-875
-597
-406
-284
-37
334
600
692
825
1140
1471
1681
1870
2107
2285
2335
2321
2228
1964
1677
1640
1710
1370
524
-360
-1227
-2827
-5401
-7608
-7907
-6699
-5800
-5753
-5332
-3965
-2914
-3065
-3008
-1073
1855
3502
3606
4078
5641
6555
5508
3861
3545
4060
3506
1785
671
809
653
-886
-2569
-2784
-1991
-1767
-2147
-1769
-341
730
555
109
574
1587
2111
2253
2926
4067
4552
3909
2992
2577
2258
1371
205
-490
-778
-1381
-2424
-3217
-3386
-3420
-3768
-4057
-3735
-2986
-2402
-2043
-1491
-702
-126
20
96
424
802
898
780
755
823
704
320
-57
-225
-344
-632
-985
-1179
-1240
-1377
-1566
-1565
-1315
-1037
-882
-701
-374
-35
121
168
308
545
742
872
1053
1303
1473
1450
1277
1096
996
938
809
550
245
16
-129
-286
-471
-573
-543
-509
-614
-788
-778
-471
-27
329
618
1001
1416
1621
1606
1666
1923
2152
2217
2287
2431
2369
1986
1641
1535
1275
490
-510
-1365
-2480
-4282
-6042
-6511
-5713
-4979
-4958
-4812
-3879
-2917
-2718
-2479
-941
1466
3051
3360
3678
4766
5557
4971
3764
3351
3575
3101
1693
582
389
148
-982
-2248
-2482
-1932
-1715
-1977
-1815
-934
-207
-235
-410
53
957
1621
2002
2552
3244
3510
3121
2523
2120
1771
1173
380
-311
-794
-1210
-1681
-2152
-2513
-2736
-2862
-2890
-2709
-2237
-1598
-1048
-693
-408
-79
210
362
459
632
831
887
763
561
358
116
-182
-427
-528
-578
-725
-965
-1149
-1226
-1292
-1380
-1367
-1206
-1038
-953
-834
-567
-283
-159
-105
101
456
751
926
1109
1328
1404
1286
1149
1115
1071
887
607
350
150
-29
-195
-350
-483
-549
-517
-425
-326
-195
0
215
372
525
827
1261
1590
1689
1715
1803
1824
1662
1481
1494
1575
1495
1358
1421
1527
1200
303
-852
-2089
-3537
-5011
-5805
-5560
-4898
-4608
-4587
-4239
-3573
-3082
-2643
-1490
502
2354
3288
3721
4360
4938
4742
3960
3522
3635
3483
2570
1500
919
483
-457
-1627
-2162
-1919
-1627
-1695
-1671
-1158
-573
-482
-665
-448
277
974
1335
1658
2200
2632
2514
1966
1512
1320
1071
542
-11
-296
-480
-946
-1673
-2219
-2352
-2307
-2325
-2244
-1829
-1262
-934
-869
-724
-339
39
219
366
669
966
974
728
516
441
338
146
26
59
60
-165
-523
-800
-992
-1212
-1411
-1430
-1279
-1154
-1131
-1074
-900
-708
-577
-389
-46
363
664
831
952
1038
1006
874
784
803
828
734
545
353
166
-40
-218
-295
-268
-217
-202
-212
-208
-165
-94
-2
144
387
711
1016
1231
1383
1519
1601
1588
1533
1531
1573
1521
1319
1116
1072
1150
1191
1085
779
110
-1052
-2537
-3873
-4659
-4847
-4631
-4207
-3720
-3338
-3139
-2968
-2529
-1672
-521
690
1786
2669
3256
3501
3489
3366
3217
3034
2772
2400
1903
1282
577
-141
-768
-1218
-1419
-1398
-1255
-1089
-932
-796
-730
-714
-628
-347
127
681
1232
1747
2116
2190
1967
1613
1282
970
640
358
155
-101
-537
-1076
-1500
-1738
-1865
-1870
-1671
-1304
-964
-773
-651
-495
-322
-196
-82
105
330
471
464
400
378
376
345
318
345
368
273
50
-214
-459
-699
-916
-1058
-1105
-1109
-1102
-1067
-998
-921
-833
-695
-493
-266
-38
209
457
624
652
587
518
449
357
271
239
211
87
-115
-274
-333
-344
-322
-212
-20
136
179
187
272
433
579
705
881
1119
1309
1368
1376
1424
1453
1365
1183
1063
1070
1097
1013
827
669
599
598
637
733
844
732
87
-1126
-2448
-3355
-3730
-3806
-3700
-3325
-2830
-2628
-2800
-2810
-2180
-1146
-247
414
1156
1958
2356
2198
1994
2165
2406
2223
1734
1450
1369
1027
306
-295
-419
-362
-497
-664
-509
-153
-72
-349
-596
-553
-386
-276
-49
485
1136
1523
1547
1432
1330
1167
891
653
590
607
506
233
-94
-393
-674
-942
-1120
-1139
-1036
-926
-859
-810
-735
-643
-555
-448
-287
-98
48
115
111
72
30
3
19
86
169
204
141
-11
-218
-446
-640
-754
-767
-710
-628
-545
-479
-449
-461
-470
-420
-323
-217
-126
-41
13
-5
-76
-102
-29
92
201
300
399
431
339
189
112
130
161
167
187
233
218
109
1
16
133
252
345
462
609
704
701
674
704
773
805
796
816
896
969
959
891
846
877
955
1032
1095
1127
1035
640
-115
-1039
-1851
-2455
-2936
-3281
-3353
-3167
-3006
-3023
-2969
-2547
-1839
-1154
-523
267
1164
1789
1971
2018
2232
2452
2369
2061
1860
1769
1459
842
261
-11
-168
-470
-797
-872
-745
-725
-880
-960
-817
-602
-462
-282
98
608
1026
1275
1433
1541
1540
1399
1204
1063
986
898
736
504
231
-70
-394
-707
-941
-1071
-1110
-1122
-1124
-1101
-1033
-933
-817
-676
-488
-266
-64
87
202
302
373
400
397
382
344
247
92
-95
-287
-475
-642
-764
-838
-872
-881
-872
-855
-832
-788
-703
-593
-475
-360
-242
-132
-69
-52
-32
29
113
185
256
349
437
466
438
409
405
400
370
346
344
334
277
195
139
138
167
220
315
446
570
643
672
693
723
759
801
859
927
970
959
885
772
639
511
409
350
347
392
476
543
544
440
235
-78
-518
-1049
-1568
-1986
-2312
-2594
-2799
-2869
-2807
-2681
-2496
-2163
-1646
-1046
-479
49
567
1022
1306
1422
1488
1550
1533
1382
1170
980
771
481
165
-52
-151
-215
-277
-270
-186
-114
-117
-134
-74
47
175
328
556
806
966
1005
995
977
925
853
829
865
887
819
671
499
313
117
-50
-129
-139
-146
-194
-256
-308
-357
-402
-402
-320
-197
-91
-21
27
56
37
-13
-45
-54
-64
-107
-177
-267
-396
-558
-715
-828
-892
-921
-925
-914
-903
-907
-924
-936
-915
-861
-781
-685
-589
-514
-478
-471
-468
-444
-385
-276
-125
40
194
327
424
492
553
624
699
756
792
800
767
720
703
735
805
910
1027
1109
1107
1028
920
814
739
721
750
782
774
706
584
447
348
302
296
281
183
-76
-530
-1123
-1754
-2314
-2735
-2974
-3029
-2957
-2823
-2654
-2430
-2120
-1702
-1170
-554
89
681
1148
1465
1639
1713
1730
1725
1715
1691
1623
1488
1282
1024
750
497
298
165
94
65
56
58
69
104
184
322
519
754
1002
1220
1372
1442
1409
1275
1057
784
481
179
-100
-347
-560
-736
-860
-941
-976
-962
-899
-795
-677
-562
-473
-431
-431
-461
-503
-537
-550
-538
-515
-490
-471
-455
-441
-423
-393
-352
-315
-292
-296
-326
-373
-431
-481
-512
-538
-559
-586
-619
-649
-666
-657
-612
-528
-410
-270
-128
5
125
238
340
425
493
532
532
494
432
369
339
358
421
499
574
638
678
703
737
797
877
959
1021
1037
994
907
800
697
622
579
552
520
471
397
301
199
111
53
30
36
49
42
3
-56
-130
-191
-218
-204
-156
-111
-111
-201
-399
-709
-1098
-1508
-1872
-2150
-2333
-2424
-2436
-2400
-2338
-2233
-2049
-1770
-1409
-989
-542
-116
232
474
635
757
861
961
1068
1182
1273
1308
1278
1208
1124
1042
983
970
998
1042
1071
1074
1058
1031
1012
1007
1034
1092
1156
1184
1175
1134
1050
943
842
773
720
675
622
551
448
307
143
-26
-187
-338
-479
-614
-747
-880
-1012
-1131
-1218
-1271
-1289
-1281
-1255
-1215
-1172
-1129
-1080
-1022
-950
-871
-786
-698
-622
-565
-517
-484
-462
-451
-450
-453
-460
-476
-494
-514
-528
-522
-494
-441
-366
-270
-159
-39
87
212
334
448
548
624
687
732
758
769
774
783
789
790
791
786
773
754
725
697
671
644
616
578
539
499
449
394
336
286
244
203
162
124
84
46
10
-23
-48
-68
-78
-78
-70
-61
-48
-29
-10
-4
-7
-24
-65
-136
-240
-376
-544
-733
-953
-1198
-1431
-1626
-1771
-1857
-1868
-1795
-1660
-1487
-1276
-1029
-769
-507
-244
7
231
414
553
647
714
764
800
826
847
878
909
941
974
1013
1059
1101
1138
1180
1221
1249
1258
1252
1231
1197
1147
1088
1028
971
918
868
813
752
689
618
534
443
353
251
128
-4
-137
-278
-425
-565
-692
-806
-905
-989
-1059
-1109
-1147
-1176
-1198
-1209
-1214
-1217
-1221
-1220
-1212
-1203
-1190
-1165
-1127
-1076
-1014
-940
-855
-762
-666
-571
-480
-400
-330
-267
-212
-168
-131
-97
-69
-41
-5
38
90
154
233
317
406
500
590
674
745
807
858
892
912
917
910
891
862
828
791
751
713
676
640
605
574
544
517
489
462
432
399
361
315
261
198
132
62
-6
-72
-134
-190
-235
-269
-296
-316
-325
-328
-328
-328
-324
-317
-313
-308
-304
-296
-286
-269
-256
-243
-231
-226
-234
-252
-279
-320
-376
-441
-516
-604
-694
-775
-834
-861
-853
-812
-741
-645
-530
-406
-271
-128
21
158
280
386
469
526
558
575
574
559
537
512
487
462
442
432
428
426
440
466
506
549
604
666
726
775
813
836
845
840
818
776
718
647
562
467
371
280
191
105
25
-49
-123
-196
-270
-348
-424
-499
-576
-646
-706
-758
-797
-828
-845
-849
-840
-824
-797
-761
-721
-681
-644
-610
-580
-559
-542
-532
-525
-522
-520
-516
-510
-499
-487
-465
-434
-393
-345
-290
-224
-155
-83
-13
54
123
185
246
301
355
401
442
479
508
532
552
565
573
578
581
583
584
586
583
583
577
566
549
533
516
492
465
434
400
360
315
269
225
184
148
118
93
71
51
31
9
-12
-32
-54
-76
-97
-115
-139
-168
-204
-242
-279
-313
-327
-323
-303
-273
-238
-203
-172
-146
-126
-106
-83
-64
-59
-70
-102
-162
-245
-337
-423
-492
-530
-539
-534
-513
-489
-468
-444
-408
-355
-287
-195
-98
-8
65
110
126
114
97
87
91
114
149
186
214
228
229
225
227
254
302
367
443
512
561
578
571
549
522
506
506
521
545
559
556
526
478
421
366
320
290
274
255
219
165
92
0
-99
-187
-258
-310
-344
-364
-383
-412
-445
-484
-526
-553
-562
-552
-533
-509
-493
-488
-495
-513
-536
-553
-561
-562
-555
-546
-541
-542
-551
-564
-570
-560
-537
-496
-443
-378
-309
-244
-181
-119
-55
11
83
163
243
323
395
458
515
557
590
614
629
636
635
629
617
598
572
537
499
463
435
412
398
394
393
393
390
383
377
369
360
351
340
326
307
282
248
209
169
123
79
35
-4
-38
-71
-111
-150
-193
-235
-274
-305
-330
-350
-370
-392
-418
-444
-469
-486
-497
-500
-500
-495
-495
-496
-496
-495
-486
-473
-453
-425
-395
-366
-334
-301
-261
-223
-185
-146
-101
-56
-11
31
72
111
146
175
200
226
248
267
289
316
346
376
413
449
483
519
551
576
598
617
631
633
629
616
592
559
518
471
422
368
314
258
204
152
102
53
5
-39
-80
-116
-152
-187
-217
-248
-279
-308
-337
-360
-385
-408
-429
-453
-473
-492
-508
-523
-537
-550
-564
-576
-585
-594
-598
-604
-606
-604
-596
-583
-565
-541
-512
-473
-427
-373
-313
-253
-188
-120
-53
16
82
143
196
243
282
317
347
375
398
415
432
447
460
469
478
491
501
509
519
526
536
545
547
549
546
538
524
506
486
463
440
413
386
357
323
291
256
222
192
161
132
107
78
50
23
-6
-34
-63
-95
-130
-164
-201
-240
-271
-297
-321
-340
-356
-372
-385
-397
-410
-419
-427
-432
-439
-443
-448
-451
-458
-471
-479
-487
-494
-496
-496
-495
-491
-481
-470
-454
-431
-398
-352
-300
-233
-149
-61
35
128
221
313
397
474
542
603
645
669
677
671
654
625
586
547
506
464
424
394
372
359
352
347
353
360
368
373
377
375
363
344
312
268
213
156
93
24
-45
-114
-179
-242
-304
-359
-410
-454
-493
-525
-555
-578
-598
-617
-631
-645
-652
-658
-659
-654
-643
-627
-600
-564
-521
-473
-416
-354
-290
-227
-162
-102
-49
-5
33
64
87
103
115
126
138
150
161
176
198
224
256
292
331
374
416
455
488
513
528
536
535
525
510
490
467
444
418
395
372
349
326
306
291
275
259
246
232
217
196
171
140
104
63
21
-20
-58
-94
-129
-161
-190
-219
-244
-263
-281
-293
-300
-306
-310
-313
-317
-322
-327
-331
-333
-331
-322
-312
-298
-282
-265
-247
-234
-216
-200
-181
-159
-138
-119
-106
-101
-102
-112
-125
-141
-160
-177
-192
-202
-212
-212
-206
-192
-167
-130
-81
-26
38
102
169
229
283
332
372
403
425
437
437
427
408
385
357
326
301
280
261
249
245
249
259
268
280
292
306
312
315
309
290
259
214
160
95
30
-40
-110
-175
-235
-285
-333
-373
-408
-433
-441
-453
-457
-457
-453
-434
-420
-410
-393
-376
-349
-316
-288
-253
-216
-173
-127
-85
-44
-6
32
60
85
101
111
112
106
95
83
66
49
36
29
28
33
46
67
93
121
160
199
242
274
297
321
331
332
324
299
273
243
207
167
122
80
36
-9
-50
-86
-118
-146
-167
-185
-197
-200
-200
-195
-184
-168
-142
-114
-86
-56
-24
6
35
61
80
94
105
110
108
101
87
72
51
26
-1
-22
-42
-58
-68
-72
-68
-61
-50
-31
-9
14
36
61
81
99
114
122
123
115
101
79
53
24
-9
-41
-73
-106
-137
-164
-182
-198
-212
-217
-215
-206
-191
-180
-161
-140
-117
-91
-65
-42
-19
2
23
41
54
67
80
86
91
98
104
103
100
93
84
74
64
58
48
43
42
41
40
41
46
50
53
62
72
76
82
87
92
95
95
94
91
82
72
61
45
28
13
-3
-23
-41
-57
-70
-83
-92
-97
-100
-102
-101
-96
-88
-79
-67
-56
-44
-33
-22
-14
-10
-10
-10
-14
-17
-24
-29
-38
-49
-57
-64
-72
-79
-81
-79
-74
-66
-56
-41
-25
-10
1
15
29
39
48
57
67
72
75
73
72
69
63
59
50
43
38
35
30
26
17
10
6
2
2
2
6
9
14
18
25
32
36
41
47
50
51
49
48
43
37
30
22
15
6
-5
-11
-19
-29
-36
-43
-48
-52
-53
-53
-53
-50
-47
-43
-39
-36
-31
-24
-21
-17
-14
-11
-10
-7
-2
2
5
7
10
8
7
5
1
-4
-6
-9
-9
-11
-11
-11
-14
-15
-15
-14
-12
-8
-4
-1
0
2
1
1
5
7
9
14
16
17
19
18
18
15
13
13
13
13
13
15
10
8
7
7
7
5
6
8
10
13
11
13
10
7
7
6
4
3
3
1
-2
-5
-6
-9
-12
-14
-18
-20
-24
-24
-22
-23
-21
-22
-20
-18
-17
-13
-11
-9
-7
-5
-4
-2
0
2
2
2
4
6
8
8
10
10
8
6
6
5
3
4
5
7
10
12
14
17
17
16
16
18
18
17
15
13
9
7
3
-1
-4
-6
-10
-13
-14
-16
-18
-20
-20
-21
-21
-22
-22
-23
-24
-23
-22
-19
-15
-10
-5
0
3
10
14
18
21
21
24
28
28
29
28
28
23
18
16
11
8
5
3
5
5
2
3
2
2
4
5
6
10
11
10
8
6
2
-1
-3
-4
-6
-9
-14
-15
-17
-22
-25
-26
-25
-24
-24
-24
-21
-20
-21
-18
-16
-13
-10
-7
-4
-3
0
1
4
2
4
5
3
4
4
6
4
7
9
8
7
6
2
2
3
6
7
6
5
4
4
4
6
8
9
12
15
16
16
14
12
12
10
11
12
11
8
5
2
-5
-9
-14
-17
-18
-20
-17
-15
-13
-12
-12
-12
-11
-12
-8
-5
-1
2
5
6
3
3
1
2
3
3
5
3
4
5
3
2
1
-1
-2
-1
0
3
4
4
6
6
5
1
0
0
-1
3
4
4
3
1
3
2
1
2
4
5
6
6
5
1
-1
-3
-5
-6
-7
-5
-5
-5
-3
-3
-2
-3
-1
2
5
8
12
13
12
13
11
10
5
3
3
0
-3
-3
-7
-11
-10
-11
-14
-16
-15
-14
-14
-13
-9
-7
-7
-7
-7
-8
-6
-8
-6
