2
1
-2
-3
-5
-7
-6
-6
-6
-5
-4
-2
-2
1
3
4
5
6
4
1
1
0
0
3
1
1
3
1
0
-1
-2
-5
-6
-7
-10
-9
-8
-5
-5
-4
-4
-4
-1
-2
-1
2
4
7
13
17
17
19
19
13
11
8
4
6
4
-2
-6
-8
-14
-15
-17
-19
-18
-15
-13
-5
1
4
7
8
6
7
6
5
4
4
-1
-5
-6
-11
-15
-20
-27
-29
-33
-34
-28
-24
-15
-5
4
11
22
30
34
40
45
49
57
60
61
62
56
43
31
17
3
-6
-18
-30
-36
-42
-50
-53
-55
-61
-63
-58
-56
-43
-32
-21
-5
10
20
28
37
40
43
41
39
41
41
35
33
28
17
12
4
-5
-9
-13
-17
-14
-14
-13
-11
-12
-13
-12
-12
-12
-8
-5
-5
-2
-2
-4
-1
-3
-4
-3
-4
-5
-5
-6
-8
-7
-10
-14
-14
-16
-19
-17
-16
-16
-11
-9
-8
-3
-4
-1
3
7
11
17
18
21
23
22
17
12
5
-2
-6
-11
-12
-8
-8
-6
-2
0
0
3
5
9
16
19
22
29
34
34
34
28
25
22
12
9
6
4
0
-2
-4
-7
-11
-15
-18
-22
-25
-25
-23
-21
-18
-19
-18
-19
-21
-22
-21
-21
-18
-13
-7
-4
1
4
7
8
4
4
8
8
10
10
10
11
9
5
3
1
-1
0
-2
-2
2
3
2
1
1
0
2
4
5
8
10
11
13
14
12
9
9
8
8
4
2
2
1
-2
-5
-8
-11
-13
-14
-14
-12
-11
-10
-9
-7
-6
-5
-6
-4
-1
-2
2
6
7
8
9
8
7
6
4
4
3
2
3
3
2
2
1
0
-1
0
2
2
2
3
4
4
3
0
-5
-7
-9
-11
-10
-9
-7
-4
-3
-2
-3
-5
-6
-6
-7
-9
-6
-7
-5
-6
-4
-2
-2
-1
2
5
6
7
9
14
16
18
20
22
21
17
15
11
8
2
-1
-6
-11
-13
-15
-17
-19
-20
-18
-16
-13
-8
-2
3
7
10
12
13
13
13
12
11
11
9
8
7
5
2
1
-1
-2
-6
-6
-6
-6
-6
-6
-6
-7
-4
-4
-4
-4
-7
-6
-6
-5
-6
-7
-10
-11
-12
-12
-12
-13
-11
-11
-9
-7
-5
0
3
9
12
15
15
18
19
18
16
17
13
11
9
7
5
4
3
1
2
1
-1
-2
-1
-1
-1
-1
1
1
2
1
3
3
3
3
-2
-4
-6
-8
-9
-10
-10
-9
-8
-8
-6
-5
-2
1
3
4
6
6
6
5
4
2
2
-1
0
0
-1
-1
0
-1
-2
1
0
0
-1
-2
-5
-6
-6
-7
-8
-7
-6
-5
-4
-2
-1
1
4
5
7
8
8
8
8
7
6
3
2
2
-3
-3
-4
-7
-7
-9
-7
-5
-2
-1
2
5
5
5
6
8
9
7
6
6
5
5
4
3
1
1
-1
-2
-4
-5
-6
-6
-7
-8
-7
-7
-8
-7
-5
-4
0
5
10
13
16
18
19
19
21
21
18
15
11
5
-2
-8
-16
-23
-29
-33
-34
-34
-31
-31
-28
-21
-13
-7
2
9
16
24
29
33
35
36
32
25
17
9
-1
-13
-24
-33
-40
-47
-51
-51
-51
-46
-37
-29
-19
-10
0
10
18
28
37
45
52
55
57
60
58
55
51
44
36
26
18
8
-1
-10
-18
-23
-28
-30
-29
-29
-29
-30
-27
-24
-19
-16
-12
-6
-1
2
5
9
10
10
11
8
6
3
-2
-6
-9
-12
-14
-15
-16
-14
-11
-8
-6
-4
-1
-2
-1
-2
-5
-6
-9
-11
-14
-14
-14
-13
-10
-9
-6
-3
-3
-4
-2
-2
-1
-1
-1
1
5
7
11
15
20
21
22
24
22
21
20
18
18
16
16
14
14
14
13
12
10
8
5
2
0
-1
-2
-3
-4
-3
-1
-1
1
2
3
5
6
6
5
6
5
1
-1
-3
-6
-10
-11
-11
-14
-15
-15
-15
-16
-17
-15
-14
-14
-13
-12
-13
-12
-12
-11
-10
-8
-5
-3
0
2
2
3
2
2
1
-1
-1
-2
-2
-1
-1
0
2
1
2
1
1
1
0
0
0
1
2
3
7
11
14
16
19
20
18
18
18
17
15
14
10
7
5
2
1
-1
-2
-4
-4
-4
-1
-3
-2
-2
-1
-2
-2
-4
-4
-5
-4
-4
-4
-2
-4
-5
-5
-7
-7
-8
-9
-10
-9
-9
-10
-9
-9
-7
-8
-7
-3
-3
-2
-2
-2
-2
0
2
0
-1
0
0
-2
-1
0
-1
-1
0
1
3
2
3
2
3
3
4
3
3
3
4
6
8
8
8
7
6
7
8
8
6
7
6
8
7
5
5
5
3
4
4
3
3
1
1
1
-2
-4
-6
-6
-8
-9
-9
-9
-7
-8
-8
-9
-6
-5
-4
-3
-2
0
0
2
1
1
2
0
-1
-3
-4
-5
-8
-7
-6
-6
-6
-5
-4
-3
0
0
0
1
0
2
0
1
1
1
2
1
2
3
3
2
0
0
2
3
1
3
2
3
5
4
3
4
5
5
3
4
6
6
8
8
9
9
8
8
8
7
5
0
-1
-2
-3
-4
-5
-7
-7
-8
-8
-8
-9
-9
-6
-6
-6
-6
-7
-6
-6
-5
-4
-4
-3
0
-1
-1
-2
-1
-1
-2
0
1
1
2
3
5
5
7
7
6
7
7
6
4
3
0
-3
-4
-5
-7
-7
-5
-5
-5
-4
-3
-2
-1
0
-1
0
1
1
1
1
1
1
2
1
2
4
4
4
4
5
5
6
6
5
4
3
2
1
0
2
1
1
1
-1
2
1
0
1
2
2
2
4
6
3
2
3
3
2
0
-2
-3
-5
-6
-9
-10
-9
-8
-8
-8
-7
-5
-5
-3
-2
0
2
3
0
2
1
-1
3
1
1
-1
0
-1
-1
-1
-3
-4
-4
-4
-3
-2
-4
-2
0
0
-1
-1
1
0
0
0
0
2
1
0
2
4
2
4
5
5
8
6
6
6
7
5
4
3
3
2
3
3
3
2
2
1
0
0
2
1
1
0
1
0
-1
-2
-4
-4
-5
-4
-5
-5
-4
-6
-6
-5
-6
-7
-7
-4
-4
-2
-1
0
1
1
3
2
3
4
3
5
6
7
4
3
3
1
0
0
-1
-1
-1
0
-1
-3
-5
-5
-5
-7
-6
-5
-3
0
0
3
6
7
6
4
4
5
4
4
4
4
3
0
-2
-4
-4
-4
-5
-2
-1
0
0
4
4
2
4
4
5
6
4
6
6
6
4
1
0
-2
-3
-5
-7
-6
-7
-4
-3
-4
-4
-5
-7
-8
-7
-7
-7
-5
-5
-3
-1
-1
-2
0
1
4
5
5
8
10
10
12
12
9
6
3
1
-3
-5
-7
-6
-6
-7
-7
-6
-5
-6
-4
-2
0
3
6
8
9
12
15
13
7
6
3
-2
-2
-2
-7
-9
-7
-11
-8
-2
0
-6
-13
-6
2
2
-3
0
13
14
10
11
17
21
20
23
24
17
15
16
14
9
3
-9
-20
-22
-16
-20
-40
-55
-56
-78
-98
-100
-103
-89
-67
-57
-54
-32
-3
12
21
21
33
74
104
111
102
95
100
99
90
84
98
94
47
22
3
-28
-60
-494
-1446
-1723
-802
-110
-206
54
698
870
823
934
925
766
621
582
705
748
571
453
398
188
-44
-129
-181
-277
-332
-335
-335
-306
-271
-339
-448
-476
-485
-538
-508
-384
-316
-286
-198
-147
-191
-198
-156
-185
-239
-235
-193
-127
-75
-63
-29
18
54
121
144
58
-3
21
-6
-127
-164
-21
74
6
66
255
118
-285
-520
-588
-520
-259
-17
157
445
741
908
1078
1249
1289
1197
1112
1142
1157
1034
921
837
625
332
55
-206
-421
-605
-789
-876
-828
-770
-774
-767
-738
-801
-883
-830
-741
-699
-599
-484
-421
-291
-133
-83
-85
-54
-25
-18
-9
44
147
203
165
142
191
198
99
-19
-65
-63
-111
-176
-148
-91
-108
-112
-22
71
76
31
30
74
98
127
216
300
323
351
389
386
359
316
259
199
140
112
126
141
158
167
126
88
75
44
26
42
35
31
73
117
142
155
130
75
13
-34
-39
-45
-91
-128
-125
-128
-131
-101
-68
-81
-132
-170
-170
-175
-209
-242
-250
-245
-249
-261
-244
-187
-152
-160
-122
-34
20
59
132
177
169
177
200
178
135
122
135
127
104
111
125
86
23
-13
-35
-50
-60
-69
-48
-6
4
-3
10
19
-13
-46
-60
-64
-61
-40
7
54
66
38
7
-18
-52
-97
-123
-98
-67
-83
-83
-35
-4
-15
-20
-18
-34
-28
12
35
27
28
36
26
25
26
16
12
0
-20
-2
46
55
29
25
35
29
-3
-23
-13
-24
-59
-60
-41
-57
-79
-59
-45
-60
-45
6
26
3
-1
-5
-45
-58
-17
-4
-20
19
68
70
88
110
69
21
44
70
45
44
100
115
63
38
65
51
4
9
45
57
79
140
187
161
92
74
109
113
87
102
127
110
121
175
180
124
100
131
133
89
69
96
104
74
61
70
54
13
-9
-27
-63
-83
-75
-70
-65
-60
-78
-96
-76
-71
-126
-167
-154
-169
-228
-230
-182
-166
-176
-166
-172
-184
-147
-117
-153
-173
-137
-136
-155
-83
25
40
24
71
93
19
-57
-72
-107
-194
-274
-312
-333
-375
-483
-678
-872
-958
-979
-1033
-1077
-1018
-917
-844
-692
-398
-164
-135
-114
79
320
468
630
859
996
972
961
1046
1080
982
871
810
728
644
636
653
593
488
418
387
365
347
355
382
394
400
453
539
561
527
533
572
571
559
606
638
578
499
468
427
332
229
137
32
-78
-156
-200
-238
-302
-414
-533
-592
-607
-646
-698
-702
-678
-674
-666
-631
-588
-562
-542
-502
-440
-365
-295
-248
-207
-179
-179
-195
-188
-175
-204
-260
-286
-252
-205
-155
-117
-127
-161
-124
-13
16
-41
-51
-50
-168
-273
-178
-80
-190
-323
-307
-327
-516
-667
-771
-1127
-1711
-2130
-2264
-2435
-2774
-3126
-3601
-4204
-4355
-3566
-2457
-1860
-1401
-397
818
1559
2140
3079
3923
4180
4274
4846
5624
6004
5902
5528
5039
4470
3870
3220
2536
1893
1236
533
-54
-356
-507
-798
-1233
-1558
-1610
-1435
-1153
-814
-442
-85
197
412
710
1094
1294
1167
961
923
781
295
-247
-528
-838
-1528
-2249
-2572
-2704
-3029
-3318
-3239
-3026
-2979
-2918
-2599
-2197
-1889
-1577
-1176
-772
-396
2
302
425
477
551
572
505
483
537
536
409
274
212
123
-74
-291
-378
-389
-436
-468
-398
-301
-291
-284
-166
38
230
419
655
900
1121
1310
1462
1586
1715
1827
1845
1823
1860
1891
1779
1566
1379
1215
1075
999
942
852
768
731
641
512
436
306
-32
-510
-858
-963
-1025
-1472
-2516
-3820
-5231
-7046
-8790
-8950
-7324
-5896
-5629
-4953
-2910
-1057
-494
-1
1247
2303
2709
3537
5278
6948
7757
7767
7212
6361
5628
4988
3932
2564
1568
1028
380
-411
-866
-1139
-1854
-2908
-3425
-2979
-2100
-1407
-839
-46
863
1452
1763
2193
2697
2827
2622
2657
3061
3313
3059
2437
1647
717
-266
-1147
-1893
-2572
-3219
-3767
-4129
-4298
-4358
-4439
-4563
-4549
-4153
-3399
-2544
-1697
-846
-115
357
711
1136
1482
1552
1460
1464
1560
1532
1330
1015
584
-16
-667
-1095
-1253
-1319
-1435
-1518
-1446
-1276
-1101
-969
-846
-695
-521
-284
72
542
983
1247
1386
1536
1688
1739
1710
1687
1640
1552
1511
1554
1538
1404
1253
1116
950
777
725
731
654
576
636
804
842
757
734
775
792
777
921
1188
1344
1339
1254
1151
827
244
-361
-964
-1814
-3026
-4149
-5265
-7226
-9697
-10630
-9063
-7196
-6842
-6515
-4541
-2170
-1182
-546
1083
2754
3377
3816
5265
7104
8239
8425
7850
6870
5932
5182
4091
2501
1075
136
-725
-1724
-2294
-2215
-2207
-2787
-3392
-3054
-1853
-732
-120
476
1463
2362
2781
3145
3807
4269
4017
3566
3558
3737
3465
2630
1584
524
-505
-1452
-2259
-2888
-3428
-4027
-4624
-4879
-4687
-4439
-4424
-4373
-3885
-2999
-1983
-982
-75
642
1105
1378
1576
1769
1854
1652
1266
1001
919
727
249
-364
-993
-1622
-2126
-2309
-2217
-2093
-2012
-1849
-1512
-1065
-686
-450
-253
49
440
804
1166
1529
1745
1722
1585
1513
1450
1299
1076
867
751
703
677
606
520
462
416
386
441
634
864
1045
1173
1280
1372
1450
1531
1590
1629
1675
1775
1884
1950
1939
1811
1608
1384
1136
631
-205
-1047
-1708
-2428
-3466
-4499
-5724
-7886
-10272
-10676
-8590
-6739
-6598
-6170
-3916
-1458
-522
157
1692
3081
3509
3970
5500
7231
8134
7960
7008
5855
4923
4193
2922
1126
-334
-1107
-1579
-2151
-2389
-2190
-2155
-2599
-2971
-2325
-896
274
759
1225
2298
3376
3841
3990
4262
4329
3763
3158
3095
3166
2710
1712
632
-369
-1261
-2022
-2772
-3498
-4072
-4431
-4612
-4507
-4058
-3661
-3570
-3404
-2726
-1708
-786
-52
603
1163
1592
1881
2007
1941
1686
1274
775
392
157
-167
-737
-1386
-1874
-2221
-2509
-2659
-2609
-2436
-2196
-1831
-1308
-758
-320
6
320
659
951
1171
1378
1590
1708
1671
1584
1546
1497
1330
1061
823
662
514
313
89
-33
-65
-93
-105
25
291
505
688
956
1288
1523
1670
1877
2034
2086
2151
2277
2272
2038
1860
1772
1595
1334
1129
934
464
-205
-790
-1241
-1818
-2694
-3594
-4552
-6289
-8709
-9943
-8619
-6531
-6047
-6146
-4569
-1984
-761
-615
382
1939
2623
2726
3715
5451
6584
6771
6327
5552
4669
3934
3094
1613
42
-828
-1059
-1325
-1703
-1645
-1390
-1494
-1920
-1912
-1058
-42
483
655
1245
2361
3192
3406
3428
3625
3573
3052
2628
2617
2622
2102
1243
520
17
-477
-1189
-1994
-2691
-3198
-3562
-3801
-3757
-3523
-3367
-3315
-3038
-2333
-1521
-912
-475
-19
523
1045
1440
1604
1525
1304
1023
741
463
156
-250
-762
-1249
-1604
-1827
-1984
-2131
-2246
-2245
-2047
-1684
-1315
-1005
-701
-362
-32
261
554
821
965
1010
1095
1258
1366
1346
1264
1173
1065
980
954
927
829
725
691
701
699
683
670
644
602
549
518
578
728
928
1152
1412
1601
1654
1709
1826
1796
1499
1266
1292
1234
879
562
546
471
29
-481
-771
-1030
-1565
-2296
-3082
-4106
-5388
-6340
-6277
-5451
-4879
-4856
-4542
-3368
-2095
-1623
-1544
-946
90
772
987
1358
2141
2957
3404
3474
3453
3490
3412
2976
2330
1901
1775
1649
1375
1202
1314
1561
1674
1518
1194
883
691
540
301
20
-157
-180
-137
-89
7
160
254
167
20
83
379
643
696
631
587
586
579
501
287
-54
-408
-679
-823
-858
-878
-981
-1147
-1250
-1243
-1187
-1155
-1185
-1287
-1421
-1502
-1482
-1428
-1450
-1548
-1603
-1522
-1350
-1187
-1063
-953
-837
-692
-497
-286
-108
38
166
265
337
426
515
527
434
316
263
280
295
270
237
234
250
281
339
406
447
477
559
703
864
997
1086
1152
1217
1291
1360
1397
1385
1326
1265
1233
1221
1174
1059
892
729
611
521
436
349
264
184
107
50
26
11
-7
-7
45
117
158
174
195
141
-170
-811
-1596
-2174
-2331
-2188
-2143
-2479
-3065
-3463
-3386
-2948
-2486
-2271
-2380
-2629
-2614
-2044
-1133
-487
-424
-625
-592
-214
273
672
924
1002
989
1173
1751
2499
2950
2915
2647
2506
2588
2713
2669
2367
1858
1322
1007
1021
1182
1178
904
545
359
470
765
976
914
654
456
495
711
912
919
707
416
229
226
298
274
86
-167
-330
-344
-325
-421
-656
-956
-1253
-1515
-1704
-1834
-1977
-2150
-2255
-2220
-2106
-2000
-1924
-1852
-1756
-1595
-1349
-1082
-872
-723
-609
-500
-381
-268
-195
-188
-224
-252
-210
-91
48
111
103
113
183
265
325
379
427
483
596
748
850
882
907
938
944
957
1016
1065
1049
1041
1120
1251
1357
1423
1469
1485
1474
1457
1455
1464
1459
1417
1348
1295
1252
1165
1008
809
555
128
-539
-1352
-2053
-2407
-2427
-2409
-2653
-3127
-3514
-3557
-3292
-2923
-2636
-2557
-2657
-2678
-2318
-1617
-991
-756
-802
-763
-459
2
434
746
936
1057
1241
1625
2182
2660
2800
2644
2478
2497
2606
2580
2338
1966
1587
1304
1187
1201
1175
957
594
296
240
379
490
397
152
-60
-112
-30
88
159
133
21
-86
-61
113
287
280
109
-65
-148
-181
-223
-304
-457
-689
-917
-1045
-1088
-1155
-1314
-1521
-1688
-1776
-1808
-1814
-1814
-1810
-1783
-1689
-1512
-1314
-1166
-1073
-975
-833
-665
-492
-329
-189
-72
43
160
248
289
292
273
257
259
289
326
352
376
427
521
631
718
767
803
848
917
993
1044
1068
1092
1135
1192
1254
1306
1321
1294
1282
1338
1432
1513
1555
1560
1522
1455
1379
1284
1143
935
688
461
314
246
194
74
-220
-805
-1669
-2490
-2854
-2706
-2485
-2641
-3152
-3583
-3590
-3181
-2595
-2129
-2040
-2305
-2503
-2169
-1353
-623
-435
-663
-829
-629
-149
319
557
562
497
596
1009
1649
2198
2373
2204
2018
2075
2302
2416
2236
1827
1396
1150
1189
1399
1507
1333
972
685
663
864
1043
968
646
333
247
384
568
632
506
251
54
56
185
229
90
-129
-284
-315
-249
-194
-271
-503
-778
-971
-1073
-1152
-1273
-1433
-1587
-1671
-1648
-1567
-1518
-1532
-1553
-1512
-1390
-1226
-1071
-961
-904
-852
-759
-629
-511
-439
-385
-317
-221
-96
32
96
82
63
91
130
108
57
60
133
216
297
392
488
537
546
589
683
779
822
836
892
1023
1197
1350
1449
1510
1572
1637
1694
1737
1760
1763
1713
1629
1542
1467
1381
1253
1093
905
712
542
430
306
31
-487
-1205
-1968
-2571
-2827
-2778
-2732
-2968
-3394
-3644
-3503
-3093
-2665
-2376
-2288
-2340
-2297
-1908
-1231
-666
-519
-654
-670
-365
110
474
612
638
720
968
1393
1902
2281
2346
2168
2047
2171
2374
2356
2040
1611
1283
1175
1261
1377
1336
1104
838
703
730
832
870
722
430
232
291
498
627
594
462
321
246
275
328
262
61
-147
-265
-309
-342
-430
-611
-866
-1098
-1234
-1296
-1377
-1499
-1611
-1654
-1609
-1517
-1440
-1426
-1447
-1427
-1330
-1187
-1054
-973
-936
-902
-824
-697
-561
-449
-370
-311
-228
-105
15
76
76
53
44
46
36
17
14
52
124
221
341
466
564
627
687
770
861
923
950
978
1044
1146
1263
1380
1476
1536
1584
1659
1751
1781
1728
1652
1594
1534
1462
1382
1276
1111
906
725
595
474
320
113
-164
-563
-1135
-1831
-2424
-2678
-2634
-2618
-2886
-3318
-3568
-3455
-3107
-2743
-2479
-2360
-2382
-2386
-2122
-1573
-1054
-850
-877
-819
-519
-91
270
505
672
853
1106
1475
1929
2299
2416
2317
2225
2284
2396
2369
2138
1780
1436
1235
1230
1305
1264
1054
817
718
785
917
970
863
653
516
546
655
705
649
522
384
294
299
330
271
101
-76
-182
-239
-309
-431
-606
-795
-938
-1027
-1112
-1227
-1346
-1426
-1460
-1470
-1465
-1480
-1536
-1605
-1616
-1548
-1445
-1354
-1290
-1229
-1140
-1011
-864
-747
-662
-581
-478
-354
-228
-114
-32
8
12
12
20
30
31
23
38
103
219
348
455
540
627
721
804
873
936
1001
1075
1163
1268
1375
1479
1570
1646
1702
1735
1753
1757
1747
1714
1659
1576
1458
1310
1149
990
836
685
552
465
417
362
212
-136
-763
-1613
-2403
-2770
-2685
-2553
-2789
-3319
-3694
-3624
-3223
-2786
-2538
-2543
-2668
-2628
-2235
-1596
-1048
-836
-897
-907
-586
19
547
729
694
772
1104
1587
2065
2395
2454
2273
2105
2166
2362
2401
2122
1646
1250
1136
1249
1343
1236
989
776
693
760
936
1077
992
710
508
581
789
866
738
525
339
225
205
225
160
-38
-256
-354
-333
-311
-415
-667
-949
-1126
-1193
-1254
-1361
-1457
-1499
-1495
-1437
-1327
-1247
-1278
-1363
-1383
-1312
-1220
-1150
-1090
-1035
-973
-883
-769
-680
-633
-587
-515
-407
-277
-151
-79
-72
-74
-38
15
33
15
6
46
142
264
370
441
493
564
659
750
824
879
922
963
1028
1121
1201
1238
1258
1305
1374
1433
1483
1544
1590
1580
1527
1489
1463
1408
1309
1211
1136
1059
981
909
849
765
570
108
-701
-1658
-2303
-2363
-2132
-2197
-2776
-3483
-3817
-3647
-3225
-2869
-2766
-2916
-3096
-2948
-2329
-1533
-1068
-1128
-1363
-1255
-686
-20
378
517
646
907
1316
1857
2409
2684
2532
2213
2132
2350
2536
2414
2003
1548
1290
1314
1479
1541
1371
1035
725
635
817
1068
1085
823
538
472
583
684
650
473
213
0
-43
56
134
66
-108
-250
-254
-171
-170
-351
-626
-835
-934
-982
-1021
-1074
-1173
-1297
-1350
-1281
-1196
-1225
-1346
-1436
-1447
-1414
-1365
-1306
-1254
-1223
-1178
-1076
-938
-840
-797
-749
-640
-477
-316
-203
-143
-90
-6
90
151
160
142
132
170
279
417
521
564
592
654
748
853
933
965
977
1033
1153
1290
1378
1414
1425
1434
1456
1517
1588
1618
1591
1539
1486
1426
1355
1274
1166
1016
860
754
708
696
659
424
-248
-1324
-2252
-2446
-2053
-1882
-2439
-3348
-3886
-3783
-3308
-2821
-2576
-2698
-3024
-3099
-2555
-1608
-927
-936
-1336
-1438
-933
-173
336
484
519
669
1019
1602
2296
2748
2672
2278
2077
2289
2612
2629
2243
1704
1331
1291
1503
1694
1615
1266
874
697
815
1068
1159
917
487
226
310
543
604
402
108
-91
-126
-33
73
35
-186
-427
-465
-313
-217
-345
-599
-784
-834
-826
-834
-888
-996
-1135
-1209
-1157
-1057
-1047
-1159
-1289
-1333
-1289
-1228
-1217
-1259
-1288
-1239
-1124
-1019
-976
-963
-926
-844
-717
-552
-389
-272
-197
-108
22
154
213
189
146
171
275
393
471
511
545
598
689
801
884
914
932
1009
1144
1274
1360
1415
1463
1522
1598
1646
1624
1559
1538
1597
1674
1699
1652
1548
1410
1284
1221
1184
1067
765
154
-842
-1976
-2688
-2680
-2378
-2474
-3034
-3463
-3377
-3082
-3001
-3053
-2977
-2797
-2643
-2414
-2014
-1674
-1635
-1630
-1170
-301
343
377
154
260
814
1476
1929
2108
2085
1986
1978
2135
2319
2325
2156
2006
1981
1986
1889
1694
1518
1440
1430
1362
1117
735
440
431
632
760
651
430
308
335
399
395
290
109
-84
-207
-237
-264
-384
-538
-573
-498
-499
-683
-918
-1025
-1026
-1070
-1207
-1347
-1419
-1420
-1370
-1295
-1259
-1294
-1334
-1287
-1174
-1099
-1102
-1092
-994
-836
-700
-633
-615
-590
-514
-389
-275
-220
-201
-147
-51
23
38
31
41
63
74
85
119
178
275
422
602
751
826
860
922
1018
1098
1140
1173
1221
1264
1294
1328
1371
1407
1434
1455
1456
1417
1354
1305
1278
1239
1191
1166
1149
1069
936
844
830
778
469
-283
-1393
-2397
-2771
-2534
-2306
-2522
-2923
-3099
-3167
-3365
-3421
-2982
-2420
-2426
-2904
-3051
-2511
-1730
-1132
-677
-328
-245
-314
-89
573
1230
1491
1498
1566
1748
1958
2198
2447
2542
2394
2137
1978
1963
2021
2066
1998
1752
1412
1219
1278
1378
1251
951
747
740
778
766
791
848
751
441
169
145
223
136
-109
-323
-459
-579
-626
-515
-402
-525
-830
-1016
-989
-964
-1078
-1216
-1279
-1347
-1455
-1476
-1348
-1229
-1249
-1335
-1370
-1353
-1322
-1257
-1164
-1120
-1127
-1065
-881
-686
-580
-513
-411
-309
-246
-188
-95
-27
-34
-53
-17
51
109
156
196
204
197
230
303
374
438
533
665
788
886
979
1065
1139
1213
1295
1355
1382
1408
1463
1514
1545
1573
1588
1561
1512
1496
1505
1478
1396
1305
1225
1142
1067
1037
959
593
-270
-1452
-2379
-2612
-2367
-2263
-2538
-2891
-3124
-3376
-3580
-3313
-2606
-2223
-2635
-3225
-3124
-2368
-1623
-1160
-808
-563
-546
-507
-60
667
1187
1344
1383
1465
1569
1791
2198
2524
2435
2050
1823
1904
2046
2055
1965
1786
1478
1175
1122
1267
1270
997
704
615
656
692
777
920
905
597
250
218
433
502
260
-38
-169
-223
-320
-356
-255
-219
-447
-767
-892
-837
-855
-999
-1132
-1221
-1339
-1423
-1337
-1162
-1122
-1240
-1324
-1283
-1228
-1204
-1119
-987
-947
-994
-956
-778
-596
-509
-450
-382
-359
-359
-296
-186
-137
-163
-173
-139
-116
-89
-21
52
65
38
51
137
261
394
493
547
598
699
837
948
1034
1139
1248
1329
1394
1461
1528
1568
1574
1554
1513
1495
1504
1495
1441
1371
1327
1288
1216
1127
1053
987
811
304
-645
-1785
-2552
-2637
-2367
-2291
-2530
-2825
-3042
-3266
-3316
-2883
-2220
-2067
-2615
-3075
-2755
-1947
-1300
-911
-561
-330
-328
-212
340
1044
1419
1461
1476
1549
1643
1900
2343
2605
2413
2047
1947
2087
2157
2075
1941
1706
1303
955
910
1020
931
620
374
333
376
433
568
709
636
334
97
126
235
133
-151
-365
-419
-438
-451
-355
-200
-201
-428
-673
-750
-748
-813
-954
-1122
-1283
-1377
-1314
-1148
-1058
-1113
-1195
-1218
-1223
-1240
-1193
-1071
-979
-965
-932
-790
-601
-468
-396
-339
-275
-199
-110
-22
42
71
70
44
18
35
95
148
156
128
107
125
192
272
322
353
411
501
598
696
811
940
1059
1168
1274
1381
1464
1505
1524
1548
1583
1613
1627
1606
1535
1431
1352
1322
1298
1229
1141
1056
884
393
-555
-1724
-2554
-2689
-2410
-2299
-2519
-2775
-2960
-3215
-3346
-2928
-2199
-2048
-2696
-3230
-2893
-2064
-1440
-1027
-590
-325
-382
-322
248
1003
1408
1474
1502
1542
1589
1845
2332
2613
2385
1989
1902
2061
2115
2021
1929
1759
1381
992
894
973
870
562
360
389
455
485
616
799
750
417
156
220
367
262
-31
-213
-245
-317
-431
-382
-192
-185
-477
-784
-872
-862
-935
-1040
-1119
-1247
-1404
-1396
-1189
-1012
-1006
-1045
-1035
-1067
-1161
-1148
-984
-859
-901
-965
-881
-693
-536
-437
-342
-264
-223
-184
-106
-22
13
-4
-33
-48
-33
28
129
205
206
172
185
262
347
387
402
438
514
613
717
834
964
1074
1133
1162
1224
1318
1383
1417
1463
1523
1551
1554
1561
1542
1465
1400
1406
1414
1328
1191
1083
872
257
-854
-2059
-2745
-2728
-2474
-2494
-2749
-2945
-3134
-3455
-3530
-2933
-2151
-2145
-2874
-3253
-2721
-1857
-1245
-759
-270
-63
-143
32
706
1420
1764
1854
1881
1820
1777
2043
2531
2716
2396
2006
1938
2054
2070
2013
1959
1735
1269
868
802
852
678
357
209
247
270
315
538
774
667
260
-1
82
173
-35
-380
-549
-550
-570
-583
-446
-266
-291
-539
-775
-855
-860
-892
-976
-1116
-1289
-1385
-1312
-1142
-1037
-1046
-1084
-1090
-1094
-1105
-1045
-885
-740
-705
-707
-608
-414
-241
-151
-124
-112
-76
-8
59
78
63
62
78
57
15
49
169
252
244
217
227
270
324
368
395
417
481
595
706
787
894
1058
1198
1255
1283
1350
1427
1460
1435
1404
1420
1482
1538
1551
1556
1623
1727
1734
1847
2447
2815
1590
-934
-2989
-4004
-4822
-5664
-5922
-5347
-4391
-3787
-3891
-4075
-3418
-2398
-2649
-4371
-5429
-4181
-1818
-367
345
1942
4424
5986
5768
4973
4846
4922
4054
2333
1053
995
1608
1894
1544
1105
1113
1228
657
-677
-1926
-2388
-2312
-2336
-2337
-1551
85
1600
2272
2508
2969
3538
3598
2984
2207
1784
1733
1776
1783
1813
1797
1445
564
-652
-1802
-2663
-3278
-3752
-4128
-4302
-4032
-3299
-2571
-2213
-1932
-1395
-985
-1095
-1235
-758
25
440
565
884
1344
1533
1382
1093
750
347
-80
-541
-976
-1161
-1064
-1015
-1196
-1343
-1236
-1085
-1176
-1409
-1442
-1203
-935
-739
-383
242
861
1228
1443
1686
1921
2011
1942
1865
1903
2024
2102
2075
2003
1972
1945
1753
1384
1090
1001
863
549
377
596
977
1170
1102
966
1016
1267
1394
1240
1151
972
-760
-4887
-9215
-10456
-8795
-7588
-8128
-8040
-5678
-2913
-2112
-2812
-2884
-1562
-106
265
316
1949
5220
7607
7338
5981
5981
6860
6125
3382
1127
1094
1883
1358
-88
-449
457
619
-921
-2447
-2121
-702
-211
-852
-866
656
2439
2966
2590
2749
3690
4175
3522
2687
2714
3113
2692
1444
491
299
17
-1132
-2628
-3441
-3526
-3771
-4572
-5287
-5304
-4898
-4583
-4221
-3384
-2254
-1484
-1218
-870
-46
824
1124
977
1027
1468
1821
1733
1409
1107
703
28
-726
-1165
-1192
-1146
-1325
-1568
-1472
-1039
-750
-850
-1015
-870
-502
-194
54
423
903
1257
1390
1507
1771
1990
1910
1630
1477
1541
1610
1496
1227
958
793
690
545
395
348
370
315
204
219
391
576
717
905
1122
1235
1246
1332
1544
1707
1739
1748
1716
1515
1311
1386
1499
1216
648
-368
-3205
-8292
-12664
-12884
-10151
-8673
-9159
-8396
-5318
-2801
-2712
-3319
-2533
-685
842
1861
3457
6276
9131
9963
8495
6827
6538
6534
4981
2338
810
1148
1610
599
-1041
-1581
-1324
-2002
-3561
-3831
-1936
131
481
95
1011
3003
4074
3647
3254
3975
4935
4951
4354
4148
4225
3534
1823
126
-723
-1185
-2128
-3468
-4352
-4418
-4284
-4701
-5572
-6081
-5783
-5104
-4500
-3630
-2130
-660
-84
27
741
1863
2228
1726
1406
1652
1762
1337
771
352
-121
-826
-1578
-2010
-1986
-1848
-2045
-2421
-2368
-1797
-1309
-1199
-1054
-501
215
716
1035
1407
1782
1896
1743
1637
1779
1975
1943
1705
1535
1529
1449
1097
649
374
222
88
62
197
331
394
410
341
358
726
1208
1289
1227
1538
1897
1836
1782
2151
2409
2260
2131
2090
1759
1359
1272
1134
740
248
-1337
-5762
-11641
-14320
-12016
-8835
-8647
-9359
-7375
-3903
-2647
-3530
-3408
-1321
836
1967
3319
6015
9121
10415
9037
6694
5613
5784
5238
3190
1155
737
1255
811
-912
-2309
-2498
-2731
-3891
-4475
-2733
157
1527
1102
1158
2785
4335
4279
3562
3920
5112
5579
5042
4623
4629
3960
2071
-2
-1110
-1513
-2230
-3491
-4540
-4759
-4505
-4590
-5225
-5775
-5679
-5122
-4469
-3501
-1951
-398
330
464
962
1933
2453
2092
1515
1384
1464
1236
673
90
-427
-1081
-1860
-2412
-2491
-2363
-2451
-2730
-2723
-2192
-1488
-1033
-765
-322
317
861
1194
1508
1829
1947
1862
1846
1987
2037
1869
1619
1390
1156
927
733
515
283
173
185
146
71
175
430
549
535
707
1089
1380
1572
1885
2155
2058
1856
2024
2420
2560
2425
2319
2240
1974
1545
1165
891
596
-165
-2506
-7215
-12439
-14246
-11598
-8512
-8378
-9012
-7014
-3835
-2958
-3818
-3207
-715
1448
2637
4358
7228
9677
9903
8015
5939
5226
5348
4670
2826
1169
739
793
-61
-1793
-3036
-3246
-3426
-4044
-3765
-1597
981
1836
1306
1562
3168
4424
4296
3970
4700
5774
5881
5200
4724
4344
3111
1077
-555
-1157
-1483
-2412
-3718
-4577
-4733
-4712
-4983
-5411
-5588
-5328
-4712
-3800
-2595
-1288
-329
73
389
1143
2020
2250
1789
1338
1257
1193
809
229
-317
-855
-1472
-2043
-2330
-2320
-2324
-2559
-2745
-2445
-1750
-1179
-909
-620
-95
483
892
1196
1522
1770
1809
1794
1954
2169
2094
1702
1329
1173
1101
973
791
581
376
240
178
135
137
205
280
378
663
1131
1481
1525
1500
1717
2048
2168
2113
2170
2298
2273
2196
2267
2278
1919
1344
968
791
475
-37
-922
-3481
-8534
-13349
-13658
-9986
-7585
-8423
-8668
-5971
-3363
-3392
-3938
-2458
70
1755
3024
5236
8027
9571
8799
6637
5004
4759
4924
4116
2366
992
719
617
-543
-2341
-3333
-3331
-3451
-3743
-2725
-130
1939
1928
1203
1851
3506
4275
3905
3943
4991
5839
5610
4971
4582
3848
2149
205
-836
-1054
-1488
-2561
-3687
-4267
-4380
-4503
-4910
-5363
-5369
-4792
-3970
-3071
-1910
-658
60
181
470
1284
1950
1881
1453
1265
1259
1065
596
10
-579
-1162
-1726
-2131
-2234
-2164
-2221
-2421
-2417
-2017
-1487
-1139
-896
-511
-3
430
737
1030
1327
1497
1503
1519
1647
1712
1523
1193
981
937
901
753
549
398
333
308
284
252
217
250
451
795
1114
1334
1500
1628
1712
1852
2107
2307
2282
2212
2401
2671
2488
1893
1557
1550
1215
640
642
979
423
-1588
-5043
-9584
-12968
-12352
-8974
-7312
-8151
-7731
-4900
-3013
-3556
-3762
-1799
654
2095
3506
5965
8430
9040
7525
5508
4601
4705
4545
3458
2035
1151
822
226
-1149
-2663
-3362
-3375
-3414
-3142
-1610
678
1887
1468
1041
1964
3384
3842
3640
4127
5271
5760
5207
4514
4057
3084
1320
-251
-839
-995
-1664
-2812
-3728
-4157
-4476
-4940
-5304
-5231
-4744
-4109
-3376
-2333
-1047
-65
248
311
769
1532
1960
1830
1520
1291
1025
617
128
-412
-1006
-1572
-1995
-2218
-2269
-2273
-2338
-2400
-2253
-1825
-1288
-850
-518
-167
250
651
976
1262
1514
1651
1662
1680
1759
1731
1488
1185
1019
1002
993
871
631
400
264
180
138
210
357
459
569
839
1171
1296
1188
1179
1534
2030
2268
2280
2401
2578
2435
2035
1749
1546
1162
771
662
639
452
258
-187
-2244
-6738
-11542
-12905
-10301
-7543
-7371
-7751
-6042
-3656
-3219
-3857
-3012
-719
1174
2452
4354
6920
8590
8200
6341
4691
4298
4608
4314
3069
1793
1257
939
-157
-1860
-2962
-3049
-3015
-3165
-2378
-232
1633
1703
907
1137
2434
3333
3385
3634
4612
5415
5238
4569
4097
3459
2070
423
-494
-652
-921
-1793
-2869
-3594
-3957
-4341
-4891
-5242
-4972
-4239
-3541
-2873
-1839
-647
-57
-98
65
791
1463
1593
1464
1434
1341
941
385
-82
-515
-1038
-1554
-1860
-1938
-1951
-2065
-2245
-2278
-2046
-1672
-1320
-979
-566
-108
289
607
912
1213
1417
1471
1483
1587
1688
1571
1262
1045
1033
1023
849
612
476
421
323
195
179
306
420
438
510
761
1056
1204
1250
1391
1662
1919
2095
2295
2492
2438
2091
1788
1668
1460
1012
557
331
237
-8
-388
-655
-1511
-4637
-9570
-12294
-10264
-6765
-6152
-7236
-6195
-3447
-2333
-3019
-2709
-590
1487
2579
3750
5738
7571
7768
6165
4237
3545
4012
4157
3086
1577
821
663
-111
-1762
-3004
-2962
-2527
-2621
-2346
-611
1475
1893
864
548
1756
3015
3208
3190
3976
4918
4878
4126
3620
3220
2088
443
-591
-720
-798
-1477
-2591
-3649
-4234
-4265
-4166
-4273
-4198
-3553
-2796
-2323
-1651
-556
139
14
-11
778
1687
1871
1553
1293
1061
653
183
-190
-550
-994
-1439
-1734
-1829
-1827
-1906
-2112
-2258
-2117
-1693
-1213
-841
-537
-214
113
425
748
1015
1115
1100
1157
1316
1395
1295
1137
1048
995
909
806
675
448
185
59
96
174
239
293
352
505
829
1138
1212
1209
1446
1882
2205
2329
2433
2539
2425
2035
1635
1451
1344
1044
576
212
88
-42
-449
-936
-1231
-2150
-5026
-8966
-10629
-8600
-5893
-5556
-6246
-5196
-3040
-2196
-2510
-1899
22
1795
2766
3751
5277
6566
6486
5033
3523
3143
3583
3562
2540
1285
605
227
-647
-1938
-2667
-2437
-2038
-1984
-1499
16
1491
1549
707
682
1841
2891
3105
3236
3909
4471
4188
3480
3050
2634
1615
311
-433
-544
-775
-1667
-2948
-3848
-3944
-3700
-3764
-3920
-3549
-2877
-2550
-2308
-1506
-533
-206
-258
153
996
1548
1585
1398
1126
754
400
126
-170
-525
-832
-1077
-1332
-1557
-1672
-1765
-1961
-2133
-1988
-1492
-968
-654
-460
-200
124
417
646
825
955
1031
1071
1107
1168
1205
1137
1000
893
813
700
577
479
343
186
165
294
400
449
585
805
935
984
1169
1521
1807
1907
1983
2167
2299
2179
1900
1663
1462
1198
955
796
530
33
-449
-715
-957
-1237
-1264
-1349
-2780
-5927
-8695
-8692
-6566
-5119
-5191
-4955
-3463
-2128
-1959
-1860
-772
662
1580
2333
3567
4943
5544
4963
3733
2869
2870
3170
2851
1841
892
435
43
-749
-1552
-1713
-1426
-1365
-1328
-510
852
1456
928
459
999
1969
2440
2564
2966
3489
3504
3091
2818
2611
1907
756
-97
-321
-455
-1076
-2013
-2671
-2870
-2953
-3142
-3227
-3045
-2767
-2547
-2238
-1674
-976
-446
-187
45
517
1109
1412
1277
965
726
506
200
-96
-266
-402
-676
-1060
-1347
-1474
-1600
-1852
-2063
-1951
-1492
-984
-694
-578
-428
-188
4
142
378
714
898
874
904
1073
1114
904
716
724
759
695
611
522
331
114
62
164
244
289
432
650
817
959
1196
1474
1622
1660
1729
1878
2027
2079
1961
1738
1562
1415
1142
777
515
306
-16
-367
-568
-684
-798
-896
-1407
-3118
-5881
-7953
-7758
-6002
-4776
-4677
-4373
-3162
-2113
-2012
-1958
-979
438
1445
2254
3447
4708
5118
4429
3385
2868
2978
3080
2650
1869
1221
776
182
-669
-1357
-1512
-1351
-1255
-1042
-304
645
959
547
328
908
1770
2206
2376
2783
3296
3409
3116
2765
2368
1689
827
147
-238
-551
-995
-1592
-2195
-2612
-2833
-2971
-3027
-2916
-2718
-2540
-2224
-1601
-897
-484
-339
-135
232
557
661
577
439
308
166
17
-97
-212
-443
-794
-1115
-1311
-1425
-1515
-1563
-1502
-1284
-957
-679
-528
-436
-324
-177
51
370
655
799
871
975
1049
1002
911
873
852
809
779
756
665
513
389
321
322
419
573
673
721
824
986
1113
1191
1308
1487
1660
1758
1778
1758
1670
1441
1140
987
1012
908
493
9
-261
-379
-536
-739
-901
-968
-998
-1331
-2551
-4754
-6826
-7292
-6113
-4800
-4328
-4014
-3092
-2137
-1935
-1985
-1315
-21
1106
1913
2879
4012
4644
4351
3510
2863
2743
2861
2744
2260
1678
1171
579
-215
-912
-1141
-1025
-953
-876
-416
353
793
619
363
626
1255
1732
2030
2479
3044
3288
3080
2713
2333
1797
1094
457
-6
-392
-774
-1174
-1680
-2274
-2724
-2894
-2917
-2894
-2734
-2436
-2130
-1780
-1272
-756
-483
-337
-40
357
603
687
752
767
606
336
130
-7
-221
-580
-970
-1231
-1337
-1381
-1428
-1450
-1397
-1274
-1117
-941
-757
-597
-480
-342
-102
209
452
566
619
706
839
947
952
875
805
750
654
546
496
468
397
346
410
538
639
741
860
944
1008
1139
1320
1463
1542
1575
1589
1622
1672
1650
1501
1293
1103
897
670
454
217
-49
-240
-371
-571
-718
-537
-203
-290
-1240
-3221
-5800
-7473
-6934
-5081
-4049
-4104
-3733
-2637
-2092
-2358
-2182
-1012
329
1269
2209
3456
4475
4556
3767
2930
2735
3009
3104
2712
2060
1450
856
105
-728
-1256
-1297
-1157
-1073
-771
-49
595
547
59
-38
559
1314
1767
2156
2787
3341
3325
2858
2403
1996
1391
715
364
300
67
-577
-1419
-2118
-2559
-2820
-2971
-2998
-2887
-2660
-2327
-1903
-1449
-1027
-704
-514
-305
147
726
1039
983
794
623
425
212
27
-184
-442
-678
-878
-1094
-1311
-1494
-1640
-1692
-1548
-1219
-888
-708
-632
-507
-264
13
244
440
619
745
829
926
1003
986
896
816
775
774
813
856
829
721
607
574
592
565
484
489
640
753
710
695
860
1026
1044
1088
1288
1445
1369
1174
1047
959
781
566
475
493
404
155
-56
-181
-398
-655
-709
-612
-633
-834
-1321
-2526
-4458
-6025
-6095
-5007
-4094
-3853
-3555
-2753
-2053
-1965
-1909
-1126
140
1182
1971
2901
3810
4076
3573
2877
2568
2656
2736
2481
1946
1389
896
325
-350
-867
-980
-828
-689
-522
-73
503
676
389
261
711
1378
1808
2099
2510
2890
2914
2586
2185
1776
1169
419
-38
-48
-73
-508
-1142
-1627
-1980
-2296
-2474
-2444
-2277
-1998
-1610
-1188
-814
-519
-364
-339
-270
4
375
595
581
406
141
-166
-464
-694
-847
-955
-1056
-1158
-1263
-1369
-1483
-1573
-1560
-1393
-1127
-838
-568
-346
-208
-152
-95
24
175
301
421
569
717
790
768
712
685
694
687
617
550
593
697
726
700
752
854
857
815
910
1092
1172
1170
1260
1389
1399
1347
1387
1453
1402
1273
1191
1127
990
824
727
640
443
189
40
50
121
84
-143
-429
-672
-1218
-2400
-3730
-4517
-5059
-5900
-6369
-5571
-4256
-3759
-3836
-3325
-2245
-1437
-946
-145
1044
2151
2875
3293
3570
3748
3691
3309
2802
2461
2272
1922
1241
453
-77
-293
-502
-812
-903
-582
-199
-82
20
457
994
1195
1208
1559
2269
2790
2853
2802
2903
2894
2518
1993
1612
1293
796
180
-296
-616
-1020
-1607
-2155
-2450
-2535
-2566
-2552
-2408
-2173
-1962
-1763
-1436
-932
-425
-120
10
143
309
357
234
76
-34
-158
-335
-515
-705
-947
-1214
-1440
-1584
-1630
-1561
-1421
-1281
-1149
-965
-731
-523
-348
-147
87
313
522
708
809
812
805
840
882
914
933
895
781
679
664
688
686
660
646
656
696
759
803
780
702
632
644
721
789
857
978
1100
1152
1203
1300
1295
1091
853
750
675
508
364
333
256
-2
-275
-385
-454
-666
-923
-1029
-1002
-969
-931
-866
-1000
-1750
-3211
-4683
-5128
-4391
-3467
-3130
-2960
-2339
-1618
-1449
-1581
-1255
-361
570
1242
1850
2522
2965
2823
2243
1813
1852
2019
1861
1460
1212
1134
882
368
-61
-141
-42
-1
69
390
837
1011
825
664
844
1176
1342
1402
1628
1983
2134
1948
1631
1319
902
410
167
268
317
-3
-491
-845
-1107
-1367
-1516
-1512
-1471
-1407
-1230
-1001
-818
-685
-625
-672
-691
-525
-299
-254
-371
-470
-517
-597
-701
-759
-792
-870
-974
-1006
-960
-949
-1039
-1117
-1044
-850
-657
-509
-390
-326
-329
-328
-265
-139
9
128
202
294
444
567
582
578
656
759
827
894
950
923
863
873
902
876
869
929
961
910
860
850
828
818
875
974
1073
1179
1254
1192
1016
888
829
736
628
582
532
440
403
411
294
75
-45
-66
-230
-674
-1373
-2190
-2889
-3412
-4124
-5184
-5884
-5490
-4480
-3902
-3771
-3250
-2234
-1478
-1213
-748
314
1462
2139
2502
2968
3440
3486
3050
2576
2410
2369
2077
1513
1010
732
482
91
-261
-309
-118
1
-34
44
403
770
845
836
1165
1790
2257
2405
2508
2699
2727
2425
2037
1816
1626
1229
739
415
208
-153
-722
-1267
-1624
-1883
-2155
-2354
-2345
-2213
-2153
-2138
-1968
-1644
-1373
-1232
-1066
-766
-434
-218
-134
-96
-82
-160
-338
-480
-538
-628
-831
-1046
-1169
-1254
-1369
-1466
-1464
-1356
-1168
-959
-785
-629
-447
-274
-138
32
267
492
666
852
1045
1163
1178
1134
1055
985
961
950
916
895
910
889
819
767
738
677
615
626
695
746
762
779
804
827
859
908
970
1033
1080
1074
1003
911
829
703
528
404
387
368
226
9
-176
-322
-466
-591
-668
-709
-741
-773
-795
-793
-782
-782
-833
-1050
-1620
-2546
-3461
-3918
-3847
-3560
-3328
-3143
-2839
-2361
-1885
-1576
-1285
-721
80
794
1311
1795
2235
2434
2384
2323
2353
2305
2041
1676
1399
1208
954
604
293
114
29
-14
12
127
292
429
494
548
718
1002
1251
1426
1670
2005
2208
2125
1882
1677
1508
1261
974
789
652
342
-142
-523
-702
-865
-1088
-1232
-1253
-1262
-1277
-1218
-1112
-1067
-1071
-1046
-980
-893
-794
-707
-668
-653
-609
-567
-593
-666
-702
-682
-663
-680
-716
-772
-852
-928
-952
-915
-852
-801
-763
-720
-668
-616
-556
-469
-356
-229
-97
32
161
294
419
513
595
688
783
850
894
944
1001
1039
1050
1054
1049
1026
992
970
942
894
857
843
822
798
817
892
957
962
926
887
827
716
596
562
646
732
727
693
708
642
368
79
-14
-162
-788
-1714
-2365
-2679
-3168
-4028
-4791
-4997
-4713
-4311
-3980
-3578
-2886
-2012
-1326
-877
-292
568
1352
1824
2231
2766
3152
3090
2755
2507
2369
2087
1603
1173
979
838
510
115
-71
-67
-122
-254
-202
130
492
680
816
1101
1466
1708
1810
1929
2106
2206
2130
1972
1841
1687
1374
922
525
253
-61
-524
-983
-1270
-1462
-1709
-1951
-2042
-2008
-1982
-1967
-1871
-1690
-1486
-1272
-1024
-754
-516
-367
-319
-323
-306
-281
-307
-368
-403
-433
-525
-656
-757
-830
-912
-970
-965
-910
-850
-787
-722
-667
-610
-531
-427
-297
-125
69
243
397
561
732
874
977
1077
1180
1242
1265
1286
1318
1304
1211
1079
933
775
633
562
542
492
407
363
360
327
289
324
396
431
477
606
711
678
594
598
627
568
493
501
506
406
249
113
-48
-267
-457
-554
-607
-684
-747
-748
-733
-765
-817
-839
-837
-840
-845
-909
-1180
-1658
-2103
-2322
-2434
-2599
-2679
-2455
-2027
-1690
-1498
-1268
-920
-579
-303
17
440
861
1172
1406
1626
1800
1845
1759
1634
1556
1502
1376
1162
971
870
779
624
464
411
468
532
548
590
729
899
1002
1078
1239
1455
1575
1567
1530
1497
1384
1165
950
789
604
322
9
-216
-338
-444
-608
-770
-866
-924
-1013
-1124
-1183
-1175
-1142
-1112
-1061
-992
-928
-890
-878
-870
-849
-818
-809
-823
-815
-776
-764
-793
-817
-798
-770
-774
-788
-774
-753
-755
-759
-720
-636
-537
-434
-297
-113
66
192
296
409
501
545
578
644
719
762
782
816
855
857
799
716
667
665
666
633
608
617
626
618
632
682
731
768
817
871
910
931
928
907
906
940
956
911
803
653
494
356
246
130
6
-117
-278
-468
-637
-858
-1280
-1806
-2162
-2340
-2590
-2938
-3122
-3080
-3048
-3113
-3036
-2662
-2156
-1732
-1339
-819
-228
240
558
872
1227
1512
1639
1677
1729
1782
1732
1551
1337
1174
1019
810
608
510
507
501
481
530
662
778
818
864
1016
1232
1404
1530
1661
1771
1800
1771
1728
1647
1492
1293
1081
833
530
203
-113
-405
-668
-887
-1080
-1256
-1401
-1500
-1557
-1550
-1456
-1323
-1236
-1176
-1076
-963
-912
-893
-829
-728
-650
-603
-563
-545
-571
-638
-710
-755
-780
-817
-855
-863
-846
-841
-848
-825
-769
-705
-642
-543
-396
-232
-86
41
168
295
409
507
601
697
792
864
889
869
822
761
703
660
636
616
602
594
570
518
453
409
409
437
456
473
524
613
681
692
680
688
700
685
647
602
554
515
478
409
330
277
239
178
99
35
-5
-29
-19
0
-21
-63
-81
-94
-153
-249
-321
-333
-295
-282
-443
-841
-1325
-1678
-1899
-2142
-2390
-2447
-2281
-2117
-2085
-2044
-1875
-1655
-1457
-1196
-803
-366
26
403
782
1073
1178
1155
1133
1144
1116
1038
991
998
1000
944
840
726
627
570
574
616
677
770
893
996
1055
1105
1175
1224
1224
1227
1273
1303
1260
1183
1113
1002
819
624
450
272
102
0
-50
-132
-276
-437
-593
-739
-855
-921
-944
-942
-928
-896
-832
-788
-807
-862
-871
-838
-822
-787
-698
-612
-594
-609
-616
-627
-662
-713
-761
-757
-695
-650
-660
-659
-601
-553
-553
-543
-479
-400
-326
-250
-186
-132
-69
-13
17
58
137
206
233
261
314
355
369
382
415
468
536
596
649
714
776
799
805
835
878
899
911
938
951
932
912
923
946
950
918
856
781
719
659
585
505
425
328
214
108
27
-43
-126
-236
-360
-464
-526
-570
-612
-648
-722
-924
-1242
-1543
-1768
-2003
-2238
-2328
-2219
-2052
-1936
-1820
-1635
-1425
-1243
-1049
-794
-486
-159
191
545
813
948
1005
1051
1065
1016
947
915
913
913
908
884
836
796
791
802
815
849
892
925
956
1008
1052
1063
1064
1090
1113
1093
1063
1051
1033
975
871
681
390
140
32
-71
-266
-382
-334
-324
-449
-563
-629
-716
-749
-706
-755
-885
-876
-756
-749
-816
-805
-767
-788
-801
-784
-802
-832
-816
-775
-723
-667
-668
-717
-721
-681
-672
-670
-633
-590
-538
-459
-414
-404
-355
-276
-236
-184
-79
-3
14
53
117
142
148
176
200
231
312
403
444
492
579
637
659
719
811
862
886
916
947
976
987
957
914
902
895
850
819
815
787
726
666
605
533
485
461
423
384
363
318
219
105
1
-107
-214
-300
-381
-449
-478
-504
-582
-676
-724
-748
-777
-789
-779
-765
-755
-802
-963
-1162
-1293
-1423
-1626
-1767
-1725
-1624
-1594
-1550
-1394
-1189
-1020
-858
-669
-462
-219
39
259
439
618
771
843
870
923
1002
1056
1082
1095
1093
1078
1071
1076
1069
1041
1026
1038
1081
1138
1140
1066
1014
1053
1089
1038
974
971
970
876
725
625
592
521
397
342
361
324
197
69
-55
-184
-271
-382
-592
-772
-802
-830
-952
-1041
-1056
-1114
-1190
-1176
-1123
-1108
-1090
-1033
-950
-854
-774
-744
-730
-695
-685
-713
-728
-722
-729
-725
-693
-658
-625
-578
-532
-490
-415
-335
-286
-225
-111
-6
43
70
111
164
224
279
324
380
453
513
547
583
612
604
583
607
652
682
697
725
762
798
831
845
845
841
831
831
874
926
917
861
821
786
711
612
515
417
333
279
241
202
145
56
-36
-85
-115
-176
-249
-307
-354
-401
-439
-491
-564
-616
-641
-688
-748
-767
-764
-786
-827
-868
-923
-985
-1020
-1034
-1045
-1046
-1039
-1031
-1001
-922
-825
-761
-730
-677
-560
-394
-242
-153
-111
-73
-19
33
73
115
174
257
370
511
661
769
813
834
885
946
995
1042
1102
1160
1213
1251
1247
1207
1155
1101
1041
999
970
934
889
863
837
770
673
569
481
406
336
246
135
28
-63
-157
-259
-365
-468
-564
-636
-683
-718
-755
-803
-858
-907
-933
-949
-969
-991
-1003
-1001
-995
-999
-1010
-1005
-984
-956
-929
-894
-851
-801
-741
-686
-648
-617
-577
-529
-467
-393
-319
-252
-185
-109
-37
29
92
152
202
254
319
388
457
528
591
629
646
662
682
704
730
761
791
824
850
856
848
837
814
775
742
738
740
727
692
646
600
554
513
478
456
440
414
366
308
245
170
78
-17
-100
-175
-240
-278
-282
-280
-290
-323
-382
-454
-518
-568
-609
-639
-651
-650
-649
-639
-627
-628
-649
-676
-702
-718
-706
-668
-622
-578
-554
-545
-538
-513
-460
-387
-311
-244
-191
-149
-101
-47
2
35
61
99
155
225
297
362
411
440
453
459
481
515
538
542
545
556
557
542
522
520
530
530
526
531
551
564
556
537
517
490
450
413
396
389
363
310
241
179
123
59
-8
-71
-119
-158
-193
-223
-255
-303
-369
-435
-484
-521
-554
-583
-603
-609
-615
-623
-633
-635
-633
-628
-619
-605
-585
-563
-540
-512
-483
-458
-439
-417
-381
-341
-309
-276
-237
-190
-140
-94
-48
-6
34
67
99
144
197
247
297
353
405
446
465
467
465
464
468
472
479
488
494
493
489
487
476
456
438
428
423
422
422
418
405
377
340
302
266
230
199
172
153
137
123
107
90
69
40
3
-41
-88
-135
-179
-218
-253
-283
-317
-349
-372
-389
-403
-423
-441
-449
-439
-418
-394
-373
-360
-355
-356
-361
-372
-385
-395
-385
-351
-303
-258
-224
-195
-171
-149
-130
-112
-90
-57
-12
37
80
106
120
124
127
134
142
147
153
172
204
242
279
300
307
300
282
267
258
252
253
265
287
308
318
315
301
283
261
243
227
215
207
202
195
180
153
117
79
48
26
9
-11
-40
-71
-101
-129
-155
-181
-203
-216
-218
-217
-217
-222
-233
-246
-255
-256
-251
-249
-248
-244
-242
-238
-240
-248
-257
-262
-254
-232
-205
-175
-145
-117
-87
-61
-40
-27
-17
-8
7
25
43
57
68
78
84
92
94
89
86
85
91
104
121
139
157
172
181
185
178
163
146
130
122
121
127
135
145
154
154
154
148
138
124
106
86
72
60
53
47
35
24
19
17
12
2
-17
-32
-45
-50
-48
-44
-40
-32
-20
-11
-10
-24
-40
-57
-72
-82
-87
-91
-86
-67
-46
-29
-17
-18
-24
-35
-55
-80
-109
-137
-147
-143
-130
-113
-99
-89
-79
-75
-80
-87
-102
-118
-125
-121
-111
-95
-79
-59
-31
-11
10
29
37
42
51
61
70
86
102
121
141
155
166
173
168
161
152
147
146
144
145
150
150
145
135
120
93
65
38
10
-7
-19
-22
-20
-15
-16
-19
-26
-46
-74
-100
-122
-136
-138
-128
-105
-79
-56
-33
-18
-17
-26
-38
-50
-59
-60
-53
-38
-19
-5
7
17
18
14
4
-8
-18
-29
-31
-30
-30
-31
-30
-25
-20
-14
-11
-12
-14
-24
-33
-44
-56
-66
-71
-69
-61
-51
-40
-32
-25
-21
-22
-22
-20
-19
-15
-8
2
17
37
59
77
92
99
96
85
68
55
47
42
44
47
47
45
41
35
27
21
23
28
34
41
43
42
42
42
46
50
55
59
61
57
44
25
9
-8
-19
-25
-28
-26
-26
-27
-29
-31
-32
-37
-42
-46
-47
-49
-51
-50
-51
-46
-40
-33
-25
-17
-9
-7
-5
-9
-16
-21
-26
-29
-30
-28
-22
-16
-7
-1
3
6
6
4
1
1
3
5
10
13
14
13
7
0
-7
-12
-18
-18
-14
-10
-5
-1
3
4
2
-2
-6
-9
-10
-7
-1
9
16
25
33
40
41
40
37
33
30
26
23
23
25
31
35
41
45
47
44
37
28
17
4
-6
-14
-21
-25
-27
-31
-37
-44
-50
-55
-60
-63
-61
-59
-56
-53
-50
-47
-43
-39
-38
-34
-31
-31
-31
-32
-32
-27
-26
-21
-16
-9
-4
0
4
6
6
2
-2
-5
-8
-9
-10
-9
-6
1
10
20
33
48
61
70
76
79
77
77
74
67
61
51
44
35
25
15
8
6
4
7
13
18
23
30
30
30
27
23
21
20
16
15
13
11
7
7
7
6
9
8
4
-4
-13
-24
-38
-48
-58
-61
-59
-56
-50
-49
-46
-50
-52
-56
-54
-53
-48
-38
-33
-25
-22
-21
-25
-28
-33
-37
-38
-34
-31
-23
-14
-9
-1
1
6
10
15
24
30
38
43
46
48
47
46
43
40
35
27
18
8
-4
-15
-24
-27
-27
-19
-10
-2
5
3
0
-8
-12
-13
-9
-2
7
17
20
19
15
7
-3
-11
-17
-17
-14
-8
-2
4
8
6
3
-2
-7
-11
-12
-7
0
7
16
21
22
20
16
11
4
-1
-7
-10
-9
-6
-5
-1
1
1
0
0
1
0
-2
-3
-2
1
3
6
11
15
18
18
16
12
5
-3
-8
-10
-10
-10
-6
-4
-1
2
3
1
1
0
-2
-4
-3
1
5
9
8
9
9
10
8
9
8
7
5
2
2
3
8
12
18
24
27
30
26
23
16
8
2
-4
-8
-8
-7
-7
-4
-4
-4
-5
-9
-13
-16
-19
-18
-18
-15
-7
-3
0
2
1
-2
-9
-15
-19
-25
-26
-24
-19
-12
-7
-1
0
-3
-9
-17
-24
-30
-35
-34
-30
-25
-17
-8
3
12
16
21
21
19
14
11
7
4
0
0
1
0
0
1
1
4
4
7
9
12
15
17
21
23
25
25
23
21
19
15
11
5
5
2
-1
-5
-9
-13
-14
-16
-15
-13
-11
-8
-5
-4
-3
-3
-2
-2
-3
-4
-4
-3
-4
-4
-2
0
0
1
1
0
-3
-4
-6
-9
-12
-12
-11
-10
-8
-7
-4
-1
1
3
5
8
6
7
8
8
9
7
7
7
6
7
7
8
8
9
8
9
8
8
10
10
12
11
10
9
7
6
3
5
3
2
2
-1
-2
-3
-5
-6
-8
-9
-7
-10
-10
-12
-14
-15
-16
-17
-17
-15
-13
-11
-10
-8
-7
-5
-3
-1
0
1
2
4
7
9
9
7
7
5
2
-1
-5
-8
-10
-12
-9
-6
-5
0
0
1
3
5
4
5
4
2
3
6
6
5
4
1
0
0
-2
-1
-1
-2
0
3
2
2
3
2
1
-1
-1
-1
-1
0
1
2
4
4
3
4
3
2
2
3
4
5
3
3
