4
4
5
4
3
3
4
5
7
5
6
6
5
4
4
6
5
6
5
3
4
3
2
2
2
0
0
-2
-3
-6
-5
-4
-3
-5
-5
-5
-5
-7
-8
-7
-7
-6
-5
-6
-5
-6
-6
-5
-6
-5
-4
-3
1
0
1
2
1
1
0
0
1
1
2
3
5
5
4
2
1
0
-1
0
1
1
2
1
3
3
2
3
2
3
1
2
2
3
5
5
5
5
4
3
2
2
1
-1
-1
-1
0
0
0
2
0
0
0
1
3
0
0
0
0
1
-1
1
1
1
0
0
-1
-2
-2
-3
-3
-3
-3
-2
-1
-2
-2
-2
-3
-2
-2
-2
-1
-1
1
0
0
-2
-3
-5
-5
-5
-5
-5
-4
-3
-1
-2
-1
-2
-3
-3
-3
-3
-2
-3
-2
-2
-2
-1
-2
-1
-2
-2
1
0
0
-1
-1
-1
-4
-3
-2
-2
-2
0
1
2
3
5
3
4
3
6
8
8
9
9
10
11
12
12
13
14
15
17
17
16
14
12
11
10
8
9
9
9
6
5
2
-2
-4
-3
-3
-5
-7
-10
-12
-13
-13
-15
-15
-14
-12
-12
-12
-10
-8
-11
-13
-14
-14
-15
-14
-13
-12
-11
-9
-9
-7
-6
-6
-5
-3
-1
1
2
6
5
4
3
3
2
2
3
1
3
4
4
3
2
3
4
3
3
3
4
5
6
8
9
9
9
9
8
8
6
4
5
7
7
6
6
7
5
2
2
2
2
3
4
4
5
3
3
4
5
5
4
2
1
0
-2
-3
-4
-8
-9
-10
-11
-13
-13
-14
-14
-12
-14
-11
-10
-10
-11
-12
-10
-8
-8
-7
-5
-2
0
0
2
3
4
4
6
6
8
6
5
4
2
0
1
2
2
3
4
5
6
4
4
3
2
1
2
2
-1
0
0
0
4
3
5
7
8
8
6
8
6
6
5
3
3
3
1
0
3
1
2
2
1
-1
-1
-2
-2
-3
-3
-3
-3
-2
-3
-3
-3
-2
-4
-3
-3
-3
-3
-3
-4
-3
-2
-5
-6
-5
-5
-5
-3
-4
-3
-2
-4
-5
-3
-4
-4
-4
-2
1
0
0
-1
1
0
1
0
2
1
0
0
-3
-3
-5
-2
-1
-2
0
0
-1
0
0
-1
1
1
1
3
4
4
5
5
4
4
2
3
3
4
5
6
7
6
5
3
1
0
-1
0
0
0
-1
0
0
1
2
2
3
4
5
4
5
4
3
4
2
3
2
0
-1
0
1
0
0
-1
-5
-6
-6
-6
-6
-7
-7
-8
-8
-9
-8
-7
-6
-4
-2
-3
-1
-1
-2
-3
-2
-2
-2
-3
-2
-2
-2
0
-1
-1
1
1
2
3
1
1
1
1
0
0
0
0
0
2
1
3
5
4
3
3
2
5
6
5
6
5
5
5
2
2
2
2
0
0
1
0
1
3
3
1
2
3
2
1
0
1
0
-2
-1
0
-1
-1
-4
-4
-5
-6
-7
-6
-6
-6
-4
-5
-7
-7
-6
-6
-4
-3
-1
0
0
-1
1
1
2
3
5
6
4
5
6
7
8
9
8
8
8
8
7
5
5
4
3
-1
-2
-3
-6
-8
-11
-12
-11
-11
-11
-11
-11
-12
-12
-14
-11
-12
-11
-10
-10
-8
-7
-7
-4
-5
-3
1
2
4
6
7
8
12
14
13
14
15
15
15
16
15
16
14
13
12
10
8
6
4
4
1
0
0
-1
-1
-2
-3
-3
-4
-3
-2
0
-1
-1
0
-1
-2
-3
-4
-5
-5
-5
-3
-3
-2
-3
-2
-2
-3
-2
-7
-6
-6
-9
-10
-7
-7
-6
-6
-7
-6
-7
-7
-7
-6
-5
-5
-1
-3
-2
0
2
2
2
3
5
4
6
7
8
8
7
8
9
5
5
7
7
7
8
9
9
8
8
6
5
6
4
3
4
4
3
2
1
-1
-4
-5
-3
-3
-3
0
2
0
1
-1
0
0
-1
-2
-2
-3
-4
-4
-5
-6
-7
-7
-8
-7
-6
-4
-4
-3
-3
-4
-4
-3
-4
-3
-2
0
0
1
0
-1
-3
-3
-2
-2
-1
0
0
-1
-2
-2
-2
-1
0
0
3
3
3
3
3
3
7
6
6
6
8
8
7
7
5
3
3
0
-1
-3
-3
-4
-4
-2
-5
-6
-4
-6
-5
-2
-2
0
0
1
4
5
5
4
5
4
5
7
7
5
3
3
2
1
-1
-2
-1
-1
1
0
-2
-1
-3
-3
-2
-1
1
0
0
0
0
2
4
2
1
0
0
-1
-1
-1
-1
-1
-1
-2
-2
0
-1
-1
-1
-2
-3
-3
-2
0
1
2
1
-1
-2
-2
-2
-2
-3
-2
-1
-1
-1
-1
-1
-1
-2
-3
-2
-2
-3
-2
-1
-2
-2
-1
2
3
1
0
0
1
3
3
5
5
5
5
2
2
1
1
1
2
3
3
4
5
3
2
2
2
3
3
1
1
0
0
0
-1
-1
-1
-2
-2
-2
-2
-2
-2
-3
-4
-3
-2
-2
-4
-4
-5
-5
-3
-4
-3
-3
-1
-1
0
-1
-1
0
0
1
2
3
3
2
4
3
3
3
2
2
1
0
-2
0
-1
-2
-1
0
1
1
1
2
2
2
3
3
4
4
5
5
5
4
3
2
1
2
3
0
2
2
2
0
0
-2
-2
-1
-1
-2
-1
0
-2
0
-3
-3
-2
-1
-1
-3
0
-1
0
-1
0
1
1
0
-1
-1
-1
-1
-1
-2
-1
-2
-2
-1
-4
-6
-9
-9
-9
-14
-17
-12
-13
-13
-13
-14
-13
-9
-3
-5
-9
-5
2
1
0
5
11
15
16
13
9
3
-4
-8
-2
6
9
12
17
24
32
38
29
23
25
19
16
21
21
21
22
17
19
26
27
16
14
17
16
19
13
-7
-20
-18
-22
-33
-38
-38
-74
-286
-620
-763
-577
-334
-98
266
651
806
820
855
811
682
534
461
459
416
345
298
212
32
-160
-256
-326
-418
-448
-414
-411
-440
-430
-429
-470
-477
-468
-528
-581
-491
-351
-291
-243
-162
-119
-119
-114
-82
0
53
13
24
134
186
170
226
268
173
77
103
141
74
-10
28
109
86
31
67
116
93
97
137
112
51
44
77
81
81
109
154
151
125
142
144
72
-14
-6
10
-23
-28
14
53
101
25
-389
-754
-493
6
109
87
268
226
-22
-100
-89
-103
-28
123
343
708
871
805
817
708
431
431
724
777
716
729
561
292
132
-86
-463
-695
-822
-985
-1012
-1037
-1158
-1163
-976
-951
-1055
-1027
-972
-869
-670
-448
-292
-127
35
186
379
404
318
319
368
324
338
462
468
378
293
251
196
107
-6
-93
-124
-223
-284
-242
-181
-177
-183
-135
-106
-56
-3
66
161
214
243
279
380
438
463
486
486
497
490
502
472
422
331
212
122
57
43
-6
-62
-109
-147
-202
-265
-265
-252
-245
-252
-216
-149
-97
-33
16
70
77
59
70
119
130
83
94
112
95
81
101
81
-17
-115
-177
-206
-239
-250
-246
-268
-310
-319
-303
-293
-245
-186
-173
-184
-116
-3
38
37
78
142
148
161
244
313
301
267
253
223
207
223
230
172
86
52
61
47
-17
-47
-44
-81
-121
-88
-12
-17
-80
-87
-20
-13
-72
-62
-12
-27
-72
-53
-35
-52
-60
-47
9
59
33
-92
-219
-293
-355
-457
-583
-633
-608
-610
-665
-671
-618
-607
-645
-639
-545
-419
-317
-202
-38
126
207
247
346
463
503
515
607
712
716
677
683
690
628
529
435
358
295
258
255
267
260
231
217
225
233
249
275
307
347
388
411
451
530
570
533
479
453
440
413
377
362
345
275
179
122
84
7
-92
-168
-224
-269
-325
-394
-434
-455
-503
-567
-588
-567
-534
-484
-408
-310
-230
-176
-106
-20
16
0
20
83
111
97
132
206
202
107
50
57
-35
-286
-521
-597
-615
-671
-717
-747
-856
-1054
-1262
-1419
-1473
-1494
-1688
-2048
-2292
-2320
-2361
-2489
-2504
-2399
-2483
-2690
-2436
-1572
-751
-367
-5
656
1290
1659
2096
2804
3426
3639
3708
4020
4454
4682
4637
4421
4060
3577
3074
2618
2222
1818
1339
768
210
-184
-406
-627
-943
-1208
-1327
-1370
-1303
-1002
-594
-315
-180
-47
141
324
485
642
754
602
85
-436
-562
-494
-755
-1269
-1582
-1695
-1970
-2295
-2266
-2084
-2184
-2420
-2275
-1785
-1386
-1145
-932
-768
-716
-642
-426
-133
144
304
352
389
514
642
651
578
480
404
304
249
301
377
334
97
-106
-155
-138
-208
-301
-228
-134
-141
-133
92
418
598
734
952
1212
1366
1475
1659
1826
1895
1867
1814
1754
1700
1645
1491
1279
1124
988
736
355
38
-315
-871
-1521
-2062
-2469
-2983
-3548
-4614
-6562
-8513
-8733
-7017
-5705
-5611
-5145
-3235
-1474
-1183
-681
1078
2831
3048
2888
4234
6419
7908
8144
7952
7687
6992
5963
4811
3958
3323
2494
1285
14
-585
-721
-1188
-2230
-3285
-3758
-3850
-3680
-3055
-1995
-996
-454
-68
491
1201
1856
2363
2692
2791
2854
3092
3414
3469
3054
2294
1340
239
-848
-1656
-2176
-2722
-3493
-4298
-4885
-5217
-5393
-5448
-5399
-5238
-4922
-4346
-3387
-2167
-986
-72
623
1246
1834
2326
2709
3006
3115
2962
2664
2462
2310
1933
1266
504
-134
-644
-1032
-1268
-1402
-1505
-1647
-1774
-1774
-1538
-1148
-829
-599
-277
198
635
959
1305
1657
1836
1874
2000
2238
2349
2245
2078
1910
1696
1456
1207
868
432
135
110
149
148
224
321
190
-66
53
470
680
617
688
944
959
916
1115
1337
1122
669
489
166
-702
-1818
-2611
-3689
-6121
-8948
-9976
-8466
-6863
-6946
-7198
-5821
-3676
-2964
-2837
-1379
918
2146
2194
3344
5963
8331
9039
8520
8072
7633
6861
5618
4382
3580
2726
1464
-83
-1059
-1278
-1709
-2836
-4127
-4631
-4349
-3809
-3023
-1976
-880
-88
476
1186
2056
2932
3541
3814
3958
4162
4496
4640
4358
3632
2579
1410
250
-749
-1642
-2524
-3435
-4288
-4926
-5328
-5490
-5520
-5446
-5223
-4671
-3711
-2593
-1471
-440
443
1031
1435
1977
2531
2813
2749
2634
2535
2202
1666
1078
498
-215
-965
-1462
-1636
-1625
-1662
-1780
-1896
-1883
-1735
-1532
-1271
-939
-557
-217
149
614
1085
1363
1398
1393
1414
1456
1521
1622
1649
1478
1225
1001
788
523
246
73
3
-17
22
178
496
765
792
734
883
1237
1442
1509
1710
2027
2212
2179
2139
2083
1878
1488
883
-45
-1236
-2344
-3177
-4418
-6911
-9767
-10742
-9060
-7178
-7096
-7299
-5641
-3063
-2106
-2011
-490
2101
3436
3287
4211
6768
8963
9144
8025
7192
6604
5677
4130
2631
1723
905
-327
-1793
-2405
-2123
-2136
-3020
-3972
-3801
-2800
-1826
-1012
-3
1147
1860
2228
2811
3696
4315
4292
4022
3940
3997
3865
3414
2662
1568
190
-1143
-2111
-2772
-3411
-4105
-4698
-5114
-5295
-5159
-4826
-4556
-4357
-3869
-2951
-1782
-540
624
1482
1866
2042
2314
2617
2685
2435
2015
1544
1127
722
214
-462
-1225
-1941
-2527
-2827
-2782
-2497
-2249
-2147
-1987
-1574
-976
-481
-145
211
648
1053
1399
1781
2135
2211
2005
1770
1653
1618
1527
1359
1069
724
493
328
128
-158
-382
-489
-552
-453
-124
317
530
571
852
1347
1700
1782
1975
2353
2541
2521
2540
2604
2488
2286
2203
1961
1333
615
34
-717
-1967
-3322
-4366
-5858
-8477
-10961
-10948
-8569
-6896
-7071
-6802
-4409
-1860
-1280
-1084
629
2870
3598
3506
4859
7306
8738
8124
6775
6004
5415
4325
2583
1018
63
-688
-1592
-2441
-2476
-2040
-2122
-2893
-3393
-2730
-1529
-613
24
841
1881
2665
3258
3894
4459
4665
4392
4040
3827
3757
3624
3045
2027
815
-236
-1101
-1987
-2875
-3680
-4269
-4667
-4877
-4830
-4626
-4389
-4190
-3841
-3167
-2215
-1144
-134
756
1450
1908
2187
2365
2431
2235
1803
1333
952
598
121
-478
-1139
-1770
-2283
-2640
-2787
-2732
-2537
-2306
-2072
-1744
-1296
-833
-496
-250
95
590
1071
1394
1643
1883
1967
1826
1647
1578
1510
1323
1111
980
892
777
651
540
376
167
51
117
256
353
474
662
795
861
1053
1415
1673
1696
1802
2195
2541
2502
2206
1984
1795
1504
1247
1092
833
271
-402
-1095
-2001
-3147
-4595
-6519
-8618
-9477
-8308
-6679
-6369
-6630
-5399
-3010
-1721
-1828
-1416
306
1745
1901
2130
3670
5670
6429
5840
5206
5160
5106
4177
2626
1463
1071
868
206
-419
-251
335
315
-483
-981
-680
-324
-560
-985
-792
-92
529
891
1284
1901
2429
2602
2462
2292
2257
2200
1980
1645
1416
1319
1097
627
43
-448
-927
-1543
-2188
-2624
-2774
-2784
-2729
-2589
-2385
-2222
-2133
-2010
-1829
-1699
-1687
-1678
-1555
-1388
-1269
-1159
-989
-842
-826
-853
-777
-603
-484
-458
-403
-263
-74
81
172
195
183
226
322
393
407
410
450
478
508
584
682
733
718
699
710
760
833
880
865
831
870
993
1131
1245
1353
1443
1474
1450
1456
1515
1520
1394
1227
1147
1126
1060
933
815
692
514
337
241
224
221
221
251
275
278
263
225
129
-43
-254
-543
-975
-1598
-2297
-2831
-3059
-3090
-3204
-3516
-3861
-3987
-3808
-3435
-3000
-2618
-2426
-2440
-2441
-2113
-1484
-964
-821
-874
-732
-301
224
690
1103
1479
1721
1886
2232
2838
3387
3491
3253
3049
3013
2964
2774
2522
2222
1821
1409
1256
1424
1614
1545
1256
1034
1018
1138
1252
1255
1133
942
782
729
794
901
882
641
329
193
225
205
35
-182
-386
-628
-874
-1028
-1131
-1361
-1737
-2066
-2236
-2333
-2459
-2562
-2579
-2540
-2475
-2350
-2147
-1957
-1827
-1730
-1615
-1472
-1315
-1152
-1027
-942
-836
-663
-465
-315
-226
-168
-98
-18
41
67
72
88
120
180
258
342
426
501
564
620
726
918
1148
1340
1488
1621
1745
1847
1927
1965
1946
1910
1911
1928
1904
1857
1830
1793
1709
1625
1612
1631
1607
1546
1490
1431
1327
1145
852
417
-183
-977
-1891
-2666
-3037
-3090
-3215
-3615
-4075
-4301
-4238
-3962
-3527
-3102
-2948
-3081
-3103
-2654
-1892
-1319
-1159
-1161
-990
-592
-104
385
810
1084
1215
1404
1865
2518
3020
3097
2853
2638
2628
2652
2473
2102
1704
1354
1080
996
1165
1388
1382
1150
997
1116
1356
1436
1281
1029
823
704
679
742
784
644
343
124
157
305
310
131
-107
-322
-503
-615
-662
-777
-1068
-1448
-1720
-1806
-1801
-1838
-1974
-2151
-2233
-2131
-1908
-1710
-1626
-1638
-1673
-1641
-1492
-1302
-1217
-1258
-1263
-1109
-855
-617
-429
-269
-158
-92
6
176
313
301
194
152
223
321
369
386
395
407
450
573
766
944
1053
1122
1224
1381
1541
1639
1659
1648
1636
1633
1658
1730
1806
1808
1734
1685
1704
1716
1657
1583
1556
1536
1474
1385
1291
1158
969
763
533
205
-268
-907
-1726
-2630
-3311
-3553
-3560
-3750
-4205
-4584
-4605
-4301
-3821
-3281
-2878
-2787
-2850
-2629
-1956
-1195
-783
-727
-679
-390
101
626
1051
1288
1342
1364
1572
2029
2536
2768
2622
2335
2203
2241
2219
1979
1585
1190
912
855
1050
1344
1481
1377
1215
1243
1497
1752
1760
1503
1183
992
975
1038
1065
967
729
466
347
397
449
330
55
-217
-394
-504
-615
-768
-995
-1293
-1584
-1771
-1837
-1856
-1926
-2041
-2096
-2016
-1846
-1703
-1634
-1593
-1564
-1557
-1545
-1483
-1401
-1373
-1388
-1346
-1192
-979
-789
-644
-534
-437
-330
-201
-78
-5
26
66
130
196
273
375
464
499
529
639
805
938
1015
1089
1189
1283
1363
1441
1496
1506
1493
1509
1574
1678
1791
1874
1897
1900
1948
2032
2066
2000
1893
1806
1735
1649
1530
1363
1118
808
477
140
-250
-777
-1516
-2431
-3281
-3750
-3781
-3702
-3881
-4272
-4493
-4311
-3849
-3323
-2835
-2491
-2418
-2462
-2188
-1423
-611
-296
-413
-406
0
539
894
1063
1177
1246
1292
1499
1966
2424
2493
2183
1915
1964
2128
2049
1680
1260
982
872
931
1153
1404
1463
1300
1173
1305
1576
1668
1456
1121
904
858
887
907
873
750
542
351
305
371
353
131
-189
-424
-520
-578
-702
-919
-1203
-1497
-1701
-1764
-1759
-1815
-1951
-2038
-1969
-1782
-1599
-1498
-1487
-1530
-1554
-1502
-1385
-1293
-1282
-1300
-1245
-1070
-815
-567
-397
-303
-205
-49
129
252
291
290
290
294
317
353
369
343
323
380
512
648
731
785
837
900
983
1089
1175
1201
1185
1204
1311
1462
1592
1670
1726
1802
1913
2024
2079
2055
1989
1933
1892
1843
1743
1556
1282
975
697
435
101
-368
-981
-1738
-2602
-3361
-3730
-3688
-3598
-3792
-4155
-4294
-4053
-3609
-3142
-2706
-2389
-2312
-2322
-2035
-1338
-652
-420
-536
-517
-135
372
724
908
1039
1150
1270
1520
1939
2316
2377
2143
1926
1936
2037
1964
1664
1306
1066
1002
1091
1279
1446
1461
1360
1322
1465
1674
1727
1549
1281
1088
1021
1026
1047
1030
918
717
543
497
508
401
132
-149
-302
-376
-521
-760
-1015
-1242
-1473
-1690
-1828
-1890
-1963
-2077
-2130
-2030
-1845
-1723
-1705
-1700
-1634
-1554
-1521
-1501
-1442
-1360
-1304
-1246
-1110
-907
-733
-618
-501
-330
-162
-70
-51
-50
-36
0
51
95
121
143
203
314
443
560
671
772
860
965
1120
1290
1406
1450
1469
1491
1518
1556
1627
1722
1789
1834
1914
2045
2155
2185
2146
2073
1970
1872
1818
1763
1604
1324
1031
822
634
360
-22
-479
-1033
-1763
-2621
-3327
-3602
-3538
-3547
-3879
-4283
-4360
-4093
-3733
-3390
-3021
-2724
-2658
-2626
-2240
-1506
-893
-728
-772
-615
-186
273
608
860
1094
1284
1439
1689
2097
2467
2495
2189
1922
1951
2074
1954
1588
1247
1071
1013
1062
1256
1459
1473
1341
1319
1519
1757
1816
1664
1441
1280
1227
1239
1242
1184
1050
858
674
584
568
471
193
-157
-406
-533
-660
-837
-1037
-1264
-1540
-1787
-1889
-1865
-1864
-1945
-2006
-1940
-1771
-1596
-1472
-1418
-1424
-1440
-1418
-1362
-1308
-1282
-1279
-1275
-1215
-1057
-849
-680
-574
-481
-382
-297
-236
-187
-149
-127
-102
-62
-16
41
136
251
347
436
562
718
857
964
1078
1207
1313
1390
1469
1550
1612
1655
1703
1761
1810
1843
1873
1898
1904
1882
1831
1754
1674
1611
1555
1484
1362
1177
953
750
586
395
95
-328
-862
-1547
-2364
-3071
-3368
-3290
-3250
-3537
-3925
-4009
-3724
-3322
-2972
-2668
-2453
-2398
-2354
-2021
-1387
-837
-672
-717
-569
-120
355
624
778
1002
1276
1489
1706
2035
2350
2375
2138
1970
2018
2043
1812
1420
1111
951
897
942
1083
1217
1253
1242
1299
1459
1624
1656
1505
1284
1159
1169
1198
1161
1080
978
847
714
634
560
366
28
-299
-494
-619
-803
-1069
-1333
-1562
-1762
-1901
-1962
-1984
-2039
-2099
-2068
-1905
-1685
-1515
-1434
-1391
-1321
-1218
-1128
-1078
-1043
-1002
-975
-952
-885
-766
-658
-594
-526
-407
-288
-226
-208
-182
-149
-126
-94
-38
24
87
166
272
392
528
681
814
895
958
1064
1202
1307
1357
1407
1486
1569
1635
1697
1763
1809
1815
1798
1796
1805
1789
1738
1682
1643
1622
1608
1550
1388
1121
848
657
500
245
-154
-653
-1261
-2018
-2785
-3259
-3305
-3208
-3354
-3751
-4026
-3917
-3544
-3157
-2859
-2651
-2563
-2522
-2298
-1753
-1114
-760
-730
-669
-283
290
726
922
1037
1208
1413
1635
1926
2238
2366
2203
1948
1876
1967
1949
1674
1287
999
881
894
989
1107
1161
1145
1168
1330
1586
1758
1708
1484
1266
1186
1197
1178
1098
996
887
750
634
596
558
378
64
-238
-480
-749
-1072
-1349
-1514
-1617
-1722
-1794
-1811
-1812
-1812
-1777
-1688
-1584
-1509
-1470
-1443
-1392
-1306
-1220
-1179
-1183
-1178
-1139
-1081
-1008
-923
-857
-814
-750
-634
-511
-443
-426
-413
-378
-321
-243
-161
-118
-108
-52
92
272
424
549
690
842
983
1125
1285
1430
1511
1544
1602
1707
1792
1812
1804
1820
1865
1918
1966
1985
1941
1834
1729
1685
1689
1687
1632
1484
1240
949
664
350
-82
-666
-1355
-2108
-2867
-3434
-3571
-3348
-3177
-3321
-3523
-3360
-2859
-2419
-2255
-2209
-2138
-2086
-2000
-1674
-1125
-725
-700
-746
-446
137
577
697
773
1069
1479
1754
1859
1919
1939
1835
1667
1596
1600
1463
1124
856
894
1112
1222
1156
1090
1115
1142
1113
1093
1121
1115
1036
990
1061
1159
1140
999
881
851
805
626
360
151
64
25
-55
-193
-365
-547
-716
-842
-936
-1066
-1257
-1437
-1497
-1447
-1402
-1436
-1482
-1453
-1372
-1328
-1335
-1327
-1291
-1249
-1192
-1090
-999
-989
-1009
-931
-774
-683
-693
-674
-549
-406
-332
-286
-208
-138
-105
-71
-19
-2
-29
-19
76
199
288
369
495
647
781
883
948
967
984
1056
1177
1279
1335
1393
1491
1597
1680
1732
1755
1744
1715
1690
1650
1583
1524
1514
1535
1509
1392
1204
992
777
531
216
-166
-611
-1158
-1854
-2576
-3006
-2998
-2830
-2908
-3201
-3326
-3187
-3085
-3117
-2962
-2514
-2217
-2328
-2424
-2051
-1426
-999
-726
-329
89
256
331
688
1276
1673
1723
1698
1827
2018
2087
2043
2004
1991
1888
1650
1438
1431
1532
1461
1185
972
943
913
773
707
820
914
850
819
987
1180
1170
1030
935
856
689
481
351
277
161
-17
-168
-231
-245
-313
-473
-663
-828
-998
-1208
-1376
-1415
-1417
-1486
-1560
-1521
-1419
-1378
-1379
-1333
-1275
-1285
-1307
-1242
-1138
-1085
-1045
-933
-789
-699
-647
-561
-460
-401
-378
-341
-286
-229
-175
-130
-102
-76
-33
18
51
83
149
240
323
394
493
615
713
772
828
914
1011
1104
1213
1344
1470
1572
1658
1735
1787
1817
1836
1842
1819
1784
1763
1759
1746
1691
1593
1458
1262
956
553
120
-352
-983
-1795
-2507
-2775
-2665
-2603
-2816
-3056
-3095
-3098
-3228
-3224
-2840
-2444
-2523
-2818
-2651
-1972
-1384
-1129
-852
-398
-72
27
265
821
1347
1516
1478
1555
1775
1947
1975
1952
1955
1907
1719
1529
1540
1665
1593
1283
1045
1046
1050
870
695
699
732
624
539
694
952
1008
846
724
737
708
520
309
228
189
56
-93
-100
-28
-69
-243
-397
-495
-654
-881
-1031
-1067
-1116
-1230
-1291
-1237
-1173
-1178
-1180
-1113
-1056
-1081
-1110
-1041
-923
-858
-839
-798
-730
-675
-626
-555
-492
-459
-432
-390
-350
-329
-307
-283
-276
-267
-243
-236
-248
-229
-155
-68
3
93
231
362
441
516
636
759
825
865
957
1113
1271
1394
1497
1596
1670
1704
1712
1718
1720
1703
1681
1671
1661
1639
1589
1474
1250
925
558
169
-283
-855
-1550
-2225
-2623
-2634
-2501
-2534
-2704
-2779
-2793
-2906
-2941
-2601
-2134
-2085
-2375
-2347
-1792
-1210
-919
-643
-194
150
245
418
894
1405
1622
1606
1615
1736
1874
1941
1936
1889
1787
1614
1451
1429
1517
1481
1231
973
882
844
704
549
518
515
410
316
430
682
796
696
580
578
563
423
251
161
76
-113
-301
-331
-256
-246
-336
-439
-537
-669
-806
-871
-891
-966
-1088
-1151
-1121
-1076
-1056
-1034
-992
-978
-1009
-1025
-983
-923
-883
-861
-832
-785
-708
-617
-557
-537
-501
-430
-362
-322
-283
-222
-190
-207
-206
-140
-63
-44
-44
2
73
127
185
277
363
410
458
560
702
844
980
1115
1232
1323
1409
1517
1612
1648
1644
1662
1701
1698
1662
1659
1685
1673
1621
1578
1494
1274
931
551
141
-356
-970
-1669
-2336
-2725
-2740
-2637
-2718
-2900
-2961
-2980
-3085
-3035
-2613
-2206
-2299
-2590
-2405
-1757
-1229
-966
-600
-93
198
257
505
1070
1551
1676
1635
1694
1848
1947
1963
1952
1928
1833
1671
1565
1605
1674
1559
1261
1003
896
808
650
508
450
369
218
167
355
626
718
626
543
544
512
380
253
205
136
-29
-194
-241
-175
-128
-191
-310
-421
-546
-711
-858
-920
-949
-1031
-1133
-1153
-1115
-1095
-1085
-1047
-1006
-1004
-1008
-965
-891
-848
-829
-804
-749
-667
-589
-542
-493
-414
-329
-279
-253
-195
-120
-96
-128
-148
-130
-116
-116
-83
3
99
153
190
258
334
393
455
542
631
694
763
882
1037
1174
1287
1395
1476
1503
1517
1570
1618
1593
1542
1561
1609
1579
1462
1308
1096
773
406
27
-493
-1243
-1968
-2302
-2266
-2228
-2399
-2601
-2684
-2791
-2964
-2902
-2466
-2087
-2208
-2511
-2345
-1721
-1201
-949
-619
-137
164
260
555
1176
1718
1879
1846
1909
2074
2195
2212
2160
2060
1904
1720
1600
1625
1687
1576
1272
987
839
714
534
384
322
233
77
16
163
374
432
346
276
261
200
51
-93
-172
-260
-413
-548
-557
-488
-465
-524
-605
-682
-776
-879
-947
-990
-1055
-1142
-1181
-1137
-1078
-1043
-984
-891
-838
-845
-815
-706
-611
-601
-597
-528
-439
-392
-352
-274
-184
-113
-58
0
66
129
157
133
88
72
81
79
79
122
191
231
247
281
343
398
439
486
533
583
651
750
861
966
1073
1187
1284
1360
1420
1451
1460
1464
1467
1452
1429
1427
1415
1311
1096
817
485
71
-416
-985
-1656
-2255
-2483
-2369
-2335
-2583
-2802
-2805
-2858
-3047
-2965
-2491
-2206
-2470
-2714
-2324
-1608
-1190
-1000
-599
-58
241
380
764
1388
1843
1955
1958
2073
2247
2345
2349
2313
2249
2123
1974
1912
1960
1966
1787
1493
1261
1106
912
680
522
440
316
152
120
289
478
499
398
337
335
271
90
-112
-255
-378
-534
-671
-703
-655
-641
-723
-841
-916
-960
-1028
-1113
-1178
-1232
-1281
-1292
-1246
-1189
-1154
-1107
-1022
-949
-916
-871
-770
-671
-644
-631
-543
-409
-320
-283
-228
-140
-65
-17
25
74
118
146
156
148
137
137
122
84
75
141
231
286
327
388
445
476
518
578
618
639
712
848
977
1084
1208
1339
1424
1454
1475
1509
1554
1602
1634
1632
1605
1551
1398
1097
708
302
-198
-910
-1716
-2244
-2292
-2144
-2225
-2547
-2788
-2868
-3010
-3169
-2995
-2543
-2405
-2753
-2925
-2425
-1681
-1271
-1051
-639
-179
42
251
812
1524
1913
1955
1998
2190
2385
2479
2508
2484
2372
2191
2053
2061
2168
2170
1927
1577
1340
1194
960
648
435
321
160
-6
32
267
427
357
214
171
176
95
-66
-204
-313
-456
-623
-713
-701
-679
-732
-837
-929
-1004
-1073
-1128
-1168
-1220
-1294
-1347
-1349
-1317
-1291
-1266
-1213
-1119
-1019
-942
-864
-755
-647
-587
-543
-456
-335
-244
-197
-145
-54
55
135
166
183
222
268
272
236
221
243
251
230
229
279
341
397
462
528
568
602
652
697
706
726
830
1000
1147
1230
1284
1345
1401
1421
1435
1502
1612
1664
1591
1471
1395
1331
1193
972
675
230
-417
-1195
-1948
-2463
-2569
-2388
-2350
-2670
-3051
-3183
-3199
-3258
-3127
-2728
-2561
-2916
-3193
-2746
-1902
-1378
-1164
-803
-305
16
275
822
1536
1974
2053
2064
2196
2393
2557
2642
2628
2534
2419
2346
2375
2488
2533
2335
1969
1676
1516
1315
1009
753
619
489
326
298
481
669
621
387
210
181
153
-11
-236
-394
-528
-732
-943
-1005
-936
-928
-1037
-1146
-1181
-1227
-1342
-1470
-1563
-1624
-1655
-1644
-1626
-1608
-1538
-1409
-1270
-1165
-1068
-968
-872
-769
-669
-588
-516
-400
-288
-239
-189
-42
146
228
223
252
322
357
337
326
313
269
222
211
246
313
430
538
604
645
713
818
892
939
958
1000
1100
1240
1391
1496
1592
1660
1672
1628
1595
1653
1755
1830
1815
1749
1662
1512
1278
901
348
-423
-1316
-2217
-3000
-3510
-3740
-3836
-3950
-3982
-3869
-3752
-3703
-3481
-2901
-2431
-2668
-3297
-3278
-2302
-1243
-699
-88
1202
2615
3326
3554
3958
4374
4085
3085
2115
1628
1387
1064
730
622
755
911
899
729
478
100
-404
-807
-878
-644
-217
428
1301
2184
2871
3426
3904
4041
3587
2769
2062
1593
1134
595
191
41
-109
-532
-1126
-1612
-2004
-2582
-3408
-4111
-4321
-4124
-3826
-3427
-2729
-1822
-1114
-780
-563
-233
48
79
13
114
390
654
782
810
780
674
405
-71
-633
-1066
-1302
-1467
-1614
-1621
-1439
-1225
-1121
-1077
-982
-844
-736
-621
-394
-42
376
798
1216
1644
2052
2363
2492
2486
2484
2526
2540
2485
2520
2746
2949
2834
2405
1999
1753
1484
1121
850
859
927
806
559
346
122
-455
-1431
-2721
-4479
-6796
-8963
-9597
-8496
-7063
-6301
-5531
-3738
-1726
-914
-1124
-881
419
1549
1690
1725
3017
5225
6420
5928
5078
5038
4912
3337
1098
-61
24
-90
-923
-1317
-626
232
114
-661
-922
-435
22
-53
-43
752
2027
3005
3474
3917
4503
4786
4431
3662
2982
2520
2041
1396
686
97
-407
-991
-1790
-2760
-3674
-4337
-4767
-5101
-5281
-5087
-4501
-3790
-3121
-2426
-1704
-1098
-704
-400
-32
421
853
1074
1103
1147
1265
1201
796
307
-70
-485
-1025
-1447
-1537
-1491
-1543
-1595
-1476
-1216
-1004
-866
-664
-343
1
280
570
963
1353
1585
1680
1813
1995
2043
1907
1731
1645
1580
1442
1284
1184
1117
1001
816
656
581
563
517
436
458
694
1109
1480
1603
1515
1365
1257
1228
1403
1750
1913
1741
1417
1152
794
152
-772
-2004
-3475
-5325
-7679
-9891
-10527
-9096
-7365
-6803
-6467
-4806
-2534
-1580
-1684
-1097
751
2526
3253
3830
5287
7176
7787
6646
5329
4959
4715
3223
1150
140
176
-35
-1062
-1840
-1627
-1181
-1446
-2159
-2014
-826
265
579
780
1761
3023
3705
3814
4026
4624
5036
4859
4295
3856
3542
2848
1668
382
-616
-1446
-2287
-3152
-4024
-4688
-4985
-5034
-5228
-5437
-5052
-4144
-3339
-2810
-2036
-986
-260
75
496
1143
1636
1781
1749
1632
1429
1149
691
44
-578
-993
-1364
-1832
-2071
-1958
-1869
-2049
-2155
-1870
-1466
-1220
-998
-555
15
480
808
1147
1541
1819
1866
1830
1917
2035
1972
1729
1523
1467
1411
1230
966
822
775
674
490
379
476
577
577
630
994
1576
1883
1787
1606
1683
1894
1893
1838
1971
2137
1932
1307
839
516
-196
-1631
-3314
-4736
-6636
-9106
-10732
-9874
-7556
-6420
-6488
-5778
-3509
-1744
-1683
-1604
-5
2414
3705
4021
4990
6762
7762
6707
4935
4243
4273
3519
1672
394
314
237
-740
-1983
-2200
-1765
-1765
-2214
-2091
-812
557
1087
1196
1792
2928
3655
3800
3975
4501
4987
4859
4404
3973
3500
2659
1391
206
-706
-1407
-2158
-3065
-3919
-4597
-4992
-5299
-5521
-5413
-4876
-4052
-3297
-2513
-1618
-807
-301
18
565
1200
1658
1899
2051
2075
1739
1205
597
-42
-687
-1247
-1602
-1836
-1885
-1847
-1928
-2138
-2235
-2010
-1727
-1500
-1151
-532
133
552
854
1219
1584
1721
1684
1742
1956
2122
2043
1820
1609
1446
1229
953
730
578
424
206
57
107
244
274
189
237
611
1281
1989
2372
2308
2045
1905
1902
1909
2000
2208
2296
2040
1548
1073
466
-571
-2065
-3624
-5115
-7145
-9549
-10777
-9484
-7108
-6178
-6392
-5575
-3281
-1763
-1800
-1404
625
3112
4246
4669
5831
7435
7856
6383
4749
4290
4304
3368
1564
453
232
-160
-1331
-2466
-2553
-2129
-2074
-2366
-1981
-564
714
1059
998
1631
2840
3597
3797
4072
4724
5118
4777
4125
3577
3024
2038
741
-305
-1014
-1680
-2518
-3378
-4085
-4713
-5133
-5252
-5156
-4977
-4658
-4014
-3246
-2532
-1826
-1018
-231
328
841
1446
2003
2250
2202
2055
1767
1317
797
325
-174
-752
-1235
-1566
-1789
-1978
-2115
-2197
-2225
-2030
-1668
-1276
-918
-492
18
416
789
1218
1664
1923
1989
2110
2273
2318
2095
1781
1533
1257
936
690
598
444
169
31
106
122
-17
8
333
699
932
1281
1779
2037
1862
1659
1863
2221
2401
2490
2624
2565
2013
1239
594
-60
-1061
-2476
-4037
-5975
-8517
-10581
-10576
-8556
-6926
-6858
-6704
-5057
-3011
-2369
-2159
-684
1722
3475
4206
5302
6953
7934
7227
5583
4695
4615
4245
2919
1489
851
408
-531
-1793
-2418
-2243
-2160
-2400
-2334
-1232
209
810
780
1081
2163
3167
3627
4040
4693
5276
5174
4658
4192
3693
2845
1593
528
-145
-764
-1662
-2760
-3642
-4305
-4880
-5297
-5422
-5279
-5025
-4538
-3677
-2731
-1990
-1441
-850
-168
437
1011
1502
1862
2015
1905
1620
1171
713
199
-410
-943
-1318
-1538
-1798
-2064
-2247
-2406
-2462
-2327
-1943
-1495
-1107
-640
-107
363
680
973
1330
1579
1720
1885
2109
2219
2078
1829
1596
1393
1181
952
767
630
546
435
307
234
273
350
361
480
831
1350
1753
1971
2163
2256
2234
2161
2313
2568
2652
2572
2410
2195
1654
963
226
-714
-2048
-3612
-5131
-7286
-9837
-11146
-9844
-7483
-6715
-6990
-6151
-3871
-2415
-2351
-1625
619
3032
4035
4579
5922
7403
7526
6044
4679
4393
4405
3591
2060
967
420
-308
-1521
-2554
-2641
-2247
-2137
-2271
-1805
-445
688
866
705
1306
2586
3489
3872
4326
5062
5416
4930
4188
3693
3235
2308
1076
205
-282
-845
-1838
-3046
-4066
-4735
-4991
-5039
-4970
-4717
-4209
-3561
-3050
-2545
-1883
-1212
-733
-268
540
1407
1838
1847
1764
1654
1281
787
423
99
-352
-884
-1268
-1558
-1845
-2108
-2356
-2519
-2456
-2071
-1612
-1335
-1101
-697
-203
193
542
990
1463
1798
2024
2216
2364
2322
2060
1758
1540
1391
1226
1041
885
683
435
221
91
42
50
178
385
622
979
1383
1740
2032
2323
2460
2244
2101
2236
2387
2343
2336
2402
1905
981
322
-104
-1083
-2694
-4053
-5254
-7307
-9846
-10821
-9201
-7046
-6595
-6918
-5840
-3522
-2256
-2221
-1318
1068
3301
4085
4613
5960
7248
7101
5647
4600
4527
4478
3512
1977
947
366
-420
-1581
-2423
-2336
-1891
-1792
-1890
-1369
-130
744
785
742
1530
2826
3632
3958
4395
5049
5212
4618
3948
3540
3027
1982
827
138
-308
-988
-2048
-3163
-4091
-4823
-5182
-5170
-4921
-4617
-4251
-3721
-3132
-2461
-1735
-1036
-447
117
782
1375
1698
1745
1637
1409
1060
703
371
10
-462
-985
-1454
-1833
-2094
-2280
-2408
-2445
-2272
-1872
-1451
-1140
-883
-541
-135
256
680
1171
1633
1897
2004
2099
2190
2138
1915
1685
1512
1364
1195
1025
835
589
342
166
93
84
131
259
457
649
811
1099
1552
2023
2304
2380
2413
2472
2543
2462
2322
2332
2353
2019
1226
493
-57
-846
-2057
-3383
-4520
-6080
-8366
-10277
-10194
-8181
-6573
-6464
-6373
-4841
-2874
-2140
-1740
-134
2280
3835
4296
5091
6454
7221
6514
5135
4479
4451
4088
2874
1507
696
26
-942
-2016
-2413
-2063
-1787
-1884
-1870
-1069
55
533
485
783
1862
2950
3499
3914
4525
5008
4806
4187
3721
3350
2677
1643
756
198
-398
-1325
-2469
-3456
-4171
-4680
-4999
-5086
-4879
-4469
-3990
-3459
-2815
-2048
-1345
-803
-271
368
1011
1442
1667
1757
1666
1413
1106
833
504
25
-508
-1026
-1492
-1874
-2143
-2273
-2350
-2323
-2105
-1784
-1472
-1236
-942
-536
-101
364
816
1272
1644
1877
2016
2084
2129
2074
1859
1562
1338
1232
1074
798
520
301
102
-46
-46
74
164
213
385
731
1136
1445
1690
2031
2421
2647
2550
2361
2430
2670
2789
2566
2135
1602
934
289
-407
-1240
-2386
-3675
-4994
-6951
-9222
-10379
-9208
-7106
-6410
-6616
-5814
-3698
-2295
-2109
-1231
966
3147
3975
4435
5675
6883
6812
5458
4392
4245
4151
3304
1921
949
369
-406
-1512
-2360
-2325
-1928
-1884
-2072
-1690
-521
371
477
499
1277
2547
3325
3668
4159
4862
5112
4583
3979
3650
3270
2411
1341
668
183
-543
-1650
-2798
-3691
-4405
-4787
-4824
-4615
-4338
-4047
-3564
-3015
-2415
-1774
-1167
-609
-125
466
1036
1380
1492
1412
1282
1055
791
524
177
-257
-792
-1301
-1721
-2010
-2168
-2295
-2364
-2285
-1977
-1629
-1413
-1215
-870
-377
77
512
1015
1485
1769
1838
1897
1981
1984
1845
1662
1553
1449
1270
978
671
423
264
169
106
148
263
427
567
732
966
1202
1513
1916
2340
2529
2459
2400
2400
2403
2357
2395
2397
2036
1337
592
33
-655
-1739
-2975
-4033
-5120
-6939
-9057
-9863
-8544
-6639
-6106
-6282
-5354
-3359
-2111
-1865
-886
1298
3273
3968
4356
5453
6513
6336
5015
4022
3947
3882
3013
1683
838
332
-483
-1566
-2213
-1992
-1596
-1644
-1838
-1388
-274
446
487
624
1492
2599
3163
3498
4072
4705
4768
4207
3714
3473
3087
2172
1095
418
-66
-832
-2012
-3130
-3839
-4238
-4485
-4619
-4487
-4170
-3851
-3528
-3022
-2251
-1489
-914
-408
210
857
1266
1430
1501
1541
1415
1138
888
664
299
-279
-890
-1384
-1755
-2029
-2210
-2291
-2293
-2159
-1904
-1629
-1393
-1139
-768
-340
105
567
1035
1394
1557
1643
1763
1866
1817
1667
1523
1361
1165
969
799
580
356
249
236
250
281
368
440
458
574
862
1248
1591
1878
2137
2292
2394
2486
2525
2385
2129
2034
2037
1848
1319
698
245
-217
-983
-2139
-3318
-4255
-5456
-7384
-9159
-9072
-7164
-5658
-5684
-5700
-4201
-2299
-1640
-1416
26
2290
3621
3810
4311
5492
6095
5271
3936
3440
3592
3282
2122
912
293
-207
-1073
-1966
-2122
-1621
-1360
-1579
-1582
-769
251
594
498
862
1908
2850
3280
3672
4319
4757
4449
3799
3443
3247
2620
1523
635
206
-265
-1288
-2571
-3436
-3789
-4025
-4306
-4297
-3930
-3608
-3497
-3207
-2410
-1475
-850
-463
51
714
1171
1317
1367
1447
1388
1099
813
633
360
-192
-842
-1319
-1655
-1932
-2141
-2211
-2190
-2121
-1942
-1664
-1385
-1157
-886
-480
-10
431
831
1190
1444
1521
1523
1581
1648
1584
1386
1212
1093
933
702
490
355
277
238
217
249
346
471
562
646
822
1062
1366
1738
2077
2185
2116
2260
2533
2501
2087
1771
1800
1671
1242
795
488
66
-735
-1715
-2790
-3791
-4845
-6373
-8055
-8680
-7393
-5620
-5097
-5237
-4374
-2546
-1530
-1378
-468
1547
3212
3549
3728
4674
5555
5238
4000
3299
3365
3253
2364
1194
531
60
-681
-1520
-1838
-1465
-1144
-1228
-1328
-846
28
451
422
608
1404
2323
2816
3184
3695
4154
4071
3534
3154
2969
2544
1539
473
-67
-360
-957
-1958
-2797
-3279
-3665
-3979
-4044
-3739
-3377
-3089
-2677
-2034
-1258
-686
-341
-37
394
900
1217
1355
1395
1351
1120
738
431
169
-196
-713
-1219
-1583
-1841
-2007
-2116
-2193
-2196
-2036
-1695
-1334
-1052
-787
-447
-53
302
642
1003
1288
1416
1436
1482
1514
1425
1248
1048
885
755
662
557
382
246
187
160
116
166
358
496
557
729
1128
1512
1660
1750
1946
2132
2108
2055
2169
2231
1986
1593
1428
1389
1145
710
356
107
-456
-1533
-2779
-3682
-4369
-5607
-7272
-8005
-6852
-5069
-4498
-4706
-4056
-2419
-1409
-1307
-559
1273
2907
3304
3388
4155
4962
4780
3692
2950
2933
2852
2132
1097
503
178
-421
-1225
-1639
-1347
-1009
-1085
-1255
-935
-167
279
292
399
1014
1871
2430
2825
3266
3681
3705
3287
2922
2654
2238
1493
702
162
-409
-1068
-1720
-2257
-2770
-3326
-3572
-3513
-3307
-3088
-2815
-2331
-1793
-1227
-711
-300
78
408
795
1112
1287
1356
1261
1067
764
485
253
-90
-506
-969
-1316
-1551
-1728
-1827
-1937
-1958
-1853
-1608
-1314
-1089
-843
-569
-267
36
345
684
914
1012
1062
1138
1207
1162
1046
937
850
751
625
528
472
407
297
198
233
388
524
574
651
870
1142
1326
1446
1652
1898
2000
1920
1823
1813
1752
1560
1356
1298
1310
1150
776
359
73
-237
-965
-2131
-3213
-3742
-4199
-5371
-6791
-7004
-5660
-4361
-4239
-4277
-3208
-1678
-1103
-1072
-126
1676
2878
2960
3074
3871
4487
4066
3106
2683
2763
2524
1685
854
535
321
-286
-1061
-1326
-995
-751
-902
-997
-547
106
340
296
582
1352
2057
2401
2720
3221
3579
3400
2937
2629
2414
1937
1184
535
41
-643
-1593
-2374
-2647
-2730
-3027
-3366
-3399
-3174
-2987
-2776
-2245
-1512
-933
-587
-220
252
599
777
900
1052
1131
1060
926
714
413
25
-386
-759
-1090
-1327
-1501
-1624
-1682
-1698
-1653
-1566
-1399
-1163
-917
-637
-318
19
281
450
636
855
1040
1100
1103
1147
1172
1108
952
821
743
633
511
442
487
541
502
407
341
407
564
707
822
956
1162
1341
1447
1558
1675
1732
1664
1551
1461
1322
1135
966
876
810
666
453
146
-181
-523
-1095
-2016
-2996
-3504
-3836
-4798
-6077
-6296
-4992
-3726
-3674
-3817
-2875
-1471
-1031
-1111
-267
1398
2460
2462
2590
3415
4015
3572
2633
2288
2442
2248
1460
731
543
390
-187
-864
-999
-620
-455
-688
-809
-395
206
427
439
737
1422
2037
2345
2651
3071
3317
3077
2609
2322
2121
1661
869
158
-260
-603
-1079
-1633
-2063
-2443
-2804
-3001
-2921
-2645
-2368
-2037
-1609
-1158
-797
-531
-237
61
312
510
693
853
859
687
429
194
-35
-344
-657
-904
-1081
-1261
-1433
-1509
-1532
-1567
-1592
-1492
-1255
-1006
-816
-646
-439
-208
39
307
546
704
805
902
985
1005
966
899
820
749
732
734
698
622
546
482
433
462
580
706
772
832
969
1143
1291
1417
1556
1663
1676
1633
1592
1530
1385
1186
1017
912
803
662
483
271
28
-221
-474
-942
-1765
-2699
-3276
-3579
-4265
-5288
-5647
-4761
-3659
-3456
-3556
-2857
-1616
-1046
-1030
-342
1113
2206
2338
2401
3026
3565
3337
2622
2293
2349
2147
1488
780
481
282
-228
-856
-1094
-807
-610
-754
-832
-483
60
254
284
604
1268
1889
2192
2474
2842
3066
2884
2440
2139
1869
1342
576
4
-173
-410
-952
-1587
-1987
-2244
-2593
-2828
-2721
-2350
-2031
-1808
-1439
-945
-530
-289
-68
253
533
703
806
878
858
693
477
270
65
-170
-435
-704
-967
-1188
-1362
-1495
-1578
-1599
-1527
-1395
-1210
-1024
-862
-692
-495
-242
18
268
497
673
804
889
946
946
899
848
795
745
701
678
633
541
471
460
460
449
498
607
657
648
726
907
1053
1120
1225
1368
1432
1396
1315
1222
1118
1037
953
800
663
600
501
291
99
39
-114
-554
-1206
-1890
-2485
-2938
-3333
-3975
-4801
-5134
-4546
-3646
-3281
-3188
-2590
-1587
-946
-704
-61
1113
2036
2300
2448
2964
3419
3248
2655
2267
2195
1977
1414
832
528
321
-94
-557
-695
-531
-484
-672
-717
-384
61
284
417
775
1338
1823
2098
2320
2571
2682
2527
2257
2063
1776
1126
349
-61
-123
-387
-1027
-1592
-1849
-2105
-2494
-2619
-2288
-1889
-1721
-1541
-1113
-677
-497
-420
-209
69
239
346
480
564
483
264
50
-107
-248
-442
-697
-935
-1096
-1206
-1343
-1479
-1514
-1455
-1380
-1283
-1080
-823
-660
-582
-417
-111
170
326
464
664
827
863
860
910
963
941
891
900
943
944
861
747
670
644
633
592
549
563
624
670
693
750
866
991
1077
1127
1156
1168
1162
1112
1017
946
929
882
742
607
551
472
273
57
-67
-224
-627
-1273
-1928
-2394
-2726
-3180
-3893
-4571
-4705
-4214
-3595
-3241
-2898
-2194
-1347
-810
-481
135
1037
1704
1938
2146
2571
2855
2642
2160
1876
1782
1510
979
521
327
165
-184
-539
-610
-478
-448
-540
-449
-56
378
618
777
1108
1577
1942
2131
2306
2535
2637
2488
2214
1947
1576
970
273
-254
-573
-825
-1090
-1350
-1594
-1812
-1949
-1945
-1812
-1597
-1336
-1054
-749
-438
-193
-71
-16
64
170
238
254
242
176
43
-133
-321
-531
-761
-967
-1109
-1196
-1248
-1275
-1303
-1323
-1296
-1182
-1024
-875
-737
-572
-398
-247
-102
51
191
302
399
506
616
707
753
728
678
657
668
653
610
595
604
584
535
514
524
517
507
575
701
782
813
890
1041
1182
1256
1280
1268
1221
1179
1156
1095
985
880
780
621
437
315
217
43
-160
-278
-380
-674
-1202
-1769
-2191
-2478
-2771
-3160
-3577
-3830
-3763
-3405
-2938
-2485
-2003
-1428
-849
-393
-13
454
999
1438
1695
1891
2093
2156
1980
1696
1490
1315
1039
714
488
344
146
-95
-224
-198
-154
-171
-141
59
355
603
782
1000
1291
1561
1757
1914
2047
2095
2020
1850
1597
1243
811
363
-34
-307
-465
-623
-855
-1093
-1250
-1347
-1420
-1406
-1286
-1139
-995
-797
-578
-439
-374
-284
-172
-124
-135
-129
-116
-163
-286
-418
-519
-614
-728
-848
-930
-956
-959
-978
-1012
-1018
-977
-913
-840
-746
-617
-475
-343
-224
-99
31
141
231
327
447
555
616
659
705
734
728
730
746
727
664
609
596
585
553
523
507
484
470
509
587
657
720
814
922
995
1016
1010
995
973
929
869
805
742
658
544
430
327
200
43
-92
-198
-320
-461
-628
-934
-1429
-1913
-2179
-2358
-2724
-3214
-3483
-3367
-3057
-2772
-2492
-2063
-1493
-997
-683
-363
139
679
1014
1221
1527
1856
1924
1742
1595
1572
1450
1151
885
784
708
500
258
172
238
279
235
242
390
577
680
759
942
1205
1421
1544
1630
1718
1758
1679
1519
1391
1263
930
406
23
-55
-118
-389
-652
-702
-741
-974
-1225
-1268
-1190
-1143
-1069
-889
-695
-612
-623
-631
-594
-557
-569
-610
-589
-496
-435
-482
-560
-597
-641
-743
-837
-842
-815
-841
-899
-906
-873
-865
-873
-837
-749
-665
-600
-503
-355
-215
-136
-71
58
248
419
537
625
718
789
811
797
783
796
818
833
856
892
907
875
833
827
845
856
870
896
933
976
1037
1094
1111
1097
1084
1038
917
766
668
590
457
305
219
177
95
-26
-139
-239
-345
-444
-535
-627
-717
-871
-1201
-1677
-2100
-2416
-2826
-3337
-3585
-3342
-2917
-2690
-2528
-2097
-1498
-1129
-986
-670
-64
503
812
1068
1450
1747
1715
1503
1431
1497
1429
1182
1007
1022
1010
812
597
564
623
601
542
606
762
868
903
979
1139
1291
1383
1459
1526
1522
1465
1439
1391
1164
793
519
407
268
33
-134
-179
-284
-545
-823
-992
-1079
-1129
-1127
-1059
-951
-849
-796
-785
-764
-741
-767
-808
-757
-640
-589
-608
-600
-569
-608
-712
-789
-806
-799
-805
-820
-817
-789
-771
-775
-757
-699
-638
-580
-501
-403
-295
-186
-106
-45
69
227
332
372
428
490
490
465
485
538
588
635
682
715
755
792
795
789
841
925
983
1039
1111
1149
1127
1077
1012
929
849
792
737
687
664
646
597
525
453
377
313
276
223
117
16
-14
-23
-78
-143
-216
-452
-936
-1481
-1877
-2202
-2614
-3039
-3286
-3340
-3285
-3126
-2863
-2540
-2146
-1681
-1270
-968
-610
-78
457
818
1081
1349
1543
1581
1537
1488
1404
1254
1112
1068
1094
1086
1016
945
910
872
818
802
842
894
948
1022
1110
1207
1317
1404
1436
1461
1494
1446
1299
1182
1114
955
712
547
466
317
67
-194
-431
-658
-867
-1047
-1169
-1193
-1170
-1201
-1274
-1306
-1304
-1297
-1245
-1128
-1008
-930
-875
-814
-744
-692
-712
-775
-791
-756
-758
-799
-800
-761
-757
-788
-789
-757
-722
-684
-621
-537
-454
-390
-357
-316
-226
-121
-34
67
209
354
461
560
665
750
809
882
984
1088
1164
1209
1247
1263
1246
1191
1131
1090
1052
998
943
912
881
816
724
641
575
514
470
466
488
483
428
357
316
284
220
146
113
86
-7
-155
-288
-383
-487
-592
-650
-680
-732
-812
-884
-939
-975
-1000
-1064
-1229
-1478
-1767
-2107
-2484
-2750
-2776
-2613
-2375
-2094
-1780
-1487
-1238
-986
-713
-419
-68
338
710
995
1242
1448
1538
1511
1467
1431
1347
1244
1198
1200
1181
1131
1099
1089
1094
1116
1152
1186
1233
1318
1408
1454
1470
1484
1487
1473
1492
1539
1518
1389
1234
1105
944
697
431
221
47
-154
-390
-620
-825
-1014
-1167
-1268
-1304
-1300
-1292
-1283
-1248
-1212
-1231
-1292
-1320
-1292
-1258
-1243
-1198
-1111
-1026
-978
-957
-946
-954
-972
-975
-962
-936
-901
-857
-824
-821
-827
-807
-747
-663
-556
-410
-242
-78
84
254
426
581
723
861
987
1093
1165
1201
1187
1149
1108
1059
994
932
908
906
896
867
825
771
720
679
649
635
640
667
692
704
702
688
662
640
631
615
571
499
411
309
194
81
-29
-145
-251
-337
-435
-564
-696
-786
-833
-879
-928
-965
-988
-996
-982
-946
-899
-843
-796
-811
-932
-1101
-1232
-1320
-1427
-1517
-1483
-1333
-1208
-1165
-1089
-903
-699
-586
-507
-346
-110
112
290
469
644
767
826
857
901
963
1019
1069
1146
1270
1385
1424
1417
1435
1461
1439
1389
1371
1367
1321
1257
1218
1160
1040
911
829
755
634
490
391
341
290
199
85
-6
-85
-191
-321
-406
-424
-451
-526
-605
-649
-685
-753
-849
-930
-975
-1002
-1030
-1046
-1039
-1023
-1029
-1062
-1077
-1061
-1032
-1003
-954
-865
-765
-693
-658
-625
-561
-489
-438
-394
-324
-233
-150
-85
-23
37
67
70
80
112
147
174
201
240
277
297
303
299
298
312
345
396
462
539
608
662
693
699
692
685
683
695
712
725
727
718
701
673
629
565
484
397
324
273
229
184
139
91
34
-18
-51
-75
-102
-117
-110
-103
-117
-142
-161
-179
-206
-242
-276
-297
-305
-317
-355
-425
-493
-541
-571
-589
-588
-576
-576
-601
-641
-672
-692
-703
-708
-709
-703
-673
-595
-464
-325
-235
-212
-221
-201
-150
-89
-20
76
189
272
309
328
359
384
380
368
397
467
537
589
644
715
772
795
800
828
873
899
891
871
843
795
730
674
644
615
563
495
433
379
310
222
141
86
48
6
-37
-68
-101
-155
-224
-295
-358
-409
-447
-463
-466
-477
-498
-523
-555
-600
-650
-691
-709
-713
-710
-702
-683
-661
-660
-673
-684
-687
-685
-678
-659
-621
-571
-522
-478
-440
-410
-388
-370
-337
-281
-212
-146
-87
-31
17
51
74
104
150
207
265
317
369
415
446
461
473
489
512
539
571
608
649
678
678
660
638
620
606
599
597
602
601
588
559
520
479
438
390
334
284
251
229
211
186
156
117
63
-1
-65
-118
-170
-221
-271
-308
-330
-344
-358
-368
-373
-374
-379
-388
-394
-400
-407
-415
-417
-405
-387
-384
-401
-436
-477
-512
-525
-505
-460
-405
-360
-330
-311
-288
-258
-221
-184
-149
-113
-79
-42
-8
20
38
50
57
64
81
118
167
215
262
305
350
389
427
462
500
532
556
577
596
613
612
604
586
569
546
524
504
482
452
410
365
318
277
237
199
161
122
80
32
-18
-74
-131
-193
-251
-301
-338
-364
-392
-418
-455
-492
-534
-570
-600
-624
-646
-665
-676
-676
-662
-646
-624
-607
-584
-560
-526
-480
-424
-364
-307
-254
-209
-169
-137
-114
-104
-101
-97
-86
-60
-20
27
71
107
142
179
223
274
326
371
411
446
479
510
540
559
573
579
583
587
589
584
562
524
475
429
393
370
364
364
369
371
372
369
357
329
285
236
191
161
141
129
106
66
6
-64
-140
-217
-290
-358
-414
-454
-475
-483
-484
-482
-484
-486
-494
-500
-508
-514
-520
-521
-516
-502
-483
-462
-435
-410
-385
-370
-355
-333
-306
-267
-219
-165
-113
-60
-9
39
79
112
142
174
209
246
288
324
352
375
390
401
409
413
415
421
430
445
457
470
476
475
467
451
429
402
373
342
315
287
259
229
196
158
117
73
27
-21
-66
-110
-151
-185
-219
-252
-283
-312
-340
-363
-382
-393
-402
-407
-407
-408
-407
-402
-393
-387
-376
-366
-353
-340
-330
-320
-309
-295
-284
-269
-254
-237
-220
-199
-177
-152
-124
-92
-61
-29
4
39
73
107
138
168
199
225
251
275
292
304
314
320
321
317
314
310
305
304
306
310
315
320
319
315
308
300
290
280
270
262
253
245
233
212
182
146
107
70
41
13
-10
-35
-61
-90
-124
-159
-193
-222
-243
-257
-258
-254
-248
-246
-252
-266
-283
-293
-295
-286
-269
-255
-243
-236
-229
-220
-216
-211
-204
-198
-180
-153
-121
-91
-70
-62
-57
-50
-38
-17
2
22
38
58
77
94
111
124
133
141
153
167
183
196
201
197
189
183
177
175
172
164
158
152
147
143
136
128
123
115
112
109
107
104
95
84
67
48
31
13
-5
-23
-42
-58
-74
-87
-98
-108
-116
-122
-123
-122
-115
-106
-99
-90
-86
-84
-83
-87
-94
-98
-103
-106
-110
-112
-116
-115
-115
-111
-103
-94
-84
-71
-54
-40
-23
-12
-2
10
17
20
21
20
15
11
8
8
7
10
14
20
28
37
47
54
60
66
72
75
74
68
63
55
43
30
18
5
-6
-14
-20
-22
-22
-24
-23
-19
-14
-5
4
14
23
28
34
35
36
35
33
32
31
30
28
28
26
23
21
22
29
35
43
51
57
61
63
58
56
54
54
52
48
45
39
31
23
16
10
5
1
-2
-8
-13
-20
-30
-35
-42
-47
-48
-51
-54
-58
-68
-72
-77
-80
-79
-76
-68
-62
-58
-50
-45
-37
-27
-18
-8
1
7
12
14
10
5
-1
-5
-12
-17
-21
-25
-25
-22
-17
-11
-2
7
16
23
30
34
35
34
31
31
25
18
11
3
2
0
0
2
5
9
17
25
32
34
33
32
30
27
22
16
10
5
3
2
5
8
11
17
20
26
31
34
35
35
32
29
25
18
10
-1
-13
-20
-30
-36
-44
-49
-51
-52
-51
-50
-48
-47
-46
-42
-39
-37
-34
-34
-33
-32
-30
-29
-27
-25
-23
-19
-17
-14
-11
-8
-9
-7
-8
-6
-5
-3
0
4
8
12
17
22
27
34
42
44
49
52
55
55
55
55
54
51
51
51
49
49
49
46
44
42
40
38
35
29
24
19
13
6
2
-2
-7
-11
-17
-24
-25
-27
-26
-26
-27
-30
-29
-28
-29
-30
-35
-37
-39
-40
-39
-38
-40
-44
-45
-45
-45
-46
-46
-44
-43
-38
-32
-26
-21
-16
-10
-7
-5
-1
3
8
10
12
11
12
14
17
17
18
17
17
16
15
16
14
14
13
13
13
13
14
13
13
12
11
11
14
14
14
15
17
18
20
21
23
27
29
31
31
29
28
26
26
23
20
18
14
10
5
2
-1
-5
-8
-11
-14
-17
-22
-23
-28
-30
-32
-35
-36
-39
-40
-39
-38
-36
-35
-33
-30
-28
-28
-26
-26
-25
-22
-23
-22
-21
-19
-15
-11
-6
-2
4
7
12
12
14
15
19
21
23
26
27
26
26
27
26
28
29
32
35
35
33
33
29
27
25
23
22
22
23
21
19
15
13
9
5
4
0
-1
-3
-5
-8
-12
-15
-19
-17
-13
-13
-11
-10
-10
-11
-12
-12
-12
-12
-11
-7
-6
-6
-8
-9
-10
-11
-11
-13
-14
-15
-14
-12
-13
-16
-19
-22
-20
-19
-19
-18
-20
-20
-22
-20
-21
-20
-18
-15
-9
-5
-1
2
5
9
11
15
21
25
29
32
36
39
39
42
42
44
44
44
44
41
39
36
33
28
22
16
13
8
6
1
-2
-8
-14
-19
-25
-30
-34
-37
-37
-39
-42
-44
-45
-46
-46
-45
-42
-40
-37
-32
-28
-24
-19
-15
-8
-1
3
8
14
18
22
25
28
29
31
31
30
30
30
27
23
21
16
12
8
4
-1
-6
-9
-14
-18
-23
-25
-28
-32
-33
-32
-31
-30
-26
-24
-19
-12
-4
8
19
32
44
57
69
80
88
96
99
101
100
96
88
78
66
49
33
14
-3
-21
-37
-51
-65
-73
-79
-85
-88
-88
-89
-84
-78
-73
-66
-58
-52
-41
-33
-28
-20
-16
-10
-8
-3
-4
-4
-2
-5
-7
-6
-7
-10
-7
-6
-3
2
6
8
14
19
20
22
22
21
17
11
6
1
-5
-10
-14
-18
-18
-20
-18
-20
-16
-10
-6
-2
3
6
10
14
17
21
22
20
21
22
20
18
19
18
19
21
21
23
25
28
30
32
32
31
30
28
27
26
24
21
19
19
18
17
13
13
9
11
9
8
8
7
1
-2
-5
-9
-10
-16
-20
-22
-24
-28
-32
-34
-36
-37
-37
-37
-37
-37
-35
-33
-32
-31
-29
-29
-29
-28
-26
-26
-26
-25
-27
-26
-26
-22
-21
-19
-16
-15
-15
-12
-7
-4
0
4
6
11
15
19
22
26
28
28
28
30
30
29
28
27
27
26
25
25
25
21
23
21
21
20
21
21
19
18
17
18
18
17
15
15
12
11
11
11
11
9
10
10
10
11
12
12
12
11
9
8
5
5
3
1
-2
-4
-7
-10
-13
-16
-18
-23
-24
-25
-28
-28
-28
-29
-29
-30
-29
-28
-27
-27
-29
-28
-27
-25
-26
-24
-23
-20
-21
-18
-19
-20
-17
-16
-13
-11
-9
-7
-6
-3
0
2
3
5
7
10
14
15
17
18
17
19
19
20
21
22
23
22
19
18
16
13
12
11
9
8
6
8
7
5
4
5
5
4
4
4
5
5
5
5
5
3
1
1
-1
-3
-5
-6
-6
-8
-9
-11
-13
-13
-13
-15
-14
-14
-14
-13
-13
-12
-11
-11
-10
-11
-12
-11
-8
-6
-5
-5
-4
-1
-1
1
2
5
4
6
6
9
9
11
10
