0
0
0
0
0
1
1
0
1
-1
2
2
2
2
0
-1
-1
-1
-1
-1
0
-1
-2
-1
0
-1
-1
0
-1
-1
-1
0
1
1
0
1
2
1
1
1
-1
1
1
0
1
2
2
2
2
1
3
1
1
2
2
1
1
0
0
1
-1
-1
-1
-1
-2
-1
1
-1
-1
-3
-2
-1
-2
-1
0
0
-2
0
-1
0
0
-1
-1
-1
-1
-1
0
2
-1
-1
-1
0
0
-1
0
0
0
0
0
1
-1
-1
0
1
0
-1
1
1
1
1
2
0
2
2
3
1
1
1
1
1
2
1
2
3
1
0
1
1
-1
0
-1
-1
-2
-1
0
0
0
-2
-2
-3
-2
-1
-2
-2
-2
-3
-3
-3
-3
-2
-1
-3
-1
0
-1
0
-1
-1
-1
-1
1
0
1
1
1
2
1
1
1
0
2
2
2
2
1
3
3
1
1
1
1
1
1
2
2
1
1
0
0
0
1
0
0
0
1
1
1
2
1
0
1
1
1
0
1
2
0
-1
-1
-1
0
0
-1
-1
-1
-1
0
-1
0
-1
-1
-1
-2
-2
-3
-3
-2
-1
-1
-1
-1
-1
-1
0
1
1
0
1
1
0
2
2
2
0
0
0
0
0
0
0
1
2
0
0
0
-1
-1
-1
-1
-2
-1
0
0
0
0
1
1
0
2
1
1
1
1
-1
1
1
0
0
0
1
0
0
-1
-1
-1
-1
-1
0
-1
-1
0
-2
-1
-2
-1
0
-2
-1
0
0
1
1
2
0
2
1
2
3
2
2
1
2
2
2
2
2
2
2
2
2
2
2
2
1
2
1
0
1
1
1
-1
1
2
1
1
1
-1
-1
-2
-1
-2
-2
-3
-2
-3
-3
-3
-2
-1
-2
-1
-2
0
-1
0
1
2
0
-1
1
-2
1
1
2
2
1
0
-1
0
-2
-1
0
-2
1
1
0
-1
1
1
-1
0
-1
-2
-2
-1
0
0
0
0
0
1
2
0
1
1
1
1
0
0
0
0
1
1
0
-1
-1
-2
-3
-1
-2
-2
-2
-1
-2
0
0
2
1
1
1
0
3
3
3
3
3
3
3
3
3
3
2
1
1
1
1
2
1
0
1
-1
-1
0
-1
-1
-1
-1
-2
-2
-1
0
-2
-2
-1
-2
-1
-2
-2
-2
-2
-2
-2
-1
-2
-2
0
-1
-1
-1
0
0
0
1
2
1
-1
1
2
2
3
2
3
2
2
2
1
0
0
-1
-2
-1
-2
-2
-1
-1
-2
-1
-1
0
-2
0
0
0
0
0
0
0
0
-1
-1
0
-2
-1
-1
-2
-2
-1
-1
0
-1
-1
-1
-1
-1
-2
-1
1
0
0
1
1
3
3
2
1
2
2
2
2
1
1
1
1
1
1
0
2
2
3
3
4
3
3
2
2
1
1
1
2
1
-1
-1
-2
-3
-3
-1
-2
-2
-2
-1
-2
-1
-2
-3
-2
-2
-2
-2
-3
-2
-2
-2
-1
0
0
-1
1
-1
-1
0
0
2
1
2
1
0
0
0
0
1
1
0
-1
-1
-1
-1
-1
-3
-1
-1
0
-1
-2
-1
0
1
1
2
0
1
2
-1
0
0
1
2
1
-1
0
0
1
-1
1
1
2
1
1
-1
-1
0
-1
0
-2
0
-2
-1
0
0
1
0
0
2
0
0
1
2
3
2
3
2
2
1
1
0
0
0
-1
-1
-2
0
-2
-1
-1
-2
0
-2
-1
-1
-2
-2
-2
-2
-2
-1
-1
-1
0
-1
-1
-1
0
-1
0
-1
1
2
3
1
2
2
1
1
1
0
1
1
2
3
2
1
-1
1
0
1
1
0
0
0
-1
-2
-1
-1
-1
-1
-2
-1
-1
-2
0
-1
-1
0
-1
0
-3
-1
-1
-2
0
0
1
0
2
2
2
3
3
3
4
5
4
3
3
-1
1
-1
0
-1
-1
-1
-2
-1
-3
-1
-2
-2
0
0
0
-2
-1
-1
-1
-1
0
-1
-1
-2
-2
-2
-3
-2
-2
-2
-1
-1
-1
-3
-1
-2
-1
-1
0
0
-1
0
-1
1
0
0
0
1
2
2
4
3
3
0
2
3
3
3
3
3
1
1
0
1
1
2
1
1
2
1
1
2
2
3
3
2
2
3
3
1
0
0
2
1
1
-1
-1
-2
-2
-4
-3
-3
-2
-3
-2
-1
-2
-3
-2
-2
-2
-4
-4
-4
-3
-2
-2
-1
-1
0
-1
1
-1
0
1
0
1
1
1
1
1
1
1
1
0
0
-1
-1
-1
-2
-1
-1
-2
-2
-2
-2
0
1
0
2
3
4
8
9
11
9
9
11
12
9
7
6
4
0
-4
-3
-6
-11
-17
-12
-4
-4
-5
0
13
18
16
20
25
24
20
23
28
21
14
13
16
8
-6
-11
-11
-13
-14
-7
-3
-12
-24
-22
-14
-10
-12
-20
-26
-15
6
14
6
10
26
25
11
14
29
22
3
5
20
2
-29
-26
-20
-59
-100
-98
-112
-171
-179
-130
-157
-249
-259
-242
-364
-473
-359
-395
-1108
-1925
-1596
-135
1080
1362
1417
1634
1525
1080
930
1119
1032
604
449
665
684
339
29
-326
-1258
-2397
-2474
-1348
-507
-873
-1476
-1157
-287
272
594
1060
1391
1302
1199
1507
1987
2097
1688
1155
814
473
-99
-754
-1302
-1738
-1945
-1793
-1407
-949
-493
-300
-534
-796
-726
-548
-492
-406
-288
-258
-128
255
676
939
1032
938
759
753
905
1016
1094
1153
1019
700
481
395
240
-18
-312
-620
-813
-770
-640
-587
-602
-707
-938
-1116
-1069
-910
-783
-706
-672
-630
-477
-241
-69
20
64
50
33
131
324
467
501
443
342
277
289
325
312
224
84
-43
-75
-7
56
30
-70
-163
-207
-194
-132
-41
24
21
7
68
190
292
332
335
321
299
307
392
504
539
490
432
412
414
415
401
349
251
146
90
87
82
31
-61
-155
-218
-227
-195
-157
-147
-172
-204
-212
-192
-166
-154
-156
-152
-129
-87
-27
25
43
18
-23
-44
-40
-36
-36
-48
-77
-113
-129
-122
-112
-122
-152
-181
-188
-177
-155
-145
-156
-175
-189
-183
-153
-122
-106
-109
-115
-98
-52
9
62
87
94
87
77
76
78
80
76
73
84
113
144
160
152
125
99
81
78
88
103
112
94
53
11
-18
-31
-38
-43
-55
-85
-125
-154
-159
-155
-166
-200
-248
-287
-300
-285
-274
-290
-351
-442
-526
-573
-582
-570
-559
-546
-522
-475
-394
-290
-189
-113
-57
9
111
253
411
551
654
721
769
825
889
952
989
996
987
978
981
980
954
892
808
715
638
586
545
491
410
318
233
171
123
77
23
-38
-91
-123
-130
-123
-126
-146
-177
-194
-182
-161
-150
-159
-184
-211
-227
-215
-188
-169
-177
-206
-232
-238
-235
-239
-250
-271
-304
-346
-375
-384
-391
-416
-440
-425
-379
-338
-321
-320
-328
-359
-385
-366
-313
-284
-307
-360
-442
-594
-815
-1065
-1305
-1538
-1775
-2013
-2281
-2588
-2891
-3080
-3079
-2921
-2732
-2598
-2523
-2438
-2237
-1819
-1175
-424
323
1036
1768
2543
3320
4033
4613
5010
5243
5417
5614
5798
5846
5662
5242
4656
3999
3353
2749
2136
1453
682
-121
-867
-1503
-2001
-2353
-2552
-2610
-2538
-2340
-2041
-1687
-1331
-993
-668
-322
53
440
805
1096
1278
1334
1281
1161
1002
812
597
356
92
-200
-520
-870
-1245
-1630
-2001
-2333
-2600
-2793
-2919
-2991
-3027
-3034
-3006
-2938
-2817
-2626
-2350
-1989
-1549
-1051
-548
-95
286
606
889
1146
1380
1599
1797
1952
2042
2061
1994
1834
1598
1349
1140
983
868
782
693
548
334
116
-36
-139
-249
-356
-404
-402
-469
-683
-960
-1197
-1411
-1694
-2002
-2230
-2438
-2804
-3361
-3895
-4321
-4688
-4861
-4477
-3488
-2406
-1586
-837
154
1200
1965
2630
3564
4686
5566
6169
6882
7755
8323
8220
7673
7090
6510
5809
5029
4300
3552
2630
1571
511
-536
-1591
-2526
-3236
-3834
-4381
-4654
-4445
-3993
-3677
-3492
-3177
-2756
-2511
-2377
-1951
-1126
-343
6
38
54
135
183
194
197
159
67
-19
-37
5
25
-131
-562
-1126
-1507
-1577
-1509
-1511
-1594
-1681
-1772
-1825
-1743
-1511
-1273
-1146
-1051
-820
-419
5
292
445
540
611
687
831
1050
1202
1152
962
796
697
591
440
280
130
-9
-87
-47
72
178
216
223
282
446
692
937
1105
1192
1241
1301
1403
1596
1891
2150
2164
1945
1708
1560
1405
1208
1018
791
414
-34
-384
-631
-829
-915
-931
-1099
-1361
-1400
-1271
-1414
-1814
-2051
-2365
-3495
-5229
-6375
-6564
-6565
-6572
-5797
-4232
-3077
-2802
-2391
-1152
160
809
1328
2522
4160
5500
6452
7389
8183
8251
7510
6648
6195
5880
5243
4392
3628
2777
1593
352
-634
-1607
-2800
-3795
-4181
-4206
-4155
-3781
-2998
-2386
-2269
-2107
-1488
-846
-565
-241
428
932
909
912
1435
1971
1873
1415
1189
1108
776
347
200
179
-144
-702
-1056
-1104
-1171
-1458
-1821
-2075
-2192
-2196
-2053
-1784
-1522
-1350
-1234
-1108
-935
-697
-450
-312
-285
-182
105
398
478
415
389
331
114
-120
-166
-146
-291
-504
-527
-376
-278
-264
-211
-109
-34
76
328
666
957
1190
1447
1715
1918
2033
2111
2163
2131
2019
1957
2023
2054
1850
1514
1265
1045
654
185
-61
-153
-434
-844
-1029
-991
-1086
-1359
-1466
-1354
-1334
-1556
-2063
-2946
-4003
-4715
-5001
-5628
-6907
-7646
-6636
-4558
-3222
-3020
-2602
-1180
278
843
1283
2747
4762
5905
6074
6569
7874
8818
8347
7004
5939
5391
4830
3998
3079
2173
1205
142
-964
-2020
-2819
-3218
-3423
-3717
-3875
-3347
-2153
-1059
-621
-487
22
928
1663
1997
2368
3052
3447
2862
1781
1310
1349
562
-1385
-2968
-3079
-2666
-2984
-3574
-3432
-2969
-3161
-3647
-3338
-2301
-1600
-1522
-1277
-410
527
862
714
630
748
732
456
298
497
678
427
-30
-225
-220
-404
-767
-935
-809
-702
-801
-908
-786
-567
-565
-769
-826
-560
-225
-62
64
317
553
624
737
1093
1499
1662
1665
1794
2063
2244
2239
2158
2081
1973
1810
1653
1540
1372
1085
819
743
766
655
451
377
370
185
-94
-156
-78
-208
-486
-589
-586
-749
-873
-636
-471
-1180
-2698
-3989
-4386
-4428
-5172
-6824
-8232
-8026
-6301
-4615
-3972
-3589
-2411
-852
89
664
1983
4044
5603
6014
6125
6964
8238
8653
7565
5832
4714
4312
3736
2619
1528
806
-3
-1209
-2315
-2744
-2647
-2576
-2759
-2876
-2399
-1184
203
997
1185
1450
2116
2747
2998
3170
3523
3672
3192
2398
1880
1561
833
-517
-2078
-3490
-4741
-5765
-6268
-6173
-5818
-5497
-5051
-4194
-3013
-1933
-1212
-652
83
1037
1955
2650
3096
3236
2965
2387
1790
1294
735
-1
-748
-1255
-1486
-1609
-1776
-2004
-2235
-2392
-2390
-2126
-1620
-1080
-704
-444
-90
384
780
975
1056
1134
1197
1249
1387
1600
1687
1527
1277
1201
1296
1339
1225
1096
1097
1173
1209
1220
1231
1151
923
748
873
1211
1385
1227
988
958
1106
1214
1202
1148
1052
851
625
531
494
216
-340
-800
-919
-970
-1389
-2221
-3182
-4048
-4705
-5102
-5479
-6380
-7800
-8607
-7698
-5611
-4025
-3501
-2892
-1337
397
1356
2007
3267
4778
5478
5464
5889
7005
7605
6751
5078
3821
3217
2611
1654
657
-100
-720
-1279
-1593
-1601
-1557
-1622
-1632
-1352
-720
237
1388
2336
2708
2718
2969
3585
3997
3815
3388
3143
2935
2459
1842
1261
390
-1077
-2648
-3503
-3644
-3876
-4605
-5380
-5708
-5630
-5307
-4656
-3692
-2717
-1891
-1000
116
1217
1927
2135
2065
2007
2059
2075
1843
1310
559
-280
-1046
-1625
-2075
-2537
-2995
-3237
-3134
-2780
-2367
-2017
-1752
-1479
-1066
-502
93
622
1051
1364
1586
1798
1987
1994
1771
1532
1462
1485
1458
1396
1333
1219
1070
1013
1092
1178
1181
1142
1145
1227
1373
1505
1537
1495
1494
1575
1709
1867
1952
1829
1578
1489
1582
1469
1000
548
332
18
-571
-1018
-1071
-1130
-1489
-1851
-2077
-2586
-3541
-4449
-4901
-5136
-5652
-6673
-7836
-8162
-6975
-5059
-3953
-3757
-3015
-1181
472
1041
1431
2625
4035
4655
4721
5169
6060
6468
5743
4367
3410
3224
2992
1979
701
155
268
164
-341
-631
-524
-497
-701
-703
-227
538
1280
1769
1971
2225
2860
3537
3609
3176
2982
3198
3218
2754
2231
1892
1403
519
-571
-1643
-2614
-3371
-3909
-4443
-4996
-5250
-5118
-4963
-4894
-4468
-3516
-2533
-1880
-1256
-374
428
772
861
1068
1306
1248
887
545
363
139
-311
-835
-1163
-1333
-1591
-1912
-1994
-1791
-1605
-1565
-1428
-1071
-739
-590
-415
-56
311
517
683
964
1267
1446
1544
1665
1783
1823
1813
1840
1921
1991
2017
2038
2083
2099
2024
1879
1741
1628
1498
1353
1242
1165
1055
884
695
526
351
144
-64
-215
-294
-335
-371
-425
-498
-592
-709
-828
-923
-965
-950
-903
-888
-982
-1195
-1456
-1680
-1876
-2128
-2478
-2883
-3247
-3499
-3579
-3428
-3041
-2519
-2051
-1764
-1606
-1336
-782
-39
572
829
849
932
1252
1709
2065
2170
2049
1856
1773
1885
2124
2312
2316
2176
2084
2181
2387
2474
2289
1909
1526
1285
1203
1174
1057
788
480
329
406
567
625
519
329
158
76
91
139
105
-87
-398
-686
-838
-854
-852
-938
-1119
-1312
-1423
-1420
-1310
-1149
-1011
-965
-1008
-1071
-1079
-1017
-965
-1005
-1138
-1269
-1319
-1306
-1286
-1273
-1242
-1194
-1153
-1112
-1022
-873
-707
-558
-417
-262
-104
24
103
156
204
255
294
313
332
380
450
502
506
487
492
529
569
586
597
635
703
794
914
1054
1167
1199
1177
1184
1259
1346
1379
1367
1367
1410
1456
1472
1460
1437
1410
1379
1350
1314
1250
1153
1030
896
750
589
409
208
-6
-232
-472
-766
-1165
-1650
-2126
-2535
-2938
-3451
-4013
-4386
-4379
-4096
-3843
-3796
-3834
-3702
-3289
-2708
-2158
-1763
-1533
-1382
-1153
-731
-174
287
456
405
422
723
1228
1684
1937
2077
2275
2591
2948
3225
3344
3281
3090
2899
2828
2863
2847
2658
2379
2207
2238
2362
2397
2271
2037
1787
1582
1444
1346
1204
942
589
291
157
128
43
-184
-476
-697
-798
-848
-923
-1038
-1164
-1260
-1316
-1361
-1457
-1649
-1905
-2126
-2229
-2240
-2253
-2336
-2455
-2520
-2480
-2379
-2300
-2293
-2332
-2328
-2209
-1981
-1725
-1522
-1380
-1243
-1068
-866
-688
-565
-486
-404
-282
-111
59
176
232
268
339
449
553
622
683
794
991
1250
1504
1691
1802
1878
1969
2096
2221
2291
2293
2274
2302
2404
2534
2598
2535
2378
2231
2165
2156
2111
1968
1764
1573
1442
1330
1160
902
596
317
109
-73
-327
-735
-1275
-1810
-2236
-2596
-3038
-3632
-4239
-4605
-4601
-4360
-4164
-4151
-4215
-4128
-3749
-3167
-2606
-2269
-2156
-2071
-1787
-1255
-680
-318
-243
-265
-107
339
934
1449
1756
1931
2141
2493
2925
3250
3316
3131
2865
2703
2698
2733
2665
2456
2218
2105
2170
2316
2376
2257
2013
1782
1671
1657
1620
1452
1160
863
690
650
630
492
220
-82
-284
-352
-378
-484
-710
-978
-1172
-1254
-1305
-1444
-1708
-2014
-2219
-2266
-2221
-2209
-2288
-2411
-2469
-2413
-2296
-2224
-2256
-2335
-2347
-2216
-1985
-1752
-1588
-1476
-1341
-1136
-885
-673
-548
-482
-403
-259
-76
78
155
169
191
266
382
491
563
623
729
918
1160
1389
1550
1652
1737
1849
1981
2088
2139
2153
2174
2239
2336
2409
2410
2334
2226
2145
2104
2068
1987
1853
1699
1569
1472
1361
1172
892
583
335
191
95
-73
-400
-860
-1343
-1750
-2095
-2511
-3094
-3775
-4336
-4558
-4437
-4197
-4088
-4164
-4238
-4066
-3588
-2981
-2514
-2317
-2260
-2082
-1630
-1001
-464
-212
-189
-146
142
669
1244
1662
1877
2036
2307
2728
3153
3373
3303
3045
2796
2688
2691
2665
2507
2254
2046
2007
2128
2269
2271
2099
1859
1689
1646
1651
1573
1345
1028
767
659
645
575
351
16
-273
-405
-406
-422
-576
-851
-1108
-1224
-1218
-1252
-1458
-1813
-2132
-2249
-2167
-2048
-2052
-2185
-2317
-2303
-2152
-2005
-2005
-2153
-2297
-2270
-2042
-1748
-1545
-1473
-1433
-1298
-1045
-775
-609
-571
-564
-462
-240
6
153
168
127
137
230
360
453
499
558
708
954
1221
1421
1524
1583
1667
1794
1923
2002
2026
2046
2114
2237
2355
2391
2325
2211
2125
2101
2097
2040
1896
1700
1522
1415
1348
1234
1000
656
309
81
1
-35
-195
-569
-1084
-1568
-1895
-2123
-2446
-3007
-3721
-4294
-4464
-4239
-3896
-3743
-3848
-3976
-3827
-3312
-2642
-2151
-1995
-2027
-1927
-1500
-856
-306
-75
-107
-120
133
666
1263
1686
1885
2010
2257
2672
3105
3337
3266
3000
2753
2666
2699
2692
2533
2261
2033
1977
2088
2222
2221
2043
1794
1624
1593
1628
1580
1362
1028
732
588
575
550
384
74
-246
-433
-466
-458
-559
-820
-1144
-1383
-1468
-1483
-1579
-1829
-2145
-2363
-2388
-2278
-2181
-2195
-2295
-2364
-2323
-2195
-2091
-2097
-2180
-2222
-2123
-1899
-1652
-1477
-1376
-1271
-1101
-875
-662
-520
-443
-356
-204
-2
174
259
266
273
334
446
555
628
688
792
982
1230
1457
1598
1660
1714
1812
1959
2095
2171
2189
2204
2263
2364
2445
2442
2342
2195
2082
2035
2017
1957
1817
1628
1452
1326
1220
1061
795
447
130
-55
-113
-170
-373
-774
-1275
-1715
-2024
-2292
-2691
-3299
-3973
-4437
-4509
-4271
-4009
-3965
-4111
-4188
-3952
-3392
-2758
-2338
-2210
-2176
-1948
-1414
-746
-251
-86
-115
-38
331
932
1525
1914
2102
2268
2572
3009
3392
3523
3354
3038
2794
2718
2735
2682
2480
2200
2004
1993
2125
2243
2208
2018
1792
1664
1673
1723
1672
1452
1131
858
731
716
666
467
143
-178
-374
-433
-478
-640
-952
-1325
-1612
-1752
-1815
-1937
-2177
-2460
-2636
-2633
-2505
-2383
-2354
-2397
-2417
-2337
-2181
-2045
-2007
-2044
-2053
-1953
-1756
-1551
-1407
-1319
-1220
-1058
-843
-639
-495
-404
-300
-141
61
235
327
351
375
449
569
696
796
883
1002
1194
1435
1658
1805
1876
1924
2001
2109
2205
2249
2235
2213
2217
2249
2269
2220
2093
1933
1808
1746
1715
1655
1534
1376
1230
1119
1012
844
578
257
-14
-160
-199
-265
-481
-879
-1355
-1763
-2057
-2334
-2748
-3348
-3991
-4426
-4489
-4259
-3994
-3915
-4004
-4034
-3785
-3240
-2606
-2147
-1961
-1890
-1674
-1182
-540
-25
189
187
228
529
1065
1622
1996
2172
2308
2562
2957
3334
3493
3364
3071
2824
2742
2767
2744
2578
2317
2109
2066
2160
2251
2202
1998
1751
1593
1565
1595
1547
1344
1029
730
545
463
371
166
-152
-474
-689
-767
-796
-895
-1123
-1428
-1695
-1848
-1908
-1973
-2119
-2315
-2460
-2476
-2378
-2253
-2187
-2195
-2223
-2202
-2114
-2006
-1948
-1953
-1964
-1915
-1790
-1628
-1488
-1383
-1282
-1142
-950
-733
-537
-379
-232
-68
128
317
454
530
575
642
744
865
983
1084
1186
1315
1481
1657
1799
1879
1913
1937
1981
2038
2080
2091
2075
2059
2065
2089
2097
2056
1963
1851
1758
1691
1631
1547
1429
1287
1143
1003
843
635
376
113
-93
-236
-376
-594
-926
-1329
-1711
-2027
-2321
-2701
-3212
-3776
-4211
-4360
-4237
-4015
-3892
-3905
-3908
-3723
-3307
-2780
-2328
-2045
-1863
-1625
-1221
-686
-181
149
295
392
599
959
1391
1771
2050
2278
2529
2833
3129
3316
3322
3170
2963
2797
2697
2619
2504
2342
2189
2108
2117
2154
2132
2008
1815
1633
1506
1429
1346
1208
1010
800
629
501
370
177
-79
-356
-589
-757
-889
-1032
-1195
-1354
-1473
-1548
-1616
-1736
-1929
-2143
-2295
-2323
-2272
-2233
-2266
-2338
-2344
-2237
-2094
-2071
-2247
-2525
-2670
-2526
-2155
-1797
-1619
-1537
-1343
-920
-407
-65
-6
-89
-58
193
532
737
715
588
557
681
835
851
720
620
729
1044
1403
1654
1800
1961
2215
2523
2768
2877
2906
2964
3121
3329
3462
3426
3242
3008
2787
2554
2247
1858
1479
1198
1013
828
540
141
-316
-773
-1188
-1547
-1867
-2195
-2614
-3154
-3746
-4289
-4739
-5191
-5824
-6677
-7498
-7795
-7260
-6148
-5063
-4396
-3891
-3026
-1744
-556
79
348
825
1740
2763
3511
3992
4405
4767
4877
4650
4234
3784
3317
2818
2394
2166
2090
2017
1874
1705
1516
1226
856
576
536
671
804
917
1169
1647
2176
2513
2610
2621
2656
2639
2476
2209
1965
1776
1534
1131
592
13
-560
-1165
-1821
-2481
-3065
-3522
-3858
-4101
-4271
-4367
-4353
-4190
-3899
-3537
-3162
-2772
-2343
-1887
-1458
-1105
-830
-610
-431
-295
-204
-157
-153
-199
-297
-426
-553
-657
-741
-814
-865
-866
-795
-664
-509
-361
-223
-72
110
313
525
739
959
1185
1408
1622
1831
2041
2241
2412
2548
2665
2779
2879
2927
2897
2803
2674
2530
2363
2161
1935
1711
1513
1343
1174
996
799
594
375
155
-52
-227
-353
-442
-510
-573
-639
-719
-824
-951
-1075
-1178
-1273
-1416
-1668
-2031
-2462
-2903
-3344
-3837
-4436
-5090
-5643
-5909
-5807
-5410
-4849
-4211
-3508
-2748
-2002
-1334
-724
-82
612
1246
1709
2068
2509
3093
3654
3991
4081
4060
4015
3915
3738
3540
3377
3222
3017
2773
2563
2411
2261
2055
1797
1530
1285
1076
925
841
793
751
733
794
932
1067
1120
1076
981
864
711
508
270
11
-276
-603
-940
-1226
-1444
-1627
-1834
-2055
-2239
-2349
-2399
-2413
-2406
-2390
-2395
-2429
-2472
-2497
-2491
-2462
-2404
-2323
-2228
-2130
-2010
-1859
-1682
-1508
-1344
-1172
-985
-791
-595
-387
-171
43
236
400
540
661
781
897
1010
1102
1169
1215
1251
1280
1301
1316
1322
1318
1314
1322
1349
1390
1439
1487
1530
1568
1606
1642
1670
1682
1672
1653
1636
1634
1643
1647
1632
1591
1521
1428
1316
1177
1018
842
667
502
350
197
19
-186
-391
-568
-709
-849
-1045
-1322
-1653
-1980
-2257
-2492
-2757
-3111
-3539
-3932
-4140
-4091
-3858
-3595
-3418
-3345
-3276
-3091
-2746
-2295
-1873
-1604
-1482
-1358
-1071
-594
-28
465
803
1013
1199
1477
1880
2335
2709
2918
2991
3033
3139
3305
3465
3532
3470
3316
3148
3024
2956
2885
2739
2497
2218
1976
1813
1702
1585
1423
1212
991
811
694
606
472
239
-80
-408
-662
-819
-927
-1055
-1219
-1396
-1523
-1562
-1523
-1480
-1525
-1688
-1906
-2083
-2162
-2164
-2155
-2188
-2272
-2358
-2379
-2299
-2161
-2046
-1989
-1975
-1942
-1841
-1667
-1452
-1259
-1125
-1027
-918
-770
-592
-416
-274
-164
-67
51
202
363
502
598
673
755
864
1003
1150
1286
1402
1507
1614
1730
1835
1910
1940
1940
1939
1967
2034
2117
2179
2200
2170
2102
2024
1955
1894
1825
1732
1609
1458
1285
1107
944
811
705
582
386
75
-327
-758
-1138
-1450
-1754
-2142
-2674
-3299
-3864
-4190
-4201
-4007
-3821
-3794
-3897
-3972
-3865
-3522
-3025
-2554
-2270
-2176
-2089
-1800
-1252
-593
-17
373
612
820
1118
1554
2052
2461
2677
2740
2787
2917
3114
3278
3326
3251
3108
2971
2888
2843
2767
2592
2322
2041
1826
1690
1583
1453
1278
1089
924
810
741
675
552
341
64
-215
-431
-576
-695
-819
-958
-1095
-1201
-1247
-1230
-1189
-1190
-1279
-1433
-1595
-1711
-1771
-1800
-1838
-1920
-2034
-2131
-2158
-2112
-2042
-1993
-1980
-1974
-1936
-1838
-1684
-1505
-1358
-1253
-1158
-1028
-852
-654
-469
-317
-197
-80
67
249
434
580
685
770
865
995
1156
1316
1437
1515
1577
1655
1758
1863
1940
1970
1965
1954
1956
1979
1999
1998
1964
1904
1837
1772
1712
1649
1573
1480
1374
1256
1116
959
807
681
571
429
192
-154
-570
-990
-1361
-1689
-2032
-2470
-3010
-3548
-3912
-3998
-3855
-3670
-3602
-3665
-3738
-3678
-3415
-2983
-2531
-2230
-2129
-2073
-1841
-1354
-730
-155
273
561
792
1079
1489
1980
2414
2668
2745
2767
2850
3005
3159
3232
3199
3080
2934
2815
2742
2675
2531
2281
1979
1712
1523
1391
1268
1122
957
790
661
593
558
498
351
115
-158
-395
-560
-677
-791
-924
-1067
-1186
-1250
-1241
-1190
-1165
-1221
-1356
-1509
-1620
-1677
-1703
-1738
-1805
-1896
-1972
-1988
-1935
-1850
-1778
-1741
-1722
-1688
-1604
-1466
-1301
-1151
-1037
-938
-826
-680
-513
-352
-222
-126
-50
38
145
260
357
427
479
538
625
744
875
998
1099
1191
1299
1429
1567
1680
1757
1807
1848
1897
1958
2015
2044
2032
1985
1925
1857
1784
1696
1590
1476
1354
1224
1079
922
769
646
556
466
307
35
-342
-762
-1147
-1462
-1750
-2096
-2563
-3100
-3551
-3767
-3716
-3522
-3367
-3355
-3435
-3462
-3304
-2948
-2499
-2137
-1977
-1955
-1876
-1569
-1045
-460
25
355
583
816
1155
1614
2087
2426
2570
2590
2626
2741
2904
3029
3060
2996
2874
2752
2672
2621
2532
2336
2051
1758
1526
1359
1215
1068
913
757
626
541
506
479
397
225
-7
-238
-423
-563
-686
-808
-932
-1046
-1129
-1152
-1117
-1068
-1068
-1147
-1269
-1378
-1452
-1501
-1544
-1603
-1688
-1782
-1843
-1846
-1797
-1741
-1710
-1702
-1689
-1649
-1565
-1443
-1312
-1201
-1108
-1012
-893
-743
-583
-430
-300
-197
-104
-3
113
228
328
408
482
562
667
798
938
1068
1185
1290
1399
1511
1615
1699
1759
1799
1829
1859
1891
1920
1938
1934
1913
1874
1819
1748
1658
1558
1454
1345
1226
1095
965
856
770
683
542
299
-47
-452
-849
-1212
-1562
-1958
-2437
-2960
-3404
-3639
-3645
-3523
-3423
-3422
-3480
-3484
-3337
-3024
-2642
-2339
-2197
-2150
-2025
-1700
-1193
-631
-149
202
470
755
1139
1620
2082
2396
2522
2538
2564
2673
2826
2944
2965
2880
2744
2624
2559
2524
2445
2261
1983
1685
1436
1258
1126
1005
879
750
641
577
559
549
494
363
167
-46
-240
-406
-552
-687
-809
-914
-989
-1021
-1012
-986
-998
-1073
-1191
-1307
-1406
-1487
-1560
-1639
-1728
-1812
-1859
-1846
-1791
-1733
-1697
-1672
-1645
-1595
-1516
-1413
-1316
-1241
-1182
-1110
-1004
-868
-721
-579
-453
-338
-221
-94
36
156
256
339
423
522
643
781
926
1072
1220
1368
1516
1651
1763
1851
1918
1970
2007
2034
2050
2063
2070
2061
2030
1978
1915
1845
1765
1669
1551
1404
1242
1093
982
905
800
600
285
-107
-501
-849
-1160
-1510
-1971
-2548
-3123
-3539
-3689
-3610
-3485
-3477
-3610
-3745
-3720
-3474
-3079
-2693
-2466
-2429
-2430
-2249
-1796
-1185
-613
-196
87
344
690
1171
1717
2175
2430
2498
2512
2597
2768
2943
3028
2993
2881
2769
2712
2708
2693
2584
2360
2072
1808
1604
1441
1268
1076
884
730
639
606
601
570
477
328
155
-14
-173
-333
-510
-689
-850
-967
-1032
-1051
-1042
-1036
-1062
-1129
-1214
-1291
-1360
-1434
-1526
-1634
-1747
-1838
-1884
-1879
-1843
-1808
-1783
-1758
-1719
-1656
-1570
-1474
-1388
-1322
-1265
-1192
-1088
-956
-811
-669
-534
-408
-284
-153
-19
110
223
321
417
523
644
777
923
1077
1239
1403
1560
1700
1818
1911
1994
2070
2132
2174
2189
2182
2159
2127
2087
2042
1989
1919
1831
1730
1611
1480
1348
1228
1130
1031
865
594
220
-203
-601
-956
-1307
-1735
-2282
-2901
-3439
-3738
-3751
-3614
-3524
-3567
-3673
-3714
-3595
-3299
-2908
-2602
-2527
-2616
-2602
-2271
-1675
-1030
-484
-9
455
933
1444
2011
2550
2887
2908
2713
2509
2413
2377
2304
2186
2084
2053
2101
2193
2248
2156
1870
1471
1077
739
455
278
295
507
814
1161
1589
2089
2466
2476
2112
1600
1142
695
154
-395
-732
-767
-663
-593
-536
-414
-328
-508
-1006
-1573
-1951
-2157
-2358
-2557
-2556
-2274
-1899
-1664
-1570
-1475
-1388
-1459
-1724
-1971
-1991
-1811
-1595
-1395
-1123
-744
-404
-279
-351
-473
-561
-705
-955
-1195
-1249
-1097
-904
-768
-624
-379
-83
123
237
398
709
1083
1395
1693
2131
2712
3236
3533
3672
3829
3994
4000
3756
3398
3097
2861
2587
2290
2074
1944
1745
1378
961
645
378
-56
-748
-1563
-2363
-3181
-4076
-4985
-5845
-6720
-7610
-8198
-8050
-7177
-6064
-5056
-3972
-2575
-1107
-36
624
1345
2332
3162
3450
3522
4021
4880
5323
4947
4256
3842
3469
2562
1238
234
-132
-325
-737
-1082
-932
-431
-114
-129
-127
148
538
802
1024
1424
2024
2654
3193
3608
3825
3781
3534
3165
2618
1842
1019
370
-164
-834
-1610
-2175
-2453
-2821
-3544
-4295
-4591
-4498
-4450
-4474
-4080
-3037
-1807
-915
-276
483
1298
1692
1541
1285
1288
1331
1048
556
282
279
115
-476
-1224
-1748
-2079
-2462
-2860
-2965
-2673
-2240
-1903
-1589
-1125
-587
-222
-106
-14
280
720
1084
1300
1497
1761
1952
1919
1714
1529
1419
1285
1092
1003
1142
1390
1521
1494
1480
1591
1696
1626
1434
1328
1405
1528
1541
1469
1432
1431
1347
1162
1026
1005
976
806
561
419
362
203
-160
-693
-1399
-2370
-3544
-4635
-5500
-6412
-7597
-8613
-8592
-7357
-5808
-4807
-4079
-2804
-1048
231
681
1150
2388
3864
4576
4633
5029
6023
6576
5834
4387
3402
2994
2275
915
-302
-676
-565
-707
-1105
-1237
-1002
-825
-921
-946
-538
219
1023
1739
2423
3110
3752
4232
4405
4193
3733
3295
2967
2543
1863
1057
321
-387
-1224
-2114
-2859
-3507
-4284
-5077
-5451
-5220
-4735
-4353
-3874
-2907
-1570
-421
288
848
1477
1928
1954
1797
1819
1905
1629
944
281
-119
-527
-1244
-2079
-2613
-2787
-2878
-3001
-2948
-2602
-2180
-1912
-1682
-1243
-652
-191
64
355
834
1323
1577
1608
1603
1623
1540
1300
1041
924
911
871
795
807
953
1084
1079
1019
1066
1240
1396
1446
1466
1568
1748
1922
2026
2037
1922
1683
1424
1298
1333
1384
1307
1109
901
719
499
139
-416
-1158
-2022
-2914
-3748
-4478
-5173
-6020
-7111
-8097
-8279
-7323
-5781
-4536
-3707
-2668
-1112
411
1318
1863
2696
3844
4670
4900
5055
5559
5930
5371
3997
2787
2269
1853
872
-363
-1027
-979
-858
-1055
-1269
-1146
-846
-672
-510
-3
889
1801
2420
2822
3257
3764
4106
4071
3716
3277
2912
2559
2070
1376
496
-499
-1490
-2301
-2859
-3329
-3920
-4568
-4961
-4925
-4634
-4317
-3888
-3097
-1954
-784
178
968
1634
2036
2082
1980
2003
2079
1874
1280
581
44
-427
-1070
-1843
-2474
-2838
-3039
-3137
-3032
-2685
-2271
-1945
-1633
-1180
-626
-163
146
448
846
1248
1509
1615
1645
1614
1476
1247
1032
894
795
670
552
521
580
644
659
671
747
897
1094
1306
1501
1646
1749
1859
1993
2064
1995
1818
1658
1547
1429
1287
1178
1102
957
683
371
86
-281
-888
-1696
-2505
-3190
-3796
-4414
-5103
-5969
-7033
-7914
-7888
-6684
-4995
-3746
-2971
-1944
-426
940
1655
2143
3049
4197
4892
5043
5238
5685
5706
4719
3217
2194
1846
1410
415
-628
-1039
-931
-932
-1215
-1395
-1240
-952
-705
-299
473
1437
2200
2607
2849
3154
3521
3744
3659
3318
2946
2692
2428
1872
921
-196
-1168
-1888
-2455
-2957
-3390
-3772
-4127
-4368
-4334
-4036
-3688
-3364
-2818
-1804
-506
609
1292
1661
1881
1948
1845
1699
1586
1370
906
309
-176
-543
-1045
-1789
-2510
-2883
-2896
-2768
-2613
-2362
-1984
-1580
-1216
-832
-389
18
299
537
879
1294
1584
1606
1443
1266
1133
982
776
585
470
411
370
366
435
523
553
542
622
876
1220
1494
1616
1658
1760
1974
2193
2260
2131
1896
1686
1564
1492
1381
1174
914
666
431
174
-94
-397
-907
-1750
-2729
-3477
-3912
-4336
-5025
-5979
-7006
-7712
-7532
-6247
-4511
-3271
-2622
-1805
-423
973
1796
2298
3084
4137
4877
5082
5167
5392
5285
4305
2820
1816
1574
1332
474
-556
-997
-903
-908
-1194
-1349
-1131
-763
-429
58
869
1791
2446
2722
2852
3097
3454
3695
3623
3285
2903
2595
2229
1586
634
-445
-1418
-2164
-2659
-2971
-3266
-3685
-4147
-4377
-4239
-3944
-3741
-3488
-2809
-1645
-379
604
1249
1637
1766
1671
1559
1590
1621
1365
813
237
-174
-566
-1153
-1880
-2465
-2738
-2755
-2617
-2361
-2044
-1772
-1552
-1245
-773
-271
92
343
654
1064
1431
1605
1594
1479
1322
1162
1036
947
850
711
560
476
467
465
434
416
493
678
926
1191
1434
1597
1639
1636
1743
1979
2114
1939
1569
1344
1365
1359
1117
800
639
539
287
-54
-253
-343
-609
-1175
-1869
-2545
-3248
-3989
-4659
-5292
-6142
-7161
-7613
-6772
-5017
-3600
-3060
-2577
-1344
168
1043
1438
2294
3715
4747
4873
4768
5108
5406
4748
3282
2142
1906
1889
1268
248
-396
-510
-627
-1012
-1280
-1097
-669
-327
-13
547
1343
2053
2405
2461
2541
2890
3386
3633
3429
3033
2775
2532
1935
1006
141
-556
-1395
-2424
-3115
-3175
-3140
-3635
-4373
-4560
-4125
-3753
-3719
-3442
-2456
-1178
-240
373
1017
1585
1664
1349
1240
1537
1713
1312
613
134
-148
-638
-1382
-1984
-2239
-2364
-2513
-2481
-2117
-1696
-1550
-1539
-1255
-660
-114
187
452
870
1288
1485
1503
1510
1506
1381
1187
1096
1105
1036
814
592
507
501
460
422
491
659
833
992
1181
1374
1471
1452
1445
1584
1843
2046
2033
1801
1504
1306
1217
1092
836
534
320
181
12
-194
-405
-723
-1310
-2117
-2882
-3449
-3927
-4494
-5204
-6043
-6895
-7332
-6814
-5393
-3913
-3087
-2608
-1689
-278
912
1567
2219
3304
4394
4861
4858
4987
5214
4832
3628
2420
1980
1993
1589
627
-207
-488
-550
-797
-1071
-1018
-689
-367
-69
435
1149
1785
2110
2233
2430
2832
3294
3530
3401
3073
2786
2555
2163
1477
615
-269
-1164
-2040
-2695
-3005
-3198
-3591
-4086
-4269
-4034
-3736
-3618
-3420
-2780
-1781
-788
32
726
1234
1399
1308
1279
1434
1517
1273
808
389
62
-360
-950
-1548
-1987
-2261
-2411
-2380
-2154
-1879
-1723
-1614
-1354
-903
-439
-96
201
563
961
1258
1390
1406
1371
1313
1254
1216
1197
1127
940
685
504
468
487
461
441
551
772
967
1080
1173
1274
1324
1347
1459
1696
1901
1949
1896
1813
1647
1347
1048
902
826
637
349
159
85
-87
-457
-851
-1137
-1488
-2140
-3009
-3747
-4186
-4584
-5333
-6412
-7188
-6922
-5622
-4170
-3337
-2902
-2122
-875
235
924
1673
2871
4077
4608
4562
4638
4986
4912
3924
2624
1993
2073
1953
1117
109
-381
-491
-777
-1215
-1282
-854
-399
-232
-55
518
1316
1851
1964
2041
2471
3144
3603
3608
3365
3145
2904
2433
1752
1067
395
-447
-1411
-2165
-2560
-2911
-3521
-4201
-4522
-4391
-4055
-3676
-3169
-2445
-1593
-750
10
643
1087
1310
1397
1501
1659
1711
1466
949
373
-125
-598
-1103
-1569
-1916
-2159
-2331
-2393
-2330
-2215
-2107
-1961
-1683
-1266
-789
-342
23
307
545
785
1013
1174
1257
1291
1316
1326
1298
1193
1011
792
618
555
593
664
711
731
749
808
925
1052
1143
1214
1324
1486
1636
1742
1832
1885
1825
1634
1434
1324
1250
1120
949
807
686
513
252
-43
-327
-586
-880
-1311
-1944
-2730
-3489
-4070
-4528
-5123
-5989
-6751
-6721
-5697
-4365
-3530
-3123
-2458
-1332
-250
508
1339
2541
3689
4209
4220
4307
4587
4517
3737
2708
2155
2113
1933
1218
335
-214
-484
-822
-1188
-1230
-887
-525
-355
-156
340
1011
1520
1767
1990
2432
3026
3481
3599
3455
3241
2990
2591
1973
1206
419
-304
-907
-1387
-1841
-2414
-3114
-3748
-4082
-4063
-3823
-3505
-3132
-2642
-1968
-1160
-380
201
559
811
1075
1364
1588
1633
1431
1004
482
4
-404
-823
-1294
-1736
-2033
-2162
-2199
-2232
-2279
-2278
-2140
-1823
-1373
-900
-502
-200
69
366
690
964
1126
1185
1222
1298
1388
1418
1317
1091
836
677
675
766
838
831
781
771
836
950
1056
1113
1131
1174
1292
1463
1594
1626
1599
1608
1660
1643
1469
1209
1033
992
952
790
545
309
66
-256
-597
-833
-1029
-1481
-2309
-3221
-3814
-4099
-4540
-5428
-6397
-6702
-6013
-4819
-3858
-3305
-2741
-1867
-889
-56
813
1964
3144
3811
3894
3922
4237
4462
4029
3070
2324
2168
2146
1651
766
34
-345
-654
-1031
-1182
-898
-469
-284
-248
46
682
1284
1567
1728
2136
2793
3360
3583
3538
3408
3209
2846
2313
1709
1070
368
-355
-967
-1444
-1933
-2574
-3283
-3798
-3954
-3826
-3602
-3376
-3082
-2609
-1937
-1164
-435
127
489
724
935
1170
1361
1384
1181
809
393
14
-344
-743
-1194
-1623
-1940
-2117
-2196
-2238
-2254
-2210
-2053
-1769
-1401
-1010
-637
-287
50
373
674
921
1080
1168
1245
1358
1464
1483
1381
1206
1046
952
924
931
942
920
861
812
832
916
993
1009
1011
1083
1222
1347
1402
1420
1449
1488
1513
1510
1458
1331
1154
1008
916
797
561
266
39
-128
-357
-677
-975
-1269
-1789
-2641
-3508
-4017
-4303
-4861
-5777
-6409
-6110
-5087
-4158
-3702
-3273
-2395
-1290
-438
251
1255
2552
3486
3681
3611
3880
4311
4215
3435
2627
2351
2333
1932
1070
272
-121
-344
-682
-962
-853
-457
-223
-273
-228
237
909
1359
1561
1876
2484
3101
3383
3371
3331
3309
3091
2599
2023
1506
920
144
-642
-1201
-1640
-2267
-3094
-3737
-3910
-3782
-3642
-3485
-3113
-2525
-1925
-1391
-809
-169
326
573
748
1036
1324
1350
1064
675
335
5
-381
-769
-1093
-1409
-1769
-2092
-2253
-2276
-2274
-2256
-2106
-1777
-1390
-1067
-785
-474
-151
122
368
660
982
1227
1345
1406
1461
1467
1366
1215
1121
1100
1073
1010
962
951
925
857
809
856
957
1009
995
995
1061
1163
1254
1340
1430
1491
1522
1583
1688
1713
1506
1130
844
809
885
821
564
235
-89
-440
-800
-1087
-1344
-1790
-2517
-3279
-3769
-4026
-4422
-5141
-5874
-6073
-5544
-4622
-3787
-3168
-2575
-1868
-1107
-315
639
1759
2737
3244
3355
3460
3723
3856
3526
2855
2305
2094
1956
1550
925
375
4
-306
-569
-596
-327
-23
66
60
268
742
1219
1516
1759
2148
2652
3058
3258
3302
3238
3027
2667
2238
1771
1192
470
-241
-784
-1219
-1734
-2372
-2943
-3297
-3462
-3506
-3400
-3103
-2704
-2317
-1929
-1434
-842
-330
-11
200
444
702
825
741
529
272
-38
-397
-738
-1002
-1231
-1488
-1753
-1939
-2009
-2012
-1984
-1891
-1693
-1411
-1111
-819
-519
-209
81
341
595
859
1109
1296
1406
1459
1470
1440
1383
1332
1298
1265
1219
1164
1109
1062
1022
990
977
989
1022
1046
1054
1055
1075
1136
1232
1345
1436
1472
1477
1501
1537
1483
1255
910
631
515
479
356
98
-215
-524
-825
-1102
-1316
-1528
-1923
-2586
-3314
-3790
-3983
-4223
-4783
-5436
-5658
-5221
-4429
-3711
-3141
-2521
-1776
-1042
-351
481
1515
2437
2900
2994
3129
3460
3662
3403
2837
2402
2246
2105
1732
1241
864
598
292
-24
-118
80
325
378
324
442
814
1241
1533
1750
2066
2478
2806
2929
2923
2901
2805
2502
1995
1469
1069
712
227
-413
-1075
-1687
-2288
-2872
-3288
-3414
-3330
-3193
-3017
-2712
-2292
-1897
-1578
-1234
-798
-363
-44
155
293
343
245
28
-190
-348
-512
-738
-983
-1164
-1304
-1473
-1655
-1751
-1714
-1600
-1451
-1258
-1029
-825
-676
-523
-298
-22
229
436
637
850
1029
1144
1217
1280
1328
1343
1364
1427
1492
1479
1384
1300
1295
1329
1328
1285
1240
1204
1158
1114
1117
1158
1189
1196
1220
1279
1303
1223
1090
1013
1017
998
877
681
486
309
111
-106
-299
-468
-672
-912
-1136
-1347
-1669
-2173
-2751
-3192
-3440
-3638
-3943
-4371
-4775
-4961
-4791
-4280
-3578
-2878
-2271
-1715
-1106
-390
413
1221
1915
2419
2745
2978
3174
3275
3178
2898
2581
2351
2169
1928
1606
1259
923
605
370
308
401
516
543
532
608
817
1096
1364
1609
1858
2115
2354
2542
2663
2673
2501
2143
1711
1348
1075
765
311
-278
-908
-1510
-2055
-2497
-2793
-2952
-3028
-3030
-2931
-2752
-2557
-2364
-2114
-1755
-1322
-904
-565
-338
-217
-172
-144
-104
-78
-114
-233
-396
-559
-712
-877
-1056
-1215
-1311
-1336
-1290
-1199
-1099
-1019
-949
-840
-650
-401
-134
116
333
534
727
909
1075
1221
1347
1456
1557
1648
1707
1706
1656
1592
1547
1527
1503
1450
1358
1236
1111
1013
953
926
911
895
887
896
909
921
926
928
929
917
876
793
649
454
233
25
-151
-305
-463
-635
-817
-988
-1154
-1346
-1609
-1964
-2371
-2746
-3036
-3272
-3534
-3860
-4195
-4442
-4480
-4234
-3728
-3102
-2507
-1971
-1435
-825
-140
570
1259
1872
2363
2711
2933
3056
3076
2983
2811
2643
2523
2405
2209
1907
1547
1201
926
772
743
779
797
776
768
832
968
1139
1313
1497
1693
1897
2084
2210
2219
2083
1834
1564
1348
1156
894
488
-42
-639
-1241
-1779
-2198
-2485
-2680
-2811
-2874
-2855
-2778
-2664
-2491
-2222
-1860
-1460
-1093
-803
-606
-502
-457
-415
-341
-267
-248
-301
-400
-527
-672
-813
-931
-1004
-1042
-1052
-1036
-1001
-961
-921
-858
-743
-567
-348
-122
87
271
431
580
736
908
1090
1259
1398
1503
1568
1595
1593
1582
1579
1582
1577
1543
1463
1343
1199
1066
969
921
900
887
867
835
794
763
751
767
815
863
878
829
704
526
332
162
26
-82
-191
-331
-508
-704
-884
-1009
-1090
-1163
-1270
-1462
-1745
-2093
-2449
-2750
-2978
-3169
-3368
-3566
-3711
-3743
-3609
-3294
-2845
-2325
-1789
-1247
-685
-107
481
1050
1574
2018
2365
2606
2745
2800
2787
2723
2633
2530
2400
2219
1982
1718
1471
1262
1106
999
920
850
778
725
716
761
864
1014
1188
1361
1496
1578
1601
1567
1502
1415
1297
1109
822
449
18
-438
-886
-1278
-1597
-1857
-2078
-2256
-2369
-2422
-2412
-2328
-2160
-1935
-1692
-1453
-1235
-1048
-893
-764
-645
-532
-440
-383
-366
-388
-438
-509
-584
-645
-687
-714
-737
-753
-752
-736
-705
-651
-572
-471
-355
-230
-101
31
165
296
428
562
697
830
949
1057
1156
1235
1301
1343
1368
1382
1373
1345
1300
1244
1173
1102
1037
989
945
902
864
831
806
785
767
750
725
684
630
560
474
378
268
149
25
-98
-218
-334
-446
-546
-637
-724
-801
-867
-927
-989
-1064
-1153
-1270
-1429
-1626
-1847
-2072
-2278
-2459
-2623
-2768
-2880
-2930
-2891
-2744
-2483
-2122
-1700
-1253
-788
-302
190
676
1139
1565
1936
2232
2443
2573
2633
2643
2609
2535
2436
2314
2161
1976
1774
1580
1401
1242
1100
978
870
784
727
710
732
780
844
905
957
991
1009
1011
985
906
763
564
320
38
-270
-568
-833
-1068
-1287
-1481
-1638
-1751
-1820
-1839
-1797
-1711
-1612
-1520
-1434
-1349
-1263
-1177
-1088
-1000
-915
-850
-803
-766
-732
-696
-663
-623
-578
-532
-494
-469
-442
-409
-374
-332
-282
-225
-170
-120
-72
-19
44
116
194
274
361
444
522
596
670
742
808
873
934
989
1034
1065
1085
1098
1107
1106
1100
1087
1066
1028
984
931
871
811
750
693
635
580
523
463
398
328
259
188
111
31
-57
-146
-234
-320
-406
-489
-561
-623
-680
-729
-768
-798
-820
-840
-856
-871
-888
-914
-952
-1009
-1089
-1192
-1316
-1456
-1604
-1741
-1847
-1913
-1943
-1931
-1863
-1728
-1526
-1269
-962
-612
-230
158
534
895
1232
1535
1783
1979
2124
2214
2247
2226
2170
2083
1976
1856
1727
1595
1463
1330
1198
1066
939
814
689
566
443
325
220
141
82
36
8
16
47
79
108
145
188
214
215
196
160
93
-2
-120
-255
-400
-552
-711
-870
-1009
-1128
-1229
-1311
-1360
-1376
-1367
-1340
-1280
-1197
-1104
-1003
-898
-787
-681
-583
-498
-426
-364
-314
-281
-261
-246
-239
-242
-250
-258
-265
-272
-280
-282
-272
-260
-239
-207
-170
-121
-61
8
89
180
276
373
469
563
653
730
797
855
898
929
946
949
938
919
894
866
844
823
796
759
713
657
595
530
468
400
332
258
180
106
42
-13
-58
-94
-121
-148
-175
-193
-202
-207
-220
-236
-262
-305
-366
-436
-505
-567
-625
-688
-759
-832
-916
-1009
-1089
-1133
-1141
-1132
-1127
-1120
-1113
-1110
-1096
-1025
-875
-680
-481
-286
-89
90
252
415
609
825
1019
1153
1221
1240
1207
1136
1063
1023
1006
977
914
832
746
659
590
562
591
650
693
701
678
641
598
566
569
603
644
660
630
566
487
408
345
301
274
235
150
27
-116
-257
-383
-476
-538
-577
-623
-691
-772
-854
-918
-955
-960
-942
-920
-912
-934
-977
-1022
-1055
-1061
-1039
-996
-953
-923
-913
-911
-902
-873
-815
-737
-651
-573
-515
-478
-451
-415
-361
-281
-186
-95
-21
28
60
86
122
179
253
337
413
473
514
546
588
651
740
849
955
1034
1077
1086
1080
1071
1071
1087
1104
1094
1046
966
871
779
709
676
670
667
641
585
505
419
358
325
312
302
271
209
115
12
-77
-144
-190
-217
-246
-294
-374
-471
-571
-658
-711
-741
-769
-807
-854
-919
-986
-1035
-1047
-1031
-1000
-966
-942
-936
-943
-945
-931
-896
-839
-769
-703
-647
-596
-543
-478
-388
-269
-133
0
119
223
309
380
451
527
603
670
726
763
780
787
795
815
848
897
945
985
1014
1030
1041
1048
1055
1060
1057
1040
1008
955
891
820
744
664
589
512
433
343
250
149
45
-55
-148
-240
-334
-426
-522
-619
-710
-791
-864
-925
-976
-1017
-1056
-1084
-1103
-1116
-1118
-1107
-1088
-1066
-1040
-1013
-982
-951
-911
-867
-827
-783
-739
-696
-653
-607
-557
-504
-448
-390
-329
-270
-208
-142
-72
6
91
179
271
368
463
558
652
740
824
894
948
984
1007
1016
1009
998
977
951
921
889
861
842
831
828
831
842
847
849
842
822
786
734
675
607
525
429
331
235
137
35
-59
-139
-211
-279
-342
-402
-460
-517
-567
-617
-661
-701
-741
-782
-823
-853
-880
-901
-920
-925
-919
-910
-903
-890
-873
-851
-828
-801
-773
-740
-705
-668
-627
-583
-535
-480
-416
-341
-260
-175
-86
10
105
200
296
388
478
560
636
705
766
819
863
901
936
963
983
997
1004
1006
1006
1001
990
978
960
935
900
864
823
772
716
658
593
523
446
364
277
186
92
-5
-104
-204
-302
-397
-492
-576
-654
-726
-794
-851
-899
-939
-969
-993
-1010
-1024
-1029
-1027
-1021
-1010
-995
-973
-945
-912
-878
-838
-792
-738
-681
-621
-558
-492
-424
-355
-286
-218
-148
-79
-17
43
106
167
221
276
331
384
436
487
537
588
638
687
733
777
815
843
863
883
897
900
896
885
869
846
814
779
739
698
655
608
554
493
432
363
296
234
173
109
42
-19
-70
-117
-164
-201
-234
-265
-291
-317
-340
-367
-389
-404
-417
-438
-467
-497
-522
-546
-571
-596
-614
-628
-641
-654
-664
-667
-664
-659
-649
-627
-598
-573
-543
-501
-448
-395
-338
-274
-212
-150
-93
-39
17
67
117
163
209
254
292
323
355
391
428
458
490
527
563
595
624
655
679
696
707
712
712
706
694
673
646
615
576
527
474
424
372
315
256
200
141
78
18
-36
-89
-142
-193
-244
-295
-341
-384
-426
-464
-497
-528
-556
-576
-596
-613
-624
-631
-631
-627
-621
-609
-595
-576
-557
-535
-512
-482
-452
-421
-390
-354
-319
-285
-249
-210
-170
-131
-92
-51
-9
32
74
112
154
195
231
265
298
324
349
372
391
411
427
437
447
452
454
454
453
448
440
433
421
408
390
367
341
311
283
257
231
207
183
164
143
125
108
93
85
82
75
67
56
42
26
9
-10
-31
-57
-86
-118
-149
-178
-206
-232
-255
-268
-276
-280
-277
-268
-257
-244
-232
-219
-206
-192
-180
-170
-166
-165
-165
-166
-163
-158
-150
-143
-140
-134
-126
-113
-101
-90
-76
-63
-47
-38
-32
-26
-13
2
15
29
44
60
71
81
88
101
113
121
125
130
131
129
122
115
112
109
105
100
93
85
76
63
51
44
38
32
24
17
13
7
0
-6
-10
-10
-4
0
4
11
14
13
10
9
10
11
10
7
5
-1
-8
-15
-22
-27
-32
-39
-45
-50
-56
-62
-66
-66
-64
-62
-59
-54
-48
-43
-40
-32
-22
-13
-5
2
9
15
19
20
21
22
24
21
17
9
4
-5
-14
-23
-31
-36
-42
-47
-48
-47
-42
-39
-33
-25
-16
-5
3
12
20
27
31
35
41
46
51
54
55
55
54
54
53
54
53
53
51
48
46
42
38
34
33
32
34
36
38
41
43
43
45
49
51
52
54
54
54
52
52
51
52
50
47
43
39
36
30
22
17
12
5
0
-4
-10
-17
-25
-34
-43
-50
-58
-65
-71
-77
-82
-87
-94
-101
-104
-107
-111
-115
-117
-118
-122
-127
-128
-127
-124
-121
-116
-109
-100
-93
-84
-76
-65
-51
-36
-22
-9
4
14
19
26
35
41
48
58
65
69
75
76
75
74
76
76
74
74
75
74
72
71
67
64
64
63
62
58
57
54
52
50
48
42
42
41
38
37
32
31
28
29
29
26
23
18
13
7
0
-3
-5
-10
-14
-16
-20
-25
-30
-33
-39
-41
-41
-43
-45
-45
-45
-44
-45
-43
-42
-42
-39
-38
-36
-35
-33
-28
-25
-20
-19
-16
-14
-11
-11
-10
-10
-9
-6
-4
-5
-8
-6
-9
-10
-8
-8
-7
-7
-5
-4
-4
-3
-2
-2
0
2
6
9
14
21
24
26
25
25
22
23
22
21
21
24
25
27
30
31
30
29
30
28
30
32
32
30
28
28
23
21
20
20
17
17
15
14
13
10
6
0
-8
-12
-17
-20
-21
-22
-25
-27
-29
-33
-30
-30
-32
-32
-32
-31
-32
-29
-29
-28
-28
-25
-23
-23
-22
-20
-17
-19
-18
-19
-20
-18
-15
-13
-10
-4
-2
-1
1
5
9
13
17
21
23
24
22
22
22
22
22
22
20
21
23
22
20
23
23
24
24
22
21
19
16
13
11
8
6
5
4
3
1
-1
-2
-4
-5
-6
-9
-8
-8
-7
-7
-7
-7
-7
-7
-7
-7
-6
-7
-9
-13
-15
-17
-21
-23
-25
-26
-24
-21
-20
-18
-17
-16
-18
-19
-20
-20
-21
-19
-15
-13
-10
-8
-6
-5
-4
-1
5
6
8
10
12
11
13
16
18
19
21
24
26
29
28
29
28
27
26
23
21
20
20
17
14
12
10
8
7
7
7
5
4
2
-2
-3
-7
-8
-9
-5
-5
-5
-4
-5
-6
-7
-8
-10
-11
-9
-7
-7
-8
-8
-8
-9
-12
-12
-14
-14
-10
-8
-9
-10
-8
-8
-9
-9
-6
-7
-4
-2
0
-2
-1
0
-3
-5
-2
-2
-3
-3
-3
-2
-1
2
4
6
7
9
8
11
13
11
10
10
12
12
14
12
14
13
12
9
7
5
5
4
2
1
-1
-4
-7
-7
-6
-5
-4
-4
-2
-2
-4
-4
-5
-5
-6
-7
-7
-10
-12
-14
-15
-16
-15
-14
-13
-12
-11
-12
-12
-11
-13
-13
-12
-13
-13
-11
-9
-9
-9
-6
-5
-3
1
5
8
9
10
9
8
10
11
13
14
18
19
21
21
21
20
20
20
21
20
19
17
15
14
12
12
11
10
10
9
7
7
6
3
2
0
-1
-1
-3
-6
-6
-8
-11
-13
-14
-15
-16
-15
-14
-13
-14
-16
-15
-13
-14
-13
-13
-12
-10
-10
-10
-10
-7
-5
-6
-6
-6
-6
-6
-6
-6
-5
-4
-4
-2
-1
2
2
1
2
4
6
8
9
12
14
14
14
14
12
12
12
13
13
15
13
13
13
12
11
9
7
6
6
6
6
5
4
2
0
-3
-2
-3
-2
0
0
-1
-2
-3
-7
-10
-13
-16
-17
-16
-15
-15
-15
-15
-15
-19
-19
-19
-20
-18
-18
-16
-16
-16
-17
-17
-19
-17
-15
-13
-11
-6
-3
-1
2
5
6
8
11
14
14
16
17
17
17
17
18
17
17
18
19
19
20
21
21
20
17
16
14
13
11
9
7
7
6
4
3
2
2
1
1
1
3
4
2
1
-2
-3
-4
-3
-5
-4
-5
-7
-11
-12
-12
-12
-9
-10
-9
-8
-9
-10
-10
-10
-10
-11
-11
-8
-7
-6
-5
-4
-3
-2
-2
-1
-1
1
1
1
0
0
0
-1
-2
-1
-1
1
1
2
1
4
6
4
3
2
4
3
3
3
5
7
9
10
11
12
11
10
10
11
11
11
11
9
8
6
3
1
0
-3
-3
-7
-7
-6
-8
-7
-8
-9
-10
-11
-10
-8
-7
-7
-9
-9
-12
-11
-14
-12
-11
-9
-6
-6
-4
-3
-5
-5
-4
-5
-5
-3
-3
-2
-2
