1
1
1
0
0
0
0
1
0
-1
0
-1
0
1
0
0
-1
1
1
2
2
0
1
1
0
1
2
0
0
1
1
1
2
3
2
3
3
4
2
3
2
2
3
1
0
0
0
-1
-1
-1
-1
-1
-1
-1
-1
-2
-1
-1
-2
-1
-1
-1
-1
-2
-3
-3
-2
-2
-3
-4
-4
-5
-3
-3
-2
-1
-1
-1
-1
0
1
0
0
0
-1
-1
0
1
1
0
0
0
1
1
0
0
1
1
2
0
0
1
2
2
2
2
2
2
3
2
2
2
1
2
2
1
2
0
0
0
0
0
0
1
0
1
1
1
1
-1
0
1
0
-1
0
2
1
-2
-2
-1
-1
-1
-1
0
-1
-2
-2
0
-2
-2
-1
-1
0
0
1
1
-1
0
0
1
0
0
0
-1
1
0
1
1
-1
-2
-2
-2
-2
-1
-1
0
0
0
2
2
2
0
1
1
0
0
0
0
-1
0
-1
-1
-2
-2
-3
-3
-3
-3
-1
0
-1
-1
-1
1
0
0
-1
0
0
-1
0
0
1
2
3
1
3
3
3
3
3
3
1
1
0
1
0
0
0
1
1
2
2
1
1
0
-1
-1
0
-2
-3
-1
-3
-2
-2
-2
-2
-1
-2
-1
-2
0
0
0
-1
-1
0
-1
-2
-2
-1
2
0
1
1
0
1
2
3
1
1
2
1
1
1
1
1
1
1
1
2
2
1
0
0
1
0
1
0
0
0
-1
1
0
1
1
2
0
0
2
1
1
0
0
0
-2
0
1
0
1
0
0
-1
-2
-1
-2
-1
-1
-3
-4
-2
-2
-4
-3
-5
-5
-4
-4
-5
-2
-2
-4
-2
-1
-2
-1
-2
0
0
2
2
1
2
2
2
1
2
3
2
2
2
4
1
2
3
2
3
2
3
3
2
3
3
3
2
1
2
3
3
1
1
3
2
2
3
2
2
2
2
2
0
0
-2
-2
-2
-2
-1
-1
0
-2
-3
-2
-2
-1
-2
-2
-1
-1
-2
-1
-4
-2
-3
-1
-1
-2
-2
-3
-3
-3
-1
-2
0
-2
-1
-2
0
0
-2
-1
-1
0
0
-1
-2
-1
0
1
1
2
0
2
2
0
1
1
1
1
2
1
2
1
2
1
2
2
1
2
1
2
2
1
2
1
1
1
1
1
1
1
0
-1
-1
0
-3
-2
-2
-2
-1
-1
1
-1
-1
1
1
0
0
-1
-1
-2
-2
-2
-1
-1
1
0
-1
-1
-1
-1
-2
-1
-2
-2
-2
-2
-1
-2
-1
-1
-1
0
2
1
2
2
2
3
2
3
4
4
4
3
4
3
2
3
2
3
3
3
2
2
2
0
1
2
2
1
1
1
-1
1
0
-1
-1
-1
-2
-1
-1
-1
-2
-2
-2
-1
-1
-3
-3
-3
-2
-4
-4
-5
-4
-5
-4
-2
-3
-2
-3
-2
-3
-3
-2
-1
-1
-2
0
1
1
1
1
2
1
0
0
1
0
0
1
1
1
1
3
3
2
2
1
1
2
1
0
0
0
1
1
3
3
3
1
2
2
3
1
1
2
2
2
1
1
0
1
0
0
0
0
1
-1
-2
-1
-1
-1
-1
-2
-2
-1
-3
-2
-2
-1
1
0
-1
0
0
0
0
1
2
1
1
1
0
0
-1
-1
-3
-2
-2
-1
-1
0
-1
-1
0
1
1
1
-1
1
0
1
1
1
2
1
2
2
2
1
2
0
1
0
-1
0
1
-1
-2
0
0
0
0
1
1
0
-1
0
0
-1
1
0
1
-1
0
1
0
0
0
-1
0
-1
-1
-3
-3
-3
-2
-2
-4
-2
-3
-2
-2
-3
-3
-3
-2
-3
-2
-2
-2
-2
-2
-1
-2
-1
0
0
1
0
-1
-1
0
1
1
3
3
3
2
3
2
4
5
5
3
4
5
3
4
3
3
2
1
2
2
1
2
1
0
-1
0
0
0
1
0
0
0
2
1
1
1
0
0
0
0
0
1
-1
-1
-1
-2
-2
-2
-1
-3
-3
-4
-2
-3
-4
-3
-3
-4
-3
-3
-3
-3
-4
-1
-2
-3
-2
0
-2
-2
0
0
0
1
2
1
2
1
1
3
3
2
1
2
3
2
2
2
3
1
2
1
0
1
2
2
1
1
1
2
1
1
1
-1
0
-3
-1
0
0
-1
-1
-2
-2
0
-1
-1
-1
-1
-1
-1
-1
-2
-1
-2
-1
-1
-1
-2
0
-1
-1
0
-1
1
0
-1
-1
-2
1
-1
1
1
2
1
0
1
2
1
1
1
2
2
1
2
2
0
1
1
0
1
1
2
1
3
2
3
4
3
2
2
2
2
1
2
0
0
-1
0
-1
-1
-2
-2
-2
-4
-3
-3
-3
-4
-2
-3
-3
-3
-4
-3
-3
-3
-7
-7
-6
-8
-10
-11
-9
-7
-6
-4
-4
-2
0
0
1
3
4
4
4
2
-1
-2
0
2
-2
-6
-9
-13
-14
-15
-15
-11
-5
-1
3
12
17
13
16
26
33
42
48
46
47
52
48
38
41
46
37
32
30
27
23
24
32
40
42
44
50
57
50
49
71
83
67
53
33
-5
-27
-31
-56
-74
-57
-73
-112
-103
-90
-111
-103
-90
-129
-132
-102
-143
-151
-91
-125
-131
-116
-856
-2172
-2225
-720
128
-244
122
1368
1690
1207
1317
1620
1173
661
805
970
665
380
402
318
-55
-288
-150
-54
-270
-397
-229
-171
-333
-395
-392
-538
-647
-625
-667
-674
-491
-391
-453
-352
-164
-210
-293
-234
-288
-389
-279
-202
-230
-111
-437
-1460
-1746
-961
-1009
-1774
-957
796
995
322
757
1762
2178
2246
2337
2413
2292
1836
1544
1635
1184
199
-11
286
-70
-464
-284
-413
-833
-751
-635
-863
-885
-930
-1359
-1636
-1896
-2528
-2583
-1739
-1242
-1201
-705
-54
301
750
1139
1185
1412
1907
2175
2353
2518
2190
1572
1222
948
632
554
491
186
-19
-66
-264
-485
-643
-1003
-1409
-1511
-1461
-1427
-1320
-1266
-1348
-1330
-1168
-1015
-776
-463
-365
-381
-141
234
396
427
547
643
592
538
628
779
823
707
532
439
401
339
275
190
-17
-244
-281
-209
-231
-318
-427
-585
-647
-515
-380
-363
-338
-305
-341
-311
-133
25
54
51
100
155
122
32
7
-6
-98
-139
-28
113
237
377
418
375
466
681
875
1036
1132
1098
1037
1026
991
915
812
642
457
350
295
223
103
-78
-292
-452
-526
-553
-592
-679
-775
-815
-811
-775
-685
-614
-635
-675
-630
-504
-387
-316
-264
-231
-228
-205
-113
-9
30
10
-5
4
37
84
101
79
40
-23
-84
-78
-51
-89
-149
-169
-192
-204
-128
-49
-66
-94
-56
-2
51
116
143
135
160
207
237
272
286
267
256
261
263
299
356
347
278
223
192
185
194
181
149
132
100
43
43
81
52
-42
-107
-119
-96
-67
-61
-70
-56
-61
-98
-74
-6
5
-27
-2
40
37
16
3
-21
-59
-103
-150
-178
-168
-162
-208
-274
-284
-278
-312
-324
-273
-252
-276
-243
-155
-114
-106
-99
-113
-111
-39
42
92
161
229
241
244
295
336
329
322
339
375
429
475
488
468
415
341
279
244
221
214
200
178
173
181
180
177
160
98
59
96
124
101
111
140
82
-3
5
45
16
-8
55
116
105
99
146
158
69
-37
-93
-136
-181
-213
-270
-377
-467
-506
-547
-585
-581
-577
-620
-660
-632
-565
-534
-536
-535
-513
-487
-458
-421
-389
-420
-555
-711
-785
-807
-878
-965
-980
-1002
-1090
-1177
-1222
-1292
-1363
-1341
-1218
-1007
-703
-359
-82
152
423
688
909
1167
1486
1764
1971
2193
2416
2543
2545
2485
2386
2250
2117
2022
1947
1835
1669
1470
1262
1045
823
621
450
322
236
184
155
134
82
-19
-122
-184
-201
-189
-167
-141
-119
-107
-107
-132
-193
-266
-334
-394
-445
-479
-509
-571
-660
-747
-835
-935
-1030
-1090
-1118
-1125
-1093
-1007
-910
-840
-767
-676
-602
-560
-541
-521
-466
-345
-232
-209
-202
-130
-109
-257
-412
-385
-325
-469
-711
-810
-864
-1093
-1388
-1526
-1584
-1755
-1985
-2123
-2196
-2258
-2239
-2155
-2158
-2255
-2322
-2377
-2490
-2451
-2038
-1538
-1401
-1434
-993
0
912
1448
2023
2911
3707
4115
4533
5331
6127
6343
6169
6206
6493
6544
6182
5693
5221
4615
3857
3164
2605
1997
1226
378
-426
-1090
-1563
-1919
-2312
-2738
-3055
-3221
-3304
-3294
-3164
-3034
-2942
-2695
-2212
-1720
-1389
-1101
-832
-753
-796
-604
-133
218
291
367
561
599
384
168
39
-223
-643
-933
-977
-1004
-1171
-1391
-1595
-1834
-2090
-2242
-2254
-2193
-2117
-2003
-1798
-1502
-1186
-950
-803
-665
-488
-319
-174
12
237
410
488
568
712
856
896
841
773
727
682
643
643
675
699
720
790
901
1006
1088
1118
1043
948
1044
1362
1674
1834
1952
2074
2069
1957
1925
1962
1887
1713
1615
1601
1543
1370
1058
608
129
-276
-602
-840
-1005
-1222
-1475
-1467
-1189
-1113
-1420
-1644
-1603
-1903
-2960
-4328
-5418
-6260
-7060
-7438
-6791
-5342
-4158
-3780
-3474
-2455
-1204
-520
-19
1156
2774
4035
5048
6379
7727
8275
7972
7451
7071
6754
6419
6020
5427
4612
3686
2665
1475
186
-1061
-2230
-3317
-4157
-4513
-4389
-4110
-4007
-4062
-4017
-3844
-3697
-3369
-2485
-1362
-726
-477
100
867
1067
968
1480
2327
2485
2164
2327
2727
2418
1624
1199
1010
468
-181
-408
-454
-813
-1402
-1913
-2270
-2498
-2585
-2558
-2399
-2074
-1736
-1549
-1385
-1094
-848
-798
-706
-354
95
423
658
850
903
772
566
397
280
192
106
40
43
90
66
-93
-302
-452
-503
-430
-198
160
502
693
779
935
1185
1365
1428
1548
1791
1979
2045
2165
2390
2456
2195
1846
1687
1591
1290
829
440
119
-256
-592
-706
-700
-844
-1168
-1503
-1771
-2005
-2148
-2074
-1894
-2113
-3187
-4793
-6094
-6917
-7706
-8163
-7310
-5478
-4279
-3989
-3119
-1244
150
399
799
2240
3929
5182
6481
8117
9395
9675
9170
8489
7975
7541
6901
5972
5006
4149
3229
2103
845
-537
-2060
-3462
-4439
-5018
-5233
-4965
-4421
-4146
-4118
-3692
-2755
-1946
-1452
-745
213
779
915
1388
2311
2803
2383
1586
953
451
36
-156
-226
-444
-838
-1235
-1522
-1620
-1591
-1730
-2150
-2452
-2299
-1939
-1706
-1514
-1279
-1205
-1250
-1032
-515
-124
-41
-15
127
317
534
772
886
800
634
503
413
363
280
14
-376
-594
-546
-470
-508
-562
-617
-747
-838
-704
-409
-192
-71
153
572
1038
1365
1529
1646
1780
1900
1960
2041
2238
2429
2367
2087
1931
2002
1984
1699
1410
1249
958
534
420
649
657
335
198
319
176
-271
-527
-556
-710
-864
-632
-169
-39
-651
-1990
-3457
-4287
-4576
-5206
-6499
-7984
-9269
-9843
-8806
-6485
-4910
-4926
-4710
-2879
-681
635
1933
3945
5611
6253
7022
8798
10549
10881
9853
8576
7829
7455
6787
5529
4025
2589
1123
-338
-1458
-2296
-3349
-4608
-5464
-5574
-5107
-4255
-3286
-2631
-2224
-1395
21
1271
1923
2477
3302
4019
4345
4500
4493
3980
2956
1869
935
-2
-1069
-2269
-3572
-4832
-5763
-6213
-6270
-6091
-5715
-5073
-4214
-3368
-2650
-1837
-796
187
890
1536
2257
2753
2871
2871
2820
2422
1674
1046
773
623
360
-20
-459
-904
-1262
-1492
-1645
-1768
-1875
-1906
-1724
-1297
-832
-535
-390
-276
-97
222
656
1030
1235
1365
1531
1719
1890
2005
2008
1910
1795
1707
1632
1568
1462
1264
1046
903
809
748
787
866
865
869
933
881
734
842
1135
1053
631
614
1093
1230
745
354
351
77
-746
-1320
-1087
-730
-1054
-1785
-2347
-3039
-4415
-6300
-8363
-10416
-11430
-10093
-7320
-5711
-5588
-4605
-2152
-507
-517
3
2259
4442
5175
5878
8036
10472
11018
9542
7850
7071
6478
5127
3523
2638
2173
1172
-239
-1215
-1789
-2661
-3852
-4722
-4841
-4111
-2673
-1175
-268
317
1261
2348
2852
2947
3379
4030
4181
3946
4040
4319
3854
2382
673
-589
-1495
-2483
-3706
-4882
-5610
-5831
-5806
-5591
-4999
-4232
-3792
-3558
-2834
-1536
-402
194
673
1348
1960
2307
2485
2447
1989
1221
530
93
-207
-527
-920
-1345
-1668
-1797
-1806
-1854
-1993
-2136
-2134
-1872
-1381
-827
-362
-19
233
447
679
917
1076
1130
1181
1339
1584
1812
1927
1876
1675
1450
1334
1313
1286
1233
1219
1270
1314
1287
1221
1182
1122
943
745
792
1121
1413
1467
1468
1583
1626
1461
1297
1260
1149
863
618
519
354
-41
-550
-1010
-1332
-1457
-1447
-1585
-2233
-3404
-4575
-5292
-6032
-7625
-9495
-9744
-7876
-5941
-5550
-5422
-3741
-1380
-383
-493
231
2134
3667
4142
4638
6002
7499
7903
7059
5902
5230
4840
3967
2518
1369
1187
1427
1114
297
-133
29
-83
-933
-1646
-1258
-209
335
289
665
1790
2690
2625
2206
2296
2674
2641
2301
2296
2651
2717
2190
1446
865
339
-472
-1598
-2667
-3315
-3604
-3890
-4275
-4496
-4398
-4166
-3964
-3638
-3061
-2418
-1932
-1533
-1026
-470
-125
-99
-203
-248
-294
-494
-830
-1111
-1250
-1339
-1468
-1548
-1475
-1327
-1246
-1194
-1033
-800
-667
-625
-482
-178
87
173
199
318
500
661
834
1050
1232
1339
1484
1743
2001
2118
2136
2178
2255
2303
2316
2308
2250
2129
2025
1998
1998
1922
1773
1638
1548
1461
1367
1323
1323
1264
1119
991
940
870
698
502
377
310
222
100
-31
-164
-315
-474
-627
-761
-884
-1004
-1128
-1302
-1612
-2086
-2601
-3032
-3451
-3974
-4465
-4638
-4506
-4385
-4417
-4395
-4172
-3882
-3614
-3228
-2705
-2314
-2204
-2082
-1633
-981
-498
-298
-149
134
521
939
1420
1976
2465
2792
3090
3534
4041
4372
4454
4400
4310
4205
4100
3983
3774
3449
3145
2963
2844
2705
2555
2398
2160
1866
1659
1576
1456
1193
882
652
471
238
-40
-297
-508
-701
-886
-1032
-1112
-1140
-1155
-1181
-1224
-1305
-1459
-1677
-1886
-2041
-2175
-2340
-2533
-2697
-2787
-2796
-2784
-2813
-2867
-2863
-2762
-2603
-2425
-2221
-2020
-1865
-1741
-1585
-1397
-1231
-1118
-1016
-878
-685
-449
-238
-104
-22
83
220
348
456
581
714
826
932
1088
1284
1428
1470
1494
1596
1755
1883
1953
2025
2150
2291
2398
2468
2527
2569
2557
2505
2474
2484
2470
2374
2234
2135
2078
1981
1779
1514
1238
972
716
483
265
19
-307
-740
-1256
-1784
-2274
-2809
-3495
-4223
-4670
-4662
-4409
-4269
-4345
-4453
-4374
-4019
-3461
-2894
-2546
-2464
-2423
-2131
-1547
-936
-596
-542
-517
-282
164
673
1146
1527
1801
2055
2449
2978
3407
3519
3373
3194
3098
3068
3039
2926
2692
2420
2269
2279
2328
2277
2097
1855
1643
1545
1535
1497
1323
1030
745
588
585
634
571
336
29
-179
-232
-225
-297
-510
-823
-1119
-1311
-1406
-1501
-1697
-2009
-2331
-2510
-2498
-2416
-2412
-2487
-2531
-2495
-2425
-2363
-2315
-2298
-2307
-2275
-2125
-1889
-1673
-1519
-1380
-1197
-966
-728
-532
-403
-297
-151
41
217
326
367
375
375
393
452
550
658
757
882
1065
1278
1443
1521
1548
1594
1694
1808
1884
1915
1954
2036
2131
2182
2178
2154
2142
2143
2151
2155
2140
2075
1959
1829
1718
1605
1446
1239
1027
842
672
504
342
175
-25
-272
-561
-889
-1253
-1643
-2070
-2630
-3408
-4233
-4716
-4644
-4296
-4170
-4407
-4677
-4593
-4122
-3490
-2929
-2602
-2558
-2618
-2405
-1756
-998
-635
-714
-769
-423
207
781
1193
1549
1887
2197
2581
3106
3566
3640
3348
3072
3067
3187
3140
2858
2507
2265
2199
2289
2429
2452
2285
2035
1878
1876
1929
1893
1678
1326
996
867
934
982
821
504
239
128
101
36
-134
-450
-874
-1212
-1299
-1249
-1353
-1719
-2132
-2349
-2374
-2342
-2321
-2316
-2355
-2419
-2396
-2241
-2103
-2149
-2303
-2348
-2212
-2027
-1906
-1820
-1710
-1572
-1391
-1142
-886
-737
-690
-602
-401
-189
-86
-92
-117
-113
-73
22
148
237
283
378
595
873
1085
1202
1288
1404
1544
1692
1826
1921
1968
2002
2079
2190
2267
2263
2231
2242
2308
2362
2354
2291
2190
2063
1901
1731
1570
1392
1179
957
776
631
487
337
211
111
-23
-267
-656
-1159
-1707
-2282
-2939
-3655
-4198
-4335
-4172
-4097
-4287
-4489
-4376
-3958
-3461
-3010
-2624
-2379
-2301
-2140
-1631
-933
-521
-557
-649
-398
122
584
893
1209
1599
1974
2311
2682
3023
3128
2947
2698
2583
2559
2456
2223
1949
1774
1784
1945
2106
2133
2047
1961
1920
1891
1864
1836
1717
1443
1136
1009
1055
1048
841
548
343
225
88
-83
-255
-462
-734
-972
-1065
-1098
-1285
-1653
-1984
-2103
-2059
-2014
-2023
-2042
-2041
-2014
-1932
-1813
-1757
-1840
-1973
-2001
-1881
-1723
-1637
-1604
-1538
-1398
-1206
-1011
-862
-774
-709
-601
-431
-278
-234
-287
-350
-343
-269
-182
-113
-59
7
138
367
647
868
979
1049
1177
1372
1571
1712
1778
1803
1844
1940
2057
2128
2137
2138
2170
2206
2203
2173
2133
2048
1896
1730
1612
1508
1347
1135
960
866
799
694
562
443
306
70
-309
-763
-1211
-1696
-2382
-3279
-4060
-4330
-4118
-3897
-4018
-4310
-4376
-4103
-3657
-3146
-2622
-2259
-2211
-2241
-1879
-1088
-420
-319
-531
-470
20
583
940
1184
1481
1821
2141
2500
2897
3116
2983
2652
2443
2450
2456
2265
1931
1673
1637
1787
1973
2052
2001
1893
1805
1769
1790
1811
1720
1457
1139
949
921
900
756
525
318
161
14
-131
-268
-444
-706
-1003
-1212
-1309
-1403
-1585
-1806
-1964
-2041
-2085
-2093
-2047
-1988
-1956
-1931
-1873
-1814
-1819
-1875
-1922
-1941
-1946
-1917
-1822
-1679
-1523
-1342
-1122
-899
-720
-571
-406
-224
-72
33
109
157
176
191
239
315
390
453
544
690
863
1012
1110
1174
1227
1292
1371
1456
1514
1542
1566
1617
1683
1726
1742
1756
1796
1863
1936
1990
1993
1937
1846
1758
1669
1560
1426
1277
1106
907
723
609
550
459
289
56
-236
-620
-1064
-1483
-1912
-2555
-3461
-4259
-4489
-4208
-3971
-4139
-4452
-4451
-4075
-3574
-3074
-2568
-2183
-2078
-2062
-1700
-940
-272
-113
-254
-182
254
774
1154
1451
1755
2030
2274
2596
2989
3215
3094
2754
2492
2425
2418
2290
2009
1720
1615
1746
1962
2070
2029
1933
1835
1751
1726
1758
1704
1439
1091
920
935
906
712
496
386
291
107
-97
-225
-353
-611
-943
-1197
-1366
-1570
-1812
-1968
-2023
-2106
-2262
-2345
-2259
-2105
-2026
-2012
-1989
-1961
-1963
-1963
-1915
-1877
-1894
-1913
-1838
-1681
-1512
-1347
-1150
-931
-727
-527
-308
-101
33
97
152
222
262
251
245
281
352
436
551
701
836
920
994
1112
1245
1322
1343
1383
1467
1552
1615
1685
1778
1839
1840
1832
1872
1937
1970
1964
1952
1945
1905
1816
1683
1513
1312
1112
953
830
687
516
366
270
180
43
-160
-454
-873
-1350
-1768
-2179
-2800
-3639
-4285
-4342
-3980
-3787
-4006
-4268
-4148
-3678
-3155
-2692
-2266
-1970
-1874
-1753
-1301
-617
-170
-175
-287
-78
435
906
1170
1368
1646
1988
2337
2681
2951
3008
2823
2576
2466
2489
2457
2226
1874
1622
1624
1806
1957
1958
1863
1772
1719
1698
1711
1695
1538
1238
959
860
872
804
617
430
326
237
95
-64
-199
-361
-609
-895
-1131
-1313
-1509
-1727
-1910
-2037
-2146
-2260
-2326
-2308
-2250
-2220
-2216
-2194
-2142
-2083
-2029
-1969
-1906
-1839
-1764
-1662
-1523
-1344
-1137
-921
-707
-496
-272
-49
132
242
291
304
290
268
252
255
280
326
403
517
659
807
929
1017
1088
1168
1259
1349
1432
1515
1601
1681
1757
1835
1899
1919
1907
1905
1939
1979
1982
1958
1937
1916
1842
1690
1481
1252
1026
801
606
470
371
247
69
-112
-258
-441
-776
-1258
-1747
-2203
-2776
-3525
-4165
-4335
-4105
-3935
-4080
-4279
-4157
-3709
-3198
-2766
-2373
-2049
-1874
-1732
-1367
-775
-296
-183
-235
-58
429
952
1299
1540
1834
2174
2470
2712
2917
3003
2878
2633
2483
2501
2524
2366
2065
1814
1745
1800
1846
1816
1744
1672
1613
1592
1634
1680
1606
1386
1145
1009
949
831
625
427
302
201
60
-110
-268
-438
-674
-966
-1245
-1489
-1734
-1986
-2190
-2318
-2405
-2491
-2544
-2505
-2418
-2356
-2339
-2328
-2297
-2249
-2172
-2045
-1895
-1754
-1612
-1434
-1215
-992
-791
-604
-421
-237
-45
156
335
455
503
508
506
505
482
437
400
397
444
531
648
789
921
1028
1113
1192
1276
1361
1435
1497
1548
1608
1691
1784
1848
1851
1812
1778
1791
1843
1878
1845
1749
1644
1548
1436
1273
1064
849
650
482
357
268
157
-6
-177
-321
-511
-850
-1304
-1728
-2125
-2650
-3328
-3863
-3976
-3802
-3748
-3961
-4163
-4057
-3679
-3235
-2820
-2433
-2147
-2007
-1844
-1437
-844
-411
-335
-380
-185
301
827
1209
1515
1872
2272
2633
2932
3169
3259
3143
2911
2753
2721
2674
2473
2173
1961
1923
1971
1976
1899
1786
1672
1573
1515
1500
1477
1355
1130
894
726
618
500
342
170
8
-129
-237
-320
-420
-585
-800
-1012
-1189
-1352
-1528
-1716
-1884
-2002
-2058
-2068
-2058
-2057
-2068
-2076
-2055
-2009
-1973
-1953
-1926
-1874
-1801
-1710
-1587
-1450
-1325
-1202
-1048
-863
-693
-552
-406
-244
-96
29
137
193
143
41
40
197
396
518
583
661
768
903
1093
1305
1429
1432
1411
1457
1525
1543
1540
1608
1755
1900
1984
1988
1927
1854
1844
1901
1951
1918
1797
1629
1450
1271
1100
942
798
654
520
399
275
115
-75
-249
-432
-734
-1208
-1762
-2316
-2944
-3643
-4114
-4069
-3707
-3548
-3743
-3897
-3697
-3326
-3077
-2886
-2559
-2185
-1972
-1822
-1475
-973
-614
-418
-74
524
1030
1162
1150
1404
1958
2487
2765
2847
2854
2816
2769
2774
2822
2809
2677
2471
2281
2142
2029
1893
1729
1600
1549
1481
1271
1009
934
1086
1220
1140
929
731
544
331
181
131
22
-253
-529
-617
-606
-705
-901
-1019
-1055
-1176
-1415
-1639
-1770
-1873
-1974
-2014
-2014
-2064
-2144
-2118
-1976
-1882
-1913
-1944
-1865
-1730
-1642
-1589
-1511
-1406
-1287
-1126
-924
-747
-633
-521
-346
-162
-27
86
225
365
438
460
479
524
582
661
754
828
871
933
1052
1191
1295
1362
1428
1499
1572
1650
1740
1819
1847
1818
1752
1697
1701
1755
1788
1743
1643
1556
1498
1427
1326
1210
1080
923
752
591
440
285
130
-25
-200
-404
-639
-939
-1339
-1796
-2253
-2763
-3370
-3875
-3968
-3716
-3570
-3746
-3909
-3734
-3426
-3298
-3178
-2725
-2130
-1885
-1951
-1771
-1135
-471
-135
69
397
726
891
1089
1559
2132
2455
2510
2590
2823
3033
3071
3029
3013
2973
2800
2554
2399
2376
2340
2157
1883
1687
1626
1585
1472
1342
1281
1254
1172
1049
951
852
658
396
190
62
-105
-346
-557
-676
-784
-932
-1038
-1060
-1104
-1264
-1460
-1578
-1645
-1760
-1902
-1976
-1982
-2011
-2079
-2103
-2066
-2022
-2011
-1992
-1927
-1850
-1785
-1697
-1559
-1411
-1292
-1179
-1043
-907
-800
-691
-535
-356
-208
-94
31
175
306
403
480
551
623
693
766
857
961
1063
1150
1232
1319
1408
1498
1585
1669
1752
1825
1888
1933
1942
1913
1870
1834
1806
1777
1737
1686
1618
1538
1447
1340
1221
1100
977
835
671
521
384
215
0
-240
-542
-984
-1543
-2102
-2641
-3225
-3734
-3883
-3694
-3580
-3753
-3907
-3744
-3486
-3409
-3294
-2835
-2300
-2159
-2257
-2004
-1319
-702
-411
-165
247
616
786
1006
1512
2089
2388
2433
2513
2724
2887
2900
2866
2860
2790
2588
2381
2319
2334
2238
1985
1729
1586
1505
1381
1210
1086
1039
1001
930
880
884
845
668
426
267
181
32
-192
-374
-492
-640
-798
-848
-825
-902
-1088
-1212
-1236
-1322
-1509
-1636
-1649
-1699
-1850
-1951
-1919
-1878
-1920
-1952
-1891
-1804
-1758
-1705
-1599
-1472
-1358
-1240
-1105
-994
-916
-823
-695
-569
-457
-326
-175
-47
36
116
227
336
414
466
523
594
680
786
902
1007
1102
1199
1298
1379
1447
1537
1639
1715
1753
1800
1870
1901
1855
1779
1744
1738
1702
1641
1589
1543
1453
1325
1208
1113
1003
876
767
662
494
270
58
-170
-548
-1085
-1615
-2088
-2663
-3341
-3767
-3710
-3486
-3530
-3738
-3708
-3461
-3356
-3364
-3060
-2444
-2083
-2201
-2256
-1769
-1045
-611
-408
-57
409
675
793
1138
1746
2212
2307
2287
2451
2702
2795
2751
2750
2781
2674
2438
2292
2310
2284
2050
1737
1560
1499
1372
1158
1015
1010
1018
933
835
836
870
778
563
369
267
153
-62
-300
-454
-548
-658
-761
-790
-780
-822
-930
-1043
-1158
-1301
-1430
-1484
-1506
-1584
-1702
-1757
-1744
-1751
-1794
-1800
-1750
-1717
-1724
-1693
-1580
-1438
-1330
-1255
-1171
-1069
-959
-851
-757
-669
-569
-444
-318
-213
-116
-2
116
206
273
359
482
616
726
818
915
1025
1131
1224
1317
1414
1508
1586
1652
1719
1792
1861
1896
1895
1879
1873
1872
1841
1764
1664
1573
1493
1406
1310
1215
1125
1021
892
744
606
463
251
-105
-600
-1150
-1698
-2289
-2920
-3388
-3505
-3401
-3406
-3577
-3641
-3485
-3343
-3328
-3166
-2712
-2321
-2320
-2403
-2064
-1391
-892
-670
-382
77
418
562
840
1414
1950
2136
2140
2289
2560
2703
2694
2711
2770
2701
2478
2311
2322
2341
2178
1886
1655
1521
1363
1143
978
936
921
828
711
691
750
738
580
373
221
101
-81
-300
-442
-493
-536
-614
-670
-670
-670
-734
-838
-941
-1057
-1183
-1289
-1356
-1427
-1518
-1595
-1631
-1677
-1754
-1807
-1795
-1761
-1760
-1760
-1696
-1580
-1474
-1393
-1304
-1190
-1079
-977
-869
-739
-601
-464
-342
-237
-143
-37
77
163
217
273
375
507
633
755
890
1021
1118
1180
1250
1349
1459
1559
1651
1744
1836
1901
1924
1918
1915
1927
1936
1909
1845
1768
1686
1590
1476
1371
1288
1201
1092
956
819
688
547
347
17
-452
-995
-1563
-2199
-2874
-3364
-3466
-3348
-3378
-3598
-3690
-3536
-3400
-3390
-3209
-2726
-2357
-2423
-2552
-2190
-1459
-914
-673
-387
55
365
483
757
1341
1873
2029
1997
2121
2382
2526
2530
2571
2652
2591
2386
2263
2320
2357
2179
1882
1665
1534
1352
1105
936
901
891
808
725
760
875
894
737
511
341
201
-11
-270
-448
-501
-527
-585
-622
-588
-549
-591
-707
-835
-960
-1080
-1174
-1241
-1322
-1424
-1493
-1506
-1528
-1600
-1650
-1630
-1599
-1628
-1663
-1602
-1471
-1379
-1356
-1326
-1246
-1153
-1083
-1017
-923
-802
-674
-555
-450
-350
-237
-127
-46
6
81
206
349
468
573
694
831
964
1077
1176
1268
1369
1490
1611
1711
1788
1859
1914
1934
1937
1974
2042
2055
1968
1846
1775
1745
1673
1545
1425
1338
1219
1039
875
792
704
428
-60
-621
-1142
-1692
-2346
-2958
-3258
-3231
-3195
-3354
-3511
-3414
-3218
-3209
-3261
-3005
-2529
-2327
-2473
-2441
-1911
-1268
-941
-745
-322
175
407
520
914
1546
1946
1973
1969
2160
2354
2367
2347
2458
2544
2406
2174
2113
2202
2180
1954
1694
1521
1350
1087
829
724
746
737
638
568
634
751
738
563
372
251
78
-273
-663
-842
-791
-713
-680
-556
-309
-130
-167
-357
-559
-741
-924
-1101
-1285
-1457
-1531
-1465
-1382
-1395
-1409
-1286
-1148
-1215
-1405
-1429
-1253
-1142
-1202
-1204
-978
-680
-526
-481
-385
-234
-168
-265
-445
-576
-619
-636
-690
-722
-612
-355
-105
44
160
356
568
666
695
835
1162
1542
1840
2072
2348
2662
2882
2928
2876
2865
2884
2782
2508
2211
2027
1876
1615
1298
1096
1022
900
637
306
-104
-779
-1850
-3206
-4661
-6155
-7574
-8526
-8569
-7745
-6640
-5701
-4768
-3482
-2039
-1047
-623
-91
1035
2234
2787
2998
3826
5247
6091
5757
5079
4935
4829
3847
2281
1252
997
657
-199
-906
-864
-517
-585
-943
-984
-640
-385
-373
-237
239
853
1421
2015
2646
3133
3386
3521
3546
3286
2723
2076
1445
667
-294
-1143
-1661
-2041
-2607
-3288
-3741
-3879
-3983
-4216
-4250
-3729
-2839
-2081
-1537
-839
67
721
871
886
1127
1381
1279
936
732
701
526
59
-487
-884
-1178
-1514
-1864
-2046
-2019
-1955
-1980
-1996
-1857
-1574
-1300
-1104
-885
-530
-99
238
436
630
903
1131
1204
1218
1341
1546
1670
1653
1616
1660
1695
1588
1389
1296
1358
1425
1402
1352
1336
1313
1278
1273
1285
1284
1308
1365
1376
1354
1389
1413
1225
881
664
642
603
465
335
219
43
-227
-792
-1947
-3530
-5056
-6496
-8042
-9106
-8728
-7174
-5796
-5131
-4371
-2940
-1439
-605
-229
481
1831
3252
4070
4475
5230
6276
6514
5506
4305
3857
3568
2473
945
70
-41
-265
-978
-1606
-1628
-1340
-1304
-1456
-1244
-504
282
715
1023
1640
2530
3286
3718
3959
4132
4173
3960
3444
2655
1743
894
148
-617
-1418
-2079
-2542
-3016
-3617
-4138
-4341
-4281
-4075
-3618
-2791
-1760
-843
-159
379
823
1115
1211
1207
1261
1373
1335
1015
569
173
-275
-935
-1640
-2090
-2271
-2391
-2484
-2397
-2154
-1968
-1916
-1843
-1626
-1321
-1018
-698
-295
143
488
669
760
864
964
981
943
976
1109
1224
1215
1109
998
907
800
701
694
816
999
1165
1300
1398
1432
1406
1399
1466
1606
1760
1858
1875
1860
1855
1784
1580
1330
1157
1041
926
848
777
561
193
-159
-593
-1532
-3027
-4522
-5643
-6745
-8062
-8801
-8032
-6237
-4908
-4513
-3963
-2448
-745
56
337
1320
3109
4480
4770
4832
5535
6238
5719
4212
3143
3001
2718
1496
94
-484
-527
-978
-1830
-2221
-1863
-1398
-1305
-1195
-562
408
1117
1417
1738
2392
3201
3784
4018
4049
4014
3845
3320
2364
1262
398
-238
-983
-1899
-2607
-2904
-3157
-3715
-4306
-4419
-4013
-3430
-2796
-1934
-876
14
477
711
1040
1435
1599
1510
1502
1684
1687
1189
418
-228
-766
-1417
-2052
-2341
-2305
-2296
-2422
-2436
-2212
-1965
-1880
-1801
-1478
-949
-472
-176
51
306
495
512
472
558
740
817
759
754
863
912
766
549
445
446
460
501
615
743
813
876
1030
1271
1491
1609
1638
1669
1777
1961
2101
2075
1924
1812
1784
1665
1349
1004
848
814
710
512
302
41
-312
-667
-1084
-1912
-3229
-4559
-5524
-6441
-7542
-8098
-7222
-5401
-4122
-3798
-3285
-1798
-177
540
833
1893
3629
4751
4793
4753
5326
5693
4829
3297
2463
2446
2078
858
-314
-677
-732
-1246
-1958
-2095
-1624
-1191
-1048
-751
7
887
1411
1627
1966
2623
3344
3765
3823
3727
3607
3278
2493
1399
447
-176
-789
-1625
-2382
-2728
-2876
-3266
-3846
-4128
-3869
-3261
-2529
-1690
-755
93
643
901
1101
1370
1565
1536
1449
1510
1548
1176
403
-370
-948
-1480
-1999
-2279
-2252
-2186
-2270
-2341
-2209
-1961
-1771
-1605
-1284
-782
-271
88
279
375
401
368
358
457
621
698
650
584
574
537
398
231
144
166
262
406
563
664
702
751
877
1072
1322
1601
1838
1949
1948
1944
1974
1951
1837
1744
1756
1750
1570
1261
980
726
409
115
-20
-114
-369
-665
-806
-1095
-2063
-3566
-4847
-5640
-6445
-7342
-7443
-6151
-4370
-3455
-3328
-2749
-1298
40
585
1076
2396
4040
4829
4717
4695
5068
4976
3918
2733
2336
2360
1809
638
-298
-632
-879
-1412
-1838
-1702
-1179
-742
-477
-97
524
1136
1482
1661
2020
2690
3390
3717
3627
3413
3206
2758
1858
795
-23
-641
-1362
-2122
-2588
-2790
-3097
-3604
-3987
-3967
-3523
-2765
-1879
-1072
-395
201
652
887
1072
1341
1526
1502
1457
1492
1289
634
-186
-819
-1287
-1690
-1934
-1986
-2016
-2120
-2185
-2125
-1991
-1821
-1575
-1227
-787
-310
86
295
331
302
297
335
432
580
720
797
804
747
616
435
280
225
276
395
528
627
657
652
701
841
1001
1130
1312
1594
1857
1960
1952
1955
1934
1780
1539
1377
1349
1351
1238
955
595
301
102
-122
-406
-600
-602
-604
-968
-1864
-3038
-4045
-4757
-5545
-6588
-7211
-6557
-4927
-3647
-3305
-3028
-1989
-683
63
567
1695
3289
4302
4372
4290
4652
4926
4328
3163
2452
2451
2330
1488
433
-139
-409
-911
-1492
-1530
-988
-468
-312
-190
276
940
1390
1537
1739
2302
3052
3528
3542
3344
3160
2837
2116
1152
407
-23
-553
-1440
-2324
-2785
-3014
-3426
-3879
-3896
-3529
-3213
-2899
-2132
-1033
-303
-106
129
677
1149
1282
1329
1462
1473
1214
801
339
-173
-724
-1256
-1669
-1840
-1808
-1846
-2070
-2200
-2041
-1800
-1639
-1370
-900
-488
-274
-44
284
461
403
382
549
731
790
814
858
821
652
464
361
347
374
397
423
501
613
654
614
666
868
1051
1139
1321
1662
1894
1864
1818
1943
2034
1891
1677
1561
1418
1123
822
654
514
293
56
-120
-309
-560
-766
-829
-903
-1369
-2397
-3592
-4384
-4831
-5556
-6583
-6926
-5919
-4368
-3523
-3336
-2756
-1490
-358
219
918
2279
3682
4239
4124
4208
4656
4698
3889
2878
2462
2450
2051
1105
246
-166
-483
-1005
-1386
-1204
-670
-326
-274
-108
421
1052
1434
1615
1953
2587
3212
3477
3404
3273
3107
2618
1747
911
459
112
-630
-1687
-2498
-2850
-3085
-3453
-3777
-3825
-3575
-3049
-2279
-1472
-880
-500
-144
284
764
1233
1541
1559
1390
1222
1023
622
54
-504
-986
-1376
-1588
-1652
-1782
-2065
-2307
-2324
-2147
-1868
-1529
-1194
-919
-651
-328
-33
120
179
261
411
591
762
873
869
758
627
556
544
545
503
436
418
480
535
519
503
595
780
983
1194
1403
1528
1540
1574
1730
1916
2013
2037
2025
1918
1706
1465
1235
991
773
633
474
193
-117
-302
-445
-684
-914
-1016
-1250
-1993
-3126
-4122
-4779
-5452
-6290
-6714
-6087
-4734
-3701
-3355
-2960
-1904
-673
62
638
1773
3220
4047
4083
4082
4399
4474
3850
2964
2499
2399
2060
1248
377
-168
-523
-952
-1314
-1258
-836
-463
-334
-193
228
806
1239
1512
1888
2492
3114
3466
3507
3385
3186
2837
2241
1461
679
2
-641
-1351
-2055
-2590
-2953
-3279
-3585
-3726
-3546
-3027
-2303
-1590
-1005
-479
52
487
765
1021
1317
1476
1391
1203
996
626
28
-598
-1054
-1359
-1612
-1813
-1965
-2099
-2218
-2276
-2212
-2002
-1678
-1338
-1022
-685
-339
-96
-10
38
151
302
441
594
745
806
761
683
623
558
484
457
496
575
643
663
639
612
628
691
837
1086
1363
1541
1624
1732
1878
1939
1908
1953
2116
2194
2017
1676
1377
1166
957
718
528
395
186
-181
-541
-678
-654
-770
-1207
-1902
-2721
-3554
-4294
-4958
-5655
-6258
-6293
-5507
-4352
-3523
-3085
-2509
-1551
-536
291
1178
2316
3333
3780
3810
3919
4124
3956
3260
2523
2181
2010
1534
739
27
-421
-780
-1132
-1240
-971
-580
-366
-252
63
616
1147
1489
1789
2259
2858
3346
3552
3512
3325
2967
2363
1649
1107
739
203
-661
-1548
-2148
-2540
-2925
-3255
-3418
-3403
-3155
-2559
-1777
-1180
-833
-460
59
552
926
1226
1386
1309
1105
913
674
274
-246
-765
-1202
-1481
-1626
-1798
-2075
-2283
-2299
-2204
-2055
-1796
-1478
-1262
-1099
-819
-459
-222
-132
-22
170
389
598
741
739
620
539
570
629
649
637
599
530
500
564
646
654
626
677
825
1027
1242
1423
1535
1608
1709
1838
1943
2003
2001
1912
1791
1754
1751
1564
1151
758
562
455
299
158
56
-186
-617
-931
-908
-873
-1347
-2306
-3219
-3811
-4371
-5151
-5861
-6013
-5512
-4697
-3929
-3273
-2573
-1774
-995
-252
662
1806
2826
3369
3534
3674
3836
3776
3388
2853
2395
2026
1591
999
370
-143
-558
-946
-1173
-1033
-638
-343
-243
-50
404
911
1268
1587
2057
2625
3080
3316
3376
3312
3094
2658
1992
1278
737
331
-245
-1081
-1868
-2362
-2709
-3065
-3284
-3219
-2979
-2646
-2131
-1469
-898
-506
-132
297
684
968
1159
1212
1104
903
646
306
-103
-515
-918
-1283
-1520
-1645
-1805
-2021
-2153
-2142
-2054
-1906
-1665
-1392
-1158
-918
-634
-366
-172
-31
110
283
471
615
662
638
609
604
635
704
767
735
632
554
541
551
568
609
673
765
907
1098
1275
1388
1437
1461
1536
1715
1912
1961
1841
1720
1705
1706
1585
1360
1143
966
764
498
239
78
-42
-257
-535
-683
-666
-720
-1116
-1856
-2742
-3564
-4229
-4810
-5388
-5807
-5709
-4996
-4082
-3447
-3025
-2407
-1499
-582
240
1183
2279
3119
3411
3426
3576
3775
3595
2987
2407
2130
1867
1256
466
-107
-429
-743
-1018
-969
-604
-282
-201
-128
200
700
1142
1486
1875
2380
2894
3245
3356
3311
3195
2938
2417
1724
1126
692
184
-551
-1336
-1954
-2434
-2859
-3133
-3152
-3007
-2802
-2454
-1886
-1266
-793
-424
0
454
787
965
1053
1049
906
649
366
71
-286
-696
-1081
-1380
-1612
-1824
-2027
-2171
-2217
-2162
-2015
-1787
-1522
-1278
-1069
-855
-604
-352
-145
39
243
462
654
780
822
786
721
689
717
766
781
742
683
643
636
644
661
690
733
795
883
993
1081
1112
1122
1211
1407
1618
1752
1832
1907
1927
1824
1687
1627
1582
1394
1099
885
771
556
168
-212
-436
-621
-877
-1059
-1005
-953
-1345
-2242
-3194
-3810
-4215
-4736
-5340
-5599
-5249
-4522
-3846
-3351
-2803
-2026
-1150
-339
489
1468
2411
2954
3057
3083
3269
3393
3141
2611
2173
1915
1565
964
339
-59
-305
-549
-681
-496
-105
145
158
200
504
977
1394
1733
2133
2618
3028
3230
3244
3152
2963
2606
2072
1466
926
453
-89
-771
-1485
-2056
-2433
-2682
-2840
-2872
-2744
-2477
-2107
-1660
-1185
-739
-344
25
391
702
871
853
691
469
223
-43
-335
-646
-970
-1292
-1582
-1807
-1980
-2108
-2172
-2121
-1945
-1701
-1458
-1255
-1076
-888
-672
-422
-152
110
332
492
603
694
759
761
700
635
632
687
739
741
706
665
641
654
719
810
889
931
949
962
987
1038
1129
1248
1376
1508
1639
1737
1767
1728
1668
1614
1563
1504
1424
1281
1030
689
355
88
-149
-406
-638
-759
-811
-909
-1059
-1215
-1472
-2035
-2867
-3621
-4060
-4376
-4821
-5218
-5124
-4474
-3728
-3243
-2827
-2126
-1210
-411
244
1024
1943
2617
2824
2841
3004
3184
3041
2582
2167
1954
1715
1246
705
356
184
10
-157
-127
116
335
380
403
634
1040
1408
1677
1987
2413
2812
3007
3011
2938
2810
2555
2181
1736
1211
570
-81
-576
-949
-1418
-2033
-2546
-2761
-2800
-2835
-2777
-2440
-1936
-1538
-1267
-911
-435
-79
55
147
311
380
216
-59
-272
-467
-748
-1037
-1210
-1321
-1510
-1749
-1879
-1872
-1836
-1805
-1683
-1444
-1194
-1007
-813
-556
-312
-152
-16
183
403
554
646
756
868
896
837
792
814
867
888
897
927
959
949
912
925
1006
1078
1084
1069
1089
1108
1076
1037
1081
1202
1309
1354
1380
1437
1503
1505
1433
1357
1331
1278
1099
830
575
332
32
-282
-496
-627
-807
-1039
-1191
-1209
-1197
-1233
-1317
-1488
-1886
-2541
-3223
-3652
-3835
-4035
-4339
-4448
-4072
-3405
-2888
-2569
-2089
-1313
-541
19
583
1323
1988
2256
2263
2389
2675
2782
2539
2205
2061
1986
1712
1280
982
874
744
540
476
649
834
824
738
816
1079
1356
1559
1743
1983
2249
2437
2475
2407
2328
2206
1865
1261
662
358
200
-237
-997
-1637
-1893
-2043
-2369
-2630
-2481
-2095
-1891
-1851
-1614
-1174
-913
-913
-788
-389
-86
-154
-365
-419
-426
-592
-813
-872
-847
-973
-1213
-1336
-1308
-1319
-1440
-1482
-1326
-1116
-1015
-976
-878
-747
-661
-558
-342
-81
96
201
345
531
657
700
747
855
969
1037
1099
1183
1234
1190
1110
1101
1158
1177
1121
1075
1091
1098
1032
959
967
1024
1058
1097
1194
1302
1349
1353
1373
1401
1393
1343
1264
1131
927
681
428
148
-176
-471
-647
-719
-805
-967
-1132
-1218
-1241
-1290
-1459
-1785
-2171
-2468
-2682
-2978
-3362
-3617
-3667
-3747
-3930
-3834
-3211
-2442
-2020
-1768
-1187
-332
279
549
940
1638
2214
2332
2289
2478
2711
2569
2154
1953
2049
2021
1656
1271
1149
1116
928
715
723
882
940
885
917
1126
1365
1487
1555
1707
1971
2195
2252
2198
2124
1926
1463
907
597
515
267
-307
-889
-1211
-1455
-1874
-2320
-2453
-2265
-2057
-1995
-1931
-1745
-1572
-1522
-1421
-1084
-670
-482
-515
-545
-524
-577
-701
-764
-744
-753
-826
-898
-949
-1056
-1240
-1383
-1358
-1198
-1036
-931
-832
-712
-613
-524
-377
-163
37
193
369
587
768
836
845
885
972
1063
1147
1231
1276
1230
1120
1044
1041
1045
1009
968
968
974
922
833
787
797
818
841
903
991
1030
989
936
949
1028
1098
1111
1059
941
774
586
396
187
-25
-202
-356
-529
-697
-800
-864
-971
-1108
-1177
-1153
-1128
-1203
-1417
-1770
-2188
-2531
-2750
-2923
-3091
-3186
-3210
-3266
-3307
-3087
-2541
-1957
-1563
-1173
-537
199
705
993
1372
1891
2252
2347
2429
2649
2747
2495
2136
2024
2066
1916
1571
1334
1293
1216
998
811
793
827
800
790
913
1130
1302
1382
1434
1538
1689
1768
1635
1322
1038
925
851
607
209
-189
-553
-955
-1355
-1604
-1682
-1713
-1777
-1828
-1818
-1780
-1743
-1678
-1544
-1335
-1113
-956
-881
-854
-829
-789
-730
-655
-588
-561
-579
-615
-657
-714
-779
-820
-802
-746
-690
-648
-608
-574
-554
-511
-402
-248
-108
11
141
278
377
443
517
608
686
746
825
909
938
898
842
816
819
826
841
859
860
831
793
769
762
770
796
829
840
823
787
730
665
630
653
722
790
838
854
813
706
564
425
290
149
28
-60
-154
-291
-454
-596
-710
-786
-796
-767
-781
-865
-953
-1041
-1259
-1642
-2000
-2168
-2267
-2481
-2722
-2782
-2730
-2818
-2966
-2796
-2203
-1581
-1227
-911
-337
296
626
763
1109
1669
2047
2106
2145
2337
2422
2200
1910
1853
1924
1826
1547
1339
1276
1174
929
706
677
756
773
729
779
957
1108
1131
1143
1269
1398
1335
1114
966
959
892
630
324
124
-76
-410
-764
-948
-999
-1095
-1254
-1351
-1370
-1423
-1534
-1577
-1483
-1336
-1249
-1207
-1143
-1065
-1021
-997
-930
-809
-697
-625
-567
-523
-524
-561
-597
-603
-597
-596
-586
-571
-567
-585
-591
-553
-484
-406
-318
-204
-77
17
69
112
180
262
333
404
485
559
603
626
657
709
766
822
873
914
930
922
909
893
867
844
844
860
856
825
794
779
764
741
737
763
800
819
803
754
683
612
541
452
351
266
184
44
-159
-332
-400
-411
-450
-513
-542
-556
-635
-773
-880
-916
-938
-1034
-1231
-1494
-1760
-1987
-2185
-2361
-2466
-2449
-2369
-2349
-2366
-2243
-1903
-1495
-1166
-829
-353
153
472
649
922
1328
1623
1703
1763
1940
2060
1948
1751
1692
1715
1614
1401
1261
1232
1162
993
844
806
827
839
858
930
1038
1122
1128
1051
952
919
947
950
881
788
688
508
228
-44
-192
-263
-349
-451
-528
-621
-799
-1021
-1161
-1169
-1107
-1052
-1005
-968
-978
-1045
-1105
-1086
-997
-906
-835
-766
-708
-718
-783
-838
-829
-774
-712
-658
-619
-616
-662
-729
-762
-743
-690
-625
-556
-484
-435
-410
-392
-355
-296
-204
-75
63
175
244
294
350
412
482
568
672
765
815
829
837
851
863
878
925
1006
1077
1102
1080
1046
1017
998
990
990
988
972
938
879
817
779
764
734
669
599
549
476
321
119
-12
-47
-78
-182
-312
-387
-441
-559
-695
-743
-713
-718
-782
-824
-827
-887
-1032
-1151
-1188
-1226
-1335
-1450
-1533
-1684
-1913
-2019
-1899
-1772
-1859
-1978
-1803
-1410
-1149
-1047
-787
-304
66
181
352
775
1155
1211
1178
1397
1719
1759
1561
1506
1654
1689
1504
1370
1415
1391
1122
849
810
838
663
421
466
779
976
907
827
925
1053
1061
1089
1261
1407
1315
1073
912
828
641
350
144
84
-1
-233
-511
-703
-842
-1005
-1120
-1098
-1025
-1057
-1186
-1262
-1241
-1232
-1286
-1304
-1223
-1126
-1107
-1133
-1131
-1116
-1138
-1160
-1101
-978
-899
-897
-904
-869
-830
-831
-834
-793
-730
-691
-672
-643
-605
-578
-550
-475
-341
-187
-50
68
184
297
407
543
714
901
1050
1146
1197
1212
1203
1202
1249
1327
1378
1373
1330
1274
1195
1096
1030
1047
1109
1121
1047
953
879
786
654
571
597
620
504
320
249
267
182
-27
-156
-112
-71
-191
-358
-425
-489
-695
-920
-946
-841
-852
-1004
-1098
-1083
-1129
-1283
-1383
-1331
-1223
-1169
-1146
-1128
-1185
-1329
-1442
-1398
-1219
-1003
-800
-625
-484
-360
-228
-81
81
274
488
667
771
817
827
804
785
823
921
1004
1025
1014
999
984
970
993
1073
1166
1220
1249
1270
1250
1170
1081
1037
1027
1015
986
940
869
753
601
453
357
290
204
106
11
-109
-286
-471
-606
-703
-787
-851
-901
-973
-1077
-1180
-1267
-1323
-1340
-1324
-1302
-1279
-1267
-1284
-1306
-1291
-1250
-1214
-1164
-1086
-1019
-994
-973
-928
-869
-803
-713
-610
-515
-423
-338
-269
-203
-114
-21
69
167
276
378
467
545
617
694
788
880
955
1027
1102
1157
1174
1178
1198
1228
1255
1278
1308
1336
1328
1273
1200
1142
1101
1056
1005
962
917
841
724
600
498
419
339
254
186
126
38
-92
-220
-315
-395
-482
-566
-623
-670
-753
-860
-946
-998
-1042
-1078
-1084
-1081
-1097
-1124
-1129
-1135
-1158
-1166
-1133
-1115
-1158
-1224
-1256
-1255
-1277
-1310
-1272
-1148
-1035
-996
-932
-755
-546
-416
-283
-34
247
417
511
654
836
961
1014
1077
1193
1293
1303
1259
1262
1310
1319
1283
1297
1379
1436
1415
1386
1406
1424
1396
1357
1354
1364
1330
1241
1141
1048
942
804
670
570
478
348
193
44
-100
-255
-404
-529
-630
-729
-837
-952
-1063
-1169
-1264
-1341
-1393
-1428
-1459
-1490
-1517
-1537
-1546
-1537
-1505
-1455
-1398
-1336
-1277
-1225
-1169
-1104
-1027
-943
-854
-767
-683
-610
-539
-463
-378
-284
-190
-91
10
104
184
261
346
431
511
593
678
756
823
881
935
986
1035
1085
1137
1192
1238
1271
1283
1275
1244
1199
1154
1113
1079
1049
1012
961
882
786
687
596
516
453
402
342
257
145
30
-77
-171
-238
-267
-277
-297
-345
-409
-473
-535
-595
-635
-650
-654
-677
-718
-770
-828
-892
-943
-967
-962
-940
-911
-893
-895
-915
-941
-963
-958
-914
-841
-757
-680
-615
-565
-518
-455
-354
-212
-56
86
205
291
347
389
442
519
609
694
759
797
810
809
814
843
896
958
1017
1051
1060
1045
1017
996
986
987
989
975
936
871
785
692
603
528
462
396
322
230
124
10
-102
-204
-286
-353
-414
-481
-555
-639
-726
-800
-861
-904
-936
-962
-993
-1030
-1068
-1093
-1103
-1093
-1066
-1027
-985
-949
-914
-881
-841
-793
-733
-672
-609
-548
-496
-445
-392
-327
-254
-174
-87
-3
77
151
222
293
364
436
507
566
614
650
674
695
715
735
758
785
807
822
830
835
837
836
828
821
809
789
760
723
679
623
561
493
426
364
314
271
232
194
148
89
24
-34
-79
-105
-117
-124
-147
-195
-262
-340
-408
-450
-467
-470
-481
-511
-568
-641
-703
-736
-731
-701
-659
-626
-616
-619
-626
-624
-599
-554
-502
-459
-434
-425
-429
-433
-422
-390
-341
-283
-224
-166
-119
-78
-26
41
124
219
312
395
457
494
514
525
542
569
602
632
654
665
661
650
639
635
644
659
679
693
698
687
659
623
586
549
515
477
431
372
298
212
126
49
-13
-63
-110
-164
-229
-304
-380
-443
-488
-515
-532
-552
-577
-615
-658
-698
-726
-733
-726
-708
-692
-682
-683
-684
-679
-663
-630
-586
-537
-495
-463
-436
-412
-380
-334
-280
-225
-171
-130
-95
-68
-36
5
58
117
174
227
269
302
331
360
397
439
488
535
575
603
614
616
610
606
604
605
605
602
591
571
541
504
463
419
378
340
307
273
239
205
170
144
125
109
93
77
59
34
2
-29
-60
-88
-113
-136
-160
-190
-221
-253
-287
-317
-339
-349
-352
-349
-345
-344
-359
-382
-411
-436
-453
-461
-457
-454
-455
-460
-469
-476
-473
-453
-417
-370
-319
-268
-225
-188
-155
-118
-82
-43
1
44
76
94
108
120
132
151
185
227
267
300
324
334
343
364
398
440
485
528
550
546
531
511
490
478
481
486
480
460
431
383
332
287
256
234
215
198
170
127
73
16
-35
-83
-119
-145
-177
-216
-264
-318
-368
-412
-441
-455
-458
-458
-460
-468
-486
-504
-512
-513
-500
-475
-447
-425
-411
-407
-405
-404
-391
-364
-326
-285
-242
-210
-182
-161
-139
-112
-75
-26
23
69
105
135
152
168
185
208
235
268
296
316
328
335
342
347
355
365
377
381
381
374
358
342
330
320
312
308
302
291
276
264
250
237
230
224
215
199
180
156
128
96
65
33
3
-27
-53
-75
-94
-104
-111
-121
-134
-153
-181
-212
-238
-257
-265
-265
-266
-274
-292
-319
-346
-366
-371
-362
-346
-329
-316
-319
-331
-340
-340
-327
-293
-249
-206
-174
-149
-133
-115
-86
-36
26
84
133
156
155
138
123
124
143
179
220
245
251
232
204
185
185
214
265
317
358
372
365
341
318
307
310
323
336
332
310
271
221
173
137
113
99
90
75
53
24
-6
-36
-61
-79
-90
-103
-119
-143
-174
-207
-235
-254
-264
-266
-269
-272
-284
-306
-327
-344
-350
-343
-322
-296
-274
-259
-248
-240
-227
-206
-177
-142
-111
-84
-69
-66
-66
-64
-56
-44
-24
-4
11
22
30
35
40
48
62
82
108
135
159
179
194
207
216
219
225
229
232
231
227
226
221
218
216
211
200
183
163
141
119
107
106
112
121
125
114
91
50
0
-47
-83
-106
-114
-109
-96
-85
-79
-75
-75
-75
-75
-77
-82
-88
-95
-106
-118
-128
-136
-143
-148
-151
-150
-145
-136
-119
-96
-70
-46
-27
-15
-15
-24
-33
-41
-44
-36
-22
-12
-7
-6
-10
-15
-18
-14
-6
5
23
37
49
59
66
74
80
90
100
107
113
116
121
122
122
126
125
122
118
115
106
96
91
87
82
80
81
78
74
69
63
57
50
48
45
40
33
25
16
1
-14
-25
-40
-51
-61
-68
-77
-86
-95
-106
-118
-126
-135
-140
-142
-146
-147
-151
-155
-154
-152
-149
-146
-138
-130
-122
-118
-114
-110
-106
-100
-97
-91
-84
-77
-71
-66
-58
-55
-52
-49
-45
-39
-34
-29
-24
-18
-10
-9
-4
1
6
12
17
23
29
34
35
37
36
35
30
29
25
21
23
24
27
30
37
46
56
68
84
103
123
147
169
189
210
229
252
274
294
315
331
345
354
357
358
360
357
351
339
322
300
272
240
206
170
133
95
55
11
-35
-83
-132
-181
-224
-266
-305
-338
-371
-399
-426
-451
-469
-479
-483
-480
-469
-454
-437
-414
-392
-365
-339
-308
-278
-250
-219
-191
-172
-157
-142
-128
-117
-103
-84
-63
-40
-16
10
35
65
97
128
159
188
216
240
261
281
298
312
326
335
343
348
349
343
337
325
311
294
274
253
230
209
186
165
144
125
109
96
84
73
65
55
42
32
20
8
-1
-14
-24
-36
-50
-63
-78
-93
-108
-121
-135
-150
-165
-179
-193
-203
-213
-221
-229
-232
-236
-235
-234
-228
-220
-209
-196
-184
-171
-158
-146
-136
-128
-118
-108
-96
-83
-70
-58
-47
-37
-28
-20
-9
1
12
26
42
57
71
83
90
95
99
102
106
114
120
125
125
122
119
116
115
118
127
138
149
157
161
158
154
148
146
147
150
152
152
149
139
129
116
105
98
94
91
85
74
61
46
28
10
-7
-20
-30
-42
-54
-65
-76
-92
-104
-115
-118
-121
-126
-130
-133
-137
-136
-135
-135
-131
-125
-117
-110
-105
-98
-93
-85
-74
-67
-56
-45
-34
-22
-13
-2
9
19
29
38
44
48
50
50
47
42
37
33
30
31
32
34
37
43
45
45
49
53
56
56
54
51
44
36
25
15
8
4
3
2
2
4
5
1
-3
-7
-12
-15
-18
-20
-25
-27
-34
-42
-51
-59
-63
-66
-68
-67
-66
-62
-58
-54
-52
-49
-43
-36
-30
-23
-19
-16
-13
-13
-13
-14
-16
-15
-16
-15
-13
-10
-6
-2
1
5
11
15
21
26
32
35
38
37
38
38
36
34
30
25
19
16
15
13
14
16
21
24
30
33
38
42
42
40
36
33
25
20
12
5
-1
-8
-13
-18
-18
-21
-19
-18
-14
-10
-8
-4
-1
0
0
1
2
1
-1
-2
-6
-7
-13
-16
-16
-18
-17
-16
-13
-8
-7
-4
-3
-1
0
1
1
-1
-4
-5
-4
-3
-2
-1
4
9
14
21
27
30
34
35
31
28
20
9
0
-9
-19
-28
-35
-38
-41
-44
-42
-42
-39
-37
-36
-34
-35
-35
-36
-36
-36
-35
-37
-37
-36
-36
-36
-35
-33
-32
-31
-31
-29
-27
-26
-26
-25
-23
-19
-18
-16
-11
-8
-6
-3
1
5
9
13
17
21
25
28
30
33
34
38
40
43
47
52
54
54
54
50
47
40
32
27
21
18
15
15
17
20
24
30
38
44
51
56
56
51
45
34
24
13
5
-5
-12
-16
-19
-19
-20
-18
-16
-15
-11
-11
-11
-14
-19
-27
-34
-42
-48
-49
-49
-44
-42
-36
-31
-25
-18
-12
-9
-4
-2
0
-1
-5
-11
-15
-20
-22
-24
-20
-18
-18
-16
-15
-14
-15
-12
-12
-11
-10
-9
-8
-7
-9
-8
-7
-4
2
7
11
17
18
17
15
12
8
5
3
1
-1
-1
-2
-1
-2
-1
2
4
8
11
12
13
15
13
11
8
4
3
2
4
4
6
9
11
13
15
16
17
16
14
14
11
6
2
-3
-7
-9
-12
-11
-10
-9
-6
-3
0
1
1
1
1
0
1
1
-1
-4
-6
-9
-10
-11
-11
-10
-8
-7
-5
-5
-2
-1
0
-2
-3
-7
-8
-11
-12
-13
-15
-15
-13
-11
-8
-6
-4
-3
0
3
3
2
2
0
-1
-1
-1
0
5
7
10
15
19
20
21
21
21
21
17
14
11
8
10
9
10
12
16
17
22
22
26
27
27
26
25
22
17
14
8
4
2
-2
-2
-2
-3
-4
-4
-6
-10
-11
-14
-17
-20
-22
-25
-28
-27
-28
-30
-28
-26
-25
-24
-23
-22
-22
-22
-23
-25
-26
-26
-26
-27
-25
-24
-23
-21
-18
-15
-11
-9
-7
-4
-3
0
0
-1
0
1
2
1
4
2
4
6
10
13
14
18
21
23
24
24
22
22
21
22
22
19
20
19
19
18
17
19
22
20
21
22
21
20
20
17
14
12
9
9
6
4
4
4
4
4
5
5
3
1
-1
-2
-5
-10
-14
-19
-21
-25
-24
-27
-27
-25
-25
-22
-19
-18
-17
-16
-14
-14
-14
-14
-14
-14
-14
-14
-15
-15
-15
-13
-10
-6
-2
2
6
9
12
13
14
13
12
12
11
10
11
10
9
10
11
14
16
19
21
22
25
24
22
18
17
13
8
5
3
-1
-2
-3
-4
-5
-4
-3
0
1
1
0
1
0
-3
-4
-7
-10
-12
-12
-12
-10
-7
-6
-5
-3
-4
-2
-4
-4
-5
-5
-5
-7
-5
-5
-6
-8
-9
-6
-6
-4
-3
-4
-3
-3
-2
-3
-4
-5
-6
-6
-7
-5
-6
-6
-5
-5
-4
-2
-1
2
2
3
4
4
3
3
4
4
3
3
3
2
1
3
3
4
4
6
7
8
8
9
7
7
5
3
2
2
1
0
0
0
0
0
2
2
3
5
4
6
4
3
2
2
0
-1
-2
-2
-1
-3
-2
-1
-2
-2
-2
-1
-1
0
0
0
1
0
0
1
-2
-2
-3
-3
-4
-4
-3
-4
-4
-3
0
-1
1
4
4
5
5
7
6
5
4
3
2
0
-1
-1
-2
-1
-3
-2
-1
-1
0
1
2
3
3
3
3
1
1
1
-1
-2
-2
-5
-5
-5
-5
-6
-4
-5
-4
-3
-3
-1
0
1
2
2
1
0
-2
-3
-4
-6
-7
-6
-7
-7
-7
-6
-6
-5
-4
-3
-2
-1
3
5
4
5
4
4
5
4
2
-1
1
1
-1
0
3
4
4
4
6
8
10
11
10
11
12
13
12
10
9
8
6
5
4
3
5
4
4
6
7
8
9
10
10
9
8
7
3
-1
-1
-6
-7
-10
-11
-14
-13
-13
-12
-11
-7
-5
-3
-1
0
-1
-2
-4
-7
-8
-11
-13
-14
-14
-15
-14
-15
-13
-10
-7
-3
0
2
7
8
8
9
8
9
8
6
4
5
2
-1
-2
-2
-2
-1
-1
1
3
4
7
7
6
7
6
8
8
7
5
3
0
-2
-4
-5
-6
-7
-5
-7
-5
-4
-3
-3
-2
1
1
1
4
1
1
0
0
-1
-1
-1
-2
-2
0
-2
1
1
2
4
4
5
1
2
2
1
-1
-2
-2
-3
-2
-3
-3
