0
-1
-2
-1
-1
0
0
-2
0
0
-1
1
1
1
2
3
1
2
1
0
1
1
1
1
3
2
2
1
0
0
1
1
0
-1
1
2
0
1
0
0
1
1
0
0
1
2
0
1
1
-1
-1
0
1
0
0
1
0
0
0
-1
0
-4
-3
-1
-2
-2
-3
-2
-3
-4
-2
0
1
1
0
-1
0
2
2
1
1
2
0
1
0
1
2
0
1
1
1
0
-1
-1
-1
-2
-2
-1
0
-2
-1
-1
0
0
1
1
3
2
2
2
2
2
1
0
-1
2
1
1
2
1
-1
-1
-1
-1
-2
-2
-3
-3
-2
-1
0
-1
-1
0
-1
-1
1
0
1
1
0
-1
0
0
-1
0
0
0
0
1
0
1
1
1
1
0
0
2
2
-2
-1
-1
-1
0
1
0
1
1
1
1
-1
0
-1
-1
-1
0
0
-1
-1
0
-2
-1
-1
0
-1
0
1
1
1
2
1
2
2
0
0
0
0
-1
0
-1
-1
-1
-1
0
-1
0
0
-1
1
2
0
0
1
0
0
1
1
1
1
1
1
1
0
1
0
3
3
3
2
1
1
0
0
1
0
1
2
1
1
0
0
1
0
-3
-3
-2
-1
0
-1
-1
-3
-3
-2
-4
-2
-1
-1
-1
0
0
0
1
1
1
1
0
-1
1
1
-1
-1
1
-1
-1
-1
-1
0
-3
-2
-2
0
-3
-2
-2
0
-1
0
0
1
1
1
0
0
0
1
1
2
2
-1
1
1
1
2
1
0
0
1
2
1
0
0
0
0
0
0
0
1
1
1
1
2
3
1
3
2
0
1
1
1
1
0
1
2
1
1
-1
0
-2
-2
-2
-4
-3
-3
-3
-4
-3
-2
-3
-1
-2
0
-1
-1
1
0
0
0
1
1
1
2
3
3
0
0
1
0
0
0
0
0
1
1
0
0
1
2
1
1
1
1
1
1
1
1
0
1
1
1
0
2
2
2
1
1
1
1
1
1
1
0
1
1
0
-1
-1
0
-1
-1
0
0
-1
-1
0
-1
-2
-1
-2
-2
-2
-1
-2
-4
-2
-1
-1
-2
-2
-2
-2
-3
-2
-2
-1
-3
-3
-3
-3
-1
-1
1
0
1
0
1
1
-1
0
1
1
-1
0
0
2
2
2
2
2
3
3
4
3
4
1
-1
1
2
1
0
1
0
0
1
1
1
2
2
2
2
3
0
2
1
2
2
3
2
2
2
1
0
0
-1
-1
-1
-1
-2
-2
-1
-2
-1
-1
-1
-3
-3
-3
-3
-2
-1
-2
-1
0
-1
1
1
1
1
1
0
-1
0
-2
-1
-1
-2
-1
-1
-2
-2
-2
-2
0
-2
1
3
1
2
2
2
2
2
2
2
0
1
1
2
1
1
2
1
1
0
0
-1
-2
-3
-2
-3
-2
-3
-4
-3
-3
-2
-1
-1
-2
1
1
1
1
1
2
1
1
1
1
0
1
0
-1
0
-1
0
0
-1
-1
0
-1
-1
-1
1
-1
0
1
0
1
0
0
0
1
1
1
0
0
1
0
3
2
2
1
0
0
0
1
1
1
0
-1
0
1
1
2
2
1
1
0
0
-1
-2
0
0
0
0
0
-2
-2
0
0
1
-1
1
0
0
0
-1
0
0
0
0
0
-2
-1
-1
-1
-1
0
-1
-1
-2
-2
0
0
0
-1
-2
-1
-1
0
-1
-1
1
-1
0
1
1
1
1
0
0
0
0
2
1
1
1
1
0
0
-1
0
1
-1
0
0
0
0
1
-1
0
0
0
0
1
1
0
0
0
2
1
-1
1
-1
-1
-1
-2
0
-1
-1
-1
0
1
1
2
1
1
2
3
1
2
2
0
0
-1
-1
-1
-1
-1
-3
-2
-4
-3
-1
-2
-2
-2
-1
0
1
2
2
2
1
2
1
2
1
1
2
2
3
2
3
3
3
2
1
1
0
-1
-2
-2
-2
-3
-2
-4
-4
-3
-4
-3
-4
-2
-3
-3
-3
-3
-3
-2
-3
-1
-1
-2
0
1
0
1
1
1
0
2
3
1
2
2
3
3
3
2
3
3
2
2
1
0
1
0
1
0
-1
0
0
1
1
1
0
-1
1
0
0
1
2
2
1
3
1
0
0
0
-1
0
1
0
0
1
0
2
1
1
0
0
0
-1
-2
-2
-2
-2
-1
0
0
0
-1
-1
0
-1
-2
0
-2
-2
-3
-2
-2
-2
-1
-1
-1
-1
-1
-1
-1
-1
-1
1
0
1
2
2
1
0
1
1
-1
-1
-1
0
-1
0
-1
-1
-1
1
0
1
1
1
1
0
2
1
2
0
1
2
1
2
3
3
4
4
3
1
1
1
1
0
-1
1
0
0
1
0
-1
-2
-2
-1
-1
-1
-2
-2
-2
-1
0
0
0
0
0
1
0
0
-1
-1
0
1
0
-1
-1
-1
0
-3
-1
-1
-2
-1
-2
-2
-1
-2
0
-1
-1
-2
-1
-2
-2
-1
0
1
1
1
1
1
-1
-1
-1
-2
2
5
2
7
14
19
13
9
9
8
13
15
10
5
5
4
1
0
2
6
10
15
16
15
14
13
5
-2
-1
-1
-5
-9
-8
-4
-5
-8
-11
-9
-11
-11
-11
-3
9
12
12
7
5
0
-4
-7
-8
-10
-7
-6
-13
-16
-7
-10
-27
-31
-23
-27
-32
-12
1
-12
-35
-42
-44
-57
-64
-52
-56
-85
-104
-108
-119
-132
-151
-160
-153
-186
-228
-192
-350
-1006
-1591
-1238
-216
540
895
1195
1306
1170
1193
1338
1154
845
857
869
636
358
-473
-1925
-2347
-1264
-649
-987
-617
389
719
678
953
1136
961
740
638
630
499
184
104
214
-39
-386
-291
-220
-472
-481
-303
-438
-531
-358
-471
-706
-508
-371
-629
-644
-448
-560
-577
-238
-106
-193
-93
6
-15
7
-65
-168
1
179
87
89
255
195
81
187
171
-5
92
208
-20
-67
214
206
19
170
305
111
7
108
126
74
45
19
68
131
54
-44
13
82
21
-34
-94
-435
-812
-655
-169
93
222
386
563
912
1153
998
1067
1300
673
-112
309
922
562
190
265
38
-264
-216
-208
-314
-366
-434
-232
141
-11
-315
-202
-383
-943
-854
-359
-348
-414
-225
-193
-147
106
90
-182
-312
-448
-598
-390
-7
105
26
-42
-106
-168
-217
-274
-284
-234
-231
-265
-190
-23
33
-95
-278
-360
-295
-187
-140
-96
-23
-30
-59
69
235
196
47
18
99
156
217
370
498
428
294
314
406
401
347
323
312
323
353
398
458
439
289
133
85
110
142
137
107
101
85
23
17
64
27
-84
-155
-165
-122
-41
-10
-27
-38
-66
-118
-115
-59
-54
-89
-90
-71
-48
-14
-15
-80
-147
-184
-214
-213
-161
-140
-169
-163
-109
-75
-67
-71
-110
-155
-169
-138
-63
14
26
1
9
41
40
21
39
60
26
-8
38
90
70
37
58
79
63
69
118
140
113
80
40
0
14
50
24
-11
25
45
0
-9
27
38
53
61
-51
-264
-394
-340
-177
-71
-91
-153
-163
-126
-82
-70
-102
-132
-112
-43
44
106
46
-138
-284
-325
-385
-484
-499
-449
-450
-442
-332
-223
-232
-295
-314
-261
-156
-17
131
245
312
357
425
502
546
566
578
577
589
659
733
749
727
677
586
504
489
482
430
386
382
356
308
304
307
234
148
143
175
184
206
250
220
116
71
90
53
-21
-30
-22
-69
-91
-61
-82
-169
-250
-323
-395
-412
-374
-352
-363
-396
-467
-537
-550
-555
-601
-626
-593
-569
-551
-488
-431
-436
-445
-416
-392
-385
-333
-214
-118
-111
-139
-134
-103
-54
7
30
-1
23
124
166
160
211
224
69
-76
-16
107
83
3
-43
-239
-639
-930
-989
-1102
-1383
-1553
-1510
-1455
-1428
-1323
-1181
-1107
-1070
-958
-695
-290
141
484
761
1062
1373
1604
1798
2054
2283
2337
2348
2496
2633
2584
2452
2321
2096
1792
1565
1423
1265
1070
855
639
456
325
226
117
-23
-134
-150
-119
-89
-37
-14
-117
-231
-227
-195
-218
-227
-217
-263
-343
-387
-412
-485
-624
-787
-902
-964
-1021
-1065
-1095
-1171
-1296
-1391
-1425
-1437
-1455
-1476
-1472
-1408
-1297
-1171
-1043
-963
-965
-962
-842
-607
-373
-201
-38
169
353
467
596
800
994
1094
1125
1098
924
617
399
406
470
398
296
317
347
254
148
121
8
-321
-742
-1059
-1224
-1331
-1520
-1840
-2199
-2525
-2949
-3556
-4049
-4094
-3976
-4213
-4454
-3758
-2204
-959
-439
203
1428
2569
3195
3874
5055
6254
6843
7017
7367
7927
8160
7760
6995
6222
5481
4677
3835
3008
2119
1085
-27
-1106
-2097
-2889
-3376
-3739
-4232
-4589
-4379
-3917
-3914
-4246
-4073
-3279
-2581
-2197
-1585
-618
73
204
306
759
1219
1306
1230
1344
1592
1647
1377
972
608
144
-561
-1206
-1440
-1497
-1801
-2218
-2399
-2443
-2626
-2800
-2700
-2458
-2314
-2153
-1741
-1176
-727
-452
-233
-26
146
300
504
776
1011
1071
1005
1006
1067
960
662
424
312
159
-15
-26
76
61
-56
-97
-54
-36
-12
121
325
528
761
1073
1378
1578
1672
1726
1814
1965
2134
2220
2209
2162
2065
1865
1628
1491
1404
1175
813
563
452
220
-169
-407
-470
-676
-1029
-1144
-1038
-1120
-1372
-1430
-1372
-1565
-2023
-2830
-4545
-7096
-8900
-8516
-6674
-5348
-5080
-4662
-3378
-2032
-1373
-824
335
1620
2265
2804
4433
6992
8895
9148
8383
7664
7239
6849
6405
5908
5210
4242
3158
2124
1172
255
-856
-2416
-4171
-5270
-5199
-4459
-3948
-3936
-4029
-3946
-3859
-3864
-3521
-2492
-1339
-816
-520
535
2093
2881
2681
2494
2673
2642
2394
2562
2985
2768
1798
887
455
112
-475
-1137
-1622
-1937
-2161
-2250
-2169
-2113
-2332
-2709
-2782
-2337
-1686
-1199
-877
-580
-355
-246
-104
142
287
196
109
287
624
797
689
385
-28
-444
-696
-722
-628
-536
-487
-438
-310
-76
121
132
44
91
325
648
1042
1480
1777
1832
1811
1865
1907
1865
1868
2010
2178
2232
2138
1901
1578
1267
918
427
-21
-149
-102
-202
-302
-161
-119
-545
-1076
-1220
-1135
-1112
-1207
-1801
-3189
-4629
-5402
-6368
-8294
-9580
-8379
-5952
-4866
-4859
-3756
-1455
48
196
570
2168
4105
5267
5942
7142
8834
9709
9008
7666
6843
6280
5193
3799
2743
1941
1028
47
-930
-2001
-2931
-3425
-3778
-4234
-4165
-3033
-1566
-772
-419
342
1430
2114
2319
2643
3270
3695
3490
2829
2204
1749
1063
-131
-1416
-2241
-2761
-3487
-4311
-4643
-4416
-4187
-4175
-3914
-3130
-2253
-1703
-1246
-549
151
479
611
928
1291
1331
1131
1024
973
715
280
-116
-443
-794
-1135
-1340
-1381
-1347
-1295
-1232
-1126
-974
-843
-770
-680
-487
-239
-33
176
455
720
848
872
891
888
827
785
861
1045
1258
1449
1571
1573
1469
1346
1248
1134
1015
981
1048
1130
1192
1290
1380
1352
1234
1161
1155
1181
1226
1257
1247
1252
1212
958
641
575
544
121
-388
-396
-226
-514
-985
-1104
-1292
-2211
-3538
-4505
-5040
-5871
-7647
-9744
-10275
-8389
-5994
-5217
-5119
-3529
-939
474
736
1694
3618
4989
5286
5674
6959
8337
8426
7019
5381
4597
4173
3022
1331
162
-293
-735
-1354
-1696
-1659
-1657
-1869
-2006
-1651
-641
663
1576
1924
2335
3246
4142
4361
4115
4000
3973
3612
3007
2594
2312
1606
252
-1349
-2680
-3572
-4222
-4866
-5452
-5662
-5399
-4990
-4689
-4297
-3581
-2704
-1902
-1047
81
1224
1839
1859
1807
1952
1879
1285
579
213
-64
-626
-1255
-1626
-1961
-2551
-3115
-3223
-2930
-2573
-2265
-1875
-1334
-744
-275
11
261
604
971
1278
1601
1938
2058
1855
1574
1427
1278
990
726
675
753
801
838
936
1009
934
775
722
839
1002
1156
1378
1654
1830
1871
1903
1949
1942
1955
2066
2146
2133
2171
2174
1857
1381
1182
1073
576
-27
-154
-107
-492
-962
-973
-957
-1413
-1870
-2009
-2485
-3574
-4469
-4749
-5031
-5782
-6895
-8206
-9060
-8393
-6518
-5213
-4867
-3861
-1653
165
791
1366
2564
3589
3975
4315
5039
5865
6289
5926
4922
4074
3774
3276
1983
639
121
88
-104
-282
-135
26
-55
-96
145
578
1144
1778
2235
2533
3078
3905
4387
4190
3806
3707
3646
3243
2658
2192
1731
1052
240
-599
-1599
-2744
-3678
-4256
-4706
-5050
-5007
-4635
-4346
-4162
-3717
-3002
-2352
-1834
-1277
-698
-222
175
486
600
518
335
29
-364
-674
-902
-1233
-1635
-1860
-1907
-1995
-2136
-2158
-2052
-1904
-1658
-1271
-884
-595
-329
-4
325
637
964
1241
1374
1439
1586
1768
1818
1729
1657
1667
1682
1664
1642
1626
1583
1518
1481
1472
1448
1396
1337
1286
1270
1315
1373
1364
1294
1237
1217
1228
1275
1323
1315
1282
1288
1260
1081
839
703
622
429
162
0
-91
-295
-610
-870
-1040
-1212
-1413
-1634
-1960
-2428
-2889
-3203
-3453
-3791
-4215
-4673
-5206
-5729
-5875
-5399
-4608
-3941
-3369
-2584
-1647
-938
-515
-2
825
1643
2008
2012
2186
2750
3321
3469
3261
3048
2970
2908
2781
2675
2681
2729
2702
2664
2799
3062
3117
2780
2273
1923
1764
1613
1345
986
633
430
460
628
723
647
490
367
323
346
379
332
147
-120
-356
-515
-656
-835
-1046
-1231
-1354
-1432
-1511
-1611
-1706
-1776
-1848
-1936
-2015
-2085
-2186
-2310
-2374
-2353
-2312
-2277
-2210
-2105
-1996
-1844
-1615
-1375
-1207
-1081
-925
-738
-555
-377
-194
-21
131
270
397
498
586
669
727
763
815
885
920
904
892
901
890
836
764
717
708
740
789
843
906
992
1091
1177
1246
1318
1390
1461
1535
1612
1669
1684
1665
1625
1594
1571
1526
1430
1293
1147
1002
850
691
530
362
194
42
-82
-161
-182
-174
-187
-222
-219
-147
-57
-16
-45
-158
-374
-666
-966
-1236
-1532
-1989
-2707
-3588
-4293
-4484
-4212
-3939
-4023
-4329
-4465
-4220
-3672
-3020
-2520
-2335
-2317
-2119
-1566
-843
-274
-40
-19
145
669
1366
1864
2099
2303
2609
2985
3369
3684
3761
3542
3235
3098
3152
3205
3076
2755
2445
2399
2615
2814
2801
2662
2532
2409
2300
2261
2203
1919
1419
974
775
700
533
210
-144
-399
-527
-596
-684
-824
-997
-1140
-1180
-1143
-1194
-1457
-1831
-2087
-2146
-2145
-2235
-2400
-2535
-2574
-2489
-2319
-2201
-2264
-2448
-2517
-2364
-2135
-2024
-2035
-2028
-1912
-1715
-1496
-1309
-1211
-1191
-1126
-902
-592
-369
-294
-264
-169
-22
104
177
200
198
228
370
626
872
1006
1075
1195
1383
1586
1748
1849
1892
1937
2040
2179
2286
2337
2369
2405
2428
2435
2426
2395
2335
2263
2218
2199
2138
1960
1699
1489
1397
1334
1200
1027
888
775
649
518
364
89
-360
-892
-1364
-1759
-2231
-2961
-3887
-4645
-4863
-4585
-4268
-4295
-4590
-4764
-4540
-3960
-3268
-2738
-2529
-2542
-2427
-1911
-1149
-610
-546
-697
-590
-82
550
992
1219
1408
1693
2081
2521
2880
2978
2754
2437
2325
2435
2501
2321
2004
1812
1869
2095
2317
2393
2311
2178
2124
2175
2242
2207
2024
1748
1507
1365
1258
1076
809
562
402
306
198
41
-142
-314
-455
-581
-715
-899
-1168
-1481
-1731
-1845
-1882
-1953
-2068
-2168
-2216
-2222
-2201
-2173
-2177
-2214
-2227
-2170
-2072
-1992
-1944
-1885
-1783
-1627
-1444
-1280
-1159
-1052
-914
-726
-526
-367
-283
-261
-242
-181
-81
0
28
29
56
158
330
525
686
809
928
1073
1226
1365
1469
1543
1610
1705
1836
1957
2016
2020
2030
2076
2129
2147
2135
2128
2140
2147
2121
2048
1915
1733
1553
1414
1291
1143
972
822
714
630
543
438
276
-6
-424
-900
-1314
-1639
-2019
-2627
-3439
-4152
-4416
-4188
-3833
-3777
-4055
-4303
-4170
-3658
-3015
-2518
-2319
-2357
-2328
-1943
-1274
-754
-673
-797
-682
-189
419
853
1093
1296
1578
1956
2386
2740
2840
2646
2375
2300
2420
2489
2335
2051
1870
1911
2097
2266
2300
2199
2064
1995
2004
2029
1975
1802
1561
1365
1264
1172
986
733
541
456
410
323
173
0
-159
-266
-342
-467
-712
-1040
-1335
-1516
-1606
-1671
-1764
-1889
-1999
-2049
-2031
-2000
-2020
-2093
-2154
-2148
-2095
-2050
-2026
-1999
-1943
-1859
-1750
-1619
-1494
-1394
-1282
-1103
-871
-666
-536
-469
-413
-342
-259
-176
-111
-56
6
103
242
408
572
708
804
883
966
1059
1142
1223
1327
1463
1589
1666
1713
1775
1870
1952
2012
2072
2147
2204
2214
2197
2183
2164
2114
2025
1906
1758
1572
1372
1198
1071
992
933
840
676
471
282
76
-264
-750
-1235
-1616
-2049
-2729
-3525
-4006
-3955
-3661
-3569
-3764
-3957
-3908
-3637
-3240
-2780
-2401
-2288
-2372
-2266
-1746
-1124
-861
-976
-1035
-723
-179
293
587
825
1118
1480
1878
2247
2468
2439
2231
2071
2098
2195
2146
1907
1662
1614
1776
1984
2074
2033
1960
1937
1956
1979
1979
1921
1757
1554
1450
1450
1366
1080
754
608
624
605
467
262
49
-146
-264
-302
-391
-655
-1009
-1253
-1321
-1346
-1439
-1577
-1679
-1726
-1745
-1742
-1754
-1831
-1962
-2034
-1963
-1839
-1808
-1871
-1900
-1819
-1694
-1602
-1540
-1487
-1437
-1361
-1207
-1011
-881
-840
-802
-718
-625
-558
-488
-392
-293
-195
-52
143
331
462
572
704
841
944
1030
1147
1299
1445
1565
1672
1774
1859
1925
1989
2045
2079
2104
2138
2178
2193
2171
2118
2034
1924
1799
1686
1578
1452
1326
1235
1173
1109
1032
953
850
669
373
4
-380
-742
-1092
-1504
-2083
-2842
-3553
-3875
-3732
-3464
-3479
-3781
-4009
-3901
-3532
-3105
-2736
-2499
-2445
-2441
-2204
-1646
-1083
-864
-906
-816
-402
142
549
789
1000
1269
1592
1943
2247
2364
2231
1983
1855
1911
1986
1898
1668
1477
1475
1654
1871
1978
1954
1897
1894
1936
1970
1962
1876
1708
1537
1473
1475
1352
1035
717
597
610
543
320
47
-184
-357
-463
-512
-608
-849
-1167
-1363
-1376
-1337
-1383
-1500
-1589
-1620
-1627
-1636
-1659
-1713
-1783
-1790
-1708
-1614
-1600
-1642
-1639
-1570
-1486
-1424
-1371
-1325
-1293
-1239
-1114
-951
-835
-798
-772
-698
-600
-506
-402
-278
-167
-81
40
225
410
524
597
696
824
936
1030
1140
1259
1364
1468
1598
1722
1795
1839
1896
1965
2006
2019
2034
2050
2033
1985
1951
1939
1879
1724
1513
1332
1226
1165
1126
1093
1034
909
743
584
393
75
-357
-788
-1155
-1559
-2136
-2873
-3524
-3759
-3540
-3253
-3309
-3627
-3772
-3555
-3171
-2817
-2505
-2277
-2219
-2198
-1939
-1432
-1004
-890
-936
-814
-421
41
349
531
784
1172
1569
1863
2074
2196
2152
2004
1942
2019
2050
1902
1690
1617
1736
1928
2054
2049
1976
1940
1953
1937
1863
1770
1666
1512
1356
1286
1245
1070
744
466
389
443
430
266
33
-153
-253
-307
-368
-501
-744
-1024
-1194
-1208
-1191
-1275
-1427
-1528
-1547
-1556
-1599
-1670
-1757
-1847
-1873
-1796
-1689
-1656
-1692
-1693
-1608
-1502
-1443
-1419
-1378
-1311
-1206
-1055
-886
-774
-734
-700
-623
-529
-465
-404
-308
-185
-61
74
227
365
466
556
674
807
924
1012
1103
1222
1375
1540
1684
1778
1819
1835
1860
1907
1965
2011
2038
2044
2023
1971
1899
1828
1761
1683
1564
1413
1273
1183
1156
1141
1064
895
675
420
93
-305
-694
-1022
-1423
-2079
-2920
-3578
-3729
-3434
-3137
-3208
-3540
-3717
-3524
-3113
-2707
-2383
-2192
-2157
-2105
-1760
-1169
-727
-671
-767
-633
-219
223
473
568
709
1031
1456
1830
2073
2151
2050
1866
1797
1885
1921
1731
1446
1324
1442
1666
1843
1904
1870
1819
1803
1795
1738
1605
1394
1136
958
992
1156
1189
980
717
595
530
349
65
-164
-258
-280
-286
-311
-432
-700
-1001
-1145
-1132
-1170
-1386
-1649
-1754
-1691
-1597
-1561
-1566
-1591
-1627
-1620
-1542
-1462
-1467
-1505
-1438
-1264
-1137
-1165
-1271
-1305
-1225
-1068
-901
-790
-786
-842
-838
-736
-627
-570
-508
-373
-180
2
162
314
462
607
780
974
1131
1236
1350
1543
1798
2048
2240
2363
2409
2390
2339
2278
2211
2142
2111
2124
2107
1980
1749
1492
1269
1096
965
846
699
513
325
193
94
-50
-282
-609
-1053
-1639
-2296
-2881
-3394
-4037
-4924
-5746
-5949
-5328
-4365
-3719
-3496
-3243
-2617
-1814
-1198
-809
-448
-53
310
695
1214
1734
2002
2068
2268
2699
2990
2818
2387
2172
2310
2484
2395
2107
1850
1700
1594
1491
1398
1279
1097
899
800
815
818
729
638
716
957
1146
1128
997
965
1070
1139
1030
780
515
282
73
-140
-379
-648
-881
-994
-1007
-1053
-1202
-1393
-1553
-1680
-1801
-1900
-1975
-2044
-2093
-2078
-2023
-1995
-1987
-1907
-1732
-1572
-1515
-1502
-1430
-1275
-1093
-921
-774
-658
-559
-439
-283
-134
-40
31
122
230
325
403
479
545
585
602
609
593
566
565
603
662
718
775
838
898
965
1054
1144
1189
1192
1201
1234
1266
1288
1311
1334
1340
1333
1337
1349
1337
1290
1228
1166
1110
1074
1061
1035
946
796
640
517
422
334
254
197
147
77
-9
-93
-199
-387
-676
-1003
-1298
-1572
-1905
-2397
-3029
-3541
-3610
-3281
-2985
-3009
-3130
-3050
-2877
-2846
-2799
-2441
-1926
-1704
-1808
-1804
-1450
-948
-524
-144
217
425
478
643
1115
1690
2010
2019
1998
2162
2412
2537
2550
2599
2689
2667
2507
2399
2436
2471
2345
2098
1894
1796
1749
1681
1586
1489
1419
1371
1336
1290
1155
856
477
223
140
59
-129
-304
-381
-474
-643
-728
-651
-610
-778
-1052
-1263
-1419
-1565
-1648
-1666
-1726
-1859
-1956
-1952
-1918
-1916
-1902
-1848
-1795
-1771
-1739
-1650
-1516
-1387
-1298
-1235
-1159
-1054
-928
-802
-692
-590
-490
-375
-269
-205
-178
-137
-52
55
157
257
354
437
506
584
680
772
848
898
933
987
1093
1247
1411
1553
1675
1770
1841
1891
1911
1893
1861
1848
1846
1812
1732
1638
1551
1471
1397
1330
1248
1113
945
803
725
661
527
280
-71
-465
-810
-1047
-1251
-1586
-2154
-2879
-3494
-3683
-3402
-3019
-2947
-3140
-3242
-3167
-3081
-2925
-2465
-1907
-1762
-2026
-2057
-1514
-792
-356
-156
62
298
486
743
1184
1658
1898
1879
1845
2002
2262
2391
2334
2248
2216
2149
2046
2041
2136
2091
1794
1474
1385
1468
1478
1327
1136
1036
1049
1115
1178
1202
1116
845
465
212
199
236
96
-163
-364
-499
-625
-648
-522
-462
-687
-1038
-1216
-1231
-1302
-1452
-1547
-1606
-1734
-1847
-1797
-1657
-1632
-1720
-1755
-1687
-1598
-1524
-1425
-1320
-1268
-1239
-1149
-989
-849
-781
-744
-665
-528
-380
-244
-129
-38
16
47
112
229
346
415
458
526
620
708
781
845
891
917
950
1006
1069
1127
1191
1270
1364
1456
1531
1583
1610
1616
1616
1619
1622
1615
1583
1532
1464
1385
1313
1266
1219
1114
944
781
672
562
382
123
-206
-602
-1008
-1324
-1591
-2014
-2687
-3354
-3615
-3404
-3085
-3001
-3096
-3125
-3073
-3049
-2915
-2446
-1881
-1735
-1990
-2023
-1493
-793
-386
-189
66
346
522
730
1149
1639
1885
1848
1800
1957
2211
2343
2311
2247
2210
2143
2068
2107
2231
2191
1893
1577
1485
1534
1477
1274
1073
962
912
909
982
1077
1035
770
423
232
252
267
92
-188
-398
-514
-584
-571
-472
-466
-681
-952
-1066
-1078
-1172
-1340
-1464
-1561
-1702
-1801
-1762
-1688
-1726
-1820
-1812
-1708
-1623
-1570
-1477
-1362
-1284
-1216
-1098
-949
-832
-769
-718
-634
-501
-337
-186
-73
1
55
104
160
235
314
372
417
481
572
672
760
823
863
896
942
1002
1058
1101
1145
1207
1288
1376
1450
1492
1510
1524
1523
1474
1401
1365
1389
1413
1383
1325
1266
1164
1010
888
845
796
661
503
381
205
-116
-484
-766
-1013
-1362
-1840
-2399
-2971
-3360
-3332
-2998
-2781
-2855
-2967
-2926
-2838
-2717
-2358
-1849
-1635
-1823
-1899
-1474
-821
-377
-146
111
419
661
890
1245
1678
1961
1977
1887
1936
2123
2225
2137
2003
1942
1896
1818
1822
1928
1930
1707
1448
1375
1402
1316
1103
898
763
682
680
765
874
907
778
497
213
129
204
164
-104
-380
-491
-563
-694
-733
-605
-572
-820
-1112
-1171
-1106
-1158
-1295
-1386
-1478
-1619
-1675
-1575
-1488
-1535
-1585
-1513
-1404
-1344
-1259
-1116
-1019
-1019
-1007
-892
-745
-668
-642
-594
-493
-362
-230
-121
-46
-2
31
67
116
173
239
303
362
432
548
697
815
866
893
944
1004
1050
1098
1154
1198
1234
1298
1391
1457
1477
1470
1448
1416
1400
1402
1376
1304
1225
1172
1123
1057
994
929
824
684
579
516
390
130
-213
-539
-830
-1126
-1465
-1912
-2497
-3048
-3245
-3017
-2700
-2628
-2731
-2773
-2745
-2711
-2512
-2049
-1650
-1682
-1923
-1806
-1234
-648
-322
-88
211
474
642
886
1313
1727
1879
1806
1774
1914
2091
2134
2066
2003
1957
1883
1843
1916
1997
1892
1617
1399
1352
1329
1187
971
799
694
641
661
750
793
674
429
253
239
264
164
-69
-306
-477
-582
-594
-523
-481
-575
-745
-856
-883
-917
-1002
-1111
-1243
-1398
-1521
-1556
-1541
-1562
-1621
-1648
-1599
-1511
-1434
-1375
-1312
-1236
-1154
-1057
-939
-827
-759
-720
-649
-526
-379
-247
-138
-46
23
88
173
263
323
345
377
445
532
619
705
790
853
883
911
964
1028
1078
1117
1171
1240
1312
1385
1447
1479
1483
1485
1490
1489
1480
1450
1379
1279
1195
1136
1059
957
865
789
678
518
333
119
-162
-479
-761
-1019
-1368
-1879
-2493
-2998
-3156
-2948
-2664
-2619
-2766
-2853
-2820
-2746
-2541
-2100
-1710
-1757
-2041
-1956
-1367
-754
-456
-264
39
335
532
813
1289
1738
1906
1856
1855
2014
2203
2252
2161
2065
2024
1991
1973
2032
2087
1960
1661
1434
1395
1371
1189
919
706
574
505
534
664
766
692
446
223
202
319
322
100
-182
-362
-488
-601
-589
-448
-418
-630
-854
-885
-850
-941
-1097
-1202
-1331
-1517
-1612
-1558
-1541
-1655
-1754
-1718
-1638
-1589
-1517
-1401
-1323
-1300
-1228
-1072
-911
-822
-789
-739
-627
-459
-289
-151
-49
31
107
186
275
363
426
453
465
513
615
754
865
928
973
1019
1065
1110
1163
1221
1263
1293
1342
1424
1504
1541
1533
1507
1489
1476
1465
1449
1413
1331
1225
1146
1105
1050
937
797
672
538
352
142
-74
-357
-746
-1146
-1474
-1848
-2397
-2964
-3211
-3082
-2874
-2827
-2858
-2816
-2769
-2787
-2675
-2267
-1825
-1764
-2010
-2031
-1578
-994
-641
-414
-69
312
538
727
1123
1628
1895
1857
1805
1943
2137
2199
2154
2128
2120
2067
2018
2080
2185
2140
1903
1657
1549
1494
1337
1096
895
748
613
526
579
712
713
515
308
284
362
321
92
-182
-380
-505
-568
-549
-486
-493
-608
-744
-810
-837
-890
-984
-1116
-1281
-1435
-1511
-1508
-1515
-1586
-1664
-1680
-1650
-1609
-1561
-1487
-1408
-1350
-1297
-1215
-1103
-993
-916
-855
-775
-656
-503
-350
-231
-151
-77
15
117
202
271
340
412
487
589
727
858
941
990
1044
1117
1196
1277
1349
1394
1414
1449
1523
1598
1641
1654
1644
1614
1577
1549
1522
1464
1375
1293
1237
1192
1137
1054
935
788
634
466
227
-104
-471
-798
-1093
-1443
-1930
-2531
-3074
-3322
-3217
-2983
-2878
-2920
-2973
-2987
-2961
-2762
-2309
-1888
-1862
-2098
-2074
-1585
-981
-578
-279
84
425
652
915
1356
1817
2024
1976
1921
2021
2183
2241
2174
2083
2023
1974
1955
2018
2103
2042
1797
1547
1441
1394
1244
1016
826
698
590
552
642
752
704
510
363
370
424
383
213
-24
-267
-454
-519
-483
-453
-517
-642
-754
-827
-874
-905
-957
-1102
-1325
-1505
-1554
-1538
-1570
-1648
-1699
-1703
-1689
-1658
-1596
-1521
-1464
-1420
-1361
-1278
-1181
-1083
-1002
-943
-872
-743
-572
-424
-326
-250
-154
-39
74
178
268
337
399
486
605
742
873
982
1068
1136
1213
1309
1402
1460
1486
1525
1601
1673
1708
1720
1735
1751
1741
1717
1698
1656
1574
1480
1406
1328
1233
1150
1056
910
758
670
540
241
-47
17
303
195
-636
-1844
-2907
-3657
-4162
-4426
-4419
-4216
-3980
-3816
-3706
-3474
-2959
-2345
-2106
-2407
-2722
-2428
-1613
-853
-310
382
1373
2261
2746
3037
3398
3626
3338
2562
1740
1230
975
731
456
323
451
757
1062
1246
1254
1088
823
555
321
150
147
411
873
1352
1818
2374
2989
3383
3326
2911
2434
2014
1513
844
156
-316
-518
-572
-573
-505
-387
-385
-674
-1241
-1823
-2201
-2415
-2628
-2807
-2729
-2344
-1877
-1529
-1254
-958
-752
-807
-1066
-1285
-1340
-1327
-1364
-1389
-1270
-1000
-748
-658
-710
-799
-910
-1124
-1427
-1676
-1741
-1658
-1538
-1377
-1084
-649
-219
70
245
430
664
873
1017
1187
1492
1905
2310
2670
3035
3414
3690
3756
3638
3455
3266
3025
2699
2371
2160
2073
1997
1853
1662
1460
1227
936
606
294
46
-184
-558
-1178
-1922
-2560
-3057
-3685
-4746
-6222
-7573
-8100
-7652
-6834
-6174
-5404
-4013
-2254
-981
-451
-10
911
1947
2347
2160
2294
3252
4283
4425
3940
3854
4228
3982
2664
1215
572
386
-159
-960
-1207
-695
-106
5
-70
211
775
1078
964
889
1245
1893
2465
2879
3273
3676
3948
3935
3575
2919
2156
1410
583
-431
-1399
-1923
-2030
-2182
-2595
-2932
-2916
-2848
-3134
-3592
-3634
-3088
-2398
-1917
-1441
-661
218
701
719
702
851
803
269
-388
-633
-558
-693
-1144
-1498
-1551
-1606
-1902
-2225
-2289
-2166
-2107
-2115
-1955
-1512
-993
-660
-503
-278
115
479
611
635
816
1152
1389
1440
1499
1691
1839
1760
1563
1498
1578
1576
1395
1229
1288
1492
1609
1601
1638
1775
1852
1780
1699
1719
1742
1665
1578
1620
1736
1766
1659
1510
1378
1209
936
610
370
245
92
-216
-614
-1038
-1657
-2635
-3705
-4432
-4975
-6082
-7916
-9321
-9017
-7336
-5891
-5372
-4708
-2922
-816
163
138
613
2152
3533
3692
3435
4173
5592
5947
4712
3432
3327
3438
2287
335
-703
-465
-254
-822
-1356
-1028
-342
-227
-552
-408
463
1362
1726
1908
2540
3584
4427
4694
4588
4431
4265
3930
3324
2497
1568
658
-182
-957
-1622
-2117
-2527
-3039
-3648
-4054
-4053
-3845
-3730
-3578
-2986
-1917
-860
-198
200
575
842
823
662
628
679
528
117
-293
-543
-816
-1365
-2100
-2671
-2894
-2915
-2909
-2822
-2548
-2183
-1907
-1687
-1357
-939
-617
-432
-191
237
714
997
1068
1112
1239
1368
1384
1306
1212
1132
1030
924
879
911
930
871
823
925
1133
1284
1335
1410
1597
1867
2165
2443
2601
2546
2357
2235
2236
2216
2054
1819
1631
1508
1373
1154
838
490
196
-49
-320
-646
-1049
-1667
-2611
-3618
-4225
-4408
-4850
-6228
-8101
-8973
-7908
-5879
-4680
-4492
-3774
-1828
11
514
525
1471
3056
3821
3574
3680
4770
5584
4768
3031
2191
2514
2393
941
-604
-878
-390
-473
-1098
-1221
-670
-302
-467
-410
450
1628
2290
2382
2591
3320
4199
4596
4381
3980
3752
3578
3125
2359
1484
557
-486
-1477
-2068
-2280
-2526
-3040
-3569
-3767
-3637
-3408
-3234
-2970
-2341
-1351
-378
263
661
955
1022
806
624
712
780
490
-27
-446
-783
-1263
-1904
-2502
-2876
-2999
-2932
-2755
-2505
-2234
-2046
-1928
-1687
-1225
-745
-447
-201
184
633
921
1009
1007
971
908
895
1005
1138
1112
907
712
661
678
651
579
560
653
839
1065
1277
1446
1548
1617
1787
2138
2492
2592
2466
2371
2392
2362
2212
2059
1958
1825
1650
1516
1356
1002
511
126
-89
-309
-610
-1000
-1624
-2522
-3381
-3862
-4083
-4506
-5598
-7345
-8706
-8272
-6196
-4448
-4126
-3886
-2323
-334
500
502
1105
2478
3506
3674
3743
4429
5162
4720
3103
1847
1899
2157
1201
-403
-1064
-678
-522
-1042
-1367
-1005
-536
-434
-260
542
1705
2487
2638
2677
3172
3998
4513
4379
3964
3758
3701
3366
2598
1657
728
-294
-1394
-2182
-2421
-2479
-2846
-3399
-3629
-3402
-3088
-2990
-2909
-2404
-1389
-316
350
678
963
1138
981
724
751
876
614
4
-489
-787
-1224
-1921
-2600
-2988
-3081
-3000
-2839
-2603
-2327
-2128
-2018
-1799
-1344
-855
-556
-324
72
561
864
911
860
826
813
839
956
1100
1104
919
708
643
677
671
611
620
770
990
1184
1311
1397
1467
1557
1719
1965
2238
2452
2540
2478
2329
2188
2088
1971
1808
1625
1431
1239
1089
933
660
320
82
-102
-416
-799
-1158
-1741
-2759
-3764
-4143
-4130
-4697
-6336
-8106
-8344
-6644
-4656
-4036
-4083
-3036
-1019
211
272
661
2117
3506
3760
3549
4059
5028
5022
3561
2051
1835
2260
1737
239
-753
-647
-445
-925
-1464
-1269
-675
-422
-413
93
1214
2222
2536
2456
2726
3500
4197
4255
3853
3580
3560
3358
2627
1563
548
-264
-930
-1585
-2248
-2751
-2975
-3120
-3416
-3621
-3402
-2966
-2691
-2355
-1496
-352
394
610
736
962
1068
975
869
849
756
422
-130
-723
-1232
-1740
-2339
-2844
-2956
-2731
-2536
-2494
-2378
-2096
-1845
-1680
-1376
-867
-392
-93
196
578
879
957
912
900
938
982
1038
1084
1030
836
600
446
416
437
431
427
512
687
852
943
1028
1172
1340
1484
1669
1990
2348
2526
2486
2419
2394
2245
1929
1695
1653
1563
1291
1073
1018
827
351
-104
-338
-575
-934
-1256
-1622
-2343
-3298
-3910
-4013
-4273
-5448
-7240
-8147
-7060
-4924
-3754
-3791
-3296
-1507
98
389
468
1643
3232
3828
3593
3814
4709
5027
3933
2351
1747
2078
1953
757
-454
-692
-466
-733
-1319
-1380
-845
-407
-301
14
901
1906
2370
2312
2396
3020
3806
4115
3864
3543
3473
3383
2821
1766
657
-198
-935
-1736
-2353
-2508
-2529
-2941
-3584
-3777
-3402
-3008
-2813
-2385
-1457
-399
315
652
840
981
998
912
913
1040
1020
596
-57
-603
-1054
-1638
-2306
-2730
-2789
-2672
-2540
-2379
-2179
-2043
-1978
-1803
-1362
-785
-317
-6
287
611
840
907
886
877
895
937
1033
1145
1105
829
485
323
355
419
442
492
602
723
836
949
1046
1116
1199
1377
1696
2075
2310
2261
2061
1962
1987
1942
1782
1674
1653
1537
1249
939
701
474
218
-27
-277
-552
-795
-1091
-1714
-2683
-3529
-3825
-3867
-4445
-5894
-7421
-7682
-6327
-4597
-3838
-3672
-2779
-1096
125
461
967
2261
3502
3839
3781
4243
4956
4832
3584
2295
1979
2193
1753
523
-430
-540
-487
-898
-1349
-1220
-747
-496
-373
165
1159
1982
2210
2166
2479
3234
3893
4013
3738
3506
3419
3145
2383
1296
304
-462
-1197
-1899
-2270
-2331
-2568
-3157
-3616
-3546
-3220
-3004
-2751
-2143
-1226
-345
290
673
870
906
832
803
909
980
739
210
-327
-775
-1279
-1876
-2363
-2611
-2680
-2637
-2486
-2272
-2111
-2042
-1947
-1664
-1183
-687
-311
0
325
607
782
890
973
996
975
1020
1144
1204
1079
812
558
440
457
519
579
650
745
842
937
1034
1129
1225
1349
1556
1854
2163
2376
2405
2231
1958
1773
1740
1711
1584
1453
1370
1213
911
590
323
48
-222
-419
-577
-759
-1026
-1564
-2453
-3334
-3735
-3777
-4143
-5305
-6863
-7649
-6831
-5068
-3937
-3783
-3307
-1800
-308
224
549
1651
3026
3632
3597
3891
4641
4876
3943
2583
2022
2253
2116
1055
-63
-390
-322
-622
-1106
-1092
-620
-310
-257
87
955
1831
2175
2123
2288
2946
3706
4018
3836
3578
3477
3275
2669
1755
814
-76
-959
-1684
-2038
-2148
-2444
-3055
-3567
-3583
-3278
-3070
-2960
-2580
-1797
-884
-140
364
658
747
681
648
767
904
778
337
-180
-602
-1032
-1575
-2097
-2434
-2594
-2612
-2473
-2239
-2096
-2092
-2036
-1752
-1279
-785
-380
-47
250
517
733
909
1039
1090
1082
1119
1262
1378
1295
1016
719
549
508
548
628
707
754
789
867
986
1076
1111
1171
1334
1590
1860
2068
2124
1990
1803
1764
1865
1865
1687
1498
1374
1194
917
670
455
161
-162
-359
-458
-634
-922
-1296
-1849
-2627
-3385
-3786
-3931
-4463
-5825
-7331
-7558
-6125
-4450
-3898
-3857
-2903
-1189
-101
149
762
2190
3404
3653
3615
4163
4881
4670
3434
2346
2235
2453
1909
702
-118
-212
-283
-748
-1098
-870
-402
-199
-99
405
1300
2001
2149
2101
2464
3267
3923
4001
3733
3570
3500
3142
2382
1521
735
-150
-1157
-1882
-2076
-2147
-2624
-3336
-3665
-3475
-3221
-3157
-3002
-2484
-1763
-1083
-450
143
507
540
468
576
791
818
547
130
-272
-661
-1084
-1520
-1921
-2263
-2511
-2576
-2443
-2252
-2176
-2174
-2033
-1664
-1177
-721
-333
3
287
525
757
979
1111
1110
1088
1198
1393
1468
1310
1034
807
679
639
676
744
767
749
780
905
1051
1131
1174
1265
1442
1670
1879
1998
2018
1999
1979
1946
1911
1896
1827
1608
1297
1067
932
724
366
12
-167
-254
-450
-785
-1102
-1355
-1708
-2281
-2930
-3402
-3653
-3979
-4790
-6068
-7027
-6762
-5421
-4179
-3703
-3332
-2299
-989
-223
158
958
2223
3163
3400
3507
3972
4348
3905
2814
2063
2080
2144
1501
509
0
-41
-265
-738
-855
-441
-29
84
271
878
1638
2075
2132
2216
2668
3335
3770
3799
3671
3577
3355
2819
2068
1293
526
-289
-1086
-1672
-1955
-2142
-2565
-3179
-3534
-3405
-3125
-2943
-2596
-1879
-1102
-630
-347
-23
242
300
301
452
642
621
313
-150
-610
-1022
-1419
-1796
-2065
-2176
-2205
-2236
-2246
-2201
-2144
-2083
-1889
-1480
-968
-533
-216
46
254
390
513
699
900
1032
1123
1239
1319
1240
1015
802
713
729
792
869
929
949
937
934
981
1069
1160
1239
1362
1554
1740
1844
1878
1898
1914
1914
1905
1904
1890
1772
1478
1100
832
702
535
256
27
-100
-309
-676
-1024
-1261
-1575
-2081
-2640
-3054
-3283
-3501
-4026
-5033
-6141
-6535
-5834
-4607
-3700
-3214
-2610
-1670
-769
-154
495
1474
2477
3033
3217
3491
3871
3830
3120
2281
1950
2000
1799
1147
484
156
-55
-396
-641
-496
-125
122
267
622
1227
1746
1939
1964
2159
2633
3171
3502
3562
3447
3207
2808
2244
1565
845
146
-503
-1126
-1646
-1946
-2128
-2498
-3054
-3365
-3205
-2869
-2610
-2235
-1605
-1010
-697
-482
-154
138
213
218
362
535
471
111
-364
-782
-1126
-1433
-1675
-1786
-1817
-1898
-2031
-2073
-1986
-1875
-1772
-1541
-1123
-672
-345
-123
66
208
308
459
704
942
1084
1153
1191
1177
1074
931
839
830
870
921
985
1055
1058
975
911
978
1117
1212
1253
1309
1376
1395
1381
1398
1452
1497
1527
1549
1573
1576
1495
1278
978
726
566
423
236
27
-186
-405
-635
-898
-1208
-1468
-1531
-1510
-1780
-2454
-3111
-3410
-3688
-4404
-5247
-5423
-4785
-3977
-3459
-3013
-2333
-1550
-920
-379
341
1286
2142
2604
2772
2979
3252
3230
2777
2278
2083
2009
1696
1177
735
440
145
-155
-276
-121
177
395
490
642
976
1341
1521
1605
1873
2365
2804
2989
2992
2932
2775
2391
1744
1051
610
378
-82
-882
-1505
-1618
-1718
-2293
-2912
-2938
-2549
-2280
-2080
-1652
-1194
-1029
-980
-693
-233
88
182
186
221
241
101
-252
-652
-912
-1075
-1244
-1360
-1387
-1494
-1783
-2021
-1979
-1764
-1594
-1447
-1207
-921
-687
-489
-292
-135
-32
112
364
664
877
941
918
905
948
994
1011
1024
1046
1043
1012
1016
1060
1051
969
954
1072
1193
1194
1157
1191
1232
1218
1231
1350
1484
1520
1497
1507
1527
1454
1258
1010
819
712
641
535
359
110
-186
-486
-758
-999
-1196
-1365
-1619
-2051
-2513
-2781
-2900
-3138
-3592
-4052
-4337
-4448
-4383
-4009
-3311
-2551
-1979
-1521
-925
-170
524
1053
1556
2111
2561
2751
2745
2675
2550
2310
2006
1758
1587
1394
1084
690
353
177
140
165
263
454
684
869
1028
1225
1448
1655
1853
2080
2344
2582
2692
2619
2426
2164
1757
1143
505
56
-257
-599
-950
-1251
-1593
-1992
-2292
-2408
-2443
-2379
-2077
-1634
-1328
-1205
-1075
-885
-721
-572
-347
-107
5
-58
-222
-408
-574
-736
-900
-1023
-1057
-1074
-1191
-1379
-1533
-1632
-1698
-1656
-1441
-1142
-889
-698
-522
-371
-262
-118
111
380
623
839
1031
1147
1140
1068
1029
1050
1064
1062
1095
1150
1132
1031
952
943
952
943
950
991
1022
1000
947
904
894
932
1015
1110
1182
1210
1215
1220
1220
1178
1094
983
828
585
301
97
-24
-203
-492
-768
-937
-1083
-1274
-1419
-1472
-1606
-1988
-2459
-2703
-2700
-2781
-3140
-3532
-3621
-3464
-3324
-3154
-2681
-1951
-1370
-1066
-690
-20
675
1088
1338
1710
2163
2420
2405
2299
2227
2129
1920
1673
1507
1405
1238
960
693
572
579
592
576
609
734
904
1052
1177
1314
1478
1638
1777
1896
2012
2099
2050
1744
1200
669
393
324
176
-190
-604
-889
-1150
-1555
-1973
-2108
-1919
-1687
-1588
-1524
-1394
-1305
-1329
-1289
-1003
-604
-369
-326
-309
-275
-349
-529
-647
-635
-617
-685
-778
-847
-961
-1176
-1383
-1432
-1321
-1172
-1058
-940
-794
-673
-617
-558
-401
-152
112
353
581
764
844
828
801
816
863
926
1011
1082
1070
978
886
853
862
880
916
982
1018
974
877
805
783
793
826
889
968
1019
1010
971
960
985
1014
1039
1061
1044
923
681
390
128
-86
-272
-428
-546
-666
-814
-962
-1068
-1163
-1303
-1500
-1744
-2027
-2289
-2427
-2464
-2589
-2911
-3244
-3324
-3143
-2870
-2537
-2040
-1444
-973
-671
-303
274
882
1299
1575
1904
2262
2425
2309
2108
2019
1989
1865
1669
1540
1454
1244
897
618
530
551
554
559
630
751
847
893
928
1015
1188
1394
1548
1662
1784
1807
1543
1063
706
581
419
62
-254
-375
-562
-1019
-1494
-1723
-1829
-1977
-2007
-1766
-1484
-1439
-1539
-1518
-1336
-1109
-865
-569
-281
-146
-188
-288
-333
-354
-421
-489
-477
-428
-487
-683
-900
-1048
-1133
-1145
-1046
-867
-706
-612
-543
-447
-308
-143
44
250
458
640
760
804
796
769
746
753
811
900
957
932
851
775
717
664
638
673
726
717
650
606
588
534
482
537
686
786
784
759
749
710
640
605
619
621
564
472
392
331
216
3
-223
-337
-346
-379
-469
-542
-597
-719
-902
-1029
-1078
-1125
-1233
-1393
-1586
-1782
-1947
-2107
-2295
-2427
-2374
-2186
-2041
-1947
-1717
-1302
-885
-578
-259
200
709
1086
1312
1524
1791
1992
2013
1942
1944
1982
1869
1592
1362
1282
1187
941
677
565
567
528
435
396
454
531
563
595
671
730
680
569
557
708
894
948
862
736
615
457
251
50
-125
-329
-564
-746
-849
-972
-1165
-1319
-1325
-1227
-1139
-1071
-995
-940
-937
-935
-855
-711
-593
-544
-525
-482
-441
-459
-530
-590
-598
-572
-533
-486
-470
-510
-581
-606
-558
-492
-435
-364
-275
-207
-163
-102
-1
98
176
264
375
470
508
504
497
512
556
616
654
661
657
663
661
653
667
708
741
764
798
831
821
762
695
648
603
571
573
597
600
558
494
450
448
434
364
265
206
162
59
-81
-172
-197
-247
-377
-533
-647
-728
-816
-929
-1060
-1210
-1390
-1602
-1835
-2061
-2230
-2311
-2325
-2313
-2257
-2066
-1707
-1288
-925
-588
-163
338
779
1093
1362
1657
1896
1974
1953
1965
2003
1934
1716
1472
1293
1118
871
613
455
392
333
241
176
186
239
263
262
326
504
704
822
900
1017
1039
778
407
341
599
720
444
88
-58
-191
-562
-940
-989
-849
-887
-1105
-1203
-1133
-1141
-1297
-1338
-1114
-812
-653
-596
-511
-431
-453
-495
-405
-212
-95
-98
-111
-97
-152
-306
-448
-476
-424
-388
-386
-383
-395
-465
-559
-568
-452
-294
-186
-110
-11
79
100
95
156
274
365
424
517
626
637
536
460
503
593
630
629
648
652
583
490
474
522
533
498
493
531
525
436
343
320
348
388
435
481
485
440
397
385
380
367
351
312
223
118
53
-11
-152
-337
-458
-505
-571
-673
-744
-792
-913
-1129
-1337
-1479
-1614
-1791
-1940
-1962
-1899
-1872
-1869
-1725
-1386
-999
-682
-356
64
466
722
892
1143
1456
1662
1699
1688
1718
1704
1546
1303
1119
1018
892
690
508
426
382
289
178
155
227
291
295
322
424
495
436
342
393
550
641
648
681
724
638
429
254
159
40
-142
-294
-377
-489
-690
-904
-1010
-1010
-993
-981
-926
-833
-773
-765
-725
-613
-491
-414
-339
-225
-121
-102
-157
-215
-234
-236
-243
-250
-249
-272
-353
-460
-526
-538
-539
-541
-510
-436
-373
-355
-355
-333
-284
-228
-154
-48
66
150
187
206
233
280
346
425
499
543
556
545
519
491
489
518
555
573
578
574
555
510
463
453
488
531
562
577
584
581
571
562
568
575
555
495
408
332
275
218
152
92
38
-33
-132
-241
-340
-450
-577
-693
-784
-884
-1028
-1195
-1347
-1468
-1563
-1619
-1604
-1540
-1493
-1464
-1378
-1168
-876
-597
-347
-71
227
462
598
718
896
1069
1147
1155
1171
1189
1129
985
842
748
672
570
450
348
277
216
174
168
193
232
278
325
341
340
394
525
630
652
668
734
750
643
522
474
414
245
42
-79
-143
-240
-360
-427
-450
-497
-578
-624
-596
-548
-530
-519
-476
-426
-421
-435
-412
-352
-331
-355
-374
-356
-345
-366
-381
-355
-327
-358
-430
-480
-495
-523
-586
-635
-633
-617
-624
-631
-587
-503
-434
-393
-340
-250
-159
-91
-33
52
154
233
284
331
394
453
480
492
522
573
603
607
613
643
670
659
630
627
650
659
656
675
730
773
757
710
672
646
607
563
530
499
442
350
246
153
82
31
-6
-50
-117
-205
-307
-419
-524
-609
-677
-748
-845
-968
-1110
-1238
-1323
-1346
-1327
-1288
-1229
-1162
-1117
-1091
-1019
-841
-607
-399
-223
-28
167
295
355
448
614
763
810
796
801
803
734
623
585
628
644
577
508
497
501
455
407
448
546
601
592
588
626
640
598
573
627
711
741
707
671
637
552
413
292
229
172
69
-58
-167
-265
-389
-515
-597
-620
-622
-640
-659
-668
-676
-692
-700
-668
-602
-535
-495
-480
-491
-529
-584
-629
-651
-655
-657
-669
-695
-732
-771
-799
-795
-756
-694
-625
-558
-495
-448
-407
-351
-271
-177
-82
8
91
160
214
262
321
394
476
550
608
657
699
734
756
768
795
834
858
852
836
833
830
802
765
751
762
753
711
664
639
612
551
479
441
431
400
323
243
190
137
31
-102
-198
-248
-326
-453
-563
-619
-667
-764
-873
-921
-919
-938
-980
-980
-925
-886
-887
-887
-837
-765
-718
-675
-599
-506
-446
-418
-367
-280
-197
-133
-55
44
127
173
212
281
361
423
475
538
603
637
643
651
678
707
719
733
759
778
776
760
754
757
754
743
734
722
694
649
602
554
500
440
377
308
237
158
81
5
-71
-145
-217
-281
-340
-399
-450
-493
-534
-571
-606
-639
-668
-696
-726
-753
-782
-809
-836
-860
-876
-886
-889
-887
-873
-853
-828
-803
-770
-736
-699
-657
-608
-548
-481
-413
-345
-280
-214
-143
-65
22
110
190
258
317
370
419
468
521
581
631
661
680
696
717
738
761
793
827
850
853
844
833
823
807
784
761
738
703
656
603
557
513
465
412
356
297
227
153
82
19
-40
-104
-173
-239
-302
-365
-421
-464
-496
-520
-545
-569
-592
-613
-631
-642
-644
-643
-640
-635
-634
-635
-633
-626
-613
-590
-556
-513
-466
-419
-369
-320
-265
-205
-134
-59
18
90
151
204
250
293
336
376
417
455
488
510
523
527
524
524
522
520
519
517
511
503
490
476
460
445
434
421
406
386
358
320
275
225
175
126
75
21
-35
-94
-152
-205
-253
-295
-328
-360
-388
-414
-441
-467
-486
-501
-509
-512
-519
-525
-538
-553
-565
-575
-580
-580
-578
-572
-564
-553
-539
-517
-485
-446
-401
-350
-292
-229
-165
-99
-33
29
87
137
183
226
266
300
329
354
373
383
389
399
415
440
470
500
524
545
560
570
581
592
598
599
592
577
551
520
490
465
440
409
377
343
302
258
212
165
121
75
25
-27
-83
-141
-198
-251
-295
-332
-364
-392
-413
-430
-445
-458
-467
-476
-482
-488
-494
-499
-502
-505
-509
-512
-505
-495
-478
-455
-423
-384
-343
-294
-245
-191
-136
-80
-27
25
72
119
160
197
228
258
282
306
327
347
364
382
400
415
427
437
449
456
459
460
459
451
440
426
405
382
355
329
298
270
240
207
178
145
112
77
44
12
-20
-55
-90
-128
-168
-206
-243
-278
-310
-339
-361
-385
-407
-425
-441
-454
-463
-469
-472
-473
-472
-470
-469
-466
-463
-454
-442
-430
-413
-392
-371
-350
-328
-303
-274
-241
-203
-157
-106
-50
3
56
103
150
193
237
282
326
366
403
432
454
469
476
479
482
488
493
498
498
492
481
463
442
426
413
400
388
371
351
327
297
267
240
213
184
152
116
78
34
-12
-54
-91
-127
-158
-186
-217
-250
-284
-314
-339
-356
-369
-379
-388
-399
-411
-422
-433
-441
-441
-437
-429
-419
-404
-390
-375
-354
-332
-306
-275
-238
-201
-164
-125
-85
-46
-7
35
76
116
154
188
221
252
281
303
326
348
369
387
399
409
414
415
414
408
399
389
375
359
340
318
293
265
240
213
185
160
134
109
85
58
34
12
-7
-25
-43
-60
-77
-93
-113
-132
-153
-173
-194
-218
-240
-265
-289
-315
-338
-358
-375
-390
-400
-404
-408
-407
-404
-398
-389
-375
-358
-341
-324
-304
-284
-262
-236
-209
-180
-150
-120
-89
-60
-29
3
35
66
93
122
148
172
193
209
226
241
256
265
277
285
291
297
303
310
314
319
323
326
325
326
325
321
318
312
306
295
286
273
257
241
222
200
179
154
127
101
74
43
14
-16
-45
-77
-105
-135
-162
-187
-211
-234
-256
-272
-285
-299
-311
-319
-323
-329
-333
-328
-326
-321
-312
-304
-295
-283
-267
-251
-231
-211
-188
-165
-139
-112
-85
-58
-29
-2
24
50
76
100
122
141
157
173
188
203
214
224
234
240
246
252
256
263
269
273
275
275
272
265
256
251
245
237
230
217
203
185
168
150
132
113
95
76
53
29
5
-20
-47
-73
-96
-120
-145
-168
-194
-217
-240
-260
-279
-296
-309
-321
-330
-341
-350
-357
-362
-365
-363
-356
-349
-340
-329
-317
-305
-288
-270
-247
-225
-199
-172
-146
-120
-95
-71
-47
-22
4
29
54
75
97
115
135
155
175
194
214
233
250
265
280
293
302
313
321
328
334
340
339
341
341
338
333
328
322
314
305
295
285
272
257
238
216
192
167
142
119
96
75
49
21
-9
-40
-72
-100
-126
-150
-172
-198
-221
-245
-269
-287
-303
-317
-324
-333
-341
-349
-355
-360
-362
-356
-344
-330
-316
-305
-294
-285
-278
-262
-237
-208
-173
-138
-108
-87
-72
-59
-39
-10
26
70
108
138
160
170
177
188
207
234
263
289
307
313
306
298
292
295
303
316
327
328
315
292
264
239
221
217
220
221
212
190
153
109
67
37
20
14
11
0
-23
-59
-101
-140
-172
-193
-203
-212
-222
-240
-262
-285
-303
-316
-322
-321
-322
-323
-325
-327
-326
-317
-306
-291
-278
-270
-265
-258
-247
-227
-202
-176
-157
-142
-131
-121
-106
-83
-51
-17
13
35
49
62
79
106
141
181
216
241
257
264
271
285
309
339
367
387
391
383
371
360
355
358
363
368
361
343
314
284
252
229
212
197
182
163
135
99
61
23
-9
-33
-48
-59
-70
-88
-116
-153
-192
-228
-253
-263
-258
-251
-249
-258
-280
-310
-338
-352
-346
-324
-295
-276
-272
-284
-300
-313
-312
-288
-252
-213
-183
-166
-163
-162
-159
-139
-105
-64
-22
13
35
48
56
69
91
123
161
198
229
247
253
252
252
258
269
284
299
309
309
303
291
275
261
250
239
231
223
213
199
182
163
140
115
93
70
54
37
19
-3
-26
-54
-83
-108
-128
-146
-158
-166
-181
-198
-218
-240
-256
-268
-269
-267
-264
-262
-263
-273
-281
-285
-282
-271
-257
-238
-222
-210
-200
-191
-178
-161
-138
-110
-80
-51
-27
-7
8
21
38
61
92
122
152
175
194
205
216
226
245
268
293
312
325
326
318
306
293
287
284
276
266
250
226
200
173
155
142
138
137
144
149
147
132
106
72
28
-18
-57
-89
-116
-139
-161
-188
-211
-230
-235
-225
-203
-175
-154
-146
-156
-183
-221
-258
-288
-306
-310
-307
-304
-301
-304
-305
-301
-284
-255
-213
-166
-121
-85
-59
-41
-29
-13
6
34
66
95
120
136
143
143
143
145
153
166
182
195
208
216
220
223
229
236
250
264
273
272
256
229
193
158
130
114
109
113
113
104
87
63
38
22
20
29
41
47
41
21
-15
-57
-93
-118
-127
-126
-120
-121
-130
-149
-172
-195
-204
-201
-186
-168
-148
-138
-139
-147
-161
-175
-178
-173
-163
-153
-146
-147
-153
-163
-168
-165
-152
-128
-98
-64
-32
-4
21
43
64
81
96
106
112
112
111
107
103
99
97
100
108
123
146
174
202
225
236
236
225
204
179
157
138
118
97
71
41
12
-10
-21
-19
-7
13
31
43
47
40
29
17
5
-5
-16
-32
-52
-76
-103
-129
-146
-157
-161
-159
-149
-138
-126
-120
-112
-104
-97
-89
-81
-74
-72
-74
-82
-93
-102
-104
-102
-90
-71
-52
-33
-20
-14
-10
-3
8
25
46
68
88
101
107
109
108
105
106
107
114
118
115
107
92
76
68
64
73
86
99
109
113
107
96
78
62
50
40
33
23
11
-6
-23
-41
-54
-60
-58
-49
-36
-24
-18
-24
-38
-58
-78
-95
-107
-110
-105
-97
-86
-76
-74
-72
-76
-78
-77
-74
-71
-64
-57
-52
-49
-48
-47
-45
-39
-28
-14
-1
13
23
25
22
17
12
8
11
18
29
38
45
49
50
48
47
47
49
51
55
58
59
58
53
48
42
39
39
40
45
51
56
60
62
55
50
42
34
27
21
15
7
-1
-8
-16
-24
-28
-35
-39
-39
-39
-37
-38
-40
-43
-50
-55
-63
-69
-74
-76
-74
-71
-70
-65
-60
-51
-45
-38
-28
-18
-8
-1
7
8
7
5
4
3
6
13
21
27
35
42
47
52
56
61
66
70
70
67
59
50
37
27
19
12
9
7
9
10
10
11
13
18
21
27
31
30
28
22
12
1
-11
-20
-28
-33
-34
-35
-36
-36
-36
-36
-35
-30
-27
-20
-15
-10
-5
-7
-8
-13
-19
-23
-25
-26
-23
-19
-16
-16
-18
-20
-21
-22
-19
-14
-8
-3
1
2
1
-1
-2
0
5
11
14
15
15
10
4
-2
-5
-5
-2
3
9
12
15
15
15
16
17
23
28
32
36
35
31
23
14
5
-4
-10
-10
-12
-12
-11
-9
-7
-2
2
4
9
12
15
14
10
5
-3
-15
-25
-34
-40
-43
-42
-38
-33
-23
-15
-6
3
9
12
11
8
4
-3
-10
-15
-16
-16
-19
-20
-17
-12
-4
6
13
21
28
31
31
30
28
25
22
18
17
14
13
12
11
10
10
9
11
15
19
21
22
23
21
17
13
8
3
-1
-3
-5
-7
-8
-9
-10
-10
-8
-6
-2
1
6
8
6
2
-3
-11
-17
-22
-21
-21
-19
-18
-17
-14
-14
-11
-7
-3
2
5
5
6
3
-1
-5
-8
-11
-14
-14
-13
-11
-8
-7
-7
-5
-6
-6
-5
-5
-3
-1
0
-2
-3
-5
-7
-5
-4
-3
2
6
8
10
9
8
7
4
2
3
3
4
3
1
0
0
-2
-2
0
2
4
5
7
8
5
5
2
0
-2
-4
-4
-3
-3
-5
-3
-3
-2
1
4
8
8
6
6
3
-1
-3
-7
-8
-9
-10
-9
-8
-6
-4
1
3
6
8
9
9
9
10
7
6
2
0
-2
-3
-4
-4
-2
0
4
6
8
10
8
9
6
2
1
0
-1
0
3
3
5
6
6
6
6
6
7
8
6
4
4
0
-1
-6
-7
-8
-7
-8
-5
-3
-2
-2
0
2
0
0
-3
-4
-7
-8
-9
-10
-12
-11
-11
-9
-8
-6
-2
-1
3
4
7
8
9
8
8
4
0
-3
-5
-7
-8
-9
-8
-7
-6
-4
-2
-1
1
2
4
2
1
-1
-4
-7
-8
-7
-10
-10
-10
-9
-7
-5
-2
2
3
4
6
5
2
2
-1
-4
-6
-8
-9
-9
-9
-7
-5
-2
1
4
6
8
10
11
10
10
7
6
3
4
3
2
2
3
6
7
7
8
9
8
8
8
6
6
8
7
5
5
5
4
4
2
2
2
-1
-2
-1
-1
-1
0
-1
-1
0
0
-2
-1
0
-1
-1
-2
-2
-4
-4
-5
-6
-7
-8
-7
-6
-3
-2
-3
1
-1
-1
0
-2
-2
-2
-1
-1
-1
0
0
-1
-1
0
1
1
2
0
0
0
-2
-2
-2
-3
-3
-3
-2
0
0
4
4
4
5
5
6
6
5
5
2
-1
0
-2
-4
-3
-4
-2
0
1
2
1
1
0
1
0
0
0
-1
-2
-2
-3
-6
-7
-7
-7
-5
-4
-2
1
2
2
5
4
4
6
3
4
2
1
-1
-1
-3
-3
-2
-4
-4
-4
-5
-1
-1
0
2
2
5
3
3
2
1
0
-2
-2
-1
-1
0
1
1
1
2
2
4
5
2
3
1
0
-1
-2
-3
-3
-5
-4
-3
-2
-1
1
1
3
4
6
5
5
6
4
1
-1
-2
-2
-2
-2
-1
1
1
3
2
3
3
1
0
-1
-3
-4
-4
-5
-4
-5
-5
-3
-2
-1
1
3
4
4
4
5
6
5
5
