2
2
1
0
1
2
1
1
0
2
2
0
1
1
0
0
0
0
0
0
0
0
-1
-1
-2
0
-1
-1
-1
-1
0
0
0
0
1
1
0
1
0
-1
1
0
-2
-1
-1
-2
-2
-1
-1
0
0
0
0
1
2
1
1
3
2
2
2
1
2
0
0
0
0
0
0
0
1
0
0
-1
-1
-1
0
0
0
0
-1
-2
-1
-1
-2
-2
-2
-1
-2
-2
0
0
-1
1
2
0
1
2
2
3
0
0
1
1
1
1
2
1
2
1
1
1
2
1
1
2
2
0
-2
-2
-3
-3
-3
-3
-3
-3
-3
-2
-2
-2
-1
0
-1
-1
1
1
2
1
1
0
0
0
0
1
-1
1
1
0
1
3
3
3
5
2
2
2
2
1
1
1
2
2
1
0
1
-1
-2
-2
-2
-1
-2
-1
-1
-3
-3
-2
-1
-1
0
0
1
0
-2
-1
-1
-2
-2
-2
-3
-3
-3
-5
-4
-4
-2
-2
-1
0
0
1
0
1
2
3
3
3
2
2
3
4
5
4
2
3
2
2
3
2
1
1
3
2
1
1
1
0
1
0
0
-1
-1
-1
-1
-1
-1
-1
-1
-3
-3
-4
-4
-2
-2
-1
-1
-2
-1
-2
0
0
0
0
0
0
1
0
-2
-1
-1
-1
-1
-2
0
-1
-1
0
-1
-1
0
-1
1
1
1
1
2
3
2
3
1
2
3
3
1
3
2
4
2
3
3
3
2
2
0
-1
-1
-3
-3
-4
-4
-4
-3
-3
-1
-2
-3
-2
-2
-1
-1
-2
-2
-2
-2
-1
-1
1
-1
-2
-2
-3
-1
0
1
1
1
2
3
3
3
3
2
1
1
1
2
1
1
1
0
0
1
1
2
2
3
4
4
3
3
1
1
0
1
0
0
0
-1
-2
-1
-3
-3
-1
-2
-2
-2
-3
-2
-3
-2
-3
-3
-2
-1
-1
-1
-1
-1
-1
0
-1
0
0
-1
0
0
-2
-2
0
0
2
1
1
1
0
-1
0
0
0
2
2
1
1
2
2
1
2
2
3
2
3
3
2
3
3
1
2
1
1
1
1
1
0
-2
-1
-2
-1
-2
-2
-1
-2
0
-1
-1
-1
-2
-3
-2
-2
-3
-3
-4
-3
-2
-2
-2
-1
0
0
-1
-1
-1
-1
-1
-1
-3
-1
-1
-2
-2
-2
-1
-1
0
0
1
3
3
2
2
3
2
2
1
3
1
0
2
3
2
2
2
2
2
2
3
2
2
1
0
2
0
0
1
1
1
1
1
2
1
2
1
1
0
0
1
2
1
2
0
0
-1
-1
-2
-2
0
-1
0
-2
0
-1
-2
-1
-1
-1
-2
1
-1
-1
0
-1
-1
-1
-1
-1
-3
-3
-4
-3
-2
-3
-2
-2
-1
-2
-2
-3
-1
-1
-1
-2
-2
-2
-1
-2
-2
0
-2
0
0
-1
0
-1
0
1
3
3
3
1
2
3
3
3
2
2
4
3
3
5
4
3
4
4
2
3
1
0
1
1
0
-1
-2
-1
-1
-1
-1
-1
-2
-1
0
-1
-2
-2
-2
-2
1
0
-1
0
0
0
0
-2
-1
-2
-2
0
-2
-3
-3
-1
-3
-4
-2
-1
-1
0
0
-1
1
0
0
0
0
0
1
1
3
3
1
4
4
5
4
4
3
3
3
2
0
1
1
2
2
2
0
1
0
-1
0
-2
0
-1
0
-1
0
-1
-1
-1
-1
-1
-2
-3
-3
-2
-1
-1
-2
-2
-1
0
-1
-1
-2
-1
-2
-3
-2
-4
-3
-4
-3
-3
-3
-3
-2
-1
-1
-1
-1
-1
-1
1
1
3
2
2
2
3
3
2
2
1
2
4
2
2
3
2
3
2
2
2
3
4
3
3
3
2
2
2
2
3
1
0
-1
-1
-2
-2
-2
-1
0
-1
0
-1
0
1
1
1
2
1
1
0
1
0
-1
-1
-2
-2
-3
-3
-5
-4
-3
-3
-1
-2
-2
-3
-2
-3
-3
-3
-2
-2
-2
-1
-1
0
-1
0
-1
-1
0
0
1
1
1
1
3
3
3
4
5
5
4
3
2
2
3
1
1
0
2
0
0
0
0
0
-1
-1
-2
-1
-2
0
-1
-1
-1
0
1
0
0
0
1
0
0
-1
1
1
0
1
0
-1
-2
0
-2
-1
-1
0
0
-2
-3
-2
-1
-1
-2
-2
-2
0
0
0
2
2
2
2
3
2
0
1
0
1
1
0
0
1
2
2
1
1
2
2
1
2
0
0
0
-2
-1
-1
0
-1
0
1
0
0
-1
0
0
-1
-1
-1
-1
-2
-1
-2
-2
-1
0
-1
1
1
-1
-1
-1
-1
0
-1
0
0
0
-1
0
-1
0
1
1
2
2
1
1
1
0
0
1
-1
0
0
0
1
0
1
0
1
1
0
1
1
0
0
-1
0
-1
-2
0
0
1
2
1
2
1
3
2
2
1
1
0
0
-1
-2
-1
-2
-2
-2
-3
-4
-4
-3
-3
-2
-1
0
0
0
0
-1
0
0
-1
1
-1
-1
-1
-1
1
1
1
0
0
0
-1
-2
0
-1
1
-1
0
2
2
1
2
2
1
0
1
0
0
1
1
0
0
0
-2
1
4
0
1
8
10
8
8
4
4
9
10
10
12
14
14
15
16
10
7
11
10
9
9
3
3
9
13
9
6
7
2
-11
-17
-20
-30
-35
-38
-41
-37
-28
-38
-51
-49
-48
-46
-41
-37
-29
-18
-11
-12
-13
-13
-16
-10
-3
-5
-1
9
3
-7
-8
-17
-29
-25
-25
-34
-23
-12
-19
-5
22
19
2
10
24
40
58
55
34
33
28
6
5
22
30
35
34
28
23
4
-20
-22
-23
-20
10
31
23
30
17
-15
-68
-496
-1350
-1695
-1051
-360
-73
512
1158
995
664
1050
1371
977
643
809
895
642
398
328
245
30
-131
-90
-61
-190
-239
-167
-249
-429
-499
-577
-726
-1031
-1932
-3000
-2790
-1561
-970
-719
20
-132
-1290
-1053
378
678
447
1218
2052
2179
2298
2561
2621
2351
1809
1502
1566
1338
901
886
796
91
-415
-257
-274
-697
-884
-935
-1116
-973
-635
-727
-913
-849
-1055
-1444
-1360
-1036
-1003
-1098
-1099
-1025
-860
-679
-593
-572
-541
-483
-399
-222
84
271
171
88
165
142
96
254
319
176
166
235
169
204
383
373
121
-327
-865
-1025
-713
-393
-16
589
995
1153
1458
1716
1771
1886
1876
1685
1815
2051
1821
1422
1024
300
-304
-305
-210
-316
-396
-538
-699
-636
-593
-700
-730
-884
-1230
-1224
-876
-658
-474
-265
-338
-523
-459
-260
-107
-50
-121
-205
-203
-116
73
163
38
-57
-103
-158
-119
-296
-571
-180
360
92
-339
-301
-255
-271
-310
-521
-436
-95
-100
-67
175
-75
-431
-204
10
-53
132
303
114
15
134
175
201
240
144
95
83
-265
-608
-329
95
34
-145
-109
8
231
433
386
353
496
661
987
1373
1350
1068
916
786
667
709
750
626
418
225
143
146
42
-248
-605
-897
-1029
-988
-860
-762
-775
-868
-932
-884
-739
-569
-449
-375
-299
-179
4
213
338
319
225
155
174
272
375
404
330
211
141
130
92
7
-80
-186
-295
-301
-198
-102
-79
-122
-186
-219
-197
-124
-17
37
20
54
161
252
340
400
371
315
317
369
441
480
454
393
305
232
211
186
102
11
-48
-104
-144
-133
-103
-130
-236
-313
-281
-233
-236
-229
-220
-255
-264
-201
-143
-121
-100
-89
-101
-101
-44
45
72
5
-42
-11
4
-35
-39
-3
-51
-244
-456
-517
-483
-529
-646
-706
-699
-704
-729
-720
-654
-589
-573
-554
-442
-262
-94
23
125
247
372
446
523
685
821
817
825
954
1041
986
911
900
868
751
638
636
647
542
427
397
345
229
169
182
170
138
164
230
299
350
354
324
306
315
323
310
311
342
331
254
223
230
147
-8
-94
-125
-216
-334
-368
-367
-453
-572
-617
-642
-720
-797
-810
-787
-772
-761
-742
-711
-682
-649
-600
-554
-506
-400
-261
-204
-187
-66
87
152
199
305
392
368
265
202
218
175
26
-57
-23
4
4
52
187
342
317
-64
-649
-1088
-1244
-1303
-1435
-1623
-1843
-2176
-2573
-2868
-3085
-3308
-3550
-3810
-3977
-3640
-2598
-1357
-551
-85
570
1479
2288
2959
3747
4556
5072
5364
5754
6246
6520
6364
5810
5058
4328
3704
3105
2477
1827
1087
237
-533
-1044
-1384
-1756
-2150
-2375
-2325
-2094
-1780
-1401
-1049
-856
-744
-492
-96
248
447
557
609
599
548
475
347
106
-225
-538
-721
-792
-909
-1169
-1490
-1751
-1959
-2121
-2182
-2165
-2159
-2206
-2240
-2159
-1967
-1811
-1764
-1685
-1481
-1219
-932
-606
-277
-46
46
84
184
352
528
706
907
1135
1373
1521
1538
1499
1401
1187
976
965
1124
1206
1033
669
358
232
143
-26
-95
48
83
-227
-555
-616
-730
-1134
-1482
-1602
-1847
-2272
-2425
-2359
-2983
-4920
-7199
-7820
-6126
-3953
-3205
-3146
-1939
162
1436
1752
2512
3989
5012
5256
5880
7591
9523
10382
9802
8434
7242
6650
6131
5005
3467
2241
1474
722
-225
-1146
-1925
-2802
-3996
-5143
-5394
-4408
-3033
-2395
-2418
-2068
-1057
-207
5
127
606
1035
1084
1236
1851
2322
1915
899
51
-491
-1128
-1975
-2761
-3319
-3769
-4151
-4224
-3870
-3472
-3427
-3516
-3238
-2598
-1990
-1521
-1013
-486
-99
235
712
1168
1269
1056
856
774
683
536
381
206
-8
-183
-249
-242
-265
-406
-623
-750
-665
-465
-311
-157
106
401
589
742
970
1158
1159
1110
1278
1626
1849
1848
1891
2109
2174
1921
1757
1892
1901
1574
1389
1583
1675
1377
1118
1172
1157
800
428
347
286
-56
-395
-325
-101
-322
-780
-655
22
305
-47
-305
-257
-444
-843
-852
-651
-1383
-3881
-7559
-10345
-10345
-8233
-6770
-6989
-6841
-4880
-2675
-1923
-1667
-385
1397
2493
3253
4803
7195
9393
10333
9652
8076
6850
6278
5451
3908
2492
1824
1215
-32
-1367
-1983
-2194
-2922
-4250
-5153
-4650
-2940
-1220
-367
-31
626
1652
2393
2638
2830
3181
3365
3245
3200
3460
3543
2764
1186
-316
-1147
-1720
-2605
-3540
-3923
-3871
-3871
-3825
-3359
-2712
-2455
-2532
-2340
-1631
-767
-147
217
523
832
1063
1191
1242
1106
623
-42
-484
-588
-644
-866
-1162
-1406
-1587
-1687
-1664
-1607
-1653
-1775
-1785
-1549
-1089
-573
-180
52
206
388
620
861
1047
1155
1240
1388
1615
1869
2053
2057
1861
1621
1517
1534
1567
1619
1729
1844
1906
1908
1827
1671
1520
1394
1256
1153
1101
987
837
853
954
810
492
362
318
-50
-715
-1345
-1915
-2570
-3300
-4056
-4762
-5413
-6534
-8606
-10535
-10338
-8097
-6186
-5656
-4895
-2767
-508
691
1524
2888
4372
5310
5933
6820
8051
9096
9163
7954
6203
4922
4136
3101
1637
315
-535
-1112
-1553
-1796
-1972
-2243
-2471
-2401
-1970
-1141
130
1518
2453
2841
3225
3954
4619
4673
4217
3771
3500
3114
2461
1711
941
-87
-1513
-3053
-4229
-4816
-5007
-5205
-5582
-5801
-5440
-4683
-4094
-3732
-3139
-2254
-1475
-754
329
1521
2013
1813
1727
1939
1817
1200
627
230
-346
-1054
-1490
-1692
-2045
-2539
-2848
-2837
-2623
-2315
-1989
-1695
-1367
-921
-397
100
553
955
1251
1461
1684
1937
2086
2052
1941
1864
1809
1729
1631
1500
1295
1058
883
792
729
678
706
808
919
1028
1192
1389
1474
1475
1588
1867
2134
2273
2402
2468
2332
2087
1921
1672
1108
656
660
672
198
-350
-416
-438
-709
-959
-1238
-2253
-3960
-5094
-5314
-5697
-7423
-9971
-11459
-10640
-8271
-6593
-6132
-5291
-3104
-893
34
787
2546
4588
5505
5611
6333
7799
8901
8508
6864
5176
4260
3782
2723
1104
-219
-735
-904
-1315
-1750
-1849
-1666
-1664
-1885
-1702
-631
964
2072
2386
2657
3568
4703
5114
4733
4335
4321
4204
3578
2799
2247
1631
475
-1072
-2439
-3353
-3978
-4551
-5107
-5493
-5466
-4997
-4421
-4024
-3642
-3011
-2246
-1504
-616
434
1187
1414
1533
1828
1927
1507
860
297
-277
-892
-1337
-1638
-2067
-2601
-2962
-3088
-3064
-2882
-2590
-2364
-2149
-1692
-1031
-472
-92
280
671
1006
1337
1672
1863
1852
1796
1786
1743
1659
1614
1562
1380
1142
1020
997
936
855
862
933
986
1081
1313
1587
1747
1823
1956
2154
2298
2350
2379
2413
2416
2409
2431
2380
2102
1689
1375
1151
823
429
156
-62
-486
-1118
-1740
-2304
-2900
-3547
-4228
-4918
-5485
-6098
-7353
-9137
-10012
-8995
-7268
-6479
-6186
-4837
-2548
-862
-194
492
1774
3086
3848
4204
4711
5707
6762
6928
6013
5068
4831
4534
3279
1697
974
1020
868
330
40
205
356
147
-245
-430
-224
240
627
859
1275
2093
2922
3253
3182
3165
3253
3125
2713
2297
2048
1837
1486
949
261
-512
-1290
-2006
-2601
-3037
-3329
-3523
-3593
-3453
-3143
-2839
-2665
-2573
-2459
-2307
-2180
-2121
-2091
-2027
-1953
-1962
-2059
-2130
-2120
-2100
-2085
-1986
-1765
-1532
-1369
-1188
-900
-591
-399
-316
-202
-10
189
372
575
772
914
1033
1221
1466
1643
1687
1653
1639
1673
1721
1756
1783
1809
1827
1831
1829
1833
1835
1820
1771
1698
1642
1624
1610
1534
1392
1263
1202
1160
1076
975
922
905
862
804
790
812
815
778
711
607
452
290
174
125
95
16
-153
-376
-605
-850
-1142
-1465
-1817
-2284
-2974
-3820
-4546
-4854
-4731
-4495
-4492
-4739
-4926
-4764
-4231
-3519
-2889
-2562
-2541
-2541
-2219
-1528
-791
-382
-351
-387
-146
420
1090
1640
2027
2330
2670
3148
3731
4237
4463
4391
4208
4110
4131
4148
4011
3689
3320
3092
3048
3064
2991
2777
2446
2079
1806
1678
1593
1389
1027
621
315
159
89
-8
-173
-356
-497
-593
-646
-658
-682
-791
-966
-1107
-1208
-1369
-1607
-1843
-2038
-2258
-2490
-2624
-2661
-2717
-2810
-2835
-2776
-2737
-2763
-2762
-2672
-2558
-2471
-2366
-2203
-2027
-1877
-1729
-1535
-1314
-1130
-996
-844
-619
-359
-157
-25
99
231
343
423
503
601
713
842
994
1159
1318
1447
1539
1593
1654
1752
1874
1971
2047
2166
2332
2459
2506
2537
2627
2743
2824
2866
2892
2874
2778
2636
2505
2393
2247
2027
1737
1404
1057
726
406
52
-366
-830
-1318
-1860
-2545
-3392
-4192
-4606
-4543
-4338
-4406
-4747
-4981
-4828
-4332
-3720
-3216
-2971
-2945
-2876
-2519
-1900
-1287
-943
-893
-892
-644
-102
494
915
1177
1453
1837
2304
2767
3122
3261
3156
2933
2790
2831
2897
2750
2383
2089
2093
2278
2385
2326
2147
1900
1646
1501
1502
1512
1357
1051
777
687
736
761
681
556
472
426
382
340
291
185
2
-212
-431
-675
-976
-1310
-1601
-1803
-1943
-2088
-2251
-2374
-2424
-2427
-2406
-2371
-2349
-2370
-2413
-2408
-2337
-2253
-2206
-2172
-2093
-1931
-1711
-1496
-1317
-1162
-988
-768
-534
-350
-259
-217
-167
-71
49
165
269
355
443
573
778
1018
1209
1319
1405
1538
1710
1857
1930
1941
1926
1914
1923
1980
2065
2124
2137
2160
2236
2321
2353
2331
2295
2256
2186
2082
1951
1789
1586
1379
1222
1117
998
809
556
256
-96
-470
-803
-1101
-1507
-2179
-3102
-3998
-4499
-4467
-4212
-4203
-4566
-4921
-4867
-4391
-3761
-3228
-2928
-2898
-2932
-2682
-2037
-1317
-930
-915
-931
-658
-92
525
969
1236
1481
1827
2280
2768
3157
3304
3176
2960
2875
2937
2952
2779
2463
2179
2089
2218
2408
2441
2263
2021
1855
1784
1765
1744
1634
1391
1122
986
1002
1013
893
671
464
350
324
312
247
108
-84
-305
-550
-812
-1092
-1410
-1748
-2026
-2184
-2268
-2360
-2464
-2519
-2501
-2443
-2392
-2381
-2413
-2447
-2419
-2309
-2174
-2074
-2019
-1980
-1887
-1711
-1488
-1297
-1152
-1009
-824
-621
-435
-291
-198
-138
-58
73
219
315
356
415
551
751
965
1147
1270
1351
1451
1604
1760
1849
1881
1913
1961
2016
2083
2156
2199
2199
2218
2295
2381
2389
2312
2210
2123
2048
1964
1844
1644
1364
1071
875
814
798
696
461
134
-217
-541
-803
-1032
-1355
-1944
-2831
-3765
-4323
-4296
-3988
-3916
-4246
-4609
-4597
-4181
-3603
-3069
-2710
-2608
-2653
-2513
-1980
-1284
-861
-836
-907
-703
-155
480
921
1135
1331
1690
2179
2656
3003
3131
3008
2757
2603
2640
2704
2578
2253
1939
1854
2038
2295
2378
2246
2066
1972
1935
1888
1828
1715
1482
1197
1037
1050
1069
928
668
451
371
378
351
211
-8
-208
-364
-537
-779
-1094
-1474
-1860
-2123
-2208
-2225
-2311
-2444
-2510
-2475
-2382
-2280
-2218
-2233
-2267
-2207
-2046
-1901
-1866
-1891
-1884
-1807
-1661
-1483
-1322
-1195
-1050
-842
-595
-384
-264
-233
-228
-169
-32
126
236
297
356
461
641
855
1018
1089
1145
1287
1519
1751
1905
1979
2013
2056
2139
2240
2296
2263
2190
2183
2281
2397
2424
2347
2216
2080
1961
1859
1740
1542
1271
1025
877
794
684
513
297
45
-265
-617
-936
-1203
-1523
-2080
-2912
-3758
-4212
-4134
-3875
-3901
-4245
-4508
-4390
-3990
-3514
-3041
-2650
-2477
-2465
-2297
-1785
-1150
-761
-704
-730
-525
-9
604
1039
1275
1506
1833
2186
2519
2819
2969
2843
2562
2407
2453
2514
2403
2121
1839
1779
2000
2272
2326
2194
2091
2060
1996
1900
1846
1749
1490
1186
1057
1099
1106
950
696
474
350
295
215
53
-160
-370
-567
-754
-912
-1077
-1347
-1722
-2062
-2239
-2295
-2340
-2385
-2395
-2373
-2359
-2329
-2261
-2195
-2170
-2177
-2163
-2109
-2022
-1926
-1835
-1745
-1626
-1476
-1331
-1194
-1023
-803
-574
-365
-169
-4
98
170
294
456
565
614
694
845
991
1080
1156
1250
1326
1390
1482
1597
1682
1717
1745
1787
1816
1830
1843
1850
1828
1805
1844
1949
2056
2091
2034
1908
1774
1680
1616
1533
1389
1186
960
766
652
578
443
204
-81
-368
-700
-1087
-1436
-1740
-2233
-3077
-3962
-4339
-4111
-3824
-3965
-4371
-4514
-4200
-3674
-3197
-2800
-2468
-2261
-2137
-1872
-1340
-737
-396
-374
-360
-61
468
931
1186
1371
1654
2018
2356
2618
2805
2878
2797
2617
2469
2420
2399
2274
2024
1810
1818
2008
2143
2101
2006
1992
1997
1909
1754
1606
1449
1240
1041
927
866
758
567
376
281
264
197
-2
-258
-432
-520
-616
-761
-928
-1146
-1450
-1756
-1937
-2002
-2078
-2192
-2268
-2270
-2246
-2231
-2219
-2204
-2185
-2157
-2123
-2087
-2036
-1981
-1934
-1867
-1735
-1544
-1354
-1186
-1002
-787
-572
-368
-159
29
149
223
321
456
570
642
719
824
928
1004
1066
1135
1196
1244
1292
1370
1468
1555
1608
1653
1719
1786
1823
1819
1805
1823
1895
2009
2115
2160
2130
2052
1954
1843
1713
1560
1373
1148
923
763
657
542
366
126
-183
-557
-919
-1198
-1428
-1755
-2321
-3093
-3821
-4168
-4038
-3766
-3801
-4159
-4387
-4148
-3594
-3069
-2710
-2479
-2323
-2151
-1804
-1254
-722
-446
-406
-341
-8
553
1057
1287
1368
1577
1969
2376
2675
2854
2868
2715
2551
2549
2626
2566
2316
2003
1779
1737
1886
2059
2050
1878
1755
1758
1754
1656
1503
1311
1065
847
771
796
758
601
422
319
311
306
187
-47
-277
-421
-519
-635
-777
-968
-1242
-1549
-1786
-1959
-2161
-2382
-2482
-2441
-2388
-2405
-2430
-2409
-2373
-2318
-2188
-2021
-1934
-1936
-1899
-1737
-1518
-1345
-1215
-1080
-917
-726
-508
-278
-93
16
92
203
344
448
497
536
615
731
859
981
1075
1125
1145
1177
1252
1355
1436
1497
1564
1644
1726
1803
1868
1885
1851
1824
1864
1936
1978
1985
1984
1962
1885
1770
1653
1515
1313
1074
884
760
638
477
317
194
64
-154
-488
-900
-1338
-1825
-2460
-3261
-3986
-4258
-4054
-3830
-3957
-4226
-4194
-3796
-3324
-2953
-2655
-2416
-2259
-2067
-1670
-1094
-570
-296
-241
-126
280
853
1244
1335
1385
1615
1945
2228
2483
2707
2776
2661
2529
2479
2417
2244
1984
1717
1543
1589
1818
1971
1880
1722
1704
1756
1710
1605
1530
1413
1176
960
907
924
831
624
439
353
321
260
120
-78
-277
-463
-659
-864
-1053
-1288
-1613
-1959
-2205
-2369
-2543
-2698
-2726
-2630
-2533
-2480
-2406
-2288
-2179
-2089
-1975
-1821
-1661
-1490
-1263
-1007
-810
-716
-669
-605
-512
-405
-280
-146
-34
27
48
55
63
95
174
286
403
511
613
715
823
939
1054
1173
1308
1447
1556
1642
1753
1890
1985
2008
2007
2008
1990
1947
1931
1937
1917
1893
1906
1905
1801
1597
1401
1263
1141
990
826
676
539
392
192
-103
-468
-815
-1090
-1333
-1679
-2246
-2963
-3524
-3637
-3411
-3303
-3550
-3849
-3786
-3432
-3168
-3113
-3028
-2753
-2398
-2066
-1741
-1441
-1244
-1084
-735
-133
475
801
859
925
1226
1734
2192
2374
2335
2323
2444
2548
2521
2460
2483
2513
2452
2340
2228
2073
1857
1695
1673
1690
1582
1337
1109
1056
1175
1281
1190
950
761
699
635
468
264
133
64
-2
-82
-173
-298
-443
-543
-588
-677
-905
-1221
-1472
-1592
-1664
-1803
-2014
-2190
-2254
-2238
-2217
-2217
-2222
-2216
-2194
-2141
-2054
-1973
-1893
-1757
-1558
-1381
-1278
-1186
-1027
-821
-643
-510
-385
-253
-106
74
277
433
504
557
673
827
947
1029
1127
1245
1338
1403
1476
1548
1575
1573
1594
1652
1703
1734
1771
1811
1821
1801
1792
1807
1812
1779
1730
1691
1654
1588
1492
1385
1265
1110
927
758
613
446
244
91
10
-119
-401
-781
-1158
-1515
-1897
-2370
-2981
-3573
-3804
-3607
-3431
-3625
-3882
-3749
-3432
-3396
-3478
-3165
-2556
-2229
-2279
-2213
-1784
-1242
-801
-418
-73
175
398
715
1130
1593
2045
2345
2409
2447
2677
2935
2946
2813
2832
2925
2812
2544
2413
2461
2446
2246
1972
1763
1650
1584
1482
1327
1224
1221
1197
1054
876
762
638
420
203
97
46
-45
-140
-180
-209
-287
-397
-490
-587
-744
-987
-1265
-1487
-1643
-1816
-2037
-2188
-2221
-2252
-2344
-2382
-2324
-2307
-2361
-2336
-2192
-2073
-2022
-1908
-1716
-1589
-1537
-1404
-1173
-994
-895
-748
-521
-314
-160
7
181
296
369
484
637
753
834
940
1075
1184
1257
1332
1423
1503
1561
1628
1722
1806
1866
1925
1995
2034
2020
2005
2017
2008
1937
1863
1856
1868
1821
1739
1667
1558
1367
1159
1034
959
819
600
400
230
-24
-429
-891
-1287
-1614
-1979
-2496
-3160
-3748
-3967
-3819
-3679
-3789
-3928
-3856
-3753
-3817
-3742
-3215
-2585
-2410
-2567
-2442
-1869
-1244
-809
-448
-77
218
452
777
1234
1729
2143
2386
2460
2535
2774
3045
3115
3032
2996
2987
2855
2681
2644
2657
2495
2167
1914
1824
1761
1610
1419
1289
1241
1207
1131
1038
963
869
670
404
225
191
173
49
-126
-226
-250
-291
-377
-476
-601
-812
-1099
-1360
-1541
-1689
-1846
-1985
-2091
-2198
-2305
-2361
-2353
-2355
-2400
-2417
-2355
-2257
-2169
-2072
-1951
-1836
-1748
-1655
-1523
-1366
-1219
-1076
-915
-725
-530
-341
-153
30
201
354
503
648
779
905
1040
1177
1286
1371
1449
1512
1553
1594
1664
1748
1818
1891
1982
2066
2104
2100
2085
2055
2013
1994
2009
2008
1947
1843
1723
1614
1538
1483
1397
1255
1082
894
692
489
266
-62
-515
-990
-1381
-1765
-2295
-2968
-3568
-3843
-3771
-3639
-3714
-3899
-3929
-3838
-3827
-3749
-3310
-2748
-2604
-2810
-2698
-2059
-1383
-1003
-707
-309
47
291
599
1079
1610
2022
2235
2290
2385
2649
2928
2998
2914
2894
2914
2821
2673
2645
2660
2478
2126
1885
1839
1777
1567
1351
1267
1238
1144
1032
996
992
876
625
377
269
265
208
38
-128
-186
-198
-271
-373
-421
-471
-653
-961
-1242
-1415
-1532
-1661
-1808
-1942
-2053
-2144
-2211
-2257
-2295
-2337
-2357
-2320
-2249
-2198
-2146
-2029
-1876
-1770
-1695
-1558
-1366
-1222
-1125
-964
-729
-518
-358
-190
2
168
307
456
611
744
871
1003
1119
1204
1283
1382
1475
1531
1569
1627
1708
1786
1844
1905
1995
2071
2082
2045
2032
2040
2012
1944
1907
1903
1849
1732
1627
1560
1462
1327
1220
1142
997
767
557
398
161
-242
-705
-1092
-1429
-1881
-2533
-3251
-3740
-3828
-3706
-3706
-3859
-3926
-3877
-3903
-3931
-3624
-3028
-2693
-2832
-2921
-2492
-1798
-1290
-946
-521
-77
199
422
827
1399
1903
2193
2298
2372
2564
2833
2976
2929
2862
2873
2835
2700
2635
2685
2614
2295
1967
1856
1832
1664
1396
1227
1193
1156
1072
1044
1102
1090
884
592
443
453
424
250
56
-24
-56
-148
-266
-322
-357
-500
-777
-1078
-1295
-1455
-1626
-1821
-1986
-2094
-2176
-2242
-2285
-2320
-2356
-2361
-2314
-2269
-2264
-2236
-2117
-1967
-1871
-1784
-1627
-1438
-1326
-1264
-1131
-903
-671
-504
-361
-203
-51
82
225
387
535
665
798
922
1021
1130
1284
1420
1471
1490
1566
1679
1750
1786
1858
1958
2023
2061
2129
2198
2182
2075
1971
1925
1903
1885
1867
1807
1672
1522
1442
1396
1300
1179
1085
952
712
447
207
-117
-577
-1012
-1323
-1702
-2331
-3066
-3585
-3752
-3682
-3599
-3652
-3791
-3881
-3895
-3850
-3631
-3164
-2757
-2761
-2946
-2742
-2085
-1459
-1088
-742
-313
14
228
575
1130
1668
1993
2117
2180
2324
2593
2832
2868
2780
2759
2790
2737
2650
2659
2652
2439
2116
1948
1926
1814
1556
1340
1248
1176
1079
1039
1069
1033
849
611
465
437
424
310
116
-28
-62
-81
-168
-248
-273
-358
-609
-908
-1096
-1199
-1343
-1549
-1731
-1856
-1955
-2051
-2131
-2193
-2247
-2297
-2328
-2326
-2298
-2264
-2216
-2142
-2059
-1986
-1873
-1697
-1534
-1436
-1322
-1101
-846
-669
-518
-313
-100
48
174
338
504
625
735
867
1002
1126
1252
1367
1440
1482
1547
1634
1700
1738
1797
1900
1995
2034
2043
2071
2106
2099
2054
2013
1994
1979
1954
1913
1846
1753
1640
1518
1388
1262
1142
1006
818
566
253
-99
-478
-878
-1299
-1750
-2306
-2994
-3605
-3818
-3649
-3515
-3653
-3822
-3805
-3761
-3785
-3596
-3083
-2694
-2765
-2922
-2642
-2018
-1488
-1134
-754
-357
-68
179
557
1065
1541
1866
2007
2047
2170
2439
2672
2694
2607
2609
2663
2634
2578
2617
2632
2446
2157
1993
1945
1811
1550
1331
1230
1148
1046
1001
1042
1035
863
607
447
431
411
259
39
-97
-130
-161
-232
-270
-261
-318
-516
-766
-939
-1043
-1176
-1363
-1550
-1693
-1799
-1893
-1982
-2064
-2139
-2203
-2262
-2305
-2310
-2273
-2203
-2121
-2042
-1950
-1820
-1658
-1516
-1411
-1281
-1071
-828
-641
-502
-329
-118
60
184
306
439
564
672
790
925
1070
1220
1342
1408
1444
1499
1566
1613
1649
1710
1796
1867
1916
1965
2024
2066
2069
2030
1962
1895
1853
1825
1769
1673
1581
1525
1462
1340
1190
1056
898
681
458
239
-83
-538
-984
-1341
-1767
-2389
-3027
-3390
-3441
-3395
-3443
-3545
-3571
-3537
-3546
-3510
-3209
-2748
-2547
-2696
-2711
-2260
-1633
-1218
-933
-548
-145
117
350
735
1206
1591
1810
1895
1958
2124
2363
2486
2442
2396
2434
2434
2359
2350
2422
2364
2097
1844
1772
1725
1525
1260
1124
1106
1054
952
918
961
929
736
526
481
546
511
308
99
28
21
-50
-168
-228
-253
-368
-590
-804
-938
-1055
-1214
-1401
-1570
-1705
-1808
-1883
-1959
-2040
-2097
-2111
-2108
-2121
-2136
-2119
-2055
-1957
-1859
-1769
-1653
-1504
-1367
-1273
-1162
-966
-731
-552
-443
-318
-145
28
161
286
430
557
651
744
864
986
1101
1219
1331
1408
1465
1548
1645
1705
1727
1778
1873
1951
1982
2012
2059
2072
2023
1968
1954
1931
1850
1729
1623
1529
1416
1297
1196
1095
953
780
582
311
-62
-462
-789
-1084
-1478
-2010
-2606
-3147
-3490
-3523
-3364
-3303
-3439
-3576
-3579
-3501
-3314
-2932
-2597
-2676
-2964
-2832
-2153
-1461
-1058
-615
101
799
1200
1476
1891
2353
2554
2350
1928
1634
1623
1684
1544
1293
1218
1341
1402
1281
1104
944
754
567
511
614
809
1099
1532
2011
2361
2581
2823
3071
3075
2723
2274
2055
2034
1901
1558
1246
1132
1024
651
96
-355
-702
-1247
-2048
-2718
-2954
-2942
-3017
-3150
-3077
-2776
-2497
-2391
-2323
-2136
-1893
-1756
-1733
-1652
-1405
-1099
-926
-901
-857
-714
-614
-728
-995
-1199
-1268
-1321
-1436
-1490
-1373
-1170
-1044
-988
-864
-617
-362
-216
-121
93
475
870
1172
1468
1881
2333
2633
2774
2912
3113
3263
3306
3339
3418
3472
3398
3213
3007
2826
2621
2310
1907
1525
1230
959
640
355
200
92
-119
-443
-800
-1231
-1854
-2614
-3316
-3923
-4687
-5784
-6903
-7401
-7009
-6196
-5564
-5052
-4105
-2653
-1410
-888
-596
271
1547
2253
2113
2107
3023
4186
4406
3746
3316
3471
3320
2251
941
336
338
156
-396
-722
-419
102
240
18
-37
317
768
1001
1149
1541
2177
2770
3157
3420
3612
3636
3408
2974
2408
1771
1167
647
102
-575
-1235
-1646
-1847
-2125
-2551
-2849
-2821
-2654
-2586
-2505
-2128
-1516
-1062
-929
-829
-504
-152
-85
-225
-249
-136
-176
-458
-715
-760
-793
-1077
-1523
-1806
-1829
-1831
-2001
-2174
-2097
-1837
-1655
-1592
-1423
-1064
-731
-574
-439
-121
314
636
795
958
1229
1482
1566
1525
1532
1618
1636
1513
1386
1412
1515
1504
1373
1308
1407
1523
1503
1418
1446
1596
1706
1720
1766
1905
1983
1834
1561
1400
1407
1395
1220
982
830
724
523
236
0
-160
-386
-752
-1172
-1627
-2278
-3145
-3927
-4455
-5114
-6318
-7591
-7855
-6852
-5612
-5026
-4584
-3286
-1387
-158
24
292
1534
2987
3410
3036
3266
4469
5307
4721
3487
2972
3045
2442
916
-327
-456
-168
-425
-1006
-1044
-466
-44
-168
-333
40
827
1519
1953
2383
2995
3656
4127
4287
4142
3798
3414
3025
2465
1656
838
275
-165
-807
-1615
-2202
-2456
-2698
-3109
-3358
-3121
-2617
-2288
-2155
-1861
-1306
-819
-628
-510
-192
184
285
123
11
32
-108
-557
-1037
-1264
-1389
-1708
-2155
-2400
-2362
-2291
-2337
-2338
-2126
-1817
-1611
-1474
-1212
-791
-414
-200
-14
315
721
984
1061
1129
1283
1406
1376
1288
1289
1338
1289
1156
1094
1161
1221
1167
1092
1147
1309
1430
1479
1581
1795
2020
2151
2213
2262
2282
2221
2088
1939
1809
1674
1506
1316
1133
938
675
332
-24
-377
-778
-1232
-1750
-2426
-3276
-4028
-4464
-4927
-5977
-7347
-7889
-7000
-5556
-4730
-4368
-3387
-1623
-188
223
406
1396
2861
3597
3393
3376
4242
5057
4582
3164
2248
2218
1953
757
-519
-824
-457
-440
-926
-1143
-718
-199
-126
-210
203
1166
2094
2579
2852
3275
3802
4117
4074
3785
3409
3035
2636
2093
1342
535
-156
-787
-1486
-2134
-2496
-2637
-2830
-3050
-2977
-2532
-2055
-1811
-1661
-1363
-933
-528
-193
105
357
503
490
340
131
-110
-475
-975
-1399
-1575
-1647
-1875
-2209
-2404
-2415
-2410
-2411
-2277
-2019
-1775
-1554
-1217
-750
-337
-102
37
234
490
718
867
966
1058
1132
1169
1186
1184
1127
1002
878
840
884
933
960
1005
1104
1234
1371
1515
1664
1799
1911
2027
2180
2355
2452
2404
2263
2137
2015
1789
1449
1131
932
778
583
366
157
-96
-430
-769
-1063
-1452
-2108
-2978
-3724
-4090
-4314
-4981
-6226
-7233
-7013
-5727
-4574
-4138
-3632
-2308
-740
62
279
952
2272
3281
3368
3202
3683
4493
4486
3361
2171
1830
1839
1192
-5
-726
-615
-427
-754
-1149
-972
-413
-107
-104
168
1013
2009
2584
2702
2851
3355
3939
4069
3668
3209
3038
2907
2373
1473
626
27
-560
-1320
-2005
-2285
-2301
-2471
-2801
-2806
-2289
-1724
-1566
-1595
-1332
-803
-396
-194
51
365
490
323
92
-24
-157
-515
-1025
-1388
-1493
-1570
-1835
-2165
-2323
-2320
-2328
-2318
-2127
-1811
-1585
-1459
-1219
-817
-462
-305
-220
-21
279
532
692
809
896
922
911
934
981
956
840
748
762
837
876
889
933
1024
1150
1320
1553
1795
1965
2046
2131
2300
2478
2510
2358
2185
2120
2081
1915
1640
1395
1193
912
557
299
178
-14
-386
-729
-903
-1154
-1783
-2672
-3415
-3793
-3988
-4473
-5566
-6844
-7255
-6353
-5048
-4384
-4052
-3061
-1506
-421
-63
444
1627
2831
3278
3224
3517
4298
4648
3869
2574
1929
1995
1726
685
-278
-427
-239
-485
-986
-1041
-582
-200
-150
23
751
1773
2452
2621
2745
3169
3633
3738
3543
3361
3226
2919
2376
1712
984
189
-613
-1305
-1815
-2114
-2274
-2451
-2670
-2715
-2437
-2038
-1794
-1680
-1464
-1078
-619
-171
214
447
488
399
243
61
-133
-374
-717
-1097
-1364
-1519
-1724
-2041
-2322
-2444
-2443
-2363
-2189
-1940
-1698
-1480
-1217
-869
-505
-225
-47
114
348
630
846
944
974
986
996
1003
1002
952
836
724
685
710
764
820
866
912
1007
1159
1324
1455
1573
1719
1917
2162
2399
2529
2454
2206
1941
1824
1822
1758
1551
1313
1127
874
478
97
-124
-304
-594
-908
-1158
-1527
-2224
-3105
-3774
-4045
-4259
-5067
-6536
-7584
-7064
-5460
-4396
-4253
-3747
-2205
-689
-141
134
1181
2695
3558
3562
3618
4312
4964
4548
3216
2196
2111
2146
1384
205
-378
-277
-304
-801
-1167
-924
-418
-190
-101
396
1366
2242
2583
2599
2821
3415
3964
3958
3440
2994
2968
2934
2300
1222
364
-136
-800
-1772
-2460
-2502
-2395
-2711
-3150
-3017
-2347
-1867
-1866
-1786
-1207
-545
-299
-216
163
586
537
164
5
68
-125
-669
-1146
-1307
-1381
-1650
-2042
-2313
-2385
-2419
-2477
-2386
-2050
-1697
-1550
-1442
-1095
-623
-349
-272
-79
301
625
786
931
1109
1143
1024
991
1131
1203
1047
849
804
847
836
800
828
890
931
982
1131
1364
1549
1608
1636
1775
1998
2171
2271
2347
2356
2217
2008
1855
1718
1498
1250
1063
882
623
302
-18
-307
-540
-703
-821
-932
-1142
-1655
-2507
-3359
-3815
-3908
-4081
-4776
-5994
-7017
-6889
-5599
-4351
-3966
-3729
-2650
-1108
-149
255
986
2233
3213
3423
3383
3798
4443
4348
3243
2111
1873
2094
1676
581
-210
-224
-70
-348
-720
-607
-124
177
250
606
1437
2296
2685
2704
2849
3345
3837
3835
3436
3167
3162
2931
2173
1255
587
21
-771
-1630
-2102
-2136
-2196
-2590
-2964
-2832
-2317
-1983
-1922
-1666
-1053
-500
-326
-290
-84
139
80
-179
-292
-241
-396
-910
-1417
-1599
-1682
-1982
-2350
-2458
-2383
-2380
-2408
-2268
-1983
-1763
-1656
-1481
-1122
-690
-368
-167
59
359
606
735
853
1007
1096
1097
1120
1185
1169
1035
929
951
1025
1056
1070
1116
1169
1207
1258
1358
1478
1559
1589
1628
1728
1874
2013
2149
2313
2406
2288
2017
1824
1780
1705
1495
1260
1091
885
525
88
-239
-398
-529
-767
-1041
-1219
-1443
-2007
-2882
-3641
-4003
-4120
-4362
-5066
-6245
-7199
-6964
-5622
-4439
-4084
-3687
-2433
-950
-170
216
1079
2343
3163
3258
3267
3764
4370
4188
3089
2057
1882
2041
1575
572
-48
14
113
-190
-477
-265
220
473
546
940
1784
2588
2898
2881
3037
3523
3953
3957
3666
3448
3306
2913
2172
1372
716
66
-739
-1568
-2103
-2255
-2333
-2658
-3043
-3011
-2559
-2189
-2083
-1855
-1294
-754
-506
-343
-97
4
-225
-536
-614
-553
-697
-1122
-1562
-1812
-1969
-2188
-2427
-2543
-2536
-2505
-2438
-2248
-1951
-1683
-1515
-1328
-981
-538
-193
-7
143
348
572
773
945
1073
1132
1138
1152
1209
1257
1225
1142
1101
1149
1218
1256
1287
1325
1337
1333
1377
1487
1588
1642
1679
1744
1821
1871
1893
1917
1981
2073
2127
2078
1939
1782
1613
1375
1111
925
764
481
96
-239
-503
-776
-1015
-1136
-1220
-1428
-1823
-2393
-3064
-3667
-4038
-4231
-4576
-5425
-6608
-7189
-6436
-4982
-4141
-3983
-3362
-1921
-689
-248
179
1291
2564
3132
3099
3275
3922
4296
3684
2541
1966
2156
2190
1483
631
365
463
284
-141
-227
178
602
718
835
1343
2109
2675
2846
2870
3107
3610
3991
3867
3417
3148
3093
2728
1861
989
480
28
-764
-1677
-2201
-2297
-2428
-2836
-3155
-2972
-2496
-2234
-2184
-1897
-1315
-865
-713
-561
-300
-205
-415
-673
-742
-742
-928
-1314
-1674
-1844
-1939
-2139
-2388
-2477
-2399
-2335
-2292
-2099
-1751
-1458
-1275
-1030
-645
-269
-38
123
335
577
765
918
1096
1242
1262
1218
1249
1334
1336
1246
1198
1242
1281
1250
1234
1303
1370
1334
1269
1311
1449
1546
1548
1566
1678
1810
1850
1836
1884
1994
2034
1950
1824
1684
1461
1167
964
896
763
433
81
-106
-270
-618
-1019
-1213
-1270
-1411
-1602
-1777
-2169
-2886
-3553
-3807
-3856
-4139
-4903
-6014
-6790
-6399
-5024
-3941
-3710
-3401
-2282
-1043
-451
-38
917
2129
2835
2965
3117
3645
4133
3901
2980
2236
2243
2483
2139
1299
726
689
672
335
63
254
663
824
824
1132
1832
2462
2631
2527
2654
3182
3709
3793
3509
3205
2932
2505
1944
1425
921
297
-426
-1133
-1775
-2295
-2636
-2883
-3113
-3197
-3007
-2697
-2472
-2270
-1950
-1562
-1228
-941
-653
-448
-433
-584
-748
-819
-869
-1043
-1337
-1593
-1723
-1813
-1954
-2099
-2172
-2183
-2134
-1995
-1762
-1505
-1278
-1065
-831
-548
-236
49
265
457
690
946
1154
1276
1327
1340
1346
1383
1459
1528
1523
1456
1415
1415
1406
1382
1387
1406
1394
1377
1408
1455
1474
1477
1505
1552
1593
1611
1611
1598
1584
1589
1618
1612
1507
1333
1158
951
655
350
110
-143
-454
-707
-840
-964
-1138
-1265
-1338
-1475
-1749
-2162
-2660
-3102
-3370
-3529
-3744
-4208
-5091
-6101
-6344
-5335
-3964
-3391
-3328
-2672
-1418
-557
-279
261
1420
2508
2897
2925
3269
3901
4061
3352
2443
2223
2567
2559
1877
1176
980
965
650
241
236
592
832
830
961
1452
2032
2304
2251
2239
2584
3166
3510
3389
3068
2807
2466
1878
1272
882
510
-138
-949
-1599
-2030
-2417
-2825
-3125
-3162
-2971
-2729
-2553
-2348
-2011
-1669
-1419
-1139
-722
-367
-273
-327
-355
-427
-645
-896
-1060
-1214
-1423
-1609
-1722
-1852
-2037
-2171
-2171
-2054
-1859
-1602
-1327
-1075
-823
-547
-263
16
296
561
792
1022
1263
1439
1488
1468
1458
1452
1414
1392
1417
1420
1327
1190
1124
1148
1162
1103
1042
1056
1115
1136
1129
1158
1212
1232
1236
1292
1387
1435
1420
1424
1457
1407
1234
1057
959
861
684
497
348
143
-171
-460
-607
-687
-813
-965
-1088
-1200
-1335
-1551
-1938
-2461
-2885
-3090
-3241
-3485
-3841
-4469
-5348
-5734
-4943
-3579
-2852
-2779
-2342
-1291
-427
-67
422
1408
2383
2802
2852
3084
3571
3754
3220
2405
2082
2292
2327
1806
1172
899
824
561
211
168
455
710
755
835
1186
1670
1968
1991
2008
2283
2746
3051
3002
2764
2562
2356
1910
1177
437
-14
-246
-667
-1430
-2169
-2535
-2709
-2986
-3168
-2943
-2512
-2289
-2214
-1915
-1392
-1003
-866
-706
-374
-85
-48
-180
-297
-416
-662
-965
-1140
-1165
-1224
-1439
-1697
-1814
-1787
-1762
-1780
-1686
-1397
-1066
-823
-586
-286
-26
117
261
499
759
951
1070
1150
1200
1232
1232
1201
1161
1119
1052
976
955
969
936
851
798
815
867
925
986
1038
1060
1058
1070
1106
1149
1163
1163
1177
1201
1200
1160
1098
1016
913
790
670
562
451
326
182
13
-195
-433
-628
-723
-741
-785
-880
-955
-973
-1012
-1176
-1514
-1997
-2484
-2758
-2772
-2857
-3439
-4432
-5080
-4731
-3709
-2956
-2755
-2467
-1700
-918
-531
-121
813
1919
2484
2510
2667
3223
3643
3363
2638
2216
2313
2385
1993
1408
1072
918
609
190
51
279
507
463
359
557
1036
1427
1507
1473
1666
2121
2527
2622
2528
2467
2321
1795
1037
605
609
414
-401
-1337
-1728
-1754
-2001
-2459
-2634
-2420
-2222
-2236
-2175
-1831
-1446
-1299
-1259
-988
-518
-230
-273
-370
-304
-265
-442
-683
-768
-795
-947
-1137
-1193
-1183
-1316
-1564
-1687
-1555
-1300
-1094
-937
-738
-495
-297
-151
55
346
599
742
862
1037
1172
1162
1063
1012
1021
1012
972
954
940
866
750
698
741
804
827
833
857
884
903
921
932
921
927
1001
1114
1190
1188
1127
1053
990
948
909
851
792
734
626
431
201
-8
-208
-401
-529
-553
-543
-594
-740
-897
-983
-1046
-1270
-1706
-2161
-2440
-2557
-2690
-3015
-3636
-4362
-4636
-4098
-3183
-2606
-2389
-1968
-1223
-598
-232
310
1222
2061
2397
2445
2690
3129
3268
2825
2206
1982
2111
2050
1584
1094
867
684
313
-10
41
327
452
362
387
717
1133
1350
1371
1452
1743
2129
2388
2420
2334
2246
2081
1640
977
454
269
99
-469
-1266
-1769
-1898
-2069
-2445
-2657
-2469
-2167
-2060
-1996
-1679
-1229
-975
-907
-697
-276
43
67
4
82
157
-27
-378
-623
-721
-869
-1093
-1215
-1216
-1308
-1567
-1757
-1690
-1486
-1339
-1219
-996
-710
-493
-345
-155
99
333
504
661
842
988
1016
945
869
841
811
761
733
745
732
658
585
582
627
649
653
709
830
945
985
982
999
1040
1095
1168
1261
1327
1314
1233
1130
1048
982
902
814
734
643
528
413
329
245
141
55
-6
-82
-174
-231
-273
-366
-467
-485
-452
-497
-644
-823
-1062
-1420
-1814
-2087
-2225
-2336
-2601
-3199
-4050
-4581
-4253
-3359
-2731
-2619
-2439
-1812
-1118
-721
-342
401
1301
1848
1974
2111
2537
2912
2752
2187
1865
2029
2156
1786
1204
899
800
552
210
124
324
482
429
382
583
965
1251
1316
1358
1609
2022
2338
2400
2252
2005
1752
1545
1342
1046
649
214
-239
-668
-963
-1119
-1309
-1607
-1819
-1770
-1576
-1438
-1359
-1253
-1122
-990
-827
-640
-507
-468
-493
-530
-545
-544
-604
-786
-1019
-1157
-1176
-1187
-1263
-1352
-1404
-1419
-1395
-1301
-1156
-1028
-926
-798
-610
-416
-271
-174
-81
33
169
323
458
531
535
523
568
672
754
747
696
696
749
789
808
845
887
894
891
953
1067
1150
1155
1116
1104
1152
1211
1210
1158
1112
1068
1001
948
937
903
812
735
711
666
580
522
466
310
77
-83
-147
-216
-320
-418
-507
-607
-698
-790
-937
-1173
-1495
-1869
-2183
-2319
-2329
-2429
-2774
-3320
-3809
-3852
-3312
-2605
-2237
-2083
-1631
-892
-361
-128
271
1006
1641
1838
1868
2120
2473
2471
2026
1604
1602
1780
1637
1176
839
792
705
396
158
258
493
549
486
594
914
1186
1254
1256
1426
1765
2057
2152
2109
1989
1731
1358
1057
910
703
279
-208
-555
-800
-1065
-1328
-1507
-1601
-1630
-1566
-1416
-1265
-1176
-1139
-1081
-938
-738
-580
-519
-503
-495
-528
-611
-691
-765
-888
-1055
-1172
-1213
-1254
-1342
-1436
-1481
-1459
-1383
-1257
-1098
-951
-831
-714
-563
-388
-232
-118
-16
115
272
419
518
567
584
599
638
717
821
901
919
896
902
962
1030
1068
1096
1136
1168
1181
1199
1225
1226
1201
1193
1222
1256
1259
1214
1143
1085
1044
969
853
766
711
626
510
428
366
258
136
74
38
-29
-103
-186
-339
-513
-604
-671
-816
-968
-1003
-1019
-1162
-1350
-1440
-1478
-1564
-1681
-1774
-1867
-1960
-2032
-2138
-2332
-2556
-2726
-2800
-2707
-2377
-1911
-1509
-1208
-888
-501
-110
276
710
1166
1539
1782
1940
2058
2127
2120
2033
1898
1792
1737
1650
1461
1231
1065
959
864
823
871
952
1005
1027
989
880
861
1072
1337
1401
1358
1438
1547
1425
1140
975
960
875
632
364
192
45
-214
-579
-866
-985
-1072
-1242
-1380
-1365
-1313
-1376
-1476
-1459
-1373
-1348
-1365
-1321
-1225
-1189
-1239
-1288
-1254
-1165
-1102
-1075
-1026
-944
-893
-907
-926
-890
-839
-831
-828
-766
-673
-633
-648
-625
-523
-398
-290
-153
41
236
384
499
629
776
901
989
1081
1190
1274
1295
1278
1272
1263
1212
1155
1155
1206
1238
1216
1172
1161
1180
1199
1196
1172
1131
1058
973
906
854
759
603
465
400
359
282
179
90
9
-75
-135
-177
-244
-361
-501
-623
-722
-813
-925
-1061
-1174
-1228
-1262
-1334
-1424
-1481
-1513
-1560
-1614
-1632
-1606
-1573
-1574
-1607
-1646
-1666
-1672
-1685
-1689
-1633
-1459
-1180
-871
-588
-310
-4
301
556
790
1063
1354
1578
1692
1741
1774
1790
1767
1708
1641
1581
1502
1394
1291
1222
1163
1104
1064
1061
1068
1072
1097
1137
1164
1171
1175
1170
1141
1110
1098
1070
980
835
666
461
210
-37
-223
-363
-512
-692
-889
-1090
-1290
-1449
-1528
-1528
-1506
-1509
-1527
-1515
-1467
-1421
-1390
-1343
-1268
-1195
-1142
-1092
-1043
-1018
-1017
-1004
-957
-891
-832
-784
-738
-695
-664
-635
-584
-517
-448
-384
-310
-226
-151
-88
-22
57
152
278
425
560
679
796
913
1006
1075
1149
1225
1265
1261
1249
1261
1291
1313
1299
1244
1174
1130
1101
1052
987
950
936
896
826
781
770
741
661
568
498
420
315
197
93
-10
-109
-183
-247
-356
-514
-649
-720
-752
-796
-841
-873
-916
-1003
-1107
-1170
-1186
-1202
-1248
-1292
-1288
-1256
-1254
-1281
-1273
-1214
-1142
-1088
-1029
-947
-878
-839
-807
-746
-668
-607
-551
-456
-306
-141
6
141
274
407
536
681
854
1023
1148
1222
1276
1328
1363
1373
1373
1383
1393
1390
1371
1347
1319
1282
1252
1241
1244
1240
1213
1171
1127
1073
996
898
794
691
589
481
372
252
103
-64
-224
-362
-482
-599
-713
-819
-925
-1031
-1129
-1214
-1287
-1349
-1392
-1415
-1424
-1427
-1421
-1405
-1378
-1351
-1321
-1282
-1244
-1205
-1161
-1109
-1046
-982
-918
-851
-784
-715
-644
-565
-475
-381
-289
-197
-105
-19
64
148
223
282
332
389
460
547
641
742
836
899
930
950
990
1043
1107
1175
1241
1281
1273
1227
1180
1156
1148
1148
1148
1135
1087
997
891
790
705
645
605
568
503
405
296
192
90
-8
-79
-115
-148
-220
-324
-419
-495
-570
-654
-717
-747
-769
-820
-897
-958
-988
-1008
-1037
-1057
-1045
-1023
-1018
-1021
-1014
-1001
-993
-988
-963
-907
-840
-784
-741
-687
-616
-546
-480
-399
-289
-174
-83
-8
75
160
228
280
342
432
530
609
669
725
781
830
883
941
1004
1063
1102
1129
1146
1150
1140
1120
1096
1071
1042
1009
966
913
847
773
699
620
528
428
334
248
161
69
-30
-128
-228
-331
-426
-504
-570
-629
-685
-740
-784
-819
-851
-878
-895
-901
-910
-919
-930
-935
-935
-933
-930
-924
-913
-899
-876
-846
-812
-766
-710
-651
-596
-534
-463
-388
-318
-254
-197
-143
-79
-5
72
144
221
305
381
434
475
519
571
624
674
716
762
803
819
809
807
832
865
887
906
916
913
888
842
784
728
694
658
603
551
513
457
371
289
222
158
102
64
28
-18
-65
-113
-186
-261
-302
-322
-359
-406
-438
-468
-513
-554
-582
-605
-627
-641
-655
-688
-719
-726
-729
-744
-759
-754
-744
-737
-725
-706
-671
-621
-576
-547
-504
-422
-342
-291
-230
-144
-78
-46
-10
45
105
161
216
270
328
392
439
470
528
616
676
702
750
820
849
836
839
857
854
826
795
781
778
763
717
665
633
594
516
437
401
370
298
208
136
71
-17
-112
-182
-222
-251
-300
-357
-396
-419
-471
-545
-592
-603
-623
-663
-686
-682
-680
-698
-720
-723
-711
-698
-694
-677
-635
-590
-565
-552
-521
-486
-463
-444
-409
-357
-307
-271
-236
-197
-151
-113
-77
-26
38
103
159
217
279
335
380
417
455
494
529
553
575
597
615
624
626
628
628
620
608
597
593
591
584
565
537
501
463
423
385
360
340
313
274
229
177
119
62
16
-24
-64
-106
-158
-212
-265
-313
-365
-412
-439
-451
-461
-471
-475
-476
-491
-519
-536
-532
-517
-505
-503
-504
-502
-507
-505
-489
-451
-407
-378
-358
-342
-324
-308
-288
-252
-204
-160
-113
-62
-4
50
99
143
183
218
251
285
325
369
403
421
428
428
426
429
448
477
512
540
556
556
540
517
490
467
448
433
417
393
364
328
288
250
219
194
174
153
128
93
43
-13
-70
-124
-171
-209
-243
-274
-312
-354
-398
-434
-455
-458
-449
-433
-417
-410
-413
-422
-428
-427
-416
-398
-377
-360
-348
-343
-345
-340
-327
-303
-273
-238
-206
-177
-154
-133
-111
-78
-37
10
57
99
137
162
182
197
213
230
248
264
278
290
293
286
271
249
225
205
193
199
219
248
279
302
313
304
283
257
233
210
190
172
147
116
74
34
3
-13
-13
4
27
45
54
44
22
-8
-42
-70
-94
-116
-142
-172
-202
-228
-243
-245
-225
-193
-154
-118
-91
-76
-78
-91
-108
-121
-131
-133
-134
-136
-140
-144
-144
-137
-117
-85
-48
-14
14
29
38
46
56
71
85
93
92
80
61
39
26
27
38
56
71
79
74
60
46
39
38
52
70
87
99
106
103
99
100
103
114
126
137
142
141
136
123
106
88
68
46
21
-3
-26
-45
-58
-66
-71
-72
-74
-80
-90
-101
-114
-123
-129
-130
-123
-116
-105
-91
-78
-67
-57
-54
-56
-63
-71
-77
-80
-77
-69
-60
-51
-47
-44
-44
-43
-39
-30
-17
-2
13
22
28
28
22
19
15
13
12
15
20
22
27
27
25
18
11
2
-9
-25
-44
-60
-77
-87
-88
-79
-55
-23
8
37
55
57
48
28
11
-4
-7
1
12
23
28
28
25
26
33
51
80
111
137
147
136
108
67
21
-14
-32
-31
-12
16
45
65
72
70
61
57
63
81
105
125
134
131
111
83
52
27
14
11
17
25
29
24
11
-4
-22
-33
-36
-30
-20
-10
-4
-12
-31
-54
-81
-105
-117
-120
-116
-109
-102
-99
-98
-102
-102
-97
-84
-64
-43
-23
-12
-13
-21
-37
-53
-66
-70
-63
-50
-33
-15
-1
3
1
-3
-5
-1
8
25
42
56
64
59
48
35
28
29
39
55
72
80
79
67
49
28
11
6
13
26
41
50
51
43
29
12
1
-2
4
13
21
25
21
8
-7
-22
-32
-34
-33
-33
-36
-44
-56
-71
-85
-96
-97
-92
-83
-73
-66
-62
-59
-58
-52
-42
-30
-15
-3
0
-5
-19
-36
-54
-69
-74
-70
-61
-47
-34
-23
-16
-8
0
12
29
48
71
89
100
98
89
71
49
29
17
15
25
45
65
84
95
98
91
83
79
80
87
98
104
98
82
56
26
-2
-15
-13
3
34
63
85
94
90
78
60
41
25
6
-13
-36
-59
-85
-106
-122
-135
-138
-136
-124
-111
-99
-82
-66
-50
-31
-13
1
9
13
9
2
-4
-11
-18
-24
-29
-36
-43
-52
-59
-61
-58
-53
-44
-32
-21
-12
-5
-1
2
6
10
18
25
33
37
39
38
33
29
28
27
29
30
30
30
27
24
19
17
13
10
9
8
6
4
3
3
7
11
16
21
24
23
20
14
7
2
-5
-11
-15
-20
-25
-31
-40
-46
-51
-53
-51
-46
-40
-30
-21
-13
-6
-4
-5
-5
-8
-9
-9
-9
-9
-9
-9
-11
-9
-6
-1
7
15
21
23
22
19
17
13
11
10
10
11
9
10
9
8
7
12
19
25
32
34
31
26
22
16
11
8
7
5
8
9
10
11
9
9
10
10
11
11
14
11
10
6
2
-1
-2
-3
-4
-4
-7
-6
-10
-11
-13
-14
-15
-13
-11
-11
-9
-8
-10
-12
-11
-10
-8
-7
-3
0
3
3
2
1
-2
-6
-8
-10
-14
-14
-17
-19
-20
-21
-21
-21
-18
-13
-9
-4
1
5
7
7
8
7
5
4
2
1
-2
-4
-6
-8
-5
-4
-2
3
5
9
9
10
12
11
10
11
10
11
11
11
13
14
14
15
15
14
13
12
11
9
8
6
3
-1
-3
-4
-7
-6
-7
-7
-10
-10
-11
-12
-13
-13
-13
-12
-11
-12
-12
-10
-8
-6
-6
-7
-9
-14
-20
-24
-26
-28
-26
-22
-19
-14
-12
-9
-4
0
7
12
18
18
18
17
12
5
0
-2
-1
3
13
23
33
41
43
45
45
43
40
37
32
29
22
13
4
-2
-5
-2
6
13
24
32
42
46
48
54
54
54
46
34
19
1
-15
-28
-32
-30
-24
-15
-9
-3
-1
3
8
12
20
22
22
15
-3
-23
-43
-65
-82
-92
-91
-86
-75
-62
-51
-40
-32
-28
-23
-19
-15
-12
-11
-15
-20
-30
-40
-49
-57
-61
-59
-53
-45
-35
-27
-21
-17
-16
-17
-16
-15
-12
-8
-4
0
5
10
16
21
29
39
46
52
56
58
58
56
51
47
46
43
44
47
48
50
52
53
55
54
53
48
42
34
25
15
10
3
1
0
1
5
9
15
19
22
21
22
18
10
3
-7
-19
-31
-42
-51
-60
-63
-64
-64
-61
-59
-53
-47
-45
-41
-41
-42
-45
-48
-51
-57
-62
-62
-62
-58
-50
-38
-26
-13
-1
11
21
26
30
31
33
30
27
24
19
14
11
10
10
13
18
25
30
36
42
49
54
58
61
64
67
65
65
62
57
52
47
44
42
41
42
42
43
41
38
34
26
19
11
2
-7
-14
-21
-28
-34
-39
-42
-43
-42
-40
-38
-35
-32
-32
-30
-29
-30
-31
-31
-33
-36
-38
-40
-43
-45
-48
-49
-52
-52
-53
-55
-53
-52
-48
-44
-39
-31
-25
-16
-7
0
7
14
20
24
25
23
22
18
13
5
1
-5
-7
-9
-6
-1
4
13
20
28
35
40
41
43
40
36
30
23
16
8
4
2
0
3
7
13
19
27
34
42
48
52
53
52
48
41
31
19
7
-4
-18
-29
-38
-45
-47
-46
-43
-36
-29
-21
-12
-5
2
9
12
17
19
20
23
26
30
31
36
38
36
37
37
37
34
31
27
22
19
15
9
6
2
0
-3
-5
-6
-6
-6
-6
-7
-9
-7
-9
-9
-9
-9
-11
-11
-13
-15
-19
-24
-31
-35
-42
-49
-55
-60
-62
-64
-64
-61
-59
-53
-45
-38
-30
-20
-11
-5
2
4
5
4
2
-3
-6
-10
-16
-18
-20
-17
-13
-10
-4
4
9
15
20
23
27
28
28
27
25
22
21
21
22
24
26
29
32
37
42
44
45
48
49
46
43
38
32
28
24
20
17
15
13
14
16
16
17
19
21
22
21
20
15
12
3
-6
-14
-24
-35
-43
-49
-53
-56
-58
-54
-49
-45
-38
-31
-24
-17
-13
-11
-9
-12
-16
-21
-26
-29
-34
-36
-37
-35
-33
-28
-23
-19
-13
-9
-6
-3
0
0
3
6
6
8
9
12
14
16
18
20
22
21
26
26
24
25
25
23
25
26
26
30
30
33
36
38
41
42
43
42
40
35
30
23
18
12
5
1
0
-3
-4
-3
-4
-4
-3
-4
-5
-6
-9
-9
-14
-16
-19
-19
-21
-22
-21
-21
-19
-18
-16
-14
-14
-14
-15
-16
-18
-21
-25
-28
-30
-32
-34
-37
-37
-37
-37
-35
-33
-32
-27
-24
-18
-13
-11
-10
-11
-11
-12
-15
-16
-20
-22
-21
-21
-18
-14
-8
-3
4
10
17
19
25
26
26
26
22
23
19
17
16
14
13
12
13
11
11
11
10
9
9
7
6
7
6
7
7
8
10
13
15
19
20
24
24
24
23
21
21
19
19
19
22
26
31
38
47
58
67
79
89
97
101
101
100
97
87
75
63
52
40
30
22
14
8
3
0
-3
-5
-6
-9
-17
-22
-29
-38
-46
-56
-65
-75
-86
-95
-106
-115
-119
-124
-127
-128
-132
-129
-127
-125
-124
-125
-128
-129
-133
-136
-142
-144
-145
-143
-135
-129
-118
-106
-91
-75
-61
-48
-35
-21
-10
-1
6
15
18
25
31
37
46
55
66
77
90
106
118
131
142
151
161
167
168
171
168
166
163
157
154
150
149
148
149
149
148
148
149
147
141
133
124
111
98
86
73
61
51
44
38
35
31
24
19
12
3
-8
-20
-35
-49
-65
-82
-98
-115
-127
-138
-147
-152
-156
-156
-152
-150
-146
-141
-137
-134
-133
-131
-131
-133
-135
-137
-139
-140
-140
-136
-134
-128
-120
-111
-97
-83
-70
-56
-43
-30
-20
-10
-3
2
5
8
8
14
17
21
26
34
43
53
64
75
85
97
104
108
113
113
112
111
110
107
106
106
107
109
112
114
114
113
111
108
104
97
89
82
75
68
58
50
44
37
29
22
15
7
0
-5
-10
-15
-20
-24
-29
-34
-39
-43
-51
-58
-65
-72
-78
-84
-89
-93
-97
-96
-94
-93
-90
-87
-81
-74
-68
-63
-59
-54
-49
-46
-44
-41
-40
-41
-40
-42
-40
-38
-36
-32
-28
-20
-15
-7
0
8
15
21
24
26
29
29
29
32
32
32
34
36
39
42
44
47
51
54
57
59
59
58
56
54
51
43
39
33
25
19
14
10
7
4
2
0
-3
-3
-1
0
1
2
0
0
0
-3
-5
-7
-10
-11
-12
-13
-11
-14
-13
-10
-9
-9
-8
-6
-5
-5
-5
-5
-7
-7
-7
-7
-7
-8
-9
-10
-11
-9
-9
-8
-8
-6
-4
-2
-1
0
1
-1
-1
-1
-2
-4
-5
-7
-7
-6
-5
-4
-5
-4
-3
-2
-1
-3
0
-2
-4
-4
-5
-6
-7
-9
-10
-9
-8
