0
0
-1
-1
0
0
0
1
1
2
2
1
2
0
-1
0
1
0
3
1
1
-1
-2
-1
-3
-3
-3
-3
-2
0
-2
0
0
-1
0
-1
0
-1
0
-1
-2
-2
0
0
0
0
-1
0
-1
0
1
0
-1
0
1
0
0
1
1
1
1
2
1
1
2
0
1
0
-2
-1
-1
-1
-2
-1
-1
1
0
-1
1
2
0
0
1
2
2
1
0
0
0
1
1
0
1
0
0
0
-1
-1
-1
0
1
2
0
2
0
1
2
0
1
1
0
1
1
0
-1
0
-2
-1
-1
0
0
0
-1
-2
0
-1
-1
-2
-1
-1
0
0
2
2
1
3
0
0
1
-1
0
0
0
-1
-1
0
0
-2
-2
-2
-2
-2
-2
-2
-1
0
-1
1
0
0
1
0
1
1
0
0
0
1
0
1
0
-1
0
0
2
2
1
0
0
1
0
-1
-1
0
0
0
1
-1
1
1
2
1
1
1
0
0
1
1
2
1
0
-1
-1
0
-1
-1
-2
-2
-1
-1
-1
0
1
-1
0
0
-1
-1
-1
0
0
0
1
2
1
1
0
0
1
0
0
1
1
-1
1
-1
-2
-1
-2
-2
-2
-1
0
1
2
1
1
0
-1
-2
-1
0
-1
-1
-1
-2
-1
0
0
-1
-1
0
1
0
0
1
1
2
2
2
2
2
3
3
2
1
2
0
0
0
1
1
2
1
1
0
-1
-1
-1
-1
-1
-1
-1
0
-2
-2
0
-2
-1
-1
-1
-1
-2
-1
-2
-4
-3
-2
-1
0
-1
-1
-1
0
0
0
0
-1
-2
-1
-1
-1
0
1
0
1
1
1
1
1
1
0
0
0
0
1
1
1
0
1
0
1
0
0
0
0
0
0
0
2
1
0
0
2
1
-1
0
1
-1
-1
-2
-2
-1
-2
-2
-1
-1
1
0
0
-1
0
0
1
-1
-1
1
0
0
1
0
0
0
-1
0
0
0
2
0
-1
0
0
0
3
3
3
1
1
1
-1
0
1
1
2
1
2
1
1
1
0
0
0
0
0
0
-1
-1
-1
-2
-1
-1
-1
-4
-4
-2
-2
-1
-1
-1
0
-1
0
-1
0
-1
-1
-1
-1
-1
0
1
1
0
0
1
0
1
1
1
1
-1
0
1
-1
1
1
1
1
2
1
1
3
2
1
2
0
0
-1
-1
0
-1
-1
0
0
1
0
-1
1
-1
1
1
3
2
2
3
1
1
0
1
-1
-1
-1
-2
0
-2
-2
-2
-2
-1
-2
1
-1
0
0
0
1
1
2
0
0
1
1
0
-1
-1
-1
-1
1
0
1
-1
-1
-2
-2
-3
-3
-2
-2
-3
-2
-1
0
0
-1
0
-1
-1
0
-1
-1
0
-1
1
1
1
3
3
1
2
1
1
1
1
1
0
1
1
1
2
2
2
1
1
2
3
2
1
2
0
1
1
0
0
1
1
-2
-2
-1
-2
-1
-1
-2
-1
-2
-1
1
1
1
1
2
2
1
-1
-2
-3
-3
-2
-1
0
-1
1
0
1
0
0
-1
0
0
-2
-2
-4
-2
-2
0
-1
-2
-1
0
-1
0
-2
-2
-3
-1
-1
0
2
1
2
2
3
2
2
1
1
2
2
1
2
2
3
2
2
1
2
2
1
1
1
1
2
2
1
1
1
-2
-4
-3
-3
-4
-12
-10
-7
-10
-7
2
-3
-11
-6
-7
-6
-1
1
-6
-7
7
13
3
-7
-4
-1
3
0
-8
-7
0
2
-1
-8
-18
-25
-22
-28
-42
-41
-37
-31
-29
-37
-36
-31
-47
-59
-85
-259
-562
-861
-1060
-1055
-483
364
862
942
874
959
1219
1342
1029
766
882
811
31
-1334
-2215
-1841
-917
-745
-829
-242
421
671
839
1231
1273
399
-550
-258
484
260
-165
215
664
692
868
1213
1155
737
558
779
878
586
248
14
-387
-892
-1077
-968
-933
-956
-922
-967
-936
-704
-639
-768
-804
-929
-1144
-1061
-798
-623
-447
-349
-415
-407
-315
-244
-102
1
-98
-138
77
305
385
404
399
322
207
225
379
425
350
399
541
533
440
471
553
510
338
153
89
217
341
283
237
312
289
202
292
419
379
258
195
262
396
406
319
308
286
186
119
84
99
153
55
-96
-31
42
-57
-63
4
-140
-475
-802
-920
-764
-698
-941
-1067
-881
-667
-394
-17
117
30
121
342
462
530
630
749
755
526
345
448
387
-35
-257
-210
-343
-453
-314
-316
-503
-540
-570
-732
-756
-616
-520
-468
-433
-393
-258
-133
-155
-144
0
69
43
130
341
508
552
509
461
436
417
418
416
366
300
285
286
227
131
78
45
-62
-178
-172
-97
-103
-183
-224
-198
-171
-187
-158
-64
-47
-99
-49
81
137
123
128
143
147
170
236
290
286
251
231
213
191
192
189
120
25
-20
-15
-10
-3
13
-2
-77
-145
-158
-169
-211
-230
-201
-191
-193
-148
-83
-72
-94
-90
-62
-35
-15
7
31
54
59
58
75
102
110
98
83
91
121
139
127
103
75
33
-9
-33
-38
-40
-72
-141
-169
-123
-106
-143
-143
-100
-90
-100
-68
-23
-25
-39
2
52
47
34
72
100
69
50
78
103
105
115
115
66
3
-24
-27
-65
-141
-189
-192
-218
-254
-224
-155
-122
-133
-136
-123
-113
-119
-102
-45
-4
-29
-80
-65
6
38
10
23
81
82
-16
-122
-184
-252
-357
-445
-469
-479
-523
-540
-495
-466
-471
-438
-376
-332
-265
-121
54
205
327
416
483
556
652
737
790
856
969
1045
1019
990
1012
968
819
705
673
611
512
465
471
451
373
267
172
107
50
-9
-39
-21
-5
-19
-26
-17
-40
-127
-217
-234
-201
-203
-235
-242
-236
-265
-318
-351
-367
-405
-439
-415
-385
-428
-480
-477
-486
-557
-589
-532
-494
-515
-509
-465
-458
-415
-224
-48
-82
-186
-161
-78
-14
111
271
282
128
15
24
63
59
29
31
125
277
359
336
335
404
365
108
-205
-442
-701
-1019
-1240
-1331
-1467
-1713
-1941
-2110
-2354
-2740
-3107
-3237
-3062
-2730
-2438
-2205
-1815
-1121
-298
401
1004
1648
2282
2819
3392
4103
4743
5043
5053
4975
4848
4622
4336
4010
3559
2971
2368
1831
1313
772
226
-294
-765
-1120
-1288
-1288
-1214
-1167
-1148
-1088
-929
-697
-452
-225
-26
113
213
345
488
523
403
200
-16
-205
-344
-466
-642
-892
-1179
-1453
-1686
-1879
-2036
-2154
-2216
-2219
-2170
-2083
-1965
-1863
-1806
-1750
-1634
-1452
-1233
-1006
-790
-587
-371
-166
-34
41
133
224
277
360
533
700
782
839
911
951
951
950
918
853
854
961
1051
989
823
734
804
852
677
459
498
645
550
345
330
252
-268
-876
-1050
-1072
-1426
-1796
-1684
-1490
-1785
-2236
-2429
-3117
-5035
-6955
-6813
-4678
-2720
-2062
-1638
-449
937
1738
2205
2851
3684
4558
5431
6242
7073
8086
8818
8330
6640
5028
4367
4036
3177
2062
1367
969
262
-839
-1883
-2599
-3036
-3349
-3610
-3667
-3137
-1910
-639
-111
-218
-155
382
888
1078
1328
1774
1877
1356
760
432
-122
-1189
-2177
-2572
-2778
-3161
-3404
-3338
-3399
-3831
-4182
-4087
-3740
-3392
-3032
-2583
-2133
-1780
-1476
-1124
-660
-214
134
515
1039
1556
1804
1816
1722
1481
1100
784
700
701
602
442
312
197
32
-170
-351
-462
-429
-231
90
497
901
1169
1222
1201
1284
1434
1560
1649
1765
1896
1958
1957
1899
1824
1695
1461
1259
1198
1235
1164
998
927
824
554
273
270
428
331
92
-58
-166
-426
-751
-785
-706
-742
-876
-931
-832
-874
-948
-932
-913
-982
-1127
-1019
-992
-1623
-3317
-6110
-8791
-9840
-8609
-6671
-5836
-5540
-4590
-2922
-1732
-1076
-45
1231
2394
3363
4693
6557
8398
9647
9464
8022
6407
5534
5319
4699
3499
2248
1396
852
94
-756
-1549
-2278
-2957
-3391
-3063
-2043
-736
360
855
933
1084
1806
2816
3391
3435
3367
3600
3857
3589
2695
1532
578
-336
-1651
-3131
-3963
-3830
-3674
-4263
-5049
-5192
-4824
-4656
-4533
-3928
-3128
-2703
-2442
-1647
-485
242
434
634
1104
1451
1485
1490
1490
1211
570
-24
-264
-433
-782
-1199
-1406
-1399
-1392
-1354
-1252
-1164
-1145
-1050
-627
-8
523
889
1177
1457
1639
1766
1910
1993
1978
1923
1985
2111
2130
2007
1779
1520
1267
1089
1056
1080
1084
1082
1130
1204
1210
1141
945
692
638
857
1006
788
516
515
497
224
67
210
124
-364
-607
-410
-428
-848
-1239
-1764
-2875
-4122
-4705
-4925
-5482
-6508
-7891
-9193
-9339
-7753
-5833
-5040
-4666
-3302
-1209
370
1419
2692
4149
5274
5933
6512
7218
7865
8060
7402
6091
4806
4071
3655
2833
1484
249
-254
-299
-545
-1017
-1293
-1196
-970
-717
-217
637
1664
2453
2814
3010
3444
4112
4514
4333
3837
3478
3278
2875
2075
1057
72
-850
-1898
-3178
-4410
-5141
-5337
-5512
-5970
-6337
-6170
-5588
-4957
-4304
-3513
-2700
-1991
-1310
-586
34
426
673
870
996
995
849
536
64
-475
-972
-1388
-1750
-2032
-2165
-2174
-2121
-1976
-1705
-1406
-1157
-852
-397
141
675
1196
1675
2041
2295
2489
2633
2711
2705
2646
2604
2580
2494
2329
2139
1919
1643
1404
1296
1242
1165
1119
1162
1242
1297
1341
1413
1482
1513
1529
1594
1640
1542
1404
1398
1377
1072
613
310
123
-117
-297
-308
-331
-517
-779
-1063
-1451
-2030
-2873
-3852
-4603
-5002
-5352
-5789
-6201
-6971
-8380
-9426
-8805
-7045
-5772
-5126
-3941
-1991
-217
986
2042
3080
3918
4635
5356
5905
6235
6599
6816
6253
4947
3848
3424
2938
1784
597
204
340
254
-82
-254
-213
-114
135
636
1221
1824
2565
3339
3830
4051
4361
4751
4768
4280
3742
3494
3228
2532
1514
570
-180
-973
-1947
-2888
-3561
-4097
-4733
-5317
-5550
-5577
-5684
-5610
-4925
-3876
-3048
-2456
-1854
-1411
-1305
-1176
-790
-519
-589
-654
-523
-481
-620
-708
-820
-1224
-1744
-1970
-1956
-1981
-1968
-1759
-1526
-1412
-1229
-853
-506
-300
-20
466
999
1440
1859
2252
2492
2588
2705
2859
2899
2808
2728
2704
2647
2521
2383
2265
2121
1911
1699
1597
1575
1475
1296
1257
1421
1514
1397
1343
1519
1623
1437
1289
1455
1646
1537
1309
1155
865
380
58
-10
-223
-675
-938
-917
-1031
-1385
-1597
-1619
-1958
-2789
-3675
-4310
-4888
-5519
-6010
-6638
-7908
-9234
-9224
-7806
-6563
-6132
-5315
-3460
-1692
-864
-165
1112
2442
3310
4006
4749
5291
5739
6284
6412
5636
4581
4162
4037
3304
2179
1624
1740
1693
1204
805
796
879
779
671
799
1218
1840
2456
2895
3173
3491
3897
4137
4014
3680
3450
3318
2991
2380
1742
1268
746
-71
-1048
-1863
-2455
-3078
-3868
-4649
-5196
-5495
-5619
-5473
-4961
-4279
-3772
-3497
-3235
-2892
-2589
-2358
-2057
-1634
-1217
-897
-620
-353
-190
-240
-449
-679
-867
-1047
-1181
-1178
-1077
-1018
-1014
-961
-864
-824
-771
-547
-207
102
419
883
1392
1723
1890
2075
2299
2427
2462
2541
2683
2754
2708
2654
2637
2538
2312
2068
1871
1668
1460
1331
1269
1178
1041
918
823
744
700
689
667
618
586
595
577
430
166
-84
-255
-425
-638
-786
-805
-834
-969
-1092
-1104
-1106
-1183
-1279
-1395
-1647
-2033
-2374
-2563
-2679
-2832
-3065
-3346
-3541
-3467
-3052
-2419
-1773
-1294
-1087
-1075
-973
-575
-9
372
363
112
-43
123
519
851
942
865
812
925
1248
1694
2041
2134
2071
2093
2292
2533
2630
2514
2254
1999
1843
1781
1726
1587
1353
1120
1022
1089
1212
1258
1162
963
770
700
749
765
623
386
224
204
250
284
272
184
11
-201
-401
-587
-784
-983
-1145
-1269
-1401
-1595
-1836
-2053
-2178
-2209
-2195
-2174
-2156
-2135
-2087
-2001
-1902
-1850
-1858
-1858
-1792
-1671
-1529
-1358
-1161
-981
-837
-673
-456
-246
-112
-37
63
207
343
427
470
493
509
532
601
701
762
767
792
892
1027
1126
1166
1162
1133
1122
1177
1300
1428
1505
1559
1638
1741
1831
1900
1954
1965
1931
1892
1875
1836
1729
1578
1417
1234
1026
847
726
617
485
362
316
319
279
156
-22
-235
-502
-810
-1094
-1366
-1719
-2212
-2837
-3532
-4105
-4245
-3911
-3585
-3760
-4306
-4601
-4302
-3634
-3030
-2753
-2802
-2927
-2774
-2226
-1550
-1085
-888
-791
-590
-142
545
1253
1710
1889
2054
2441
2980
3402
3527
3418
3279
3240
3273
3290
3232
3085
2887
2759
2812
2979
3071
2980
2751
2511
2360
2329
2301
2110
1766
1458
1322
1287
1217
1077
892
683
477
303
157
-36
-355
-809
-1257
-1523
-1644
-1848
-2234
-2635
-2875
-2994
-3069
-3075
-3055
-3134
-3273
-3256
-3035
-2855
-2884
-2984
-2993
-2927
-2840
-2694
-2488
-2328
-2223
-2030
-1681
-1328
-1122
-1002
-821
-559
-293
-61
157
326
415
511
730
1015
1177
1192
1238
1415
1606
1710
1774
1847
1863
1841
1909
2091
2229
2247
2262
2370
2493
2554
2596
2656
2669
2609
2557
2560
2554
2447
2256
2053
1855
1629
1389
1190
1042
881
697
557
482
380
179
-76
-341
-662
-1065
-1466
-1815
-2236
-2897
-3747
-4483
-4762
-4520
-4115
-4065
-4496
-4964
-4907
-4250
-3437
-2972
-2995
-3214
-3182
-2693
-1967
-1404
-1186
-1174
-1107
-776
-143
595
1122
1325
1446
1805
2395
2915
3127
3065
2924
2866
2936
3069
3131
3024
2816
2705
2812
3052
3221
3187
2962
2665
2458
2433
2476
2364
2025
1660
1487
1485
1467
1337
1143
949
783
670
605
508
289
-49
-415
-744
-1060
-1389
-1701
-1968
-2211
-2465
-2729
-2957
-3094
-3115
-3056
-3002
-3016
-3080
-3125
-3092
-2963
-2791
-2671
-2633
-2599
-2487
-2296
-2067
-1826
-1596
-1400
-1219
-996
-734
-493
-316
-178
-29
146
331
514
689
837
951
1055
1189
1340
1453
1499
1522
1579
1667
1763
1864
1958
2021
2062
2132
2251
2339
2345
2316
2318
2346
2357
2364
2384
2360
2239
2071
1936
1820
1662
1465
1279
1112
968
863
777
626
395
160
-36
-256
-574
-980
-1424
-1866
-2345
-2977
-3769
-4419
-4544
-4190
-3892
-4058
-4513
-4744
-4451
-3750
-3050
-2738
-2870
-3073
-2905
-2317
-1652
-1240
-1125
-1114
-963
-516
159
792
1149
1270
1438
1850
2411
2829
2918
2769
2608
2578
2665
2775
2800
2679
2487
2436
2630
2925
3069
2977
2745
2512
2376
2364
2370
2217
1891
1589
1482
1518
1522
1414
1238
1040
865
741
653
517
261
-62
-336
-556
-856
-1320
-1827
-2171
-2299
-2357
-2494
-2721
-2974
-3159
-3177
-3003
-2807
-2814
-3003
-3099
-2939
-2663
-2477
-2401
-2365
-2326
-2240
-2026
-1706
-1462
-1388
-1337
-1125
-798
-547
-424
-331
-203
-39
184
468
708
800
822
948
1194
1414
1503
1511
1525
1570
1662
1828
2001
2064
2024
2020
2122
2233
2251
2216
2216
2260
2307
2354
2391
2368
2251
2097
1992
1914
1781
1594
1431
1310
1174
1004
856
743
601
409
218
7
-318
-767
-1199
-1532
-1904
-2536
-3432
-4253
-4576
-4317
-3892
-3843
-4271
-4732
-4692
-4057
-3234
-2751
-2802
-3083
-3085
-2601
-1885
-1348
-1163
-1202
-1178
-847
-186
539
1003
1158
1271
1613
2175
2696
2930
2851
2649
2564
2678
2864
2937
2809
2565
2425
2547
2853
3066
2998
2707
2413
2268
2261
2264
2132
1832
1512
1365
1412
1502
1490
1355
1157
982
891
857
761
504
158
-130
-296
-443
-738
-1255
-1871
-2335
-2487
-2412
-2352
-2503
-2880
-3302
-3492
-3336
-3058
-3005
-3231
-3429
-3336
-2998
-2640
-2407
-2326
-2331
-2278
-2035
-1660
-1370
-1265
-1205
-1010
-687
-388
-227
-187
-162
-37
236
588
869
997
1034
1128
1354
1604
1733
1728
1704
1770
1934
2134
2280
2298
2219
2180
2271
2412
2452
2371
2295
2309
2398
2492
2520
2422
2189
1930
1786
1747
1676
1479
1212
1008
899
835
738
572
362
168
-1
-235
-627
-1131
-1598
-2024
-2610
-3438
-4213
-4496
-4254
-3951
-4015
-4388
-4671
-4560
-4069
-3430
-2957
-2856
-3017
-3048
-2650
-1948
-1369
-1185
-1262
-1223
-814
-129
526
919
1109
1347
1786
2322
2718
2854
2795
2672
2576
2565
2656
2760
2719
2520
2380
2506
2813
3002
2903
2622
2380
2281
2281
2253
2112
1868
1638
1513
1484
1483
1444
1323
1110
887
769
745
656
393
40
-236
-401
-575
-906
-1429
-2007
-2398
-2459
-2302
-2211
-2357
-2668
-2954
-3071
-2996
-2841
-2791
-2935
-3123
-3115
-2864
-2571
-2424
-2397
-2354
-2212
-1973
-1687
-1429
-1244
-1082
-843
-516
-226
-113
-142
-139
17
276
516
688
819
949
1116
1348
1599
1750
1758
1740
1820
1975
2092
2132
2138
2127
2120
2156
2219
2213
2097
1999
2047
2183
2258
2238
2172
2066
1908
1752
1652
1560
1396
1168
973
858
787
709
606
470
304
94
-194
-603
-1094
-1550
-1991
-2625
-3513
-4267
-4415
-4040
-3751
-3941
-4360
-4528
-4282
-3791
-3286
-2918
-2760
-2754
-2692
-2377
-1813
-1232
-932
-969
-1034
-755
-103
579
983
1145
1317
1686
2193
2617
2767
2663
2483
2363
2341
2413
2527
2526
2329
2141
2263
2662
2960
2892
2582
2310
2209
2208
2178
2036
1803
1591
1486
1472
1477
1452
1348
1130
861
693
664
620
406
84
-151
-273
-423
-735
-1228
-1854
-2458
-2747
-2582
-2247
-2197
-2504
-2826
-2908
-2827
-2765
-2792
-2923
-3112
-3167
-2929
-2517
-2219
-2148
-2154
-2079
-1905
-1694
-1512
-1356
-1148
-832
-465
-155
41
114
109
160
355
567
625
618
789
1129
1418
1560
1624
1629
1579
1619
1840
2055
2065
1984
2063
2298
2488
2529
2449
2291
2154
2199
2426
2598
2520
2282
2089
2010
1957
1822
1552
1188
872
763
835
880
735
456
216
37
-286
-918
-1758
-2574
-3356
-4313
-5396
-6069
-5836
-4953
-4276
-4315
-4673
-4612
-3960
-3218
-2854
-2758
-2460
-1717
-727
167
814
1238
1446
1444
1376
1426
1514
1362
972
807
1293
2194
2786
2620
1953
1377
1174
1110
816
268
-139
-74
383
917
1366
1731
1954
1994
2038
2290
2616
2694
2536
2537
2933
3450
3608
3254
2698
2326
2164
1869
1228
488
-4
-292
-690
-1287
-1871
-2273
-2546
-2808
-3109
-3416
-3610
-3598
-3431
-3239
-3037
-2770
-2471
-2211
-1962
-1736
-1645
-1675
-1597
-1314
-1032
-931
-896
-742
-526
-399
-377
-389
-415
-452
-469
-429
-352
-292
-267
-225
-123
-9
64
137
290
495
687
906
1201
1488
1665
1793
1986
2192
2292
2316
2356
2391
2363
2294
2221
2083
1860
1647
1521
1411
1234
1024
850
692
489
238
1
-183
-335
-496
-650
-757
-802
-824
-837
-824
-805
-817
-886
-1059
-1415
-1897
-2314
-2590
-2909
-3401
-3828
-3802
-3268
-2593
-2129
-1884
-1646
-1326
-1018
-766
-435
46
497
675
592
530
729
1139
1474
1531
1381
1274
1363
1595
1857
2083
2218
2181
2012
1906
1953
2003
1860
1563
1328
1231
1181
1099
1010
950
885
777
649
570
571
606
562
403
256
252
329
279
40
-220
-344
-372
-415
-460
-429
-335
-297
-386
-525
-634
-730
-886
-1083
-1242
-1359
-1493
-1629
-1704
-1720
-1732
-1736
-1703
-1673
-1719
-1804
-1827
-1766
-1679
-1632
-1633
-1637
-1581
-1429
-1222
-1020
-834
-661
-516
-371
-161
116
363
520
616
707
805
916
1048
1150
1180
1184
1246
1361
1468
1540
1574
1579
1569
1577
1610
1623
1588
1521
1455
1423
1425
1433
1407
1343
1262
1180
1133
1157
1222
1249
1205
1124
1032
940
862
802
711
554
368
216
135
97
39
-87
-262
-404
-452
-452
-537
-807
-1264
-1780
-2205
-2561
-3024
-3599
-3944
-3797
-3417
-3285
-3448
-3559
-3491
-3425
-3351
-3035
-2532
-2243
-2306
-2338
-1963
-1276
-644
-280
-107
78
415
855
1278
1678
2122
2525
2714
2756
2943
3342
3644
3617
3440
3418
3534
3551
3406
3259
3163
2983
2679
2429
2351
2284
2044
1720
1521
1454
1357
1144
879
597
282
-40
-280
-404
-488
-627
-824
-1015
-1178
-1353
-1574
-1796
-1972
-2145
-2387
-2686
-2929
-3032
-3009
-2940
-2911
-2950
-3004
-3015
-2993
-2974
-2945
-2864
-2737
-2571
-2320
-1973
-1616
-1350
-1147
-908
-591
-230
120
436
718
986
1262
1545
1792
1967
2071
2137
2207
2312
2460
2627
2748
2790
2790
2794
2798
2749
2646
2535
2456
2387
2303
2215
2127
2020
1867
1680
1501
1348
1211
1084
975
876
764
630
488
321
107
-129
-334
-512
-711
-900
-1007
-1050
-1131
-1301
-1528
-1824
-2217
-2628
-2949
-3265
-3802
-4566
-5200
-5321
-4957
-4523
-4372
-4497
-4660
-4667
-4427
-3903
-3237
-2765
-2678
-2711
-2398
-1643
-792
-181
177
460
797
1247
1818
2447
3000
3356
3522
3656
3932
4328
4613
4609
4425
4315
4352
4404
4352
4201
3971
3647
3296
3069
2997
2906
2637
2260
1985
1902
1907
1844
1657
1355
985
628
388
289
222
64
-185
-404
-515
-580
-708
-925
-1170
-1407
-1673
-1978
-2259
-2471
-2662
-2871
-3038
-3102
-3119
-3195
-3323
-3419
-3440
-3439
-3472
-3519
-3513
-3407
-3210
-2981
-2745
-2516
-2308
-2123
-1906
-1593
-1223
-905
-678
-465
-190
134
433
658
812
929
1066
1256
1470
1652
1793
1909
2002
2068
2141
2238
2306
2293
2239
2236
2310
2393
2411
2371
2305
2241
2172
2113
2063
2021
1979
1936
1882
1806
1707
1592
1458
1287
1092
906
731
529
320
189
146
65
-172
-545
-971
-1405
-1797
-2136
-2592
-3345
-4181
-4559
-4303
-3865
-3744
-3926
-4127
-4231
-4161
-3766
-3128
-2697
-2741
-2918
-2711
-2074
-1352
-805
-452
-237
-49
288
835
1454
1949
2231
2326
2368
2552
2907
3203
3213
3022
2919
3018
3165
3202
3126
2989
2774
2503
2315
2293
2281
2075
1727
1503
1517
1618
1636
1550
1391
1134
814
591
525
471
268
-21
-230
-337
-446
-567
-647
-734
-951
-1284
-1594
-1813
-1995
-2171
-2321
-2458
-2605
-2714
-2736
-2727
-2770
-2835
-2846
-2844
-2884
-2882
-2737
-2511
-2339
-2203
-2008
-1777
-1599
-1437
-1205
-930
-711
-534
-308
-36
204
381
522
643
762
913
1094
1249
1366
1501
1680
1839
1928
1988
2064
2118
2104
2074
2100
2175
2224
2228
2217
2198
2164
2133
2112
2076
2005
1924
1836
1710
1565
1470
1416
1313
1135
958
820
674
493
344
263
176
-8
-316
-698
-1084
-1426
-1756
-2195
-2842
-3579
-4059
-4060
-3770
-3594
-3704
-3956
-4153
-4173
-3897
-3363
-2921
-2875
-3047
-2964
-2469
-1814
-1250
-836
-564
-390
-135
344
956
1484
1814
1977
2077
2249
2557
2875
3001
2909
2784
2790
2901
3005
3033
2967
2781
2518
2310
2245
2231
2094
1816
1571
1507
1574
1640
1645
1575
1402
1144
925
833
791
656
422
219
112
28
-137
-370
-558
-658
-782
-1027
-1306
-1499
-1676
-1955
-2227
-2299
-2253
-2338
-2563
-2702
-2682
-2671
-2746
-2819
-2822
-2784
-2715
-2573
-2366
-2147
-1954
-1788
-1635
-1439
-1163
-880
-681
-548
-373
-125
119
302
436
547
664
795
936
1095
1285
1465
1567
1617
1712
1861
1953
1942
1911
1926
1969
2008
2060
2117
2133
2101
2073
2068
2063
2041
2012
1966
1869
1751
1669
1627
1533
1353
1176
1056
919
708
518
421
315
48
-365
-789
-1159
-1502
-1896
-2418
-3087
-3701
-3941
-3760
-3501
-3484
-3673
-3884
-4010
-3934
-3537
-2998
-2739
-2879
-3006
-2719
-2114
-1521
-1081
-764
-534
-331
-14
488
1069
1531
1763
1823
1914
2178
2522
2734
2748
2686
2679
2739
2829
2927
2969
2862
2611
2368
2270
2261
2165
1931
1679
1551
1552
1593
1610
1579
1462
1240
993
863
842
759
483
125
-102
-146
-136
-194
-314
-465
-663
-917
-1140
-1248
-1320
-1530
-1885
-2185
-2276
-2262
-2324
-2480
-2605
-2659
-2687
-2693
-2636
-2539
-2490
-2517
-2535
-2426
-2190
-1934
-1759
-1646
-1505
-1279
-997
-716
-480
-290
-129
35
229
434
620
772
885
968
1073
1261
1491
1640
1668
1681
1767
1876
1938
1966
1984
1982
1959
1963
2021
2085
2094
2044
1976
1932
1925
1907
1826
1691
1572
1511
1479
1423
1319
1181
1026
860
701
579
482
326
60
-265
-581
-909
-1284
-1663
-2046
-2564
-3227
-3731
-3768
-3484
-3315
-3432
-3638
-3751
-3761
-3608
-3215
-2758
-2588
-2728
-2772
-2417
-1793
-1216
-831
-591
-402
-155
234
739
1241
1627
1841
1907
1954
2134
2419
2601
2554
2424
2418
2546
2664
2708
2695
2614
2434
2212
2081
2057
1986
1755
1472
1339
1391
1473
1471
1403
1291
1105
876
735
695
590
310
12
-112
-107
-148
-272
-393
-509
-684
-901
-1069
-1189
-1346
-1564
-1784
-1947
-2053
-2121
-2208
-2348
-2497
-2559
-2518
-2462
-2443
-2424
-2355
-2256
-2155
-2026
-1846
-1668
-1545
-1443
-1260
-975
-685
-484
-345
-190
-1
183
339
476
589
684
783
899
1039
1194
1340
1436
1469
1493
1565
1662
1719
1730
1742
1780
1822
1837
1837
1844
1856
1861
1858
1855
1832
1762
1652
1561
1528
1524
1475
1353
1190
1026
885
770
679
573
406
172
-116
-456
-831
-1184
-1486
-1834
-2376
-3063
-3586
-3677
-3441
-3230
-3254
-3439
-3614
-3683
-3553
-3180
-2724
-2495
-2576
-2667
-2410
-1805
-1153
-692
-428
-226
23
372
809
1279
1681
1916
1973
1980
2106
2370
2585
2586
2443
2360
2417
2514
2551
2519
2422
2226
1985
1821
1777
1719
1526
1271
1128
1144
1224
1289
1322
1286
1138
927
784
728
620
365
63
-114
-148
-167
-254
-373
-495
-665
-902
-1129
-1286
-1432
-1676
-2010
-2298
-2438
-2476
-2522
-2605
-2653
-2609
-2510
-2422
-2336
-2196
-1995
-1809
-1677
-1522
-1274
-977
-746
-581
-388
-124
111
208
201
211
274
305
249
185
216
324
398
430
515
695
863
925
938
1028
1208
1383
1508
1647
1866
2120
2328
2480
2630
2796
2921
2920
2811
2679
2574
2461
2290
2095
1936
1779
1523
1150
773
488
253
-36
-402
-815
-1321
-1996
-2782
-3527
-4242
-5158
-6367
-7492
-7989
-7744
-7149
-6531
-5744
-4557
-3219
-2262
-1757
-1139
-7
1189
1712
1644
1884
2924
4136
4671
4598
4592
4786
4600
3718
2645
1991
1641
1081
276
-235
-136
229
336
153
47
220
460
533
517
669
1096
1684
2280
2836
3351
3783
4037
4006
3662
3138
2629
2174
1608
829
15
-562
-904
-1303
-1919
-2556
-2975
-3260
-3665
-4141
-4343
-4131
-3765
-3478
-3128
-2506
-1754
-1213
-956
-752
-485
-321
-408
-590
-624
-530
-563
-812
-1065
-1149
-1197
-1432
-1784
-1981
-1948
-1885
-1895
-1794
-1427
-954
-620
-407
-98
345
714
901
1076
1431
1870
2169
2319
2501
2754
2884
2794
2650
2628
2648
2536
2324
2195
2192
2165
2011
1809
1684
1622
1514
1350
1235
1205
1149
991
833
795
844
866
839
810
739
541
242
-23
-187
-317
-475
-653
-830
-1113
-1695
-2616
-3620
-4424
-5201
-6469
-8203
-9452
-9296
-8043
-6818
-6054
-5127
-3562
-1912
-987
-654
-1
1381
2797
3443
3621
4324
5655
6516
6116
5051
4348
3993
3193
1794
605
272
444
375
-41
-271
-55
191
42
-284
-196
494
1396
2122
2733
3506
4426
5126
5287
4960
4476
4085
3703
3090
2275
1642
1355
1002
164
-986
-1984
-2811
-3766
-4769
-5302
-5138
-4676
-4363
-4098
-3494
-2608
-1952
-1768
-1678
-1303
-848
-678
-639
-320
180
324
-29
-439
-641
-953
-1642
-2384
-2699
-2641
-2615
-2700
-2608
-2262
-1966
-1898
-1807
-1424
-877
-455
-132
373
1107
1742
2041
2157
2323
2462
2386
2186
2131
2239
2273
2137
2010
2016
2009
1815
1525
1359
1334
1299
1247
1321
1528
1704
1792
1899
2060
2122
1993
1799
1723
1769
1823
1800
1696
1515
1233
848
429
80
-170
-396
-678
-993
-1279
-1632
-2260
-3243
-4331
-5162
-5758
-6668
-8189
-9490
-9290
-7584
-5868
-5130
-4658
-3410
-1707
-610
-217
425
1865
3424
4191
4311
4692
5573
6016
5240
3780
2794
2535
2183
1221
198
-126
121
175
-249
-662
-589
-204
56
207
699
1728
2874
3586
3855
4156
4716
5171
5061
4461
3902
3690
3509
2878
1858
978
405
-301
-1415
-2523
-3088
-3215
-3436
-3955
-4459
-4563
-4247
-3824
-3504
-3113
-2386
-1498
-867
-545
-199
229
400
204
-41
-161
-424
-986
-1535
-1774
-1906
-2281
-2818
-3166
-3247
-3282
-3310
-3123
-2651
-2098
-1630
-1159
-559
74
544
829
1099
1474
1876
2170
2340
2464
2552
2520
2335
2101
1922
1763
1562
1396
1396
1514
1572
1517
1468
1499
1535
1555
1656
1860
2042
2131
2226
2365
2391
2212
1990
1939
1994
1936
1720
1485
1278
989
582
170
-156
-437
-739
-1052
-1312
-1555
-1950
-2663
-3650
-4636
-5339
-5819
-6603
-7991
-9204
-8941
-7174
-5431
-4707
-4279
-3145
-1635
-634
-101
710
2079
3415
4097
4267
4566
5136
5252
4379
3032
2182
2018
1813
1053
111
-290
-145
-107
-433
-684
-454
44
461
871
1556
2567
3506
3978
4077
4275
4781
5202
5128
4631
4153
3910
3581
2775
1613
639
8
-710
-1707
-2549
-2837
-2937
-3462
-4272
-4583
-4082
-3459
-3348
-3340
-2691
-1560
-775
-551
-372
29
280
106
-199
-353
-554
-1085
-1719
-2039
-2087
-2275
-2760
-3226
-3393
-3362
-3325
-3227
-2874
-2319
-1782
-1297
-724
-99
328
493
641
993
1447
1783
1970
2107
2180
2128
2012
1919
1809
1616
1431
1385
1482
1572
1558
1497
1504
1594
1699
1839
2047
2231
2251
2171
2212
2428
2587
2484
2281
2262
2353
2227
1869
1538
1239
810
407
260
193
-75
-443
-715
-968
-1357
-1890
-2638
-3683
-4743
-5407
-5875
-6911
-8567
-9546
-8706
-6747
-5349
-4903
-4345
-3047
-1639
-768
-118
964
2474
3739
4284
4415
4758
5255
5106
3958
2613
2041
2086
1783
803
-132
-379
-273
-486
-941
-1015
-546
22
430
948
1823
2829
3535
3817
3961
4322
4904
5289
5116
4575
4170
3982
3524
2484
1278
456
-116
-916
-1902
-2606
-2999
-3480
-4058
-4279
-3986
-3579
-3352
-3114
-2600
-1877
-1183
-639
-229
73
267
338
283
143
-76
-451
-1031
-1666
-2142
-2471
-2834
-3271
-3593
-3662
-3563
-3413
-3201
-2851
-2390
-1868
-1264
-585
33
442
711
1015
1391
1700
1858
1945
2002
1994
1904
1814
1725
1541
1295
1139
1148
1205
1235
1275
1324
1366
1461
1685
1946
2099
2166
2276
2432
2549
2624
2680
2652
2474
2261
2160
2142
2054
1767
1357
997
749
480
74
-297
-550
-729
-943
-1247
-1812
-2934
-4247
-5154
-5483
-6006
-7495
-9192
-9594
-8111
-6207
-5293
-4904
-3992
-2489
-1395
-726
249
1754
3277
4059
4313
4571
5123
5432
4712
3340
2277
2116
2152
1516
429
-372
-509
-602
-998
-1302
-1084
-457
-7
334
954
1971
2995
3486
3593
3793
4441
5187
5376
4998
4512
4294
4014
3234
2107
1101
445
-280
-1252
-2079
-2547
-3016
-3850
-4494
-4350
-3736
-3360
-3304
-2985
-2271
-1517
-935
-435
67
361
432
450
469
308
-191
-811
-1309
-1633
-1906
-2216
-2545
-2946
-3334
-3562
-3531
-3293
-2967
-2564
-2099
-1543
-934
-397
-27
192
447
819
1261
1672
1951
2047
1960
1828
1751
1688
1527
1285
1134
1147
1216
1206
1160
1141
1128
1120
1215
1467
1734
1909
2014
2124
2256
2335
2337
2236
2076
2010
2125
2290
2233
1933
1589
1237
815
415
211
52
-285
-553
-525
-525
-1131
-2351
-3653
-4658
-5278
-6038
-7475
-9082
-9375
-7762
-5854
-5105
-4994
-4181
-2665
-1558
-868
177
1913
3589
4389
4588
4818
5381
5591
4829
3487
2507
2416
2418
1737
528
-388
-649
-875
-1333
-1676
-1403
-731
-262
28
567
1605
2618
3046
3090
3397
4267
5105
5309
4962
4540
4296
3906
3105
2040
1136
520
-207
-1185
-2053
-2583
-3180
-4125
-4768
-4548
-3895
-3553
-3459
-3039
-2294
-1586
-1031
-465
115
453
553
619
737
666
178
-506
-1060
-1391
-1696
-2051
-2374
-2711
-3079
-3368
-3371
-3149
-2888
-2600
-2195
-1619
-1017
-501
-109
165
405
690
1125
1623
2000
2124
2040
1928
1855
1791
1669
1514
1388
1308
1295
1295
1247
1137
1019
980
1056
1249
1495
1696
1780
1708
1668
1879
2314
2599
2446
2147
2010
1983
1853
1661
1573
1401
1064
733
533
304
-160
-602
-855
-1050
-1398
-2068
-3006
-4115
-5031
-5843
-7214
-8918
-9565
-8178
-6114
-5169
-5050
-4394
-2906
-1745
-1115
-177
1445
3224
4282
4734
5006
5385
5592
5006
3832
2772
2529
2612
2085
942
-101
-443
-661
-1188
-1680
-1568
-847
-278
21
423
1270
2250
2732
2875
3151
3953
4857
5242
5061
4642
4393
4063
3347
2310
1365
769
116
-859
-1981
-2831
-3368
-3892
-4364
-4537
-4259
-3805
-3443
-3102
-2608
-1909
-1230
-671
-192
253
577
588
357
137
98
35
-322
-833
-1235
-1557
-2054
-2627
-2961
-3067
-3148
-3171
-2878
-2360
-1934
-1670
-1354
-912
-514
-182
214
702
1128
1430
1708
1947
2028
1933
1823
1802
1777
1697
1607
1550
1455
1289
1150
1096
1087
1052
1035
1124
1291
1476
1608
1694
1769
1836
1905
1932
1973
2058
2146
2155
2023
1810
1556
1298
1016
679
354
144
28
-188
-535
-861
-1165
-1836
-3088
-4403
-5125
-5521
-6670
-8546
-9520
-8395
-6294
-5202
-5159
-4772
-3452
-2045
-1103
-119
1367
3128
4383
4824
4891
5233
5776
5549
4320
3058
2777
3022
2555
1252
34
-432
-640
-1135
-1610
-1523
-909
-409
-199
115
879
1874
2526
2729
2936
3667
4718
5320
5150
4639
4359
4147
3507
2471
1583
1073
455
-627
-1752
-2336
-2675
-3578
-4860
-5386
-4730
-3879
-3730
-3792
-3236
-2271
-1632
-1291
-697
90
486
417
444
780
915
430
-371
-954
-1257
-1585
-2027
-2423
-2713
-3015
-3317
-3364
-3076
-2691
-2408
-2068
-1467
-763
-238
87
401
757
1102
1491
1945
2292
2321
2124
1974
1962
1941
1796
1620
1499
1423
1355
1320
1317
1267
1143
1047
1132
1350
1543
1609
1623
1672
1732
1836
1985
2092
2003
1833
1844
1985
2033
1830
1541
1228
857
499
233
118
-75
-421
-793
-1019
-1179
-1847
-3169
-4601
-5344
-5650
-6786
-8712
-9712
-8443
-6325
-5463
-5543
-4998
-3424
-2121
-1437
-482
1199
3147
4312
4632
4695
5153
5785
5548
4411
3257
3029
3212
2680
1400
181
-232
-428
-967
-1519
-1444
-715
-234
-179
-46
699
1794
2420
2567
2793
3686
4818
5334
5144
4735
4605
4377
3670
2691
1920
1499
816
-351
-1536
-2154
-2488
-3409
-4730
-5372
-4782
-3919
-3780
-3907
-3463
-2535
-1916
-1616
-1017
-162
341
214
32
248
536
390
-193
-640
-803
-1078
-1656
-2228
-2502
-2783
-3195
-3337
-2957
-2452
-2290
-2157
-1693
-1103
-734
-442
93
657
1020
1353
1854
2287
2319
2139
2053
2093
2062
1940
1864
1802
1678
1472
1314
1240
1174
1093
1044
1142
1340
1540
1641
1603
1530
1544
1718
1904
1954
1876
1776
1733
1715
1731
1728
1593
1262
829
542
436
329
20
-395
-717
-982
-1349
-2037
-3109
-4324
-5219
-5914
-7212
-8926
-9481
-7997
-6066
-5500
-5668
-4967
-3360
-2164
-1507
-400
1443
3272
4255
4577
4831
5332
5687
5236
4189
3374
3312
3361
2644
1339
277
-103
-365
-932
-1380
-1185
-533
-150
-126
96
843
1748
2231
2409
2860
3845
4850
5209
4971
4651
4531
4254
3518
2617
1990
1585
858
-293
-1438
-2284
-3041
-3949
-4623
-4686
-4289
-3961
-3882
-3709
-3271
-2665
-2125
-1597
-949
-316
62
75
23
94
159
11
-345
-641
-865
-1174
-1643
-2122
-2464
-2776
-3046
-3117
-2892
-2557
-2296
-2016
-1658
-1294
-978
-599
-96
411
869
1319
1739
2014
2083
2066
2077
2110
2102
2055
2026
1987
1889
1732
1582
1482
1407
1364
1380
1466
1561
1606
1637
1637
1620
1656
1804
1918
1821
1664
1635
1708
1734
1734
1708
1483
1142
901
758
492
155
-60
-281
-627
-1019
-1303
-1725
-2635
-3870
-4884
-5457
-6344
-7954
-9147
-8516
-6637
-5503
-5467
-5184
-3994
-2732
-1933
-962
577
2331
3612
4197
4414
4721
5238
5301
4558
3579
3202
3340
2999
1897
687
62
-201
-676
-1156
-1150
-605
-167
-144
-95
383
1207
1825
2132
2480
3215
4235
4926
4998
4675
4460
4338
3872
3079
2378
2011
1518
495
-819
-1946
-2689
-3319
-3929
-4306
-4257
-3956
-3793
-3744
-3519
-2983
-2367
-1875
-1353
-727
-213
-82
-167
-69
173
190
-119
-422
-564
-812
-1301
-1803
-2125
-2422
-2798
-3002
-2838
-2519
-2314
-2143
-1826
-1463
-1187
-866
-361
202
631
993
1399
1739
1885
1914
1977
2042
2017
1956
1933
1937
1874
1732
1598
1526
1497
1454
1443
1479
1508
1495
1465
1435
1411
1479
1658
1797
1773
1659
1562
1450
1365
1446
1616
1592
1324
1089
978
749
321
-37
-181
-335
-686
-1065
-1375
-2015
-3245
-4509
-5182
-5790
-7173
-8591
-8426
-6751
-5437
-5307
-5232
-4323
-3132
-2277
-1348
110
1821
3180
3883
4111
4313
4760
5042
4609
3721
3232
3346
3224
2278
1011
208
-130
-524
-972
-1011
-564
-144
-129
-216
63
742
1427
1847
2192
2814
3759
4562
4776
4526
4285
4189
3891
3251
2610
2248
1847
938
-299
-1256
-1808
-2519
-3593
-4376
-4337
-3917
-3788
-3826
-3583
-3151
-2859
-2570
-1936
-1075
-409
-84
29
44
13
4
-12
-143
-371
-573
-787
-1166
-1684
-2148
-2521
-2849
-2999
-2803
-2414
-2139
-1967
-1701
-1355
-1065
-755
-279
277
735
1116
1517
1841
1952
1925
1941
1992
1984
1954
1994
2032
1907
1682
1565
1585
1583
1510
1490
1543
1573
1523
1451
1414
1391
1411
1487
1586
1637
1558
1348
1117
1099
1297
1421
1283
1043
928
781
507
316
280
85
-443
-871
-961
-1042
-1405
-2043
-2916
-4036
-5042
-5871
-6922
-7898
-7726
-6290
-5141
-5068
-5006
-4099
-2966
-2266
-1415
81
1759
2960
3551
3852
4106
4430
4564
4217
3640
3317
3325
3059
2175
1105
447
189
-189
-643
-688
-267
70
-21
-139
118
690
1224
1596
2056
2789
3656
4233
4355
4236
4107
3952
3599
3090
2639
2310
1779
728
-548
-1439
-1847
-2302
-3045
-3615
-3644
-3481
-3576
-3708
-3440
-2894
-2517
-2282
-1803
-1097
-627
-603
-706
-575
-286
-139
-214
-318
-378
-590
-1029
-1445
-1653
-1862
-2231
-2514
-2443
-2189
-2074
-2046
-1873
-1576
-1321
-1067
-644
-118
280
524
797
1150
1426
1566
1682
1829
1911
1905
1919
1979
1952
1813
1715
1740
1779
1738
1669
1621
1562
1463
1394
1392
1399
1384
1378
1408
1425
1407
1386
1357
1291
1247
1306
1411
1405
1273
1111
919
566
144
-72
-113
-296
-652
-833
-854
-1196
-1957
-2715
-3294
-3911
-4482
-4850
-5466
-6598
-7375
-6819
-5502
-4709
-4438
-3816
-2760
-1959
-1411
-445
979
2195
2795
3080
3441
3899
4205
4064
3515
2940
2675
2585
2242
1633
1080
747
434
30
-166
28
352
422
308
453
964
1548
1908
2146
2527
3058
3565
3865
3957
3898
3714
3386
2898
2393
2010
1684
1148
300
-565
-1157
-1573
-2179
-3072
-3845
-4064
-3813
-3624
-3667
-3525
-2993
-2489
-2329
-2113
-1483
-848
-656
-653
-413
-138
-205
-457
-568
-590
-781
-1092
-1311
-1459
-1711
-2074
-2299
-2249
-2063
-1915
-1778
-1509
-1164
-894
-694
-408
-9
360
659
991
1357
1612
1692
1728
1805
1874
1902
1944
2026
2067
1999
1875
1780
1739
1692
1603
1504
1445
1405
1331
1227
1149
1124
1135
1160
1210
1280
1304
1233
1139
1098
1017
847
762
858
889
691
507
463
248
-258
-641
-685
-736
-1022
-1241
-1246
-1359
-1803
-2456
-3180
-3833
-4129
-4139
-4543
-5619
-6469
-6102
-4905
-4073
-3861
-3488
-2612
-1787
-1323
-708
465
1772
2523
2653
2721
3174
3803
3980
3500
2912
2780
2884
2618
1990
1519
1347
1097
628
338
517
871
928
674
547
849
1391
1781
1922
2081
2461
2915
3159
3163
3137
3154
3004
2533
1991
1731
1642
1249
406
-444
-927
-1224
-1746
-2570
-3352
-3719
-3661
-3525
-3548
-3526
-3220
-2834
-2662
-2514
-2012
-1355
-1031
-1005
-816
-428
-265
-428
-568
-517
-528
-727
-898
-944
-1084
-1459
-1815
-1883
-1740
-1623
-1556
-1412
-1186
-975
-770
-484
-108
250
540
836
1190
1525
1731
1819
1888
1974
2045
2086
2133
2161
2100
1937
1754
1638
1572
1494
1388
1301
1255
1207
1130
1055
1010
980
959
981
1054
1112
1085
1000
924
844
706
541
474
530
567
459
233
-27
-310
-591
-764
-781
-789
-930
-1126
-1252
-1376
-1586
-1797
-1978
-2374
-3049
-3558
-3569
-3617
-4424
-5551
-5765
-4780
-3721
-3403
-3299
-2686
-1848
-1410
-1125
-294
1054
2170
2568
2607
2883
3481
3904
3730
3239
3014
3146
3122
2660
2121
1845
1666
1245
738
597
883
1139
966
602
540
877
1246
1368
1444
1758
2254
2609
2648
2578
2612
2659
2416
1897
1530
1475
1341
710
-176
-801
-1145
-1545
-2191
-2918
-3513
-3821
-3781
-3645
-3634
-3619
-3342
-2928
-2695
-2445
-1876
-1198
-870
-813
-542
-80
152
28
-115
-127
-244
-529
-762
-814
-919
-1245
-1555
-1602
-1455
-1346
-1274
-1082
-808
-580
-389
-97
294
619
861
1126
1455
1726
1843
1870
1866
1848
1812
1797
1840
1875
1818
1648
1462
1355
1289
1188
1059
991
982
946
861
804
818
809
736
711
807
894
836
725
682
632
473
312
278
252
96
-77
-107
-88
-203
-410
-557
-626
-711
-829
-924
-989
-1064
-1185
-1340
-1495
-1652
-1910
-2335
-2795
-3072
-3168
-3394
-3932
-4453
-4404
-3739
-3040
-2718
-2460
-1853
-1113
-661
-328
394
1461
2263
2503
2559
2851
3266
3410
3202
2953
2908
2916
2692
2239
1830
1619
1427
1072
700
612
783
877
708
501
550
806
1003
1080
1222
1543
1879
2012
1965
1937
1995
1958
1678
1287
1037
901
605
40
-559
-967
-1292
-1726
-2211
-2590
-2871
-3133
-3276
-3167
-2908
-2695
-2534
-2325
-2053
-1761
-1426
-1044
-713
-512
-389
-266
-175
-169
-210
-247
-296
-387
-493
-569
-638
-742
-866
-934
-915
-838
-739
-615
-466
-309
-169
-27
160
399
636
825
985
1154
1294
1347
1345
1368
1404
1395
1357
1359
1384
1343
1230
1114
1043
991
938
894
854
804
734
650
582
556
559
557
551
553
539
491
446
435
433
389
329
287
230
118
8
-15
6
-31
-128
-200
-252
-364
-516
-598
-592
-614
-710
-799
-841
-914
-1061
-1251
-1477
-1789
-2149
-2393
-2476
-2667
-3246
-3928
-4012
-3323
-2572
-2342
-2272
-1779
-1068
-688
-485
136
1178
1966
2132
2080
2334
2828
3048
2805
2488
2464
2570
2402
1946
1551
1368
1185
835
508
462
637
711
533
298
289
512
731
819
923
1221
1611
1804
1742
1676
1769
1830
1626
1269
1067
1027
822
290
-321
-746
-1082
-1549
-2061
-2320
-2298
-2302
-2485
-2627
-2508
-2241
-2043
-1891
-1609
-1206
-891
-745
-639
-468
-310
-253
-241
-172
-86
-107
-240
-365
-443
-550
-706
-793
-753
-697
-725
-783
-774
-727
-724
-724
-626
-424
-226
-89
40
208
369
486
610
790
956
1020
1027
1070
1134
1134
1084
1071
1095
1078
1010
961
954
915
817
731
728
775
800
807
823
812
741
674
665
674
640
608
628
643
594
538
530
522
449
343
256
182
106
47
3
-72
-197
-333
-424
-458
-479
-546
-663
-790
-911
-1026
-1120
-1180
-1273
-1497
-1844
-2138
-2225
-2257
-2591
-3238
-3629
-3279
-2538
-2145
-2137
-1934
-1381
-969
-877
-587
245
1181
1595
1525
1529
1904
2313
2327
2046
1942
2126
2197
1895
1513
1389
1385
1178
830
700
881
1055
945
668
538
647
818
901
955
1132
1414
1615
1603
1496
1488
1545
1465
1212
1017
992
906
528
7
-392
-677
-1009
-1336
-1472
-1454
-1529
-1768
-1963
-1963
-1855
-1771
-1669
-1474
-1265
-1178
-1195
-1167
-1039
-886
-766
-667
-575
-534
-570
-627
-650
-658
-696
-741
-738
-707
-698
-728
-761
-776
-796
-807
-764
-644
-499
-388
-304
-203
-64
71
181
308
482
651
757
822
901
1008
1101
1165
1227
1319
1415
1460
1434
1388
1362
1344
1320
1305
1304
1294
1247
1162
1047
931
857
824
800
767
729
681
612
547
510
475
423
369
295
172
46
-34
-129
-287
-415
-437
-468
-603
-735
-766
-818
-1006
-1197
-1232
-1211
-1314
-1523
-1677
-1727
-1799
-2002
-2239
-2328
-2320
-2529
-3013
-3293
-2939
-2268
-1922
-1919
-1710
-1152
-697
-551
-284
430
1238
1609
1571
1605
1942
2305
2344
2164
2118
2263
2281
2000
1681
1590
1593
1431
1166
1071
1190
1297
1221
1040
947
1021
1161
1232
1265
1389
1595
1703
1632
1525
1510
1510
1382
1148
950
851
708
351
-127
-472
-821
-1639
-2778
-3281
-2765
-2178
-2341
-2680
-2450
-2161
-2469
-2722
-2065
-1070
-799
-1076
-1012
-599
-505
-782
-837
-487
-232
-400
-675
-683
-610
-824
-1160
-1118
-692
-387
-413
-453
-348
-341
-532
-608
-353
11
214
308
472
676
762
734
755
920
1132
1274
1362
1467
1566
1568
1493
1469
1550
1636
1634
1593
1576
1508
1310
1103
1059
1131
1124
1017
933
862
692
443
271
255
302
295
229
168
127
29
-148
-300
-345
-376
-493
-618
-637
-631
-753
-946
-1026
-983
-972
-1029
-1064
-1077
-1161
-1301
-1381
-1375
-1379
-1429
-1473
-1476
-1484
-1522
-1559
-1558
-1547
-1565
-1589
-1607
-1665
-1772
-1752
-1476
-1099
-855
-689
-390
-12
252
439
772
1260
1655
1823
1890
2025
2218
2330
2300
2243
2273
2312
2205
1994
1855
1822
1744
1575
1448
1441
1448
1351
1171
1006
903
840
779
726
704
694
655
584
508
416
308
207
-3
-533
-1230
-1536
-1273
-1012
-1191
-1444
-1409
-1449
-1858
-2103
-1737
-1256
-1256
-1487
-1465
-1305
-1341
-1468
-1399
-1186
-1067
-1106
-1149
-1071
-938
-921
-994
-914
-615
-348
-273
-244
-142
-95
-177
-224
-104
86
193
220
269
352
390
339
296
366
510
620
685
758
826
853
875
935
1016
1073
1113
1161
1204
1226
1230
1232
1233
1231
1213
1180
1127
1028
869
685
546
480
451
411
358
307
244
145
30
-45
-67
-83
-129
-173
-199
-270
-426
-582
-635
-621
-655
-739
-789
-785
-773
-789
-820
-847
-872
-884
-864
-817
-784
-809
-874
-915
-892
-829
-768
-701
-631
-600
-637
-673
-633
-544
-489
-478
-449
-406
-406
-445
-479
-508
-540
-522
-403
-234
-97
2
113
243
380
533
725
927
1075
1161
1237
1340
1430
1466
1472
1489
1504
1477
1416
1363
1317
1248
1155
1064
1002
961
909
816
698
602
532
459
375
299
259
230
177
97
13
-64
-145
-238
-329
-408
-489
-585
-688
-788
-880
-956
-1013
-1076
-1153
-1216
-1252
-1282
-1321
-1344
-1324
-1286
-1254
-1223
-1187
-1155
-1119
-1061
-988
-911
-823
-710
-579
-447
-327
-241
-190
-134
-37
87
165
181
188
236
299
332
345
368
404
432
448
459
480
518
569
616
653
692
740
776
796
835
906
941
898
844
865
924
920
843
788
799
812
766
685
621
576
535
485
406
284
146
52
6
-45
-121
-176
-208
-277
-395
-484
-499
-485
-482
-466
-428
-415
-446
-483
-497
-507
-509
-487
-470
-502
-580
-642
-654
-620
-577
-567
-585
-585
-543
-506
-504
-505
-494
-512
-550
-541
-470
-412
-421
-461
-463
-420
-365
-315
-261
-185
-99
-38
-10
22
91
187
287
383
483
570
636
694
749
785
800
824
882
941
940
893
860
860
859
837
820
818
810
773
715
655
607
579
557
525
473
418
370
317
235
140
57
-7
-64
-120
-173
-232
-302
-372
-431
-498
-569
-629
-681
-735
-793
-832
-859
-888
-908
-896
-858
-830
-830
-845
-846
-828
-794
-759
-721
-677
-637
-617
-603
-558
-484
-406
-346
-303
-265
-230
-197
-153
-96
-40
2
32
73
139
213
269
311
357
429
509
559
573
570
579
605
640
664
670
664
663
676
686
674
656
667
697
701
663
637
670
713
682
581
497
463
421
344
270
224
168
88
24
-17
-70
-135
-176
-200
-238
-282
-304
-327
-370
-408
-411
-408
-449
-519
-565
-546
-476
-410
-413
-464
-480
-444
-422
-431
-421
-390
-400
-440
-426
-350
-308
-347
-387
-371
-329
-303
-286
-278
-289
-294
-257
-190
-134
-102
-84
-87
-91
-49
31
86
108
152
228
284
312
358
400
396
383
438
518
520
480
501
561
562
516
508
542
558
550
555
549
496
431
412
430
432
392
326
266
226
204
159
81
18
-5
-38
-112
-173
-192
-220
-294
-359
-370
-363
-382
-416
-450
-490
-519
-524
-519
-529
-531
-506
-474
-474
-490
-486
-471
-460
-447
-411
-367
-349
-364
-366
-337
-296
-258
-226
-201
-188
-165
-118
-67
-28
1
38
78
123
176
234
272
289
310
341
371
394
419
449
463
449
428
419
423
427
424
413
394
384
395
405
394
367
335
307
287
278
267
242
215
199
180
127
57
12
-2
-6
-7
5
5
-48
-127
-172
-156
-139
-156
-197
-226
-239
-245
-243
-237
-242
-266
-286
-276
-239
-209
-210
-241
-280
-305
-316
-320
-312
-288
-269
-270
-286
-292
-287
-286
-276
-240
-178
-118
-85
-75
-76
-71
-56
-36
-20
8
39
43
15
-15
-15
12
47
83
125
150
145
132
143
181
214
219
218
239
261
255
241
250
274
266
234
234
283
326
313
266
246
272
308
329
337
331
303
256
215
195
186
161
127
97
82
75
56
34
7
-24
-57
-84
-106
-133
-173
-215
-254
-289
-309
-313
-314
-328
-343
-359
-377
-398
-408
-403
-383
-368
-365
-367
-361
-340
-315
-298
-293
-288
-273
-256
-241
-231
-218
-203
-181
-143
-98
-59
-44
-31
1
46
78
93
112
151
193
222
234
240
251
264
264
254
251
253
250
237
232
241
252
255
257
267
290
317
344
352
340
327
334
362
384
375
338
299
276
258
232
200
168
135
102
61
12
-31
-54
-60
-64
-79
-101
-117
-123
-127
-133
-142
-150
-164
-190
-214
-219
-212
-223
-269
-327
-359
-355
-340
-342
-367
-392
-397
-370
-326
-291
-285
-294
-292
-262
-222
-201
-202
-205
-185
-139
-88
-55
-51
-66
-74
-49
3
48
60
38
22
44
94
145
173
168
141
116
126
176
243
289
300
286
269
264
277
291
301
308
314
329
347
352
335
298
269
263
269
261
233
195
168
156
148
125
80
17
-33
-52
-45
-42
-71
-127
-181
-209
-208
-194
-193
-215
-251
-281
-294
-297
-302
-309
-309
-294
-281
-292
-315
-324
-299
-266
-260
-280
-290
-262
-210
-178
-183
-197
-177
-114
-46
-18
-26
-30
-5
43
74
64
41
39
72
113
122
99
79
94
150
215
252
249
227
214
213
218
230
244
258
253
220
184
172
193
224
231
216
191
175
161
139
111
105
125
150
154
132
108
104
121
135
121
85
52
42
33
-2
-60
-117
-146
-153
-165
-194
-220
-220
-192
-164
-160
-180
-199
-202
-183
-149
-118
-110
-138
-192
-226
-213
-170
-123
-103
-103
-99
-77
-46
-28
-33
-52
-55
-33
-2
4
-30
-84
-117
-114
-87
-61
-52
-44
-26
6
44
80
104
113
113
120
127
119
90
61
53
62
65
47
14
-16
-28
-16
4
19
23
21
19
25
43
60
60
45
32
33
47
59
65
60
54
50
44
29
5
-9
-9
-2
-4
-17
-28
-22
3
33
46
46
43
50
55
46
21
-6
-14
1
22
23
3
-28
-39
-25
3
23
21
4
-6
-2
9
9
-14
-51
-87
-103
-101
-92
-80
-68
-52
-29
-6
8
10
0
-10
-14
-16
-19
-24
-24
-14
5
20
18
3
-17
-26
-15
7
24
24
10
-12
-25
-27
-26
-25
-35
-44
-37
-9
36
78
98
93
77
67
69
86
98
94
73
43
22
20
29
35
42
52
67
73
70
62
62
71
75
64
38
7
-17
-26
-25
-28
-40
-55
-56
-41
-23
-16
-19
-26
-25
-19
-28
-53
-77
-81
-63
-39
-31
-36
-47
-54
-53
-50
-49
-52
-60
-76
-96
-102
-85
-64
-54
-63
-83
-93
-83
-63
-49
-53
-56
-44
-19
1
-1
-22
-42
-38
-10
14
13
-7
-17
-5
28
59
70
59
44
41
58
86
103
101
88
84
98
116
119
101
87
97
120
135
126
102
88
89
89
74
53
45
45
43
30
12
8
21
30
15
-19
-48
-55
-51
-57
-77
-98
-103
-97
-86
-85
-87
-85
-77
-68
-60
-53
-44
-40
-43
-52
-55
-44
-33
-33
-43
-50
-48
-38
-27
-22
-22
-23
-21
-14
-4
5
10
7
2
6
20
34
39
38
36
39
47
52
47
41
35
34
35
34
33
35
42
43
39
31
27
26
26
16
2
-6
-3
3
1
-8
-11
-1
16
23
22
15
9
6
6
5
1
-5
-13
-24
-33
-32
-28
-22
-22
-28
-35
-42
-46
-44
-39
-38
-44
-56
-59
-50
-31
-18
-18
-26
-29
-21
-9
-6
-10
-15
-13
-7
-2
2
2
6
17
30
40
46
52
51
50
55
65
67
59
43
29
27
27
25
14
1
-6
-4
1
2
0
0
1
0
1
3
1
0
2
8
11
12
10
5
1
-4
-5
-4
-8
-16
-28
-38
-44
-41
-37
-37
-38
-35
-30
-25
-22
-24
-27
-30
-27
-21
-18
-13
-12
-7
0
11
23
30
32
28
21
17
17
11
8
6
5
6
2
1
3
12
19
18
16
12
10
12
14
14
16
15
11
8
7
10
11
11
6
7
8
6
1
-4
-5
-2
-5
-15
-26
-29
-23
-15
-14
-22
-28
-26
-18
-12
-14
-16
-17
-17
-15
-14
-13
-12
-11
-13
-16
-15
-12
-7
-5
-3
1
6
8
13
15
17
17
12
6
6
7
8
8
0
-5
-3
6
13
16
14
11
10
15
19
17
15
13
15
15
12
9
10
14
14
6
-5
-11
-9
-4
-4
-6
-10
-12
-15
-19
-22
-20
-19
-18
-18
-23
-23
-16
-10
-6
-6
-6
-1
3
7
10
10
10
10
9
3
-4
-9
-7
-3
0
-5
-14
-16
-11
-3
1
0
-3
-1
8
14
18
14
11
13
17
22
25
22
21
19
18
18
13
12
10
9
7
4
-2
-4
-1
2
4
0
-5
-10
-11
-5
-1
1
-5
-11
-16
-16
-10
-5
-1
-6
-8
-11
-8
-3
2
3
2
-4
-11
-14
-19
-21
-24
-28
-32
-35
-38
-37
-34
-24
-13
-5
-8
-11
-9
