1
0
1
1
2
3
2
1
2
1
1
2
1
1
0
0
1
0
1
0
0
-1
-1
-1
-2
-2
-1
-1
-2
-3
-3
-1
-2
-2
-2
-2
-2
-1
0
0
2
1
-1
-1
0
-2
-2
-2
-3
-2
0
0
-1
-2
0
-1
0
0
2
3
3
1
2
2
1
2
1
1
0
1
1
0
1
0
0
1
0
1
1
2
1
1
0
0
2
2
3
3
3
3
2
4
2
3
1
0
0
0
-1
-1
-1
0
0
-1
-2
-1
-1
-2
-2
-2
-3
-2
-3
-2
-2
-2
-3
-2
-1
-3
-1
0
-2
-1
0
0
-1
1
0
0
0
-1
0
0
-1
-1
-2
-1
0
-1
0
0
-1
-1
-1
1
1
0
2
1
2
1
0
0
1
0
0
0
0
0
0
1
2
3
3
1
2
2
2
0
0
1
1
1
0
0
0
1
2
1
1
1
1
1
0
0
-1
-1
0
-2
-1
-1
-1
-1
-2
-1
-2
-1
-1
-1
0
0
0
1
0
1
0
1
0
0
-1
-1
-2
-2
0
-1
0
-1
0
1
1
0
0
1
1
1
2
1
0
0
0
1
0
2
2
0
1
1
1
1
0
0
-1
-2
0
-1
0
-1
0
-2
-2
0
0
-1
0
0
-1
-2
-1
-1
-2
-1
-1
-1
-1
-1
0
-1
-1
-2
-2
-2
-2
-1
-1
-2
0
0
0
0
0
1
2
2
2
2
1
1
1
1
1
1
3
3
3
2
2
2
2
2
1
2
2
1
0
2
2
2
1
2
3
2
2
1
1
-1
0
0
0
0
-1
-2
-3
-1
-1
0
-1
-1
0
-1
-1
-1
-2
-2
-2
-2
-2
-3
-2
-2
-2
-3
-2
-2
-2
-2
0
0
0
0
-2
-2
-2
-2
0
0
0
-1
0
-1
0
-1
1
0
-2
0
-1
-1
0
0
-1
-1
-1
-1
1
2
3
2
2
2
3
2
2
3
2
3
3
3
3
1
2
0
0
2
0
-1
0
1
1
0
0
0
0
0
-1
-1
0
-1
-1
-1
-1
-1
0
-1
0
-1
-2
-1
-1
-1
-1
-1
0
-1
-1
1
1
0
0
-1
1
1
-1
0
1
-1
-1
0
0
-2
0
-2
-2
-2
-2
-1
-1
0
1
1
1
1
2
1
0
2
3
1
0
1
1
1
1
1
1
2
1
0
1
-1
-1
0
2
1
1
2
1
1
0
0
0
0
0
0
0
-1
0
0
1
0
-2
-3
-3
-2
-3
-3
-3
-2
-2
-1
-2
-1
-1
-2
-2
-1
0
-1
0
0
1
0
0
1
1
1
0
1
0
2
1
2
0
2
2
0
2
1
0
-1
0
0
0
0
-1
0
-1
0
-1
0
-1
-1
-1
-2
0
0
0
0
-1
0
-1
-1
-1
0
-2
0
0
0
0
2
0
0
0
1
0
-2
0
-1
0
0
1
2
2
0
2
1
1
1
2
3
3
2
2
0
0
0
1
1
2
1
1
1
1
2
0
0
0
1
2
1
1
1
0
2
2
2
0
-1
0
-1
-1
-1
-2
-3
-3
-2
-2
-3
-4
-5
-4
-4
-4
-4
-2
-2
-2
-2
-3
-2
-3
-3
-1
-2
-1
-1
-1
0
1
2
1
1
2
0
1
-1
1
1
1
3
2
1
1
2
2
3
3
3
4
5
4
3
3
4
4
2
1
1
1
1
0
-1
0
0
-1
-1
-1
0
0
-1
-1
-2
1
0
0
0
0
0
0
1
1
2
0
0
-1
-1
0
-1
-2
-2
-2
-2
-3
-5
-3
-3
-3
-3
-2
-3
-1
-2
-1
-1
0
-1
1
0
-1
0
0
1
0
0
0
-1
-2
-1
-1
-2
-2
-2
0
0
1
0
2
0
1
1
1
3
3
4
4
3
3
3
2
1
1
0
2
1
0
0
-1
-1
0
0
-2
0
0
-1
0
0
1
1
1
1
1
1
0
0
0
0
-1
0
-1
-1
-1
-1
-3
-1
-1
-1
-2
-2
-1
-3
-2
-2
-2
-1
-1
0
-1
-2
-2
-3
-1
-2
-1
-2
-1
-1
-2
-1
0
1
1
1
0
3
3
4
-1
0
0
-1
0
0
1
2
1
3
2
2
2
1
1
1
0
0
0
1
0
0
0
1
1
1
3
3
2
1
1
1
0
0
1
0
-1
0
1
1
1
1
1
1
0
0
0
-1
-1
-1
-1
0
-1
0
-1
-2
-2
-3
-3
-3
-2
-2
-1
-1
-1
-1
-3
-3
-2
-1
-1
-2
-1
-2
-1
0
0
1
-1
0
0
1
3
1
1
1
1
1
0
0
-1
-1
-3
-2
-1
-1
-1
0
-1
1
1
2
1
3
3
2
1
2
3
3
2
3
2
2
3
3
1
1
0
1
0
-1
1
0
0
2
1
1
1
1
0
0
1
0
-1
-2
-3
-3
-1
-3
-3
-4
-2
-3
-3
-1
-1
-1
1
1
0
0
0
1
2
2
1
1
0
-1
1
-1
0
0
0
-2
-3
-2
-2
-2
-2
-2
-2
0
-3
-2
0
-1
-1
-1
-3
-1
-1
-1
-1
-1
0
0
1
1
0
1
2
0
2
2
1
1
2
2
4
3
1
2
3
2
3
2
2
2
0
0
1
3
1
0
-1
-2
-1
0
-3
-3
0
1
2
1
5
2
-6
-7
0
-4
-8
-14
-28
-32
-41
-54
-63
-89
-124
-177
-549
-999
-954
-387
-63
-45
392
916
981
720
718
771
647
611
698
692
509
322
323
261
-60
-240
-103
-53
-240
-275
-222
-412
-594
-631
-797
-1052
-1175
-1217
-1255
-1180
-1255
-1407
-897
-104
218
510
1124
1455
1518
1899
2039
1617
1352
1355
1388
1343
1057
528
6
-332
-568
-612
-461
-426
-513
-457
-451
-702
-861
-908
-1242
-1522
-1322
-1186
-1258
-876
-315
-367
-606
-406
-196
-297
-318
-144
-96
-146
22
276
271
99
35
1
-55
63
249
231
-49
-515
-795
-373
416
717
526
231
-181
-283
453
1322
1586
1639
1801
1923
2093
2163
1920
1676
1436
1045
999
1192
828
227
-85
-647
-1328
-1274
-1008
-1272
-1447
-1258
-1268
-1292
-989
-841
-1021
-1086
-1005
-924
-659
-276
-47
27
-27
-132
-24
228
287
251
293
224
105
212
366
278
36
-237
-474
-551
-528
-562
-625
-681
-768
-789
-703
-618
-551
-460
-404
-385
-242
41
280
403
496
561
562
582
700
816
805
695
585
514
467
434
369
243
113
22
-33
-35
-6
-46
-138
-186
-181
-125
-11
89
110
96
112
171
293
414
433
389
377
381
373
393
430
409
342
287
278
299
294
225
127
45
-28
-76
-95
-116
-158
-253
-379
-430
-379
-332
-327
-305
-276
-275
-267
-224
-185
-177
-200
-222
-180
-66
26
37
15
-25
-100
-174
-194
-169
-155
-162
-158
-146
-157
-175
-167
-189
-273
-322
-229
-58
1
-73
-89
-16
-53
-174
-132
9
20
16
224
476
412
59
-223
-285
-346
-478
-438
-237
-244
-479
-565
-452
-447
-582
-646
-599
-501
-334
-126
70
245
314
251
245
403
572
626
655
763
883
847
681
548
404
116
-171
-270
-248
-220
-210
-221
-233
-258
-320
-337
-216
-41
91
251
518
810
1013
1148
1250
1308
1342
1401
1481
1553
1607
1594
1477
1318
1164
984
769
569
403
227
25
-135
-245
-442
-742
-962
-1036
-1097
-1179
-1209
-1197
-1216
-1269
-1306
-1276
-1189
-1091
-1011
-941
-829
-650
-474
-403
-343
-159
10
-4
-62
28
197
339
485
608
568
376
247
280
287
108
-119
-168
-23
138
115
-50
-147
-182
-410
-836
-1104
-1085
-1069
-1221
-1315
-1294
-1460
-1831
-2107
-2874
-5332
-8680
-9806
-7490
-4709
-4228
-4560
-3284
-1442
-1075
-1225
97
2290
3516
3877
4986
7480
10336
12011
11770
10327
9161
8969
9119
8888
8407
7936
7097
5497
3506
1848
719
-504
-2539
-4973
-6255
-5652
-4524
-4558
-5479
-5938
-5869
-6099
-6263
-5185
-3125
-1651
-1227
-710
638
2133
2901
2884
2439
1881
1376
705
-338
-1016
-529
-23
-1239
-3185
-3559
-3056
-4005
-5546
-5117
-3571
-3544
-4226
-3112
-1137
-899
-1744
-1334
-28
407
363
1216
2461
2786
2437
2466
2893
3046
2817
2625
2723
2939
2882
2474
2090
1847
1279
301
-329
-259
-221
-672
-981
-779
-755
-1258
-1515
-1109
-693
-608
-241
613
1282
1525
1865
2437
2687
2500
2386
2537
2768
2972
3007
2596
1911
1410
1004
427
-135
-276
-165
-244
-442
-615
-1339
-3467
-6428
-9111
-12052
-15507
-16901
-14001
-10016
-9330
-10482
-9305
-6195
-4751
-4820
-3454
-250
2824
5096
7908
11585
14964
16561
15878
14097
12988
13288
13727
13117
11720
10180
8614
6622
4146
1219
-1642
-3876
-5828
-7859
-9055
-8123
-6281
-6057
-7500
-8123
-6785
-5148
-4219
-2926
-512
1849
3159
4188
5641
6886
7036
6268
5251
4501
4358
4586
4268
2718
532
-1480
-3569
-6077
-8081
-8718
-8966
-9929
-10734
-10020
-8531
-8041
-8564
-8607
-7372
-5410
-3139
-470
2236
4005
4437
4427
4923
5623
5612
4976
4682
4919
4955
4448
3697
2634
926
-944
-1919
-1757
-1268
-1064
-1028
-957
-947
-1013
-962
-781
-602
-345
284
1389
2603
3397
3489
3093
2660
2473
2525
2687
2902
2988
2826
2591
2395
1958
1044
146
-221
-192
-70
170
530
566
139
-347
-509
-493
-638
-860
-963
-653
153
980
988
144
-564
-1007
-1778
-2663
-2905
-3092
-4290
-5995
-8052
-11344
-14752
-14698
-11099
-8885
-9861
-9913
-6280
-2414
-1474
-1257
885
3936
5726
6786
8703
11552
14059
14563
12918
10713
9662
9300
7958
5772
3996
3025
1945
345
-1343
-2771
-3646
-4250
-5065
-5908
-5313
-2665
-40
591
192
1186
3301
4409
4335
4799
6195
6827
6212
5697
5946
5798
4224
1924
-64
-1355
-2207
-2974
-4066
-5517
-6629
-7093
-7444
-8112
-8421
-7964
-7548
-7519
-6838
-4814
-2934
-2551
-2814
-2137
-681
285
857
1828
2906
2937
2083
1704
1916
1548
172
-1021
-1262
-1196
-1408
-1649
-1680
-1975
-2621
-2891
-2332
-1373
-613
-24
705
1554
2269
2744
3049
3204
3183
3202
3504
3967
4231
4039
3529
2904
2360
1937
1559
1251
999
791
574
473
535
478
200
-13
100
280
522
1165
1914
2035
1676
1798
2355
2547
2336
2329
2474
2169
1565
1201
1000
420
-398
-729
-867
-1650
-2820
-3378
-3563
-4517
-5877
-6644
-7076
-8511
-11518
-14676
-15627
-13039
-9169
-7445
-7574
-6325
-2763
34
703
1419
3681
6064
7011
7747
9534
11632
12279
10759
8232
6224
5492
5111
3856
1882
251
-414
-727
-1323
-2194
-2913
-3138
-3018
-2585
-1485
534
2743
3916
3945
3995
4991
6377
6962
6582
6117
6133
6202
5748
4803
3599
2116
330
-1491
-2919
-3723
-4065
-4556
-5596
-6660
-6862
-6217
-5734
-5876
-6030
-5605
-4687
-3514
-2216
-1363
-1411
-1867
-1785
-1045
-374
-164
-224
-310
-441
-628
-803
-1153
-1901
-2818
-3264
-3022
-2504
-2110
-1934
-1938
-2007
-1820
-1241
-535
11
482
1112
1892
2623
3078
3163
2979
2789
2797
2973
3201
3367
3335
3020
2604
2364
2210
1845
1291
959
1003
1186
1297
1355
1380
1247
1061
1139
1612
2056
2082
2007
2295
2810
3097
3166
3069
2642
2001
1657
1703
1636
1368
1122
861
361
-206
-743
-1550
-2543
-3315
-3784
-4419
-5066
-5227
-5240
-5813
-6944
-7862
-9146
-11727
-14234
-13885
-10523
-7610
-6801
-6118
-3754
-926
479
973
1754
3138
4610
5833
6986
8231
9530
9885
8538
6346
4995
4771
4179
2546
949
531
959
1152
726
63
-280
-118
227
546
1280
2772
4277
4758
4621
5109
6229
6672
5897
4984
4854
5052
4693
3747
2731
1733
530
-882
-2208
-3217
-3914
-4495
-5179
-5790
-5843
-5312
-4922
-5100
-5268
-4666
-3517
-2608
-2307
-2489
-2833
-3041
-2977
-2867
-2864
-2816
-2674
-2524
-2247
-1750
-1551
-2053
-2721
-2888
-2690
-2536
-2243
-1725
-1370
-1249
-942
-405
-148
-216
-167
221
842
1598
2384
2895
3082
3199
3388
3538
3576
3558
3451
3320
3377
3603
3594
3138
2527
2034
1654
1412
1408
1461
1337
1181
1296
1584
1711
1686
1736
1876
1982
2124
2415
2653
2612
2425
2331
2252
1932
1393
897
582
274
-118
-331
-302
-559
-1433
-2336
-2711
-2928
-3441
-4042
-4487
-4976
-5527
-5865
-6127
-6988
-8970
-11470
-12773
-11733
-9500
-8203
-7844
-6543
-3832
-1520
-721
-302
957
2555
3476
3955
4981
6724
8227
8511
7727
6929
6718
6440
5243
3538
2578
2741
3080
2805
2292
2230
2432
2195
1457
913
1037
1481
1681
1688
2086
3068
4027
4308
4061
3955
4150
4135
3605
2969
2722
2718
2426
1697
873
220
-423
-1355
-2489
-3394
-3855
-4131
-4495
-4781
-4681
-4298
-4084
-4235
-4464
-4504
-4499
-4631
-4761
-4694
-4496
-4258
-3870
-3351
-2968
-2822
-2652
-2277
-1886
-1728
-1741
-1664
-1401
-1066
-776
-569
-503
-612
-764
-751
-563
-359
-227
-81
189
612
1123
1559
1798
1899
2016
2187
2368
2586
2858
3034
3021
3018
3232
3549
3687
3628
3557
3567
3605
3621
3585
3459
3218
2917
2636
2393
2140
1848
1549
1291
1088
943
851
742
562
370
265
247
212
86
-66
-136
-137
-160
-241
-332
-420
-516
-612
-709
-849
-1067
-1351
-1675
-2013
-2378
-2868
-3630
-4691
-5807
-6547
-6652
-6364
-6252
-6595
-7085
-7198
-6672
-5665
-4681
-4213
-4258
-4275
-3747
-2691
-1550
-759
-446
-352
19
909
2034
2886
3275
3459
3819
4522
5391
6038
6221
6050
5810
5666
5639
5678
5596
5176
4558
4228
4404
4727
4736
4393
3968
3672
3523
3434
3282
2968
2454
1827
1336
1182
1215
1043
553
65
-125
-128
-227
-494
-818
-1140
-1513
-1947
-2369
-2764
-3217
-3711
-4070
-4216
-4359
-4723
-5182
-5357
-5140
-4820
-4688
-4729
-4772
-4759
-4664
-4415
-4044
-3770
-3743
-3794
-3571
-2973
-2306
-1889
-1668
-1374
-917
-419
36
422
656
736
843
1114
1407
1528
1509
1534
1707
2006
2342
2612
2758
2820
2912
3128
3436
3642
3607
3470
3492
3696
3851
3844
3781
3748
3699
3645
3670
3711
3570
3246
2973
2867
2772
2502
2115
1751
1443
1197
1029
876
616
268
-34
-255
-517
-907
-1405
-1945
-2492
-3124
-4035
-5281
-6501
-7115
-6952
-6539
-6567
-7131
-7625
-7432
-6550
-5526
-4870
-4694
-4765
-4680
-4090
-3021
-1997
-1570
-1656
-1595
-934
122
1074
1690
2077
2448
2997
3799
4642
5119
5062
4749
4578
4645
4754
4687
4365
3883
3517
3550
3940
4277
4226
3898
3645
3611
3675
3667
3486
3066
2487
2048
1957
2041
1947
1584
1196
1010
1000
982
793
409
-46
-429
-692
-921
-1259
-1793
-2445
-2975
-3214
-3303
-3552
-4051
-4556
-4773
-4702
-4570
-4573
-4719
-4886
-4938
-4799
-4535
-4346
-4364
-4447
-4282
-3749
-3102
-2657
-2421
-2151
-1704
-1181
-718
-356
-104
40
195
534
1019
1372
1448
1433
1585
1912
2216
2389
2476
2557
2679
2866
3077
3207
3195
3111
3088
3183
3316
3390
3405
3419
3460
3534
3637
3690
3583
3346
3179
3176
3170
2985
2689
2438
2210
1909
1609
1428
1295
1057
742
487
283
-4
-401
-832
-1298
-1845
-2452
-3177
-4257
-5696
-6877
-7104
-6558
-6199
-6599
-7327
-7620
-7185
-6263
-5323
-4820
-4902
-5169
-4964
-4052
-2873
-2103
-2012
-2179
-1880
-868
325
1062
1354
1676
2265
3027
3829
4488
4704
4451
4174
4263
4577
4726
4534
4062
3560
3440
3878
4430
4487
4081
3746
3714
3771
3748
3639
3349
2834
2381
2280
2417
2442
2218
1877
1624
1603
1726
1654
1190
604
262
120
-122
-547
-1076
-1707
-2387
-2863
-3019
-3110
-3421
-3868
-4184
-4288
-4281
-4301
-4451
-4719
-4947
-5013
-4960
-4860
-4707
-4546
-4456
-4360
-4054
-3566
-3151
-2872
-2535
-2047
-1545
-1115
-718
-380
-167
2
257
556
759
878
1046
1314
1639
1968
2235
2370
2409
2490
2690
2916
3035
3041
3043
3134
3283
3399
3442
3443
3453
3489
3550
3633
3700
3690
3575
3423
3280
3116
2887
2622
2407
2237
2042
1795
1544
1334
1185
1083
971
761
428
24
-390
-799
-1200
-1625
-2194
-3097
-4394
-5753
-6530
-6411
-5915
-5934
-6632
-7283
-7235
-6587
-5822
-5252
-5018
-5123
-5240
-4855
-3876
-2832
-2321
-2370
-2402
-1807
-611
490
954
1059
1462
2299
3168
3769
4088
4138
3981
3895
4079
4343
4363
4077
3668
3420
3584
4078
4412
4238
3859
3792
3999
4072
3882
3589
3247
2830
2506
2434
2454
2296
1963
1689
1623
1703
1706
1393
800
296
124
54
-251
-731
-1141
-1464
-1795
-2098
-2379
-2846
-3521
-4022
-4030
-3771
-3712
-4003
-4425
-4694
-4700
-4539
-4458
-4587
-4769
-4747
-4456
-4023
-3628
-3432
-3449
-3418
-3054
-2457
-1966
-1697
-1457
-1091
-631
-132
332
616
700
818
1191
1713
2115
2302
2387
2494
2662
2848
2975
2986
2910
2866
2952
3149
3319
3350
3295
3284
3349
3407
3415
3414
3439
3458
3465
3479
3442
3267
2996
2770
2643
2510
2264
1953
1687
1523
1427
1331
1137
777
306
-131
-468
-810
-1277
-1882
-2623
-3633
-4952
-6150
-6583
-6242
-5952
-6374
-7149
-7419
-6953
-6238
-5698
-5349
-5117
-4997
-4848
-4410
-3649
-2877
-2461
-2379
-2182
-1481
-461
315
666
1018
1726
2576
3196
3570
3862
4062
4108
4111
4205
4333
4345
4175
3893
3728
3886
4228
4348
4142
3985
4111
4211
3983
3619
3399
3210
2853
2451
2224
2128
1992
1817
1708
1682
1635
1426
1010
557
315
225
-27
-523
-995
-1302
-1644
-2135
-2553
-2754
-2953
-3332
-3691
-3804
-3795
-3917
-4162
-4336
-4412
-4496
-4614
-4670
-4608
-4463
-4286
-4087
-3850
-3585
-3340
-3119
-2813
-2355
-1871
-1524
-1268
-968
-654
-425
-231
23
251
380
559
942
1407
1741
1958
2166
2360
2494
2626
2806
2931
2929
2920
3048
3255
3395
3427
3427
3461
3515
3562
3595
3599
3545
3450
3400
3420
3368
3098
2705
2422
2291
2150
1920
1680
1459
1230
1049
982
906
646
232
-185
-557
-938
-1363
-1872
-2614
-3730
-5078
-6120
-6337
-5881
-5603
-6090
-6896
-7124
-6561
-5784
-5297
-5115
-5076
-5035
-4771
-4137
-3314
-2700
-2476
-2398
-2010
-1079
40
744
930
1159
1854
2751
3389
3710
3862
3891
3872
3983
4221
4337
4173
3835
3533
3458
3673
3951
3922
3587
3380
3537
3759
3699
3440
3189
2923
2586
2318
2232
2167
1965
1724
1650
1755
1837
1697
1308
872
599
380
-61
-727
-1296
-1633
-1932
-2280
-2519
-2638
-2884
-3293
-3567
-3580
-3590
-3818
-4128
-4301
-4337
-4330
-4317
-4294
-4248
-4141
-3965
-3743
-3487
-3190
-2915
-2707
-2469
-2126
-1773
-1530
-1326
-1037
-708
-437
-182
98
313
431
599
901
1214
1417
1579
1791
2017
2215
2411
2592
2693
2734
2787
2883
2988
3086
3169
3234
3306
3411
3506
3537
3511
3444
3319
3169
3069
3002
2873
2658
2429
2206
1975
1776
1633
1480
1249
991
790
616
392
94
-245
-609
-993
-1403
-1872
-2507
-3437
-4554
-5351
-5371
-4876
-4727
-5338
-6128
-6307
-5806
-5159
-4759
-4617
-4603
-4551
-4261
-3673
-3004
-2574
-2509
-2585
-2332
-1513
-492
143
366
720
1487
2349
2940
3251
3396
3397
3356
3456
3684
3814
3726
3493
3288
3317
3654
4011
3971
3588
3368
3515
3658
3502
3219
3002
2751
2421
2217
2201
2129
1844
1521
1382
1407
1426
1284
938
551
332
225
-50
-563
-1062
-1385
-1654
-1959
-2175
-2279
-2484
-2836
-3057
-3004
-2933
-3111
-3417
-3605
-3664
-3716
-3789
-3840
-3863
-3874
-3838
-3707
-3461
-3159
-2920
-2771
-2580
-2250
-1878
-1609
-1404
-1153
-889
-667
-413
-90
173
312
474
796
1174
1453
1653
1864
2080
2256
2408
2544
2620
2632
2634
2683
2783
2890
2972
3036
3117
3200
3215
3140
3041
2968
2914
2890
2911
2894
2719
2451
2287
2254
2159
1896
1593
1397
1281
1165
1039
865
552
124
-258
-536
-866
-1413
-2206
-3239
-4419
-5318
-5463
-5042
-4879
-5401
-6030
-6032
-5483
-5013
-4908
-4971
-4961
-4780
-4371
-3771
-3166
-2770
-2599
-2403
-1858
-930
-33
436
639
1083
1873
2599
2945
3020
3077
3223
3433
3593
3593
3490
3455
3531
3631
3760
3919
3897
3551
3170
3120
3234
3052
2579
2285
2369
2525
2480
2315
2193
2092
1939
1750
1548
1321
1034
703
426
324
330
151
-361
-912
-1126
-1120
-1337
-1889
-2418
-2660
-2743
-2852
-2965
-3041
-3169
-3349
-3416
-3323
-3250
-3329
-3407
-3280
-3024
-2892
-2972
-3057
-2943
-2691
-2475
-2327
-2154
-1939
-1703
-1417
-1086
-837
-708
-542
-239
52
189
282
490
778
1040
1260
1454
1595
1720
1911
2137
2257
2252
2267
2374
2493
2535
2530
2539
2580
2647
2717
2744
2703
2630
2595
2623
2656
2625
2517
2386
2279
2177
2058
1913
1734
1520
1314
1153
1017
866
706
549
328
2
-377
-755
-1176
-1748
-2568
-3638
-4669
-5129
-4861
-4471
-4610
-5060
-5159
-4896
-4806
-4895
-4630
-3989
-3636
-3846
-4037
-3637
-2810
-2071
-1607
-1284
-971
-630
-230
313
1027
1728
2120
2197
2338
2779
3228
3335
3239
3297
3471
3466
3307
3297
3488
3573
3349
2989
2800
2825
2813
2555
2211
2089
2220
2317
2238
2128
2074
1913
1553
1204
1074
1068
949
675
416
314
308
216
-30
-337
-639
-984
-1369
-1655
-1800
-1991
-2331
-2628
-2706
-2684
-2754
-2865
-2883
-2866
-2931
-3012
-2967
-2841
-2797
-2847
-2840
-2715
-2548
-2387
-2184
-1942
-1753
-1610
-1396
-1101
-859
-718
-567
-362
-202
-110
18
213
386
509
666
870
1044
1177
1313
1460
1581
1689
1810
1927
2011
2072
2124
2181
2253
2358
2466
2519
2497
2458
2464
2513
2549
2524
2449
2365
2282
2176
2032
1861
1681
1507
1329
1154
1021
942
827
563
180
-187
-499
-867
-1384
-2102
-3046
-4016
-4530
-4347
-3938
-3928
-4248
-4405
-4362
-4403
-4345
-3804
-3114
-3030
-3487
-3602
-2964
-2105
-1577
-1328
-1091
-803
-499
-123
407
1052
1597
1812
1813
1991
2456
2835
2842
2702
2725
2824
2811
2797
2914
2978
2760
2400
2228
2290
2314
2105
1793
1643
1711
1815
1824
1810
1837
1757
1463
1148
1059
1110
996
659
365
292
317
262
135
-8
-251
-647
-1026
-1192
-1252
-1452
-1782
-2041
-2200
-2352
-2425
-2316
-2219
-2372
-2605
-2594
-2386
-2293
-2345
-2347
-2282
-2286
-2318
-2199
-1941
-1716
-1590
-1480
-1295
-1033
-759
-536
-397
-327
-265
-163
-8
151
264
337
424
537
667
813
965
1071
1108
1140
1254
1423
1563
1643
1711
1798
1882
1959
2033
2069
2044
2007
2023
2077
2116
2135
2137
2095
2005
1935
1922
1889
1745
1508
1284
1127
1022
937
865
765
575
287
-46
-382
-745
-1177
-1755
-2558
-3461
-4036
-4004
-3692
-3652
-3896
-4022
-3949
-3938
-3920
-3543
-2949
-2755
-3054
-3195
-2737
-2004
-1492
-1227
-966
-619
-265
63
458
999
1544
1804
1770
1835
2239
2660
2720
2581
2602
2733
2730
2673
2768
2874
2709
2336
2088
2067
2043
1845
1562
1389
1378
1434
1487
1558
1620
1537
1254
951
822
793
646
361
100
-43
-142
-232
-237
-158
-176
-438
-812
-1064
-1191
-1352
-1555
-1697
-1808
-2001
-2180
-2166
-2027
-2001
-2115
-2180
-2159
-2148
-2127
-1993
-1815
-1749
-1764
-1702
-1534
-1360
-1214
-1066
-934
-828
-702
-527
-360
-241
-153
-91
-50
21
155
291
373
440
541
670
799
936
1048
1089
1091
1134
1226
1323
1421
1537
1655
1745
1815
1864
1878
1871
1872
1872
1859
1858
1866
1833
1736
1643
1604
1571
1463
1289
1126
1018
925
821
711
559
264
-221
-760
-1201
-1644
-2337
-3211
-3781
-3749
-3462
-3430
-3602
-3605
-3479
-3544
-3668
-3370
-2727
-2404
-2624
-2774
-2323
-1564
-1066
-849
-559
-116
242
459
786
1362
1938
2168
2102
2135
2434
2719
2705
2538
2507
2571
2506
2367
2376
2478
2373
2010
1692
1614
1593
1389
1092
951
989
1014
982
1034
1194
1229
996
688
559
555
413
104
-134
-183
-230
-422
-588
-515
-377
-530
-941
-1241
-1310
-1421
-1687
-1877
-1902
-1990
-2231
-2358
-2230
-2083
-2098
-2126
-2048
-1985
-1982
-1870
-1609
-1418
-1399
-1371
-1189
-971
-836
-715
-520
-306
-155
-19
171
359
448
459
480
544
614
678
750
823
872
925
1008
1098
1148
1163
1181
1197
1197
1211
1261
1322
1375
1432
1502
1558
1592
1628
1670
1680
1651
1625
1592
1524
1460
1453
1439
1308
1111
971
870
733
621
595
496
137
-405
-932
-1424
-2026
-2778
-3505
-3920
-3921
-3767
-3793
-3933
-3871
-3654
-3603
-3613
-3264
-2668
-2432
-2624
-2576
-1944
-1192
-769
-506
-94
384
712
941
1311
1876
2388
2573
2502
2532
2807
3017
2910
2715
2710
2753
2606
2423
2466
2588
2446
2089
1846
1781
1633
1301
1016
958
1000
965
906
957
1064
1032
814
569
441
358
147
-182
-433
-532
-633
-818
-923
-849
-817
-1032
-1369
-1575
-1647
-1733
-1855
-1968
-2126
-2314
-2395
-2318
-2226
-2233
-2248
-2181
-2098
-2060
-1983
-1812
-1635
-1550
-1500
-1367
-1144
-917
-741
-601
-457
-267
-28
200
361
487
631
767
844
895
987
1091
1137
1152
1226
1372
1523
1611
1628
1591
1547
1540
1559
1552
1521
1507
1525
1549
1560
1576
1585
1560
1503
1459
1453
1458
1432
1365
1300
1248
1177
1055
911
786
680
572
465
352
196
-75
-500
-1033
-1579
-2127
-2819
-3650
-4259
-4325
-4082
-4026
-4191
-4189
-3973
-3902
-3976
-3729
-3085
-2636
-2699
-2778
-2332
-1546
-921
-534
-114
418
872
1159
1467
1993
2600
2938
2901
2813
2961
3195
3209
3045
2958
2972
2909
2780
2769
2866
2816
2503
2150
1966
1846
1583
1210
971
943
951
883
867
995
1094
944
633
428
380
269
-35
-376
-580
-681
-787
-868
-855
-830
-931
-1167
-1438
-1646
-1743
-1772
-1882
-2168
-2478
-2601
-2560
-2532
-2562
-2558
-2511
-2490
-2477
-2392
-2233
-2053
-1882
-1737
-1600
-1410
-1142
-892
-741
-608
-367
-46
218
379
499
635
776
882
953
1021
1104
1177
1227
1293
1431
1622
1781
1853
1851
1827
1833
1880
1919
1908
1880
1895
1939
1954
1926
1884
1845
1778
1681
1586
1526
1474
1380
1241
1107
1008
922
793
618
454
359
300
196
30
-201
-593
-1224
-1943
-2566
-3161
-3800
-4219
-4178
-3981
-4078
-4308
-4206
-3866
-3765
-3844
-3630
-3144
-2919
-3032
-2948
-2359
-1604
-1082
-754
-356
202
768
1186
1525
1986
2542
2875
2876
2861
3084
3322
3298
3140
3124
3205
3181
3065
3006
3000
2888
2604
2208
1760
1284
819
504
466
632
806
983
1319
1763
2015
1941
1740
1565
1271
697
30
-361
-384
-333
-473
-675
-690
-626
-835
-1381
-1942
-2306
-2659
-3209
-3767
-3961
-3758
-3495
-3377
-3238
-2910
-2530
-2330
-2317
-2312
-2191
-1965
-1714
-1478
-1177
-718
-196
149
265
342
488
521
283
-54
-207
-157
-115
-156
-105
163
490
666
738
903
1178
1364
1381
1411
1638
2012
2357
2623
2930
3357
3776
3984
3956
3873
3828
3690
3342
2932
2683
2560
2354
2010
1674
1419
1132
660
49
-492
-852
-1122
-1431
-1796
-2270
-3014
-4112
-5501
-7053
-8567
-9662
-9962
-9463
-8519
-7440
-6199
-4597
-2787
-1362
-662
-168
796
1901
2289
2173
2745
4250
5457
5505
5083
5140
5309
4588
2956
1496
909
687
66
-720
-767
26
716
688
469
732
1225
1290
986
992
1617
2473
3159
3741
4405
5002
5221
4999
4476
3730
2807
1864
1015
181
-661
-1291
-1625
-2057
-2906
-3798
-4137
-4053
-4191
-4629
-4719
-4115
-3300
-2837
-2568
-1950
-983
-316
-326
-538
-324
89
-31
-674
-1058
-903
-877
-1411
-1960
-1954
-1708
-1874
-2374
-2598
-2355
-2085
-2100
-2102
-1690
-1024
-573
-387
-86
497
1052
1286
1350
1582
2014
2346
2413
2411
2574
2794
2790
2560
2396
2428
2440
2227
1939
1875
2025
2078
1906
1759
1836
1954
1836
1571
1458
1547
1588
1463
1357
1419
1481
1332
1058
891
821
624
228
-184
-436
-578
-786
-1109
-1458
-1920
-2821
-4218
-5727
-7135
-8611
-9894
-10101
-9012
-7592
-6594
-5560
-3857
-1924
-735
-429
-68
1121
2626
3357
3424
4114
5721
6749
6167
4991
4540
4364
3241
1350
71
-25
173
-202
-785
-689
5
343
-16
-319
57
762
1205
1488
2137
3246
4323
4945
5204
5337
5288
4899
4250
3476
2601
1747
1098
538
-225
-1158
-2022
-2806
-3651
-4440
-4882
-4918
-4743
-4524
-4179
-3520
-2611
-1834
-1403
-1069
-586
-166
-83
-131
5
178
36
-374
-707
-898
-1212
-1775
-2343
-2627
-2649
-2648
-2695
-2599
-2261
-1877
-1643
-1463
-1145
-747
-445
-235
76
567
1070
1403
1602
1812
2026
2109
2032
1928
1892
1886
1853
1801
1792
1831
1828
1729
1620
1601
1617
1574
1526
1587
1731
1863
1953
2019
2037
1984
1883
1807
1803
1826
1744
1549
1413
1370
1218
846
443
118
-228
-626
-966
-1226
-1520
-2061
-3044
-4308
-5415
-6397
-7765
-9209
-9464
-8177
-6639
-5854
-5152
-3637
-1774
-663
-412
-45
1187
2762
3577
3612
4036
5268
6037
5303
3917
3259
3145
2394
892
-218
-255
81
-133
-709
-807
-304
76
-52
-179
274
1165
1924
2357
2811
3583
4433
4897
4875
4657
4463
4197
3653
2784
1808
1066
583
-45
-1029
-1958
-2477
-2968
-3863
-4699
-4712
-4064
-3592
-3495
-3162
-2280
-1348
-895
-761
-434
137
474
349
187
345
446
-22
-793
-1207
-1280
-1606
-2312
-2838
-2844
-2675
-2715
-2798
-2579
-2153
-1882
-1783
-1495
-924
-419
-221
-61
399
996
1337
1393
1473
1680
1790
1695
1583
1611
1648
1539
1395
1411
1526
1518
1364
1254
1291
1386
1445
1494
1614
1816
2029
2190
2299
2328
2236
2064
1968
1994
2008
1880
1692
1586
1512
1300
896
463
83
-308
-683
-898
-960
-1124
-1517
-2181
-3134
-4251
-5246
-6167
-7405
-8567
-8586
-7208
-5658
-4895
-4344
-3156
-1578
-621
-397
15
1301
2912
3703
3718
4009
4940
5343
4345
2883
2258
2319
1796
518
-435
-400
-63
-362
-980
-1068
-505
-34
-6
152
870
1885
2560
2841
3165
3782
4453
4691
4519
4258
4114
3916
3340
2442
1501
825
273
-523
-1535
-2390
-2873
-3285
-3734
-3947
-3748
-3351
-3052
-2754
-2305
-1658
-1003
-563
-291
3
378
556
459
295
159
-58
-472
-945
-1350
-1685
-2050
-2479
-2776
-2815
-2697
-2616
-2519
-2256
-1924
-1656
-1435
-1152
-826
-525
-224
104
450
753
953
1071
1148
1207
1239
1234
1218
1225
1270
1317
1336
1329
1311
1282
1257
1280
1365
1471
1567
1704
1871
1998
2063
2132
2282
2429
2470
2381
2238
2099
1880
1595
1375
1357
1345
1005
523
288
275
2
-517
-786
-859
-1149
-1738
-2322
-3000
-3944
-4860
-5776
-6990
-8099
-7968
-6577
-5324
-4789
-4171
-2819
-1402
-689
-399
235
1560
2910
3547
3641
4002
4723
4757
3713
2514
2142
2175
1558
395
-329
-189
-31
-519
-1117
-1072
-510
-167
-84
271
1108
2011
2488
2687
3048
3704
4248
4350
4217
4136
4093
3785
3072
2119
1258
652
35
-817
-1660
-2173
-2603
-3298
-3916
-3911
-3490
-3250
-3171
-2748
-1965
-1278
-883
-566
-164
207
400
424
436
485
390
0
-522
-910
-1205
-1639
-2175
-2532
-2608
-2608
-2652
-2587
-2338
-2069
-1910
-1708
-1308
-847
-519
-301
-5
411
770
964
1065
1194
1294
1286
1265
1308
1323
1205
1076
1062
1098
1080
1012
984
998
1035
1081
1153
1259
1372
1505
1684
1924
2171
2359
2452
2404
2195
1927
1780
1771
1746
1605
1438
1309
1099
773
377
-2
-382
-708
-902
-1035
-1220
-1695
-2575
-3690
-4579
-5226
-6265
-7611
-8134
-7051
-5432
-4657
-4369
-3441
-1840
-787
-577
-223
1048
2725
3604
3659
3791
4510
4954
4206
2898
2203
2280
2041
1058
105
-151
-47
-384
-1020
-1254
-837
-307
-142
-21
518
1412
2077
2284
2440
2939
3685
4170
4198
4025
3955
3899
3426
2475
1494
922
507
-270
-1253
-1931
-2287
-2885
-3686
-3991
-3618
-3167
-3075
-2900
-2269
-1491
-1016
-800
-462
15
350
424
437
574
621
323
-228
-701
-998
-1350
-1827
-2232
-2373
-2381
-2469
-2542
-2436
-2171
-1978
-1826
-1501
-1026
-605
-353
-93
255
561
747
861
1024
1162
1211
1209
1232
1280
1231
1110
1017
1013
1032
990
957
961
993
1009
1037
1119
1235
1386
1538
1706
1888
2067
2195
2224
2198
2141
2070
1999
1899
1702
1415
1184
1038
844
520
179
-107
-366
-589
-773
-1061
-1702
-2678
-3714
-4503
-5185
-6235
-7460
-7877
-6863
-5399
-4695
-4417
-3487
-1912
-863
-562
-79
1220
2764
3562
3689
3923
4605
4917
4141
2924
2302
2319
1971
962
33
-236
-180
-514
-1126
-1365
-972
-462
-289
-123
463
1342
1965
2169
2350
2866
3604
4065
4055
3893
3876
3832
3356
2447
1532
926
454
-284
-1204
-1829
-2053
-2348
-2995
-3618
-3892
-3866
-3567
-2911
-2078
-1434
-977
-556
-238
-84
91
374
568
640
723
731
417
-173
-772
-1288
-1753
-2119
-2316
-2408
-2488
-2557
-2536
-2387
-2190
-2037
-1854
-1492
-963
-451
-62
257
531
713
836
1001
1208
1362
1408
1389
1338
1236
1073
884
742
681
715
837
977
1049
1062
1076
1099
1146
1268
1459
1643
1801
1973
2113
2134
2064
2024
2039
2024
1929
1787
1655
1530
1299
909
490
200
-2
-267
-578
-844
-1061
-1384
-2061
-3077
-4046
-4655
-5386
-6678
-7687
-7205
-5591
-4500
-4331
-3872
-2469
-1075
-649
-557
345
2030
3287
3494
3462
4013
4669
4321
3091
2197
2177
2202
1419
284
-250
-143
-244
-890
-1393
-1171
-567
-254
-206
145
967
1749
2028
2069
2455
3244
3882
4003
3862
3827
3820
3483
2721
1817
1112
631
104
-638
-1390
-1829
-2120
-2802
-3820
-4278
-3676
-2831
-2607
-2558
-1842
-824
-441
-553
-324
310
661
578
594
921
1066
606
-164
-687
-921
-1288
-1903
-2357
-2415
-2400
-2605
-2815
-2728
-2466
-2316
-2181
-1737
-1021
-443
-204
-43
295
675
884
1013
1237
1473
1523
1433
1380
1343
1120
754
548
642
815
851
854
956
1038
969
894
1003
1198
1296
1347
1522
1800
1995
2037
2014
2000
1990
1960
1879
1744
1621
1562
1474
1238
899
575
272
-48
-348
-604
-867
-1144
-1452
-1980
-2818
-3644
-4139
-4626
-5640
-6856
-7203
-6297
-5044
-4399
-4090
-3257
-1888
-847
-461
0
1163
2558
3280
3319
3497
4113
4398
3702
2597
2108
2219
2007
1106
205
-82
-64
-355
-886
-1053
-664
-201
-45
84
612
1404
1944
2084
2230
2758
3507
3971
3953
3783
3760
3687
3191
2359
1591
970
288
-474
-1069
-1424
-1791
-2491
-3451
-4068
-3846
-3161
-2846
-2890
-2529
-1650
-987
-810
-558
-10
358
341
374
706
937
648
-3
-524
-759
-991
-1435
-1912
-2175
-2299
-2456
-2584
-2545
-2389
-2278
-2157
-1819
-1236
-675
-354
-161
111
458
742
950
1151
1320
1389
1385
1395
1404
1294
1035
802
778
909
988
968
970
1004
978
942
1028
1199
1291
1302
1394
1623
1857
1980
2007
2023
2062
2067
1953
1754
1606
1521
1358
1100
879
689
347
-138
-533
-728
-843
-992
-1257
-1768
-2547
-3367
-3980
-4491
-5284
-6374
-7086
-6720
-5550
-4578
-4171
-3639
-2493
-1286
-664
-271
653
2021
3004
3280
3428
3937
4386
4059
3102
2399
2308
2231
1604
720
185
27
-194
-613
-846
-615
-187
40
137
479
1126
1704
1952
2070
2439
3106
3715
3938
3860
3773
3700
3358
2612
1747
1110
663
103
-637
-1288
-1671
-1987
-2523
-3303
-3985
-4075
-3441
-2657
-2360
-2304
-1819
-1053
-714
-743
-447
162
412
268
331
627
519
-156
-825
-1096
-1226
-1536
-1921
-2124
-2181
-2332
-2569
-2619
-2371
-2077
-1907
-1631
-1030
-341
59
192
358
655
945
1144
1330
1530
1653
1619
1496
1391
1293
1117
898
821
938
1071
1081
1050
1060
1038
962
983
1176
1361
1415
1472
1681
1916
1991
1935
1887
1863
1798
1730
1710
1653
1447
1171
969
805
524
140
-192
-469
-789
-1114
-1354
-1638
-2197
-2999
-3749
-4281
-4791
-5620
-6645
-7138
-6569
-5421
-4585
-4120
-3361
-2143
-1083
-527
26
1105
2422
3239
3420
3579
4095
4451
3994
3024
2427
2374
2149
1362
528
172
67
-251
-684
-763
-413
-21
143
283
721
1394
1919
2125
2283
2742
3424
3913
3992
3881
3830
3707
3224
2429
1642
971
239
-597
-1300
-1742
-2100
-2558
-2992
-3174
-3100
-2989
-2939
-2791
-2377
-1807
-1311
-928
-541
-180
5
19
37
119
111
-83
-373
-642
-923
-1291
-1688
-2003
-2218
-2398
-2539
-2572
-2493
-2388
-2284
-2077
-1701
-1244
-815
-413
-9
357
652
907
1143
1314
1390
1430
1499
1559
1512
1364
1212
1112
1031
949
905
932
991
1048
1112
1204
1295
1353
1391
1451
1556
1685
1815
1921
1985
2004
2001
1987
1928
1799
1638
1511
1409
1242
969
635
274
-134
-519
-746
-840
-1036
-1435
-1847
-2179
-2668
-3445
-4186
-4610
-5035
-5839
-6607
-6512
-5513
-4500
-4035
-3630
-2652
-1365
-514
-113
527
1676
2735
3152
3218
3516
3943
3867
3152
2419
2165
2097
1657
886
313
167
133
-92
-338
-280
82
426
591
786
1235
1806
2180
2327
2560
3066
3602
3816
3687
3506
3410
3161
2553
1781
1158
591
-215
-1115
-1662
-1882
-2273
-2899
-3232
-3045
-2797
-2834
-2856
-2520
-2012
-1662
-1376
-922
-419
-177
-196
-188
-53
5
-179
-473
-683
-857
-1139
-1499
-1771
-1939
-2116
-2307
-2371
-2261
-2109
-2013
-1896
-1638
-1255
-870
-525
-162
229
561
791
1001
1230
1389
1418
1430
1505
1546
1451
1300
1218
1176
1093
1014
1035
1121
1160
1164
1221
1337
1417
1428
1433
1477
1533
1575
1616
1658
1670
1656
1680
1767
1845
1786
1577
1339
1169
1005
727
345
-6
-273
-524
-789
-1021
-1217
-1445
-1717
-2010
-2396
-2952
-3534
-3935
-4271
-4900
-5757
-6179
-5688
-4692
-3963
-3579
-2964
-1911
-975
-556
-223
622
1766
2486
2653
2840
3342
3660
3289
2537
2091
2055
1896
1330
739
526
539
372
31
-83
188
539
670
738
1086
1687
2147
2277
2350
2686
3192
3488
3447
3328
3303
3164
2671
1975
1411
936
254
-577
-1141
-1355
-1646
-2227
-2728
-2773
-2584
-2566
-2643
-2455
-1998
-1654
-1533
-1322
-869
-476
-422
-498
-382
-177
-212
-495
-737
-853
-1045
-1393
-1694
-1814
-1892
-2066
-2221
-2198
-2064
-1977
-1926
-1762
-1445
-1095
-783
-457
-87
236
458
658
905
1120
1222
1275
1373
1476
1482
1405
1333
1281
1195
1098
1082
1161
1231
1219
1194
1236
1304
1313
1293
1324
1394
1429
1433
1485
1591
1661
1637
1589
1588
1597
1517
1332
1142
1038
967
800
524
250
12
-274
-647
-994
-1212
-1355
-1517
-1704
-1901
-2189
-2634
-3137
-3527
-3828
-4236
-4806
-5253
-5212
-4660
-3928
-3302
-2720
-2004
-1221
-617
-204
306
1066
1822
2262
2455
2687
2963
2970
2585
2114
1888
1824
1612
1219
907
806
741
550
371
422
664
867
959
1117
1454
1823
2034
2143
2344
2666
2932
3015
2973
2891
2741
2437
1970
1400
798
244
-222
-636
-1085
-1564
-1956
-2182
-2321
-2459
-2560
-2529
-2371
-2172
-1941
-1636
-1294
-1036
-906
-810
-679
-567
-538
-572
-618
-686
-799
-936
-1074
-1242
-1448
-1617
-1683
-1672
-1664
-1668
-1635
-1549
-1427
-1274
-1083
-852
-597
-326
-35
254
512
724
903
1055
1189
1319
1444
1526
1546
1524
1486
1432
1367
1308
1265
1225
1184
1161
1136
1077
1003
969
975
969
969
1037
1157
1230
1230
1243
1288
1275
1184
1121
1135
1120
1002
857
767
668
480
249
43
-144
-367
-633
-932
-1217
-1429
-1565
-1679
-1797
-1911
-2092
-2438
-2859
-3139
-3302
-3602
-4090
-4440
-4367
-3948
-3420
-2876
-2283
-1657
-1075
-598
-195
247
825
1456
1947
2255
2499
2727
2801
2631
2349
2148
2047
1910
1663
1394
1210
1093
944
779
733
844
987
1071
1173
1386
1641
1797
1853
1943
2145
2358
2446
2412
2351
2242
1952
1459
951
562
198
-271
-772
-1166
-1454
-1723
-1984
-2196
-2361
-2465
-2465
-2364
-2205
-2005
-1773
-1560
-1409
-1264
-1079
-900
-793
-730
-636
-533
-510
-590
-711
-824
-938
-1049
-1126
-1153
-1172
-1227
-1294
-1317
-1270
-1180
-1064
-909
-701
-449
-187
55
276
489
686
859
1025
1201
1361
1461
1509
1530
1527
1478
1397
1322
1261
1195
1131
1092
1063
1017
956
919
910
907
900
906
937
955
939
932
969
1021
1028
994
973
950
839
615
367
189
64
-53
-146
-199
-256
-372
-528
-691
-883
-1091
-1241
-1303
-1353
-1459
-1595
-1745
-1968
-2296
-2636
-2895
-3096
-3297
-3484
-3557
-3432
-3095
-2607
-2077
-1574
-1092
-607
-127
323
765
1233
1703
2093
2340
2483
2595
2650
2554
2307
2050
1893
1760
1535
1252
1058
976
906
804
754
807
894
936
984
1133
1358
1540
1635
1722
1872
2012
2029
1906
1724
1508
1194
762
331
-6
-306
-668
-1030
-1267
-1424
-1674
-2028
-2275
-2289
-2206
-2155
-2048
-1769
-1449
-1283
-1218
-1072
-856
-736
-725
-661
-505
-412
-458
-533
-565
-636
-791
-923
-956
-956
-1014
-1077
-1057
-983
-930
-886
-776
-590
-394
-226
-58
133
318
464
590
731
883
1007
1079
1123
1172
1194
1155
1075
1019
1000
967
896
834
803
762
678
598
567
563
553
555
615
704
760
775
777
764
727
688
673
680
673
640
575
471
336
204
94
-14
-119
-199
-254
-318
-400
-452
-469
-514
-594
-643
-650
-695
-795
-888
-992
-1190
-1442
-1616
-1714
-1846
-1984
-2027
-2111
-2472
-2920
-2906
-2307
-1662
-1387
-1194
-669
-41
234
255
553
1223
1762
1843
1799
2061
2446
2419
1961
1625
1705
1789
1468
1002
855
938
806
443
268
426
567
462
351
515
823
945
827
756
936
1210
1289
1167
1096
1156
1092
747
372
172
-82
-641
-1176
-1213
-953
-1001
-1397
-1618
-1508
-1458
-1600
-1557
-1182
-854
-813
-772
-499
-238
-277
-446
-416
-217
-115
-167
-208
-197
-275
-465
-596
-575
-529
-581
-645
-593
-484
-458
-518
-538
-459
-345
-242
-114
44
157
165
142
191
307
374
352
337
399
468
453
388
352
329
282
275
378
519
570
529
499
501
471
409
388
419
431
397
391
433
462
431
382
384
418
423
389
341
305
275
215
137
83
65
28
-48
-92
-75
-81
-167
-251
-250
-206
-185
-163
-127
-139
-216
-298
-345
-394
-460
-508
-515
-518
-533
-538
-545
-583
-648
-681
-692
-758
-880
-946
-870
-725
-622
-538
-386
-211
-119
-85
11
194
346
403
448
558
678
707
658
634
677
702
648
570
545
546
503
445
457
528
564
541
539
597
645
628
591
603
643
649
616
595
583
542
459
370
292
211
114
14
-64
-119
-168
-233
-305
-361
-405
-448
-476
-481
-483
-500
-532
-560
-590
-628
-666
-693
-711
-742
-772
-761
-718
-686
-682
-677
-654
-634
-624
-600
-558
-532
-533
-522
-477
-428
-410
-412
-395
-355
-303
-250
-198
-146
-99
-47
12
84
161
223
264
298
359
436
489
516
551
619
690
732
741
750
772
786
777
770
774
776
750
714
693
673
634
592
589
616
618
579
538
499
425
322
250
219
155
39
-70
-141
-235
-374
-488
-529
-552
-611
-689
-784
-954
-1193
-1353
-1316
-1167
-1070
-1030
-947
-820
-737
-695
-583
-361
-140
4
118
271
427
492
466
450
485
509
472
408
366
322
243
167
154
186
201
189
215
295
371
398
413
466
541
590
618
665
715
707
633
551
496
434
343
257
217
189
121
20
-69
-131
-195
-260
-289
-278
-267
-295
-332
-340
-329
-338
-362
-373
-371
-378
-404
-438
-474
-518
-564
-597
-619
-634
-658
-691
-727
-750
-749
-723
-687
-647
-603
-556
-495
-424
-351
-285
-224
-166
-106
-41
18
67
106
141
182
223
252
271
284
303
334
380
431
476
504
525
541
553
563
574
590
602
609
616
623
625
616
600
583
560
545
551
567
555
516
481
467
433
364
292
253
226
163
77
21
-5
-52
-142
-213
-234
-240
-287
-362
-413
-441
-485
-552
-604
-631
-666
-727
-785
-814
-819
-823
-830
-818
-779
-724
-660
-590
-512
-430
-345
-253
-158
-79
-12
52
115
168
206
242
281
305
312
322
351
384
396
392
402
431
453
456
456
474
498
503
495
499
516
521
508
495
497
495
470
429
400
381
350
297
242
200
161
107
51
8
-35
-84
-142
-189
-222
-261
-315
-363
-398
-440
-490
-541
-575
-602
-630
-657
-667
-662
-665
-677
-673
-639
-601
-578
-555
-509
-455
-420
-396
-354
-295
-251
-233
-206
-154
-108
-96
-89
-47
10
41
50
87
154
202
219
248
319
386
411
428
477
540
564
561
571
601
611
581
546
528
506
461
401
341
291
247
197
143
98
73
66
58
42
38
59
86
91
79
81
95
85
36
-25
-66
-111
-187
-285
-361
-407
-455
-516
-557
-557
-530
-508
-481
-417
-322
-225
-145
-58
45
146
219
273
327
377
402
396
389
386
366
323
278
250
221
179
139
119
111
96
77
76
89
100
100
107
123
136
136
127
121
115
97
68
40
9
-23
-62
-103
-140
-174
-205
-237
-264
-283
-298
-310
-322
-329
-333
-336
-340
-344
-346
-349
-352
-355
-354
-353
-352
-348
-341
-330
-319
-307
-287
-266
-249
-234
-220
-203
-189
-181
-172
-157
-140
-125
-110
-92
-64
-29
5
40
86
136
188
233
279
327
370
399
423
445
463
473
477
479
483
483
478
473
469
464
452
435
413
390
363
326
285
243
204
163
117
75
43
11
-21
-43
-61
-75
-86
-91
-94
-98
-101
-103
-107
-118
-135
-156
-179
-208
-241
-280
-322
-362
-402
-440
-472
-489
-494
-492
-475
-443
-400
-348
-288
-218
-145
-69
3
75
141
198
247
286
313
331
338
338
331
317
300
277
258
241
223
209
200
195
193
194
196
199
205
209
211
215
218
216
211
200
190
174
151
125
97
64
25
-14
-55
-100
-147
-193
-239
-285
-328
-365
-398
-428
-451
-470
-480
-486
-484
-477
-464
-444
-420
-393
-363
-330
-298
-269
-241
-220
-201
-183
-170
-159
-151
-144
-137
-132
-123
-111
-95
-74
-53
-26
3
34
68
101
135
174
210
247
280
309
336
355
373
390
408
426
443
459
474
486
495
498
498
495
493
485
463
438
405
362
311
264
227
189
151
113
74
36
-5
-46
-75
-96
-111
-133
-156
-174
-196
-225
-255
-273
-283
-298
-328
-348
-360
-380
-411
-434
-440
-449
-462
-471
-471
-470
-474
-475
-465
-446
-420
-393
-356
-311
-262
-212
-159
-98
-29
37
103
168
232
286
327
362
396
420
432
443
452
454
450
443
435
427
422
417
415
419
422
424
426
425
421
412
398
379
357
328
292
249
201
150
90
30
-37
-99
-161
-221
-274
-325
-371
-408
-439
-465
-482
-493
-497
-494
-489
-481
-473
-464
-454
-443
-431
-418
-407
-391
-378
-366
-352
-341
-330
-315
-301
-285
-267
-249
-232
-213
-193
-172
-146
-121
-88
-50
-12
28
70
111
155
199
244
291
332
373
409
434
454
471
486
495
501
502
497
488
478
470
461
452
442
432
419
409
398
383
366
345
322
294
262
231
197
161
123
85
45
5
-36
-78
-116
-152
-191
-229
-265
-298
-330
-360
-387
-409
-427
-445
-460
-473
-482
-489
-495
-502
-499
-498
-493
-489
-482
-470
-453
-434
-411
-385
-356
-318
-281
-240
-193
-140
-88
-37
15
67
118
167
215
259
304
346
384
416
447
477
503
524
543
559
572
580
582
582
578
570
554
536
514
487
455
420
382
340
293
244
197
149
100
52
4
-41
-84
-124
-164
-201
-234
-266
-295
-325
-349
-374
-397
-417
-439
-455
-473
-487
-499
-509
-518
-523
-524
-524
-519
-512
-502
-489
-475
-456
-434
-412
-385
-355
-323
-287
-248
-208
-168
-128
-88
-47
-7
34
77
116
157
195
231
265
295
324
350
375
397
416
434
449
459
469
473
476
475
469
464
454
442
430
414
393
372
349
328
304
284
263
240
213
189
164
137
113
91
72
52
35
12
-12
-35
-61
-84
-104
-125
-146
-168
-192
-219
-244
-268
-291
-314
-330
-346
-362
-380
-395
-407
-421
-429
-432
-430
-429
-421
-407
-398
-389
-377
-360
-338
-309
-274
-237
-201
-166
-132
-104
-75
-39
2
43
85
126
162
186
209
231
251
274
299
323
344
358
370
375
379
385
394
402
405
407
405
394
378
362
346
328
314
300
282
260
234
205
172
140
112
85
60
38
15
-13
-42
-69
-99
-128
-154
-177
-199
-223
-244
-264
-284
-303
-320
-337
-351
-364
-373
-381
-385
-387
-387
-384
-381
-373
-365
-354
-342
-329
-313
-296
-278
-256
-232
-206
-182
-155
-129
-102
-78
-53
-28
-5
23
49
77
103
129
151
173
191
205
221
235
252
268
283
297
310
321
328
335
341
346
351
355
356
357
354
349
344
336
326
313
299
285
265
247
233
217
200
182
161
138
112
84
57
29
2
-26
-55
-88
-121
-153
-183
-210
-233
-257
-279
-303
-323
-340
-352
-360
-369
-376
-384
-391
-388
-382
-374
-366
-361
-356
-353
-348
-334
-315
-294
-276
-260
-245
-228
-204
-180
-154
-128
-99
-70
-37
1
37
73
104
128
155
182
213
247
281
311
335
352
367
378
385
394
402
414
421
426
424
419
408
393
378
365
353
342
327
306
282
250
215
181
145
113
83
54
25
-6
-42
-80
-121
-160
-194
-220
-239
-255
-270
-288
-308
-332
-354
-374
-388
-393
-390
-380
-369
-363
-362
-370
-381
-391
-390
-378
-358
-327
-298
-275
-262
-255
-255
-252
-238
-211
-171
-122
-76
-39
-14
-4
-3
6
28
67
123
186
241
281
300
299
290
283
292
323
372
426
470
495
489
460
419
387
367
370
390
417
426
414
375
317
252
198
166
162
173
192
200
186
149
93
28
-30
-69
-91
-100
-106
-122
-153
-203
-256
-308
-347
-363
-358
-339
-316
-298
-299
-315
-345
-377
-402
-410
-403
-382
-359
-343
-338
-343
-358
-367
-361
-336
-292
-234
-172
-119
-86
-66
-61
-59
-52
-33
-1
40
82
111
126
128
124
126
138
166
210
260
307
341
356
355
348
340
338
347
361
373
373
355
323
282
243
214
201
199
205
210
205
187
162
133
106
88
79
74
69
58
35
3
-39
-82
-118
-145
-160
-171
-180
-191
-211
-236
-264
-289
-303
-305
-300
-289
-278
-271
-272
-278
-283
-285
-278
-264
-241
-215
-192
-170
-156
-148
-142
-134
-120
-97
-70
-37
-6
23
42
53
60
64
73
85
102
120
132
139
140
134
131
133
142
159
174
191
202
202
199
187
177
172
171
174
173
169
161
143
121
98
76
64
56
54
54
50
39
20
-3
-27
-45
-56
-57
-51
-44
-39
-44
-55
-72
-91
-107
-110
-109
-103
-97
-97
-102
-112
-123
-129
-130
-121
-103
-86
-71
-59
-50
-44
-38
-30
-17
-6
5
14
22
25
27
29
32
37
44
48
52
52
49
46
41
40
41
42
43
41
37
32
22
16
13
11
11
12
12
13
8
3
-3
-9
-10
-10
-9
-9
-9
-12
-15
-21
-25
-24
-22
-17
-11
-4
-2
2
2
-1
-1
-3
-2
1
4
5
5
3
-1
-7
-10
-13
-13
-11
-9
-5
-3
-5
-8
-11
-15
-14
-12
-6
-2
5
11
13
13
10
12
13
17
20
25
26
26
24
21
18
16
15
13
13
12
13
11
8
4
1
-1
-4
-6
-9
-10
-12
-14
-17
-19
-23
-26
-27
-29
-31
-31
-33
-34
-34
-34
-35
-35
-34
-33
-30
-29
-28
-24
-25
-19
-17
-12
-8
-3
3
10
14
19
25
29
35
38
39
41
41
41
44
42
43
43
44
48
50
54
55
57
56
57
53
49
46
37
29
18
8
-2
-12
-21
-28
-33
-38
-36
-36
-33
-30
-26
-23
-22
-20
-22
-23
-26
-30
-37
-43
-49
-55
-60
-63
-63
-61
-59
-52
-45
-36
-27
-17
-9
-2
6
11
13
18
19
19
17
13
12
11
11
10
10
11
14
18
21
27
33
38
44
47
52
53
55
54
51
47
44
40
35
31
27
24
20
20
16
17
16
18
20
23
24
24
21
18
13
8
3
-5
-11
-18
-28
-35
-42
-48
-54
-58
-59
-59
-58
-59
-58
-56
-58
-60
-62
-65
-67
-69
-71
-73
-75
-74
-71
-70
-66
-60
-53
-45
-37
-29
-23
-17
-12
-6
-1
3
7
13
16
19
24
28
34
41
47
52
59
64
69
74
77
78
81
82
81
81
81
81
78
77
76
73
69
64
59
53
47
42
37
32
31
29
24
22
16
12
7
1
-2
-7
-13
-17
-21
-26
-30
-35
-40
-43
-49
-52
-54
-56
-60
-61
-63
-62
-63
-63
-64
-63
-62
-61
-59
-55
-49
-48
-44
-40
-38
-33
-27
-21
-16
-13
-8
-4
0
2
6
8
10
13
15
16
20
22
24
25
25
29
30
32
34
35
34
33
35
34
33
30
27
25
25
23
20
16
13
11
7
4
1
0
1
-2
-3
-2
-3
-6
-8
-6
-6
-5
-6
-7
-7
-6
-5
-9
-9
-12
-12
-13
-13
-14
-15
-16
-17
-19
-20
-20
-21
-19
-18
-18
-17
-17
-17
-16
-14
-13
-10
-9
-7
-6
-6
-3
-1
0
1
2
5
9
11
14
16
16
18
20
22
23
25
27
28
29
29
28
28
26
25
24
23
20
18
15
13
9
7
7
4
2
1
-1
-2
-3
-5
-4
-5
-7
-7
-8
-9
-14
-14
-15
-15
-17
-17
-16
-19
-19
-19
-19
-19
-18
-14
-12
-10
-7
-4
-2
0
1
1
2
3
4
4
6
6
6
6
6
7
9
10
10
10
13
13
12
12
12
14
12
11
9
5
3
0
-4
-8
-10
-11
-13
-12
-11
-10
-8
-5
-4
-4
-3
0
-1
-2
-2
-3
-5
-6
-9
-11
-10
-12
-11
-11
-11
-9
-8
-8
-6
-4
-3
-1
-1
0
1
2
3
4
4
5
4
6
7
8
9
8
8
9
8
9
9
7
9
9
11
11
11
11
9
7
5
4
5
4
4
4
3
2
2
0
0
0
0
0
0
-1
0
-3
-3
-3
-4
