0
-1
-3
-1
-2
-2
-1
1
0
0
1
1
2
0
-1
-1
0
1
-1
-1
1
1
0
-1
1
1
0
1
2
1
2
2
2
4
3
1
1
2
3
2
2
1
1
1
1
1
0
1
2
0
0
0
-1
-1
-1
-1
-2
-2
-3
-2
-2
-2
-2
-2
-1
-1
-2
-2
-3
-2
-2
0
0
-1
0
-1
-2
0
-1
1
-2
-1
0
0
1
0
1
0
0
-1
-1
-1
0
1
1
2
1
1
1
1
2
2
4
2
2
2
2
1
1
1
0
0
-2
-1
0
-1
0
-1
1
1
2
1
-1
0
-1
1
0
0
-1
-1
-1
-2
-1
-1
-1
-1
-1
-2
-3
-1
-1
-1
1
1
0
1
0
0
1
-1
1
1
1
1
0
2
1
0
0
-1
0
0
0
1
1
1
0
0
2
1
4
3
3
3
2
1
2
2
0
-1
0
0
-1
-2
-1
1
0
0
-1
-1
-1
-1
-2
-3
-2
-2
-2
-2
-1
-1
-2
-3
-3
-3
-5
-3
-2
-3
-1
0
-3
0
0
-1
2
1
0
-1
0
-1
-1
0
0
-1
0
1
2
3
2
3
4
3
3
5
4
2
5
5
5
5
4
4
2
1
1
0
1
2
2
2
3
1
0
-1
1
0
-2
-2
-3
-1
-1
-1
-3
-2
-2
-3
-4
-4
-3
-4
-2
-2
1
-1
-1
0
0
0
-1
-2
-2
-4
-4
-4
-2
-2
-1
-1
-2
-2
-2
-2
-2
-1
-2
0
0
2
3
2
3
3
3
3
2
3
4
4
4
3
3
3
2
1
1
3
1
1
0
1
2
1
1
2
0
1
0
1
0
-1
1
-1
0
0
-1
0
1
0
-2
-1
-1
1
1
1
1
0
0
0
0
-1
0
1
0
1
0
-1
-2
-1
0
-1
0
0
-1
-1
1
1
0
1
0
1
0
0
0
0
-2
-2
-2
-2
-4
-4
-3
-4
-3
-3
-4
-2
-1
0
0
2
1
0
1
1
1
1
1
2
1
2
1
3
3
2
3
3
1
1
1
0
-1
0
1
2
3
2
2
2
3
2
1
2
2
2
2
2
2
1
0
1
1
-1
0
-1
-1
-1
-1
0
0
0
-1
-2
-4
-5
-4
-2
-2
0
-1
0
-2
-3
-2
-3
-3
-2
-2
-2
-2
-1
-2
-1
1
-1
0
0
-1
-1
0
0
1
0
-2
-1
-2
-1
1
0
2
1
3
2
1
3
3
3
2
3
3
4
4
3
2
2
1
1
1
1
1
-1
0
0
0
0
0
1
0
0
-1
-3
-4
-1
-1
-2
-3
-2
-2
-2
-1
-2
-1
0
0
0
-1
-2
-2
-2
-1
-1
0
-2
-2
0
0
0
0
0
1
2
1
1
1
0
-1
1
1
3
1
2
3
2
2
1
0
0
1
1
2
2
2
1
2
3
2
2
2
2
1
1
0
0
-1
-1
0
0
-2
-2
-2
-2
-1
-2
0
-1
-3
-3
-2
-4
-2
-2
-1
-1
-2
-3
-2
-1
-1
-1
-1
-2
0
0
1
0
1
0
1
1
1
1
1
2
3
3
3
2
2
1
1
1
0
1
-1
-2
-3
-3
-2
-3
-3
-4
-4
-2
-2
-2
-1
0
0
1
2
0
0
0
0
1
3
2
2
2
2
1
2
1
1
0
2
1
0
1
1
1
0
0
-1
1
1
0
1
1
2
0
0
-2
-2
-1
-1
-1
0
1
1
2
1
1
2
-1
0
0
-1
-1
-2
-2
-1
-1
-2
-1
0
-1
-2
-1
2
3
2
2
7
10
9
9
10
9
8
3
-1
1
-3
-13
-16
-9
-2
-7
-16
-12
-7
-19
-21
-9
-8
-12
-6
-1
2
9
11
9
8
4
2
0
-3
-1
9
13
8
3
1
7
10
8
5
-3
-14
-15
-4
-1
-5
-5
7
12
5
2
13
20
21
24
24
17
21
31
25
11
10
16
25
49
64
45
26
21
11
15
8
-20
-32
-43
-40
-90
-599
-1505
-1716
-829
-109
-241
-93
845
1387
965
637
1003
1269
960
712
871
851
437
159
170
24
-313
-432
-491
-1133
-2129
-2416
-1892
-1502
-1375
-768
216
800
884
920
1042
1048
892
842
953
891
671
619
491
4
-406
-483
-553
-554
-274
-18
54
124
113
-20
-70
-141
-274
-91
273
262
165
481
672
304
20
109
-55
-439
-383
-108
-239
-545
-489
-247
-382
-863
-911
-457
-709
-1850
-2173
-1198
-503
-486
-119
449
504
436
718
1078
1205
1154
1288
1728
1789
1271
993
962
463
-41
40
26
-279
-258
-371
-1157
-1631
-1265
-1020
-1292
-1399
-1133
-823
-542
-209
142
327
321
470
884
1164
1272
1519
1698
1589
1518
1522
1323
1079
892
538
168
47
-39
-230
-384
-554
-839
-1064
-1121
-1110
-1127
-1169
-1154
-1063
-1010
-970
-821
-674
-656
-633
-484
-298
-127
57
237
344
346
311
332
393
418
394
358
325
303
281
236
156
46
-77
-174
-223
-230
-229
-247
-267
-277
-289
-276
-217
-155
-131
-103
-30
68
182
294
372
412
429
437
464
530
586
584
545
540
562
522
436
416
419
317
206
213
244
195
114
69
33
-41
-105
-93
-68
-108
-143
-104
-51
-53
-78
-87
-94
-128
-157
-119
-61
-57
-67
-45
-35
-59
-84
-95
-120
-166
-214
-227
-219
-220
-231
-273
-336
-361
-333
-320
-316
-264
-208
-210
-199
-131
-117
-164
-134
-55
-35
49
244
245
-39
-254
-246
-263
-389
-394
-256
-232
-353
-380
-275
-286
-474
-637
-681
-700
-688
-559
-383
-307
-340
-360
-298
-200
-134
-88
-12
86
166
228
289
336
320
207
83
89
196
269
347
516
679
736
768
875
1004
1071
1101
1190
1361
1514
1595
1644
1653
1566
1427
1345
1318
1274
1191
1093
993
893
781
652
507
341
154
-22
-148
-238
-351
-509
-651
-747
-856
-984
-1053
-1062
-1089
-1143
-1166
-1137
-1109
-1111
-1098
-1030
-978
-967
-898
-722
-541
-419
-265
-36
143
176
134
89
10
-99
-135
-34
148
261
149
-131
-359
-530
-849
-1229
-1330
-1216
-1352
-1710
-1754
-1520
-1651
-2120
-2208
-1910
-1958
-2368
-2432
-2150
-2184
-2516
-2531
-2420
-3028
-4174
-4454
-3265
-1784
-1089
-650
387
1553
2019
2248
3185
4514
5193
5277
5772
6924
7923
8225
8103
7833
7282
6473
5799
5429
5070
4441
3573
2591
1557
570
-234
-929
-1778
-2756
-3413
-3502
-3348
-3297
-3236
-3021
-2892
-3027
-3040
-2492
-1648
-1071
-777
-408
59
357
294
-244
-1158
-2055
-2640
-2914
-2825
-2436
-2257
-2553
-2790
-2642
-2617
-2853
-2697
-2088
-1747
-1623
-979
-51
223
-88
-204
-106
-176
-106
457
1061
1246
1269
1361
1342
1223
1225
1246
1123
1091
1291
1449
1405
1310
1122
651
112
-86
47
202
319
510
674
717
759
897
1049
1178
1340
1536
1771
2079
2343
2364
2141
1862
1665
1536
1444
1395
1324
1077
689
365
52
-461
-1093
-1608
-2148
-3007
-3973
-4557
-4740
-4998
-5536
-6229
-7493
-9642
-11379
-10739
-8191
-6387
-6109
-5403
-3239
-1204
-365
584
2664
4716
5478
5819
7311
9768
11602
11841
11018
10110
9417
8632
7666
6874
6208
5090
3362
1643
415
-546
-1539
-2633
-3864
-4985
-5283
-4484
-3441
-2971
-2760
-2214
-1572
-1223
-660
678
2166
2816
2768
2969
3640
4069
3829
3195
2492
1682
734
-97
-623
-1038
-1909
-3639
-5819
-7443
-7999
-7988
-7937
-7659
-7015
-6382
-5920
-5163
-4002
-3046
-2537
-1996
-980
391
1818
3034
3659
3623
3292
2985
2753
2621
2621
2453
1948
1475
1286
1092
552
-130
-674
-1104
-1286
-1002
-385
75
169
164
242
439
719
1045
1418
1776
2116
2408
2709
3011
3053
2780
2419
2251
2224
2150
2055
1920
1730
1510
1312
1163
944
593
121
-210
-156
6
-22
-212
-332
-489
-783
-807
-552
-473
-728
-817
-493
-307
-374
-432
-444
-648
-1290
-2346
-3839
-5217
-6503
-8694
-11375
-12230
-10083
-7792
-7782
-8237
-6704
-4201
-3224
-2946
-1260
1537
3695
4765
6100
8273
10557
11668
11105
9998
9460
9347
8596
7212
6079
5168
3899
2217
675
-660
-1898
-2821
-3540
-4298
-4643
-3851
-2542
-1988
-1983
-1268
230
1332
1765
2430
3678
4702
4943
4858
5020
5235
4888
3889
2785
1999
1270
167
-1334
-3029
-4682
-5947
-6628
-7274
-8281
-8835
-8102
-6871
-6398
-6104
-4888
-3425
-2943
-2819
-1647
96
1072
1429
2129
3022
3193
2655
2127
1854
1544
995
465
251
201
-108
-754
-1276
-1454
-1612
-1907
-1969
-1503
-830
-386
-109
258
705
970
1061
1295
1763
2205
2421
2620
2938
3126
2976
2635
2402
2286
2152
1975
1822
1737
1626
1423
1146
913
802
709
589
596
871
1159
1159
1083
1189
1229
871
436
356
503
647
779
856
652
260
-143
-689
-1331
-1933
-2638
-3764
-4859
-5367
-5791
-6964
-9104
-11380
-12641
-11985
-9956
-8296
-7332
-5873
-3475
-1576
-691
679
3138
5395
6329
6881
8222
10047
11306
11212
10043
8545
7301
6151
4727
3384
2395
1418
14
-1429
-2263
-2590
-2793
-3050
-3295
-3287
-2574
-1050
530
1536
2233
3110
3960
4442
4867
5559
6144
6031
5311
4582
4152
3714
2769
1305
-217
-1466
-2582
-3687
-4588
-5204
-5750
-6481
-7420
-8269
-8392
-7455
-6150
-5409
-4990
-4037
-2752
-1955
-1437
-456
656
1080
1123
1587
2207
2174
1480
687
-8
-637
-1077
-1302
-1482
-1691
-1898
-2099
-2188
-2018
-1722
-1534
-1334
-821
-24
774
1438
1945
2246
2364
2478
2725
3028
3238
3270
3187
3081
2949
2739
2453
2125
1715
1281
1062
1152
1293
1203
987
865
836
816
876
1087
1241
1209
1254
1677
2229
2446
2374
2282
2134
1862
1770
1872
1539
685
119
138
-48
-671
-995
-1057
-1777
-3088
-3970
-4378
-5051
-5873
-6314
-6775
-8005
-9986
-11957
-12767
-11541
-9126
-7524
-6881
-5337
-2546
-470
260
1361
3457
5094
5596
6211
7687
9192
9793
9285
8036
6656
5690
4897
3674
2199
1091
472
-43
-517
-759
-809
-772
-733
-694
-401
610
2150
3247
3546
3841
4735
5623
5833
5652
5575
5449
4884
4012
3239
2663
1935
698
-863
-2183
-3018
-3740
-4621
-5449
-5951
-6155
-6188
-6009
-5582
-4961
-4540
-4760
-5180
-4665
-3156
-2136
-2155
-1952
-912
-227
-478
-524
13
-47
-1030
-1630
-1281
-973
-1251
-1610
-1754
-1923
-2048
-1934
-1760
-1646
-1409
-1021
-606
19
907
1555
1692
1799
2255
2737
2970
3178
3473
3596
3481
3462
3600
3545
3118
2593
2244
1989
1698
1437
1279
1099
846
730
891
1137
1205
1123
1145
1403
1767
2018
2108
2165
2245
2267
2230
2254
2243
1910
1247
702
545
401
-137
-776
-958
-849
-1130
-1939
-2753
-3291
-3868
-4677
-5457
-5954
-6274
-6757
-7871
-9903
-12037
-12569
-10929
-8731
-7589
-6839
-4968
-2263
-341
426
1248
2825
4440
5275
5688
6626
8191
9222
8659
7083
5982
5646
4935
3323
1784
1201
1206
1051
702
529
604
667
488
233
446
1388
2527
3156
3409
3973
4942
5634
5613
5258
5054
4888
4409
3693
3075
2568
1852
761
-490
-1589
-2450
-3263
-4179
-5056
-5610
-5826
-5944
-6027
-5833
-5262
-4622
-4172
-3760
-3174
-2565
-2205
-1982
-1608
-1165
-1009
-1185
-1375
-1445
-1586
-1896
-2223
-2435
-2591
-2729
-2770
-2671
-2502
-2335
-2146
-1896
-1566
-1154
-678
-197
250
704
1205
1707
2114
2410
2631
2814
2968
3094
3191
3241
3238
3180
3105
3034
2914
2707
2480
2315
2203
2108
2064
2054
1991
1886
1853
1909
1944
1914
1902
1995
2153
2254
2220
2111
2048
2037
1927
1613
1207
933
831
656
246
-197
-476
-735
-1102
-1407
-1612
-2024
-2677
-3140
-3308
-3679
-4490
-5284
-5691
-6140
-7482
-9901
-12172
-12469
-10552
-8456
-7869
-7661
-5768
-2678
-863
-952
-898
787
3018
4102
4223
4930
6778
8412
8253
6713
5727
5984
5905
4214
2176
1799
2815
3225
2326
1439
1607
2099
1733
697
249
984
2088
2531
2502
3049
4359
5349
5247
4683
4586
4788
4537
3812
3241
3028
2737
2019
1004
-10
-933
-1891
-2960
-3940
-4511
-4675
-4770
-4949
-4989
-4790
-4635
-4730
-4875
-4781
-4467
-4114
-3751
-3295
-2755
-2258
-1977
-2007
-2238
-2417
-2445
-2478
-2600
-2625
-2401
-2090
-1912
-1859
-1823
-1794
-1758
-1633
-1400
-1104
-714
-180
389
868
1260
1613
1885
2051
2198
2428
2719
2994
3214
3392
3548
3685
3751
3675
3482
3302
3213
3164
3092
3015
2916
2723
2430
2157
1974
1821
1653
1511
1437
1413
1420
1438
1414
1301
1127
928
720
517
360
237
93
-64
-195
-337
-554
-818
-1027
-1152
-1278
-1472
-1702
-1943
-2249
-2690
-3250
-3846
-4439
-5129
-6151
-7539
-8757
-9016
-8208
-7105
-6411
-5917
-5005
-3671
-2533
-1951
-1556
-779
392
1400
1865
2141
2858
3984
4772
4763
4383
4268
4392
4295
3920
3661
3722
3871
3891
3863
3869
3778
3420
2860
2347
2052
1919
1785
1598
1501
1640
1959
2262
2404
2369
2201
1965
1733
1575
1499
1411
1176
791
424
220
92
-158
-555
-929
-1166
-1323
-1471
-1613
-1750
-1954
-2263
-2588
-2814
-2944
-3087
-3321
-3574
-3697
-3645
-3532
-3473
-3446
-3372
-3252
-3144
-3070
-2999
-2914
-2826
-2721
-2554
-2305
-2032
-1815
-1633
-1358
-959
-553
-238
22
276
521
753
978
1156
1241
1270
1312
1380
1459
1570
1711
1838
1953
2140
2414
2641
2722
2721
2749
2823
2872
2855
2790
2723
2688
2679
2685
2687
2650
2548
2414
2296
2224
2170
2077
1900
1673
1479
1331
1163
945
728
540
369
219
117
43
-42
-141
-250
-397
-587
-785
-992
-1265
-1607
-1974
-2353
-2829
-3533
-4524
-5625
-6374
-6411
-5955
-5685
-5966
-6422
-6481
-6046
-5389
-4715
-4144
-3857
-3868
-3749
-3055
-1944
-1032
-674
-604
-328
360
1249
1988
2447
2799
3232
3762
4318
4846
5176
5119
4797
4593
4673
4793
4691
4380
4055
3922
4064
4323
4395
4188
3909
3709
3540
3385
3299
3168
2771
2201
1830
1795
1819
1643
1321
1027
819
653
464
192
-153
-509
-870
-1281
-1697
-2059
-2424
-2867
-3284
-3543
-3730
-4012
-4348
-4570
-4657
-4697
-4734
-4756
-4800
-4898
-4985
-4948
-4765
-4510
-4268
-4056
-3788
-3375
-2864
-2397
-2039
-1715
-1374
-1038
-705
-342
-10
187
299
476
740
976
1145
1314
1532
1790
2100
2454
2759
2938
3038
3165
3318
3417
3441
3454
3492
3541
3607
3704
3796
3824
3795
3785
3810
3794
3676
3488
3306
3139
2944
2697
2429
2165
1888
1599
1320
1092
899
689
453
227
-4
-305
-692
-1104
-1497
-1908
-2391
-2956
-3640
-4579
-5772
-6806
-7131
-6741
-6304
-6405
-6868
-7088
-6772
-6116
-5406
-4810
-4452
-4357
-4258
-3766
-2816
-1843
-1343
-1286
-1124
-467
467
1202
1616
1969
2451
3021
3600
4123
4446
4434
4208
4061
4144
4323
4357
4140
3808
3657
3860
4235
4425
4305
4068
3902
3793
3696
3629
3539
3284
2857
2484
2344
2337
2227
1930
1586
1372
1291
1173
881
473
86
-261
-617
-977
-1343
-1817
-2422
-2931
-3146
-3213
-3431
-3836
-4230
-4478
-4612
-4668
-4671
-4716
-4881
-5088
-5155
-5009
-4739
-4481
-4288
-4083
-3754
-3304
-2854
-2484
-2167
-1863
-1559
-1226
-842
-471
-221
-68
127
417
710
927
1106
1321
1600
1929
2275
2562
2727
2810
2901
3030
3133
3193
3230
3258
3291
3375
3530
3675
3708
3656
3632
3673
3695
3623
3483
3349
3243
3160
3065
2898
2613
2251
1934
1740
1604
1398
1089
765
510
331
181
-28
-387
-889
-1408
-1830
-2187
-2619
-3245
-4115
-5189
-6217
-6763
-6602
-6132
-6034
-6471
-6896
-6766
-6158
-5477
-4941
-4573
-4401
-4338
-4064
-3328
-2385
-1762
-1625
-1568
-1097
-220
612
1110
1432
1855
2435
3062
3658
4117
4272
4135
3978
4051
4280
4430
4354
4097
3861
3891
4202
4466
4404
4127
3906
3795
3686
3573
3487
3302
2922
2513
2307
2280
2223
2018
1747
1544
1462
1410
1248
929
558
225
-99
-469
-871
-1292
-1756
-2222
-2580
-2820
-3080
-3454
-3853
-4143
-4312
-4435
-4564
-4719
-4882
-4995
-5027
-5004
-4957
-4870
-4720
-4510
-4213
-3801
-3346
-2974
-2681
-2348
-1940
-1557
-1252
-981
-712
-454
-186
132
456
692
843
1035
1333
1675
1975
2223
2438
2614
2765
2922
3078
3176
3211
3247
3334
3462
3608
3748
3853
3895
3901
3914
3917
3868
3759
3640
3548
3464
3339
3140
2894
2650
2402
2120
1822
1561
1328
1079
831
631
430
136
-251
-654
-1046
-1463
-1899
-2337
-2823
-3435
-4223
-5161
-6073
-6595
-6500
-6110
-6046
-6454
-6826
-6702
-6181
-5610
-5130
-4763
-4577
-4485
-4192
-3517
-2669
-2053
-1824
-1709
-1300
-514
301
834
1199
1669
2265
2835
3347
3790
4017
3968
3876
3989
4240
4403
4372
4184
3999
4046
4356
4640
4616
4385
4210
4140
4062
3972
3890
3696
3310
2902
2690
2645
2564
2343
2046
1797
1640
1522
1313
952
533
165
-171
-533
-906
-1267
-1702
-2252
-2755
-3036
-3157
-3351
-3719
-4130
-4432
-4604
-4713
-4812
-4920
-5041
-5160
-5213
-5117
-4864
-4581
-4397
-4250
-3976
-3574
-3211
-2953
-2676
-2308
-1941
-1621
-1280
-933
-689
-525
-271
114
481
748
1015
1365
1743
2083
2394
2667
2841
2910
2980
3129
3306
3415
3482
3581
3730
3871
3965
4029
4044
3988
3915
3913
3962
3931
3768
3563
3419
3303
3140
2932
2703
2444
2150
1861
1603
1357
1096
836
594
346
58
-279
-654
-1056
-1456
-1809
-2150
-2581
-3148
-3809
-4561
-5418
-6183
-6473
-6215
-5899
-6037
-6480
-6640
-6276
-5697
-5237
-4916
-4655
-4450
-4236
-3827
-3151
-2435
-1986
-1813
-1588
-1026
-255
370
767
1180
1768
2384
2865
3243
3568
3777
3854
3932
4087
4244
4299
4222
4069
3999
4151
4415
4504
4345
4172
4147
4140
4024
3866
3714
3469
3104
2790
2638
2551
2386
2138
1892
1717
1614
1480
1202
813
460
179
-119
-500
-922
-1375
-1862
-2300
-2579
-2784
-3114
-3594
-4027
-4253
-4324
-4371
-4478
-4643
-4808
-4878
-4774
-4542
-4313
-4180
-4115
-3992
-3720
-3354
-3058
-2901
-2768
-2537
-2220
-1865
-1476
-1088
-798
-589
-302
100
436
597
710
933
1242
1538
1799
2030
2200
2317
2443
2591
2713
2770
2803
2869
2999
3181
3357
3470
3526
3577
3633
3668
3652
3569
3428
3298
3247
3236
3154
2978
2776
2584
2364
2111
1878
1644
1343
1009
759
597
393
93
-221
-519
-866
-1268
-1626
-1929
-2306
-2818
-3419
-4102
-4879
-5544
-5773
-5587
-5424
-5613
-5954
-5998
-5612
-5048
-4589
-4301
-4089
-3879
-3630
-3256
-2700
-2100
-1722
-1599
-1391
-843
-152
334
598
895
1335
1811
2240
2592
2815
2893
2947
3090
3305
3534
3738
3837
3819
3847
4089
4419
4540
4396
4212
4122
4043
3911
3770
3613
3340
2969
2658
2505
2419
2268
2012
1710
1466
1319
1198
980
657
337
61
-233
-580
-946
-1338
-1774
-2172
-2461
-2723
-3067
-3402
-3577
-3622
-3720
-3925
-4144
-4323
-4454
-4480
-4390
-4304
-4283
-4208
-3990
-3714
-3466
-3228
-3002
-2816
-2608
-2276
-1870
-1515
-1214
-906
-622
-382
-109
186
370
439
576
858
1150
1369
1561
1748
1885
2007
2165
2318
2389
2426
2528
2698
2873
3040
3185
3275
3324
3395
3480
3519
3491
3442
3400
3347
3288
3226
3104
2905
2696
2514
2306
2037
1767
1532
1293
1039
815
606
347
31
-298
-634
-984
-1323
-1663
-2082
-2603
-3171
-3777
-4460
-5067
-5298
-5148
-5037
-5275
-5644
-5719
-5426
-5015
-4673
-4413
-4200
-4000
-3752
-3384
-2884
-2357
-1952
-1704
-1420
-886
-184
400
776
1152
1657
2166
2549
2844
3092
3229
3248
3271
3366
3464
3493
3440
3337
3284
3382
3561
3608
3455
3270
3191
3159
3079
2989
2919
2788
2558
2355
2292
2292
2196
1950
1654
1432
1326
1254
1087
793
480
217
-60
-404
-759
-1092
-1450
-1823
-2094
-2246
-2432
-2727
-3016
-3206
-3337
-3474
-3606
-3719
-3834
-3918
-3914
-3835
-3715
-3570
-3407
-3242
-3060
-2827
-2563
-2332
-2136
-1916
-1664
-1420
-1198
-987
-805
-649
-458
-198
66
261
421
613
814
954
1062
1218
1415
1580
1698
1821
1939
2033
2153
2344
2548
2686
2765
2825
2861
2867
2889
2947
2991
2980
2974
3021
3069
3056
2981
2885
2764
2594
2381
2158
1940
1716
1484
1230
964
684
375
27
-335
-662
-967
-1342
-1855
-2478
-3165
-3881
-4502
-4813
-4781
-4687
-4810
-5054
-5077
-4774
-4398
-4184
-4069
-3853
-3499
-3130
-2824
-2519
-2170
-1831
-1514
-1096
-515
38
340
492
805
1340
1822
2064
2172
2285
2377
2406
2435
2518
2604
2639
2641
2639
2649
2682
2723
2703
2625
2566
2542
2460
2304
2221
2293
2382
2306
2087
1882
1766
1684
1572
1431
1288
1144
999
861
738
590
379
134
-76
-264
-504
-816
-1118
-1350
-1553
-1786
-2025
-2230
-2411
-2603
-2765
-2857
-2899
-2935
-2974
-3007
-3045
-3078
-3049
-2933
-2781
-2640
-2518
-2385
-2215
-2004
-1761
-1521
-1321
-1166
-1032
-884
-706
-516
-352
-209
-56
127
323
507
682
852
1001
1134
1280
1449
1601
1716
1817
1928
2044
2151
2251
2341
2405
2448
2505
2588
2669
2723
2754
2766
2750
2703
2645
2595
2535
2435
2299
2152
2008
1849
1660
1456
1240
985
677
342
21
-317
-732
-1239
-1788
-2387
-3075
-3794
-4295
-4386
-4240
-4241
-4476
-4634
-4518
-4321
-4229
-4062
-3673
-3313
-3247
-3239
-2876
-2220
-1703
-1474
-1258
-866
-414
-66
242
670
1167
1509
1631
1746
2039
2344
2400
2285
2289
2434
2497
2427
2405
2477
2486
2366
2262
2278
2323
2276
2147
2047
2049
2104
2116
2067
2006
1912
1713
1459
1309
1289
1235
1078
942
895
834
666
460
296
139
-79
-354
-618
-844
-1074
-1338
-1570
-1686
-1753
-1909
-2140
-2292
-2344
-2419
-2536
-2578
-2547
-2564
-2642
-2661
-2583
-2491
-2405
-2279
-2134
-2010
-1864
-1658
-1446
-1296
-1167
-1016
-868
-751
-639
-506
-377
-275
-165
-24
134
283
422
569
716
848
971
1091
1211
1322
1449
1600
1752
1878
1986
2101
2210
2300
2384
2472
2542
2577
2593
2600
2579
2540
2509
2475
2381
2215
2043
1904
1767
1604
1433
1242
952
561
192
-106
-469
-998
-1620
-2264
-2940
-3520
-3721
-3560
-3453
-3652
-3907
-3931
-3833
-3778
-3626
-3262
-2960
-2973
-3036
-2736
-2137
-1645
-1404
-1195
-857
-476
-165
141
551
1005
1308
1398
1486
1760
2070
2141
2021
1984
2075
2098
2011
1981
2034
1990
1798
1649
1671
1733
1664
1496
1398
1431
1511
1569
1618
1649
1579
1368
1134
1028
1029
971
782
561
447
453
480
434
311
143
-83
-372
-638
-753
-763
-894
-1229
-1552
-1633
-1562
-1575
-1682
-1738
-1761
-1872
-1992
-1948
-1795
-1755
-1857
-1922
-1867
-1762
-1660
-1552
-1462
-1421
-1368
-1230
-1043
-891
-779
-672
-585
-537
-472
-342
-195
-108
-66
19
172
330
440
506
552
605
703
849
985
1074
1151
1259
1378
1486
1608
1745
1837
1871
1925
2034
2120
2117
2068
2054
2072
2071
2043
1994
1903
1760
1611
1492
1392
1276
1124
892
565
217
-78
-376
-790
-1319
-1907
-2551
-3166
-3465
-3297
-3001
-3023
-3311
-3463
-3358
-3210
-3060
-2760
-2432
-2378
-2532
-2454
-1960
-1378
-1033
-874
-673
-360
-32
273
623
1028
1340
1440
1454
1622
1932
2115
2045
1917
1918
1988
1988
1949
1951
1918
1748
1516
1405
1441
1441
1285
1081
1011
1084
1174
1236
1306
1340
1222
967
769
735
739
596
319
97
47
82
56
-26
-85
-181
-439
-768
-903
-829
-858
-1125
-1364
-1375
-1354
-1493
-1632
-1602
-1561
-1673
-1781
-1703
-1568
-1549
-1556
-1459
-1341
-1301
-1254
-1121
-1010
-999
-969
-825
-664
-596
-551
-440
-324
-282
-260
-168
-36
52
111
202
324
431
518
606
687
743
806
901
999
1071
1137
1229
1332
1423
1523
1631
1709
1732
1724
1741
1790
1833
1842
1826
1788
1709
1585
1446
1332
1252
1191
1085
847
485
124
-164
-484
-941
-1490
-2085
-2761
-3387
-3612
-3373
-3117
-3224
-3480
-3507
-3332
-3155
-2908
-2488
-2152
-2151
-2245
-1999
-1384
-748
-339
-116
83
377
761
1133
1445
1742
1999
2091
2070
2172
2427
2547
2384
2171
2130
2175
2141
2064
2026
1952
1753
1505
1362
1320
1231
1021
799
718
776
859
907
930
890
724
478
328
349
378
205
-132
-400
-455
-377
-330
-376
-476
-626
-870
-1167
-1350
-1359
-1395
-1651
-1964
-2033
-1888
-1822
-1896
-1923
-1869
-1853
-1844
-1710
-1512
-1409
-1365
-1261
-1132
-1039
-901
-686
-554
-573
-541
-305
-19
115
137
187
266
313
332
373
421
439
444
483
592
737
863
928
944
969
1049
1165
1251
1280
1297
1342
1394
1428
1481
1574
1645
1635
1591
1587
1596
1559
1488
1428
1356
1241
1117
1026
941
823
689
537
301
-40
-399
-724
-1087
-1553
-2113
-2737
-3367
-3797
-3802
-3495
-3289
-3371
-3503
-3453
-3288
-3079
-2729
-2285
-2053
-2115
-2097
-1671
-991
-413
-38
256
575
951
1371
1789
2162
2461
2620
2605
2567
2683
2856
2844
2652
2494
2459
2443
2399
2375
2321
2132
1842
1603
1466
1338
1146
914
719
617
621
689
761
775
687
484
256
128
89
-8
-237
-495
-670
-781
-870
-887
-838
-871
-1075
-1324
-1465
-1533
-1617
-1719
-1855
-2098
-2350
-2392
-2238
-2151
-2218
-2254
-2182
-2110
-2031
-1820
-1561
-1466
-1494
-1413
-1176
-926
-719
-521
-386
-319
-172
137
451
613
681
763
851
906
976
1084
1154
1133
1088
1127
1251
1377
1456
1490
1491
1472
1491
1574
1649
1635
1590
1621
1704
1765
1817
1885
1882
1756
1633
1623
1654
1598
1468
1314
1126
935
831
795
679
438
160
-161
-598
-1091
-1491
-1847
-2376
-3128
-3869
-4336
-4436
-4264
-4065
-4027
-4111
-4120
-3965
-3686
-3278
-2796
-2487
-2507
-2557
-2212
-1503
-817
-349
27
433
870
1340
1854
2350
2737
2944
2961
2916
2997
3190
3268
3141
2983
2922
2886
2840
2849
2856
2700
2387
2121
1984
1848
1616
1339
1106
959
887
871
898
956
961
832
603
417
348
281
75
-261
-578
-798
-984
-1193
-1339
-1314
-1244
-1365
-1670
-1900
-1957
-2010
-2167
-2324
-2384
-2439
-2595
-2830
-3031
-3137
-3141
-3039
-2835
-2577
-2303
-1986
-1640
-1381
-1212
-952
-580
-304
-159
119
606
1009
1152
1225
1353
1372
1149
845
665
628
624
598
620
799
1125
1441
1629
1740
1883
2059
2186
2252
2349
2571
2884
3141
3280
3414
3599
3678
3527
3263
3059
2852
2459
1902
1377
986
661
329
-27
-443
-1006
-1817
-2916
-4203
-5527
-6924
-8528
-10059
-10808
-10489
-9588
-8588
-7333
-5612
-3831
-2551
-1724
-857
285
1396
2045
2329
2903
4139
5493
6195
6295
6329
6263
5571
4244
2914
1972
1185
308
-430
-639
-297
191
445
456
448
505
531
536
690
1102
1716
2499
3440
4396
5112
5454
5453
5092
4335
3338
2404
1621
806
-127
-969
-1545
-2031
-2695
-3518
-4239
-4726
-5054
-5272
-5271
-4945
-4376
-3758
-3158
-2474
-1699
-1042
-658
-424
-177
22
61
24
54
99
9
-241
-555
-860
-1158
-1490
-1858
-2186
-2374
-2406
-2338
-2195
-1950
-1603
-1234
-919
-621
-253
166
533
842
1191
1602
1963
2216
2421
2604
2706
2696
2643
2613
2592
2556
2504
2462
2423
2371
2284
2169
2065
1993
1959
1950
1947
1913
1835
1741
1660
1565
1460
1416
1428
1366
1113
732
358
76
-187
-615
-1313
-2229
-3179
-4168
-5296
-6645
-8181
-9576
-10239
-9775
-8656
-7581
-6522
-5009
-3146
-1687
-817
1
1239
2612
3505
3911
4441
5529
6537
6566
5762
5031
4613
3757
2247
847
198
-32
-463
-976
-1093
-723
-397
-474
-636
-410
208
797
1277
1946
2941
4001
4766
5193
5402
5439
5193
4592
3782
2960
2233
1564
851
50
-782
-1551
-2344
-3297
-4261
-4879
-5083
-5125
-5055
-4650
-3877
-3140
-2752
-2514
-2026
-1261
-629
-293
36
584
1012
872
370
63
12
-285
-978
-1607
-1840
-1938
-2261
-2642
-2723
-2520
-2400
-2451
-2332
-1838
-1255
-922
-674
-178
489
962
1194
1483
1927
2268
2310
2228
2247
2304
2190
1940
1785
1801
1829
1754
1673
1680
1691
1586
1459
1520
1719
1826
1803
1875
2119
2299
2257
2122
2058
2039
2027
2060
2101
2047
1808
1354
730
184
-164
-707
-1777
-3066
-4055
-4969
-6297
-8007
-9640
-10584
-10415
-9234
-7899
-6839
-5537
-3694
-1923
-834
71
1369
2889
4038
4618
5095
5861
6668
6690
5739
4612
3914
3277
2077
637
-273
-528
-739
-1260
-1661
-1519
-1099
-972
-1049
-717
218
1275
2007
2574
3363
4369
5160
5411
5287
5128
4943
4467
3674
2820
2061
1302
407
-613
-1622
-2490
-3263
-4098
-4900
-5304
-5165
-4746
-4291
-3738
-2995
-2195
-1515
-967
-466
30
478
799
1046
1330
1533
1355
764
108
-394
-905
-1555
-2145
-2483
-2646
-2767
-2834
-2768
-2603
-2434
-2281
-2025
-1570
-1012
-537
-180
189
612
953
1125
1221
1360
1495
1508
1459
1469
1505
1408
1219
1121
1140
1149
1079
1006
968
1006
1138
1271
1344
1458
1744
2044
2156
2167
2264
2408
2379
2222
2203
2372
2428
2137
1699
1369
1069
676
111
-720
-1872
-3058
-3963
-4867
-6137
-7825
-9316
-9834
-9051
-7540
-6394
-5542
-4210
-2274
-695
117
1069
2559
4068
4799
5089
5676
6496
6808
5942
4632
3730
3240
2402
989
-151
-691
-902
-1346
-1846
-1931
-1704
-1482
-1483
-1165
-280
832
1682
2180
2776
3569
4366
4767
4682
4403
4155
3871
3263
2412
1588
829
-54
-1096
-2049
-2768
-3364
-4069
-4865
-5363
-5208
-4583
-3972
-3444
-2774
-1931
-1135
-469
89
502
837
1177
1490
1700
1808
1700
1196
449
-170
-626
-1163
-1765
-2191
-2342
-2343
-2291
-2214
-2135
-2059
-1947
-1679
-1234
-712
-280
34
330
652
979
1212
1326
1345
1356
1396
1410
1359
1218
1016
792
639
660
804
912
827
649
591
731
956
1091
1169
1337
1679
2013
2148
2169
2188
2127
1910
1864
2189
2416
2068
1378
926
718
371
-364
-1476
-2690
-3677
-4433
-5460
-6977
-8576
-9553
-9378
-8175
-6708
-5615
-4564
-3009
-1304
-95
827
2123
3716
4919
5465
5847
6530
7148
6864
5594
4282
3596
3053
1969
615
-270
-612
-969
-1555
-1944
-1823
-1514
-1429
-1327
-674
468
1470
2023
2464
3146
3958
4519
4633
4436
4175
3880
3372
2589
1718
892
19
-996
-2025
-2870
-3571
-4284
-4958
-5355
-5366
-5070
-4529
-3811
-3108
-2482
-1708
-732
73
471
761
1191
1536
1605
1573
1523
1201
524
-156
-602
-963
-1420
-1879
-2168
-2283
-2289
-2244
-2142
-1968
-1738
-1452
-1069
-558
-61
283
503
720
996
1277
1475
1516
1467
1450
1448
1355
1192
1077
973
795
643
688
830
831
703
693
894
1050
1002
976
1229
1578
1744
1827
2030
2237
2202
2030
2012
2108
2061
1804
1514
1178
641
72
-327
-837
-1887
-3246
-4274
-4992
-5958
-7476
-9091
-9874
-9241
-7576
-6136
-5312
-4257
-2454
-676
278
1113
2593
4343
5393
5715
6149
6898
7322
6634
5210
4049
3465
2846
1632
347
-419
-719
-1071
-1619
-1932
-1827
-1496
-1282
-1023
-280
896
1972
2497
2812
3433
4309
4870
4777
4417
4193
3962
3312
2281
1299
492
-379
-1461
-2495
-3196
-3668
-4220
-4903
-5315
-5186
-4769
-4385
-4026
-3541
-2958
-2260
-1353
-402
292
691
1038
1393
1599
1608
1455
1125
618
95
-315
-687
-1129
-1622
-2037
-2286
-2350
-2280
-2182
-2055
-1827
-1449
-967
-468
-32
271
510
778
1126
1495
1758
1843
1781
1753
1786
1744
1542
1272
1030
782
614
617
724
758
680
631
663
719
748
814
989
1249
1521
1744
1919
2057
2126
2042
1887
1902
2062
2008
1624
1206
854
342
-257
-826
-1621
-2820
-3998
-4728
-5472
-6679
-8211
-9348
-9386
-8223
-6582
-5491
-4640
-3220
-1345
36
831
2004
3645
5045
5614
5887
6452
6985
6795
5617
4337
3532
3003
2126
873
-133
-704
-1005
-1441
-1846
-1901
-1622
-1291
-1053
-487
509
1611
2352
2731
3168
3872
4626
4885
4609
4222
3983
3579
2719
1662
747
-77
-1062
-2105
-2957
-3607
-4270
-4956
-5388
-5405
-5127
-4715
-4088
-3253
-2473
-1866
-1197
-362
301
632
915
1314
1600
1607
1460
1184
668
15
-540
-955
-1336
-1722
-2047
-2270
-2335
-2250
-2103
-1932
-1688
-1314
-867
-379
74
430
708
938
1168
1408
1663
1815
1788
1698
1657
1607
1401
1116
879
715
612
584
640
655
555
363
271
364
545
659
754
1019
1396
1727
1937
2137
2210
2091
1983
2082
2297
2219
1848
1349
918
493
10
-444
-1140
-2188
-3456
-4416
-5081
-5926
-7094
-8462
-9333
-9127
-7703
-6025
-5026
-4163
-2733
-926
317
1209
2514
4081
5266
5709
6061
6593
6935
6490
5238
4059
3341
2861
1998
822
-107
-654
-969
-1395
-1683
-1621
-1332
-1034
-760
-93
914
1900
2514
2824
3313
4005
4559
4590
4273
3998
3680
3116
2233
1344
504
-444
-1479
-2440
-3132
-3702
-4257
-4832
-5216
-5124
-4640
-4088
-3733
-3294
-2684
-2221
-1937
-1341
-264
577
836
995
1434
1688
1353
828
486
214
-244
-672
-895
-1116
-1523
-2015
-2240
-2204
-2074
-1936
-1706
-1288
-800
-328
42
358
662
957
1244
1546
1893
2137
2138
1956
1816
1785
1694
1405
1012
742
610
532
480
524
557
415
269
383
721
874
820
918
1275
1606
1660
1682
1784
1855
1779
1701
1800
1843
1645
1149
633
229
-100
-443
-1156
-2268
-3506
-4295
-4792
-5635
-6880
-8176
-8838
-8649
-7506
-5994
-4836
-3827
-2597
-1023
272
1348
2602
3947
5081
5618
6002
6382
6589
6193
5072
3993
3266
2808
2029
959
72
-534
-878
-1265
-1458
-1381
-1144
-873
-570
121
1044
1902
2438
2786
3260
3819
4275
4335
4112
3823
3452
2870
2076
1292
505
-404
-1389
-2257
-2914
-3454
-3962
-4443
-4834
-5067
-5124
-4974
-4574
-3920
-3055
-2073
-1131
-405
80
424
678
874
1043
1221
1275
1064
662
202
-267
-781
-1278
-1677
-1955
-2093
-2106
-2017
-1893
-1728
-1501
-1189
-775
-300
175
600
970
1286
1539
1728
1868
1959
2008
1987
1909
1751
1497
1206
954
813
703
640
655
708
726
669
662
664
667
731
904
1133
1266
1390
1549
1710
1792
1789
1779
1685
1540
1439
1436
1399
1063
451
-212
-648
-865
-1343
-2317
-3497
-4293
-4794
-5606
-6778
-7924
-8473
-8257
-7258
-5865
-4718
-3700
-2525
-1147
-35
896
2153
3570
4703
5216
5554
5931
6112
5751
4749
3737
3026
2570
1904
988
265
-181
-482
-918
-1170
-1039
-748
-530
-320
338
1249
2006
2430
2736
3208
3677
4030
4120
4025
3813
3411
2828
2086
1368
640
-201
-1103
-1948
-2588
-3094
-3535
-3955
-4296
-4419
-4355
-4149
-3806
-3373
-3050
-2840
-2302
-1285
-347
-4
91
454
848
854
675
691
658
232
-321
-543
-626
-987
-1565
-1968
-2057
-2017
-1916
-1735
-1461
-1192
-958
-635
-186
295
612
817
1061
1387
1703
1870
1904
1831
1741
1650
1552
1460
1356
1202
961
747
699
798
859
781
669
672
785
924
1068
1224
1320
1273
1275
1482
1725
1728
1572
1605
1711
1626
1358
1223
1162
744
18
-559
-692
-959
-1869
-3093
-3944
-4315
-4916
-5971
-7178
-8002
-8118
-7480
-6269
-5092
-4046
-2946
-1756
-672
311
1597
2956
3987
4605
5093
5566
5710
5473
4842
3998
3236
2703
2258
1535
685
29
-365
-696
-1003
-1008
-760
-516
-381
-35
727
1531
2001
2239
2668
3269
3701
3868
3919
3903
3630
3071
2436
1856
1241
435
-475
-1263
-1888
-2448
-3018
-3557
-4073
-4545
-4761
-4619
-4245
-3821
-3269
-2493
-1714
-1122
-656
-196
166
341
502
795
1048
995
652
252
-133
-537
-923
-1221
-1448
-1665
-1822
-1866
-1816
-1712
-1589
-1413
-1157
-787
-339
56
346
556
777
1015
1229
1429
1598
1698
1664
1547
1460
1374
1235
1041
947
988
1062
1106
1102
1075
956
767
637
646
751
827
919
1107
1323
1454
1491
1559
1647
1669
1658
1679
1684
1549
1323
1056
638
85
-325
-442
-688
-1520
-2674
-3542
-4028
-4642
-5582
-6532
-7228
-7509
-7159
-6128
-4943
-4059
-3277
-2272
-1137
-109
981
2230
3370
4129
4563
4893
5107
5081
4677
3965
3273
2818
2465
1871
1086
418
-44
-437
-793
-901
-751
-576
-475
-240
304
939
1406
1740
2164
2697
3149
3434
3603
3661
3488
3063
2554
2075
1529
801
-1
-704
-1337
-2015
-2692
-3224
-3586
-3840
-3969
-3923
-3744
-3498
-3230
-2976
-2677
-2165
-1388
-626
-139
212
642
994
1031
914
886
817
510
150
-41
-223
-615
-1088
-1404
-1570
-1698
-1754
-1667
-1497
-1332
-1154
-893
-570
-271
-16
253
568
901
1185
1375
1463
1491
1495
1454
1380
1333
1311
1204
1006
875
879
898
809
676
609
603
593
599
692
841
910
884
933
1162
1421
1525
1524
1547
1571
1521
1451
1417
1288
903
346
-78
-234
-418
-1049
-2089
-3023
-3566
-4041
-4844
-5874
-6729
-7134
-6956
-6177
-5100
-4143
-3357
-2488
-1459
-409
665
1834
2954
3806
4365
4767
5064
5176
4948
4355
3657
3150
2783
2229
1431
683
140
-308
-722
-924
-853
-735
-725
-620
-176
442
918
1243
1635
2146
2629
3008
3294
3455
3409
3120
2691
2235
1790
1246
552
-219
-979
-1704
-2399
-2991
-3434
-3765
-4062
-4311
-4363
-4193
-3965
-3673
-3017
-1969
-1058
-611
-276
250
679
804
959
1313
1488
1235
851
613
355
-120
-666
-1045
-1255
-1436
-1592
-1633
-1567
-1511
-1486
-1341
-994
-570
-243
-1
278
613
909
1105
1243
1372
1481
1547
1576
1583
1512
1320
1079
919
865
838
797
766
722
609
450
344
344
406
482
604
819
1062
1202
1230
1256
1344
1423
1433
1425
1472
1524
1458
1210
777
261
-148
-331
-505
-1042
-1925
-2748
-3330
-3952
-4787
-5618
-6292
-6794
-6856
-6147
-4973
-4043
-3444
-2708
-1651
-569
431
1542
2721
3690
4269
4586
4811
4959
4881
4427
3770
3241
2916
2482
1733
902
255
-212
-616
-870
-856
-735
-667
-584
-281
215
693
1102
1507
1983
2473
2902
3226
3382
3348
3115
2761
2356
1898
1358
714
8
-752
-1543
-2251
-2815
-3292
-3728
-3996
-4011
-3912
-3838
-3687
-3303
-2868
-2617
-2375
-1789
-948
-294
95
500
925
1084
969
899
941
848
553
255
30
-268
-693
-1102
-1352
-1456
-1490
-1470
-1367
-1175
-958
-759
-521
-193
181
515
809
1117
1415
1620
1687
1682
1670
1640
1562
1464
1404
1340
1185
964
802
712
589
434
363
383
389
379
463
630
741
763
789
876
992
1097
1177
1240
1289
1297
1205
1030
890
794
566
122
-295
-441
-554
-1113
-2091
-2935
-3350
-3707
-4391
-5218
-5815
-6155
-6303
-6025
-5162
-4063
-3189
-2523
-1730
-699
413
1467
2423
3258
3908
4342
4585
4688
4637
4349
3842
3291
2823
2368
1816
1193
584
68
-291
-454
-467
-460
-475
-410
-170
191
546
914
1364
1841
2215
2507
2821
3087
3116
2872
2529
2212
1860
1366
747
108
-515
-1159
-1797
-2314
-2696
-3059
-3416
-3633
-3640
-3528
-3381
-3274
-3285
-3255
-2780
-1801
-859
-345
-11
390
619
553
569
848
983
722
412
335
201
-271
-844
-1188
-1325
-1419
-1450
-1353
-1221
-1173
-1150
-994
-653
-242
94
359
653
972
1197
1277
1311
1366
1397
1406
1470
1546
1488
1272
1037
873
765
724
782
865
866
801
738
670
590
544
568
646
763
907
1012
1027
990
955
919
883
896
964
997
928
785
634
469
187
-243
-649
-845
-1003
-1500
-2324
-3011
-3356
-3732
-4428
-5118
-5376
-5309
-5193
-4905
-4183
-3228
-2478
-1959
-1282
-261
846
1740
2442
3106
3668
3929
3907
3841
3809
3622
3199
2738
2381
1999
1465
874
387
33
-206
-316
-358
-407
-407
-236
56
326
587
979
1480
1893
2167
2425
2710
2858
2756
2521
2319
2116
1742
1174
582
65
-474
-1098
-1690
-2133
-2488
-2828
-3090
-3188
-3171
-3137
-3053
-2857
-2629
-2489
-2337
-1943
-1313
-715
-278
77
364
461
420
438
525
505
339
138
-69
-343
-668
-953
-1154
-1278
-1344
-1347
-1269
-1132
-1009
-931
-801
-522
-141
220
516
777
994
1129
1209
1283
1376
1468
1523
1535
1529
1509
1455
1360
1282
1251
1225
1148
1039
969
927
813
624
505
520
542
507
554
735
870
860
844
908
940
887
842
845
821
714
559
428
341
168
-229
-713
-1054
-1380
-1949
-2591
-2940
-3189
-3793
-4596
-5039
-5077
-5112
-5137
-4723
-3857
-3030
-2492
-1952
-1108
-89
786
1466
2157
2919
3487
3652
3582
3544
3500
3267
2880
2517
2199
1792
1262
729
309
28
-133
-212
-255
-258
-152
96
401
657
934
1357
1848
2210
2455
2738
3012
3059
2855
2601
2395
2122
1685
1146
618
106
-474
-1123
-1702
-2121
-2471
-2830
-3097
-3170
-3127
-3052
-2901
-2663
-2471
-2400
-2314
-2045
-1558
-940
-361
29
226
316
332
271
222
243
226
58
-190
-425
-685
-1019
-1331
-1490
-1519
-1489
-1413
-1284
-1141
-1014
-857
-600
-242
153
524
837
1093
1279
1388
1446
1512
1613
1716
1789
1825
1799
1668
1465
1288
1190
1115
1027
933
830
710
598
508
409
327
328
411
514
652
851
1015
1055
1047
1119
1243
1282
1201
1083
967
799
544
312
163
-70
-519
-990
-1296
-1632
-2237
-2895
-3268
-3503
-3968
-4592
-4958
-4959
-4863
-4791
-4499
-3795
-2902
-2201
-1698
-1028
-48
898
1521
2006
2613
3162
3350
3243
3130
3073
2910
2564
2162
1842
1578
1266
871
497
257
170
160
151
159
292
585
891
1080
1265
1626
2063
2340
2473
2657
2889
2945
2741
2432
2177
1925
1525
968
422
-25
-492
-1072
-1623
-1980
-2207
-2461
-2732
-2884
-2867
-2789
-2736
-2625
-2346
-1968
-1665
-1468
-1313
-1243
-1281
-1231
-939
-580
-387
-324
-283
-336
-518
-681
-749
-811
-900
-945
-949
-983
-1056
-1108
-1102
-1022
-846
-593
-327
-86
133
339
550
777
1026
1261
1449
1580
1681
1744
1732
1658
1571
1507
1468
1458
1448
1391
1260
1096
948
833
760
711
676
668
694
714
688
658
684
734
771
856
1015
1119
1070
986
1004
1013
832
557
393
296
88
-177
-330
-487
-887
-1381
-1627
-1718
-2056
-2629
-2989
-3068
-3335
-3963
-4448
-4401
-4146
-4116
-4115
-3664
-2837
-2178
-1872
-1493
-705
202
779
1119
1630
2284
2649
2601
2505
2603
2697
2567
2321
2147
2006
1759
1415
1091
869
759
737
739
717
738
899
1122
1254
1325
1526
1871
2150
2247
2322
2499
2622
2493
2203
1987
1846
1575
1111
630
263
-82
-535
-1043
-1438
-1695
-1947
-2262
-2530
-2662
-2724
-2794
-2839
-2777
-2607
-2376
-2144
-1968
-1845
-1717
-1541
-1359
-1177
-932
-650
-469
-436
-441
-430
-475
-577
-627
-597
-582
-633
-688
-719
-747
-756
-695
-560
-386
-201
-12
182
393
607
800
976
1168
1366
1525
1629
1685
1693
1662
1647
1674
1696
1643
1513
1376
1307
1308
1276
1147
1014
959
911
795
722
795
860
735
552
547
647
615
508
526
613
561
410
353
367
275
77
-75
-153
-280
-512
-726
-819
-898
-1151
-1511
-1750
-1918
-2276
-2770
-3058
-3136
-3366
-3792
-4030
-3931
-3774
-3719
-3531
-3026
-2401
-1903
-1476
-899
-175
456
897
1336
1897
2383
2593
2640
2738
2841
2784
2605
2475
2384
2202
1922
1670
1489
1326
1167
1053
985
934
937
1053
1223
1335
1415
1577
1810
1990
2082
2161
2251
2266
2145
1937
1737
1538
1238
804
357
-5
-349
-795
-1292
-1691
-1973
-2249
-2574
-2886
-3089
-3148
-3123
-3085
-2993
-2781
-2603
-2658
-2774
-2561
-2032
-1585
-1322
-956
-464
-201
-258
-279
-104
3
-112
-219
-163
-128
-291
-537
-662
-662
-644
-621
-519
-325
-141
-27
109
384
731
1007
1206
1439
1691
1842
1856
1838
1855
1874
1868
1861
1864
1844
1747
1566
1367
1211
1082
947
826
750
711
671
600
500
400
336
295
230
187
226
282
249
184
210
266
231
166
176
169
27
-145
-240
-345
-514
-659
-769
-961
-1221
-1426
-1609
-1904
-2273
-2560
-2763
-2989
-3249
-3464
-3585
-3612
-3568
-3461
-3224
-2800
-2282
-1811
-1342
-737
-59
523
998
1483
1968
2334
2553
2697
2788
2798
2727
2605
2471
2332
2163
1932
1676
1477
1337
1196
1051
947
877
813
827
987
1195
1315
1377
1507
1693
1828
1894
1942
1977
1932
1763
1515
1257
987
645
228
-166
-494
-825
-1219
-1609
-1907
-2134
-2348
-2536
-2663
-2762
-2848
-2837
-2666
-2414
-2178
-1941
-1658
-1376
-1160
-976
-784
-631
-551
-502
-458
-445
-479
-544
-625
-704
-746
-750
-763
-791
-788
-721
-619
-501
-358
-190
-21
136
303
486
669
818
947
1080
1214
1311
1365
1414
1459
1472
1457
1462
1498
1496
1416
1313
1249
1199
1118
1035
1005
985
901
762
645
564
491
437
424
426
406
373
334
270
204
200
273
326
303
257
228
146
-36
-218
-286
-300
-377
-488
-533
-560
-727
-1032
-1285
-1376
-1460
-1700
-1997
-2155
-2227
-2437
-2762
-2928
-2841
-2724
-2711
-2626
-2313
-1909
-1600
-1321
-916
-405
48
389
724
1097
1429
1630
1756
1904
2053
2113
2088
2048
2006
1895
1700
1494
1327
1176
1026
915
878
890
909
935
975
1021
1081
1186
1322
1441
1512
1565
1608
1594
1499
1361
1231
1091
895
641
380
126
-161
-487
-794
-1038
-1261
-1504
-1728
-1884
-1977
-2021
-1989
-1866
-1725
-1617
-1522
-1439
-1419
-1452
-1426
-1268
-1057
-901
-771
-626
-527
-533
-589
-589
-529
-478
-461
-436
-396
-385
-424
-467
-458
-405
-352
-314
-257
-170
-81
-3
109
268
440
582
693
797
882
928
944
971
1037
1112
1159
1182
1194
1173
1096
992
909
844
772
712
701
721
718
679
644
636
614
550
487
483
517
531
509
496
508
503
457
406
377
339
252
128
7
-94
-193
-309
-436
-578
-744
-942
-1160
-1383
-1606
-1818
-1998
-2133
-2241
-2355
-2450
-2472
-2432
-2376
-2302
-2142
-1866
-1556
-1264
-947
-559
-155
174
426
673
950
1181
1321
1423
1552
1671
1691
1616
1524
1447
1339
1186
1044
958
911
867
827
817
843
890
946
1014
1090
1174
1259
1329
1371
1395
1410
1403
1353
1254
1126
977
791
568
337
134
-42
-224
-426
-635
-833
-1010
-1156
-1263
-1330
-1353
-1344
-1364
-1466
-1590
-1603
-1474
-1304
-1158
-978
-758
-620
-634
-695
-670
-585
-522
-505
-489
-481
-519
-613
-720
-766
-743
-721
-734
-727
-656
-577
-548
-507
-380
-209
-84
-5
98
221
300
321
354
443
556
635
702
795
889
927
914
913
932
928
898
900
961
1012
986
918
874
851
803
751
755
814
870
881
856
811
748
682
639
623
609
571
511
431
328
222
131
52
-26
-101
-179
-307
-510
-742
-934
-1090
-1265
-1473
-1671
-1807
-1907
-2048
-2232
-2351
-2329
-2242
-2199
-2153
-1974
-1676
-1406
-1217
-999
-671
-314
-42
171
423
715
935
1038
1121
1270
1417
1434
1334
1256
1238
1178
1008
853
837
898
884
801
776
855
940
952
951
1035
1175
1265
1279
1297
1348
1363
1289
1180
1107
1036
898
715
568
467
344
162
-31
-194
-354
-539
-713
-817
-855
-893
-963
-1058
-1167
-1284
-1372
-1377
-1293
-1167
-1043
-946
-894
-894
-933
-969
-961
-901
-824
-773
-755
-761
-791
-852
-913
-936
-922
-888
-838
-766
-689
-628
-575
-501
-390
-256
-125
-1
115
220
296
345
398
489
592
674
740
805
864
892
892
901
934
980
1031
1080
1124
1150
1150
1127
1092
1056
1016
970
942
944
958
966
972
962
911
812
697
614
566
523
471
413
340
237
94
-66
-202
-300
-393
-519
-663
-785
-881
-992
-1147
-1305
-1418
-1483
-1554
-1664
-1779
-1850
-1885
-1928
-1971
-1958
-1852
-1694
-1550
-1444
-1340
-1200
-1032
-861
-682
-455
-179
86
287
443
598
760
898
993
1065
1129
1174
1184
1166
1144
1139
1143
1141
1138
1137
1142
1151
1160
1172
1192
1219
1248
1279
1304
1324
1336
1336
1316
1277
1225
1154
1063
959
841
706
556
391
219
33
-153
-322
-470
-603
-730
-846
-946
-1027
-1101
-1168
-1220
-1253
-1298
-1384
-1494
-1578
-1619
-1633
-1605
-1519
-1391
-1271
-1188
-1128
-1073
-1007
-938
-872
-791
-693
-612
-571
-553
-536
-526
-535
-535
-498
-434
-362
-279
-177
-53
81
208
331
461
599
720
810
899
997
1091
1163
1220
1271
1305
1323
1318
1294
1270
1254
1238
1213
1189
1160
1117
1057
990
914
842
787
740
685
623
557
487
417
354
294
230
165
96
1
-110
-200
-278
-369
-463
-542
-623
-731
-855
-968
-1056
-1118
-1174
-1238
-1293
-1317
-1344
-1399
-1447
-1450
-1427
-1412
-1401
-1376
-1338
-1304
-1262
-1199
-1107
-998
-891
-779
-637
-486
-367
-267
-129
51
207
318
439
603
764
862
912
972
1062
1125
1121
1102
1144
1220
1241
1214
1219
1281
1324
1304
1285
1333
1412
1444
1423
1421
1446
1435
1343
1224
1148
1082
966
809
680
592
480
320
163
55
-36
-160
-300
-407
-475
-558
-673
-783
-860
-927
-1015
-1115
-1186
-1228
-1277
-1344
-1400
-1425
-1435
-1451
-1462
-1448
-1420
-1393
-1371
-1342
-1302
-1255
-1205
-1148
-1081
-1012
-942
-871
-797
-725
-650
-569
-480
-386
-292
-188
-85
13
104
203
305
401
501
607
718
819
901
981
1062
1136
1194
1241
1291
1339
1365
1368
1371
1378
1372
1341
1302
1267
1225
1158
1076
1007
943
864
766
668
583
498
395
293
212
148
71
-32
-124
-195
-265
-358
-446
-493
-524
-587
-672
-740
-782
-846
-942
-1020
-1043
-1050
-1087
-1143
-1164
-1145
-1145
-1178
-1189
-1136
-1057
-1009
-969
-886
-769
-680
-631
-562
-451
-339
-267
-202
-105
3
73
110
161
230
286
318
354
415
480
528
573
635
705
764
812
867
933
988
1031
1072
1118
1152
1168
1176
1176
1165
1138
1106
1071
1022
962
895
828
747
649
545
444
338
222
102
-13
-120
-229
-337
-436
-521
-596
-671
-737
-793
-839
-881
-922
-953
-978
-1003
-1027
-1046
-1059
-1072
-1083
-1085
-1082
-1076
-1066
-1051
-1022
-990
-958
-921
-875
-820
-765
-711
-643
-563
-482
-405
-324
-234
-142
-61
21
107
197
287
368
447
524
592
650
700
747
793
833
870
900
924
941
950
955
954
944
922
895
869
841
814
795
781
762
727
677
621
563
509
460
425
391
347
278
194
108
27
-50
-128
-192
-247
-309
-375
-429
-462
-487
-518
-556
-588
-607
-619
-625
-628
-619
-611
-629
-675
-712
-717
-705
-687
-662
-625
-596
-590
-601
-599
-565
-502
-428
-354
-279
-213
-176
-172
-174
-153
-115
-67
-9
67
140
193
214
223
240
275
327
401
492
596
688
739
746
734
721
704
697
714
747
773
776
747
688
619
560
511
473
458
454
441
400
338
265
185
106
36
-19
-57
-94
-141
-200
-267
-332
-396
-456
-499
-524
-541
-560
-582
-605
-630
-662
-692
-712
-719
-717
-713
-707
-706
-706
-709
-708
-695
-669
-626
-576
-523
-465
-409
-359
-313
-265
-209
-148
-84
-17
47
104
151
189
220
249
281
318
362
408
456
498
531
558
579
588
592
596
603
605
606
610
606
591
569
537
496
457
421
392
374
371
372
366
354
340
312
275
241
214
189
167
147
124
94
57
6
-54
-115
-171
-224
-271
-306
-334
-363
-393
-425
-456
-484
-505
-522
-531
-527
-514
-500
-484
-457
-429
-411
-399
-390
-387
-391
-389
-383
-368
-338
-304
-275
-250
-228
-215
-212
-205
-181
-147
-99
-39
29
84
131
165
182
197
218
244
278
322
373
416
447
468
475
468
457
447
437
432
434
436
431
424
412
388
360
332
309
289
272
256
245
229
207
181
151
118
83
48
14
-20
-56
-94
-134
-174
-212
-248
-282
-315
-344
-372
-397
-415
-430
-444
-454
-459
-462
-463
-463
-457
-451
-439
-422
-403
-379
-355
-330
-302
-277
-251
-226
-199
-172
-142
-113
-83
-53
-25
2
25
48
70
92
113
135
161
184
210
234
257
277
293
306
315
321
324
328
331
336
341
345
348
348
344
337
328
315
301
288
275
264
257
247
235
220
205
184
158
133
108
82
57
36
15
-4
-22
-42
-62
-83
-106
-130
-151
-169
-186
-201
-215
-229
-242
-255
-268
-279
-290
-300
-305
-309
-310
-308
-307
-305
-299
-291
-282
-270
-255
-238
-223
-206
-190
-173
-154
-132
-109
-87
-66
-44
-25
-9
8
24
40
57
76
97
116
134
150
164
178
189
201
212
223
231
242
250
254
256
257
255
250
245
242
234
226
216
204
191
178
166
152
138
121
106
90
73
59
45
31
15
1
-15
-30
-45
-59
-74
-90
-106
-119
-132
-146
-157
-168
-177
-184
-194
-200
-205
-208
-211
-213
-214
-212
-212
-210
-208
-205
-199
-194
-190
-181
-171
-162
-151
-140
-130
-116
-104
-88
-75
-58
-44
-29
-11
5
23
40
58
73
88
103
116
128
136
145
151
156
160
162
165
169
174
177
179
182
181
179
176
173
165
156
145
132
116
99
83
70
59
51
47
49
53
59
68
75
77
74
67
53
37
16
-6
-27
-45
-61
-69
-70
-65
-56
-44
-28
-11
1
9
10
10
-3
-22
-47
-74
-104
-133
-158
-176
-187
-186
-176
-166
-150
-132
-113
-94
-77
-66
-60
-60
-62
-68
-72
-80
-85
-90
-91
-91
-88
-83
-76
-63
-50
-35
-21
-7
6
19
30
39
46
51
56
59
59
61
63
64
67
70
74
80
86
90
98
102
107
108
106
106
104
102
97
91
83
79
74
67
61
57
53
49
44
40
32
29
24
16
10
2
-4
-12
-19
-28
-33
-39
-46
-51
-57
-62
-67
-73
-75
-80
-82
-82
-83
-84
-83
-84
-84
-84
-85
-87
-87
-87
-83
-80
-75
-72
-67
-62
-57
-51
-46
-39
-35
-29
-22
-16
-9
-4
4
8
13
17
22
25
29
36
41
46
50
52
55
56
55
56
58
63
66
71
78
85
93
101
106
112
113
112
109
102
94
83
72
62
50
43
37
31
29
29
29
30
32
31
29
24
16
5
-8
-22
-38
-53
-69
-81
-91
-97
-99
-99
-91
-87
-79
-70
-63
-56
-51
-49
-49
-50
-56
-62
-69
-75
-81
-85
-87
-84
-81
-76
-70
-61
-48
-37
-25
-15
-4
5
14
20
23
28
33
34
37
38
41
44
46
50
54
57
59
59
62
66
68
70
67
66
65
63
62
60
56
51
46
43
40
36
34
29
24
19
13
7
1
-5
-11
-17
-22
-27
-33
-38
-43
-47
-51
-55
-56
-59
-58
-56
-56
-53
-52
-49
-44
-44
-42
-39
-38
-37
-35
-34
-32
-31
-27
-22
-16
-12
-9
-6
-2
-1
3
6
9
10
13
17
19
19
19
20
21
22
25
25
26
30
31
31
33
32
31
33
33
31
30
29
29
28
29
27
23
21
17
13
8
4
1
-2
0
0
1
3
5
6
5
5
5
3
-2
-4
-8
-12
-15
-19
-22
-23
-22
-22
-16
-12
-9
-4
3
7
11
12
12
8
3
-1
-7
-15
-19
-22
-27
-27
-29
-26
-24
-20
-16
-10
-4
-1
2
3
7
5
3
0
-2
-4
-7
-7
-7
-5
-5
-2
1
4
5
8
10
11
11
11
11
10
9
8
8
9
8
9
10
9
9
9
8
7
6
3
4
1
-2
-4
-5
-7
-7
-7
-7
-6
-5
-7
-9
-10
-11
-11
-15
-16
-17
-15
-13
-10
-8
-6
-3
0
2
4
4
6
7
7
9
9
9
7
6
6
4
4
5
3
2
3
4
3
4
3
4
4
6
5
4
4
3
2
0
2
2
4
4
4
4
3
4
4
4
2
2
2
0
1
0
-1
-2
-4
-4
-4
-6
-6
-6
-5
-3
-3
-1
-2
0
1
1
1
1
2
3
4
3
2
2
2
0
-2
1
0
-1
-1
0
-2
-2
-2
-4
-4
-3
-3
-4
-4
-3
-2
0
1
1
3
3
2
3
4
4
3
4
3
3
3
2
1
1
2
0
0
0
0
0
-2
-2
-3
-5
-4
-5
-4
-4
-4
-3
-2
-2
-2
-1
-2
0
-2
-2
-3
-4
-3
-3
-2
-3
-3
-3
-2
0
1
1
3
2
2
3
1
1
-1
-2
-1
-2
-2
-1
0
0
1
3
3
5
6
4
5
5
5
4
5
3
4
1
0
0
1
0
0
2
4
4
3
4
4
3
5
4
3
2
2
2
2
3
3
3
4
2
1
0
0
0
-3
-3
-3
-4
-2
-4
-5
-6
-7
-8
-8
-8
-9
-8
-6
-5
-3
-1
0
0
2
4
6
6
7
6
6
7
7
9
9
10
9
8
7
3
3
3
1
2
1
-1
-2
-1
-2
-3
-4
-3
-3
-2
-2
-2
-2
-5
-5
-5
-7
-6
-7
-7
-7
-8
-9
-9
-10
-10
-11
-10
-10
-11
-12
-10
-10
-11
-12
-11
-9
-9
-8
-6
-3
-2
-2
1
3
4
4
7
8
9
10
11
11
10
8
7
5
5
4
4
4
4
4
4
4
5
4
4
3
4
4
4
4
3
4
3
3
2
2
3
4
3
3
4
3
2
3
1
2
1
1
0
-3
-2
-2
-3
-2
0
0
0
-1
-2
-2
-2
-3
-3
-3
-3
-3
-4
-2
-3
0
1
-1
0
0
0
1
2
2
3
4
1
2
3
3
0
0
-1
1
-1
0
1
1
2
2
3
4
4
5
4
4
3
4
3
3
1
1
0
-1
-2
-3
-2
-5
-5
-3
-5
-6
-4
-4
-3
-5
-4
-4
-3
-2
-3
-3
-3
-3
-3
-4
-3
-3
-4
-4
-4
-4
-4
-3
-4
-4
-7
-8
-8
-7
-7
-8
-7
-7
-6
-6
-3
-3
-5
-3
-1
0
0
0
3
2
3
5
4
5
4
4
5
6
6
6
5
5
4
6
6
4
4
4
5
7
6
7
7
8
8
8
7
8
6
6
6
6
4
4
5
4
5
2
3
3
2
2
2
1
0
-1
0
-1
-1
-1
-3
-2
-3
-3
-5
-7
-6
-7
-7
-7
-8
-7
-7
-5
-5
-4
-5
-5
-3
-5
-4
-5
-5
-4
-4
-5
-3
-4
-4
-5
-4
-2
-1
-1
-1
0
3
4
5
5
6
6
5
4
3
3
2
3
2
0
0
0
1
-1
1
0
-1
0
1
0
2
2
2
3
3
2
3
3
3
3
1
0
1
0
0
0
0
0
0
0
0
-1
-1
-2
-2
-4
-5
-4
-5
-6
-6
-6
-5
-5
-5
-3
-1
-3
-2
-1
-1
-1
0
1
1
4
3
3
2
3
2
3
4
4
3
3
4
3
3
5
4
5
4
3
5
4
1
2
1
2
3
4
4
4
3
1
1
0
-1
-2
-3
-4
-6
-4
-4
-5
-4
-5
-4
-5
-4
-3
-3
-3
-2
-3
-2
-2
-1
0
0
-1
0
0
0
-2
0
0
-1
-1
0
0
0
1
1
1
1
3
3
2
2
1
2
3
3
1
2
2
2
3
