3
2
3
1
1
1
-1
-1
-1
2
3
1
3
1
0
1
3
6
6
7
7
7
6
6
4
2
1
1
4
3
2
1
0
-1
-5
-5
-5
-5
-6
-6
-6
-7
-8
-8
-8
-7
-7
-4
-2
1
2
2
1
1
0
1
1
1
1
1
1
4
4
6
7
5
6
6
4
2
2
1
-2
-2
-2
-1
0
0
1
-1
-2
-3
-2
-2
-3
-5
-3
-5
-4
-2
-2
-3
-3
-3
-1
-2
-3
-2
0
0
4
4
4
5
7
8
7
7
7
4
3
1
1
0
-2
-1
-2
-5
-3
-3
-4
-4
-5
-7
-7
-3
-1
-1
0
0
0
0
0
0
-1
-1
-1
-3
-3
-5
-3
0
2
2
2
1
-2
-2
-2
-3
-3
-2
0
3
5
8
8
8
5
3
2
3
1
0
3
3
2
3
4
2
2
1
1
1
2
1
2
3
2
3
2
3
4
3
3
1
-3
-5
-7
-10
-16
-29
-42
-45
-37
-44
-62
-73
-66
-55
-59
-75
-62
-23
5
5
8
32
51
50
49
67
87
100
107
106
101
102
103
86
66
59
61
47
21
10
14
7
-8
-19
-16
-11
-10
-14
-13
-8
-12
-17
-23
-24
-25
-22
-21
-22
-17
-14
-24
-36
-44
-44
-47
-61
-68
-64
-62
-65
-69
-70
-67
-66
-64
-60
-53
-39
-25
-18
-9
5
29
41
51
64
89
134
142
130
115
108
123
107
76
67
54
18
-37
-79
-108
-131
-156
-198
-220
-214
-191
-169
-176
-162
-108
-64
-28
7
53
93
113
117
126
147
142
112
74
41
15
-21
-66
-110
-144
-189
-246
-285
-306
-288
-245
-207
-142
-51
48
135
217
297
363
419
447
477
509
501
473
400
304
210
86
-67
-240
-409
-590
-764
-899
-1018
-1071
-1110
-1123
-1038
-903
-704
-472
-230
40
323
595
838
1049
1214
1334
1419
1445
1432
1401
1338
1258
1149
1038
957
893
841
803
791
830
901
961
1007
1037
1078
1100
1057
991
931
896
871
792
668
533
376
184
-64
-303
-495
-654
-799
-897
-946
-1056
-1275
-1535
-1758
-1988
-2286
-2537
-2527
-2297
-2089
-2041
-1965
-1690
-1457
-1560
-1815
-1765
-1325
-933
-921
-1083
-1082
-1135
-1896
-3471
-5044
-5725
-5927
-6355
-6805
-6164
-4318
-2854
-2322
-1744
-340
1057
1515
1658
2581
4195
5529
6187
6662
7327
7868
7778
6954
5822
5052
4660
4025
2960
2270
2438
2646
2098
1315
1242
1579
1474
1043
1071
1645
2114
2268
2391
2539
2422
1986
1455
936
405
-59
-396
-711
-1028
-1230
-1335
-1597
-2080
-2459
-2604
-2796
-3117
-3220
-2990
-2830
-2952
-2970
-2631
-2312
-2288
-2278
-2005
-1655
-1422
-1150
-765
-459
-307
-125
69
114
157
387
589
502
364
486
642
467
176
101
116
-20
-204
-115
214
456
495
540
717
660
29
-558
-234
488
328
-473
-465
339
494
-207
-567
-319
-107
75
314
-56
-834
-1039
-1982
-6024
-10975
-11658
-8819
-8601
-11328
-10327
-4494
-1265
-3332
-3914
407
3641
1981
609
3706
7649
8683
8637
9498
9909
9361
9130
8504
6146
4045
4293
4494
2248
449
2060
4013
2479
-182
131
2084
2068
690
904
2625
3701
3784
3967
4517
5056
5299
4744
3370
2447
2759
2862
1302
-727
-1396
-1561
-3255
-6017
-7576
-7606
-7996
-9466
-10448
-9736
-8388
-7918
-8037
-7357
-5679
-4182
-3499
-2868
-1513
79
892
858
806
1199
1551
1199
348
-143
21
70
-580
-1279
-1156
-638
-784
-1421
-1337
-351
391
368
494
1458
2540
2877
2809
3164
3865
4208
4063
4013
4406
4818
4734
4229
3899
3997
4042
3542
2663
1872
1224
563
63
-142
-423
-1122
-1844
-2093
-2082
-2226
-2447
-2429
-2046
-1446
-998
-944
-921
-1113
-3724
-9595
-14189
-12877
-9218
-9738
-12012
-8789
-2437
-1954
-6048
-4777
1803
3492
-833
-1150
5091
9485
8742
8527
10621
10649
8345
7526
7578
5715
3949
4560
4352
1427
340
3217
4445
817
-2211
-585
1426
163
-905
1255
3517
2998
1923
2633
3884
4258
4187
3732
2636
2155
3017
3241
1472
-217
-194
-608
-3239
-5713
-5690
-5226
-7038
-9593
-9902
-8521
-8048
-8630
-8400
-6936
-5551
-4855
-4077
-2553
-662
634
932
965
1680
2742
2921
2102
1527
1724
1772
1111
473
421
413
-102
-773
-1011
-760
-337
-112
-192
-107
626
1552
1814
1658
2071
2940
3195
2863
3134
4126
4552
3979
3596
4072
4392
3698
2766
2593
2738
2248
1349
888
805
471
-90
-557
-1107
-1779
-1973
-1618
-1591
-2081
-2121
-1487
-1040
-808
-106
317
-1050
-4088
-7928
-12463
-16142
-15701
-11709
-9516
-10653
-9934
-5496
-3309
-5876
-6371
-1060
3196
1683
945
6575
12740
12861
10426
10783
11679
9673
7360
7535
7908
6477
5075
4507
3000
1064
1023
1539
-470
-3324
-2967
-362
437
-326
570
2631
2764
1370
1559
3598
5030
5020
4792
4920
5028
5008
4646
3409
1695
536
-343
-1987
-3774
-4171
-3919
-5303
-8117
-9641
-9168
-9036
-10251
-10675
-8968
-6986
-6386
-5847
-3886
-1718
-1082
-1293
-613
956
2156
2549
2679
2885
2945
2564
1782
1058
760
550
-144
-1026
-1264
-903
-840
-1314
-1581
-1262
-836
-597
-221
488
1288
1944
2445
2870
3349
3913
4249
4120
3954
4282
4734
4542
3850
3458
3407
2943
1937
1206
1224
1341
813
6
-204
61
-138
-841
-1078
-751
-937
-1758
-1878
-845
107
167
11
298
763
720
-435
-2542
-4429
-6056
-9544
-14624
-16043
-11353
-7209
-9538
-12708
-9186
-3947
-5657
-9603
-5580
2803
4276
644
3048
11138
14214
10638
8905
11272
11775
9222
8406
9826
9585
7460
5961
4450
1744
180
847
323
-2704
-4007
-1630
37
-1591
-2693
-723
842
-494
-1440
834
3801
4458
3931
4335
5227
5404
4973
4333
3572
3046
2763
1822
-8
-1491
-2157
-3511
-6410
-9111
-9689
-9029
-9377
-10772
-11037
-9354
-7765
-7848
-7955
-5945
-3057
-1967
-2092
-628
2324
3802
3114
2814
4047
4842
3938
2859
2966
3239
2378
977
278
186
-244
-1163
-1782
-1628
-1162
-1077
-1345
-1351
-846
-273
25
341
1060
1976
2597
2841
3121
3744
4462
4767
4587
4475
4774
5006
4634
4016
3739
3492
2624
1446
763
411
-353
-1313
-1609
-1426
-1802
-2732
-3062
-2446
-1919
-2086
-2234
-1724
-939
-488
-591
-1337
-2592
-4030
-6145
-9640
-12698
-11943
-8174
-6817
-9489
-10724
-7424
-4937
-7374
-9164
-4656
1085
1056
-773
3385
10555
11859
7861
6826
10260
11915
9999
9415
11822
12903
10404
7426
6538
6390
5152
3086
1284
481
825
1254
362
-1290
-1900
-1743
-2665
-4102
-3505
-1092
74
-676
-637
1210
2479
1837
1133
1836
2766
2628
2125
2226
2444
1775
101
-1797
-3104
-3837
-4831
-6402
-7496
-7356
-7073
-7879
-8826
-8351
-7159
-6938
-7192
-6144
-4013
-2697
-2506
-1892
-396
698
771
871
1815
2878
3109
2787
2790
3174
3214
2622
2040
2047
2263
1978
1366
1176
1375
1156
325
-218
48
372
108
-176
258
931
959
654
954
1735
2087
1969
2223
2961
3306
2936
2602
2783
2934
2557
2045
1888
1811
1313
598
295
408
258
-446
-1114
-1160
-918
-1008
-1304
-1284
-1022
-1026
-1309
-1492
-1649
-2170
-3072
-4202
-5437
-6238
-6012
-5247
-5270
-6064
-6075
-5048
-4644
-5323
-5228
-3494
-1996
-1964
-1666
433
2691
3038
2459
3059
4482
4960
4597
4956
6153
6718
6188
5682
5898
6149
5698
4894
4506
4597
4616
4222
3693
3420
3223
2608
1613
903
785
665
58
-560
-600
-442
-798
-1445
-1632
-1433
-1562
-2038
-2155
-1782
-1603
-1923
-2223
-2196
-2264
-2717
-3157
-3226
-3193
-3377
-3570
-3501
-3310
-3224
-3180
-3003
-2726
-2451
-2138
-1779
-1439
-1138
-872
-669
-561
-470
-308
-159
-88
-4
132
231
248
279
366
397
372
426
592
712
742
818
950
1015
978
967
1051
1109
1076
1062
1136
1268
1370
1426
1506
1619
1710
1730
1695
1681
1673
1602
1492
1419
1371
1251
1044
846
678
467
247
136
126
80
-5
-20
23
-14
-149
-226
-194
-183
-246
-314
-339
-409
-615
-898
-1150
-1340
-1510
-1701
-1877
-1982
-2052
-2182
-2380
-2533
-2577
-2580
-2606
-2577
-2408
-2167
-1980
-1845
-1658
-1402
-1158
-967
-763
-485
-179
64
234
427
682
921
1084
1245
1502
1813
2071
2282
2535
2835
3087
3244
3365
3509
3638
3677
3620
3535
3465
3375
3202
2968
2767
2629
2465
2208
1931
1727
1533
1237
876
582
362
86
-273
-614
-898
-1210
-1600
-1992
-2312
-2588
-2862
-3099
-3259
-3357
-3441
-3506
-3530
-3513
-3469
-3393
-3267
-3099
-2911
-2712
-2507
-2305
-2124
-1969
-1838
-1719
-1610
-1505
-1400
-1294
-1182
-1066
-951
-834
-703
-558
-407
-245
-69
120
320
526
735
935
1124
1314
1492
1652
1785
1899
2010
2113
2196
2269
2339
2403
2445
2447
2424
2381
2315
2221
2104
1986
1868
1744
1598
1446
1300
1151
998
848
722
624
529
433
347
272
189
79
-44
-152
-258
-377
-502
-619
-714
-821
-949
-1076
-1188
-1288
-1397
-1512
-1605
-1676
-1742
-1802
-1846
-1866
-1865
-1847
-1794
-1704
-1587
-1446
-1280
-1098
-905
-707
-505
-299
-102
85
266
451
618
759
875
980
1072
1134
1165
1184
1204
1206
1183
1150
1128
1105
1065
1018
984
971
954
929
916
912
900
870
819
762
696
613
508
376
233
85
-67
-233
-402
-556
-691
-816
-932
-1017
-1063
-1087
-1102
-1100
-1069
-1012
-952
-897
-842
-783
-734
-709
-708
-717
-738
-774
-832
-900
-958
-1014
-1065
-1106
-1119
-1109
-1080
-1034
-957
-851
-724
-584
-432
-267
-94
83
256
428
602
765
916
1052
1179
1290
1385
1462
1520
1564
1593
1603
1598
1575
1537
1486
1419
1342
1261
1177
1089
997
910
830
760
699
646
603
562
518
471
422
361
285
189
73
-62
-212
-371
-531
-699
-883
-1070
-1247
-1407
-1551
-1675
-1771
-1837
-1881
-1906
-1900
-1868
-1820
-1766
-1700
-1616
-1518
-1415
-1305
-1188
-1068
-955
-832
-697
-546
-389
-224
-45
141
334
532
731
921
1097
1261
1408
1544
1670
1773
1849
1898
1927
1938
1928
1895
1847
1790
1720
1633
1542
1451
1349
1226
1091
955
823
682
531
381
230
74
-90
-247
-394
-534
-672
-802
-914
-1013
-1097
-1170
-1228
-1276
-1311
-1328
-1334
-1323
-1302
-1277
-1252
-1219
-1183
-1138
-1088
-1039
-985
-925
-859
-796
-737
-668
-598
-535
-472
-394
-320
-262
-198
-148
-110
-63
-17
23
67
115
166
221
280
349
416
475
540
606
665
731
792
826
850
878
895
892
876
852
837
812
775
732
708
696
661
624
620
623
605
594
611
615
604
602
591
563
524
472
406
323
229
118
-9
-135
-257
-391
-540
-688
-827
-970
-1116
-1245
-1357
-1460
-1553
-1625
-1674
-1700
-1705
-1692
-1660
-1598
-1503
-1387
-1251
-1093
-915
-727
-535
-331
-115
108
326
532
737
936
1116
1272
1403
1502
1572
1614
1637
1641
1624
1588
1535
1470
1401
1331
1254
1172
1093
1011
935
854
760
659
561
445
312
186
50
-89
-224
-369
-500
-632
-764
-865
-944
-1036
-1101
-1127
-1145
-1142
-1118
-1085
-1031
-968
-902
-818
-742
-666
-591
-531
-481
-427
-390
-382
-358
-313
-329
-351
-308
-301
-337
-335
-284
-266
-285
-254
-170
-128
-114
-54
23
69
130
197
253
311
369
431
451
480
511
531
533
537
550
544
538
536
551
546
529
545
566
548
529
567
581
556
552
558
551
509
483
485
461
402
379
371
299
246
238
183
108
74
37
-23
-73
-141
-210
-255
-323
-418
-484
-548
-635
-721
-789
-839
-891
-943
-986
-1019
-1041
-1050
-1062
-1062
-1024
-979
-957
-905
-809
-727
-671
-582
-467
-377
-286
-156
-40
47
161
277
343
423
551
619
628
714
811
795
810
916
882
799
893
919
773
768
876
752
613
698
697
505
510
638
471
326
516
513
221
310
492
225
89
391
303
-18
157
295
-50
-89
195
-37
-308
-6
-12
-489
-328
-34
-500
-661
-216
-422
-841
-498
-362
-847
-790
-450
-758
-928
-553
-596
-930
-704
-425
-733
-804
-367
-435
-771
-460
-149
-527
-573
-34
-154
-543
-134
166
-278
-249
301
131
-211
239
453
29
157
593
360
195
585
609
319
512
740
500
463
712
641
494
624
641
487
524
583
448
394
460
377
261
302
297
147
98
169
89
-56
-40
-12
-148
-244
-184
-228
-372
-367
-311
-436
-556
-474
-434
-601
-678
-536
-539
-751
-704
-495
-611
-788
-556
-376
-656
-633
-251
-334
-527
-214
-49
-262
-49
249
17
46
514
408
114
613
890
376
449
1078
857
426
882
1079
562
677
1106
693
357
914
914
131
278
946
565
-190
190
763
258
-299
124
510
-32
-335
110
166
-275
-212
14
-286
-380
28
-181
-737
-407
75
-420
-968
-518
-49
-472
-996
-692
-172
-520
-1024
-619
-240
-794
-918
-187
-438
-1114
-409
140
-775
-923
137
24
-731
-241
129
-354
-8
397
-457
-283
1055
386
-915
320
1645
130
-875
937
1696
-23
-374
1214
1263
151
304
848
667
639
665
159
342
1024
407
-414
350
952
-18
-546
252
551
-240
-589
23
206
-485
-667
27
-58
-868
-525
112
-601
-973
-170
-290
-994
-557
-292
-905
-698
-263
-861
-920
-183
-488
-1031
-353
-37
-685
-596
86
32
-365
-155
441
537
13
125
1030
992
207
576
1397
1061
582
947
1175
1102
1034
752
805
1273
1000
395
655
1040
779
335
218
644
834
-56
-341
735
610
-758
-356
717
-184
-873
-104
-118
-678
-397
-444
-1017
-462
-139
-1220
-1316
-80
-346
-1605
-1109
-52
-540
-1431
-908
-37
-493
-1182
-600
-13
-579
-651
-24
-399
-636
251
86
-904
-142
850
-356
-934
527
634
-684
-364
686
89
-439
347
464
-154
151
690
193
-60
765
957
86
156
1241
1093
28
486
1540
935
85
826
1497
679
182
997
1180
264
246
1028
571
-247
284
624
-292
-676
44
-60
-1077
-1071
-413
-845
-1635
-1391
-1024
-1475
-1827
-1612
-1494
-1656
-1728
-1625
-1509
-1424
-1384
-1286
-1068
-860
-768
-599
-276
-108
-11
333
654
667
841
1306
1410
1282
1612
1978
1777
1669
2057
2095
1756
1868
2043
1692
1551
1808
1529
1039
1305
1442
709
443
1004
803
-74
65
610
4
-658
-146
131
-712
-964
-154
-249
-1259
-998
52
-511
-1601
-759
255
-834
-1618
-350
188
-1129
-1354
-111
-167
-1280
-1026
-150
-624
-1268
-806
-561
-1031
-946
-672
-1178
-1183
-352
-695
-1683
-855
344
-764
-1752
-180
752
-838
-1207
610
723
-795
-376
1119
581
-549
334
1284
345
-213
880
1281
272
130
1148
1197
357
536
1373
1119
430
833
1454
1022
518
990
1304
740
486
905
853
250
145
361
35
-424
-420
-499
-986
-1258
-1235
-1503
-1913
-1944
-1854
-2076
-2302
-2192
-2033
-2074
-2097
-1936
-1644
-1338
-1143
-1025
-636
-27
239
238
693
1500
1789
1732
2194
2936
3145
3039
3293
3719
3844
3744
3689
3721
3704
3466
3025
2638
2402
2009
1330
739
379
-102
-805
-1407
-1822
-2294
-2812
-3140
-3346
-3617
-3790
-3730
-3691
-3727
-3500
-3044
-2780
-2576
-2004
-1342
-1041
-736
-13
545
615
923
1613
1864
1702
1957
2372
2183
1835
1981
2035
1546
1192
1227
972
385
124
49
-400
-909
-964
-1016
-1483
-1774
-1586
-1603
-1969
-2008
-1659
-1549
-1696
-1508
-1065
-863
-807
-537
-155
116
334
581
825
1053
1219
1266
1311
1488
1618
1541
1493
1598
1606
1450
1418
1510
1520
1534
1632
1636
1539
1513
1462
1219
989
968
846
392
-126
-559
-1154
-1997
-2757
-3221
-3563
-3980
-4380
-4722
-5054
-5384
-5637
-5739
-5561
-5046
-4412
-3784
-3141
-2403
-1669
-1060
-514
307
1510
2698
3571
4425
5433
6113
6224
6328
6852
7371
7524
7628
7863
7863
7359
6590
5825
5111
4411
3725
3070
2460
1804
846
-434
-1733
-2771
-3666
-4505
-5130
-5427
-5705
-6281
-7004
-7481
-7650
-7711
-7576
-7018
-6142
-5366
-4829
-4307
-3661
-2989
-2314
-1449
-322
854
1796
2419
2837
3169
3434
3674
3997
4422
4812
4958
4792
4447
4039
3555
3026
2587
2324
2092
1678
1075
420
-254
-978
-1602
-1962
-2106
-2230
-2447
-2711
-2966
-3201
-3334
-3307
-3090
-2751
-2407
-2054
-1695
-1380
-1109
-766
-324
175
785
1512
2128
2375
2392
2529
2789
2856
2688
2587
2623
2560
2320
2215
2415
2461
1868
1030
868
1334
1422
720
162
358
390
-585
-1898
-2679
-3594
-5600
-7598
-7579
-5948
-5205
-6410
-7859
-8049
-7840
-8209
-8113
-6316
-3964
-3008
-3011
-1947
404
1993
1892
1832
3404
5874
7720
8946
10333
11470
11269
10054
9570
10555
11732
11709
10738
9926
9379
8259
6416
4670
3462
2258
689
-678
-1318
-1831
-3250
-5470
-7371
-8357
-8835
-9217
-9294
-8993
-8861
-9254
-9688
-9568
-9054
-8573
-7946
-6726
-5098
-3704
-2730
-1837
-936
-254
334
1325
2763
4051
4770
5125
5342
5270
4858
4525
4562
4686
4538
4169
3786
3260
2404
1414
642
168
-170
-446
-622
-818
-1259
-1943
-2606
-2964
-2944
-2660
-2271
-1950
-1823
-1837
-1877
-1818
-1525
-980
-298
318
770
1128
1398
1519
1576
1771
2186
2663
3018
3196
3164
2911
2521
2116
1798
1632
1606
1529
1334
1183
1145
965
449
-42
-34
300
359
-13
-495
-676
-544
-457
-898
-1936
-3249
-5038
-7606
-9689
-9082
-6276
-5039
-7306
-9838
-9515
-8496
-9598
-10402
-7283
-2925
-2340
-3983
-2064
3162
5340
3143
2202
5516
9251
10288
11127
13976
16178
14725
11633
10797
12460
13827
13229
11633
10517
9823
8283
5535
2984
1711
583
-1812
-4259
-4630
-3868
-4974
-8233
-10801
-11292
-11312
-11805
-11463
-9739
-8402
-8775
-9671
-9428
-8104
-6756
-5824
-4861
-3235
-984
819
1271
1159
1869
3065
3411
3422
4794
6851
7019
5106
3746
3969
3894
2653
1969
2614
2772
1354
-136
-455
-661
-1754
-2740
-2550
-1904
-1781
-1889
-1816
-2007
-2640
-2932
-2390
-1548
-861
-141
493
516
148
228
802
1102
1114
1597
2452
2798
2557
2440
2462
2058
1545
1769
2464
2587
2102
1814
1803
1430
777
567
899
1235
1413
1570
1555
1181
742
614
645
596
570
781
1160
1249
558
-896
-2671
-5083
-8928
-12692
-12566
-8163
-5135
-7663
-11720
-11733
-10209
-12392
-15028
-11106
-3534
-1692
-5173
-4185
3057
7093
3942
1645
5855
11096
11969
12191
16138
20118
18792
14095
11713
12907
14517
14344
13063
11980
11026
8949
5263
1670
28
-737
-3059
-6241
-7177
-5857
-5903
-8781
-11720
-12671
-13024
-13791
-13280
-10550
-7760
-6974
-7361
-7170
-6189
-5018
-3805
-2544
-1263
377
2497
4206
4703
4517
4304
3799
3051
3246
4868
6219
5657
3880
2370
1207
-49
-877
-771
-596
-1234
-2068
-2303
-2403
-3055
-3806
-3965
-3738
-3356
-2421
-909
110
-63
-625
-652
-225
425
1541
2969
3705
3287
2607
2418
2419
2224
2139
2454
2692
2462
2165
2173
2044
1261
241
-169
225
882
1284
1304
956
448
170
260
420
579
1059
1801
2061
1578
1102
1157
1426
1564
1564
1096
-166
-2121
-5350
-10425
-14584
-13190
-7548
-5581
-10134
-13707
-11261
-9433
-13814
-16767
-10455
-2392
-3234
-7581
-3394
6247
8577
3413
2370
8390
12748
12103
13043
18432
22084
19492
14551
12712
13990
14967
13775
11602
10467
10227
8371
4009
142
-956
-1839
-5398
-9095
-8877
-6479
-6824
-10102
-12266
-12183
-12420
-13434
-12607
-9266
-6161
-5231
-5281
-4560
-3076
-1793
-1077
-374
1069
3098
4434
4386
4049
4499
4708
3313
1571
1655
2852
2637
894
-224
-439
-1601
-3747
-4692
-3923
-3413
-3944
-4085
-3308
-2918
-3363
-3403
-2480
-1514
-822
329
1904
2889
3068
3249
3603
3603
3461
3941
4755
4784
3974
3317
3017
2276
1007
188
206
329
123
-34
-41
-407
-1123
-1397
-853
-13
643
1205
1839
2393
2615
2440
2160
2303
2970
3569
3680
3582
3519
3225
2661
2089
1205
-480
-2847
-6256
-11470
-16218
-15683
-10277
-7819
-12111
-16108
-13860
-11310
-14749
-17218
-10265
-851
-551
-4921
-1226
8659
11774
6951
5716
11561
15636
14032
13523
17763
20768
17546
11696
8737
8768
8574
6775
4691
3734
3236
1082
-3009
-6195
-6556
-6260
-7843
-9554
-8310
-5314
-4126
-4961
-5143
-3977
-3216
-3091
-1812
1303
4765
6722
6661
5544
4888
4938
4396
3032
2654
3799
3778
896
-2188
-2985
-3570
-6387
-9218
-8987
-7471
-7928
-9224
-8597
-7205
-7718
-8995
-8137
-5573
-3708
-2555
-642
1512
2382
2355
2839
3848
4586
5193
6054
6636
6379
5653
4910
3892
2564
1603
1361
1231
593
-244
-850
-1467
-2404
-3316
-3517
-2905
-2009
-1213
-482
249
806
1116
1540
2497
3837
5011
5872
6718
7409
7300
6242
5108
4679
4567
4134
3588
3235
2547
1125
-298
-1166
-2256
-4242
-6898
-10847
-16798
-21423
-19414
-12516
-9654
-13681
-16468
-13030
-10380
-13578
-14253
-5246
4557
4324
308
4769
14241
16222
11107
10086
15058
17259
14346
13508
17296
19050
14266
7097
3196
2673
2321
692
-1053
-1709
-2144
-4306
-7834
-9629
-8404
-6979
-7773
-8607
-6336
-2175
386
752
964
1789
2222
2320
3591
6624
9775
10745
9161
6899
5654
4900
3355
1332
-411
-2542
-5474
-7420
-6951
-6178
-7871
-11095
-12941
-12896
-12224
-10756
-7849
-4947
-4055
-4563
-4174
-2149
328
2159
3282
4103
4864
5585
6186
6664
6813
6032
4263
2679
2454
3054
2993
1904
458
-1071
-2688
-3672
-3353
-2491
-2387
-2995
-3267
-2959
-2561
-2071
-1119
56
840
1424
2471
3943
5183
5859
6180
6270
6149
6132
6602
7333
7419
6226
4161
2277
1162
493
-203
-939
-1610
-2299
-3027
-3757
-4621
-5857
-8059
-12400
-18389
-21533
-17579
-9943
-6940
-9759
-11011
-7916
-7026
-10484
-9507
143
8441
7092
3805
8603
16265
16162
10623
9464
12858
13258
10189
10113
13829
14736
9421
2190
-1790
-2270
-2065
-2726
-3305
-2791
-2330
-3859
-6573
-7235
-5169
-3584
-4279
-4466
-1363
3179
5611
5661
5447
5494
4769
3646
4040
6569
9159
9223
6596
3485
1556
48
-2358
-4906
-5850
-5659
-6600
-8860
-10130
-9684
-9826
-11793
-13066
-11330
-8191
-6223
-4972
-2794
-632
-366
-974
-11
2417
4225
4882
5499
6161
5910
4797
3774
3048
2243
1524
1224
1055
664
133
-557
-1652
-2892
-3397
-2867
-1919
-1080
-437
7
181
157
227
636
1472
2622
3680
4424
5009
5461
5470
5027
4751
4978
5223
5064
4849
4890
4614
3305
1287
-361
-1130
-1459
-1812
-2112
-2314
-2779
-3456
-3684
-3497
-3912
-5267
-7089
-10088
-14876
-18015
-14804
-7792
-5269
-8650
-10098
-6443
-4827
-8308
-8209
305
7717
5855
2296
6849
14273
14126
8742
7703
11113
11621
8692
8404
11638
12489
7947
1888
-1148
-1085
-661
-1378
-2222
-1886
-1217
-2138
-4170
-4564
-2722
-1434
-2270
-2757
-343
3523
5598
5236
4455
4453
4354
3407
2823
4231
6582
6810
4129
1315
352
-401
-2611
-4734
-5074
-5055
-6683
-9385
-11512
-12467
-12118
-10620
-9172
-8413
-7122
-4937
-3705
-3700
-2367
701
2363
1921
2682
5413
6728
5563
4671
4713
3501
1463
1309
2574
2452
974
128
-423
-1915
-3110
-2594
-1684
-1827
-1930
-873
163
139
23
608
1134
1111
1420
2619
3944
4623
4784
4771
4604
4261
3986
4148
4796
5398
5211
4183
3138
2580
1957
703
-646
-1260
-1409
-1880
-2485
-2531
-2412
-3039
-3910
-3760
-2924
-2854
-3796
-5560
-9318
-14634
-16763
-12473
-6640
-6031
-8625
-7779
-4694
-5868
-9314
-6457
1933
5617
2434
2020
8601
13790
11568
7772
8642
10725
9106
6765
8496
12012
11607
6805
2076
154
-200
-895
-1784
-1681
-704
-451
-1713
-2966
-2501
-1134
-1001
-2091
-2006
501
3740
5408
5340
4994
4876
4065
2489
2041
3910
5942
5230
2478
783
503
-889
-3762
-5586
-5763
-6689
-8930
-9859
-8602
-7878
-9242
-10605
-10118
-8749
-7516
-5626
-2807
-575
93
113
638
1754
2995
3881
4131
4085
4267
4327
3623
2593
1991
1281
-255
-1595
-1394
-452
-473
-1313
-1741
-1790
-2155
-2304
-1334
166
965
1088
1389
1997
2457
2793
3317
3901
4199
4272
4482
4881
5062
4640
3714
2811
2327
2239
2321
2359
2074
1281
268
-444
-779
-1105
-1512
-1673
-1538
-1486
-1652
-1660
-1218
-555
-153
-307
-921
-1878
-3795
-7592
-12167
-13959
-11245
-7491
-6933
-8381
-7893
-6229
-7322
-9753
-7720
-1272
2750
1934
2162
6994
11406
10610
7834
8091
10016
9718
8154
8910
11478
11688
8005
3368
866
342
-227
-1401
-1873
-1069
-556
-1793
-3532
-3564
-2272
-2005
-3038
-2956
-521
2407
3750
3935
4322
4643
3870
2570
2628
4450
5968
5377
3509
2289
1651
-24
-2671
-4395
-4816
-5794
-7780
-8548
-7288
-6655
-8604
-10888
-10582
-8613
-7340
-6200
-3504
-467
345
-471
-70
1952
3391
3406
3436
4271
4919
4637
3905
3193
2245
840
-586
-1364
-1226
-669
-600
-1280
-2066
-2426
-2542
-2549
-1988
-749
388
900
1223
1764
2223
2297
2324
2677
3186
3641
4043
4316
4270
3854
3188
2418
1818
1690
1875
1813
1281
661
356
302
231
-4
-366
-676
-726
-460
-98
82
112
287
735
995
498
-542
-1862
-4596
-9618
-14115
-13594
-8821
-6080
-7880
-9298
-7249
-6303
-9449
-10628
-4716
2345
2926
745
3928
10451
12023
8542
7219
9660
10506
8245
7587
10434
12397
9838
4824
1293
91
-544
-1716
-2602
-2219
-1347
-1793
-3561
-4445
-3422
-2378
-2989
-3719
-2146
1214
3751
4474
4687
5223
5118
3754
2647
3642
5884
6501
4685
2741
2142
1116
-1782
-4570
-5238
-5444
-7291
-9054
-8287
-6735
-7494
-9625
-10027
-8729
-7723
-6601
-3887
-642
851
768
987
1950
2929
3679
4234
4480
4586
4732
4423
3395
2372
1595
262
-1505
-2117
-1246
-696
-1353
-2082
-2272
-2705
-3367
-2971
-1410
-161
246
670
1395
1845
2005
2451
3102
3385
3398
3647
4090
4319
4121
3497
2563
1712
1339
1295
1131
705
216
-223
-599
-803
-810
-731
-647
-538
-347
-152
-54
83
549
1263
1578
1096
124
-1679
-5633
-10922
-13322
-10478
-6431
-6217
-8103
-7472
-5768
-7610
-10700
-8272
-1357
1987
304
938
6692
10969
9494
6973
7999
9712
8490
6888
8587
11662
11561
7766
3612
1359
362
-695
-1717
-1772
-926
-705
-2098
-3734
-3736
-2679
-2712
-3866
-3659
-1017
1976
3245
3501
4274
4914
3900
2117
2167
4375
5962
5107
3383
2687
2038
-324
-3407
-4960
-5200
-6051
-7488
-7733
-6787
-6704
-8196
-9648
-9769
-8886
-7439
-5232
-2498
-212
966
1243
1267
1675
2616
3537
4034
4520
5253
5421
4435
3122
2255
1221
-358
-1284
-740
46
-203
-937
-1294
-1737
-2633
-2967
-2026
-685
57
445
1000
1501
1682
1780
2012
2319
2682
3119
3477
3704
3890
3797
3058
1976
1315
1232
1235
1051
703
79
-744
-1245
-1281
-1432
-1902
-2090
-1732
-1280
-938
-487
-87
64
437
1150
1359
905
551
-737
-5010
-10151
-10657
-6346
-3901
-6092
-7380
-4769
-3989
-8222
-10295
-4779
1571
1081
-1658
1552
7909
9180
5991
5455
8333
8998
6435
5711
8816
11375
9567
5260
2403
1763
1203
-367
-1476
-860
107
-760
-2886
-3593
-2323
-1538
-2755
-3986
-2825
-118
1574
1815
2326
3511
3585
1912
734
2038
4295
4603
3068
2205
2419
1414
-1347
-3151
-2676
-2544
-4678
-6623
-6017
-5352
-7534
-10003
-9012
-6650
-7060
-8421
-6237
-2044
-780
-1775
-545
2429
3063
1812
2601
5315
6415
5411
4608
4409
3624
2417
1557
819
139
-76
-326
-1176
-1674
-1175
-1145
-2358
-2964
-1779
-457
-296
-11
1198
1860
1292
990
1803
2627
2692
2717
3150
3443
3242
2807
2377
2036
1896
1794
1382
799
508
498
266
-328
-840
-997
-1020
-1064
-923
-621
-623
-934
-762
168
968
1126
932
-745
-5854
-12118
-13266
-8096
-3806
-5116
-7007
-4826
-3606
-8049
-11381
-6129
1636
1950
-1800
695
8167
10566
6754
5047
7795
8681
5693
4764
8804
12533
10819
5696
2062
1004
286
-1142
-1815
-700
603
-131
-2362
-3324
-2176
-1334
-2598
-4129
-3131
-31
2321
2811
3036
3924
3865
1774
-29
1332
4519
5517
3692
2256
2321
1173
-2073
-4209
-3679
-3471
-5467
-6877
-5576
-4237
-5451
-7336
-7436
-6823
-6972
-6388
-3680
-635
607
574
732
1172
1535
2048
2792
3508
4150
4504
4015
2936
2239
1758
438
-1199
-1442
-464
-176
-923
-1333
-1357
-2201
-3458
-3400
-1992
-817
-339
270
1071
1320
1092
1175
1731
2296
2719
3151
3568
3769
3595
2964
2114
1528
1349
1236
1002
861
764
230
-859
-1866
-2183
-1916
-1557
-1287
-949
-560
-389
-419
-234
242
529
521
910
1910
2701
2797
2497
1281
-2068
-6471
-8552
-7332
-5768
-5797
-5690
-4522
-4854
-7648
-9133
-6623
-3136
-2159
-1874
866
4614
6072
5731
6260
7457
7215
5969
6190
8314
10090
9766
7816
5519
3438
1547
23
-641
-382
-77
-666
-1923
-2772
-2917
-3198
-4062
-4674
-4075
-2455
-748
598
1762
2611
2510
1438
660
1431
3175
4196
4083
3868
3696
2373
-74
-1776
-2113
-2786
-4435
-5158
-4223
-3900
-5434
-6883
-6906
-7015
-7805
-7004
-3906
-1295
-784
-608
366
781
352
867
2573
3690
3832
4151
4493
3851
2734
2052
1294
162
-241
419
750
153
-429
-837
-1833
-2876
-2667
-1518
-720
-314
317
752
474
128
398
929
1309
1802
2524
3101
3307
3207
2797
2152
1647
1519
1603
1727
1840
1694
973
-181
-1168
-1476
-1162
-778
-732
-810
-689
-530
-562
-563
-451
-624
-900
-440
661
1321
1278
761
-1336
-5664
-9246
-8625
-5640
-4752
-5669
-4847
-3269
-4965
-8303
-7444
-2635
-160
-1382
-744
3836
7358
6749
5501
6568
7454
5842
4338
6003
9185
10040
7826
4932
3091
1841
377
-781
-695
159
171
-1131
-2305
-2174
-1675
-2302
-3582
-3659
-2037
-117
960
1629
2472
2762
1678
268
518
2471
3940
3657
2875
2807
2410
508
-1623
-2211
-2130
-3356
-5245
-5536
-4497
-4665
-6498
-7741
-7366
-6821
-6730
-5613
-3010
-888
-601
-902
-250
999
1846
2415
3278
4204
4520
4120
3552
3208
2818
1900
697
85
288
456
-14
-648
-1050
-1652
-2537
-2799
-1974
-918
-461
-302
24
271
268
441
1007
1606
1992
2348
2750
3008
3032
2859
2473
2013
1791
1815
1805
1700
1569
1156
306
-462
-697
-804
-1227
-1499
-1195
-915
-1243
-1594
-1262
-690
-537
-557
-365
-167
10
571
1295
1494
1229
655
-1213
-4689
-7241
-6501
-4385
-4305
-5516
-5023
-3797
-5169
-7786
-6915
-2775
-513
-1343
-694
3226
6199
5503
4285
5492
7006
6289
5226
6596
9043
9207
6767
4247
3034
2228
1013
34
57
492
87
-1340
-2601
-2804
-2612
-3098
-3933
-3705
-2112
-485
169
451
1107
1494
822
65
884
2934
4150
3768
3137
3116
2659
1007
-635
-1050
-1075
-2042
-3375
-3632
-3108
-3521
-5344
-7145
-7658
-7187
-6550
-5646
-3987
-2099
-1263
-1652
-1774
-530
1141
1867
2131
3219
4660
4914
4106
3671
3629
2717
1117
503
1182
1619
974
17
-677
-1512
-2527
-2906
-2282
-1360
-880
-803
-726
-527
-322
-101
288
913
1613
2252
2849
3323
3396
2972
2365
1933
1762
1878
2262
2536
2194
1256
260
-452
-931
-1223
-1277
-1210
-1176
-1128
-1016
-965
-1077
-1216
-1188
-892
-425
-72
139
551
1211
1446
1001
613
277
-1608
-5225
-7477
-6201
-4048
-4360
-5606
-4868
-3970
-6120
-8757
-6982
-2310
-420
-1436
-348
3574
5684
4502
3914
5797
7131
6124
5462
7283
9472
9118
6634
4321
3049
2102
1078
513
758
1117
449
-1299
-2788
-3005
-2674
-2988
-3585
-3108
-1516
-252
3
194
978
1427
785
231
1327
3420
4411
3839
3163
2949
2071
281
-787
-341
-13
-1170
-2691
-3089
-3097
-4100
-5575
-6195
-6169
-6422
-6498
-5412
-3773
-3106
-3616
-4175
-4040
-3212
-1709
356
2252
3212
3225
2820
2503
2603
3119
3561
3540
3280
3103
2766
1944
888
-57
-965
-1783
-1931
-1210
-360
-148
-508
-993
-1377
-1423
-793
414
1593
2329
2695
2836
2758
2596
2570
2654
2660
2596
2612
2645
2442
1878
1071
241
-430
-838
-952
-843
-714
-851
-1357
-1991
-2390
-2397
-2075
-1527
-926
-539
-402
-215
164
414
256
53
275
741
1008
1177
1441
1056
-918
-3742
-5337
-5018
-4315
-4451
-4725
-4439
-4606
-5943
-6888
-5728
-3479
-2306
-2037
-762
1715
3553
3945
4102
4843
5367
5140
5173
6354
7790
7872
6405
4610
3440
2724
1984
1348
1111
961
251
-976
-1863
-1960
-1898
-2374
-2994
-2848
-1929
-1055
-578
-79
566
799
470
400
1258
2505
3151
3097
2933
2780
2204
1218
528
421
241
-624
-1734
-2265
-2306
-2687
-3646
-4502
-4867
-5229
-5776
-5612
-4141
-2509
-2321
-3323
-3846
-3289
-2445
-1539
99
2118
2952
2212
1473
1887
2665
2773
2546
2665
2836
2510
1960
1641
1276
370
-838
-1572
-1418
-679
-11
121
-268
-819
-1183
-1163
-630
363
1407
1969
1971
1846
1934
2115
2137
2063
2090
2186
2161
2012
1863
1632
1081
296
-257
-288
-70
-34
-273
-668
-1215
-1848
-2180
-1829
-1039
-534
-647
-922
-828
-545
-576
-826
-672
-61
321
232
343
847
473
-1801
-4634
-5644
-4684
-3826
-3976
-3879
-3096
-3362
-5339
-6541
-4870
-2086
-1045
-1146
222
2897
4207
3594
3397
4635
5423
4648
4176
5679
7605
7410
5292
3515
2916
2321
1177
594
1207
1736
780
-1001
-1885
-1612
-1516
-2202
-2621
-1904
-802
-400
-389
149
952
930
149
-5
1115
2459
2907
2730
2641
2395
1431
239
-150
172
88
-795
-1669
-1987
-2282
-3063
-3917
-4328
-4592
-5063
-5231
-4480
-3268
-2635
-2796
-3048
-2924
-2534
-1810
-463
1156
2123
2108
1767
1744
1938
2043
2131
2303
2320
1997
1565
1267
937
276
-624
-1291
-1400
-1057
-598
-289
-274
-595
-1066
-1234
-752
212
1151
1762
2068
2148
2069
2027
2201
2462
2550
2467
2421
2409
2208
1735
1105
436
-184
-583
-638
-476
-420
-684
-1215
-1792
-2176
-2225
-1966
-1579
-1247
-1013
-832
-703
-616
-446
-54
407
620
592
710
1135
1450
1308
982
775
246
-1129
-2750
-3433
-3141
-3086
-3789
-4357
-4184
-4097
-4783
-5256
-4329
-2676
-1821
-1618
-582
1421
2817
2882
2837
3693
4652
4731
4603
5368
6442
6303
4875
3602
3210
2880
1942
1046
907
957
248
-971
-1655
-1641
-1769
-2384
-2736
-2235
-1424
-1070
-1021
-658
-39
239
187
503
1433
2334
2618
2531
2541
2536
2140
1512
1148
1055
722
-77
-988
-1703
-2375
-3190
-3916
-4241
-4256
-4290
-4379
-4290
-3993
-3692
-3443
-3050
-2379
-1518
-620
225
936
1415
1643
1713
1765
1940
2231
2451
2429
2179
1799
1326
814
387
110
-90
-279
-398
-420
-422
-463
-516
-553
-554
-433
-118
329
751
1048
1216
1266
1249
1252
1345
1508
1662
1739
1693
1545
1369
1224
1092
945
807
643
351
-68
-442
-642
-775
-904
-902
-726
-648
-802
-876
-686
-620
-950
-1157
-723
-94
22
-168
-154
-515
-2133
-4256
-5020
-4160
-3383
-3568
-3682
-3153
-3233
-4578
-5387
-4024
-1745
-660
-455
710
2695
3568
3016
2817
3793
4576
4306
4171
5249
6436
6000
4224
2799
2337
1984
1316
1064
1593
1925
1090
-362
-1150
-1091
-1073
-1421
-1441
-709
104
264
68
181
495
429
117
331
1272
2195
2414
2111
1758
1358
720
70
-152
7
16
-462
-1194
-1822
-2333
-2925
-3572
-3985
-3996
-3813
-3729
-3735
-3606
-3348
-3246
-3319
-3144
-2433
-1532
-943
-566
-45
538
788
778
984
1464
1768
1711
1654
1780
1779
1433
967
674
513
337
180
139
164
118
-42
-210
-226
-23
276
527
747
1034
1327
1480
1536
1663
1864
1974
1967
1991
2085
2083
1874
1548
1252
1006
757
510
311
124
-131
-456
-739
-903
-1009
-1145
-1300
-1407
-1475
-1522
-1495
-1341
-1145
-1032
-969
-839
-671
-584
-541
-374
-87
102
101
45
-44
-391
-1063
-1696
-1939
-1919
-1988
-2176
-2278
-2358
-2660
-3058
-3073
-2545
-1857
-1312
-768
-40
646
1014
1215
1590
2152
2636
2997
3423
3903
4121
3879
3391
2988
2735
2516
2321
2221
2126
1805
1194
532
66
-210
-439
-615
-635
-545
-520
-614
-676
-606
-495
-414
-250
113
541
801
863
874
884
787
571
381
235
-64
-615
-1212
-1597
-1829
-2123
-2463
-2699
-2851
-3081
-3303
-3209
-2755
-2232
-1837
-1450
-982
-587
-358
-128
257
691
1021
1261
1489
1643
1599
1376
1103
897
784
736
701
659
573
370
66
-201
-305
-261
-160
-46
90
189
191
133
115
211
384
595
842
1103
1316
1405
1373
1297
1283
1352
1462
1548
1540
1369
982
419
-104
-383
-427
-403
-410
-452
-596
-964
-1495
-1891
-1933
-1733
-1496
-1291
-1178
-1384
-2159
-3326
-4260
-4505
-4175
-3676
-3162
-2642
-2375
-2631
-3075
-2944
-2020
-829
229
1321
2520
3368
3517
3326
3350
3568
3679
3806
4254
4832
4925
4251
3192
2254
1572
1101
969
1238
1573
1497
911
228
-180
-351
-421
-310
83
574
877
953
962
942
786
537
461
729
1174
1493
1499
1173
580
-167
-859
-1290
-1431
-1488
-1695
-2115
-2643
-3166
-3600
-3868
-3915
-3763
-3488
-3151
-2781
-2423
-2150
-1971
-1818
-1587
-1221
-737
-226
163
297
143
-148
-357
-367
-222
-44
62
8
-230
-569
-832
-913
-835
-654
-382
-69
204
389
504
601
729
960
1348
1855
2360
2749
2942
2928
2805
2708
2718
2822
2949
3014
2941
2696
2315
1887
1488
1149
879
677
508
316
65
-246
-575
-865
-1061
-1125
-1070
-954
-839
-776
-781
-822
-835
-784
-684
-572
-479
-431
-465
-586
-734
-859
-947
-1003
-1017
-1006
-1018
-1082
-1186
-1297
-1384
-1410
-1363
-1270
-1182
-1149
-1207
-1354
-1538
-1666
-1687
-1615
-1491
-1349
-1235
-1187
-1185
-1157
-1043
-831
-530
-148
272
650
941
1148
1292
1416
1564
1766
2013
2258
2428
2487
2422
2267
2081
1916
1799
1728
1672
1594
1469
1291
1084
877
697
556
457
393
344
288
215
130
54
-10
-60
-99
-130
-179
-248
-281
-234
-161
-145
-192
-265
-361
-503
-634
-696
-706
-748
-853
-926
-989
-1087
-1192
-1236
-1216
-1160
-1050
-886
-694
-514
-377
-304
-274
-195
-8
210
367
471
545
544
456
383
397
455
446
377
332
288
211
128
91
89
61
28
42
87
84
28
-5
38
97
136
201
281
285
123
-98
-149
1
198
331
416
473
436
238
-120
-494
-647
-534
-461
-682
-1016
-1303
-2080
-3704
-5249
-5392
-4287
-3642
-3840
-3657
-2860
-2858
-3881
-3805
-1696
534
1117
1249
2693
4347
4405
3605
3774
4698
4886
4381
4565
5454
5640
4521
3016
2077
1628
1309
1152
1274
1405
1145
449
-294
-643
-520
-242
-63
116
489
982
1282
1280
1188
1184
1184
1093
1096
1378
1681
1520
805
-44
-691
-1196
-1688
-2050
-2222
-2446
-2938
-3546
-3939
-4066
-4118
-4173
-4106
-3806
-3363
-2919
-2491
-2054
-1672
-1425
-1212
-812
-221
312
584
673
699
609
390
208
159
-1
-468
-991
-1212
-1181
-1269
-1510
-1634
-1581
-1560
-1544
-1211
-547
26
241
366
784
1425
2013
2487
2924
3277
3412
3381
3398
3553
3674
3559
3267
2972
2744
2498
2143
1725
1323
961
628
377
259
204
68
-203
-468
-563
-491
-356
-216
-75
36
79
80
112
213
317
351
322
283
235
126
-82
-349
-625
-889
-1134
-1328
-1471
-1604
-1777
-1985
-2165
-2251
-2236
-2132
-1973
-1787
-1594
-1412
-1246
-1089
-924
-745
-578
-450
-368
-341
-403
-582
-844
-1124
-1361
-1555
-1709
-1826
-1914
-2000
-2082
-2106
-2011
-1784
-1439
-1006
-507
13
501
959
1390
1805
2220
2619
2990
3308
3538
3651
3633
3514
3324
3115
2903
2688
2467
2209
1895
1523
1114
726
396
150
-3
-86
-126
-169
-244
-331
-397
-390
-278
-82
147
344
456
505
495
449
396
332
268
188
56
-127
-371
-662
-954
-1227
-1437
-1580
-1661
-1694
-1705
-1702
-1687
-1625
-1504
-1330
-1100
-853
-607
-384
-190
-20
115
227
330
405
449
464
440
395
309
189
75
-28
-92
-130
-171
-204
-241
-278
-311
-313
-296
-261
-204
-137
-71
-22
-8
-21
-61
-103
-119
-91
-16
89
191
236
216
126
-12
-164
-292
-380
-446
-539
-709
-1004
-1444
-1980
-2527
-2943
-3096
-2976
-2714
-2415
-2096
-1765
-1488
-1219
-799
-154
642
1479
2299
3026
3550
3816
3898
3882
3844
3839
3875
3905
3834
3608
3215
2681
2074
1519
1110
855
745
758
813
799
682
519
373
275
295
479
772
1057
1254
1311
1192
926
596
278
8
-189
-330
-485
-719
-1077
-1528
-2036
-2550
-2994
-3299
-3461
-3514
-3498
-3471
-3483
-3557
-3658
-3745
-3761
-3647
-3356
-2914
-2413
-1946
-1557
-1250
-1022
-837
-636
-364
-38
289
561
739
791
727
596
456
371
373
462
588
711
813
884
939
1004
1122
1314
1563
1828
2080
2280
2417
2490
2512
2517
2520
2539
2560
2553
2497
2375
2186
1948
1683
1425
1196
993
800
610
411
196
-33
-264
-473
-649
-786
-877
-935
-976
-1001
-1018
-1035
-1050
-1060
-1070
-1078
-1087
-1085
-1068
-1041
-1018
-999
-984
-986
-1008
-1052
-1102
-1153
-1198
-1237
-1274
-1320
-1388
-1481
-1603
-1751
-1899
-2019
-2083
-2081
-2009
-1870
-1686
-1478
-1261
-1031
-779
-500
-184
166
542
914
1254
1538
1744
1869
1928
1945
1938
1921
1907
1886
1834
1737
1600
1428
1238
1081
1008
1036
1143
1302
1487
1656
1771
1828
1845
1835
1818
1811
1810
1786
1716
1574
1342
1033
684
342
43
-197
-377
-502
-601
-704
-831
-980
-1136
-1276
-1373
-1418
-1411
-1370
-1328
-1321
-1346
-1402
-1465
-1509
-1510
-1466
-1382
-1275
-1173
-1100
-1063
-1051
-1057
-1057
-1038
-996
-941
-878
-828
-804
-804
-805
-800
-768
-703
-594
-451
-305
-153
-15
103
206
300
390
482
576
674
764
829
871
884
875
854
825
799
777
756
730
689
628
558
483
410
344
283
226
175
125
75
27
-12
-43
-63
-74
-72
-62
-41
-14
7
24
39
48
53
43
21
-6
-42
-81
-121
-159
-186
-203
-210
-209
-196
-168
-130
-87
-38
20
83
145
205
264
324
381
436
487
531
567
601
629
649
660
661
651
621
578
524
459
385
302
217
139
67
2
-59
-112
-153
-182
-201
-211
-203
-172
-134
-93
-58
-28
-8
-5
-13
-35
-74
-121
-177
-247
-335
-431
-531
-630
-723
-801
-859
-898
-920
-924
-910
-876
-830
-769
-693
-608
-507
-398
-283
-174
-72
25
110
178
235
275
300
314
313
299
274
235
191
139
82
32
-7
-36
-58
-67
-64
-50
-24
6
46
88
132
176
213
237
245
248
237
217
186
147
106
58
5
-51
-103
-147
-188
-215
-229
-225
-207
-184
-150
-106
-58
-4
59
124
193
254
302
338
367
380
382
368
340
313
272
217
149
79
15
-40
-90
-132
-150
-153
-158
-159
-161
-153
-129
-99
-57
-7
50
101
142
168
178
182
175
166
159
150
138
119
86
43
-7
-57
-100
-129
-146
-142
-120
-83
-38
8
50
87
119
144
169
199
228
255
274
274
264
243
210
167
123
90
71
58
49
40
26
9
-9
-29
-49
-63
-73
-77
-81
-88
-95
-107
-126
-144
-162
-176
-185
-193
-198
-203
-211
-212
-219
-232
-246
-259
-266
-271
-276
-275
-273
-267
-261
-260
-260
-259
-251
-234
-216
-192
-166
-143
-123
-102
-83
-66
-49
-29
-5
19
42
61
80
95
112
128
142
154
165
178
193
206
218
227
237
246
249
250
245
233
220
209
198
191
178
167
158
142
125
105
82
59
37
21
10
-2
-12
-23
-32
-43
-50
-56
-65
-72
-75
-74
-69
-67
-67
-67
-64
-57
-50
-45
-37
-30
-20
-11
-3
4
12
20
28
37
40
43
46
47
45
43
39
30
18
6
-2
-5
-1
6
16
26
34
40
41
41
45
53
60
68
68
69
67
59
47
31
18
8
0
-4
-9
-13
-21
-30
-39
-51
-61
-69
-75
-78
-77
-74
-72
-72
-72
-75
-78
-75
-72
-68
-64
-60
-54
-49
-49
-50
-49
-43
-36
-29
-25
-21
-18
-17
-18
-17
-19
-18
-15
-9
-3
0
4
4
6
8
7
10
16
20
24
24
26
25
20
16
11
3
0
-1
-3
-3
-1
-1
1
4
5
6
7
9
11
13
16
25
36
29
8
7
35
50
29
8
20
37
20
-2
3
20
21
3
3
18
21
8
0
11
16
5
0
10
22
20
14
22
32
31
22
17
17
20
16
7
2
2
-3
-12
-14
-9
-6
-7
-6
-2
1
-1
-2
1
5
5
7
14
22
21
19
20
22
22
19
20
25
26
26
28
26
23
20
18
16
13
11
9
7
4
-2
-4
-8
-16
-25
-33
-41
-55
-62
-65
-67
-69
-70
-70
-73
-74
-73
-70
-72
-73
-70
-69
-68
-66
-63
-56
-49
-43
-38
-35
-29
-25
-20
-16
-11
-5
-2
1
5
8
14
18
25
29
33
35
34
34
34
32
31
33
36
40
44
43
46
49
51
52
50
49
48
45
44
41
39
37
37
33
23
18
14
11
11
10
11
16
15
16
11
3
0
-3
-3
-4
-4
-6
-9
-11
-12
-12
-13
-15
-17
-22
-28
-32
-34
-32
-31
-29
-27
-21
-15
-8
-1
1
1
3
6
8
9
12
18
21
22
26
26
28
28
28
26
24
20
17
15
13
12
10
7
8
9
9
7
7
8
9
7
5
6
4
3
2
-3
-10
-14
-17
-18
-21
-22
-24
-25
-27
-28
