1
2
3
1
1
0
0
0
1
0
-2
-2
-2
-4
-5
-3
-5
-4
-5
-5
-5
-6
-5
-5
-5
-5
-3
0
2
3
5
7
9
11
11
10
8
11
11
10
9
8
6
4
4
3
1
-1
-4
-5
-5
-4
-3
-3
-1
0
-1
1
3
3
3
3
4
4
2
2
1
2
1
1
1
-2
-5
-6
-5
-6
-3
-2
-3
-4
-5
-5
-6
-3
-2
-3
-1
-2
-3
-4
-5
-6
-9
-13
-17
-22
-34
-38
-43
-44
-47
-53
-51
-45
-37
-26
-16
0
17
35
54
74
92
102
111
115
115
119
109
90
72
50
34
15
-3
-18
-31
-38
-47
-47
-42
-30
-13
9
36
62
89
115
144
167
177
180
172
160
138
95
44
-15
-79
-152
-218
-278
-331
-366
-407
-432
-425
-413
-381
-350
-315
-258
-199
-138
-81
-28
27
78
124
159
193
217
219
214
192
164
126
73
19
-37
-89
-137
-170
-188
-192
-178
-156
-111
-46
32
125
231
354
469
586
693
794
907
967
992
990
944
903
808
659
491
298
97
-117
-333
-538
-723
-892
-1064
-1176
-1240
-1272
-1252
-1229
-1144
-991
-815
-603
-389
-170
50
245
404
530
631
667
653
596
495
369
207
18
-178
-370
-557
-730
-846
-922
-945
-919
-863
-736
-566
-362
-135
101
337
566
776
961
1108
1213
1280
1300
1282
1220
1116
983
826
649
461
266
79
-96
-253
-387
-488
-560
-603
-612
-591
-539
-461
-368
-260
-144
-25
87
187
267
327
365
371
349
304
233
142
36
-81
-199
-315
-424
-516
-587
-638
-666
-666
-642
-590
-518
-430
-328
-217
-102
8
111
204
279
334
371
391
390
372
340
292
234
172
105
40
-24
-84
-133
-173
-201
-215
-210
-193
-163
-123
-76
-22
34
86
135
176
207
218
223
216
197
167
124
77
26
-27
-80
-128
-169
-209
-238
-260
-268
-262
-251
-228
-196
-154
-101
-42
20
81
146
202
250
296
329
353
366
357
346
328
301
268
219
173
131
90
53
18
-10
-32
-47
-57
-61
-60
-59
-57
-55
-53
-47
-48
-52
-59
-67
-75
-84
-97
-109
-124
-135
-143
-154
-165
-174
-179
-174
-169
-167
-160
-148
-129
-108
-87
-64
-38
-12
14
43
70
92
109
129
143
146
150
146
145
138
121
99
68
36
11
-11
-32
-53
-71
-90
-102
-102
-97
-85
-63
-38
-14
17
56
90
109
122
138
136
110
79
66
71
52
9
-15
-30
-131
-296
-357
-288
-277
-330
-269
-124
-97
-149
-58
96
102
83
205
336
337
370
480
483
362
286
279
169
10
-24
7
-68
-159
-87
35
29
1
121
230
204
240
462
652
690
783
994
1090
1003
943
946
841
622
433
275
43
-201
-369
-548
-850
-1152
-1314
-1420
-1581
-1713
-1717
-1656
-1569
-1372
-1055
-704
-454
-572
-1145
-1621
-1501
-1246
-1374
-1299
-525
81
-128
-187
546
1007
521
103
352
463
185
317
871
1051
901
962
966
621
475
710
626
181
214
724
875
717
991
1459
1345
887
845
1102
1078
869
899
1065
1056
922
860
843
737
493
158
-155
-339
-395
-427
-488
-540
-547
-546
-619
-742
-764
-682
-736
-1012
-1210
-1085
-868
-854
-889
-701
-464
-539
-795
-793
-516
-421
-615
-672
-425
-248
-337
-389
-224
-121
-274
-461
-461
-355
-297
-299
-278
-159
65
274
378
473
648
770
704
610
723
962
1048
966
979
1136
1178
1022
922
1001
1029
888
777
831
902
860
765
691
608
449
211
-33
-195
-294
-447
-676
-873
-1001
-1147
-1347
-1492
-1514
-1503
-1543
-1519
-1361
-1351
-1766
-2318
-2555
-2606
-2760
-2671
-2000
-1256
-941
-611
116
696
775
897
1280
1379
1195
1383
1875
2034
1972
2160
2240
1788
1307
1215
998
397
47
180
201
-9
115
548
672
502
544
754
761
713
914
1174
1235
1252
1377
1432
1315
1154
953
609
233
7
-142
-359
-585
-743
-903
-1121
-1342
-1547
-1783
-2023
-2139
-2080
-1960
-1864
-1713
-1401
-1018
-722
-475
-173
87
162
128
155
224
228
196
184
151
72
-14
-142
-321
-434
-556
-1027
-1713
-1875
-1324
-779
-542
-46
790
1243
1225
1457
2008
2173
1867
1705
1854
1939
1882
1906
1942
1744
1375
1043
763
510
388
308
5
-391
-443
-244
-326
-612
-551
-289
-451
-884
-914
-644
-728
-1112
-1238
-1109
-1147
-1324
-1306
-1248
-1688
-2655
-3470
-3670
-3571
-3577
-3457
-2912
-2289
-1949
-1547
-720
170
667
956
1326
1674
1989
2506
3096
3394
3466
3523
3343
2808
2380
2255
1903
1110
508
433
394
123
36
244
270
5
-102
129
427
682
985
1258
1408
1567
1791
1916
1900
1861
1710
1278
748
426
236
-101
-579
-1048
-1549
-2122
-2557
-2726
-2808
-2974
-3105
-3091
-3007
-2833
-2423
-1834
-1320
-928
-529
-144
150
433
729
894
872
687
258
-314
-588
-484
-463
-653
-643
-418
-394
-488
-309
6
89
45
159
415
724
1073
1350
1475
1541
1628
1650
1622
1690
1840
1881
1720
1572
1592
1601
1372
955
602
368
164
-54
-271
-405
-493
-644
-888
-1042
-992
-957
-1071
-1211
-1254
-1309
-1477
-1593
-1549
-1391
-1203
-1044
-1175
-1896
-2828
-3271
-3287
-3483
-3668
-3114
-2236
-2012
-2012
-1159
67
425
322
883
1703
1910
2039
2863
3690
3736
3561
3672
3547
2980
2637
2565
2049
1265
1032
1123
793
391
602
857
418
-106
47
388
298
253
695
1093
1077
1082
1387
1606
1505
1257
843
218
-283
-452
-640
-1085
-1499
-1800
-2263
-2707
-2671
-2344
-2339
-2578
-2531
-2269
-2150
-2008
-1554
-1081
-917
-762
-314
200
544
840
1112
1091
839
742
807
725
529
500
499
239
-52
-31
100
-37
-275
-276
-162
-121
-5
346
717
878
947
1081
1244
1344
1408
1466
1403
1255
1222
1378
1512
1419
1197
818
77
-929
-1691
-1884
-1877
-2131
-2543
-2718
-2597
-2533
-2561
-2365
-2018
-1905
-2004
-1792
-1188
-610
-176
-30
-588
-1669
-2232
-1994
-1966
-2248
-1816
-898
-883
-1506
-1004
376
798
335
586
1498
1752
1773
2724
3963
4290
4085
4178
4148
3713
3616
3833
3463
2605
2294
2378
1923
1341
1434
1570
794
-199
-290
42
-47
-251
-54
161
-49
-283
-232
-94
-25
-73
-299
-647
-822
-985
-1504
-2048
-2159
-2028
-2071
-2124
-1882
-1623
-1570
-1768
-2272
-2784
-2739
-2124
-1696
-1476
-831
-26
100
-184
107
658
533
32
27
392
478
472
742
938
730
392
226
153
174
395
608
633
702
1027
1321
1226
954
856
752
409
188
492
924
885
674
806
1032
911
657
673
593
8
-652
-857
-767
-853
-929
-749
-801
-1276
-1685
-1698
-1855
-2437
-2693
-2524
-2482
-2477
-1913
-1186
-1683
-3197
-4204
-4166
-3938
-3983
-3370
-1967
-998
-1033
-951
295
1694
2097
2028
2485
3328
3787
4186
5088
6011
6185
5577
4852
4258
3773
3481
3125
2471
1772
1509
1404
945
613
802
851
137
-573
-295
434
738
812
1224
1648
1387
713
336
398
372
-114
-769
-1135
-1136
-1257
-1699
-2046
-2228
-2794
-3833
-4444
-4282
-4064
-4009
-3632
-2943
-2534
-2296
-1745
-1168
-940
-774
-377
-46
130
517
1006
1108
820
599
494
236
-65
-77
112
114
-27
18
231
330
295
266
177
105
234
459
696
1116
1629
1683
1358
1369
1637
1543
1279
1457
1718
1472
1124
1139
1169
885
609
521
346
72
-93
-161
-335
-514
-556
-808
-1399
-1830
-1575
-1155
-1505
-2068
-1816
-1126
-1030
-1266
-736
100
-223
-2316
-5419
-7701
-7820
-6603
-6263
-6568
-4943
-2060
-1419
-2724
-1733
1806
3062
1301
1368
4748
7370
7386
7775
9552
9994
8138
6170
5470
5234
4854
4183
2888
1631
1382
1355
60
-1637
-1827
-1416
-2357
-3592
-2652
-243
751
133
18
941
1460
1009
806
1560
2408
2181
1052
465
910
1095
-67
-1656
-2326
-2673
-3697
-4647
-4598
-4407
-5095
-5925
-5941
-5436
-4848
-4017
-3103
-2510
-1952
-1117
-423
57
876
1791
1970
1670
1867
2461
2552
2119
1770
1494
994
396
55
41
110
-23
-406
-679
-534
-222
-204
-421
-374
-82
34
105
608
1409
1800
1641
1525
1755
2016
2000
1857
1888
2058
1991
1610
1323
1286
1183
847
452
190
128
85
-253
-776
-981
-792
-866
-1434
-1757
-1437
-1053
-1108
-1348
-1369
-1161
-915
-784
-737
-507
17
-163
-2831
-7431
-10273
-9312
-7254
-7147
-7259
-4813
-2215
-3004
-4775
-2968
955
2108
929
2034
6023
9042
9577
9824
10699
10608
8802
6705
6097
7028
7822
6860
4455
2651
2176
1251
-1101
-2963
-2806
-2362
-3377
-4249
-2830
-498
-232
-1752
-2358
-1391
-492
-363
241
1915
3195
2798
1569
1161
1616
1593
535
-611
-899
-794
-1288
-2415
-3514
-4220
-4852
-5758
-6292
-5610
-4332
-3909
-4394
-4354
-3493
-3016
-2908
-1966
-401
489
754
1344
2128
2445
2376
2216
1936
1719
1944
2228
1967
1486
1198
682
-350
-1127
-951
-518
-743
-1166
-900
-324
-427
-943
-841
-186
152
163
617
1600
2357
2448
2266
2420
2874
2997
2689
2616
2918
2812
2102
1587
1526
1346
911
571
255
-111
-262
-507
-1211
-1710
-1710
-1886
-2246
-2189
-2010
-2328
-2537
-1736
-657
-502
-789
-660
-584
-973
-1363
-1500
-1913
-3463
-5945
-7533
-6927
-5336
-4934
-5626
-5290
-3844
-3567
-4262
-3017
212
2124
1884
2449
5238
7750
8100
7838
8466
9031
8609
8043
8321
9001
8802
7191
4998
3463
2864
2230
836
-469
-766
-943
-1984
-2962
-2816
-2437
-3103
-4146
-4040
-2836
-1770
-1209
-725
-322
-253
-313
-101
446
1004
1275
918
-397
-1743
-1339
215
12
-2318
-3758
-3257
-3334
-4649
-4509
-2805
-2874
-4791
-4946
-2917
-1833
-2342
-2322
-1518
-1325
-1281
-55
1423
1556
975
1001
1326
1381
1762
2586
2633
1600
1065
1751
2135
1341
702
887
641
-296
-440
381
452
-633
-1222
-588
51
-24
6
528
748
416
420
1202
1948
1961
1753
1993
2318
2105
1682
1606
1536
1041
612
867
1338
1165
502
94
27
-99
-341
-429
-298
-233
-423
-606
-579
-666
-1075
-1364
-1096
-594
-427
-511
-490
-589
-1211
-2065
-2533
-2869
-4190
-6519
-7773
-6376
-4194
-4235
-5979
-6302
-4795
-4139
-4837
-4118
-1168
1038
834
780
3169
6045
6461
5196
5249
7106
8577
8589
8461
9147
9375
7821
5666
5083
5871
5701
3830
2235
2262
2437
1108
-746
-1445
-1545
-2462
-3624
-3479
-2405
-2254
-3424
-4460
-4384
-3779
-3439
-3283
-2928
-2533
-2395
-2218
-1573
-822
-630
-891
-937
-504
71
411
408
122
-251
-456
-427
-342
-341
-461
-765
-1145
-1285
-1152
-1115
-1357
-1603
-1588
-1384
-1165
-975
-881
-997
-1213
-1251
-967
-502
-157
-79
-119
-65
93
269
441
565
630
741
929
1115
1248
1298
1206
1019
943
1079
1235
1166
965
874
838
708
623
701
806
761
530
371
541
712
554
362
351
408
457
403
358
473
454
316
452
596
409
208
200
232
206
151
141
198
254
230
112
63
198
321
261
137
56
-47
-261
-661
-1237
-1691
-1697
-1479
-1594
-2005
-2161
-2052
-2171
-2482
-2439
-2038
-1841
-1908
-1725
-1213
-832
-762
-727
-537
-272
36
442
880
1258
1561
1726
1759
1883
2204
2467
2502
2537
2787
3051
3069
3010
3083
3058
2734
2394
2269
2164
1894
1556
1244
904
537
218
-69
-368
-639
-865
-1076
-1243
-1388
-1579
-1771
-1899
-2005
-2085
-2059
-1930
-1817
-1778
-1736
-1666
-1622
-1564
-1437
-1316
-1288
-1290
-1242
-1201
-1202
-1216
-1252
-1291
-1266
-1145
-965
-846
-848
-838
-703
-595
-583
-508
-442
-327
-47
36
22
272
402
329
465
774
1002
961
877
1155
1382
1228
1165
1323
1406
1444
1489
1395
1346
1464
1303
1019
1097
1109
932
930
846
717
806
703
456
517
578
385
313
472
499
323
236
270
199
52
-6
-24
-84
-76
-20
-102
-222
-216
-222
-345
-445
-447
-472
-576
-661
-705
-823
-1050
-1228
-1246
-1260
-1400
-1546
-1590
-1590
-1645
-1710
-1664
-1548
-1502
-1517
-1450
-1268
-1097
-1022
-987
-894
-739
-590
-451
-262
-22
219
365
469
718
1069
1335
1532
1777
2083
2360
2528
2665
2861
2994
2958
2861
2819
2748
2524
2226
1974
1715
1403
1109
867
631
373
126
-90
-309
-529
-676
-739
-788
-881
-969
-988
-1038
-1168
-1246
-1251
-1269
-1312
-1349
-1366
-1399
-1483
-1563
-1656
-1732
-1761
-1823
-1715
-1623
-1869
-1820
-1479
-1607
-1709
-1343
-1168
-1224
-1118
-884
-627
-557
-584
-279
3
-9
206
501
629
725
865
1093
1017
877
1184
1259
904
960
1215
1037
949
1071
909
882
1170
1066
802
984
1219
990
693
902
1048
855
898
928
746
771
844
584
421
559
438
283
339
223
142
240
97
-125
59
264
72
-38
120
31
-241
-207
-69
-187
-246
-128
-217
-390
-468
-563
-643
-825
-1015
-1088
-1132
-1125
-1218
-1394
-1474
-1555
-1714
-1783
-1687
-1618
-1671
-1668
-1573
-1488
-1392
-1273
-1184
-1113
-918
-637
-395
-140
147
411
609
820
1150
1505
1723
1891
2084
2291
2444
2510
2567
2513
2362
2203
2054
1862
1587
1283
977
742
557
369
215
67
17
72
-319
-726
-416
-220
-567
-754
-461
-354
-482
-434
-644
-819
-607
-641
-765
-650
-602
-648
-647
-586
-689
-564
-597
-848
-645
-806
-769
-497
-717
-970
-815
-542
-728
-641
-653
-820
-238
-191
-597
-210
148
-196
-182
308
167
120
480
282
87
532
380
-132
495
653
-74
163
644
360
10
520
714
151
209
659
480
215
711
715
296
438
779
811
760
539
227
661
580
-5
505
481
97
342
25
3
255
194
-36
-324
5
217
-115
0
316
134
-191
-156
136
-210
-603
-412
-335
-517
-718
-737
-817
-1097
-1310
-1467
-1455
-1302
-1356
-1471
-1437
-1396
-1416
-1392
-1308
-1185
-1078
-907
-620
-296
-110
25
274
460
731
1109
1359
1443
1596
1785
1824
1785
1854
1917
1785
1664
1696
1678
1594
1414
1016
1006
1151
884
820
739
366
253
178
249
236
-225
-321
32
-207
-814
-507
-176
-607
-791
-648
-431
-644
-846
-703
-739
-699
-694
-571
-549
-1135
-985
-292
-882
-989
-258
-303
-777
-1074
-399
125
-653
-601
-9
-656
-642
66
56
-812
-1101
-138
117
-623
-522
199
-352
-1121
-236
377
-215
10
482
-183
-242
582
681
525
94
370
1006
380
839
1106
320
326
864
1117
306
300
1100
632
104
543
862
639
149
-46
563
812
520
254
127
381
69
42
932
825
20
-158
383
372
-149
178
195
-166
-274
-195
-327
-955
-818
-631
-1303
-1468
-954
-1175
-2004
-2063
-1682
-1736
-1963
-2052
-1893
-1813
-1970
-1812
-1484
-1429
-1374
-1086
-778
-332
102
295
514
787
1174
1656
2008
2211
2562
2832
2716
2856
3353
3410
2935
2830
3137
2971
2586
2501
2309
1842
1334
937
862
925
456
-284
-627
-650
-782
-1290
-1479
-1205
-1495
-2200
-2082
-1510
-1656
-2105
-1947
-1455
-1493
-1642
-1351
-1118
-1054
-1070
-991
-814
-379
-134
-696
-543
-96
-406
-385
-21
277
17
-504
-231
229
-203
-499
-81
-32
-216
-198
-282
-111
-78
-332
-469
-313
93
130
-120
-312
-325
89
163
-161
166
421
376
416
221
545
935
520
389
818
1101
1044
768
756
1143
987
561
1004
1418
927
603
1027
1111
414
339
947
976
565
406
468
378
108
60
70
-59
-148
-347
-361
-223
-764
-1536
-1576
-1339
-1397
-1700
-1986
-2182
-2788
-3319
-2909
-2321
-2618
-3228
-2986
-2500
-2514
-2388
-1902
-1570
-1616
-1336
-385
427
708
884
1222
1570
2017
2910
3739
3849
3767
4038
4412
4527
4613
4868
4720
4268
4207
4490
4395
3578
2695
2193
1854
1454
902
310
-394
-1350
-2046
-2152
-2380
-2876
-3212
-3547
-3648
-3444
-3339
-3300
-3409
-3568
-3464
-3125
-2626
-2256
-2175
-2167
-1960
-1334
-578
-269
-204
106
279
476
1124
1435
1091
1004
1269
1044
848
1163
1326
998
275
146
557
429
-58
-488
-381
-23
-386
-872
-541
-205
-685
-1015
-575
-135
-333
-688
-269
262
29
-155
145
525
692
652
725
1087
1334
968
824
1466
1737
1274
1306
1882
1684
1011
787
951
1514
1498
540
615
1373
920
19
-142
357
379
-143
-73
54
-245
-991
-1987
-2544
-3193
-4202
-4968
-4906
-4021
-3577
-4413
-5549
-5607
-5142
-5267
-5161
-3797
-2337
-2273
-2544
-1640
-235
220
52
969
2700
3909
4716
5541
6263
6440
6283
6537
7294
8237
8779
8673
8197
7760
7562
7049
6105
5335
4957
4409
3281
2251
1445
185
-1584
-3134
-3801
-4110
-4760
-5742
-6725
-7333
-7666
-7911
-8112
-8107
-7778
-7393
-6964
-6278
-5387
-4726
-4424
-3808
-2579
-1336
-426
309
1004
1547
1873
2385
3132
3684
3883
3942
4050
4093
3962
3611
3130
2675
2274
1987
1781
1515
986
220
-419
-765
-989
-1260
-1502
-1738
-1984
-2068
-2002
-1852
-1769
-1702
-1499
-1245
-786
-290
-89
16
270
755
1289
1696
2087
2329
2273
2264
2434
2514
2598
2637
2503
2205
1739
1501
1069
306
308
748
534
-207
-621
-462
-436
-683
-691
-600
-693
-780
-1085
-2505
-5566
-8316
-7597
-4529
-3395
-5207
-6737
-6228
-6426
-8050
-7568
-4509
-2977
-4404
-4342
-842
1687
841
-296
1045
3020
3946
5727
8850
10714
9608
7823
8081
9494
10500
10757
10718
10525
9917
9306
8515
7365
5911
4163
2679
1846
1928
1834
224
-2490
-5181
-6632
-7095
-7247
-7207
-7486
-8146
-9072
-9757
-9870
-9681
-9381
-9108
-8215
-6587
-4922
-3882
-3702
-3542
-2951
-1782
-72
1756
3333
3956
3700
3308
3450
4120
4492
4540
4650
4766
4489
3705
2929
2223
1358
547
395
890
987
210
-920
-1769
-2283
-2592
-2413
-1779
-1339
-1506
-1833
-1786
-1571
-1490
-1339
-794
76
915
1521
1932
2089
1922
1766
2044
2709
3330
3514
3289
2954
2490
1898
1631
1662
1510
1172
949
850
484
-276
-943
-1153
-1039
-932
-1085
-1294
-1322
-1230
-1040
-1053
-1237
-1129
-1322
-3762
-9036
-11982
-8000
-2404
-2915
-8046
-9402
-6261
-6612
-10125
-8873
-3093
-1358
-4991
-4888
1087
4911
2831
339
2323
5570
7300
9229
11989
13619
12399
10127
9329
10650
12839
13349
11977
10416
9986
9748
7923
5630
3985
2510
546
-908
-548
-176
-1948
-5493
-8419
-9240
-9031
-8690
-8439
-8226
-8239
-8958
-9612
-9449
-8390
-7499
-7353
-6734
-5120
-2957
-1611
-1590
-1658
-1228
-347
746
2318
4261
4979
3974
2637
2635
3390
3321
2888
2875
2889
2071
959
642
463
-447
-1596
-1721
-849
-351
-632
-1206
-1647
-2081
-2379
-1806
-587
394
537
311
458
714
833
902
1161
1605
2010
2523
3024
3106
2632
2059
1937
2209
2673
2934
2885
2562
1813
1113
837
877
764
134
-602
-848
-699
-731
-910
-942
-997
-1348
-1582
-832
281
387
-291
-542
-395
-1989
-6882
-12386
-12444
-6735
-2909
-5496
-9615
-8968
-7205
-10049
-12615
-8592
-2633
-2723
-5532
-2699
3576
5347
2397
1629
4812
7660
9468
12318
15692
16610
14358
11761
11052
12347
13949
14064
12694
11124
10269
8894
6272
3658
1696
-138
-2251
-3356
-2874
-2740
-4670
-8229
-11033
-11922
-11517
-10557
-9649
-8670
-8070
-8322
-8731
-8295
-6945
-5940
-5522
-4735
-2733
144
1864
1790
1162
1137
1652
2060
3253
5353
6145
4407
2337
2100
2219
1356
642
877
922
-268
-1385
-1382
-1533
-2783
-3918
-3610
-2404
-1499
-1128
-844
-852
-1551
-2072
-1333
258
1419
1874
2169
2434
2432
2228
2252
2534
2741
2834
3188
3779
3916
3283
2321
1574
1285
1263
1510
1826
1619
908
42
-593
-945
-1028
-885
-785
-947
-1035
-823
-590
-404
-215
-269
-450
-121
796
1605
1705
1172
-1189
-7142
-13654
-13448
-6616
-2296
-5480
-9975
-9135
-7924
-11444
-13618
-8699
-2923
-3934
-6524
-2506
4512
6262
3103
2152
4722
7199
9481
13213
17323
18315
15705
12488
11358
12536
13998
14078
12670
11034
10018
8505
6042
3259
658
-1962
-4500
-5545
-4834
-4043
-5273
-8590
-11911
-13487
-13065
-11727
-10272
-8576
-7312
-7227
-7781
-7129
-5096
-3847
-4146
-4249
-1831
2044
4023
3738
3068
2939
2441
1747
3075
5879
6764
4563
2281
1819
1395
86
-876
-774
-938
-2121
-2819
-2451
-2353
-3578
-5008
-5116
-3910
-2323
-1068
-127
124
-521
-1059
-525
943
2327
3192
3762
4037
4061
3878
3701
3428
3021
2816
3118
3793
4145
3591
2376
1163
353
43
345
1122
1542
843
-543
-1436
-1528
-1423
-1522
-1402
-986
-766
-909
-730
-3
604
410
-12
292
619
-1269
-7210
-14117
-14608
-8202
-3660
-6505
-11051
-9827
-7804
-11421
-14487
-9456
-2235
-2581
-6018
-2482
5328
7862
4658
3757
6828
9111
10442
13650
18199
19908
17567
14061
12102
12406
13533
13665
12188
10290
9078
7423
4672
1713
-615
-2986
-5941
-7742
-7291
-5898
-6186
-8788
-11635
-13063
-12918
-12067
-10651
-8372
-6309
-5809
-6459
-6063
-4198
-2709
-2124
-1102
1252
3597
4741
5177
5325
4980
3921
3009
3327
4611
5340
4176
2036
494
-630
-2145
-3432
-3321
-2785
-3522
-4882
-5071
-4426
-4716
-5740
-5691
-4207
-2747
-1937
-809
636
1097
425
308
1667
3239
4023
4475
5079
5232
4611
4060
4016
3990
3576
3107
3097
3291
3065
2356
1480
677
54
-223
24
409
-55
-1140
-1705
-1405
-955
-1030
-1225
-1047
-747
-359
308
1237
1657
1182
709
338
-1421
-6857
-13792
-14772
-8663
-3973
-6570
-11033
-9825
-7750
-11427
-14856
-10118
-2647
-2409
-5512
-2020
5751
8410
5319
4452
7520
9709
10697
13641
18319
20365
18197
14575
12309
12081
12516
12328
11023
9362
8164
6401
3705
736
-1861
-4410
-7218
-8873
-8483
-7001
-6716
-8637
-11247
-12764
-12579
-11700
-10744
-8834
-6192
-4491
-4489
-4495
-2935
-979
-415
-196
1826
4807
6296
6045
5847
6041
5108
3228
2550
3632
4301
2985
1110
71
-970
-2940
-4743
-4961
-4430
-4762
-5578
-5537
-4877
-4951
-5684
-5616
-4245
-2703
-1711
-513
1120
2044
1784
1591
2416
3568
4185
4550
5092
5472
5244
4683
4299
4044
3659
3217
3051
3161
3128
2516
1458
482
-233
-815
-1132
-938
-428
-334
-817
-1317
-1317
-1086
-1046
-736
-51
595
808
731
818
160
-3048
-9419
-15140
-14220
-8201
-4785
-7175
-10032
-8991
-8968
-12687
-13651
-7916
-2249
-2914
-4125
683
7230
8588
6210
6247
8501
9877
11382
15015
19296
20401
17788
14043
11682
11346
11599
11173
9743
8267
6991
4778
1827
-945
-3229
-5890
-8882
-10277
-9283
-7403
-7169
-8999
-11273
-12611
-12609
-11702
-9552
-6367
-3929
-3353
-3442
-2135
70
1249
1350
2032
3933
5731
6666
7062
7079
6213
4124
2072
1706
2782
3151
1605
-494
-1837
-3016
-4762
-6021
-5745
-5198
-5676
-6351
-5832
-4615
-4509
-5374
-5353
-3882
-2158
-900
565
2243
2871
2174
1790
2728
3960
4545
4849
5313
5509
5036
4353
3980
3691
3034
2340
2204
2376
2120
1299
583
52
-873
-1799
-1696
-852
-497
-809
-987
-716
-523
-527
-288
223
705
863
601
-690
-4675
-11002
-14525
-12154
-9098
-9818
-10573
-7155
-4538
-8428
-12143
-8354
-3020
-3547
-4506
1375
8459
9441
7856
9543
12016
10719
9366
12226
16267
17632
16815
15703
13866
11043
8576
6939
5608
4425
3730
2744
786
-1418
-3640
-6212
-8998
-10765
-10753
-9642
-8420
-7892
-8041
-8473
-8676
-8429
-7918
-6418
-3697
-1057
491
1554
2977
3991
3611
2844
3512
5095
5808
5689
5779
5715
4108
1456
-185
-437
-820
-1998
-2807
-2807
-3307
-4947
-6502
-6799
-6464
-6450
-6229
-4993
-3450
-2998
-3448
-3470
-2575
-1448
-564
645
2333
3593
3805
3548
3621
3795
3504
3068
3336
4135
4361
3802
3165
2670
1865
856
613
1274
1724
1360
757
489
130
-455
-548
-69
265
468
947
1419
1527
1434
1584
1893
1970
2210
2478
1352
-2304
-8977
-15317
-15127
-9459
-6256
-9240
-12369
-10503
-9754
-13746
-15135
-9090
-3341
-4826
-6000
171
7976
9515
6953
7538
10215
11137
12049
15931
20929
21989
18868
15189
13398
12844
11746
10212
8512
6908
5120
2907
844
-1430
-4315
-7949
-11093
-12160
-11179
-9193
-8256
-8943
-10462
-11587
-11405
-10318
-8093
-5038
-2320
-854
-324
868
2683
3791
3575
3267
4207
5766
6702
6733
6425
5445
3184
409
-1007
-477
-61
-1166
-2921
-3956
-4662
-6127
-7433
-7348
-6508
-6277
-6324
-5218
-3321
-2469
-2996
-3181
-2117
-762
322
1817
3765
4814
4273
3399
3398
3853
4028
3886
3837
3914
3669
2936
2135
1554
857
-91
-703
-454
225
504
424
387
179
-318
-429
137
883
1435
1742
1977
2127
2316
2661
2795
2845
3129
3490
3275
1847
-1708
-8508
-14870
-14673
-9580
-7152
-10040
-12063
-10209
-10851
-15121
-15376
-9150
-4663
-6150
-5904
675
7455
8448
6997
8270
10233
10559
11572
15723
20582
21621
18749
15158
13213
12240
10851
9166
7640
6373
4477
2038
12
-1889
-4455
-8000
-11153
-12259
-11199
-9193
-7951
-7984
-8781
-9389
-9357
-8656
-6533
-3275
-717
69
609
2322
3933
4090
3613
3946
4299
3906
4043
5003
5252
3790
1545
-521
-2126
-2752
-2612
-2813
-3898
-4906
-5312
-5977
-6788
-6644
-5733
-5519
-5774
-4822
-2777
-1361
-1272
-1158
-199
797
1458
2442
4110
5334
5154
4323
4066
4335
4033
3220
2855
2950
2669
1792
1102
808
243
-852
-1667
-1407
-626
-202
-125
200
728
781
503
649
1344
1836
1895
2230
3022
3477
3211
2929
3033
2956
2482
2325
2617
2349
491
-3230
-8856
-14820
-16683
-13557
-10328
-10892
-13064
-12778
-12232
-14064
-14814
-10982
-5882
-4511
-3916
554
7145
10782
10529
10545
11844
12914
13979
16442
20170
21965
20242
16521
13514
11990
10347
8174
5892
4061
2300
24
-2054
-3892
-6083
-9107
-12119
-13449
-12641
-10444
-8477
-7523
-7342
-7392
-7130
-6500
-4856
-2023
931
2894
3742
4518
5531
6219
6169
5524
5033
4953
4953
4610
4013
3276
1563
-1330
-3917
-4823
-4758
-5177
-5998
-6452
-6803
-7717
-8507
-8174
-7081
-6220
-5770
-4827
-3146
-1542
-610
-69
712
1595
2348
3240
4533
5757
6004
5274
4414
4008
3683
2949
2260
2125
1975
1157
164
-400
-932
-1881
-2665
-2464
-1649
-1023
-605
-83
479
890
1444
2231
2932
3177
3189
3780
4711
4914
4617
4693
4970
4471
3568
3505
3695
2887
1328
-683
-5261
-13482
-19579
-17537
-11860
-10768
-14301
-15272
-12972
-14076
-17448
-15412
-7977
-3838
-4914
-3000
4712
11534
12454
11338
12690
14194
14232
15067
18886
23023
22896
18912
14520
12088
10433
8086
5615
3540
1717
-607
-2987
-4624
-6183
-8528
-11790
-14382
-14760
-12660
-9421
-7144
-6222
-6136
-5893
-5271
-4198
-1847
1536
4430
5646
6243
7533
8646
8182
6303
4777
4087
3750
3531
3163
2490
673
-2134
-5224
-7374
-7686
-7407
-7758
-8448
-8229
-7643
-7944
-8310
-7556
-6102
-5420
-4841
-2800
41
1832
2061
2257
3017
3685
4168
5079
6506
7102
6283
5023
4317
3966
3204
2156
1332
883
466
-232
-942
-1467
-2225
-3436
-4183
-3461
-1840
-660
-233
225
867
1185
1614
2881
4429
5069
4775
4615
5008
5405
5296
4677
4009
3426
2925
2458
1917
1428
657
-759
-3012
-6722
-12587
-18355
-19132
-15349
-12597
-13585
-14620
-12554
-11650
-13821
-13695
-8355
-2918
-1794
-396
5323
11760
13892
12964
13534
14848
14845
14815
16872
20040
20527
17673
13639
10473
8041
5356
2882
935
-476
-1936
-3606
-5251
-6833
-8515
-10982
-12941
-12994
-11206
-8187
-5517
-3826
-2993
-2576
-2229
-1729
-112
2737
5586
6840
7064
7796
8110
6765
4431
2841
2391
1841
993
551
156
-1465
-4226
-6704
-8102
-8468
-8270
-7786
-7153
-6558
-6045
-5714
-5553
-5128
-4033
-2698
-1501
21
2025
3595
3768
3200
3142
3472
3492
3513
4055
4491
3877
2460
1351
749
5
-972
-1522
-1364
-1143
-1331
-1625
-1695
-1776
-2095
-2147
-1295
189
1496
2242
2652
3005
3231
3324
3779
4912
5916
6008
5607
5462
5242
4173
2806
2127
1779
1064
266
-143
-563
-1585
-2812
-3680
-4711
-7394
-12708
-18484
-19355
-14535
-9979
-9941
-11218
-9268
-7367
-8885
-9178
-3801
2646
3813
3235
7023
12959
14860
12662
11593
12033
11270
9811
10403
12993
13456
10244
5486
1942
60
-1448
-2664
-3407
-3532
-3687
-4239
-4545
-4497
-4340
-4702
-5145
-4485
-2105
1507
4480
5781
5610
4992
4476
4057
4310
5300
6309
6103
4697
3293
2180
592
-2236
-5093
-6297
-6105
-5951
-6321
-6308
-6365
-7684
-9567
-9913
-8191
-6189
-4820
-3538
-2027
-868
-509
-412
53
1007
1876
2339
3004
4179
4889
3962
2184
1107
835
531
177
446
813
227
-1155
-2173
-2317
-2282
-2451
-2365
-1560
-499
103
322
545
862
960
1016
1735
3170
4492
5033
4992
4845
4633
4297
4168
4303
4357
4053
3450
2703
1730
741
-27
-672
-1235
-1642
-1864
-1974
-2056
-2169
-2474
-3025
-3772
-5349
-8972
-14007
-15928
-12277
-7597
-6788
-8300
-7207
-4926
-5984
-7545
-4276
1649
3557
2396
4422
9514
12050
10210
8596
9088
8950
7683
7655
9901
11268
9278
5426
2305
710
-527
-1551
-1947
-1767
-1602
-1957
-2141
-1962
-1828
-2174
-2710
-2504
-1121
1463
4106
5482
5235
4110
3212
2567
2254
2641
3501
3677
2414
631
-752
-1677
-2877
-4516
-5652
-5863
-5537
-5425
-5443
-5198
-5213
-6135
-7166
-6487
-4285
-2419
-1653
-1056
-145
103
-349
-230
925
1933
1926
1793
2356
2985
2570
1332
407
0
-370
-700
-460
190
217
-754
-1881
-2206
-1897
-1642
-1460
-874
72
606
610
804
1331
1579
1383
1545
2516
3542
3872
3770
3682
3426
2866
2525
2821
3323
3412
3000
2362
1717
1040
307
-241
-455
-570
-839
-1230
-1326
-1048
-983
-1306
-1732
-2528
-4693
-8821
-13239
-13989
-10267
-6676
-6536
-7617
-6511
-5115
-6313
-6926
-3282
1497
2471
2001
4876
9520
11193
9471
8367
8701
8283
7402
8022
10101
10624
8213
4558
1844
533
-464
-1251
-1676
-1718
-1689
-1981
-2136
-2041
-1967
-2382
-2968
-2645
-919
1824
4016
4625
3935
2878
2213
1783
1805
2526
3244
2932
1549
294
-355
-1191
-3052
-5292
-6432
-6386
-5943
-5503
-4937
-4579
-5278
-6650
-7100
-5847
-3869
-2374
-1437
-538
367
732
680
1040
1811
2163
1934
2143
3209
3886
3145
1715
763
180
-432
-625
-33
597
171
-994
-1718
-1671
-1529
-1685
-1504
-683
156
538
848
1381
1556
1137
846
1421
2561
3476
3881
3842
3523
3002
2441
2173
2250
2368
2167
1825
1650
1413
763
-195
-902
-1160
-1208
-1165
-951
-624
-633
-1189
-1581
-1372
-1122
-1555
-3252
-6734
-11184
-12807
-9622
-5701
-5510
-7255
-6446
-4836
-6032
-7006
-3467
1617
2327
886
3174
8083
10147
8648
7905
8551
8056
6711
7107
9508
10417
8178
4630
2140
1110
287
-531
-1076
-1242
-1556
-2214
-2357
-1902
-1525
-1980
-2740
-2669
-1344
975
3031
3828
3350
2487
1826
1292
1410
2350
3107
2503
983
-30
-451
-1133
-2515
-4188
-5535
-6152
-5883
-5161
-4480
-4099
-4390
-5446
-6204
-5210
-2981
-1475
-1009
-298
797
1127
872
1392
2408
2391
1490
1407
2432
3016
2371
1327
570
-164
-959
-1144
-503
23
-455
-1540
-2131
-1917
-1561
-1472
-1260
-616
28
309
656
1460
2101
1921
1512
1915
2927
3476
3416
3395
3432
2985
2231
1934
2177
2227
1740
1075
671
398
-146
-686
-883
-886
-1105
-1403
-1241
-944
-965
-1124
-1000
-695
-630
-583
-240
-156
-2357
-7835
-12337
-10827
-5775
-4127
-6399
-6213
-3269
-3949
-7488
-6256
-55
2511
37
432
5888
9805
8588
7059
7964
7963
5986
5228
7648
10091
9377
6351
3391
1779
685
-365
-1137
-1333
-1255
-1738
-2096
-1810
-1378
-1642
-2631
-3288
-2892
-993
1498
2928
2747
2017
1749
1216
563
950
2208
2550
1331
310
249
113
-1050
-2746
-4024
-4746
-5042
-5170
-4684
-3518
-2933
-3867
-5256
-4907
-3229
-2211
-1862
-843
554
756
280
723
1938
2273
1372
863
1487
2233
2023
1233
776
411
-426
-1262
-1053
-175
-81
-957
-1629
-1406
-1014
-1008
-861
-154
553
642
658
1275
2033
2099
1665
1676
2372
2991
3075
2966
2862
2487
1794
1337
1466
1664
1387
821
374
86
-233
-617
-845
-889
-1025
-1149
-983
-643
-547
-804
-957
-785
-511
-286
39
524
543
-1355
-6282
-10916
-10198
-5689
-3679
-5632
-5831
-3002
-3232
-6802
-6538
-890
2093
-157
-203
4930
9182
8180
6388
7222
7495
5587
4531
6812
9486
9054
6075
3054
1504
487
-605
-1401
-1518
-1341
-1812
-2270
-2012
-1508
-1738
-2719
-3385
-3030
-1136
1410
2928
2897
2330
2136
1463
525
987
2774
3462
1997
781
1019
894
-886
-2763
-3156
-3306
-4243
-5080
-4794
-4002
-3893
-4402
-4922
-4632
-3624
-2739
-2206
-1399
25
734
318
268
1308
2093
1492
989
1629
2228
1646
697
593
536
-283
-1152
-1028
-305
-262
-831
-1135
-883
-739
-934
-773
-51
634
773
856
1314
1844
2022
1862
1867
2185
2578
2759
2803
2855
2606
1923
1264
1141
1206
944
573
357
32
-613
-1050
-1049
-1111
-1339
-1333
-1080
-1016
-1039
-791
-510
-456
-355
95
587
724
869
1203
436
-3380
-8667
-9890
-5885
-2624
-4122
-5761
-3378
-2088
-5492
-7396
-2780
2022
631
-1288
2458
7633
7722
5209
5578
6859
5631
3837
5141
8218
8717
6134
3005
1362
615
-392
-1325
-1558
-1193
-1435
-2145
-2212
-1680
-1491
-2245
-3053
-2977
-1495
909
2579
2814
2456
2511
2213
1241
1319
2902
3886
2571
895
945
1204
-240
-2366
-3114
-3215
-4235
-5185
-4614
-3493
-3935
-5603
-6425
-5600
-4020
-2863
-2178
-1452
-661
-370
-535
-54
1378
2374
1965
1470
2211
3147
2773
1598
1041
893
297
-262
133
953
805
-280
-1084
-971
-555
-550
-628
-225
403
594
495
820
1464
1518
921
829
1633
2376
2413
2119
1935
1519
761
351
559
864
721
309
-31
-310
-543
-777
-924
-925
-760
-510
-456
-423
-149
34
-164
-241
368
1060
1114
1171
1690
1838
1242
651
-830
-5390
-10011
-9010
-4166
-2810
-5773
-6049
-3125
-3961
-7913
-6916
-622
1927
-709
-359
4889
8128
6163
4479
5882
6527
4875
4144
6501
8784
7692
4271
1520
654
41
-948
-1422
-991
-681
-1431
-2091
-2008
-1700
-1824
-2298
-2402
-1619
483
2714
3485
3004
2726
2880
2149
1364
2275
3954
3825
1871
832
1043
342
-1877
-3891
-4664
-4818
-4786
-4722
-4698
-4895
-5620
-6767
-7130
-5414
-2849
-1721
-1691
-773
589
636
208
1078
2500
2560
1894
2409
3547
3423
1926
626
163
-118
-464
-303
495
817
-128
-1454
-1831
-1333
-1027
-1015
-534
347
780
686
791
1262
1379
910
810
1604
2584
2826
2503
2324
2022
1237
600
805
1313
1196
643
225
-62
-514
-892
-836
-640
-563
-521
-396
-98
320
584
473
256
395
770
1028
1308
1636
1537
946
564
608
607
279
-1308
-5496
-9880
-9536
-5364
-3732
-6106
-6638
-4076
-4455
-7704
-6596
-606
1954
-608
-607
4093
7300
5970
4786
5996
6155
4426
3831
6063
8169
7267
4207
1407
387
22
-563
-905
-643
-453
-1301
-2063
-1765
-1093
-1093
-1722
-1974
-1202
820
2868
3494
2944
2530
2497
1788
1221
2254
3745
3351
1401
457
587
-166
-2017
-3318
-3620
-4225
-5072
-4996
-4132
-3749
-4381
-5249
-5729
-5429
-3921
-1848
-477
83
655
919
363
343
1734
2766
2076
1583
2615
3013
1630
535
679
165
-1243
-1277
183
785
-147
-1007
-1306
-1731
-1996
-1500
-488
300
618
636
714
1037
1105
745
657
1320
2073
2342
2590
2839
2401
1400
848
1060
1331
1302
1253
1210
918
406
75
12
-138
-403
-421
-19
386
459
406
331
51
-347
-253
432
953
906
699
617
390
-2
-183
-96
-348
-1904
-5216
-8719
-9293
-6672
-4762
-5747
-6675
-5335
-4669
-6288
-6214
-2284
1013
456
14
3050
6282
6228
4984
5420
6117
5341
4673
5832
7405
6975
4610
2161
896
517
157
-238
-336
-325
-779
-1456
-1582
-1207
-1002
-1235
-1386
-801
673
2347
3072
2768
2458
2518
2345
2027
2612
3760
3697
2080
641
318
-148
-1502
-2607
-2687
-2765
-3713
-4555
-4452
-4342
-5309
-6498
-6339
-4948
-3555
-2622
-1667
-720
-417
-644
-457
608
1759
2109
1926
2031
2382
2128
1166
332
-7
-341
-835
-857
-301
-97
-810
-1757
-2029
-1729
-1385
-957
-216
491
663
541
657
977
1176
1309
1663
2219
2729
3027
3038
2754
2325
1901
1572
1482
1631
1762
1595
1204
773
299
-153
-433
-441
-335
-186
40
189
129
-88
-195
-183
-136
33
365
737
850
721
494
223
-72
-415
-580
-529
-420
-458
-740
-1292
-2666
-5174
-7905
-8857
-7245
-5126
-4563
-4952
-4541
-3839
-4269
-4427
-2344
702
1963
2089
3663
5999
6568
5369
4666
4897
4718
4292
4651
5524
5327
3584
1433
-81
-695
-893
-933
-824
-635
-570
-830
-1052
-1006
-797
-646
-430
305
1537
2865
3533
3334
2827
2536
2426
2187
2289
2853
3004
2138
852
-206
-1511
-2776
-3008
-2725
-3349
-4485
-4464
-3905
-4259
-4910
-4780
-4379
-4095
-2828
-911
20
80
341
472
-30
193
1507
2085
1486
1244
1616
1074
-183
-630
-552
-971
-1486
-1102
-425
-429
-823
-1118
-1222
-1194
-810
-160
422
878
1048
951
890
1190
1583
1631
1697
2104
2540
2561
2368
2243
1859
1262
1001
1228
1436
1331
1170
853
279
-162
-209
-129
-214
-209
-87
-135
-270
-294
-267
-337
-330
-157
1
125
159
9
-269
-460
-591
-794
-863
-768
-764
-866
-808
-852
-1598
-2716
-3473
-4013
-4924
-5589
-4886
-3468
-2957
-3379
-3242
-2349
-1887
-1752
-747
1050
2202
2450
2886
3716
4093
3735
3427
3553
3704
3646
3523
3395
2964
2171
1272
542
185
180
389
468
330
215
231
213
54
177
720
1268
1517
1719
2183
2456
2170
1672
1533
1650
1503
1241
1167
1074
561
-210
-776
-1161
-1712
-2744
-3754
-3675
-2733
-2586
-3545
-3915
-3696
-4556
-5439
-3880
-1329
-902
-1436
-481
526
-68
-323
798
1197
525
796
1731
1489
668
435
-196
-1584
-1966
-942
-272
-424
-369
-195
-595
-971
-540
168
545
845
1278
1632
1911
2146
1979
1466
1334
1776
2117
2139
2350
2525
1930
964
776
1206
1206
898
991
1158
764
276
207
93
-329
-567
-391
-165
-75
-153
-507
-861
-890
-811
-816
-562
-146
-257
-774
-938
-863
-1090
-1326
-1226
-1199
-1378
-1574
-2393
-4202
-5600
-5330
-4369
-3987
-3648
-2772
-2274
-2612
-2622
-1600
-435
167
772
1873
3011
3617
3732
3650
3446
3147
3007
3260
3647
3641
3157
2511
1854
1217
872
883
853
661
702
1006
1050
787
688
744
607
533
1040
1797
2096
1984
1880
1708
1293
948
877
803
577
361
144
-234
-712
-1181
-1670
-2107
-2311
-2290
-2357
-2890
-3759
-4044
-3247
-2411
-2559
-2893
-2349
-1601
-1493
-1338
-607
-113
-254
-311
17
312
473
480
67
-416
-308
52
-112
-499
-433
-298
-632
-903
-529
-30
-21
-162
48
459
788
1044
1214
1256
1328
1490
1554
1557
1744
1932
1755
1464
1528
1729
1603
1314
1221
1225
1169
1159
1131
852
427
121
-73
-205
-149
-27
-161
-440
-493
-414
-514
-712
-779
-792
-836
-795
-702
-723
-786
-790
-879
-1061
-1063
-878
-848
-991
-1011
-925
-962
-1009
-883
-755
-772
-906
-1467
-2641
-3509
-3119
-2218
-2043
-2166
-1590
-883
-966
-1206
-731
-58
210
554
1294
1948
2312
2571
2492
2009
1821
2185
2359
2068
2013
2325
2281
1799
1537
1597
1514
1261
1177
1361
1665
1896
1858
1589
1380
1332
1297
1272
1368
1484
1409
1164
919
728
566
389
128
-175
-342
-383
-667
-1376
-2032
-2208
-2286
-2719
-3051
-2739
-2234
-2162
-2293
-2202
-1998
-1839
-1657
-1505
-1386
-1051
-590
-475
-672
-685
-556
-720
-1054
-1069
-792
-603
-588
-599
-601
-580
-514
-480
-462
-271
95
372
487
664
937
1087
1058
1035
1124
1285
1467
1583
1546
1442
1450
1491
1403
1267
1231
1199
1057
935
927
887
707
476
265
75
10
115
185
62
-108
-136
-98
-194
-462
-750
-880
-874
-878
-871
-721
-522
-492
-624
-749
-820
-852
-801
-704
-653
-590
-433
-310
-337
-389
-334
-270
-288
-290
-198
-82
-15
-24
-161
-475
-880
-1204
-1336
-1279
-1097
-812
-450
-109
103
201
281
391
528
715
966
1258
1545
1765
1850
1811
1722
1607
1434
1248
1127
1056
994
966
947
841
633
426
261
124
60
101
192
287
390
454
394
172
-197
-564
-674
-471
-196
-1
209
447
512
293
-77
-401
-546
-544
-545
-566
-476
-316
-336
-583
-851
-1060
-1266
-1408
-1402
-1318
-1183
-951
-749
-746
-837
-833
-803
-868
-898
-751
-526
-358
-230
-126
-100
-120
-130
-176
-271
-267
-96
78
132
172
275
348
293
143
-6
-86
-46
89
227
347
493
652
750
789
834
876
868
807
739
711
744
810
834
799
760
726
644
515
403
285
124
-29
-103
-125
-161
-203
-236
-301
-404
-484
-504
-507
-510
-488
-438
-353
-222
-79
-18
-38
-20
89
192
204
186
215
245
215
164
123
37
-139
-355
-555
-715
-803
-822
-831
-838
-795
-722
-656
-585
-507
-463
-429
-340
-197
-39
133
325
505
635
696
700
696
706
697
650
629
670
714
695
636
562
450
324
290
369
448
452
457
512
561
566
565
573
570
560
560
581
614
603
487
302
147
66
8
-96
-245
-369
-442
-531
-666
-787
-858
-954
-1088
-1154
-1108
-1055
-1065
-1075
-1051
-1004
-912
-754
-591
-498
-461
-427
-398
-377
-353
-323
-301
-275
-230
-195
-222
-302
-368
-399
-417
-417
-349
-215
-80
18
99
186
278
367
424
461
526
621
674
668
664
679
658
609
589
584
554
522
517
492
411
325
296
293
279
260
265
283
296
288
254
214
190
199
239
304
360
365
310
226
140
44
-57
-121
-135
-137
-127
-88
-71
-171
-344
-422
-358
-270
-217
-173
-160
-227
-314
-334
-314
-335
-377
-370
-312
-239
-168
-108
-107
-189
-279
-301
-252
-196
-158
-107
-39
-20
-66
-113
-120
-117
-131
-104
-9
74
66
13
0
29
51
65
107
161
181
167
174
197
180
115
85
138
213
258
280
292
293
288
290
314
355
393
398
367
353
359
329
263
213
190
157
95
44
5
-52
-126
-179
-209
-246
-285
-313
-331
-347
-359
-356
-344
-334
-336
-349
-360
-353
-338
-327
-307
-273
-248
-241
-228
-190
-159
-148
-120
-65
-17
5
22
51
71
70
79
109
108
64
28
31
45
47
54
71
70
42
16
-3
-28
-54
-56
-42
-35
-40
-39
-32
-34
-47
-45
-27
-10
-2
15
44
68
77
83
98
121
131
121
101
100
129
165
178
172
171
174
159
148
172
201
191
160
159
179
172
142
127
114
73
31
33
56
58
49
45
26
-9
-33
-33
-39
-50
-56
-59
-65
-60
-43
-51
-84
-107
-102
-96
-93
-78
-63
-71
-90
-83
-55
-31
-20
-5
-1
-20
-39
-45
-42
-39
-27
-14
-14
-13
-7
-9
-33
-66
-86
-88
-83
-76
-58
-31
-25
-43
-58
-48
-28
-31
-42
-39
-21
-4
8
29
56
61
36
20
36
61
71
76
84
87
77
61
60
63
57
43
26
12
2
-5
-10
-22
-39
-56
-72
-81
-92
-100
-102
-102
-103
-100
-87
-72
-70
-76
-69
-57
-48
-43
-33
-16
-1
8
11
12
11
-1
-13
-18
-14
-19
-29
-35
-32
-27
-23
-25
-25
-25
-27
-28
-18
5
24
31
32
42
56
62
57
56
61
61
59
60
67
67
54
41
39
46
47
39
25
15
6
7
21
41
56
55
57
62
64
67
78
97
115
123
133
138
130
110
87
75
75
76
76
66
45
15
-20
-50
-73
-89
-106
-113
-111
-110
-107
-107
-117
-127
-133
-129
-116
-100
-84
-74
-70
-69
-64
-60
-59
-57
-51
-43
-39
-33
-32
-27
-27
-34
-32
-24
-14
-5
2
7
12
12
19
29
40
46
52
58
60
62
61
58
52
44
41
45
47
43
33
22
10
-3
-11
-9
-5
-8
-13
-17
-20
-24
-32
-38
-42
-46
-44
-35
-27
-20
-20
-25
-29
-33
-34
-34
-32
-31
-32
-33
-30
-26
-24
-22
-20
-17
-15
-10
-3
4
4
4
10
18
24
32
35
35
31
31
38
41
44
43
39
36
35
35
36
33
31
33
33
35
33
30
23
18
