-10
-9
-7
-5
-5
-2
-3
-1
0
1
3
0
0
0
2
2
1
3
3
3
0
-2
-2
-3
-4
-3
-3
-3
-3
-2
-2
-2
-3
-3
-4
-4
-5
-4
-1
1
1
1
1
-1
-2
-4
-5
-8
-8
-9
-11
-12
-13
-14
-16
-14
-10
-8
-5
2
5
5
8
15
16
12
14
19
15
11
16
17
10
8
10
7
3
3
7
8
6
9
10
8
9
10
9
6
9
10
8
4
4
4
-1
-5
-5
-7
-9
-9
-8
-11
-11
-10
-10
-14
-13
-13
-14
-14
-10
-6
-6
-7
-2
1
2
2
5
7
6
5
5
5
5
4
1
-1
-2
0
-2
0
3
1
2
4
6
3
3
5
3
-3
-3
0
-2
-2
-1
1
-1
-2
1
-2
-3
-3
-2
-3
-1
3
4
-1
-5
-6
-8
-10
-4
7
1
-8
-2
1
-3
-2
6
1
-7
-5
-3
-5
-5
-4
-3
0
4
5
0
-9
-34
-24
12
27
30
68
77
-5
-33
13
18
-12
37
61
-40
-88
-1
28
-63
-85
-40
-79
-105
27
141
98
34
59
63
32
88
138
25
-69
49
57
-167
-208
-17
-71
-303
-176
107
78
-67
37
161
63
-68
0
155
172
100
113
133
22
3
124
81
-126
-175
-151
-282
-324
-90
138
97
1
49
89
0
-34
31
-22
-83
98
281
166
-5
-11
-4
-57
7
214
220
-159
-443
-278
-142
-262
-117
241
190
-23
137
256
-22
-212
-76
37
60
164
284
323
219
-81
-327
-255
-113
-161
-143
36
-3
-219
-158
115
160
-7
-73
-38
-3
142
384
395
119
-83
-58
-14
-13
0
-134
-416
-509
-315
-95
129
503
688
242
-411
-554
-320
-207
-96
310
756
853
607
239
-219
-748
-1077
-902
-310
333
771
791
331
-219
-434
-426
-313
86
513
471
146
45
96
-98
-503
-681
-420
-33
256
608
841
478
-348
-876
-758
-293
143
467
742
793
440
-46
-274
-347
-487
-393
106
383
68
-132
80
-134
-698
-488
307
547
490
796
717
-98
-541
-306
-362
-646
-421
-199
-477
-448
87
112
-320
-169
352
420
391
755
944
549
61
-222
-452
-562
-457
-279
-44
280
443
311
120
-63
-378
-690
-733
-493
-162
24
-12
-37
82
110
20
125
398
470
342
321
451
482
256
-58
-150
-85
-153
-161
119
220
-106
-274
-41
161
320
628
535
-232
-839
-802
-551
-198
319
542
400
456
636
458
24
-590
-1413
-1891
-1505
-722
-119
373
718
741
554
429
412
377
275
232
476
751
744
790
974
668
-190
-843
-1224
-1514
-1086
-71
286
-115
-198
-126
-680
-1131
-714
-277
-420
-288
492
1046
1039
939
753
281
-69
110
391
382
455
751
670
25
-421
-492
-924
-1526
-1416
-921
-891
-804
-167
73
-432
-710
-515
-441
-321
189
625
746
841
836
481
-9
-413
-871
-1297
-1364
-1181
-1156
-1311
-1372
-1381
-1518
-1595
-1356
-938
-482
109
726
1166
1485
1741
1813
1735
1799
1980
2018
2034
2151
2123
1853
1595
1430
1209
1012
1009
1106
1145
1132
1097
1013
889
763
676
653
673
661
622
584
561
540
403
175
65
58
-48
-226
-240
-140
-193
-421
-718
-1137
-1643
-2008
-2081
-1968
-1900
-1882
-1683
-1267
-945
-814
-603
-464
-771
-1028
-591
-140
-425
-774
-716
-1023
-1637
-1381
-575
-641
-1244
-1059
-526
-654
-792
-381
-482
-1550
-2870
-5106
-8775
-10636
-8027
-4750
-5098
-5951
-3349
-847
-2009
-2522
1165
4349
3463
3132
6822
10438
10582
9851
10326
9976
7926
6479
6813
7427
6835
5026
2848
1397
735
-412
-2243
-3147
-2776
-2862
-3459
-2469
-188
521
-704
-1101
181
1229
1540
2485
3991
4398
3548
2881
2783
2130
428
-1097
-1401
-1300
-2017
-3066
-3398
-3857
-5654
-7657
-8115
-7675
-7632
-7095
-5233
-3476
-2941
-2507
-1421
-731
-772
-402
820
1991
2650
3126
3309
2802
1831
1041
569
280
259
436
476
320
205
-27
-581
-1070
-1060
-753
-472
-24
637
1011
811
476
590
963
1169
1376
1881
2408
2535
2558
2797
2886
2452
1935
1880
1940
1789
1706
1588
856
-327
-1025
-1085
-1164
-1396
-1511
-1703
-2092
-1989
-1210
-876
-1308
-1538
-1282
-1064
-1015
-870
-1296
-3375
-7329
-11071
-11030
-7627
-5482
-6515
-6868
-4675
-3795
-5041
-4029
90
2098
897
1888
6456
10033
10160
9630
9945
9413
8064
7823
9281
10387
9499
7009
4602
3693
3101
1304
-898
-1729
-1760
-2634
-3152
-1886
-648
-1914
-4129
-4076
-2367
-1257
-590
975
2460
2301
1610
2076
3130
3053
2116
1711
1868
1888
1618
1176
-55
-2190
-4130
-5171
-5614
-5893
-6000
-6362
-7172
-7632
-7368
-6913
-6631
-6083
-5344
-4718
-3597
-1849
-574
-560
-678
26
818
1406
2350
3368
3301
2463
2173
2314
2137
1665
1398
1237
967
957
1161
1088
500
-116
-271
-45
542
1276
1742
1696
1514
1662
1977
2306
2657
3026
3217
3262
3485
3760
3683
3146
2592
2316
2182
2062
1977
1854
1340
510
-49
-241
-665
-1455
-2022
-2160
-2063
-1823
-1680
-2021
-2474
-2460
-2132
-1808
-1458
-989
-587
-264
-107
-162
-124
40
30
-395
-903
-1281
-2338
-5062
-8501
-9515
-7563
-6237
-7379
-8024
-6389
-5655
-6968
-6671
-3533
-1487
-2073
-1297
2441
5699
6308
6373
7428
8013
7682
7903
9398
10778
10581
9147
7783
7384
7019
5546
3678
2834
2558
1367
138
335
606
-1151
-3627
-4006
-2971
-2879
-3362
-2631
-1464
-1710
-2332
-1498
-125
-90
-707
-232
967
1630
1688
1733
1679
1049
-55
-807
-586
-272
-1035
-2197
-2388
-2234
-3092
-4087
-4010
-3917
-4826
-5350
-4485
-3778
-4204
-4499
-3887
-3340
-3307
-2887
-1845
-1056
-854
-502
385
1133
1310
1407
1852
2306
2475
2652
2956
3060
2776
2414
2279
2303
2220
1954
1686
1537
1406
1143
882
758
663
464
320
502
802
865
750
797
960
947
932
1153
1394
1317
1152
1260
1429
1318
1054
951
867
594
323
249
136
-285
-782
-986
-1007
-1175
-1407
-1440
-1387
-1460
-1516
-1392
-1217
-1124
-1086
-961
-794
-826
-1123
-1622
-2567
-3825
-4254
-3487
-2957
-3431
-3706
-3252
-3275
-3908
-3722
-2668
-2287
-2630
-2067
-479
589
794
1180
1882
2143
2218
2929
4057
4761
4922
5034
5270
5491
5569
5440
5186
4987
4838
4569
4366
4407
4177
3259
2236
1807
1568
926
275
69
-177
-875
-1390
-1327
-1424
-2091
-2629
-2586
-2487
-2626
-2599
-2310
-2263
-2579
-2688
-2459
-2444
-2727
-2699
-2287
-2109
-2189
-2043
-1804
-1902
-2100
-1974
-1696
-1540
-1426
-1226
-1061
-1042
-1061
-969
-822
-716
-585
-355
-88
118
262
328
321
341
380
429
545
699
793
796
732
697
767
817
789
836
950
1001
1087
1325
1452
1244
1085
1287
1417
1303
1408
1581
1344
1084
1180
1103
757
733
818
689
754
860
622
485
573
369
53
105
218
81
-25
42
-11
-298
-465
-389
-404
-554
-566
-465
-478
-583
-623
-608
-631
-713
-744
-636
-586
-770
-977
-1146
-1464
-1746
-1692
-1586
-1750
-1906
-1825
-1787
-1910
-1849
-1542
-1391
-1465
-1324
-919
-680
-646
-464
-207
-164
-111
249
698
944
1128
1440
1716
1820
1960
2229
2383
2356
2395
2557
2667
2680
2678
2623
2455
2286
2200
2106
1943
1776
1586
1291
1015
853
624
282
48
-67
-258
-490
-591
-638
-802
-1031
-1155
-1184
-1267
-1390
-1426
-1406
-1458
-1569
-1627
-1637
-1690
-1785
-1811
-1754
-1729
-1761
-1736
-1658
-1626
-1625
-1549
-1406
-1307
-1267
-1160
-988
-894
-845
-716
-528
-330
-137
-2
135
289
359
473
691
740
688
844
986
956
1043
1199
1164
1090
1138
1157
1091
1159
1321
1167
849
953
1130
847
702
957
883
553
618
740
539
459
524
325
125
217
299
238
164
69
-13
-59
-155
-209
-160
-207
-317
-269
-176
-196
-249
-284
-319
-312
-259
-208
-126
-19
41
56
26
-37
-108
-265
-541
-740
-757
-789
-976
-1203
-1339
-1519
-1847
-2056
-1985
-1893
-1963
-1952
-1699
-1458
-1366
-1225
-955
-745
-649
-424
-11
361
593
821
1057
1206
1347
1579
1847
2049
2203
2387
2538
2612
2676
2677
2545
2383
2295
2200
2032
1881
1706
1425
1129
886
652
395
240
199
78
-129
-245
-296
-436
-605
-689
-751
-884
-998
-987
-992
-1113
-1263
-1348
-1428
-1561
-1614
-1579
-1585
-1660
-1708
-1710
-1722
-1711
-1630
-1535
-1498
-1410
-1242
-1104
-1044
-980
-757
-504
-438
-408
-151
20
-85
91
215
-15
146
470
448
432
513
548
687
789
586
630
967
864
790
1145
1080
810
1088
1136
806
904
1062
926
940
1032
792
577
741
755
457
304
407
453
253
129
248
199
10
64
160
50
-5
68
51
-4
27
31
-32
-57
-49
-66
-86
-125
-160
-147
-121
-64
-6
-23
-98
-227
-364
-436
-516
-679
-788
-775
-843
-1048
-1177
-1225
-1376
-1563
-1625
-1578
-1561
-1592
-1575
-1503
-1413
-1331
-1245
-1098
-919
-773
-585
-277
40
288
538
809
1077
1373
1664
1931
2185
2357
2455
2551
2640
2658
2574
2459
2351
2188
1948
1711
1522
1250
855
543
360
168
-92
-344
-451
-492
-631
-739
-769
-822
-835
-843
-886
-821
-761
-899
-986
-886
-890
-1042
-1063
-1009
-1113
-1237
-1172
-1062
-1120
-1249
-1201
-978
-903
-1069
-1031
-646
-558
-844
-676
-182
-253
-517
-274
-30
-48
67
150
84
170
281
291
437
558
519
605
694
639
773
926
709
582
856
851
530
703
956
497
222
613
624
336
411
400
278
258
205
322
280
-1
135
247
17
59
118
-49
-82
-122
-167
-6
71
-130
-212
50
98
-150
-47
230
194
-33
-76
216
394
107
-117
51
154
18
-107
-75
-35
-269
-522
-446
-359
-544
-720
-701
-794
-1023
-1080
-1058
-1183
-1347
-1374
-1331
-1303
-1245
-1179
-1130
-1093
-1020
-843
-610
-376
-197
-2
251
506
813
1070
1237
1433
1594
1737
1922
2078
2149
2141
2084
2011
1931
1791
1598
1384
1158
933
742
633
487
232
29
42
22
-440
-741
-388
-282
-661
-771
-533
-516
-761
-738
-640
-695
-800
-901
-742
-780
-1022
-882
-706
-811
-993
-1033
-757
-585
-869
-864
-531
-667
-816
-403
-180
-447
-345
0
-127
-289
17
258
190
59
34
467
569
-5
236
820
482
-194
56
955
577
-276
163
660
184
-270
263
754
162
-415
66
423
249
181
276
336
-118
-171
642
682
-57
-23
347
400
107
-122
662
534
-369
-2
356
288
-19
-10
334
-3
-64
347
357
128
-216
31
679
168
-321
328
430
-177
-74
388
50
-46
104
-530
-578
-76
-301
-873
-893
-579
-837
-1278
-1113
-975
-1411
-1725
-1482
-1128
-1220
-1454
-1211
-1057
-1198
-1087
-681
-440
-470
-234
179
416
606
834
1083
1185
1233
1555
1922
1994
1989
2140
2155
2002
1982
1979
1861
1637
1414
1389
1358
1096
837
791
548
74
5
173
-107
-542
-600
-485
-646
-923
-904
-800
-1006
-1295
-1081
-801
-1067
-1227
-948
-819
-1072
-1042
-691
-701
-786
-642
-520
-629
-622
-244
-267
-593
-238
128
-161
-272
18
106
-16
-48
85
238
126
107
317
-1
-23
560
216
-392
103
507
67
-123
227
65
-386
-57
307
-19
-252
-258
10
141
-534
-480
701
277
-1038
-289
933
244
-562
146
674
-139
-334
726
943
145
-110
309
883
593
-143
392
1031
223
-104
911
1105
176
147
627
316
207
789
684
-18
67
422
184
28
272
193
-416
-603
-197
-302
-811
-741
-734
-1240
-1221
-995
-1377
-1826
-1755
-1629
-1784
-1782
-1549
-1321
-1522
-1852
-1434
-928
-931
-844
-414
-27
152
452
913
1196
1246
1438
1872
2235
2477
2705
2848
2777
2702
2765
2745
2666
2581
2352
2066
1902
1739
1421
1036
694
401
4
-412
-580
-620
-861
-1243
-1405
-1431
-1646
-1926
-1950
-1785
-1878
-2062
-1915
-1738
-1686
-1583
-1420
-1208
-1062
-957
-788
-674
-552
-378
-309
-252
3
272
337
253
278
403
256
53
205
386
277
248
447
377
200
215
146
-44
-86
120
91
-83
-68
-229
-372
-119
38
-359
-674
-259
65
-349
-612
-174
100
-232
-500
-102
552
351
-217
114
547
442
596
1060
865
129
606
1532
928
563
1243
1140
539
600
919
641
204
498
761
414
338
629
481
-5
-188
174
697
471
-241
-186
231
-177
-1051
-1141
-500
-611
-1557
-1880
-1590
-1810
-2440
-2517
-2191
-2348
-2691
-2527
-2230
-2321
-2376
-1946
-1606
-1650
-1413
-647
-54
30
330
999
1352
1569
2156
2796
3088
3345
3808
4150
4198
4143
4262
4351
4061
3816
3863
3681
3102
2560
2223
1767
1116
596
185
-483
-1344
-1871
-1990
-2212
-2769
-3256
-3381
-3575
-3970
-4010
-3769
-3723
-3714
-3350
-2864
-2659
-2548
-2223
-1776
-1431
-1049
-452
62
301
451
694
1020
1252
1420
1560
1523
1569
1849
1841
1525
1402
1321
992
793
942
923
542
240
187
150
-47
-397
-636
-640
-767
-1026
-1036
-797
-658
-944
-1287
-954
-321
-416
-690
-178
225
-62
-66
509
813
600
577
853
1097
1228
1168
1226
1477
1481
1242
1201
1343
1265
1068
631
439
995
870
235
253
437
240
-351
-233
341
-104
-634
-431
-84
-83
-542
-1197
-1678
-1781
-2197
-3209
-3606
-2857
-2419
-3309
-4034
-3551
-3146
-3707
-4105
-3223
-2166
-2123
-2173
-1349
-355
-156
-151
504
1431
2082
2578
3307
4003
4308
4412
4593
4998
5448
5732
5800
5816
5903
5662
5090
4653
4363
3928
3231
2658
2388
1903
959
29
-715
-1705
-2755
-3196
-3211
-3628
-4481
-4956
-5023
-5381
-5819
-5676
-5356
-5527
-5619
-4955
-4027
-3514
-3249
-2775
-2247
-1830
-1130
-88
695
971
1255
1734
2080
2322
2621
2782
2648
2576
2797
2912
2668
2274
1933
1612
1350
1279
1180
834
305
-148
-401
-720
-947
-901
-948
-1193
-1307
-1105
-984
-1131
-1179
-1051
-842
-533
-232
-9
232
295
233
429
642
927
1311
1431
1522
1588
1624
1631
1671
1781
1521
1585
1902
1620
1307
1144
973
661
228
67
15
-66
-121
-349
-589
-604
-570
-626
-766
-834
-1377
-2945
-4969
-6291
-5769
-4317
-3948
-4963
-5795
-5418
-5428
-6228
-5841
-4081
-3174
-3742
-3065
-526
1062
690
501
1790
2971
3660
5198
7237
8101
7551
7179
7496
7922
8271
8485
8448
8039
7663
7380
6675
5640
4539
3313
2024
1307
1233
795
-503
-2120
-3486
-4764
-5631
-5611
-5488
-6010
-6839
-7030
-6804
-6929
-6980
-6644
-6425
-6531
-5881
-4097
-2666
-2307
-2233
-1709
-1147
-556
751
2134
2574
2330
2507
3046
3142
3108
3256
3186
2720
2666
3149
3001
2079
1241
851
462
124
372
635
69
-965
-1355
-1145
-1229
-1474
-1353
-1114
-1201
-1243
-865
-555
-723
-949
-660
-97
395
810
1071
1107
978
991
1247
1589
1800
1709
1542
1448
1418
1336
1091
1003
904
517
304
338
320
212
44
-154
-393
-397
120
386
-175
-762
-664
-124
110
27
134
50
-1245
-4462
-8054
-8510
-5323
-2751
-4114
-6589
-6296
-5534
-7268
-8421
-5736
-2801
-3685
-4649
-1487
2377
2478
919
1622
3236
3828
5388
8783
11171
10655
9253
8870
9101
9518
10069
10249
9655
8963
8578
7896
6730
5329
3575
1461
81
125
394
-469
-2359
-4365
-6186
-7643
-8176
-7791
-7294
-7483
-8119
-8383
-8013
-7496
-7434
-7441
-6769
-5525
-4255
-3003
-1653
-838
-987
-1129
-149
1453
2536
2974
3246
3310
2873
2439
2589
2859
2574
2068
2062
2261
1919
1075
268
-307
-816
-1045
-632
-24
-81
-789
-1343
-1404
-1242
-1067
-745
-253
36
41
156
558
799
623
535
962
1603
2014
2211
2263
2011
1534
1301
1524
1891
2052
2005
1822
1435
926
632
568
377
92
94
244
36
-408
-641
-729
-911
-1074
-927
-725
-629
-431
-267
-306
-492
-509
-619
-2074
-6025
-10323
-9793
-4916
-2716
-5888
-8369
-6413
-5902
-9196
-9384
-4157
-1422
-4437
-4838
638
4442
2877
1577
3814
5117
4703
7033
11681
13591
11845
10399
10296
10129
10141
10805
11027
9835
8574
8000
7144
5695
4089
2148
-379
-1958
-1681
-1136
-2001
-4038
-5931
-7592
-8993
-9356
-8496
-7354
-7254
-7831
-7776
-6805
-5952
-5895
-5649
-4550
-3240
-2257
-968
630
1074
139
-439
495
1819
2389
2644
2929
2559
1321
540
866
1194
620
-118
19
366
-73
-851
-1151
-1410
-2094
-2265
-1224
42
234
-399
-765
-656
-545
-296
545
1477
1655
1352
1484
2002
2065
1642
1480
1764
2042
2207
2505
2692
2237
1364
900
1077
1362
1446
1407
1231
842
457
350
299
17
-281
-299
-99
133
141
-280
-614
-389
-117
-71
-16
329
739
699
626
197
-2886
-9187
-13122
-9722
-4244
-4272
-8088
-8563
-6952
-9373
-12332
-9278
-4034
-4135
-6259
-3183
2227
4084
3367
3887
4616
4138
5795
10359
14199
15023
14215
12813
11026
10520
11579
12260
11310
9900
9051
7900
6449
5118
3215
66
-2933
-3928
-3458
-3002
-3488
-5053
-7405
-9794
-10960
-10486
-8919
-7481
-7015
-6972
-6465
-5315
-4507
-4182
-3582
-2657
-1680
-363
1567
2981
2692
1435
721
1024
1616
2207
2670
2458
1457
216
-418
-478
-686
-1396
-1953
-1774
-1408
-1401
-1623
-1880
-2326
-2910
-2693
-1318
128
570
329
200
130
70
441
1391
2201
2331
2339
2680
2964
2705
2121
1722
1596
1681
1989
2413
2484
1870
811
8
-95
180
355
517
776
699
159
-250
-198
-170
-390
-77
686
812
520
758
1072
693
338
765
1202
995
964
1172
-951
-7039
-12907
-12412
-7292
-5097
-7687
-9298
-7732
-8445
-11873
-11464
-6339
-3466
-4819
-4109
648
4654
5490
5482
6030
5996
6615
9451
13152
15691
16247
14869
12179
10405
10617
11163
10498
9030
7879
6658
5150
3854
2207
-467
-3548
-5491
-5953
-5441
-4714
-4930
-6443
-8643
-10151
-10218
-9149
-7529
-6147
-5296
-4663
-3679
-2514
-1793
-1452
-1126
-551
349
1708
3257
3877
2828
1105
299
359
440
480
578
131
-1161
-2318
-2501
-2422
-2977
-3641
-3489
-2802
-2308
-1946
-1563
-1581
-2242
-2565
-1470
452
1799
2214
2342
2441
2230
2011
2424
3132
3303
3058
3252
3794
3770
2939
1887
1119
563
416
929
1522
1284
204
-708
-991
-1046
-869
-130
452
159
-145
146
157
-359
-184
683
916
782
1353
2036
1694
1316
1552
1133
499
933
1682
543
-3170
-8666
-13374
-12487
-7214
-5073
-8571
-10912
-8493
-8436
-12105
-11223
-4849
-2250
-5076
-3678
3077
7060
6368
6225
7808
7565
7594
11006
14985
16222
15496
14213
11663
9435
9487
10022
8653
6374
5437
4699
2923
1229
-58
-2289
-5508
-7295
-6908
-5649
-4860
-5111
-6010
-7275
-8150
-8050
-6799
-4850
-3450
-2804
-2155
-842
233
404
517
781
884
941
1765
3033
3209
1803
-113
-1201
-1760
-2211
-2161
-1792
-2070
-3449
-4551
-4500
-4276
-4650
-4815
-4114
-3273
-2678
-1854
-839
-477
-868
-943
13
1459
2642
3421
3782
3676
3127
2717
2896
3231
3256
3002
2949
3013
2780
2185
1469
847
302
122
519
1238
1601
1122
208
-429
-521
-207
430
1266
1751
1637
1345
1253
1417
1593
1654
1516
1468
1662
1798
1934
1976
1699
851
142
208
26
-1246
-3796
-8194
-14258
-17227
-13678
-8904
-9231
-12473
-12067
-10200
-11972
-13238
-8759
-2882
-2280
-2903
1311
7350
9914
9527
9969
10626
10601
11895
14851
17662
18339
16854
13784
10680
9311
8878
7805
5736
4040
2897
1278
-497
-1967
-3575
-6105
-8582
-9335
-8144
-6198
-5129
-5097
-5559
-6048
-6198
-5513
-3543
-1399
-276
244
1309
2564
2742
2239
1880
1544
1071
1139
2032
2532
1730
53
-1633
-2946
-3754
-4025
-4035
-4052
-4330
-4838
-5163
-5051
-4877
-4990
-4907
-4131
-2900
-1743
-720
83
320
151
332
1262
2406
3256
3763
3938
3709
3217
2812
2584
2369
2057
1817
1783
1798
1604
1031
281
-341
-729
-705
-117
732
1280
1345
1216
1142
1159
1283
1647
2264
2792
3037
3037
2796
2502
2241
1990
1631
1431
1501
1362
1175
981
494
-295
-967
-1104
-1672
-3461
-6730
-12195
-17033
-16115
-10782
-8410
-11027
-12013
-9392
-9398
-12180
-10279
-3272
97
-1374
335
6630
11051
10825
10258
11358
11600
11227
12482
15419
17315
16298
13047
9498
7481
6535
5337
3602
2196
1201
-275
-1933
-3094
-3905
-5562
-7847
-8961
-8039
-5731
-3859
-3030
-2857
-2935
-3098
-3097
-1951
251
2198
2706
2502
3060
3738
3373
2194
1355
940
251
-344
-300
-270
-1445
-3585
-5513
-6497
-6474
-6053
-5621
-5368
-5466
-5653
-5432
-4682
-3870
-3212
-2447
-1375
-153
1051
2167
2702
2280
1607
1722
2588
3486
3999
4152
3846
2848
1734
1326
1446
1304
815
533
583
552
194
-256
-635
-1006
-1172
-700
424
1562
2170
2265
2265
2400
2565
2879
3375
3773
3897
3782
3563
3400
3287
2737
1814
1184
897
572
118
-57
-197
-1048
-2156
-2625
-2913
-4449
-8033
-13650
-17921
-16251
-10983
-8791
-10913
-11382
-8717
-8948
-11510
-9120
-1903
1404
-187
1582
7971
12209
11336
10377
11704
11859
10677
11270
14368
16379
14828
11126
7676
5754
4407
2993
1606
577
-223
-1584
-2967
-3610
-3891
-5141
-7201
-8088
-6804
-4176
-2040
-902
-277
-114
-485
-909
-181
1815
3662
4095
3799
4075
4297
3259
1398
217
-308
-1268
-2225
-2066
-1559
-2503
-4611
-6139
-6645
-6984
-7182
-6473
-5277
-4692
-4667
-4225
-3376
-2804
-2426
-1672
-424
723
1635
2528
3105
2990
2459
2236
2357
2414
2397
2486
2393
1714
804
219
-161
-578
-826
-686
-332
-207
-286
-283
-243
-323
-506
-204
779
1820
2390
2690
3229
3625
3507
3482
4081
4691
4492
4034
3924
3640
2819
2005
1594
1052
264
-186
-428
-815
-1266
-1775
-2394
-2838
-2760
-2720
-3886
-7180
-12708
-17057
-15507
-10096
-7587
-9303
-9368
-6715
-7194
-9837
-7561
-774
1913
-40
1721
7996
11903
10860
9978
11056
10489
8709
9191
12463
14431
12807
9414
6301
4289
2750
1586
587
-301
-949
-1834
-2621
-2882
-2849
-3702
-5566
-6590
-5413
-2695
-411
866
1511
1570
885
0
352
2125
3731
3784
3326
3625
3747
2417
381
-743
-1490
-2879
-3871
-3243
-2321
-3062
-4823
-5994
-6437
-6903
-6971
-5890
-4463
-3767
-3568
-2925
-2059
-1611
-1414
-850
123
985
1824
2697
3176
2846
2085
1620
1520
1536
1501
1493
1335
764
31
-505
-801
-1157
-1457
-1304
-795
-391
-255
-76
122
37
-175
157
1239
2304
2865
3273
3755
3893
3627
3752
4309
4504
4048
3748
3689
2981
1927
1471
1440
809
-131
-406
-407
-1030
-1815
-1978
-1958
-2299
-2579
-2649
-3227
-5556
-10263
-14918
-14728
-9990
-6849
-8059
-8726
-5988
-5326
-8136
-7668
-1743
2081
541
986
6500
10991
10427
9020
10065
10072
8202
7816
10416
12719
11824
9070
6142
4042
2415
1102
45
-794
-1098
-1695
-2528
-2855
-2632
-3029
-4670
-5758
-4896
-2541
-377
943
1809
2088
1638
855
828
1882
3163
3546
3090
2869
2922
2243
495
-1067
-1855
-2704
-3745
-3902
-3155
-3350
-4947
-6409
-6742
-6605
-6439
-5612
-4269
-3323
-3060
-2624
-1696
-994
-703
-274
706
1600
2228
2902
3386
3057
2010
1412
1448
1530
1396
1308
1132
317
-708
-1257
-1220
-1193
-1410
-1370
-957
-463
-246
-70
228
378
267
457
1421
2607
3280
3437
3566
3572
3301
3218
3700
4255
4165
3651
3246
2901
2113
927
61
-185
-239
-582
-893
-936
-1102
-1719
-2370
-2341
-1994
-1962
-2254
-3076
-5824
-10796
-14094
-12122
-7897
-6775
-8085
-7194
-5154
-6182
-7846
-5073
-10
1170
72
2648
7856
10294
9460
9341
10004
8979
7495
8311
10892
11881
10347
7708
5222
3298
1755
604
-421
-1118
-1598
-2198
-2669
-2705
-2610
-3416
-4800
-5268
-3946
-1586
314
1458
2082
2241
1737
1107
1419
2507
3261
3094
2817
2939
2704
1547
-58
-1384
-2626
-3966
-4651
-4174
-3572
-4300
-5815
-6492
-6267
-6297
-6328
-5232
-3699
-3204
-3184
-2131
-660
-231
-363
229
1206
1661
2070
2908
3390
2767
1799
1459
1489
1380
1198
1201
962
210
-495
-745
-799
-1121
-1375
-1210
-783
-354
48
421
530
432
422
898
1734
2499
2841
2899
3006
3034
2980
2979
3188
3202
2829
2595
2731
2662
1903
1112
727
271
-524
-924
-449
-179
-848
-1505
-1336
-1112
-1339
-1337
-863
-821
-1799
-3513
-6594
-10976
-12798
-9687
-6019
-6174
-7593
-6098
-4722
-6782
-7875
-3882
583
417
14
3933
8654
9370
7985
8505
9133
7804
6768
8479
11042
11070
8779
6035
4035
2396
914
-29
-532
-771
-1445
-2365
-2734
-2518
-2649
-3763
-4713
-4356
-2617
-596
846
1775
2201
2081
1421
1134
1832
2853
3252
2944
2782
2692
2063
791
-579
-1723
-3117
-4539
-5030
-4305
-3724
-4430
-5511
-6003
-6187
-6400
-5782
-4090
-2799
-2562
-2304
-1279
-379
-128
157
778
1257
1501
2122
2979
3208
2531
1647
1152
914
844
982
1202
980
239
-438
-675
-702
-920
-1063
-916
-675
-513
-209
346
637
455
348
841
1626
2200
2642
3038
3082
2656
2363
2486
2566
2374
2319
2370
1930
1303
1017
813
333
-26
9
-121
-405
-244
-10
-297
-636
-513
-446
-665
-311
360
233
-800
-2380
-5208
-9293
-11175
-8865
-5885
-5821
-6917
-5952
-5087
-6574
-7219
-4212
-693
-329
-105
3149
6960
7934
7207
7465
7724
6887
6454
7872
9791
9883
8194
5881
3905
2334
1020
65
-604
-970
-1408
-1909
-2220
-2299
-2617
-3554
-4358
-4055
-2456
-563
755
1553
2017
1928
1255
906
1518
2497
2831
2612
2555
2474
1727
379
-791
-1661
-2737
-3851
-4236
-3871
-3809
-4482
-5220
-5562
-5758
-5759
-4991
-3650
-2583
-2035
-1509
-792
-236
129
619
1304
1860
2178
2534
2882
2798
2138
1510
1247
1053
832
895
1148
912
165
-501
-868
-1245
-1533
-1298
-686
-203
-30
169
380
272
-1
109
783
1479
1958
2451
2874
2754
2071
1607
1734
2039
2144
2277
2494
2251
1510
1070
1172
930
273
4
197
130
-97
117
161
-321
-675
-478
-318
-432
-393
-567
-1724
-4343
-8175
-11104
-10295
-6898
-5442
-6788
-6918
-5247
-5722
-7490
-5665
-1016
496
-696
1221
5856
8041
7105
7071
7999
7235
5935
6735
9083
9805
8337
6059
3881
2257
1092
320
-388
-828
-1198
-1930
-2487
-2323
-1953
-2542
-3592
-3611
-2201
-366
1014
2027
2671
2646
1894
1299
1696
2690
3203
2906
2583
2398
1725
448
-708
-1443
-2388
-3531
-4103
-3942
-3920
-4572
-5321
-5743
-5995
-6024
-5289
-3839
-2641
-2105
-1719
-1049
-436
-78
439
1180
1706
1862
2163
2655
2673
1994
1250
918
720
520
600
852
603
-227
-932
-1130
-1145
-1216
-1030
-583
-290
-276
-118
362
642
559
627
1168
1752
2001
2226
2529
2496
2030
1648
1645
1761
1897
2162
2324
1998
1273
669
474
465
404
443
697
805
478
104
61
45
-185
-211
198
556
551
499
456
72
-1147
-3805
-7724
-10530
-9529
-6460
-5368
-6392
-6337
-5427
-6667
-8236
-6105
-1782
-291
-850
1211
5135
6805
6069
6268
7240
6685
5641
6511
8869
9734
8327
5972
3785
2116
797
74
-191
-234
-638
-1589
-2222
-2180
-2096
-2828
-3685
-3471
-2172
-566
749
1847
2422
2113
1234
843
1547
2476
2814
2753
2786
2450
1354
268
-318
-995
-2202
-3045
-2939
-2718
-3164
-3897
-4350
-4802
-5347
-5320
-4320
-3032
-2240
-1851
-1396
-863
-510
-186
386
1113
1621
1885
2128
2307
2109
1483
869
531
368
257
317
423
150
-536
-1178
-1464
-1520
-1378
-958
-471
-251
-161
63
270
235
193
483
923
1321
1768
2228
2377
2162
1951
1928
1990
2055
2117
2080
1872
1575
1282
1000
769
569
314
65
-74
-99
-137
-249
-334
-388
-467
-476
-277
16
105
137
271
290
196
-163
-2146
-6713
-10189
-8552
-4775
-4442
-6330
-5276
-3614
-5939
-8424
-5277
-281
-246
-1698
1102
5502
6260
5177
6268
7248
5804
4376
5830
8360
8948
7656
5497
3468
1863
895
340
44
137
-269
-1336
-2081
-1726
-1446
-2408
-3518
-3339
-1873
-418
707
1766
2299
1674
327
-85
841
1883
2076
2065
2457
2239
996
-189
-565
-1066
-2292
-3079
-2854
-2693
-3323
-3853
-3750
-3858
-4406
-4386
-3348
-2261
-1826
-1454
-784
-342
-392
-267
463
1136
1254
1271
1600
1775
1382
904
772
679
334
124
340
460
68
-472
-722
-883
-1133
-1095
-658
-280
-232
-169
73
221
187
255
559
872
1181
1591
2018
2213
2156
2027
1883
1813
1797
1784
1748
1796
1801
1573
1413
1300
899
305
186
323
43
-126
176
236
-419
-774
-621
-900
-1266
-857
-174
-430
-1224
-1944
-2877
-4145
-5698
-7353
-8069
-6675
-4821
-4834
-5503
-4558
-3512
-4352
-4547
-1770
1251
1799
2207
4516
6363
5973
5364
6074
6490
5903
5766
6566
6953
6170
4831
3248
1716
678
129
-331
-632
-538
-704
-1430
-1975
-1855
-1686
-1868
-1715
-819
328
1124
1569
1894
2012
1773
1393
1383
1813
2162
2014
1514
862
73
-754
-1416
-1922
-2542
-3186
-3553
-3620
-3748
-4008
-4096
-4073
-4150
-4122
-3487
-2491
-1784
-1369
-873
-358
-160
2
517
1144
1384
1295
1314
1428
1310
972
746
625
339
-11
-70
26
-112
-454
-710
-843
-944
-833
-500
-176
-6
166
429
648
808
999
1256
1488
1704
1989
2307
2494
2402
2103
1842
1750
1704
1588
1448
1335
1113
839
780
942
950
585
224
30
-218
-446
-234
156
-94
-698
-741
-394
-468
-716
-488
-340
-814
-1399
-1911
-2831
-4010
-4957
-6257
-7776
-7635
-5740
-4712
-5435
-5371
-3944
-3538
-3962
-2456
739
2311
2321
3481
5622
6453
5985
6187
6817
6672
6137
6194
6550
6168
5017
3461
1956
881
182
-372
-796
-932
-1149
-1711
-2147
-2087
-1833
-1771
-1623
-958
29
937
1542
1914
2136
2089
1958
1971
2280
2701
2542
1505
291
-197
-959
-2487
-2921
-1957
-2035
-3946
-4641
-3686
-3954
-5125
-4571
-3005
-3148
-3553
-2261
-955
-1020
-1139
-371
-42
-66
675
1621
1700
1383
1466
1236
578
395
780
778
178
-93
102
-4
-553
-743
-574
-741
-1021
-734
-99
101
-43
1
224
399
628
1057
1470
1742
1838
1866
2031
2210
2142
1902
1845
1937
1889
1680
1586
1607
1378
968
793
834
657
323
233
228
-128
-551
-495
-344
-459
-492
-340
-374
-642
-801
-930
-1077
-998
-780
-909
-1643
-2578
-3361
-3900
-4430
-5466
-6532
-6430
-5279
-4630
-4750
-4205
-3092
-2867
-3040
-1684
816
2238
2726
3791
5131
5516
5292
5621
6042
5840
5405
5315
5314
4883
4132
3044
1777
729
115
-240
-497
-461
-464
-862
-1342
-1334
-953
-724
-534
-53
656
1194
1501
1787
1979
1907
1625
1530
1694
1745
1430
937
534
-101
-1051
-1757
-2182
-3268
-4885
-4933
-3284
-2587
-3586
-4086
-3505
-3799
-4383
-3154
-1111
-635
-1133
-583
294
431
457
767
745
374
610
1168
1363
1300
1070
327
-663
-794
-192
40
-276
-413
-369
-729
-1107
-773
-125
-24
-178
151
730
983
1047
1178
1160
1039
1219
1771
2297
2549
2508
2204
1873
1709
1703
1716
1746
1729
1571
1383
1279
1117
632
12
-307
-271
-205
-153
11
13
-406
-858
-906
-718
-548
-339
-127
-216
-510
-659
-679
-931
-1662
-2700
-3654
-4376
-5350
-6656
-7047
-5932
-4933
-5324
-5550
-4286
-3219
-3379
-2743
-306
1619
1928
2690
4591
5740
5516
5528
6161
6157
5567
5425
5602
5176
4201
3198
2079
1015
425
154
-244
-603
-618
-733
-1128
-1258
-869
-555
-538
-196
632
1373
1686
1901
2147
2152
1891
1782
2037
2196
1940
1461
921
-10
-1124
-1683
-1928
-2538
-3361
-3910
-4486
-4710
-3962
-3243
-3581
-4104
-3595
-2952
-2572
-1617
-359
-14
-380
-107
547
990
1270
1409
1107
600
572
709
572
289
54
-407
-971
-945
-481
-377
-732
-916
-838
-831
-726
-205
329
395
360
709
1183
1376
1469
1614
1617
1497
1550
1788
1876
1769
1639
1431
1189
1130
1273
1281
1061
882
846
870
812
673
428
138
-54
-103
7
172
215
-50
-384
-391
-110
66
-64
-228
-342
-486
-637
-632
-537
-625
-914
-1367
-1954
-2617
-3120
-3458
-3976
-4862
-5651
-5548
-4632
-3801
-3489
-3077
-2385
-1988
-1658
-460
1346
2378
2671
3258
4086
4360
4302
4558
4644
4125
3588
3530
3463
2993
2422
1741
826
80
-93
-35
-129
-95
77
-25
-282
-80
505
778
812
1120
1598
1823
1898
2109
2155
1841
1455
1317
1279
974
403
-150
-502
-1069
-1987
-2551
-2599
-3127
-4267
-4373
-3182
-2573
-3068
-3077
-2326
-2208
-2385
-1577
-365
2
-5
412
730
725
816
876
489
130
264
321
37
-98
-41
-471
-1188
-1255
-776
-619
-791
-626
-321
-404
-539
-214
245
358
391
653
963
1140
1273
1351
1319
1301
1368
1453
1578
1737
1718
1475
1243
1203
1223
1213
1189
1045
711
335
222
245
137
-108
-287
-356
-412
-309
-184
-211
-366
-444
-453
-441
-247
-144
-315
-588
-682
-721
-826
-771
-734
-982
-1529
-2037
-2379
-2681
-2952
-3313
-3725
-4034
-3971
-3536
-2980
-2415
-1951
-1545
-1095
-401
503
1371
2137
2684
2995
3188
3507
3838
3859
3688
3491
3234
2856
2609
2503
2140
1520
988
715
525
442
544
568
380
242
397
619
728
906
1143
1217
1150
1230
1391
1354
1173
1022
835
479
102
-112
-260
-574
-1052
-1447
-1700
-2020
-2413
-2548
-2415
-2420
-2590
-2464
-2133
-2263
-2858
-3037
-2437
-1711
-1220
-713
-277
-322
-582
-466
-80
192
327
373
275
219
301
161
-286
-621
-695
-799
-804
-391
51
-41
-409
-452
-217
21
326
742
1021
1071
1148
1349
1521
1553
1547
1579
1659
1796
1970
2034
1858
1578
1355
1202
1079
1048
1028
832
505
209
29
-41
-33
-101
-286
-331
-214
-228
-417
-525
-581
-736
-770
-549
-388
-455
-518
-525
-664
-793
-699
-584
-654
-763
-802
-1125
-1821
-2409
-2729
-3344
-4325
-4545
-3628
-2765
-2752
-2691
-2033
-1692
-1790
-1209
239
1294
1684
2257
3020
3361
3320
3364
3277
2982
2885
3024
2994
2727
2546
2139
1300
600
558
725
551
446
664
835
702
665
942
1122
1080
1109
1443
1762
1851
1844
1733
1414
1000
866
875
656
218
-214
-633
-1170
-1616
-1854
-2062
-2428
-2755
-2725
-2493
-2390
-2438
-2399
-2468
-2809
-2790
-2015
-1177
-886
-689
-445
-644
-984
-762
-314
-298
-333
-68
12
-242
-351
-385
-810
-1270
-1178
-791
-546
-303
22
41
-210
-201
129
400
574
898
1262
1442
1540
1659
1650
1479
1403
1505
1626
1722
1799
1724
1451
1210
1096
966
805
695
602
473
435
460
378
204
64
-25
-93
17
308
554
552
380
255
211
187
113
13
-131
-308
-421
-510
-648
-835
-966
-1112
-1264
-1249
-1108
-1057
-1182
-1352
-1598
-2074
-2969
-4079
-4465
-3657
-2694
-2640
-2675
-1890
-1330
-1702
-1629
-380
527
502
983
2210
2813
2658
2705
2670
2063
1747
2140
2314
2051
2118
2189
1513
827
953
1134
766
643
1113
1431
1430
1645
1918
1750
1433
1441
1616
1739
1907
2036
1835
1420
1154
1001
685
289
84
-114
-568
-1030
-1198
-1340
-1770
-2247
-2480
-2501
-2434
-2421
-2584
-2706
-2494
-2106
-1812
-1522
-1187
-1017
-1020
-957
-798
-663
-568
-589
-755
-862
-777
-744
-894
-976
-898
-880
-912
-756
-485
-348
-287
-98
150
315
477
697
846
899
1009
1150
1192
1198
1252
1249
1178
1206
1300
1287
1209
1205
1237
1236
1259
1290
1225
1052
881
760
666
620
653
683
631
545
486
424
305
161
73
96
165
151
46
-76
-233
-463
-664
-764
-861
-1039
-1194
-1232
-1207
-1219
-1280
-1333
-1324
-1245
-1119
-986
-916
-920
-979
-1251
-1933
-2702
-2898
-2492
-2119
-1997
-1723
-1246
-988
-968
-788
-407
-63
308
854
1424
1856
2166
2251
2032
1765
1696
1686
1629
1698
1871
1877
1738
1710
1724
1574
1367
1306
1368
1488
1675
1838
1862
1769
1597
1388
1259
1228
1130
945
838
814
732
584
349
-124
-707
-1056
-1187
-1360
-1519
-1542
-1624
-1818
-1836
-1693
-1772
-2021
-2035
-1825
-1653
-1462
-1182
-1055
-1133
-1168
-1129
-1132
-1084
-955
-961
-1084
-1020
-811
-770
-864
-842
-743
-675
-494
-158
97
191
289
405
438
469
582
612
497
467
607
710
705
747
829
820
787
865
995
1073
1147
1262
1326
1284
1195
1080
923
779
692
624
576
571
564
487
393
348
310
238
186
178
138
42
-46
-130
-279
-480
-674
-860
-1005
-1034
-978
-926
-864
-816
-945
-1264
-1514
-1556
-1516
-1440
-1231
-953
-701
-427
-224
-386
-838
-1149
-1233
-1354
-1445
-1218
-801
-501
-299
-58
121
187
273
399
513
729
1121
1479
1671
1819
1912
1781
1517
1381
1387
1418
1510
1663
1704
1588
1468
1385
1256
1096
975
879
780
746
790
844
864
826
660
379
85
-195
-497
-705
-653
-469
-371
-342
-268
-203
-241
-354
-514
-701
-819
-810
-764
-756
-749
-762
-887
-1111
-1309
-1427
-1495
-1511
-1472
-1408
-1318
-1194
-1099
-1086
-1073
-983
-863
-767
-651
-514
-421
-367
-303
-254
-252
-227
-138
-69
-42
33
168
264
297
339
400
463
548
644
713
769
861
970
1047
1087
1074
997
900
819
736
629
529
472
458
462
449
404
344
271
193
146
155
167
134
65
15
-9
-46
-105
-155
-195
-232
-240
-184
-102
-76
-115
-148
-114
-40
8
8
-14
-27
-19
3
5
-28
-74
-95
-94
-94
-110
-199
-399
-628
-758
-794
-817
-807
-727
-628
-568
-513
-456
-444
-483
-496
-432
-323
-218
-122
-22
72
148
219
274
286
262
245
268
340
449
566
661
719
731
722
717
697
635
566
544
559
583
637
711
745
741
758
784
773
741
707
655
602
581
573
525
433
316
180
42
-72
-177
-301
-432
-533
-591
-620
-645
-675
-714
-764
-816
-844
-839
-835
-853
-867
-844
-793
-729
-668
-645
-672
-700
-690
-655
-628
-624
-638
-652
-655
-643
-618
-588
-572
-570
-556
-492
-390
-273
-152
-35
71
170
261
324
354
376
408
454
525
626
717
759
752
717
661
608
574
557
551
559
570
557
517
464
415
375
348
347
350
327
268
195
139
113
113
130
161
193
219
236
242
214
158
113
98
99
98
96
105
122
129
108
51
-53
-208
-387
-539
-643
-715
-760
-774
-754
-709
-664
-648
-658
-661
-623
-531
-407
-276
-150
-40
48
111
144
143
115
91
99
137
197
265
309
320
321
333
348
370
395
406
406
420
448
449
415
372
326
277
265
300
337
361
381
410
430
437
449
426
357
294
252
210
153
88
13
-105
-238
-355
-454
-551
-632
-671
-690
-689
-651
-608
-579
-572
-556
-527
-496
-444
-370
-306
-264
-238
-228
-238
-255
-267
-283
-312
-323
-303
-264
-225
-193
-159
-129
-99
-64
-20
24
52
71
98
130
158
173
183
186
183
182
182
179
182
191
200
208
215
231
237
232
232
230
227
217
200
192
186
178
168
161
158
159
162
171
173
168
167
164
160
165
180
191
191
183
177
158
126
86
45
4
-31
-46
-51
-62
-78
-91
-98
-117
-142
-171
-200
-222
-232
-227
-216
-214
-207
-201
-211
-230
-256
-278
-287
-287
-267
-219
-164
-108
-60
-15
26
53
72
85
100
110
114
121
127
129
130
134
144
152
160
169
169
162
145
126
116
106
104
111
118
118
117
116
111
98
85
74
65
49
34
26
14
5
1
2
0
-11
-22
-41
-70
-99
-122
-136
-146
-148
-142
-135
-128
-127
-126
-125
-128
-135
-145
-157
-165
-172
-177
-183
-189
-187
-176
-157
-140
-122
-107
-97
-88
-80
-68
-54
-39
-16
11
32
48
56
59
54
46
43
43
46
51
61
77
91
97
100
106
103
100
102
102
103
106
112
115
113
109
111
115
116
120
121
118
112
106
100
89
82
79
82
84
84
76
64
46
19
-6
-24
-35
-39
-34
-30
-25
-23
-25
-35
-49
-63
-72
-79
-86
-88
-89
-87
-87
-89
-90
-91
-90
-85
-82
-82
-81
-78
-74
-71
-65
-53
-39
-26
-17
-8
-2
-2
0
3
4
5
9
15
18
20
24
28
33
38
44
48
46
44
38
34
33
34
39
44
49
53
51
46
40
32
24
20
17
15
12
12
11
9
5
2
0
-4
-7
-11
-14
-17
-18
-14
-9
-6
-3
1
-3
-10
-16
-23
-28
-31
-31
-25
-20
-21
-23
-29
-40
-51
-58
-57
-59
-54
-46
-41
-41
-44
-46
-49
-50
-44
-35
-27
-20
-17
-16
-17
-21
-20
-16
-11
-2
9
20
26
29
30
29
28
32
39
43
49
55
61
60
57
56
56
51
48
50
52
49
46
43
40
29
20
18
14
10
9
13
12
6
2
-2
-8
-11
-8
-4
2
7
7
9
7
6
4
2
0
-2
-2
-1
-3
-7
-9
-13
-21
-26
-29
-33
-35
-38
-41
-41
-43
-42
-41
-40
-41
-40
-42
-45
-44
-44
-41
-39
-35
-29
-24
-21
-20
-17
-17
-16
-13
-5
4
14
24
33
39
41
41
43
44
45
47
50
54
57
58
60
56
53
50
43
37
32
30
27
21
15
11
8
5
2
-1
-3
-8
-16
-23
-29
-36
-39
-39
-37
-34
-35
-33
-32
-34
-34
-37
-37
-38
-37
-36
-37
-36
-36
-36
-33
-35
-35
-32
-30
-33
-32
-29
-23
-16
-11
-3
3
5
10
12
11
8
6
6
5
8
11
16
18
17
16
18
20
21
23
28
31
35
39
44
46
46
50
54
57
62
68
69
70
70
66
62
57
55
51
47
41
35
27
20
12
5
-5
-15
-23
-29
-36
-46
-52
-59
-67
-71
-75
-79
-81
-82
-83
-83
-80
-77
-70
-66
-64
-58
-53
-51
-45
-39
-34
-27
-21
-13
-7
1
6
12
18
21
26
31
35
39
43
48
51
55
58
58
60
59
59
57
55
51
47
45
43
41
38
35
33
29
27
22
17
12
6
-1
-7
-10
-14
-16
-20
-24
-30
-34
-38
-41
-44
-42
-40
-39
-36
-37
-39
-41
-40
-41
-41
-37
-34
-33
-32
-30
-30
-29
-29
-30
-29
-26
-24
-22
-20
-18
-14
-10
-6
1
7
12
16
21
