-9
-14
-17
-20
-21
-23
-23
-22
-20
-20
-16
-12
-10
-6
3
8
11
11
11
8
5
5
5
4
3
3
3
5
5
5
1
-3
-3
-2
1
0
1
3
4
3
4
5
5
4
2
0
1
1
0
0
-1
1
1
-1
0
0
-1
-5
-9
-9
-8
-7
-6
-1
2
-1
1
7
8
4
1
4
6
10
12
14
16
13
12
7
2
3
5
2
-1
3
10
8
-4
-7
-3
-7
-23
-20
-2
-4
-16
-4
17
9
-10
-3
10
-11
-34
-20
-5
-10
-11
6
18
16
15
15
10
13
17
-1
-23
-20
-3
0
-1
1
-2
-9
-11
-10
-1
25
31
0
-23
-8
14
-4
-31
-16
26
38
22
29
30
-34
-104
-90
-35
-15
-4
41
53
10
21
119
144
26
-87
-80
-82
-157
-128
34
115
69
84
144
102
20
-2
-66
-170
-132
-30
-73
-109
50
168
77
38
148
108
-93
-161
-112
-133
-132
-9
75
60
96
162
131
85
100
29
-141
-201
-118
-35
14
78
88
16
-36
-19
18
15
-30
-80
-88
-61
-24
54
135
91
-36
-9
116
99
-19
-3
38
-90
-164
-19
108
23
-35
53
71
-25
-68
-51
-116
-160
-63
42
42
33
56
-2
-76
-7
128
130
61
72
116
83
34
53
49
-57
-193
-213
-141
-95
-97
-56
6
-38
-96
11
202
233
158
171
162
-39
-245
-229
-146
-153
-134
-25
45
85
168
200
175
177
140
-37
-159
-63
43
62
119
185
123
10
-107
-322
-454
-349
-279
-393
-349
-41
84
2
154
514
686
607
524
439
256
-85
-442
-465
-224
-274
-599
-473
5
-2
-305
-106
261
46
-271
52
547
549
272
87
-7
-37
-3
2
36
126
27
-211
-174
127
269
150
-17
-172
-216
-63
53
-40
-76
19
-57
-227
-70
291
364
139
-66
-115
-108
-125
-169
-165
-123
-180
-304
-272
-57
83
71
56
96
139
128
94
115
200
190
4
-47
178
307
103
-82
5
29
-183
-318
-214
-137
-235
-321
-257
-90
69
136
201
435
687
650
405
260
218
103
-12
12
32
16
141
398
471
245
-120
-576
-1023
-1234
-1210
-1179
-1168
-985
-728
-545
-235
255
579
569
451
421
587
867
866
524
462
852
895
421
270
508
243
-534
-925
-818
-792
-873
-812
-738
-690
-492
-240
-113
79
324
220
-140
-136
334
655
603
604
815
839
542
397
549
452
-95
-487
-378
-251
-359
-349
-147
-67
-166
-176
-28
163
279
202
32
8
161
247
246
353
473
357
74
-68
-47
-119
-361
-548
-553
-505
-538
-532
-342
-119
-89
-188
-135
52
99
-41
-107
25
135
124
182
433
627
567
445
466
527
476
449
505
510
448
447
458
357
324
417
399
219
242
496
550
365
310
355
81
-376
-536
-450
-581
-871
-837
-589
-654
-933
-764
-253
-101
-244
-35
345
114
-516
-705
-453
-527
-947
-1078
-837
-644
-563
-358
-291
-502
-639
-484
-372
-310
115
603
573
239
305
562
494
316
294
139
-332
-642
-614
-551
-615
-640
-605
-690
-876
-1045
-1108
-1141
-1266
-1520
-1711
-1633
-1378
-1116
-856
-544
-334
-311
-283
-68
237
474
707
997
1320
1659
2057
2446
2686
2796
2843
2849
2825
2857
2925
2889
2727
2539
2368
2194
2035
1919
1795
1618
1423
1270
1180
1094
971
817
689
596
507
418
349
320
257
114
-52
-205
-416
-749
-1087
-1362
-1611
-1865
-2023
-1996
-1974
-2077
-2226
-2204
-2113
-2109
-2050
-1831
-1682
-1811
-1839
-1553
-1327
-1434
-1536
-1470
-1432
-1386
-1081
-823
-820
-712
-458
-641
-1219
-1453
-1290
-1361
-1610
-1598
-1421
-2556
-6903
-12838
-15158
-11717
-8459
-9401
-9590
-4665
-552
-2752
-4489
1117
7786
6941
3288
5971
12334
14264
12633
13571
16450
15675
11390
8509
8923
9716
8059
4518
1475
489
298
-1155
-3015
-2976
-1719
-2506
-5010
-5168
-2164
229
-158
-697
617
2085
2193
2289
3851
5491
5119
3154
1729
1873
2219
1392
-57
-954
-1505
-2769
-4165
-4340
-3841
-4420
-6072
-6969
-6550
-5865
-5373
-4743
-4075
-3864
-3864
-3467
-2667
-1734
-1010
-684
-791
-827
-294
494
835
573
310
255
-22
-417
-265
271
115
-854
-1400
-1118
-854
-1054
-1070
-661
-464
-703
-694
63
1033
1406
1428
1899
2713
3149
3333
3857
4271
3934
3453
3585
3836
3484
2916
2613
2216
1505
933
767
405
-406
-1111
-1426
-1820
-2434
-2741
-2818
-3465
-5345
-9037
-13718
-16072
-13523
-9377
-8463
-9061
-6531
-2875
-3306
-5096
-1712
4660
6383
4074
5252
10830
14292
13535
12922
14321
14252
11221
8523
8764
10159
9395
5951
2222
414
-94
-1427
-3459
-4018
-3147
-3586
-5719
-6178
-3669
-1481
-2044
-3161
-2234
-338
696
1506
3130
4445
3971
2436
1634
2069
2700
2405
1174
-223
-1275
-2213
-3168
-3781
-4200
-5221
-6859
-7858
-7417
-6365
-5734
-5547
-5393
-5289
-5102
-4276
-2795
-1436
-743
-438
-81
429
1105
1824
2274
2190
1774
1551
1718
2007
2043
1780
1256
532
-35
-34
349
476
176
-124
-204
-192
-125
181
619
794
784
1089
1861
2508
2710
2839
3094
3220
3234
3556
4103
4301
4043
3605
3239
2973
2735
2375
1781
1055
322
-216
-469
-816
-1528
-2278
-2569
-2775
-3382
-3912
-3742
-3386
-3881
-5037
-6375
-9082
-13492
-16107
-13500
-8934
-7995
-9319
-7782
-4582
-4837
-6632
-3825
2163
4498
3077
4384
9687
13409
13074
12135
12971
13448
12015
10769
11775
13686
13307
9813
5794
3920
3502
1953
-568
-1554
-1038
-1903
-4456
-5325
-3654
-3049
-5282
-7095
-5853
-3664
-2867
-2223
-367
946
2
-1505
-1126
678
1731
1528
1396
1839
1829
912
169
180
-187
-1692
-3102
-3164
-2565
-2563
-3156
-3800
-4523
-5359
-5766
-5334
-4448
-3853
-3807
-3844
-3426
-2659
-1951
-1332
-660
-74
403
1129
2163
3008
3273
3103
2855
2788
2957
3192
3255
3024
2483
1799
1306
1103
925
570
163
-143
-299
-221
55
231
115
-68
-45
174
557
1103
1623
1768
1575
1437
1540
1733
1882
1964
1912
1742
1613
1515
1301
986
670
303
-34
1
253
130
-316
-640
-1066
-2161
-3857
-6756
-11343
-14858
-13510
-9254
-8092
-10236
-10384
-8158
-8651
-11339
-9884
-4156
-1219
-2560
-1824
3529
8075
8460
7977
9449
10969
10804
10982
13485
16783
17782
15641
12700
11508
11712
10887
8698
7507
7802
6830
3808
1938
2495
1750
-2357
-6093
-6189
-5112
-5926
-6943
-6131
-5643
-7714
-10108
-9861
-8101
-7442
-7599
-6850
-5411
-4634
-4333
-3447
-2218
-1812
-2208
-1991
-543
978
1510
1526
1623
1255
255
-190
442
968
580
59
9
-121
-616
-962
-998
-1172
-1549
-1571
-992
-322
-154
-375
-518
-524
-503
-265
330
955
1202
1144
1129
1270
1392
1332
1196
1236
1483
1676
1776
2007
2195
1929
1402
1236
1492
1603
1377
1182
1132
887
409
110
107
50
-225
-455
-355
-178
-347
-709
-897
-977
-1075
-1072
-938
-710
-408
-186
-40
188
422
553
613
459
-286
-1753
-3436
-4304
-3884
-3123
-3125
-3542
-3551
-3571
-4258
-4829
-4253
-3215
-2986
-3162
-2404
-837
324
831
1308
1851
2127
2325
3079
4434
5692
6317
6407
6414
6630
6879
6867
6724
6736
6762
6506
6125
6079
6178
5569
4228
3085
2489
1931
1169
485
-40
-681
-1642
-2600
-3121
-3375
-3810
-4429
-4811
-4848
-4920
-5129
-5226
-5275
-5533
-5834
-5779
-5427
-5111
-4872
-4529
-4156
-3953
-3755
-3305
-2732
-2310
-1974
-1423
-713
-90
434
921
1276
1382
1461
1768
2057
2000
1790
1614
1344
1119
967
774
821
854
500
503
867
640
314
390
88
-293
-69
136
151
320
344
247
310
364
383
479
575
722
891
950
1111
1363
1302
1144
1312
1385
1134
1222
1634
1581
1305
1459
1591
1324
1187
1333
1292
1114
1193
1380
1349
1269
1350
1353
1100
858
768
477
-319
-1296
-1772
-1687
-1692
-2066
-2414
-2589
-2928
-3492
-3818
-3629
-3357
-3412
-3458
-3079
-2487
-2036
-1712
-1418
-1245
-1207
-1063
-635
-31
520
866
1027
1167
1354
1540
1672
1754
1847
1962
2073
2272
2594
2830
2773
2530
2326
2194
2111
2143
2292
2339
2132
1863
1720
1548
1246
972
777
573
349
154
6
-204
-574
-996
-1330
-1548
-1667
-1717
-1751
-1829
-2007
-2220
-2336
-2318
-2267
-2277
-2229
-2021
-1804
-1658
-1503
-1397
-1386
-1359
-1202
-943
-781
-700
-413
-144
-326
-481
-60
337
176
39
353
554
348
236
393
485
407
284
290
492
561
357
248
320
309
238
269
375
439
414
409
468
473
428
432
487
569
651
734
845
926
925
920
940
974
1033
1067
1078
1169
1265
1267
1265
1322
1340
1271
1184
1126
1101
1066
981
843
598
112
-580
-1122
-1196
-1013
-1058
-1404
-1744
-1998
-2390
-2843
-2964
-2789
-2786
-2969
-2898
-2494
-2106
-1913
-1829
-1793
-1798
-1714
-1386
-865
-375
-64
87
166
272
509
859
1132
1306
1547
1845
2111
2377
2639
2750
2660
2583
2715
2934
3033
3057
3074
2930
2542
2136
1869
1586
1172
825
672
528
267
23
-162
-441
-763
-972
-1056
-1059
-1057
-1142
-1290
-1422
-1583
-1743
-1789
-1801
-1873
-1881
-1758
-1657
-1673
-1716
-1721
-1717
-1748
-1661
-1343
-1053
-1091
-1198
-993
-773
-831
-868
-614
-337
-232
-166
-92
-31
0
49
80
171
423
581
498
492
646
460
105
188
412
369
282
388
497
461
356
345
422
396
400
581
800
957
1089
1105
1006
1053
1238
1278
1210
1362
1596
1557
1393
1413
1475
1326
1092
1004
1033
1011
946
894
806
615
411
300
228
110
-54
-257
-614
-1060
-1344
-1358
-1284
-1387
-1661
-1901
-2066
-2289
-2510
-2520
-2418
-2441
-2527
-2431
-2155
-1975
-1980
-1991
-1901
-1795
-1656
-1342
-919
-573
-340
-166
12
249
556
916
1301
1692
2116
2576
2956
3197
3363
3399
3285
3118
2994
2920
2761
2448
2055
1593
1082
786
706
434
31
-82
-77
-216
-286
-309
-583
-885
-876
-811
-891
-943
-858
-849
-1077
-1246
-1144
-1031
-1069
-1149
-1174
-1149
-1034
-965
-1053
-1156
-1111
-917
-843
-925
-878
-666
-506
-578
-764
-617
-354
-406
-514
-254
-71
-196
-86
-140
-223
-3
162
-50
-195
189
464
355
89
49
261
534
531
195
295
776
683
397
671
865
583
509
581
633
719
621
652
738
630
498
666
893
786
587
750
930
656
442
689
801
530
324
384
536
325
-41
73
300
17
-303
-221
-113
-274
-536
-644
-623
-771
-989
-1086
-1168
-1277
-1361
-1354
-1365
-1427
-1535
-1569
-1436
-1387
-1399
-1308
-1213
-1228
-1151
-882
-642
-500
-358
-177
34
280
537
834
1168
1334
1393
1499
1585
1692
1810
1748
1554
1452
1342
1225
1193
1274
1199
955
959
1045
860
733
780
397
104
380
320
-254
-423
-116
-278
-695
-513
-427
-798
-789
-399
-512
-725
-685
-798
-645
-496
-835
-838
-415
-425
-753
-634
-98
-324
-925
-573
93
-314
-790
-156
-32
-562
-405
106
-225
-716
-465
-112
-270
-323
-142
-31
-156
-380
-52
229
-66
-289
-23
37
-87
79
288
138
97
151
247
207
349
484
228
81
300
510
436
401
373
316
339
467
198
303
657
537
119
344
648
567
669
367
-18
477
933
372
376
682
391
271
312
240
389
593
55
-383
133
485
-102
-679
-550
-206
-481
-1035
-971
-331
-581
-1428
-1311
-815
-993
-1395
-1333
-1054
-1068
-1235
-1174
-913
-930
-1101
-973
-699
-541
-472
-251
21
125
230
460
609
735
940
1043
1008
1088
1269
1444
1435
1193
1092
1117
1099
1310
1423
953
711
988
834
478
484
628
453
160
62
163
255
-94
-307
-238
-419
-484
-16
328
29
-939
-690
173
-107
-1097
-242
422
-511
-640
149
27
-584
-398
-129
-364
-359
-26
-86
-306
-418
-561
-518
-265
-441
-426
-382
-613
-1043
-1029
-569
-556
-992
-1094
-157
-353
-873
-911
-597
-389
-775
-746
116
553
-303
-369
293
326
-604
127
1303
1087
-55
48
1243
1364
-86
-283
1405
1331
306
901
1562
944
628
402
346
1212
1478
846
799
997
1172
1111
800
467
707
929
205
59
492
564
-89
-1043
-1063
-496
-630
-1333
-1418
-1206
-1674
-2216
-1988
-1812
-2071
-2173
-2067
-1882
-1629
-1465
-1434
-1274
-1232
-1155
-784
-273
4
311
472
564
897
1155
1317
1500
1580
1542
1662
1890
1904
1800
1693
1427
1272
1382
1595
1347
930
924
1023
686
219
355
619
484
16
40
102
-308
-611
-357
-145
-267
-339
-470
-428
-238
-194
-589
-825
-384
-35
-85
-274
-60
14
-467
-540
56
477
-78
-455
-469
-348
81
93
-459
-739
-401
-300
-950
-1299
-790
-310
-730
-1479
-1389
-144
-279
-1583
-1519
-521
-418
-818
-628
-69
255
-13
-773
-526
340
542
115
-2
350
582
605
447
411
703
971
1065
1125
923
1289
1432
801
584
1220
1600
1362
941
903
1203
1096
656
588
937
1095
707
696
907
593
159
-297
-767
-818
-713
-1032
-1562
-1620
-1869
-2940
-3733
-3392
-2809
-3065
-3483
-3293
-2968
-3191
-3340
-2901
-2345
-2187
-1956
-1227
-271
352
718
943
1204
1683
2338
3144
3852
4364
4600
4605
4598
4742
4899
4845
4540
4346
4309
4091
3614
3098
2461
1433
333
-194
-113
-184
-844
-1676
-2242
-2721
-3220
-3336
-3102
-3044
-3269
-3303
-2899
-2583
-2671
-2716
-2499
-2308
-2014
-1259
-622
-541
-607
-459
-332
-101
306
622
827
932
838
729
894
911
607
382
430
522
469
243
-36
-337
-517
-699
-783
-672
-669
-763
-1002
-1091
-989
-754
-642
-679
-590
-588
-68
701
612
-24
302
1090
1057
976
1597
2173
1819
1277
1282
1509
1765
1731
1400
1204
1287
1384
1250
1014
681
365
344
282
401
806
725
-87
-584
-235
150
127
11
206
369
-12
-445
-1145
-1987
-2771
-3917
-5045
-4953
-3708
-3205
-4416
-5727
-5781
-5573
-5950
-5757
-4325
-3158
-3221
-3122
-1777
-562
-350
-176
718
2059
3348
4660
5947
6712
6722
6530
6794
7431
8176
8763
8867
8460
7941
7607
6936
5962
5184
4498
3566
2675
2224
1701
369
-1511
-3126
-4143
-4648
-4943
-5295
-5795
-6511
-7239
-7645
-7691
-7610
-7460
-7125
-6526
-5684
-4841
-4187
-3710
-3204
-2499
-1541
-379
797
1686
2150
2349
2596
2968
3278
3552
3832
3885
3686
3541
3344
2866
2257
1690
1353
1229
1021
648
166
-408
-1039
-1469
-1522
-1408
-1427
-1596
-1734
-1723
-1642
-1582
-1466
-1311
-1101
-754
-153
453
755
836
991
1307
1700
2178
2515
2526
2449
2411
2404
2342
2247
2078
1836
1724
1423
1112
1108
1069
569
10
-29
81
-48
-305
-386
-354
-477
-499
-336
-622
-2331
-6296
-10279
-10332
-6555
-4183
-5882
-8315
-8355
-8238
-10026
-10173
-6713
-4033
-5208
-5960
-2521
1557
2054
929
1332
2969
4330
6607
10328
13012
12789
11031
9967
10446
11827
12967
12908
11895
11047
10486
9495
8016
6649
4861
2192
230
389
1242
239
-2549
-5151
-7088
-8618
-9169
-8364
-7580
-8179
-9389
-9631
-9080
-8792
-8870
-8776
-8221
-7056
-5200
-3123
-1659
-1266
-1535
-1471
-386
1519
3404
4448
4574
4242
3901
3775
3859
3863
3513
2910
2509
2479
2363
1529
100
-1181
-1837
-1818
-1306
-786
-883
-1782
-2823
-3200
-2861
-2245
-1676
-1189
-807
-526
-241
244
551
465
478
1077
2127
2998
3434
3416
2994
2449
2273
2716
3257
3411
3100
2544
1959
1428
1091
948
801
545
282
134
-6
-246
-524
-871
-1112
-1259
-1155
-726
-307
-288
-620
-882
-925
-705
-248
-251
-1904
-6550
-11326
-11264
-6454
-3556
-6212
-9306
-8671
-7682
-9928
-10745
-6242
-2315
-4003
-6007
-2012
3987
4727
2285
2455
5148
6579
7776
11419
15132
15124
12256
10294
10927
12548
13284
12611
11370
10494
9626
8202
6486
5218
3489
349
-2346
-2279
-944
-1630
-4566
-7235
-8817
-10136
-10773
-9647
-7992
-8012
-9193
-9504
-8503
-7427
-6901
-6467
-5877
-4951
-3389
-1399
313
1078
1027
637
710
1903
3624
4650
4519
3827
3075
2361
2026
2099
1960
1198
303
-9
-151
-750
-1677
-2600
-3356
-3813
-3384
-2259
-1441
-1582
-2209
-2316
-1889
-1267
-432
589
1279
1376
1540
2223
2833
2866
2649
2808
3227
3622
4001
4167
3787
2846
2101
2071
2451
2696
2575
2195
1532
744
287
303
333
-2
-382
-411
-371
-458
-550
-520
-707
-1064
-901
-166
458
477
320
246
120
38
190
-252
-3223
-9124
-13211
-11224
-5797
-4708
-8753
-11406
-10240
-10236
-12909
-12082
-6455
-3556
-6047
-6759
-1129
4352
4028
1955
3182
6299
8079
10385
14578
17646
16791
13678
12053
13105
14921
15381
14044
12462
11373
10042
7958
5874
4336
1894
-1696
-3967
-3470
-2536
-4046
-7203
-9757
-11369
-12344
-12074
-10248
-8715
-8718
-9317
-9155
-8052
-6744
-5684
-4956
-4084
-2469
-345
1546
2667
3076
2828
2299
2529
3879
5208
5378
4584
3550
2387
1296
885
807
176
-1064
-1914
-2088
-2407
-3084
-3798
-4465
-5069
-5113
-4029
-2621
-2006
-2229
-2349
-1823
-1074
-114
1137
2228
2645
2714
3187
3921
4263
4069
3788
3802
3978
4131
4252
4069
3247
2104
1445
1473
1703
1743
1478
888
47
-643
-692
-358
-296
-593
-748
-561
-203
82
181
141
-11
-33
286
980
1806
2150
1757
1075
1046
1151
97
-3535
-9498
-13778
-12435
-7473
-5934
-9256
-11965
-11457
-11795
-14390
-13507
-7796
-4389
-6194
-6568
-1069
4459
4810
3315
4639
7604
9506
11996
16225
19332
18775
15742
13565
13689
15037
15585
14303
12468
10939
9281
6761
4158
2263
-282
-3884
-6413
-6221
-5210
-6159
-8662
-11011
-12655
-13565
-13075
-10973
-8927
-8177
-8093
-7553
-6274
-4862
-3648
-2544
-1364
165
1899
3815
5325
5613
4644
3465
3322
4045
4719
4833
4290
3065
1265
-255
-964
-1489
-2377
-3399
-3858
-3939
-4113
-4445
-4854
-5352
-5870
-5558
-4109
-2363
-1239
-882
-693
-432
95
1053
2335
3488
4064
4327
4632
5017
5096
4654
4046
3630
3479
3488
3493
3243
2422
1138
61
-351
-176
34
-33
-346
-662
-813
-881
-837
-798
-687
-547
-112
670
1494
1850
1739
1510
1340
1463
2044
2709
2949
2599
2198
1726
452
-2575
-8344
-13972
-14873
-10135
-6633
-8939
-12546
-12549
-11742
-14409
-15713
-10722
-4985
-4673
-6007
-1836
4741
6650
5044
5207
8207
10619
12819
16551
20128
20795
18132
14850
13352
13723
14466
13485
11510
9801
8307
5839
2475
-48
-2369
-5616
-8579
-9077
-7629
-7257
-8882
-11060
-12757
-13618
-13344
-11312
-8553
-6599
-5538
-4719
-3573
-2349
-1234
-183
785
2020
3609
5406
6780
6966
5933
4234
2970
2721
3069
3301
2873
1723
-136
-2218
-3603
-4282
-4862
-5692
-6092
-5668
-5131
-4985
-5058
-5070
-5153
-5041
-3806
-1582
431
1399
1697
1998
2273
2622
3408
4591
5441
5538
5395
5360
5184
4491
3493
2572
1900
1525
1466
1506
1091
27
-1268
-2122
-2204
-1778
-1142
-623
-380
-410
-435
-231
7
337
811
1428
2060
2697
3310
3522
3067
2302
2108
2515
2943
3181
3280
2875
1828
161
-1879
-5287
-11227
-16269
-15791
-10609
-8446
-11397
-14003
-13008
-12713
-15526
-14935
-8586
-3476
-3677
-3509
1986
7492
8266
7159
8458
11306
13071
15360
18911
21437
20858
17590
14253
12414
12338
12326
10774
8662
6800
4943
1863
-1445
-3664
-5892
-8955
-11304
-10978
-9261
-8837
-9907
-11233
-12070
-12262
-11333
-8754
-5772
-3399
-1941
-954
63
1164
2250
2913
3436
4426
5682
6711
7078
6665
5177
2899
1141
529
495
218
-454
-1518
-3346
-5331
-6456
-6710
-6870
-7139
-6714
-5703
-4869
-4395
-3866
-3318
-3109
-2611
-993
1277
3066
3920
4325
4448
4255
4217
4722
5371
5475
5110
4772
4474
3801
2747
1611
621
-166
-574
-528
-370
-627
-1440
-2241
-2530
-2277
-1677
-865
-126
288
585
1010
1543
1949
2217
2305
2345
2722
3717
4604
4479
3609
2895
2567
2252
2358
2623
2302
756
-1519
-4368
-9566
-15397
-17446
-13729
-10275
-11738
-14326
-13709
-11992
-13741
-14976
-10953
-5428
-3650
-3347
1223
7626
10173
9423
9415
11500
13198
14870
17765
20563
21182
18856
15524
12939
11645
10913
9199
7066
5236
3680
1440
-1579
-4109
-6623
-9532
-12036
-12417
-10721
-9200
-8867
-9437
-10039
-10147
-9570
-7670
-4941
-2168
-161
1152
2341
3343
3987
4248
4430
4826
5307
5835
6230
5969
4789
2641
454
-1058
-1799
-2258
-2830
-3484
-4573
-6106
-7456
-8018
-7890
-7735
-7288
-6159
-4738
-3659
-2954
-2106
-1281
-748
48
1576
3483
4729
5300
5622
5655
5272
4758
4720
4783
4461
3838
3311
2791
1822
560
-476
-1156
-1664
-1966
-1840
-1565
-1634
-2075
-2360
-2116
-1518
-686
376
1462
2263
2709
3025
3299
3478
3434
3491
3948
4471
4463
3984
3687
3328
2628
1888
1739
1613
871
-77
-1492
-4535
-10174
-15586
-17171
-14387
-11399
-11615
-13027
-12930
-11928
-12674
-12970
-9616
-4892
-2803
-2185
1754
7914
11168
10888
10559
11921
13058
13979
16338
19236
20020
17623
14209
11691
10120
8806
6932
4857
2921
1234
-678
-2950
-5019
-7190
-9834
-12210
-12621
-10828
-8767
-7761
-7623
-7650
-7612
-7271
-5793
-3283
-555
1481
2695
3608
4411
5103
5274
4994
4716
4635
4662
4595
4360
3429
1491
-795
-2490
-3455
-4101
-4504
-4706
-5254
-6286
-7201
-7430
-7279
-7078
-6469
-5214
-3689
-2440
-1367
-339
396
768
1336
2565
4027
5059
5563
5775
5647
5079
4379
3942
3733
3302
2574
1862
1366
731
-214
-1179
-1806
-2154
-2298
-2058
-1567
-1232
-1269
-1318
-1041
-441
268
1099
2019
2781
3224
3565
3949
3978
3681
3580
3875
3962
3660
3373
3157
2469
1505
711
293
-306
-883
-1818
-3824
-8201
-13629
-16420
-14611
-11056
-10834
-12600
-12615
-10677
-10690
-11672
-8917
-3928
-1717
-2038
831
7145
11070
11140
10756
11846
12621
12762
14374
16848
17848
16119
13015
10463
8794
7730
5936
3516
1339
-150
-1521
-3264
-4697
-6100
-8292
-10792
-11675
-10141
-7891
-6518
-6001
-5728
-5449
-5159
-4118
-2203
-28
1526
2427
3446
4697
5547
5343
4458
3749
3362
3139
3091
3182
2786
1141
-1088
-2769
-3542
-4053
-4653
-4958
-5184
-5638
-6173
-6194
-5778
-5590
-5489
-4811
-3380
-1782
-524
476
1142
1377
1545
2208
3408
4390
4799
4818
4662
4248
3587
3002
2489
1863
1150
679
448
85
-525
-1289
-2030
-2560
-2508
-1863
-1228
-963
-762
-359
50
264
718
1543
2354
2840
3298
3910
4200
3923
3500
3440
3454
3254
2874
2585
2157
1459
648
-65
-549
-1086
-1686
-2649
-4148
-7206
-11802
-15053
-14049
-10288
-9149
-10860
-11189
-8912
-7985
-9094
-7432
-2665
228
-51
1472
6799
10990
11402
10630
11162
11963
11922
12661
14409
15501
14353
11414
8585
6891
6056
4646
2363
334
-926
-2082
-3632
-4855
-5655
-7127
-9207
-10217
-9032
-6830
-5328
-4769
-4564
-4291
-4022
-3322
-1798
206
1780
2410
2805
3614
4446
4346
3352
2580
2315
2082
1742
1756
1723
507
-1557
-3117
-3654
-3996
-4431
-4492
-4410
-4721
-5195
-5098
-4540
-4218
-4062
-3472
-2316
-1041
59
1004
1612
1717
1626
1959
2765
3503
3806
3839
3688
3198
2511
1988
1683
1261
676
277
187
55
-405
-999
-1408
-1716
-1864
-1553
-746
-126
44
261
750
1224
1611
2330
2967
3152
3224
3648
3896
3622
3375
3248
2835
2221
2020
1886
1252
475
59
-391
-1202
-2038
-3026
-4715
-7402
-10852
-13612
-13469
-10319
-8140
-9194
-10492
-9028
-7071
-7349
-6645
-2741
959
1350
1778
5798
10170
11159
10113
10182
11082
11145
11316
12423
13222
12211
9544
6896
5140
4259
3232
1465
-299
-1400
-2127
-3191
-4234
-4774
-5502
-6769
-7476
-6424
-4268
-2783
-2404
-2371
-1987
-1492
-1052
-313
865
1957
2230
2103
2364
2818
2461
1194
193
-95
-273
-693
-939
-1032
-1810
-3151
-4120
-4262
-4156
-4168
-4030
-3726
-3503
-3410
-3088
-2510
-2014
-1685
-1154
-216
806
1534
1918
2043
1968
1860
1938
2197
2373
2333
2090
1708
1293
882
437
-60
-421
-552
-536
-422
-365
-494
-826
-1051
-909
-475
127
747
1209
1406
1617
2032
2459
2677
2837
3167
3412
3391
3264
3310
3163
2429
1576
1129
966
560
134
20
-186
-928
-1782
-2131
-2227
-2833
-4099
-5909
-8711
-11601
-12402
-9813
-6758
-6336
-7274
-6871
-5277
-4899
-4417
-1719
1619
2915
3012
5189
8671
10315
9650
8607
8479
8405
8397
8950
9494
8921
6627
3805
1697
755
255
-758
-1987
-2750
-2909
-3040
-3305
-3348
-3413
-3873
-4221
-3383
-1293
654
1497
1467
1377
1491
1742
2222
2840
3152
2874
2404
2184
1987
1310
86
-1194
-2139
-2606
-2724
-2750
-2885
-3384
-4205
-4961
-5044
-4466
-3921
-3650
-3340
-2781
-2322
-1977
-1403
-792
-520
-381
260
1225
1877
2015
1866
1546
1085
796
865
1092
1092
714
224
-159
-495
-843
-1124
-1225
-1303
-1266
-924
-415
-91
-61
-67
26
351
971
1719
2346
2706
2820
2758
2766
3036
3343
3470
3342
3182
3052
2859
2435
1764
1171
641
149
-185
-237
-401
-890
-1217
-1329
-1690
-2273
-2433
-2545
-3549
-5290
-7416
-9449
-10297
-8609
-6039
-5473
-6073
-5374
-3666
-3525
-3674
-1511
1463
2478
2466
4524
7628
8748
7981
7343
7429
7193
6841
7201
7723
7398
5715
3540
1899
1056
503
-467
-1395
-1736
-1659
-1731
-1964
-1909
-1946
-2444
-2830
-2115
-433
990
1551
1537
1440
1337
1279
1408
1747
2026
1823
1278
912
854
429
-808
-2163
-2877
-3053
-3225
-3265
-3024
-3128
-3933
-4703
-4581
-3902
-3381
-2974
-2397
-1824
-1436
-1037
-547
-232
-167
-68
278
867
1465
1753
1518
1008
640
510
519
535
493
273
-68
-326
-466
-556
-727
-889
-965
-843
-495
-136
109
177
256
397
686
1197
1757
2220
2466
2613
2698
2773
2937
3045
2986
2801
2750
2764
2554
2184
1713
1097
299
-212
-217
-271
-615
-1013
-1105
-1376
-1945
-2182
-1929
-1831
-2680
-3953
-5551
-7814
-9752
-9366
-6672
-5008
-5524
-5831
-4367
-3062
-3242
-2505
48
2114
2373
3110
5916
8365
8532
7442
6919
6950
6769
6808
7208
7351
6445
4517
2598
1383
838
116
-1059
-1921
-2072
-1851
-1853
-1907
-1844
-2073
-2552
-2561
-1391
326
1435
1677
1572
1547
1391
1275
1544
1969
1933
1315
825
743
574
-248
-1578
-2677
-3239
-3470
-3522
-3294
-3035
-3408
-4234
-4580
-4091
-3452
-3117
-2702
-2067
-1532
-1201
-743
-157
169
184
276
778
1479
1909
1847
1513
1127
740
486
510
635
451
0
-380
-525
-613
-812
-1013
-1095
-1005
-779
-385
77
325
310
281
534
1032
1598
2018
2165
2199
2321
2547
2723
2884
2994
2878
2618
2417
2350
2146
1716
1078
406
54
-57
-177
-450
-621
-866
-1367
-1678
-1599
-1444
-1574
-1734
-2179
-3381
-5171
-7095
-8558
-8673
-6958
-5181
-5055
-5433
-4458
-3067
-2981
-2765
-765
1520
2256
2844
5072
7360
7712
6852
6453
6529
6387
6390
6758
6885
6145
4592
2874
1560
899
345
-560
-1323
-1418
-1142
-1205
-1452
-1524
-1666
-1998
-1969
-982
502
1532
1773
1640
1574
1413
1062
939
1323
1653
1307
673
374
128
-633
-1715
-2563
-3107
-3448
-3470
-3266
-3211
-3465
-3886
-4237
-4214
-3632
-2844
-2298
-1856
-1271
-762
-502
-209
216
434
508
824
1305
1549
1482
1304
908
362
30
62
175
79
-136
-366
-589
-771
-865
-835
-747
-695
-594
-331
81
367
451
495
700
1094
1546
1979
2321
2562
2592
2477
2474
2720
2879
2739
2569
2564
2398
1930
1493
1186
698
157
-25
-38
-219
-529
-681
-990
-1343
-1421
-1255
-1289
-1525
-1795
-2630
-4569
-7359
-9293
-9037
-6899
-5387
-5475
-5657
-4690
-3769
-3931
-3277
-1008
1051
1488
2230
4781
7257
7680
6840
6389
6394
6183
6194
6749
7154
6495
4660
2717
1456
955
397
-541
-1227
-1227
-983
-1035
-1167
-1088
-1261
-1763
-1822
-749
1004
2231
2515
2176
1876
1637
1344
1241
1595
2004
1692
913
409
78
-825
-2185
-3146
-3523
-3706
-3724
-3497
-3392
-3757
-4300
-4567
-4386
-3804
-3042
-2328
-1748
-1257
-894
-614
-290
30
220
423
833
1303
1534
1473
1190
716
221
-24
69
256
300
176
-58
-350
-662
-830
-849
-778
-662
-448
-134
108
236
242
257
425
835
1378
1866
2235
2467
2475
2353
2282
2366
2495
2596
2725
2751
2602
2319
1969
1454
807
286
14
-177
-224
-162
-253
-672
-1140
-1222
-1158
-1120
-1087
-1011
-1050
-1540
-2488
-4131
-6468
-8443
-8627
-6851
-5305
-5144
-5193
-4399
-3653
-3911
-3453
-1407
685
1479
2248
4487
6645
7091
6347
5889
5950
5835
5888
6357
6733
6176
4481
2681
1442
859
283
-502
-976
-987
-805
-871
-996
-1004
-1218
-1568
-1522
-525
1011
2138
2510
2244
1902
1622
1419
1307
1364
1629
1517
931
294
-160
-897
-2142
-3073
-3375
-3517
-3713
-3604
-3345
-3659
-4281
-4401
-3981
-3520
-2968
-2075
-1277
-906
-683
-346
-104
-25
213
654
1091
1389
1558
1463
1044
491
61
-142
-179
-122
-92
-147
-300
-499
-704
-860
-868
-734
-512
-192
209
586
736
746
794
926
1159
1526
2029
2374
2440
2370
2250
2114
1997
1966
1842
1599
1519
1647
1695
1416
938
423
-42
-296
-278
-97
18
-102
-463
-832
-873
-651
-484
-474
-475
-388
-401
-772
-1677
-3009
-4582
-6349
-7629
-7339
-5663
-4546
-4983
-5437
-4717
-3861
-3675
-2840
-634
1310
1996
2778
4627
6209
6240
5548
5344
5580
5722
5839
6075
5955
4992
3350
1786
917
629
306
-284
-700
-653
-532
-671
-819
-782
-784
-858
-488
542
1711
2386
2419
2087
1742
1563
1490
1390
1350
1369
1125
454
-316
-894
-1641
-2677
-3453
-3639
-3648
-3800
-3774
-3653
-3901
-4342
-4275
-3608
-2917
-2271
-1435
-651
-272
-123
211
592
754
853
1104
1408
1479
1326
1060
647
91
-398
-537
-426
-347
-414
-563
-740
-938
-1070
-1073
-934
-677
-337
31
347
612
764
788
789
979
1386
1809
2142
2364
2381
2109
1765
1617
1567
1466
1416
1491
1494
1317
1107
850
474
187
151
208
229
370
504
332
-16
-179
-180
-266
-284
-120
-30
-157
-288
-392
-907
-2009
-3237
-4233
-5350
-6743
-7445
-6592
-5244
-5032
-5536
-5111
-3869
-3234
-2872
-1316
1015
2371
2802
3850
5483
6253
5918
5605
5820
5982
5818
5620
5417
4843
3646
2164
1008
487
291
-60
-471
-611
-562
-682
-931
-921
-667
-467
-288
272
1224
2007
2265
2128
1875
1623
1427
1312
1202
1116
956
449
-418
-1211
-1689
-2231
-2961
-3461
-3571
-3626
-3766
-3754
-3705
-3843
-3897
-3493
-2740
-2028
-1354
-679
-251
-144
-44
261
501
525
613
832
899
689
464
287
-42
-426
-582
-454
-279
-219
-272
-405
-556
-667
-652
-431
-85
216
426
663
928
1074
1082
1061
1118
1270
1501
1808
2081
2159
1988
1749
1592
1477
1386
1357
1308
1108
877
766
680
648
760
836
645
470
560
491
119
-70
75
51
-174
-118
-16
-338
-802
-907
-919
-1245
-1789
-2619
-3848
-5182
-6225
-6848
-6805
-5961
-5167
-5112
-5023
-4080
-2958
-2393
-1597
31
1604
2503
3427
4831
5861
5917
5574
5471
5540
5495
5367
5143
4635
3767
2662
1610
870
456
65
-440
-762
-745
-677
-794
-876
-765
-625
-450
21
816
1570
1995
2073
1853
1419
1067
1130
1424
1451
1127
752
380
-240
-1020
-1626
-2049
-2473
-2800
-2835
-2759
-2830
-3009
-3204
-3356
-3250
-2740
-2117
-1664
-1247
-856
-723
-768
-643
-329
-103
-12
134
347
367
97
-183
-342
-538
-678
-499
-156
-14
-82
-183
-267
-349
-386
-288
-38
236
446
682
925
1016
965
951
1026
1178
1421
1657
1752
1684
1500
1250
1077
1087
1182
1193
1077
946
889
846
704
530
443
408
397
553
813
857
637
406
297
277
342
425
382
244
115
-43
-307
-550
-648
-923
-1744
-2876
-3704
-4369
-5591
-6980
-7124
-5848
-4914
-5108
-4976
-3696
-2629
-2565
-1906
210
2158
2770
3261
4692
5923
5974
5582
5597
5723
5442
5004
4659
4258
3499
2279
993
122
-213
-460
-865
-1102
-995
-840
-957
-1024
-735
-365
-164
105
779
1600
2058
1937
1515
1384
1673
1896
1737
1543
1485
1041
118
-576
-775
-1147
-1994
-2680
-2872
-2956
-3141
-3201
-3214
-3444
-3625
-3375
-2842
-2321
-1802
-1328
-1103
-982
-647
-165
136
229
335
486
553
498
421
290
-24
-425
-591
-413
-221
-268
-443
-553
-599
-588
-413
-99
163
280
399
612
825
956
1049
1167
1292
1460
1705
1948
2028
1848
1521
1290
1263
1298
1232
1101
949
720
476
382
375
231
21
8
146
223
285
397
329
53
-64
35
44
3
156
273
55
-215
-237
-237
-390
-515
-601
-946
-1693
-2614
-3364
-3844
-4350
-4978
-5113
-4342
-3452
-3256
-3184
-2472
-1654
-1342
-816
582
2050
2721
3042
3660
4249
4316
4103
4008
3978
3813
3493
3058
2561
2007
1299
443
-227
-443
-408
-448
-527
-473
-394
-425
-401
-131
265
600
911
1249
1508
1609
1609
1547
1405
1262
1172
1065
858
577
200
-315
-842
-1281
-1685
-2099
-2408
-2549
-2627
-2716
-2803
-2830
-2770
-2590
-2267
-1871
-1482
-1141
-802
-497
-320
-200
-19
168
242
332
522
599
430
202
70
-68
-244
-314
-254
-230
-308
-356
-313
-282
-292
-232
-61
110
266
465
679
815
884
974
1084
1178
1263
1355
1432
1458
1430
1334
1178
1034
984
973
873
720
610
523
392
264
221
223
187
136
139
193
180
5
-200
-185
13
84
-24
-93
-120
-305
-558
-612
-560
-638
-830
-1159
-1765
-2369
-2566
-2614
-3015
-3554
-3742
-3734
-3752
-3457
-2736
-2125
-1838
-1421
-645
183
869
1509
2046
2367
2624
2970
3270
3367
3272
3018
2671
2384
2230
2040
1690
1288
939
632
418
374
397
353
289
322
469
693
966
1192
1283
1347
1511
1648
1630
1575
1552
1340
901
593
500
210
-392
-868
-1076
-1358
-1768
-2015
-2136
-2402
-2687
-2704
-2543
-2409
-2245
-2017
-1837
-1658
-1341
-983
-741
-552
-333
-168
-80
43
204
251
136
11
-12
-9
-69
-148
-189
-259
-395
-479
-432
-367
-363
-342
-236
-102
-3
74
165
252
305
393
587
777
833
839
922
984
915
821
816
833
785
726
708
680
567
441
452
569
618
569
542
552
563
615
660
563
415
444
574
575
511
515
439
196
29
67
75
-71
-195
-244
-349
-505
-692
-1115
-1774
-2267
-2440
-2642
-3009
-3254
-3403
-3780
-4095
-3698
-2761
-2100
-1824
-1335
-555
49
474
1105
1824
2202
2351
2686
3133
3296
3107
2764
2382
2037
1826
1683
1458
1163
870
576
327
268
369
404
327
369
643
979
1196
1320
1436
1530
1555
1549
1599
1642
1476
1082
723
527
291
-101
-467
-722
-1007
-1325
-1508
-1589
-1749
-1952
-2050
-2048
-1998
-1862
-1694
-1606
-1512
-1281
-1028
-892
-781
-628
-535
-499
-393
-244
-209
-281
-346
-388
-443
-499
-549
-598
-638
-673
-690
-666
-617
-592
-572
-514
-445
-384
-274
-116
-3
46
136
296
467
631
795
917
977
1047
1146
1216
1238
1235
1212
1190
1218
1234
1156
1038
991
1003
1019
1043
1032
931
815
755
661
496
387
375
336
251
240
272
208
80
12
-39
-173
-317
-373
-408
-516
-682
-836
-950
-1050
-1240
-1601
-1990
-2213
-2329
-2491
-2635
-2660
-2671
-2722
-2656
-2403
-2100
-1793
-1397
-910
-411
78
551
933
1230
1496
1730
1919
2091
2217
2193
2026
1847
1693
1526
1368
1264
1161
1014
899
850
795
723
719
797
886
988
1147
1303
1365
1343
1302
1259
1217
1167
1086
958
761
494
210
-22
-223
-432
-623
-750
-833
-897
-945
-1003
-1074
-1105
-1085
-1047
-983
-878
-793
-770
-776
-797
-860
-947
-1000
-1003
-960
-889
-839
-854
-890
-902
-903
-914
-893
-833
-769
-703
-617
-545
-533
-559
-557
-479
-334
-167
-13
116
202
239
272
353
474
608
742
870
979
1068
1125
1107
1028
954
872
773
763
862
877
703
504
387
262
122
102
165
151
91
113
145
49
-106
-187
-199
-205
-203
-181
-171
-200
-273
-385
-511
-585
-564
-494
-443
-441
-502
-663
-887
-1051
-1108
-1121
-1124
-1081
-993
-923
-942
-1092
-1229
-1076
-642
-302
-160
110
537
744
741
927
1285
1453
1512
1741
2009
2062
1996
1907
1709
1505
1459
1421
1252
1162
1204
1085
796
654
666
586
475
504
560
535
549
587
464
242
145
134
33
-121
-222
-340
-521
-671
-795
-1020
-1379
-1736
-1954
-1980
-1860
-1770
-1819
-1900
-1846
-1684
-1535
-1409
-1247
-1036
-816
-614
-449
-352
-337
-393
-444
-386
-233
-131
-174
-249
-248
-187
-126
-66
3
75
172
301
434
540
609
646
680
778
917
1012
1034
1040
1054
1053
1043
1047
1045
1018
969
944
980
1047
1019
831
585
413
326
270
227
161
58
-19
-34
-49
-120
-202
-266
-322
-327
-259
-204
-247
-320
-352
-363
-389
-427
-502
-634
-753
-778
-756
-786
-860
-881
-833
-799
-804
-778
-674
-553
-502
-538
-605
-627
-683
-1031
-1679
-2107
-1868
-1305
-1047
-1064
-929
-658
-541
-417
10
513
753
898
1212
1547
1733
1853
1886
1748
1627
1733
1864
1796
1701
1716
1643
1445
1347
1338
1219
1073
1100
1199
1230
1242
1219
1065
894
874
907
861
797
751
637
423
124
-273
-680
-897
-927
-958
-1066
-1160
-1169
-1169
-1308
-1614
-1844
-1755
-1474
-1295
-1247
-1194
-1162
-1239
-1358
-1422
-1440
-1410
-1325
-1229
-1133
-1000
-927
-1019
-1121
-1018
-760
-527
-337
-133
42
145
225
331
424
482
541
623
704
756
788
777
702
617
590
589
589
616
673
732
785
835
853
825
790
777
754
730
714
685
617
547
518
503
493
499
485
411
337
346
378
315
157
-9
-150
-279
-392
-494
-555
-513
-496
-796
-1369
-1741
-1675
-1481
-1396
-1241
-905
-559
-329
-233
-317
-450
-390
-189
-58
90
368
527
397
237
239
234
141
88
40
-113
-232
-215
-248
-418
-511
-425
-314
-209
-28
155
247
358
539
636
630
680
805
878
923
1007
1029
911
772
689
600
522
532
578
572
555
578
566
477
398
386
398
402
426
453
453
450
450
387
236
84
-1
-63
-109
-92
-22
15
-21
-104
-233
-401
-537
-604
-649
-705
-728
-721
-746
-823
-913
-1010
-1112
-1180
-1194
-1167
-1108
-1030
-986
-986
-970
-907
-847
-823
-793
-713
-596
-480
-385
-312
-253
-188
-123
-68
4
104
193
235
259
298
338
356
365
382
412
448
484
526
568
606
632
637
633
647
659
647
646
682
733
758
739
658
518
398
352
335
283
222
197
185
135
48
-43
-107
-123
-104
-76
-47
11
82
102
53
-7
-22
3
26
26
23
45
59
15
-74
-144
-178
-213
-254
-275
-259
-232
-246
-323
-433
-524
-582
-628
-661
-669
-648
-603
-543
-484
-453
-445
-426
-381
-317
-229
-115
8
120
208
274
319
343
340
322
323
360
424
483
527
545
523
489
501
579
660
704
727
755
779
774
741
702
684
681
661
611
558
513
447
349
258
198
147
89
36
-24
-124
-243
-340
-413
-485
-551
-598
-631
-676
-747
-837
-909
-947
-973
-1014
-1044
-1037
-1005
-980
-954
-915
-872
-843
-814
-755
-676
-582
-479
-367
-264
-188
-139
-109
-91
-75
-50
-11
43
114
184
232
253
247
217
186
184
208
233
249
275
319
361
392
419
457
508
560
609
662
722
763
756
706
648
592
552
527
501
470
436
408
379
337
277
208
156
134
129
116
93
76
60
37
20
26
48
56
41
18
2
-6
-20
-58
-125
-191
-239
-284
-336
-396
-446
-486
-517
-539
-553
-555
-546
-534
-529
-522
-502
-471
-446
-419
-383
-333
-273
-216
-171
-136
-105
-81
-60
-31
18
91
165
230
278
306
322
328
330
344
376
423
468
498
510
501
480
459
446
444
449
459
464
458
435
398
351
308
267
229
193
153
112
66
20
-24
-68
-111
-153
-195
-236
-277
-315
-352
-388
-423
-453
-484
-517
-552
-578
-593
-600
-604
-601
-594
-586
-576
-569
-558
-539
-511
-476
-438
-398
-361
-326
-298
-274
-252
-229
-199
-167
-135
-110
-98
-92
-88
-82
-72
-51
-15
36
93
142
181
206
231
261
309
373
455
545
622
676
701
703
691
679
683
706
745
783
804
797
756
691
612
541
476
442
436
428
411
361
286
194
96
4
-71
-119
-151
-178
-209
-254
-303
-363
-422
-466
-492
-484
-459
-434
-406
-385
-372
-359
-347
-334
-314
-294
-261
-229
-203
-180
-161
-145
-137
-140
-147
-159
-166
-165
-156
-143
-126
-109
-97
-89
-88
-84
-78
-61
-40
-18
3
23
42
52
64
80
95
114
129
149
178
200
222
236
238
240
237
230
225
213
201
186
159
126
82
40
10
-9
-17
-15
-8
-3
0
-2
-9
-16
-22
-29
-29
-32
-37
-40
-50
-70
-95
-124
-147
-166
-174
-167
-155
-138
-127
-121
-125
-133
-144
-154
-157
-154
-148
-142
-140
-143
-146
-153
-157
-159
-157
-150
-141
-130
-113
-102
-92
-82
-74
-60
-43
-22
6
36
68
102
128
142
148
152
160
177
200
225
249
257
259
259
249
234
216
203
200
206
219
228
226
220
204
187
174
166
160
155
150
151
153
146
133
111
78
43
19
4
-5
-16
-34
-61
-92
-119
-142
-171
-195
-213
-227
-229
-224
-221
-219
-224
-235
-242
-240
-229
-222
-215
-209
-197
-176
-154
-140
-129
-125
-119
-101
-79
-60
-45
-32
-25
-13
5
24
41
48
48
57
67
79
91
98
101
107
114
122
129
128
117
111
110
101
95
96
91
82
86
83
73
74
67
52
48
46
38
42
42
32
24
20
14
13
17
7
-5
-10
-20
-27
-26
-31
-44
-51
-58
-64
-63
-65
-77
-88
-93
-94
-92
-85
-87
-96
-97
-98
-98
-90
-81
-82
-78
-71
-64
-52
-42
-39
-41
-40
-36
-27
-14
-5
1
13
26
39
49
62
73
81
93
103
109
118
120
118
114
108
102
94
84
74
58
41
35
28
21
14
11
12
13
12
12
13
14
14
14
11
7
3
-2
-7
-14
-23
-30
-39
-45
-48
-53
-54
-53
-53
-52
-53
-49
-44
-42
-40
-34
-29
-23
-18
-18
-17
-14
-12
-10
-7
-5
-3
-1
1
4
6
7
6
4
6
5
2
-2
-5
-6
-6
-3
-2
-3
-4
-1
1
4
7
10
13
14
15
17
20
25
26
30
30
31
30
29
27
24
20
16
14
12
12
12
11
6
5
2
-4
-6
-6
-10
-13
-15
-17
-20
-22
-23
-25
-26
-25
-26
-28
-29
-31
-33
-32
-30
-27
-22
-18
-11
-5
-3
-1
3
4
5
7
6
6
9
8
7
5
2
-1
-2
-4
-6
-5
-8
-11
-10
-10
-10
-6
-2
0
4
5
4
6
9
12
18
19
21
22
22
20
19
22
24
23
24
23
22
18
16
14
13
13
13
12
11
5
0
-3
-8
-10
-9
-9
-10
-10
-9
-12
-12
-14
-14
-14
-11
-11
-10
-10
-9
-8
-7
-8
-10
-8
-10
-8
-9
-10
-7
-6
-5
-4
-4
-4
-2
-1
1
0
0
-1
-1
1
1
4
4
6
8
11
13
15
19
24
25
28
28
26
22
19
17
15
12
8
7
4
1
-3
-7
-9
-12
-16
-17
-17
-20
-22
-24
-27
-29
-30
-33
-32
-30
-29
-32
-34
-33
-34
