-1
-1
-4
-4
-6
-6
-6
-7
-8
-8
-11
-11
-10
-9
-9
-6
-5
-4
-3
-4
-2
-3
-2
0
1
2
2
3
4
5
5
5
3
2
1
2
3
4
3
3
3
3
2
3
1
0
1
3
3
5
6
5
3
1
0
0
0
0
1
1
-2
-3
-2
-4
-6
-7
-8
-9
-9
-8
-6
-3
-2
0
0
2
5
7
8
9
10
10
11
10
8
6
4
3
1
-3
-5
-5
-7
-7
-5
-4
-5
-6
-3
-3
-5
-5
-4
-3
-5
-4
-3
-3
-4
-4
-2
-3
-2
0
1
1
1
1
3
3
3
2
1
0
-1
-1
-1
1
2
3
2
3
5
6
5
3
4
4
4
4
4
4
2
-1
-3
-3
-5
-4
-6
-7
-6
-4
-3
-2
0
-2
-1
-1
-4
-3
-1
0
2
2
2
5
7
10
11
13
12
11
10
10
7
7
8
11
12
9
4
0
-4
-6
-8
-10
-11
-11
-13
-16
-15
-17
-17
-22
-30
-30
-31
-34
-38
-48
-54
-57
-61
-64
-75
-82
-82
-84
-79
-81
-84
-77
-73
-69
-67
-71
-68
-61
-58
-50
-46
-38
-24
-10
4
14
27
39
48
54
64
76
82
87
94
100
114
124
126
129
130
137
148
151
157
160
163
175
180
187
195
204
224
245
254
270
283
310
343
363
386
410
438
462
487
509
526
543
548
546
533
504
452
379
289
169
29
-124
-276
-425
-560
-684
-796
-890
-970
-1031
-1079
-1118
-1141
-1143
-1126
-1108
-1091
-1069
-1043
-1015
-991
-962
-923
-871
-814
-756
-704
-660
-609
-553
-491
-423
-346
-267
-193
-117
-7
131
273
395
499
570
595
585
556
525
504
503
509
526
568
634
701
755
810
888
979
1064
1153
1262
1380
1497
1606
1684
1721
1721
1703
1672
1614
1534
1456
1383
1312
1250
1215
1207
1203
1177
1120
1040
949
852
741
613
478
328
149
-84
-411
-837
-1307
-1721
-2034
-2287
-2519
-2716
-2863
-2997
-3113
-3164
-3161
-3150
-3145
-3092
-2950
-2786
-2641
-2491
-2388
-2607
-3245
-3859
-3895
-3434
-3062
-2850
-2290
-1346
-657
-444
-130
572
1166
1295
1391
1917
2612
3000
3077
3160
3328
3366
3159
2868
2702
2601
2368
2049
1880
1971
2116
2097
1982
1972
2062
2084
2027
1997
1984
1901
1823
1872
1948
1940
1907
1811
1516
1136
930
809
484
47
-240
-456
-821
-1204
-1386
-1522
-1829
-2187
-2354
-2304
-2150
-1968
-1797
-1608
-1385
-1185
-1068
-955
-747
-544
-487
-483
-378
-207
-121
-139
-154
-110
-28
37
62
104
179
212
137
35
-14
-75
-217
-474
-773
-1055
-1252
-1347
-1423
-1464
-1464
-1437
-1442
-1465
-1402
-1324
-1287
-1278
-1193
-1014
-866
-753
-678
-612
-641
-961
-1588
-2290
-2626
-2578
-2479
-2422
-2153
-1526
-956
-669
-376
193
839
1194
1460
1978
2688
3266
3569
3828
4115
4299
4245
4002
3799
3629
3382
2996
2604
2400
2296
2145
1859
1546
1347
1182
1031
936
963
1032
1021
1041
1149
1309
1401
1346
1231
1067
888
642
343
11
-552
-1305
-1956
-2207
-2244
-2395
-2563
-2641
-2670
-2732
-2715
-2586
-2498
-2417
-2302
-2145
-1952
-1647
-1304
-1134
-1052
-865
-597
-426
-330
-152
32
114
153
236
366
472
549
541
442
363
290
148
-117
-348
-403
-403
-412
-489
-469
-445
-621
-914
-1085
-970
-924
-991
-934
-749
-633
-738
-738
-611
-513
-781
-1783
-3260
-4410
-4551
-4252
-4190
-4034
-3188
-2020
-1389
-1066
-292
876
1646
1835
2212
3219
4439
5191
5489
5739
6032
6030
5560
4957
4557
4201
3529
2685
2194
2143
2008
1523
1027
853
811
659
543
650
917
1115
1144
1072
1100
1369
1655
1653
1432
1317
1286
1013
500
83
-177
-548
-1142
-1703
-2031
-2334
-2980
-3983
-4790
-4940
-4685
-4526
-4453
-4094
-3535
-3172
-2974
-2593
-2001
-1562
-1421
-1290
-919
-403
-67
-18
-39
37
121
56
-9
118
329
432
477
683
984
1094
928
717
708
890
1115
1292
1436
1486
1333
987
706
633
619
605
700
953
1052
946
866
830
557
-43
-610
-923
-1073
-1160
-1239
-1308
-1334
-1253
-1481
-2804
-5081
-6984
-7366
-6940
-6766
-6504
-5152
-3173
-2070
-1759
-886
865
2188
2384
2644
3987
5873
6967
7154
7413
7939
7972
6955
5753
5161
4797
3796
2366
1500
1406
1299
705
71
-155
-148
-313
-458
-260
312
950
1328
1584
1953
2561
3055
3014
2601
1961
1344
700
153
-442
-1259
-1969
-2573
-3084
-3661
-4026
-4421
-5256
-6055
-6218
-5747
-5279
-4748
-3955
-3267
-2889
-2569
-1958
-1331
-867
-496
-194
146
568
1015
1164
1073
908
681
398
259
328
381
326
286
392
607
854
984
980
936
980
1140
1427
1746
1874
1783
1657
1633
1696
1859
2008
1898
1450
1143
1175
1298
1079
665
291
-116
-483
-744
-752
-898
-1213
-1562
-1837
-1949
-2067
-2027
-2020
-2135
-3525
-6616
-9846
-10695
-9375
-8618
-8758
-7682
-4780
-2794
-2674
-2064
463
2882
3161
2968
4704
7818
9871
10065
10006
10421
10437
9077
7319
6479
6270
5178
3060
1455
1262
1405
686
-363
-888
-947
-1131
-1105
-431
489
1247
1715
2113
2329
2673
3387
3913
3602
2778
2291
1987
1041
-376
-1367
-1945
-2888
-4404
-5538
-5934
-6209
-6896
-7748
-8092
-7996
-7659
-7077
-6148
-4877
-3727
-2843
-2208
-1388
-217
719
1074
1188
1630
2084
2020
1816
1860
1833
1323
667
445
468
355
122
-10
33
119
226
425
679
974
1194
1315
1492
1872
2423
2698
2585
2410
2450
2550
2516
2520
2597
2498
2112
1908
1887
1917
1577
1197
831
391
-105
-743
-1152
-1487
-1697
-2073
-2460
-2408
-2028
-1847
-2254
-2504
-2278
-2070
-2253
-2290
-2791
-5855
-11146
-14815
-13602
-10441
-9013
-9013
-7150
-4025
-2872
-3341
-2009
1915
4903
4834
4829
7718
12367
14644
13939
12846
12715
12100
9724
7654
7600
8028
6279
2893
806
795
720
-640
-2261
-3021
-3219
-3359
-2824
-1614
-256
556
816
938
1201
2280
3719
4369
3642
2507
2255
2148
1331
205
-476
-1207
-2947
-4710
-5462
-5645
-6320
-7470
-8138
-8146
-7739
-7088
-6416
-5648
-4879
-4180
-3652
-2953
-1561
-139
566
668
1024
1762
2094
2029
2007
2121
1877
1240
927
1125
1295
966
366
27
-156
-318
-409
-293
-167
-154
31
410
777
1083
1445
1645
1574
1677
2276
2880
3104
3201
3489
3625
3467
3277
3304
3276
3002
2508
1941
1453
1153
845
358
-146
-366
-596
-1137
-1735
-1994
-1921
-2056
-2292
-2479
-2409
-2460
-2574
-2778
-2932
-3487
-4504
-7375
-12517
-17047
-16637
-11555
-8343
-9008
-9363
-6031
-3043
-3744
-4183
-195
5224
6839
5666
7765
13473
17529
16250
13043
12400
13257
12277
9584
8803
10077
9376
5081
857
209
1052
-353
-3355
-4732
-4021
-3381
-3458
-2767
-1421
-750
-1133
-1310
-364
1437
3610
5077
4892
3607
2802
3206
3333
2383
1155
356
-479
-2145
-3581
-4051
-4308
-5750
-8167
-9521
-9088
-8069
-7823
-8037
-7615
-6921
-6504
-6045
-4723
-2765
-1488
-1102
-749
470
2030
2715
2534
2346
2639
2812
2691
2783
3021
2687
1584
480
36
98
127
-224
-744
-924
-740
-489
-347
-128
149
235
293
669
1563
2513
2985
3019
3084
3428
3786
4034
4295
4453
4383
4269
4290
4248
3773
2927
1918
1141
777
588
240
-357
-1127
-2161
-3107
-3343
-2917
-2579
-2780
-3105
-3186
-3129
-3207
-3241
-3111
-2944
-3271
-4325
-6811
-10839
-14183
-13849
-10190
-7804
-8444
-9047
-7053
-4829
-4867
-4932
-2014
2206
4313
4570
6924
11788
15292
14571
12107
11866
13488
13949
12681
12122
12732
11714
7995
4454
3652
3816
2052
-1006
-2600
-2327
-2153
-2969
-3701
-3821
-4135
-4833
-4936
-3668
-1668
-136
386
174
218
938
1935
2387
2145
1599
1009
544
263
-67
-806
-2086
-3580
-4870
-5604
-5802
-6090
-6862
-7737
-8005
-7640
-7121
-6584
-5939
-5236
-4571
-3790
-2616
-1263
-132
516
957
1566
2330
2993
3293
3331
3245
3132
3106
3152
3188
3003
2601
2134
1760
1588
1500
1245
726
226
36
61
65
64
113
212
322
541
930
1336
1657
1801
2012
2449
3056
3572
3762
3506
2888
2265
2258
2625
2851
2355
1396
300
-573
-871
-876
-1022
-1590
-2093
-2288
-2358
-2477
-2694
-3065
-3445
-3780
-3773
-3967
-4715
-7150
-10949
-13762
-13065
-9864
-8130
-8905
-9569
-8323
-6783
-6420
-5621
-2913
215
1877
2902
5857
10187
12870
12427
11203
11824
13761
14900
14948
15015
15070
13654
10882
8878
8498
8003
5697
2872
1550
1430
816
-804
-2406
-3714
-5124
-6323
-6453
-5443
-4538
-4566
-5156
-5479
-5090
-4324
-3618
-3215
-2798
-2058
-1354
-1184
-1230
-959
-713
-1109
-1596
-1257
-570
-544
-1217
-1905
-2488
-3037
-3253
-3154
-3160
-3379
-3562
-3613
-3626
-3485
-3337
-3352
-3293
-2814
-2067
-1443
-932
-499
-234
-52
312
893
1515
2073
2461
2716
2970
3245
3346
3278
3250
3211
3143
3142
3185
2965
2502
2149
1946
1708
1488
1357
1203
889
701
698
630
396
214
262
351
344
262
124
-15
-85
-138
-181
-239
-253
-395
-531
-346
26
80
-318
-704
-793
-754
-628
-427
-287
-355
-488
-477
-525
-784
-1306
-2182
-3595
-5067
-5563
-4943
-4303
-4461
-4932
-5029
-4888
-4803
-4564
-3952
-3303
-2792
-2064
-835
658
1816
2411
2545
2799
3566
4664
5639
6289
6795
7074
7085
7078
7293
7475
7196
6691
6475
6568
6535
6188
5697
5008
4127
3307
2845
2537
2004
1219
349
-438
-1092
-1583
-2036
-2676
-3396
-3925
-4135
-4251
-4446
-4810
-5450
-6111
-6358
-6092
-5764
-5630
-5576
-5530
-5410
-5100
-4632
-4263
-4080
-3841
-3421
-2852
-2286
-1804
-1479
-1316
-1089
-658
-102
350
598
697
768
905
1026
1075
1131
1150
1030
950
1076
1282
1400
1370
1235
1180
1375
1544
1523
1540
1623
1646
1603
1606
1643
1697
1799
1760
1727
1794
1793
1718
1613
1461
1293
1317
1392
1335
1337
1159
825
1120
1454
902
398
906
1178
622
451
701
661
536
438
220
159
199
-24
-377
-462
-447
-461
-475
-560
-686
-765
-776
-789
-839
-871
-951
-1158
-1347
-1365
-1242
-1167
-1207
-1321
-1377
-1363
-1360
-1381
-1358
-1308
-1293
-1252
-1148
-1003
-905
-903
-951
-947
-856
-760
-709
-663
-626
-608
-595
-530
-378
-201
-51
83
251
494
755
930
1021
1113
1244
1374
1458
1493
1512
1504
1462
1413
1384
1380
1348
1258
1176
1137
1115
1115
1119
1055
960
904
852
821
760
606
448
379
351
289
208
154
102
-23
-200
-321
-354
-436
-622
-799
-862
-871
-951
-1078
-1180
-1244
-1289
-1362
-1447
-1484
-1528
-1641
-1745
-1708
-1584
-1499
-1506
-1554
-1540
-1470
-1367
-1226
-1067
-883
-719
-589
-432
-258
-101
71
252
417
603
810
966
1090
1180
1219
1267
1319
1325
1328
1364
1402
1401
1385
1374
1322
1199
1091
1059
1014
897
796
745
689
604
509
447
403
323
232
206
244
264
228
169
162
217
221
156
108
92
55
-26
-119
-190
-285
-439
-584
-679
-742
-786
-852
-957
-1059
-1174
-1327
-1431
-1441
-1445
-1487
-1501
-1456
-1403
-1363
-1321
-1252
-1158
-1047
-926
-820
-715
-582
-417
-240
-60
102
259
426
599
784
952
1076
1194
1333
1429
1470
1528
1604
1628
1579
1501
1436
1386
1305
1182
1068
982
891
785
690
621
554
464
371
320
314
292
232
182
167
157
110
24
-63
-108
-133
-190
-268
-333
-436
-613
-787
-881
-903
-938
-1027
-1128
-1199
-1231
-1234
-1222
-1216
-1234
-1305
-1381
-1352
-1218
-1089
-995
-929
-903
-869
-733
-528
-395
-344
-263
-123
-10
70
198
364
460
496
582
705
750
728
751
787
785
758
710
629
571
561
553
523
522
534
509
444
399
409
410
380
375
410
408
421
481
521
509
510
537
534
517
507
501
501
483
412
337
307
266
162
54
-10
-39
-117
-233
-329
-386
-475
-611
-690
-692
-682
-755
-848
-901
-912
-970
-1079
-1138
-1103
-1054
-1050
-1021
-952
-870
-809
-796
-778
-673
-524
-393
-278
-156
-42
72
143
229
373
495
600
695
775
842
931
923
932
982
1019
1044
1045
996
974
947
711
672
761
614
465
588
632
435
356
373
326
323
444
368
184
218
330
166
16
301
155
-294
-38
179
-214
-385
-68
-366
-673
-435
-394
-852
-800
-675
-903
-963
-965
-971
-938
-825
-1031
-942
-816
-769
-862
-555
-757
-1004
-525
-321
-448
-666
-125
-176
-419
-399
-231
-131
-89
-96
-152
84
141
146
95
474
236
203
298
672
804
347
769
809
791
561
908
1128
501
747
1000
993
710
625
849
688
577
488
455
520
299
262
304
178
9
12
18
-237
-234
-180
-278
-275
-261
-433
-646
-510
-548
-738
-680
-485
-491
-747
-742
-581
-586
-710
-734
-514
-448
-503
-532
-326
-189
-384
-365
-243
-43
-8
-133
36
135
186
21
465
583
129
124
653
790
177
608
900
854
246
507
847
784
919
338
506
801
820
333
331
943
318
185
593
225
238
395
66
-375
347
636
-533
-353
132
-201
-1062
-344
53
-346
-679
-609
-554
-689
-387
-760
-1201
-410
-172
-625
-998
-485
-233
-721
-807
-473
15
-221
-944
-568
169
-199
-1097
-423
445
-181
-797
-148
194
-257
-216
-49
56
81
0
-95
364
475
202
189
542
164
178
576
735
691
153
383
809
755
183
598
742
216
435
838
397
376
890
214
44
455
527
16
220
614
166
153
39
66
-117
-74
113
-209
-167
-189
-379
-622
-474
-346
-566
-907
-789
-578
-692
-1037
-1026
-841
-812
-809
-813
-819
-593
-587
-1011
-714
-196
-200
-408
-6
191
73
264
569
474
484
806
847
809
1240
1212
672
639
1266
1521
920
998
1246
1189
777
645
958
782
219
409
756
494
231
90
226
69
-13
-506
11
184
-687
-469
173
-86
-1272
-563
-426
-863
-396
-245
-604
-836
-147
-961
-1384
-778
-35
-538
-912
-210
-386
-632
-1079
-320
-478
-60
257
-627
-926
-530
87
-497
-593
-159
83
-571
-769
-228
244
-497
-814
30
252
-119
-66
832
920
816
572
792
756
218
554
763
980
661
406
576
761
986
1242
1291
1384
1622
1584
946
66
284
94
-574
-607
615
819
-171
-317
607
873
-297
-576
-338
-383
-713
-1210
-1235
-1241
-1554
-2186
-2440
-2067
-1849
-2167
-2569
-2459
-2216
-2157
-2163
-1761
-1403
-1127
-703
-476
-316
134
377
315
341
809
1197
1283
1364
1625
2108
2137
1906
1991
2407
2454
2010
2273
2745
2614
2186
2035
2054
1782
1728
1864
1643
1248
999
926
708
397
221
31
-316
-648
-357
-425
-1098
-1381
-1103
-1093
-1261
-735
-335
-578
-1001
-945
-523
-296
-295
-556
-754
-931
-805
-728
-1225
-1308
-1019
-552
-1059
-1026
-745
-891
-1118
-978
-423
-777
-1162
-1019
-967
-945
-854
-738
-938
-902
-277
-465
-973
-678
-337
-345
-343
-553
-251
82
-130
-527
166
1029
512
179
560
1288
1722
1704
1124
961
1549
2644
2818
1624
1723
2220
1917
859
1297
2211
1626
941
705
1346
1321
993
443
-270
-568
-305
-92
-920
-1574
-2047
-3011
-4200
-4507
-3955
-3543
-3879
-4749
-4993
-4511
-4207
-4522
-4547
-3676
-2687
-2372
-1926
-619
463
325
125
1206
2717
3615
4160
4827
5391
5565
5656
6039
6500
6792
6768
6688
6655
6630
6316
5513
4656
4064
3673
3022
2201
1525
955
99
-1084
-2020
-2493
-2926
-3686
-4244
-4234
-4306
-4932
-5492
-5440
-5387
-5758
-5813
-5094
-4489
-4412
-4290
-3778
-3356
-3088
-2667
-1983
-1227
-678
-134
437
1065
1445
1666
1951
2212
2486
2742
2883
2561
2151
1836
1432
1011
804
733
372
-181
-660
-952
-1334
-1745
-2011
-2079
-1997
-1981
-1823
-1579
-1325
-1239
-1023
-645
-115
737
1553
1882
1873
2110
2506
2787
3107
3447
3420
3180
3120
3255
3248
3066
2952
2735
2458
2343
2424
2259
1572
842
412
182
-107
-425
-760
-1083
-1553
-2254
-3056
-3715
-4614
-6236
-7482
-6933
-5312
-5216
-6773
-7675
-7003
-6630
-7262
-6817
-4779
-3407
-3646
-3347
-1320
517
676
426
1515
3602
5244
6334
7363
8298
8594
8439
8444
9209
10221
10443
9775
9218
9357
9084
7764
6265
5412
4725
3602
2583
2119
1335
-592
-2955
-4525
-5306
-6122
-6971
-7555
-8062
-8777
-9450
-9550
-9248
-9176
-9379
-9041
-7800
-6396
-5481
-4870
-4200
-3511
-2674
-1312
460
1978
2805
3293
3892
4518
4997
5283
5488
5584
5598
5542
5424
5037
4284
3356
2596
2158
1827
1408
738
-154
-1078
-1823
-2397
-2820
-3072
-3175
-3250
-3335
-3325
-3164
-3026
-2926
-2623
-1967
-1278
-727
-209
283
639
840
1168
1797
2517
2995
3213
3429
3479
3307
3279
3519
3777
3573
3289
3168
2890
2287
1696
1427
1009
398
85
97
-80
-760
-1318
-1606
-2049
-2925
-4136
-6077
-9127
-11184
-10296
-7586
-7083
-9273
-10958
-10402
-9699
-10269
-9810
-7100
-4769
-4452
-4008
-1147
2161
3043
2369
3053
6089
9272
11293
12621
13879
14351
13592
12711
13476
15221
15683
14216
12743
12498
12059
10167
7669
5908
4590
2832
1280
641
-14
-2107
-5235
-7647
-8723
-9189
-9799
-10385
-10771
-11236
-11852
-12295
-12238
-11943
-11603
-10952
-9585
-7671
-5956
-4906
-4225
-3523
-2566
-1170
640
2482
3745
4359
4676
5000
5303
5380
5355
5283
5174
5124
5031
4572
3615
2434
1493
903
607
441
128
-520
-1460
-2270
-2701
-2867
-2986
-3062
-2841
-2578
-2415
-2233
-2023
-1919
-1865
-1397
-536
429
1206
1618
1912
2098
2305
2704
3322
3822
4055
4142
4304
4498
4493
4227
3920
3715
3366
2888
2590
2455
2065
1152
216
-172
-173
-229
-557
-925
-1226
-1601
-1975
-2313
-2464
-3186
-4991
-8272
-12011
-13276
-10842
-7288
-7387
-10550
-12361
-11172
-10304
-11275
-10593
-6917
-4113
-4233
-3793
269
4199
4275
2503
3692
8036
11911
13754
14966
16269
16407
14843
13610
14640
16588
16677
14536
12831
12653
12036
9436
6151
4018
2546
687
-736
-1077
-1614
-4106
-7703
-10293
-11196
-11228
-11163
-11130
-11337
-11769
-12063
-11897
-11485
-11108
-10785
-9974
-8247
-5811
-3594
-2365
-1903
-1619
-992
209
2085
4127
5343
5623
5469
5394
5291
5034
4787
4448
4095
3869
3837
3502
2429
932
-378
-1145
-1351
-1153
-853
-1065
-1874
-2730
-3094
-2975
-2776
-2518
-2162
-1675
-1130
-697
-356
-217
-197
-66
476
1467
2409
2970
2986
2702
2475
2545
2974
3451
3678
3645
3607
3559
3344
3033
2649
2146
1711
1654
1767
1628
1147
596
54
-372
-451
-354
-375
-614
-782
-946
-1330
-1879
-2921
-4815
-8463
-12730
-14218
-11086
-6782
-7150
-11199
-13303
-11776
-11166
-12857
-11802
-6788
-3192
-3829
-3916
485
4887
4831
2695
4138
9119
13261
15028
16260
17910
18222
16147
14177
14886
17171
17669
15539
13689
13279
12324
9106
5289
3104
1691
-169
-1823
-2345
-2977
-5461
-8958
-11623
-12805
-13036
-12792
-12231
-11953
-11969
-11782
-11244
-10922
-11074
-10718
-9199
-6997
-4681
-2344
-273
420
-76
-17
1465
3498
4827
5746
6405
6404
5813
5100
4571
3830
3084
2626
2414
2338
2008
997
-811
-2526
-3184
-3098
-2845
-2532
-2134
-2187
-2929
-3482
-3286
-2709
-2240
-1703
-685
392
1122
1453
1469
1269
1132
1669
2697
3696
4212
4299
4027
3511
3063
2903
3059
3291
3452
3399
3218
2910
2395
1735
1120
692
522
677
904
831
347
-155
-446
-592
-615
-584
-381
-358
-634
-1287
-2514
-5061
-9932
-14316
-14161
-9266
-6048
-8442
-11987
-11885
-10448
-12203
-13998
-10654
-5105
-3382
-4524
-2223
3330
5998
4214
2829
5761
10485
13550
15096
17085
19044
18498
15454
13479
14595
16465
15805
13614
12806
12687
10524
6201
2756
1102
-601
-2739
-3901
-3802
-4544
-7029
-9866
-11917
-13021
-13446
-13014
-12046
-11110
-10201
-9405
-8988
-9110
-9069
-8073
-6305
-4366
-2191
225
2233
2698
2213
2228
3136
4202
4803
5576
6350
6440
5529
4106
2895
1763
827
177
14
157
-171
-1280
-2938
-4142
-4626
-4783
-4618
-3866
-2794
-2337
-2515
-2509
-2147
-1775
-1383
-456
897
2032
2746
3080
3171
3039
2877
3012
3448
4090
4469
4395
3998
3374
2650
1942
1652
1640
1685
1802
1886
1576
766
41
-279
-312
-107
460
1007
1029
718
577
564
470
419
645
932
940
769
284
-1478
-6347
-12399
-14425
-10242
-5555
-6714
-10795
-11525
-9708
-11126
-14435
-12565
-6289
-3078
-4524
-3613
2458
7066
5989
3142
4458
8813
11883
13117
14844
17391
17587
14098
10345
9902
11733
11646
9232
7786
8053
7150
3627
143
-1322
-2493
-4499
-5914
-5157
-3831
-4158
-5803
-7527
-8498
-8815
-8174
-6552
-4700
-3103
-2041
-1415
-1276
-1403
-1167
-495
356
1097
2000
3234
3831
3066
1406
81
-557
-1124
-1382
-1103
-753
-1377
-3002
-4452
-5364
-5818
-6116
-5942
-5178
-4278
-3654
-3511
-3364
-3030
-2619
-2079
-1017
728
2412
3314
3592
3644
3630
3480
3553
4066
4706
5128
5071
4645
3889
2967
2097
1373
1004
972
1139
1204
895
359
-221
-626
-894
-849
-212
682
1292
1445
1480
1648
1693
1556
1550
2056
2846
3300
3302
2984
2591
2013
1370
914
567
132
-855
-3712
-9958
-16105
-16256
-10656
-7754
-11738
-15637
-13818
-11150
-13701
-16097
-11294
-4339
-3160
-5090
-1384
6737
10570
8142
6157
9414
13919
15595
15796
17768
20291
18998
13985
10398
11072
12221
9835
6212
5094
5380
3355
-780
-3377
-4127
-5655
-8157
-9045
-7355
-5644
-5554
-6541
-7369
-7587
-7279
-5938
-3833
-1510
422
1448
1756
1857
2454
3122
3208
2964
3040
3484
3403
2654
1767
627
-1162
-3229
-4444
-4657
-4747
-5109
-5796
-6689
-7721
-8271
-8017
-7520
-6922
-6037
-4870
-3945
-3081
-1757
-548
-12
393
1701
3524
4749
5392
5918
6154
5596
4901
4901
5287
5205
4650
4099
3537
2541
1378
600
43
-620
-1191
-1190
-908
-908
-1092
-1155
-1177
-1160
-670
420
1390
1948
2444
3060
3469
3645
3913
4228
4223
3981
3894
3918
3623
2945
2084
1290
553
-229
-940
-1901
-4550
-10921
-17768
-18903
-13283
-9135
-12084
-16040
-14607
-11413
-13172
-15625
-11101
-3371
-917
-2768
76
8232
13103
11274
8492
10634
14838
16518
16360
17815
20294
19165
13652
8801
8287
9290
7188
3376
1817
2104
589
-3245
-5864
-6453
-7499
-9769
-10702
-8663
-5910
-4652
-4839
-5195
-5165
-4774
-3506
-1331
1202
3369
4836
5507
5235
4365
3783
3986
4382
3920
3001
2623
2350
729
-2263
-4806
-6137
-7074
-7879
-7857
-7069
-7012
-8020
-9136
-9367
-8733
-7776
-6480
-4874
-2927
-1129
69
834
1470
2156
2679
3449
4864
6431
7254
7051
6322
5474
4569
3814
3399
3249
3047
2541
1755
708
-353
-1255
-1954
-2382
-2387
-1832
-1119
-646
-545
-452
-203
-10
432
1415
2858
3940
4360
4705
5053
5132
4590
3953
3773
3808
3820
3575
3060
2195
840
-514
-1553
-2185
-2618
-3081
-3953
-8539
-16318
-21108
-17330
-10203
-10023
-14789
-15395
-10473
-9190
-13073
-12088
-4176
1538
-70
-759
6472
14709
15620
11076
9950
13660
16271
15388
14862
17474
18924
14644
7890
5143
6542
5812
1413
-1757
-1195
-500
-3168
-6257
-6721
-6514
-8384
-10656
-9377
-5512
-2562
-1812
-1813
-1303
-963
-524
768
2758
4516
5399
5963
6256
6141
5502
4376
2991
1452
434
68
-175
-1202
-3282
-5757
-7958
-9378
-9973
-9842
-9227
-8707
-8473
-8429
-7955
-6928
-5850
-4939
-3896
-2130
-49
1708
3003
3927
4388
4094
3892
4554
5735
6352
6054
5498
4749
3652
2454
1729
1357
816
205
-158
-268
-508
-1024
-1564
-1988
-2096
-1795
-1067
-162
608
1259
1627
1795
1987
2558
3494
4219
4690
5113
5512
5277
4484
3987
3823
3222
2086
1483
1373
672
-835
-2115
-2707
-3323
-4134
-4465
-4286
-4278
-7184
-13789
-19292
-17778
-10563
-7560
-10641
-12205
-8250
-5345
-8311
-9430
-3523
2965
3179
1310
5846
13540
16145
12366
9327
11098
13536
13109
11809
13253
15315
12844
6655
2439
2748
3060
-41
-3283
-3287
-1722
-2617
-5071
-5725
-5176
-5865
-7753
-7345
-3861
-221
1508
1653
1750
1766
1663
2115
3293
4883
5822
5811
4937
3874
3159
2267
583
-1499
-2717
-3026
-3450
-4425
-5642
-7034
-8885
-10493
-10846
-9817
-8278
-7047
-6287
-5861
-5272
-4243
-3024
-1945
-784
766
2410
3612
4449
5122
5211
4376
3372
3354
4173
4584
4152
3571
3034
2025
598
-310
-378
-454
-852
-1068
-690
-341
-584
-1023
-1182
-975
-572
134
1121
2079
2708
2886
2881
3000
3440
3999
4426
4817
5042
4841
4262
3722
3222
2349
1233
590
224
-276
-994
-1682
-2313
-3129
-3912
-4348
-4367
-4387
-6800
-12628
-17770
-16831
-10640
-7541
-9786
-11277
-8387
-5942
-7912
-8518
-3405
2453
3318
1954
5465
12013
14814
12077
9206
10356
12592
12496
11374
12387
14139
11944
6283
2238
2251
2650
178
-2703
-2950
-1727
-2369
-4369
-4912
-4224
-4577
-6094
-5817
-2831
571
2314
2545
2562
2482
2458
2808
3728
4845
5492
5604
5051
3822
1843
-229
-1508
-2128
-3022
-4258
-4863
-4965
-6053
-8346
-10089
-10483
-10473
-10345
-8986
-6517
-4740
-4301
-4091
-3287
-2299
-1378
-118
1519
3158
4411
5052
5102
4716
4060
3247
2664
2815
3375
3534
3011
2175
1216
89
-879
-1241
-1061
-774
-525
-262
-74
-117
-424
-695
-590
-60
761
1678
2611
3335
3525
3287
2999
2996
3313
3772
4245
4490
4408
3944
3184
2385
1648
970
244
-266
-560
-876
-1421
-2067
-2754
-3368
-3887
-3923
-3653
-3183
-4544
-10052
-16168
-16761
-10394
-5993
-8039
-10402
-7797
-4298
-6225
-8456
-4428
1876
3413
1123
3435
10451
14678
12397
8289
8699
11361
11540
9817
10298
13091
12199
6578
1630
1405
2578
195
-3177
-3527
-1538
-1451
-3509
-4075
-3080
-3184
-5170
-5576
-2655
1076
3012
3237
3351
3428
3038
2813
3369
4318
4508
4094
3640
3088
2010
397
-1151
-2810
-4288
-5136
-5121
-5031
-5805
-7237
-8792
-9740
-9862
-9125
-7651
-6019
-4684
-3868
-3160
-2233
-1253
-418
237
1100
2355
3598
4395
4605
4401
3648
2451
1708
1819
2267
2239
1836
1419
733
-201
-936
-1153
-1198
-1253
-1011
-465
71
370
404
263
61
213
863
1870
2765
3288
3516
3379
3089
2936
3202
3605
3765
3730
3573
3404
3125
2639
1735
594
-87
-280
-336
-645
-987
-1373
-2117
-2895
-3098
-2739
-2254
-2064
-2050
-4623
-10824
-16158
-14904
-8352
-5804
-8535
-9909
-6704
-4573
-7268
-8215
-3675
1471
1970
852
4884
11499
14093
10868
7597
8745
11028
10870
9652
10942
13173
11093
5480
1666
2057
2251
-717
-3391
-2905
-1136
-1739
-3483
-3720
-3157
-3987
-5755
-5150
-1848
1499
2905
3126
3337
3230
2654
2465
3339
4423
4740
4259
3772
3025
1433
-546
-2142
-3281
-4798
-5954
-5727
-5093
-5842
-7966
-9355
-9605
-9557
-9034
-7430
-5031
-3474
-2746
-2129
-1223
-283
302
964
1931
3290
4517
5072
5055
4537
3586
2355
1522
1533
1882
1983
1590
944
107
-750
-1379
-1699
-1693
-1422
-962
-504
-114
128
207
42
-140
18
790
1948
2854
3249
3331
3284
3079
2812
2818
3205
3554
3687
3614
3552
3132
2115
953
429
371
92
-401
-686
-834
-1402
-2074
-2322
-2123
-2021
-1956
-1664
-2133
-6326
-13079
-16541
-12638
-6717
-6469
-9444
-9071
-5563
-5612
-8883
-7805
-1961
2049
1208
1574
7308
12935
13018
9079
7605
9794
11135
10229
9837
12186
13144
9293
3854
1556
2203
1021
-1956
-3241
-1851
-969
-2464
-3794
-3632
-3481
-4814
-5705
-3871
-442
2156
3139
3569
3718
3188
2504
2388
2934
3480
3882
4041
3522
2426
1013
-455
-2310
-4117
-5058
-5093
-4895
-5358
-6451
-7703
-8483
-8693
-8536
-7855
-6365
-4617
-3429
-2682
-1678
-579
-92
109
879
2234
3319
3920
4276
4303
3658
2520
1688
1478
1607
1596
1312
965
510
-159
-935
-1506
-1683
-1664
-1421
-956
-373
61
233
229
139
250
643
1270
1948
2590
3137
3424
3441
3249
3053
3034
3152
3233
3289
3343
3235
2697
1909
1212
657
127
-331
-451
-476
-720
-1245
-1655
-1837
-2014
-2093
-1999
-1626
-1286
-1830
-5306
-11190
-14758
-12284
-7209
-6231
-8365
-8352
-5778
-5579
-8063
-7243
-2448
1333
1301
1713
6323
11296
12297
9505
7835
9084
10300
9960
9593
11291
12302
9403
4512
1693
1814
1150
-1263
-2772
-1975
-1003
-1996
-3348
-3442
-3134
-3985
-4993
-3996
-1186
1489
2757
3150
3160
2603
1741
1310
1800
2571
3026
3067
2751
2042
918
-448
-2071
-3864
-5280
-5827
-5563
-5135
-5099
-5575
-6382
-7102
-7420
-6902
-5516
-3825
-2424
-1595
-906
-173
487
872
1085
1599
2276
2938
3392
3616
3391
2562
1552
822
633
706
812
858
610
16
-701
-1174
-1455
-1666
-1522
-954
-280
167
423
623
600
431
512
1143
1967
2556
3014
3472
3611
3215
2786
2810
3092
3204
3114
3091
2951
2444
1595
806
344
-20
-437
-775
-873
-848
-1107
-1510
-1734
-1660
-1584
-1562
-1438
-2112
-5745
-11658
-14928
-12113
-7073
-6338
-8684
-8833
-6449
-6293
-8417
-7231
-2252
1536
1651
2287
6814
11581
12402
9672
8116
9356
10641
10494
10295
11789
12291
9097
4254
1508
1464
689
-1473
-2724
-2096
-1488
-2597
-3817
-3851
-3651
-4420
-5108
-3746
-837
1612
2758
3146
3121
2411
1519
1476
2348
3272
3754
3838
3440
2283
737
-699
-2146
-3666
-4858
-5245
-5122
-5048
-5292
-5925
-6779
-7530
-7730
-7090
-5612
-3751
-2353
-1626
-1095
-431
89
358
907
1823
2653
3091
3313
3483
3181
2326
1348
872
895
970
974
853
490
-262
-1084
-1593
-1778
-1710
-1392
-820
-298
-9
150
242
228
171
476
1206
2013
2614
3058
3339
3293
2977
2819
2990
3325
3563
3548
3345
2953
2499
1984
1366
696
48
-368
-542
-720
-935
-1228
-1556
-1916
-2277
-2173
-1886
-1620
-1623
-2369
-4356
-8277
-11608
-11709
-8703
-6216
-6755
-7459
-6713
-5612
-6111
-6370
-3652
-183
1880
2574
4831
8511
10429
9788
7985
7961
9041
9652
9773
10093
10733
9290
5869
2624
1313
1084
-51
-1332
-1728
-1359
-1609
-2693
-3403
-3570
-3714
-4018
-3546
-1740
481
1982
2472
2257
1636
896
691
1309
2119
2734
3025
2941
2080
481
-1001
-2339
-3589
-4481
-4401
-3620
-3318
-3695
-4555
-5511
-6306
-6514
-5756
-4463
-2954
-1697
-1034
-901
-882
-626
-442
-165
599
1693
2482
2682
2723
2504
1772
813
321
535
951
1228
1223
925
301
-534
-1215
-1456
-1258
-860
-446
-23
276
294
110
-60
33
378
967
1654
2238
2635
2705
2478
2118
2011
2312
2781
3171
3325
3229
2800
2192
1697
1292
802
312
202
420
424
110
-298
-700
-1146
-1496
-1470
-1233
-1035
-959
-1414
-2843
-5586
-9109
-11550
-11378
-8808
-6806
-6907
-7524
-7260
-6574
-6800
-6164
-3440
-185
1980
3287
5849
8650
9852
9119
8023
8395
9385
10261
10593
10744
10375
8223
5009
2272
1194
732
-199
-1000
-1230
-1254
-2005
-3126
-3854
-4170
-4348
-4220
-3089
-1086
805
1810
1922
1467
738
351
1009
2391
3521
3806
3486
2831
1602
79
-1319
-2236
-2859
-3251
-3147
-2891
-2904
-3679
-4907
-5996
-6437
-5933
-4913
-3643
-2533
-1842
-1719
-1899
-1759
-1275
-615
107
974
1856
2383
2465
2133
1543
919
575
702
1117
1482
1502
1038
237
-661
-1317
-1492
-1259
-850
-547
-319
-178
-241
-443
-563
-359
66
589
1201
1838
2328
2413
2141
1860
1923
2364
2920
3380
3556
3395
3038
2647
2288
1928
1684
1509
1203
856
638
493
75
-586
-1143
-1476
-1600
-1524
-1399
-1373
-1482
-1811
-2764
-4438
-6088
-7535
-8915
-9672
-8744
-6620
-5696
-6308
-6827
-6067
-5037
-4435
-2924
-226
2623
4248
5240
6592
7871
8486
8160
8104
8813
9736
10009
9347
8525
7312
5381
3054
1418
924
588
-77
-847
-1358
-1934
-2935
-3816
-4024
-3566
-2899
-2156
-1109
21
742
799
416
171
391
1121
1944
2413
2482
2133
1422
397
-580
-1218
-1659
-2058
-2476
-2748
-2931
-3257
-3829
-4504
-4900
-4888
-4473
-3795
-2986
-2271
-1912
-1840
-1831
-1524
-913
-228
383
926
1440
1619
1448
1217
1144
1112
1016
1069
1268
1379
1173
722
220
-179
-398
-463
-390
-183
-7
-49
-233
-363
-358
-305
-131
151
483
846
1144
1371
1520
1842
2197
2344
2402
2590
2945
2998
2796
2571
2393
2125
1708
1467
1305
1058
554
64
-213
-363
-588
-998
-1363
-1606
-1640
-1652
-1653
-1661
-1709
-1990
-2888
-3961
-4771
-5426
-6768
-8199
-8041
-6350
-5166
-5588
-5899
-4976
-3888
-3564
-2848
-577
2072
3659
4374
5491
6990
7931
7897
7654
8074
8756
8887
8227
7527
6867
5525
3536
1851
1278
1027
352
-560
-1197
-1630
-2399
-3206
-3540
-3204
-2626
-2126
-1543
-953
-560
-534
-534
-374
-128
255
915
1703
2045
1818
1254
594
-48
-435
-407
-307
-459
-862
-1368
-1999
-2731
-3320
-3614
-3661
-3518
-3190
-2808
-2539
-2469
-2558
-2657
-2501
-1930
-1143
-406
229
695
804
590
460
619
832
966
1175
1451
1482
1152
701
322
-24
-303
-390
-240
-53
-54
-229
-454
-620
-797
-878
-644
-133
398
714
961
1170
1296
1437
1697
2115
2433
2640
2772
2803
2733
2521
2304
2020
1757
1622
1566
1509
1275
887
298
-353
-783
-964
-1050
-1214
-1356
-1424
-1552
-1706
-1886
-2257
-3040
-3991
-4538
-4771
-5307
-6242
-6647
-5905
-4874
-4583
-4687
-4158
-3058
-2252
-1629
-311
1714
3390
4177
4776
5781
6760
7092
6948
6996
7272
7289
6827
6159
5548
4696
3413
2023
1079
584
41
-705
-1414
-1842
-2120
-2375
-2519
-2419
-2096
-1741
-1414
-1083
-769
-509
-245
98
443
692
749
397
-144
-124
605
1071
510
-290
-650
-969
-1501
-1729
-1461
-1548
-2049
-2357
-2366
-2381
-2473
-2469
-2696
-2880
-2503
-1835
-1492
-1430
-1100
-833
-894
-759
-139
482
632
734
958
1050
991
1000
1083
951
773
708
678
518
218
-77
-370
-558
-641
-584
-409
-287
-326
-449
-354
-93
143
429
881
1352
1612
1816
2075
2219
2280
2450
2691
2713
2574
2478
2250
1850
1497
1315
1043
660
433
255
-43
-437
-674
-869
-1075
-1152
-1140
-1157
-1294
-1416
-1838
-2642
-3519
-4137
-4810
-6054
-7055
-6862
-5523
-4641
-4830
-4966
-4390
-3492
-3025
-2057
-65
2036
3311
3815
4733
5850
6547
6611
6591
7144
7632
7656
7121
6512
5791
4458
2876
1684
1301
1074
512
-172
-773
-1386
-2225
-2917
-3066
-2689
-2130
-1624
-1188
-826
-753
-1055
-1321
-1063
-274
450
951
1337
1468
1127
489
125
-24
-138
-205
-213
-364
-839
-1382
-1950
-2570
-3050
-3136
-2913
-2728
-2609
-2501
-2502
-2682
-2831
-2666
-2173
-1557
-989
-504
-89
194
269
297
481
843
1189
1408
1535
1539
1417
1175
896
667
563
570
528
422
292
95
-267
-618
-678
-501
-306
-160
61
258
346
460
746
1143
1433
1662
1846
2007
2187
2341
2367
2121
1847
1780
1826
1800
1585
1268
786
221
-174
-298
-247
-306
-525
-846
-1088
-1175
-1184
-1176
-1263
-1447
-1893
-2498
-3042
-3355
-3679
-4651
-5845
-6228
-5244
-4058
-3888
-4022
-3626
-2824
-2500
-2053
-466
1576
2946
3311
3830
4852
5711
5985
5846
6023
6307
6259
5816
5326
5004
4249
2995
1782
1154
948
557
9
-505
-1002
-1646
-2282
-2366
-1936
-1465
-1217
-1053
-768
-529
-374
-261
-196
-49
272
796
1165
1174
714
-166
-937
-1195
-968
-868
-938
-1077
-1528
-2228
-2779
-2769
-2689
-2635
-2420
-2170
-2022
-1980
-1758
-1764
-1918
-1755
-1223
-622
-196
343
645
484
181
162
463
760
1093
1351
1438
1338
1106
846
663
662
688
625
541
521
437
218
-47
-269
-391
-337
-50
269
473
543
538
497
491
715
1083
1411
1583
1693
1751
1630
1419
1270
1294
1297
1192
1049
925
797
529
216
-129
-384
-524
-545
-518
-589
-661
-821
-974
-1123
-1148
-1150
-1510
-2201
-3057
-3637
-4286
-5232
-5830
-5399
-4265
-3961
-4406
-4427
-3651
-2901
-2586
-1562
253
1949
2792
3237
4109
5036
5624
5674
5804
6326
6684
6533
5908
5420
4814
3749
2575
1832
1639
1286
651
-25
-593
-1157
-1748
-1996
-1887
-1644
-1416
-1143
-766
-453
-310
-320
-441
-466
-234
230
687
855
787
515
134
-264
-589
-698
-769
-918
-1235
-1640
-1985
-2392
-2806
-3107
-3108
-2869
-2668
-2493
-2316
-2145
-2074
-2017
-1718
-1241
-727
-281
87
336
363
342
415
615
866
1066
1228
1265
1179
986
769
638
540
491
496
583
580
371
96
-131
-259
-320
-172
138
404
495
478
493
495
575
777
1057
1272
1409
1534
1535
1427
1347
1409
1467
1403
1310
1223
1089
840
589
405
207
-47
-312
-441
-417
-351
-389
-561
-713
-753
-746
-774
-776
-712
-654
-763
-1184
-1896
-2667
-3407
-4266
-4931
-4721
-3717
-3161
-3634
-4141
-3854
-3224
-2822
-2061
-473
1187
2105
2454
2997
3772
4323
4473
4562
5005
5510
5595
5155
4610
4068
3204
2178
1494
1407
1409
1071
511
-96
-649
-1226
-1574
-1522
-1204
-857
-658
-500
-376
-268
-178
-91
108
385
524
451
469
762
886
312
-693
-1474
-1688
-1487
-1220
-1100
-1328
-1796
-2396
-2897
-2938
-2491
-1910
-1679
-1614
-1380
-1111
-1015
-1061
-956
-726
-476
-162
205
538
630
450
178
104
339
729
1066
1230
1147
848
510
264
205
263
327
288
154
67
-5
-109
-258
-342
-274
-113
100
311
513
638
575
435
440
690
1050
1287
1349
1250
1069
894
804
869
979
1025
944
781
632
525
455
303
83
-78
-48
98
157
86
-89
-310
-534
-614
-502
-385
-362
-437
-665
-1260
-2131
-2931
-3735
-4711
-5355
-4907
-3795
-3378
-3801
-3983
-3477
-2933
-2531
-1469
293
1821
2504
2796
3325
3961
4398
4532
4697
5085
5400
5291
4726
4107
3422
2505
1514
926
885
912
694
206
-338
-857
-1250
-1357
-1181
-800
-439
-176
-58
-55
-33
111
380
554
609
713
933
1089
976
629
140
-346
-731
-1153
-1789
-2300
-2222
-1909
-2111
-2725
-3045
-3036
-3039
-2888
-2307
-1619
-1222
-1020
-950
-939
-735
-326
-78
-26
281
703
764
572
544
568
352
208
388
657
769
759
646
355
62
-74
-51
68
243
338
229
33
-102
-114
-54
23
86
191
391
555
609
628
694
735
763
938
1226
1424
1439
1390
1303
1168
1054
1001
953
868
806
702
500
268
136
49
-86
-195
-244
-285
-378
-467
-549
-650
-681
-616
-546
-539
-494
-384
-318
-293
-204
-141
-397
-1011
-1640
-1983
-2186
-2650
-3386
-3878
-3752
-3359
-3229
-3222
-2903
-2374
-2018
-1663
-828
385
1397
1943
2264
2620
3014
3330
3481
3534
3584
3567
3334
2951
2652
2431
2054
1495
1039
844
761
617
399
166
-21
-117
-123
-65
76
270
421
476
501
616
833
938
717
420
509
860
891
526
167
-250
-985
-1668
-1749
-1430
-1249
-1283
-1479
-1882
-2283
-2345
-2161
-1978
-1672
-1208
-912
-902
-903
-840
-906
-1005
-876
-560
-236
18
134
15
-203
-314
-305
-218
6
302
404
224
-57
-270
-404
-467
-427
-299
-125
26
87
35
-37
-21
100
343
707
1117
1390
1454
1407
1363
1375
1434
1521
1607
1663
1673
1597
1429
1200
962
739
555
455
411
307
69
-207
-385
-490
-634
-791
-822
-740
-683
-660
-571
-467
-479
-569
-559
-394
-192
-103
-165
-279
-332
-350
-443
-650
-952
-1348
-1770
-2072
-2225
-2364
-2606
-2949
-3297
-3431
-3154
-2598
-2080
-1671
-1208
-693
-235
262
926
1609
2119
2475
2745
2927
3065
3188
3192
3021
2824
2706
2586
2420
2235
1991
1641
1289
1072
997
995
971
861
678
535
505
553
635
723
803
870
903
901
881
830
710
555
353
-50
-575
-828
-806
-1107
-1877
-2440
-2428
-2281
-2309
-2311
-2229
-2234
-2251
-2125
-1882
-1547
-1167
-1015
-1168
-1243
-1043
-895
-976
-1023
-911
-817
-770
-654
-514
-443
-387
-294
-164
47
369
652
754
705
653
676
749
817
858
855
814
765
756
777
801
816
851
931
1000
937
799
805
941
933
755
626
553
427
353
393
404
342
286
162
-92
-288
-285
-226
-267
-371
-439
-455
-465
-499
-502
-428
-350
-371
-447
-449
-365
-281
-277
-354
-450
-470
-415
-364
-354
-326
-268
-223
-172
-96
-38
-16
8
5
-87
-223
-309
-334
-405
-652
-1028
-1245
-1113
-864
-807
-836
-710
-499
-333
-88
315
691
925
1120
1278
1336
1385
1484
1482
1360
1319
1384
1384
1305
1250
1158
981
867
906
952
910
834
742
555
279
47
-41
-31
7
60
127
148
90
-14
-118
-181
-155
-77
-99
-272
-453
-534
-590
-671
-726
-734
-738
-744
-746
-796
-899
-986
-1024
-1043
-1027
-950
-889
-913
-986
-1042
-1039
-941
-765
-611
-523
-416
-267
-175
-146
-87
-13
-14
-60
-74
-68
-80
-101
-128
-173
-196
-168
-111
-41
62
166
214
229
277
365
466
560
625
659
717
811
884
905
918
951
992
1020
1006
908
735
562
444
368
293
199
89
2
-47
-90
-198
-390
-578
-644
-568
-444
-371
-361
-390
-425
-417
-328
-184
-44
47
75
78
112
179
211
190
153
155
209
276
295
221
82
-57
-117
-104
-133
-314
-564
-714
-791
-925
-1055
-1019
-874
-799
-795
-743
-616
-464
-330
-235
-137
76
370
550
546
499
508
526
536
578
633
644
603
523
426
359
340
338
346
396
480
544
573
581
592
648
758
854
892
923
964
952
885
845
861
868
833
783
729
656
571
469
339
189
51
-60
-152
-248
-371
-524
-704
-899
-1077
-1204
-1281
-1329
-1362
-1393
-1427
-1458
-1475
-1489
-1503
-1486
-1423
-1329
-1234
-1163
-1131
-1121
-1099
-1053
-988
-898
-771
-626
-489
-375
-292
-247
-198
-113
-5
82
141
205
279
334
368
398
423
431
428
445
502
594
697
779
833
877
928
973
990
992
1032
1124
1184
1122
970
839
769
729
688
641
595
560
550
534
500
463
428
360
264
205
215
240
194
74
-54
-114
-87
-24
10
-9
-39
-64
-111
-188
-247
-242
-221
-216
-177
-63
75
155
178
193
227
261
231
72
-211
-548
-895
-1239
-1537
-1721
-1781
-1767
-1723
-1642
-1514
-1361
-1209
-1071
-950
-833
-683
-475
-219
69
368
653
887
1057
1168
1229
1242
1202
1097
931
745
577
450
353
279
253
277
306
284
219
165
136
111
85
92
147
222
279
293
271
223
166
104
54
33
38
43
38
48
88
150
201
223
213
165
83
-23
-134
-230
-294
-319
-325
-324
-316
-304
-298
-305
-317
-334
-362
-418
-472
-499
-491
-466
-434
-402
-367
-321
-268
-214
-157
-85
-4
63
92
84
49
-8
-70
-104
-83
-7
95
179
225
243
248
246
236
236
262
299
305
253
152
46
-17
-29
-13
15
54
81
81
66
73
114
185
286
390
466
520
572
583
525
431
362
328
310
299
259
156
2
-172
-363
-564
-718
-791
-837
-898
-943
-956
-963
-970
-930
-828
-680
-486
-270
-85
45
159
272
375
477
603
732
810
846
859
844
799
749
722
709
711
737
775
803
831
869
898
917
935
954
954
935
896
823
698
522
303
58
-174
-353
-444
-420
-269
-53
106
114
-52
-342
-705
-1064
-1358
-1563
-1698
-1806
-1949
-2163
-2418
-2660
-2854
-2976
-2990
-2900
-2744
-2552
-2327
-2065
-1761
-1407
-997
-541
-60
434
910
1317
1627
1859
2028
2124
2146
2127
2096
2057
2009
1949
1884
1839
1826
1836
1838
1814
1778
1733
1664
1571
1471
1372
1275
1171
1046
883
683
473
268
67
-125
-303
-477
-671
-882
-1092
-1281
-1431
-1526
-1564
-1552
-1498
-1421
-1338
-1261
-1183
-1076
-929
-758
-578
-391
-194
1
159
246
264
251
228
195
126
30
-73
-170
-270
-390
-523
-624
-642
-567
-421
-245
-80
47
125
157
157
149
147
149
149
141
133
133
162
223
325
471
661
864
1028
1115
1124
1069
970
824
629
379
82
-255
-636
-1055
-1492
-1902
-2231
-2423
-2440
-2277
-1976
-1614
-1254
-923
-624
-356
-112
137
425
768
1132
1425
1565
1539
1392
1178
935
695
473
280
120
-25
-147
-235
-273
-240
-115
120
463
870
1243
1473
1512
1387
1184
1009
938
1005
1196
1475
1789
2084
2336
2543
2723
2887
3021
3072
2975
2696
2248
1661
976
223
-579
-1407
-2225
-2994
-3665
-4193
-4547
-4718
-4719
-4587
-4361
-4087
-3798
-3503
-3215
-2916
-2581
-2215
-1853
-1530
-1264
-1051
-877
-725
-575
-395
-173
92
390
698
1007
1318
1624
1914
2153
2283
2229
1937
1415
755
93
-449
-800
-948
-917
-741
-454
-94
298
650
870
855
565
64
-470
-857
-1011
-961
-782
-519
-179
246
753
1317
1888
2397
2775
2989
3065
3054
2988
2868
2712
2581
2553
2637
2743
2728
2496
2041
1430
740
27
-671
-1318
-1878
-2318
-2621
-2769
-2750
-2578
-2304
-1990
-1693
-1424
-1163
-910
-699
-566
-512
-487
-411
-231
39
296
423
376
189
-53
-297
-492
-612
-649
-655
-701
-804
-907
-954
-1007
-1180
-1531
-1972
-2348
-2582
-2725
-2859
-2975
-3007
-2917
-2716
-2442
-2146
-1865
-1565
-1156
-569
221
1155
2085
2844
3387
3757
3967
4038
4064
4132
4191
4084
3696
3048
2286
1602
1171
1081
1322
1791
2313
2695
2795
2546
1949
1071
70
-818
-1389
-1570
-1427
-1071
-642
-305
-237
-516
-971
-1285
-1351
-1323
-1303
-1150
-836
-616
-664
-894
-1281
-1903
-2624
-3146
-3364
-3305
-2935
-2344
-1857
-1675
-1665
-1662
-1690
-1801
-1914
-1939
-1865
-1746
-1618
-1517
-1464
-1437
-1348
-1067
-529
208
991
1694
2296
2876
3489
4067
4510
4771
4860
4791
4579
4264
3898
3528
3170
2788
2353
1879
1412
992
646
352
61
-226
-451
-581
-643
-647
-609
-573
-563
-599
-732
-987
-1340
-1763
-2257
-2774
-3190
-3405
-3434
-3313
-3036
-2620
-2150
-1710
-1331
-1022
-790
-627
-494
-373
-272
-213
-197
-178
-80
152
500
885
1241
1540
1783
1958
2048
2058
2013
1925
1766
1514
1192
848
530
257
32
-155
-309
-424
-507
-585
-672
-756
-822
-874
-910
-920
-900
-866
-821
-769
-720
-675
-632
-620
-659
-726
-786
-840
-897
-934
-915
-816
-628
-368
-64
259
578
849
1040
1160
1237
1276
1247
1118
860
488
79
-278
-560
-824
-1136
-1490
-1734
-1634
-1091
-301
424
966
1407
1803
2113
2328
2496
2623
2677
2642
2546
2405
2205
1960
1725
1500
1197
765
308
51
79
142
-192
-1015
-1834
-2092
-1868
-1745
-1985
-2240
-2082
-1534
-936
-434
49
497
736
676
400
34
-315
-486
-336
101
640
1104
1390
1457
1294
931
407
-253
-997
-1726
-2336
-2759
-2960
-2925
-2680
-2299
-1840
-1342
-884
-579
-498
-617
-872
-1200
-1561
-1902
-2162
-2312
-2349
-2298
-2185
-2014
-1772
-1464
-1106
-700
-252
205
648
1078
1489
1854
2154
2416
2657
2845
2957
3011
3048
3075
3062
2997
2908
2827
2766
2735
2735
2749
2752
2728
2661
2533
2336
2093
1834
1555
1255
968
726
513
286
25
-244
-506
-761
-1005
-1214
-1387
-1545
-1703
-1853
-1995
-2132
-2259
-2344
-2359
-2326
-2284
-2246
-2195
-2113
-1993
-1838
-1664
-1483
-1298
-1100
-892
-682
-465
-255
-88
8
30
16
-20
-72
-140
-198
-221
-203
-170
-150
-137
-109
-57
-10
10
5
-15
-53
-120
-200
-254
-267
-266
-266
-264
-243
-207
-171
-132
-79
-13
55
124
203
294
388
479
562
638
706
769
826
877
927
975
1009
1024
1033
1052
1080
1098
1103
1104
1095
1059
988
924
909
922
903
832
748
691
640
556
437
317
217
111
-12
-126
-217
-308
-422
-544
-632
-669
-674
-670
-670
-680
-702
-726
-742
-746
-752
-767
-781
-784
-773
-750
-727
-704
-684
-655
-610
-551
-485
-417
-352
-286
-218
-158
-114
-91
-80
-67
-50
-39
-43
-54
-57
-46
-40
-59
-104
-158
-203
-222
-203
-148
-75
-10
29
56
92
132
162
178
191
207
225
233
225
214
217
243
293
359
433
507
557
574
582
608
655
690
690
666
655
665
676
665
640
618
595
554
491
433
398
382
345
285
217
151
72
-25
-125
-213
-287
-355
-420
-480
-540
-591
-606
-579
-526
-489
-488
-502
-518
-535
-559
-590
-616
-628
-627
-622
-601
-541
-443
-347
-284
-259
-249
-238
-228
-221
-206
-176
-136
-97
-49
21
99
157
179
175
166
150
115
74
47
43
69
109
157
197
220
230
229
216
174
110
44
4
-2
11
21
27
45
81
117
134
135
139
161
196
231
253
260
260
253
244
222
204
203
225
244
237
207
177
160
155
161
167
164
148
143
156
176
186
178
157
127
92
53
9
-43
-101
-162
-216
-256
-280
-285
-282
-286
-293
-289
-276
-254
-226
-193
-155
-112
-61
-14
11
5
-9
-11
-8
-15
-24
-18
-3
0
-7
-16
-24
-40
-63
-90
-114
-128
-125
-111
-107
-121
-143
-158
-160
-157
-162
-178
-196
-195
-179
-157
-147
-144
-141
-128
-101
-62
-14
39
80
103
116
124
130
123
100
76
67
76
98
121
142
164
187
208
214
206
193
182
177
174
168
157
146
133
119
105
91
76
62
49
43
40
41
49
64
76
80
80
79
77
72
67
62
60
60
62
63
62
57
48
33
12
-14
-37
-60
-75
-87
-94
-97
-97
-89
-79
-71
-65
-66
-75
-92
-114
-138
-168
-198
-224
-244
-251
-252
-252
-247
-241
-230
-214
-202
-185
-169
-147
-120
-93
-62
-25
14
51
85
117
141
159
166
167
173
170
160
147
135
130
127
126
128
128
128
126
118
109
98
82
65
43
27
18
11
3
-2
0
3
8
13
23
38
46
51
56
65
72
74
75
71
65
55
38
19
-4
-26
-53
-78
-103
-116
-120
-122
-122
-116
-103
-86
-79
-76
-65
-56
-54
-55
-54
-51
-48
-47
-40
-31
-21
-17
-15
-10
-7
-2
1
3
6
12
18
17
16
19
22
22
17
14
12
6
-5
-12
-16
-20
-22
-26
-26
-22
-13
-6
-1
4
8
9
4
-3
-6
-13
-20
-28
-26
-22
-20
-15
-4
10
15
15
15
11
5
-2
-8
-6
-1
9
17
25
33
39
44
41
36
33
26
17
