-7
-5
-4
-5
-5
-2
-4
-1
-1
0
0
1
2
1
3
4
4
2
0
0
-1
-2
-1
0
0
0
1
1
1
5
5
5
6
6
7
8
7
6
6
3
1
0
0
-1
-2
-3
-2
-1
1
0
1
0
-1
1
3
3
6
6
5
3
0
0
0
0
-1
-2
-3
-2
-4
-4
-6
-9
-9
-9
-11
-11
-12
-9
-9
-8
-8
-7
-3
0
-1
-3
-2
-3
-4
-4
-2
-1
-1
-1
-1
1
3
4
6
6
6
7
7
10
9
10
10
8
10
11
10
12
12
12
14
12
12
9
4
1
0
-1
-3
-3
-6
-6
-6
-7
-8
-10
-12
-15
-14
-14
-14
-13
-13
-12
-12
-12
-11
-11
-9
-4
-4
-1
2
4
6
10
12
13
15
15
16
15
16
17
19
19
21
23
22
23
22
31
34
29
25
16
13
4
-11
-26
-40
-56
-82
-97
-107
-119
-124
-155
-174
-174
-179
-171
-177
-182
-158
-135
-106
-82
-68
-40
-14
9
34
68
105
138
176
207
246
289
297
300
284
261
246
207
168
136
108
94
84
83
97
123
166
227
291
371
455
547
671
749
788
805
776
759
679
525
345
130
-95
-335
-555
-756
-928
-1081
-1265
-1383
-1467
-1552
-1609
-1753
-1840
-1820
-1754
-1612
-1413
-1153
-868
-576
-295
-35
185
362
497
600
678
736
772
778
735
643
499
312
102
-104
-294
-448
-547
-569
-514
-394
-212
15
268
533
800
1061
1303
1515
1698
1849
1970
2054
2093
2078
1995
1847
1638
1391
1118
837
561
295
48
-178
-381
-563
-722
-862
-985
-1086
-1157
-1195
-1200
-1174
-1123
-1053
-965
-866
-771
-683
-604
-546
-503
-468
-440
-420
-414
-421
-454
-524
-624
-743
-887
-1043
-1187
-1302
-1376
-1386
-1323
-1192
-1007
-782
-535
-295
-74
126
301
447
575
691
811
935
1051
1135
1169
1142
1044
881
682
476
283
129
40
29
89
208
364
541
732
935
1149
1374
1621
1888
2145
2363
2540
2651
2655
2526
2279
1934
1501
1005
492
-15
-515
-1006
-1466
-1874
-2220
-2512
-2749
-2899
-2934
-2883
-2780
-2603
-2371
-2188
-2086
-1918
-1644
-1378
-1136
-793
-372
-49
193
482
725
741
624
536
413
198
41
-5
-96
-235
-285
-278
-349
-426
-403
-386
-419
-324
-52
227
471
800
1166
1417
1602
1819
1978
1985
1937
1916
1849
1717
1610
1513
1326
1068
829
586
284
-16
-246
-444
-639
-764
-782
-758
-740
-698
-617
-532
-456
-362
-243
-131
-42
52
151
218
228
197
129
13
-141
-300
-453
-614
-764
-879
-964
-1028
-1059
-1053
-1025
-989
-933
-851
-760
-662
-553
-429
-301
-190
-101
-3
108
177
193
208
236
203
118
94
125
112
60
78
145
164
159
213
280
278
256
287
355
412
469
542
599
626
642
663
667
644
603
544
467
403
371
328
235
134
65
-6
-81
-103
-79
-79
-104
-97
-57
-26
-7
23
47
66
84
98
122
167
198
182
155
165
165
95
15
-51
-114
-224
-326
-394
-428
-466
-512
-542
-532
-521
-554
-584
-546
-481
-472
-455
-384
-293
-260
-226
-174
-121
-109
-99
-74
-45
-33
-73
-135
-181
-285
-461
-546
-481
-456
-552
-524
-388
-377
-496
-484
-410
-453
-483
-347
-161
-24
192
456
609
716
907
1082
1151
1238
1409
1509
1549
1667
1849
1927
1922
1960
2006
1959
1870
1851
1841
1743
1584
1405
1163
836
490
167
-163
-492
-773
-1001
-1248
-1511
-1736
-1941
-2189
-2388
-2428
-2384
-2364
-2276
-2112
-2213
-2718
-3173
-3196
-3107
-3187
-3031
-2368
-1681
-1315
-865
-130
388
461
523
764
874
870
1037
1273
1335
1383
1550
1568
1357
1212
1120
805
448
461
659
672
681
964
1228
1196
1179
1412
1606
1546
1462
1541
1611
1607
1657
1723
1668
1497
1301
1049
711
382
123
-144
-457
-686
-769
-880
-1121
-1324
-1343
-1345
-1473
-1476
-1224
-1025
-1039
-961
-737
-693
-821
-742
-485
-447
-479
-254
-28
-63
-133
-22
-25
-199
-225
-174
-287
-470
-456
-441
-574
-599
-478
-457
-552
-476
-281
-194
-98
76
51
-215
-264
8
185
228
462
893
1148
1260
1514
1724
1731
1692
1765
1819
1787
1870
1924
1796
1578
1439
1215
742
326
37
-320
-816
-1115
-1160
-1288
-1527
-1665
-1727
-1960
-2245
-2361
-2356
-2325
-2165
-2039
-2303
-2791
-2941
-2761
-2782
-2865
-2488
-1784
-1346
-1001
-253
605
1027
1167
1487
1798
1869
1932
2180
2372
2380
2446
2528
2408
2149
1962
1729
1292
905
766
691
555
544
700
743
636
647
836
969
934
927
1023
1118
1154
1208
1289
1234
1019
714
406
18
-400
-669
-799
-1000
-1317
-1433
-1317
-1282
-1411
-1428
-1309
-1367
-1506
-1404
-1114
-951
-830
-558
-356
-352
-318
-159
-163
-338
-396
-393
-545
-764
-844
-995
-1381
-1658
-1568
-1344
-1275
-1117
-724
-330
-78
219
643
915
1012
1143
1361
1524
1655
1863
2003
2020
2046
2106
2030
1825
1663
1469
1107
677
377
136
-166
-424
-585
-729
-939
-1124
-1273
-1418
-1583
-1762
-1899
-1858
-1594
-1226
-934
-853
-1231
-1986
-2623
-2787
-2863
-3058
-2975
-2413
-1887
-1597
-1084
-254
317
480
648
962
1202
1482
1970
2483
2800
3066
3276
3260
3065
2903
2649
2142
1634
1425
1372
1245
1172
1238
1210
963
757
771
782
650
534
529
505
466
596
802
818
669
595
552
343
64
-46
-117
-351
-637
-786
-892
-1059
-1208
-1329
-1503
-1721
-1925
-2152
-2420
-2685
-2859
-2850
-2584
-2186
-1799
-1343
-833
-415
-162
149
453
588
604
681
753
740
810
916
947
917
980
1035
1011
1056
1052
959
856
948
899
593
410
402
271
-98
-248
-168
-168
-211
-182
-215
-460
-689
-753
-925
-1165
-1271
-1246
-1222
-1155
-857
-976
-2027
-3514
-4440
-4605
-4921
-5220
-4845
-3759
-2931
-2553
-1725
-428
550
858
1145
1803
2489
3136
3877
4670
5279
5573
5563
5182
4690
4282
3715
2815
1932
1510
1326
1040
812
784
712
371
5
-83
15
213
461
728
962
1201
1551
1829
1926
1848
1693
1455
1047
665
425
274
-43
-542
-974
-1289
-1622
-2085
-2531
-2851
-3198
-3673
-4183
-4373
-4091
-3635
-3188
-2721
-2081
-1473
-1016
-560
-109
230
370
515
690
829
937
978
887
661
430
261
57
-76
-43
154
328
457
670
826
802
671
666
732
640
518
445
334
72
-97
52
216
274
263
377
425
240
-12
-272
-474
-805
-1176
-1398
-1455
-1369
-1291
-1110
-1057
-1797
-3334
-4904
-5516
-5624
-5882
-5873
-5059
-3755
-2960
-2325
-1156
191
1018
1260
1781
2705
3705
4718
5671
6606
7172
7279
6915
6256
5715
5087
4214
3238
2569
2285
1939
1569
1220
823
268
-390
-819
-932
-707
-321
-64
183
609
1197
1583
1657
1647
1520
1236
898
708
697
636
420
-70
-739
-1431
-2194
-3083
-3972
-4541
-4777
-4840
-4668
-4239
-3704
-3314
-3051
-2738
-2338
-1859
-1399
-916
-354
148
510
743
988
1083
905
646
448
343
281
407
644
805
878
938
946
793
558
404
340
207
72
79
221
266
129
26
-113
-172
-20
342
374
91
241
853
1197
1080
1124
1226
755
31
-330
-506
-959
-1221
-1076
-1146
-2417
-4871
-7429
-8818
-8812
-8731
-8842
-8183
-6276
-4645
-3940
-2793
-584
1349
1991
2478
4095
6273
8058
9196
10236
10998
11026
10124
8857
7861
7069
5892
4340
3054
2410
1851
988
32
-782
-1569
-2325
-2730
-2546
-1920
-992
-130
501
921
1280
1536
1597
1683
1868
1992
2011
1988
1989
1753
1181
287
-853
-2061
-3183
-4134
-5003
-5755
-6239
-6459
-6554
-6536
-6285
-5871
-5508
-5147
-4520
-3578
-2543
-1520
-504
377
967
1355
1648
1841
1844
1775
1728
1696
1659
1633
1600
1426
1124
830
638
446
324
350
480
554
509
493
541
612
599
557
753
1091
1424
1757
2257
2649
2635
2521
2605
2577
2220
1713
1260
798
472
376
151
-209
-452
-721
-1468
-2403
-2848
-3054
-3439
-3776
-3611
-3187
-3173
-4432
-7287
-10252
-11068
-9836
-8904
-8695
-7292
-4520
-2798
-2720
-2014
349
2401
2909
3350
5468
8546
10814
11690
12036
12319
11914
10318
8491
7656
7553
6804
5248
3944
3350
2555
986
-734
-1871
-2635
-3300
-3548
-2928
-1790
-825
-375
-283
-253
-192
-161
-88
274
977
1638
1927
1962
1869
1455
460
-913
-2154
-2920
-3276
-3519
-3803
-4162
-4641
-5239
-5815
-6152
-6179
-5983
-5647
-5150
-4349
-3312
-2376
-1751
-1258
-732
-271
168
818
1578
2133
2452
2691
2798
2663
2472
2305
2089
1807
1618
1526
1380
1151
841
521
201
-52
-189
-155
-60
-51
19
281
567
711
922
1300
1567
1676
1845
2042
2038
1965
2081
2116
1924
1758
1783
1787
1390
798
79
-364
-643
-1077
-1807
-2431
-2385
-2182
-2275
-2573
-2799
-2963
-3259
-3549
-5143
-8717
-12332
-12700
-10208
-8388
-8230
-7447
-5307
-4163
-4667
-4358
-1716
1232
2665
3590
6144
9820
12379
12772
12325
12259
12220
11435
10640
10856
11524
10941
8926
6843
5473
3959
1843
-126
-1174
-1775
-2386
-2696
-2520
-2508
-3138
-3966
-4401
-4489
-4347
-3763
-2643
-1470
-755
-430
-198
-54
-144
-391
-510
-365
-94
78
14
-203
-578
-1175
-1921
-2590
-3001
-3300
-3551
-3764
-3936
-4152
-4417
-4606
-4648
-4540
-4266
-3855
-3327
-2715
-2068
-1510
-1067
-573
64
733
1296
1807
2338
2769
2955
2998
3011
2925
2659
2411
2333
2247
2012
1719
1410
989
509
178
23
-96
-230
-283
-175
-31
62
123
223
383
643
1030
1422
1749
2075
2370
2444
2380
2411
2515
2539
2601
2672
2360
1720
1277
1173
986
643
320
-77
-711
-1438
-2137
-3009
-4301
-6510
-9625
-12257
-12467
-10684
-9427
-9768
-10160
-9465
-8712
-8626
-8045
-5999
-3638
-1998
-227
2702
5849
7708
8313
8808
9743
10766
11589
12407
13290
13790
13402
12340
11270
10483
9458
7944
6483
5656
5097
4177
2927
1737
509
-1035
-2616
-3663
-4219
-4692
-5240
-5628
-5779
-5905
-6159
-6504
-6725
-6742
-6443
-5782
-4817
-3783
-2980
-2477
-2052
-1584
-1162
-809
-423
-39
263
510
719
766
550
172
-194
-444
-577
-633
-693
-834
-1021
-1216
-1399
-1513
-1522
-1488
-1434
-1315
-1168
-1041
-962
-891
-829
-800
-686
-433
-106
166
369
516
621
682
709
788
882
1027
1090
1145
1240
1238
1218
1181
1266
1053
820
1100
1232
1130
1020
1210
1273
1122
1187
1077
949
903
944
966
823
815
805
745
627
508
438
336
311
311
278
228
220
156
5
-181
-395
-660
-1044
-1433
-1675
-1665
-1463
-1298
-1230
-1262
-1291
-1319
-1421
-1504
-1421
-1144
-894
-792
-714
-574
-435
-390
-383
-320
-234
-168
-99
52
240
380
414
411
473
553
653
784
980
1195
1387
1549
1632
1696
1746
1773
1780
1831
1979
2079
1943
1646
1529
1644
1718
1630
1475
1337
1212
1128
1059
968
849
717
554
316
82
-92
-222
-391
-622
-850
-1069
-1261
-1442
-1614
-1740
-1819
-1853
-1895
-1957
-2031
-2104
-2139
-2141
-2087
-2005
-1931
-1879
-1860
-1869
-1883
-1864
-1822
-1801
-1790
-1744
-1680
-1608
-1559
-1507
-1409
-1271
-1097
-907
-685
-435
-212
-36
120
300
453
535
619
756
916
1054
1193
1329
1419
1455
1458
1476
1524
1589
1646
1720
1809
1870
1882
1868
1853
1829
1798
1785
1763
1710
1623
1546
1509
1478
1418
1310
1211
1123
965
696
381
140
-28
-191
-402
-648
-886
-1161
-1536
-1927
-2148
-2178
-2212
-2318
-2363
-2272
-2174
-2185
-2213
-2141
-1955
-1748
-1554
-1310
-996
-704
-531
-409
-201
92
357
547
746
1006
1250
1406
1482
1549
1629
1684
1732
1847
2036
2189
2243
2256
2270
2251
2177
2113
2115
2148
2133
2062
1968
1828
1610
1370
1183
990
746
484
216
-92
-417
-734
-1059
-1365
-1615
-1827
-2015
-2157
-2259
-2354
-2441
-2531
-2634
-2705
-2704
-2653
-2603
-2584
-2587
-2569
-2504
-2431
-2358
-2267
-2181
-2132
-2091
-2003
-1878
-1753
-1624
-1459
-1248
-1027
-819
-631
-471
-327
-166
9
156
308
507
719
898
1077
1279
1469
1613
1724
1832
1962
2103
2220
2312
2416
2516
2563
2564
2563
2576
2595
2605
2580
2521
2457
2400
2325
2236
2143
2035
1910
1784
1653
1496
1305
1101
900
700
491
239
-75
-415
-687
-869
-1044
-1275
-1522
-1707
-1830
-1980
-2192
-2374
-2443
-2462
-2519
-2579
-2564
-2508
-2501
-2519
-2478
-2356
-2201
-2054
-1888
-1693
-1504
-1368
-1267
-1135
-950
-756
-580
-385
-151
71
240
389
559
738
892
1045
1234
1441
1618
1741
1810
1825
1811
1800
1793
1781
1769
1753
1720
1668
1612
1559
1503
1440
1375
1304
1235
1172
1101
994
841
677
530
390
214
8
-191
-387
-599
-806
-958
-1072
-1197
-1341
-1466
-1548
-1599
-1624
-1643
-1675
-1697
-1663
-1585
-1522
-1489
-1448
-1397
-1365
-1343
-1284
-1184
-1084
-1026
-981
-923
-851
-777
-700
-610
-521
-428
-323
-206
-103
-23
57
150
243
319
404
525
659
788
921
1068
1220
1378
1531
1637
1696
1761
1841
1892
1897
1882
1868
1832
1761
1685
1596
1490
1364
1229
1094
957
812
655
496
360
220
37
-135
-255
-333
-424
-554
-693
-822
-933
-1055
-1201
-1325
-1400
-1461
-1535
-1618
-1692
-1755
-1810
-1847
-1844
-1806
-1740
-1652
-1540
-1400
-1234
-1053
-898
-758
-596
-402
-199
3
210
415
586
704
810
917
1008
1059
1096
1159
1203
1222
1260
1307
1325
1299
1269
1238
1204
1201
1177
1129
1096
1066
1012
931
851
778
687
613
537
445
363
232
76
-30
-128
-252
-393
-500
-577
-686
-784
-819
-850
-914
-999
-1019
-1010
-1099
-1036
-956
-1115
-1287
-1195
-1109
-1299
-1448
-1343
-1248
-1215
-1450
-2624
-2928
-1861
-1030
-1272
-1190
-243
105
179
642
1046
1123
1214
1449
1551
1461
1441
1408
1299
1291
1318
1261
1115
1044
977
857
865
814
647
737
738
572
472
710
739
334
464
656
661
429
504
632
398
233
129
124
2
-144
-169
-221
-286
-431
-531
-653
-759
-971
-1148
-1189
-1038
-988
-1165
-1242
-1155
-1043
-1092
-1057
-833
-765
-766
-639
-365
-284
-332
-286
-189
-50
27
183
258
320
297
223
469
687
462
255
531
751
658
631
772
542
453
618
601
660
922
725
653
656
511
732
673
605
158
618
895
285
256
317
201
-548
-58
801
-34
-539
-498
218
-127
-430
-314
-250
-235
-413
-588
-568
-231
-470
-451
-830
-206
37
-431
-785
-706
-183
-902
-625
-396
-444
-954
-862
-269
-532
-1235
-1041
-80
-301
-924
-635
103
-357
-478
-62
-76
19
-63
498
48
28
-67
607
328
93
444
701
662
-59
183
384
946
-15
-1182
-642
223
-148
-858
-302
781
97
333
1696
1974
1360
1417
2510
2234
1533
1901
1932
1510
1245
1569
1087
168
1045
588
-86
114
76
-151
-766
-849
-958
-1372
-1548
-1958
-1855
-1842
-1997
-1929
-2223
-2106
-1958
-2140
-2026
-1701
-1498
-1562
-1296
-857
-863
-614
-560
-338
-43
-144
43
608
920
484
715
1365
1657
1090
767
1500
1835
1114
789
2056
2093
894
793
2055
1259
1039
1736
1154
964
582
1623
414
-224
180
261
525
-418
367
-2
-761
-599
-428
55
-214
-159
-845
-244
316
-1068
-650
244
-704
-2036
436
652
-1426
-1282
109
-217
-1985
-954
-327
-209
-1171
-662
-675
-1049
-357
-674
-927
-773
1006
54
-1849
-134
126
-618
-1381
605
1120
-1466
-665
-536
913
-84
-682
1024
531
382
-602
885
912
118
234
-79
848
1392
726
-356
485
1620
659
105
1178
2104
187
-237
1241
1828
219
-281
1259
1266
345
174
907
317
-307
26
500
214
-315
-211
-810
-1209
-1490
-1806
-1910
-1753
-1293
-2085
-2588
-2178
-1889
-2218
-2488
-1890
-1323
-1193
-1195
-850
-540
-423
-478
-126
561
1165
1313
1249
1593
2071
2147
2053
2359
2955
3026
2613
2701
3085
3130
2452
1604
1211
1689
2134
1873
1201
1292
1140
-346
-750
189
448
-1019
-1506
-541
-470
-1622
-1716
-857
-1021
-2440
-2082
-180
-298
-1987
-2485
-1043
-1469
-1594
-607
-7
-1024
-2024
-1204
-749
-984
-469
-370
-526
-435
-133
-80
-1153
-449
163
-792
-1676
1000
1476
-402
-1592
-134
812
134
60
-812
-480
1053
-24
-2274
-186
1676
-140
-2803
-305
2008
1625
-272
307
2119
1522
831
458
1690
868
676
1883
554
821
1714
1257
263
765
3558
1358
-360
996
1766
674
-288
1103
1105
365
332
604
690
-23
-248
22
-682
-1559
-2047
-2533
-3618
-3517
-2353
-3159
-4374
-3926
-3315
-3817
-4457
-3571
-3009
-3247
-2898
-1798
-1022
-1043
-1018
-692
-19
1103
2078
2511
2887
3299
3538
3711
4264
4688
4823
5088
5415
5771
6100
6328
5712
4821
4771
5011
4659
3718
2991
2406
1593
674
-364
-1459
-2368
-3246
-4044
-4403
-4430
-4876
-6087
-6694
-6241
-5930
-6257
-6210
-5449
-4976
-4932
-4367
-3369
-2871
-2436
-1397
-119
526
907
1649
2021
2095
2572
3334
3520
3348
3550
3818
3750
3565
3399
3154
2617
1892
1529
1269
500
-580
-1103
-1286
-1596
-1642
-1483
-1460
-2041
-2193
-2067
-2125
-1988
-2025
-1731
-1837
-1894
-1324
-612
7
196
992
1588
2111
2606
2766
3027
3086
3131
3012
3174
3427
2866
2293
2429
2827
2987
2527
1972
1519
1018
681
281
-193
-1153
-2516
-3852
-6081
-8745
-9433
-7103
-5170
-7094
-10326
-10453
-8488
-8760
-10693
-9826
-6418
-4995
-5915
-5129
-1567
714
-378
-1342
1422
6153
8847
9034
9466
11195
12252
11762
11465
13316
15630
15481
13511
12858
14030
13743
10631
7698
7370
7834
6386
4058
2887
1836
-926
-4488
-6457
-6514
-6988
-8716
-10257
-10761
-11167
-12482
-13706
-14015
-13879
-13619
-12842
-11194
-9580
-8978
-8931
-8409
-6978
-5011
-3016
-1140
503
1714
2559
3273
4154
5002
5620
6177
6876
7567
7780
7368
6559
5776
5281
5112
5105
4875
4078
2940
1720
707
-9
-547
-973
-1331
-1521
-1746
-2151
-2683
-3045
-3127
-3080
-2832
-2185
-1498
-1319
-1470
-1296
-667
8
616
1242
1970
2341
2308
2410
2866
3372
3672
4108
4330
3981
3479
3431
3622
3540
3228
2797
2423
2132
1937
1624
804
-124
-641
-1157
-2455
-4717
-8534
-12796
-14504
-11875
-8351
-9440
-13757
-15598
-13900
-13393
-15018
-13569
-8552
-5814
-6841
-6435
-1279
3183
2597
681
3146
9309
13739
15126
16096
17688
18062
16239
15079
17397
20706
20702
17313
14980
15427
14990
11363
7271
5853
5667
3602
984
64
-625
-4047
-9284
-12240
-11830
-10937
-11857
-13592
-14341
-14378
-14977
-15942
-15768
-14225
-12913
-12510
-11495
-8705
-5739
-4823
-5055
-3933
-1320
1113
2920
4930
6719
6955
6247
6253
7262
7971
7689
7182
6822
6471
5796
4713
3429
2167
1310
760
376
72
-430
-1537
-3139
-4199
-4179
-3714
-3505
-3362
-2984
-2738
-2957
-3039
-2454
-1615
-1086
-558
523
1674
2196
2276
2498
2948
3459
4120
4927
5516
5580
5314
5023
4794
4561
4250
3844
3510
3288
3057
2545
1640
806
231
-142
-681
-923
-721
-630
-1209
-2388
-3435
-4729
-6855
-11396
-16639
-17632
-12551
-7181
-9051
-15135
-16837
-13911
-13486
-16040
-13432
-5623
-2052
-4739
-5175
1669
7497
6012
2790
5925
13671
18500
18935
19349
21193
21172
17452
14656
17417
22099
22031
16823
13144
13584
12845
7820
2717
1867
2167
-731
-4210
-4507
-3922
-7367
-13637
-16961
-15621
-13384
-13188
-13771
-13397
-12980
-13839
-14840
-13862
-11131
-8940
-7878
-6264
-3061
-57
522
-258
149
2126
4247
5981
7877
9128
8387
6274
4768
4824
5149
4747
4071
3398
2479
1208
-208
-1653
-3045
-3880
-3968
-3627
-3125
-2882
-3327
-4585
-5563
-5098
-3703
-2264
-1088
14
583
517
720
1411
2076
2565
3237
4226
5057
5579
5604
5030
4267
3961
4274
4709
4998
5053
4435
3392
2730
2456
1852
953
716
939
831
485
295
0
-866
-1645
-1552
-1122
-792
-687
-873
-2400
-5059
-9576
-15839
-18986
-14922
-7281
-6463
-12887
-16610
-13956
-12573
-16338
-16393
-8499
-2295
-3568
-5288
680
7925
7625
2889
3061
10265
17124
19350
19930
21903
22955
19429
14315
14630
19784
22169
17958
13430
13563
13754
9151
2734
341
474
-1870
-5153
-5432
-3738
-5557
-11651
-16673
-17327
-15454
-14145
-13264
-11850
-10844
-11312
-12330
-11999
-10104
-8255
-6768
-4772
-1721
1304
2829
3008
2509
2271
2810
4302
6735
8641
8797
7107
4848
3262
2267
1796
1507
1154
445
-654
-1734
-2904
-4413
-5810
-6538
-6169
-5106
-3859
-2849
-2772
-3504
-4231
-3828
-2243
-328
1393
2600
3374
3605
3587
3782
4039
4111
4137
4774
5837
6284
5805
4812
3783
2946
2545
3034
3764
3829
3151
2121
1190
388
86
169
102
-279
-597
-334
99
270
19
-542
-1056
-1245
-1074
-1245
-2428
-5155
-11087
-17113
-17596
-11128
-5980
-9100
-14791
-15132
-12296
-13501
-15953
-11757
-4402
-2627
-5386
-3321
5017
9918
7601
4111
6751
13227
17606
19116
20758
22973
22108
17042
13663
15968
20110
19120
13914
11181
11571
10228
5114
555
-869
-2604
-6091
-8332
-6951
-5364
-8075
-13420
-16960
-16691
-15002
-13834
-12355
-10472
-9427
-9864
-10109
-8498
-6266
-4880
-3956
-2089
916
3598
5144
5375
4658
3877
3738
4845
6555
7748
7463
5403
2997
1272
331
-523
-1385
-1878
-2585
-3498
-4163
-4569
-5293
-6643
-7327
-6762
-5359
-3654
-2218
-1427
-1717
-2151
-1621
-144
1735
3331
4493
5101
5165
5246
5308
5280
5008
4798
4928
5121
5234
4864
3924
2600
1317
842
1192
1887
2129
1644
691
-311
-535
-190
120
220
445
826
743
422
540
842
604
50
90
359
-833
-3777
-9376
-15564
-17679
-13289
-7597
-8577
-13496
-15082
-13071
-13871
-16856
-14051
-6718
-3424
-5247
-4105
3359
8993
8262
5198
6510
11651
16139
18761
21033
23449
23307
18990
14669
14928
18349
18785
14808
11625
11187
10192
5858
991
-1333
-3311
-6691
-9478
-8858
-6646
-7574
-11805
-15936
-16968
-15878
-14699
-13104
-10671
-8363
-7801
-8214
-7184
-4976
-3412
-2913
-1604
1465
4403
6149
6696
6504
5345
3699
3374
4596
6188
6544
5247
3224
908
-884
-2272
-3273
-3874
-4402
-4717
-5017
-5174
-5522
-6409
-7251
-7414
-6315
-4257
-2051
-253
411
349
278
923
2251
3723
5280
6413
6902
6833
6607
6330
5513
4514
3843
3786
4003
3960
3441
2211
610
-637
-1041
-645
-13
471
567
185
-248
-628
-869
-838
-214
791
1451
1759
2298
2779
2293
1255
802
857
-99
-2154
-5677
-11618
-16413
-15539
-9684
-7952
-12754
-16471
-14889
-13395
-16186
-16453
-10128
-4544
-5002
-6323
-982
6838
9492
7311
6643
10655
15542
18397
20076
22596
24388
22043
17117
15198
17668
19483
16321
11869
10197
9811
6944
2060
-1009
-2808
-5873
-9795
-11253
-9385
-8371
-10708
-14589
-16454
-15728
-14791
-13885
-11899
-8947
-7265
-7493
-6929
-4308
-1586
-797
-625
1347
4256
6226
6928
7433
7634
6381
4652
4119
5039
5571
4463
2637
804
-835
-2630
-4234
-5110
-5803
-6432
-6988
-6955
-6623
-6734
-7116
-7366
-6775
-5356
-3396
-1256
304
1261
1785
2302
3066
4050
5337
6379
6979
7164
7140
6969
6287
5263
4266
3638
3291
2925
2625
2113
1121
-288
-1544
-1862
-1506
-1045
-882
-862
-732
-789
-691
-322
380
864
1031
1626
2638
3497
3698
3432
3179
2560
1997
1153
-517
-5514
-13329
-17437
-14159
-7936
-8346
-13638
-15739
-13865
-14649
-18582
-16829
-8914
-4512
-6372
-6581
825
8388
9229
6330
6821
11686
15945
18139
20607
24309
25605
21428
15793
14771
17792
18533
14469
10746
10011
9219
5123
225
-2173
-4148
-8121
-12302
-12575
-9603
-8557
-11316
-15098
-16357
-15693
-15178
-13945
-10769
-6952
-5677
-6240
-5112
-1880
556
600
698
2878
5674
7277
7803
8459
8328
6338
3856
3057
4115
4435
2979
911
-683
-2224
-4293
-5870
-6530
-6959
-7648
-7943
-7183
-6340
-6211
-6590
-6669
-5934
-4404
-2069
344
2076
2950
3318
3744
4287
5077
6014
6780
7140
7050
6977
6801
6008
4558
3155
2441
1999
1638
1410
1010
-19
-1520
-2365
-2366
-1968
-1528
-1102
-652
-482
-126
473
883
928
1012
1966
3188
4030
4287
4148
4040
3454
2865
2202
748
-3739
-12078
-17861
-16028
-9201
-7811
-13084
-16379
-14923
-14755
-18798
-18663
-11153
-5269
-6271
-7501
-956
8013
10484
7613
6673
10855
15605
18174
20543
24399
26706
23330
17038
14613
17053
18392
14609
10100
8874
8595
5311
168
-2821
-4758
-8530
-13271
-14529
-11381
-8941
-10647
-14383
-15941
-15143
-14558
-13786
-10821
-6467
-4194
-4423
-3498
-149
2723
2796
2134
3541
6156
7937
8433
8800
8604
6744
3797
1938
2290
2880
1799
-566
-2349
-3450
-5111
-7038
-8090
-8300
-8780
-9195
-8269
-6561
-5575
-5717
-5828
-5129
-3740
-1612
848
3021
4285
4813
5158
5524
6185
6831
7073
6930
6789
6953
6712
5706
4134
2517
1270
337
-89
-220
-404
-1061
-2158
-3112
-3375
-2902
-2313
-1902
-1259
-274
542
981
1648
2597
2915
2906
3494
4737
5511
5561
5564
5340
4462
3519
3034
1504
-3895
-13278
-19594
-17767
-10947
-9628
-14684
-17600
-15988
-16232
-20704
-20243
-12034
-5984
-7150
-7839
-30
9654
12048
9151
8501
12664
16866
19285
22185
26668
28897
25042
18294
15509
17366
17932
13593
8859
7631
7279
3834
-1360
-4447
-6713
-11078
-16274
-17406
-13690
-10446
-11489
-14667
-15769
-14770
-14275
-13583
-10376
-5599
-2895
-2334
-463
3380
5789
5161
4046
4921
6784
8182
9346
10504
10242
7440
3646
1186
768
649
-529
-2378
-3732
-4736
-6342
-8256
-9379
-9786
-10447
-10884
-9635
-6971
-5091
-4789
-4852
-4153
-2921
-1328
1065
3851
5791
6447
6599
7039
7401
7272
6939
6745
6724
6467
6023
5339
3991
1988
-87
-1290
-1690
-1726
-1785
-2058
-2535
-3108
-3345
-3067
-2428
-1691
-970
12
1262
2504
3442
4082
4476
4462
4435
4942
5836
6211
5792
5393
4954
4054
2389
-191
-6047
-15391
-21125
-18244
-11201
-10854
-15896
-17763
-15977
-17212
-21577
-19422
-10969
-6038
-6886
-5367
3572
11967
13180
10517
10474
14407
18083
20558
23854
27934
29034
24230
17653
15188
16249
15391
10605
6613
5671
4945
1344
-3573
-6742
-9501
-13940
-18449
-18508
-14017
-10617
-11671
-14374
-14597
-13189
-13061
-12509
-8698
-3245
-361
359
2790
6699
8341
6643
5236
6395
8270
9027
9183
9598
8960
5943
1897
-657
-1114
-1580
-3344
-5112
-5617
-5950
-7622
-9789
-10713
-10689
-10836
-10565
-8541
-5529
-3779
-3592
-3359
-2185
-660
863
2964
5385
7170
7792
7858
7995
7965
7351
6243
5514
5517
5722
5320
4174
2604
677
-1325
-2729
-3099
-2903
-2866
-2969
-2989
-2981
-3057
-2905
-2428
-1673
-759
459
1973
3357
4371
4882
4979
4839
4849
5323
5817
5962
5639
5255
4579
3554
2479
1579
-2526
-12822
-22256
-21832
-12847
-9744
-15322
-18469
-15122
-14164
-20294
-21232
-12041
-4417
-5574
-7022
1509
12787
15845
12265
10420
14044
17687
18925
20873
25384
28550
24500
16420
12328
13606
13776
8412
2973
2134
3053
682
-4351
-7160
-8477
-11961
-17280
-18580
-13244
-7442
-7043
-10006
-10286
-7971
-7657
-8451
-5775
-117
2860
2298
3334
7169
9177
6732
3509
3157
4480
4745
3927
3818
3855
1787
-2542
-5829
-5911
-5130
-6195
-7917
-7459
-5893
-6222
-7838
-8063
-6941
-6533
-6436
-4381
-757
1770
2126
1771
2223
3105
3709
4407
5713
7040
7113
6177
5519
5192
4212
2318
940
711
858
729
306
-250
-1439
-2974
-3849
-3653
-2642
-1678
-881
-251
340
891
1138
1383
1864
2846
4069
5260
6332
6771
6247
5065
4093
3881
3580
2962
2279
1768
958
-328
-1518
-2366
-3299
-4807
-9413
-17480
-23256
-20641
-12797
-10920
-14838
-15662
-11384
-10122
-13562
-11625
-2954
2864
1912
2454
10477
18252
18680
14634
13134
15504
16985
16596
16764
18652
18654
13228
6148
3016
3761
2667
-2298
-5898
-5298
-3503
-4712
-7541
-8371
-8110
-9307
-11296
-9576
-3427
1788
2105
159
689
2863
3091
2295
3891
7049
7775
6006
5449
6575
5936
2162
-1727
-2998
-2657
-3015
-4278
-5345
-6246
-8276
-11029
-12136
-10595
-8625
-8349
-8308
-6472
-3886
-2850
-2922
-2069
-416
653
1461
3368
5880
6868
5813
4290
3751
3775
3566
3247
3254
3120
2103
736
-132
-641
-1597
-2766
-3175
-2647
-1802
-1151
-862
-1019
-1445
-1573
-942
314
1758
2831
3476
3960
4527
5070
5353
5434
5427
5425
5607
5890
5915
5459
4425
3020
1532
410
-300
-898
-1553
-2338
-3057
-3765
-4214
-4568
-5207
-8438
-15911
-22452
-21347
-13113
-8708
-11428
-13010
-9400
-6922
-10196
-10419
-2931
4005
4133
3093
9100
17148
18725
14598
11407
12619
14225
13835
13417
14790
15876
12005
5012
734
988
1168
-2568
-6111
-5588
-2873
-2600
-4979
-6025
-5520
-5887
-7503
-6671
-1303
4252
5568
3692
3354
5313
5542
3522
2783
4988
6675
5305
3710
3965
3742
182
-4542
-6325
-5416
-5029
-6256
-7247
-7287
-7981
-9924
-11177
-10233
-8225
-7131
-6525
-4736
-2005
-390
-554
-722
258
1401
1934
2820
4573
5771
5022
3343
2320
1939
1370
673
549
718
441
-240
-827
-1297
-1997
-2695
-2791
-2181
-1237
-271
536
913
792
637
996
1774
2521
3307
4256
4951
5071
4865
4803
4650
4234
4019
4108
4258
4004
3466
2805
1789
500
-681
-1322
-1535
-1746
-2161
-2730
-3362
-3921
-4239
-4203
-3870
-3407
-2932
-2666
-4274
-8498
-12808
-13224
-9697
-7221
-7254
-7053
-4977
-3867
-5308
-5443
-2447
1033
2067
2600
5939
10385
12517
11355
9560
9263
9434
9228
9033
9978
10896
9348
5868
2800
1701
842
-1226
-3084
-3262
-2068
-1623
-2224
-2653
-2692
-3084
-4138
-4074
-1824
1136
2695
2608
2530
2765
2230
954
502
1613
2735
2565
1963
1953
1699
-46
-2521
-3965
-4298
-4647
-5182
-5163
-4686
-4794
-5729
-6570
-6570
-5966
-5269
-4396
-2996
-1313
-238
-139
-322
-14
563
887
1328
2291
3181
3125
2447
1945
1575
917
201
80
388
608
482
236
-111
-658
-1186
-1414
-1049
-369
353
824
1067
1232
1320
1370
1491
1927
2662
3445
4029
4450
4689
4642
4277
3907
3810
3843
3806
3394
2651
1790
1129
540
-406
-1267
-1795
-2223
-2755
-3195
-3109
-3806
-5847
-10081
-15725
-18987
-16986
-11347
-9031
-10440
-10635
-8150
-6864
-8435
-7051
-1525
3143
4206
5329
10420
15378
15817
12829
10698
11494
12421
12314
12083
12691
12563
8856
3670
456
8
-796
-3436
-4874
-3931
-2400
-2735
-4165
-4579
-4416
-4503
-4646
-2959
890
4310
5407
4802
4796
5502
5301
4419
4306
5079
4948
3649
2880
2651
1126
-2156
-5039
-6140
-6401
-6773
-6928
-6876
-7377
-8714
-10010
-10165
-9195
-7692
-6420
-5114
-3333
-1404
-153
86
228
744
1347
1931
2914
4248
4778
3924
2495
1447
839
222
-291
-311
-116
-194
-639
-1028
-1329
-1877
-2314
-2034
-1001
153
1049
1688
1930
1846
1795
2092
2640
3227
3855
4427
4729
4736
4614
4302
3577
2757
2487
2648
2681
2435
2120
1515
428
-559
-1130
-1480
-1883
-2066
-2106
-2366
-2669
-2750
-2767
-3052
-3259
-2962
-2306
-1686
-1159
-665
-501
-1551
-4277
-7468
-8916
-7758
-5888
-5030
-4714
-3980
-3514
-4222
-4742
-3621
-1483
149
1369
3493
6316
8396
8707
7889
7267
7199
7342
7460
8029
8850
8514
6508
3963
2293
1197
-127
-1255
-1487
-981
-780
-1169
-1627
-2019
-2572
-3302
-3388
-2358
-739
571
1031
1134
1237
1081
502
95
562
1281
1580
1603
1646
1368
122
-1662
-3030
-3443
-3309
-3244
-3145
-2863
-2802
-3442
-4346
-4687
-4430
-4021
-3457
-2429
-1170
-392
-340
-531
-583
-545
-382
179
1090
1860
2200
2069
1583
1049
703
552
555
848
1272
1427
1215
766
230
-232
-345
-95
251
655
1099
1289
1094
858
932
1059
1111
1453
2193
2958
3304
3315
3170
2823
2296
1808
1660
1634
1383
991
639
81
-706
-1368
-1798
-2267
-2659
-2553
-2406
-3054
-5463
-10035
-14416
-15181
-11684
-8436
-8372
-8837
-7359
-5740
-6504
-6748
-3336
1165
3151
3542
6367
11050
13574
12562
10426
10031
10573
10440
10001
10422
11287
9813
5767
2004
696
347
-1448
-3323
-3422
-2302
-1830
-2496
-2915
-2797
-2777
-3303
-3115
-859
2283
4419
4863
4724
4899
4720
4003
3485
3814
3911
2923
1875
1474
944
-891
-3457
-5329
-6288
-6896
-7267
-7156
-6955
-7357
-8361
-9144
-8972
-7834
-6424
-5183
-3870
-2400
-1119
-446
22
714
1317
1616
1991
2809
3544
3549
2992
2310
1578
760
201
176
349
247
-61
-456
-776
-996
-1083
-1012
-795
-133
664
1274
1595
1866
2066
1924
1923
2367
3044
3604
3933
4013
3804
3525
3119
2656
2364
2186
1958
1669
1297
698
121
-259
-674
-1299
-1858
-2047
-2069
-2123
-2129
-2003
-2108
-2425
-2383
-1909
-1547
-1320
-801
-234
-30
-99
-38
-441
-2295
-5202
-7253
-6750
-4983
-3958
-4127
-4243
-3843
-4053
-4566
-4095
-1906
471
1585
2475
4298
6585
7446
6759
6138
6294
6794
6887
7023
7565
7597
6322
3982
2107
1159
519
-234
-918
-995
-920
-1158
-1679
-2110
-2318
-2667
-2969
-2763
-1785
-403
575
835
632
408
342
211
282
672
1080
1048
599
207
-250
-891
-1742
-2534
-2787
-2547
-2258
-2311
-2415
-2455
-2869
-3404
-3411
-2799
-2111
-1552
-969
-598
-461
-397
-249
-91
82
450
930
1368
1595
1695
1622
1299
906
799
1029
1242
1308
1230
990
571
131
-164
-327
-322
-214
-57
104
313
512
482
351
396
826
1310
1661
1962
2226
2276
1950
1616
1465
1368
1105
806
612
391
-1
-392
-743
-1050
-1304
-1483
-1545
-1967
-3298
-6843
-11380
-13545
-11361
-7807
-7130
-7928
-7257
-5433
-5559
-6526
-4599
-434
2470
2976
4383
8033
11257
11670
9954
8949
9343
9678
9271
9047
9848
9692
6954
3221
1008
601
-204
-1590
-2137
-1596
-1091
-1430
-1713
-1649
-1630
-1898
-2077
-1081
1079
3325
4500
4621
4424
3901
3153
2692
2806
2890
2239
1300
659
-56
-1364
-3048
-4589
-5838
-6826
-7290
-7254
-6998
-7108
-7705
-8214
-8233
-7516
-6285
-4938
-3729
-2491
-1295
-615
-135
629
1294
1413
1473
2013
2698
2891
2585
2080
1542
806
154
84
371
415
118
-114
-179
-277
-490
-543
-223
227
502
952
1662
2125
2076
1897
2014
2187
2365
2694
3181
3493
3379
3124
2918
2705
2364
1921
1592
1356
1181
1080
853
429
-250
-943
-1396
-1462
-1222
-1207
-1278
-1272
-1356
-1625
-1775
-1502
-1228
-1152
-1034
-702
-448
-519
-615
-443
-383
-675
-1380
-2887
-5060
-6566
-6075
-4694
-4277
-4681
-4446
-3622
-3446
-3631
-2828
-869
817
1667
2635
4419
6191
6798
6481
6190
6299
6432
6293
6259
6474
6156
4834
3077
1778
1008
268
-542
-1136
-1285
-1302
-1587
-1835
-1941
-2104
-2332
-2500
-2233
-1503
-495
218
393
452
476
376
148
152
475
678
601
376
163
-197
-833
-1458
-1882
-1995
-2023
-2087
-2042
-1990
-2041
-2244
-2369
-2313
-2092
-1648
-1153
-662
-166
158
264
300
466
652
790
1006
1264
1502
1522
1324
1062
766
533
314
148
98
123
159
34
-146
-319
-486
-549
-483
-235
105
475
838
1043
1077
1077
1201
1433
1623
1733
1666
1418
1223
1209
1149
859
573
405
161
-226
-536
-691
-870
-1171
-1754
-2764
-4315
-6711
-9423
-10996
-10154
-8061
-7038
-7089
-6726
-5501
-4872
-4801
-3469
-698
1987
3397
4779
7004
9056
9829
9195
8491
8297
8352
8267
7979
8017
7651
6123
3767
1822
988
368
-364
-875
-837
-523
-469
-424
-357
-324
-427
-455
149
1372
2843
3889
4232
4069
3587
3056
2604
2313
2045
1588
968
144
-944
-2312
-3792
-5142
-6268
-7056
-7538
-7739
-7687
-7557
-7503
-7440
-6985
-6131
-5180
-4231
-3145
-1980
-1008
-264
360
865
1160
1299
1436
1615
1789
1811
1622
1287
867
422
24
-181
-226
-315
-452
-470
-353
-285
-290
-166
97
346
635
1100
1649
2016
2187
2305
2420
2541
2681
2822
2951
3078
3167
3157
3078
2918
2534
2023
1716
1643
1472
1124
775
350
-257
-782
-1003
-1097
-1137
-985
-851
-1062
-1325
-1214
-1038
-1159
-1273
-1056
-792
-689
-446
-84
63
-53
-223
-409
-675
-1083
-2304
-4674
-6796
-6887
-5431
-4644
-4892
-4663
-3655
-3224
-3611
-3190
-1327
669
1700
2359
3681
5444
6630
6702
6235
5990
5920
5590
5143
5140
5250
4565
3023
1508
560
-159
-823
-1287
-1530
-1694
-1750
-1603
-1479
-1502
-1616
-1680
-1611
-1327
-677
189
962
1321
1271
1084
908
784
626
485
376
284
233
63
-346
-945
-1488
-1923
-2366
-2592
-2360
-1908
-1759
-1943
-2011
-1903
-1814
-1720
-1382
-871
-485
-178
175
482
564
486
447
465
544
717
936
1052
962
728
427
157
-16
-133
-256
-360
-366
-323
-325
-344
-341
-336
-326
-209
87
519
1000
1403
1620
1686
1725
1847
1994
2035
1919
1715
1552
1373
1122
859
612
286
-184
-574
-783
-952
-1164
-1369
-1512
-1719
-2049
-2594
-3386
-4180
-5073
-6481
-8117
-8616
-7372
-5884
-5424
-5243
-4233
-3003
-2554
-2104
-536
1681
3300
4186
5202
6524
7549
7783
7415
7056
6843
6535
6029
5691
5608
5109
3929
2617
1753
1169
528
98
52
154
148
164
400
633
665
592
706
1187
1853
2478
2916
3164
3089
2509
1695
1080
664
-21
-985
-1639
-1901
-2363
-3332
-4344
-5085
-5792
-6470
-6702
-6306
-5653
-5072
-4606
-4223
-3866
-3440
-2955
-2465
-1866
-1102
-408
23
324
576
568
255
-21
-47
10
31
88
152
76
-138
-334
-456
-524
-508
-375
-151
130
442
726
910
1014
1135
1327
1595
1897
2235
2578
2837
2951
2938
2887
2813
2716
2633
2580
2509
2336
2068
1750
1383
982
590
290
98
-36
-170
-369
-596
-804
-917
-885
-773
-695
-705
-704
-611
-508
-467
-467
-401
-260
-118
-30
-13
-18
-68
-236
-522
-862
-1447
-2751
-4658
-6113
-6233
-5462
-4902
-4694
-4235
-3476
-3036
-2964
-2482
-1254
163
1203
2073
3221
4492
5383
5664
5576
5379
5077
4669
4304
4118
3931
3466
2752
1972
1204
436
-207
-645
-1025
-1375
-1460
-1152
-771
-720
-993
-1255
-1209
-832
-269
320
828
1194
1334
1270
1196
1219
1229
1083
869
755
690
502
145
-273
-720
-1258
-1809
-2150
-2229
-2241
-2295
-2290
-2182
-2085
-2036
-1926
-1722
-1518
-1311
-1004
-601
-221
44
194
238
205
154
153
238
361
423
376
258
118
-51
-238
-387
-485
-542
-521
-438
-385
-377
-323
-205
-125
-47
155
453
724
948
1174
1355
1480
1607
1695
1659
1582
1571
1554
1429
1278
1159
985
729
480
259
-6
-263
-425
-545
-690
-801
-844
-978
-1389
-2044
-2734
-3264
-3684
-4324
-5322
-6167
-6172
-5447
-4721
-4215
-3484
-2416
-1525
-1015
-411
643
1874
2857
3571
4253
4973
5533
5729
5612
5379
5098
4710
4286
3974
3740
3410
2964
2514
2077
1632
1258
1022
857
693
620
740
1001
1256
1436
1550
1606
1536
1297
993
822
807
762
572
291
-67
-573
-1167
-1677
-2076
-2454
-2780
-2987
-3117
-3250
-3372
-3477
-3618
-3770
-3849
-3815
-3669
-3411
-3113
-2871
-2662
-2421
-2189
-2036
-1878
-1603
-1294
-1070
-880
-623
-342
-163
-106
-89
-37
67
179
274
381
515
617
647
644
659
676
687
724
818
940
1040
1139
1291
1480
1638
1748
1841
1923
1987
2062
2150
2200
2212
2212
2157
2006
1869
1815
1710
1475
1283
1256
1235
1083
899
769
624
433
259
94
-88
-230
-291
-342
-418
-468
-506
-616
-794
-969
-1113
-1210
-1279
-1452
-1859
-2420
-2906
-3219
-3446
-3643
-3799
-3938
-4093
-4168
-4009
-3589
-3028
-2439
-1830
-1175
-490
191
858
1508
2074
2494
2801
3095
3391
3585
3599
3470
3279
3032
2724
2410
2133
1862
1576
1312
1127
1032
970
882
772
697
672
685
749
859
886
721
510
504
690
816
776
668
576
488
377
233
69
-85
-265
-533
-845
-1074
-1217
-1378
-1571
-1730
-1849
-1979
-2087
-2125
-2125
-2134
-2113
-2003
-1817
-1616
-1446
-1327
-1240
-1133
-995
-860
-739
-593
-416
-243
-100
18
98
86
-13
-118
-165
-178
-191
-195
-167
-112
-47
32
116
190
266
352
448
593
831
1121
1342
1457
1555
1677
1760
1754
1695
1607
1475
1334
1260
1255
1236
1140
972
790
625
464
289
113
-38
-188
-368
-549
-666
-729
-836
-1030
-1231
-1334
-1359
-1410
-1542
-1739
-1979
-2216
-2410
-2561
-2699
-2829
-2909
-2926
-2889
-2763
-2478
-2025
-1488
-955
-432
145
771
1372
1885
2342
2784
3196
3527
3762
3905
3935
3841
3650
3397
3085
2732
2400
2128
1868
1593
1352
1187
1060
914
772
669
573
450
342
322
363
394
380
293
86
-232
-560
-784
-856
-836
-818
-874
-985
-1109
-1245
-1398
-1545
-1672
-1796
-1918
-2002
-2038
-2033
-1985
-1912
-1879
-1913
-1942
-1875
-1731
-1580
-1422
-1235
-1032
-857
-698
-546
-433
-377
-329
-233
-104
-1
74
147
225
285
316
331
342
368
409
446
471
489
501
497
503
578
738
900
987
1032
1095
1153
1130
1030
956
961
974
931
868
860
883
857
756
587
297
-122
-506
-627
-464
-217
-79
-73
-140
-249
-441
-688
-856
-829
-661
-486
-362
-260
-195
-198
-245
-261
-202
-84
50
158
215
240
245
203
83
-97
-297
-458
-525
-504
-492
-573
-713
-794
-779
-714
-622
-479
-279
-51
174
391
617
850
1057
1181
1214
1209
1211
1209
1180
1119
1032
919
787
652
526
414
307
188
54
-63
-126
-108
-3
162
347
510
633
709
735
719
696
711
759
792
771
703
613
492
326
125
-81
-262
-402
-493
-545
-597
-679
-787
-906
-1041
-1195
-1343
-1469
-1560
-1612
-1621
-1587
-1530
-1469
-1403
-1338
-1292
-1254
-1189
-1084
-975
-913
-880
-822
-727
-641
-591
-562
-533
-514
-495
-436
-322
-193
-110
-80
-51
12
104
194
282
379
475
551
620
735
895
1049
1142
1186
1226
1266
1276
1244
1183
1110
1024
940
881
857
857
857
859
845
789
692
592
517
476
463
486
526
543
511
440
376
343
320
290
251
222
203
174
111
15
-105
-246
-395
-522
-605
-658
-722
-827
-979
-1170
-1383
-1584
-1735
-1804
-1792
-1703
-1541
-1329
-1098
-878
-682
-506
-340
-177
-10
160
338
529
718
869
952
975
948
874
763
658
599
602
660
755
871
989
1075
1118
1132
1141
1151
1165
1188
1212
1215
1168
1062
925
776
621
455
298
166
59
-35
-122
-206
-305
-435
-593
-750
-877
-974
-1050
-1125
-1209
-1307
-1416
-1511
-1573
-1596
-1589
-1571
-1546
-1521
-1486
-1443
-1390
-1323
-1238
-1138
-1026
-911
-799
-707
-637
-588
-553
-526
-499
-457
-391
-297
-183
-43
111
254
367
468
586
724
864
978
1044
1070
1071
1084
1136
1232
1337
1407
1423
1394
1341
1280
1214
1157
1118
1110
1122
1126
1096
1003
845
659
497
403
380
399
420
411
355
261
149
40
-52
-129
-192
-238
-271
-297
-321
-342
-361
-392
-436
-485
-534
-589
-653
-713
-760
-789
-808
-816
-822
-832
-857
-904
-955
-994
-1010
-997
-967
-918
-859
-793
-716
-628
-531
-428
-324
-219
-104
13
123
216
288
339
372
392
413
439
465
493
516
532
544
558
579
612
657
714
769
811
836
843
838
828
819
813
805
793
765
714
639
558
477
410
355
307
258
200
137
66
-5
-71
-137
-198
-262
-332
-412
-505
-617
-741
-866
-961
-1014
-1029
-1021
-1015
-1025
-1052
-1082
-1104
-1113
-1117
-1108
-1089
-1067
-1043
-1029
-1023
-1021
-1010
-984
-935
-858
-753
-606
-424
-227
-36
142
294
419
526
627
719
793
833
822
739
586
396
249
235
412
778
1253
1723
2081
2272
2285
2157
1937
1692
1472
1298
1165
1036
886
697
479
267
88
-35
-100
-107
-68
-15
33
50
25
-42
-145
-275
-420
-571
-721
-869
-1017
-1160
-1292
-1403
-1488
-1545
-1579
-1583
-1551
-1482
-1377
-1247
-1101
-952
-809
-677
-556
-449
-354
-264
-184
-114
-63
-36
-36
-55
-85
-118
-151
-192
-231
-259
-248
-179
-53
119
312
508
706
904
1108
1313
1504
1658
1746
1759
1705
1602
1478
1351
1235
1125
1020
918
824
741
651
546
415
263
94
-77
-235
-365
-466
-556
-638
-714
-775
-822
-857
-889
-921
-948
-973
-996
-1011
-1012
-997
-973
-957
-955
-957
-936
-866
-727
-514
-228
123
529
989
1496
2031
2567
3074
3497
3754
3770
3522
3061
2465
1803
1114
421
-251
-888
-1516
-2180
-2928
-3714
-4366
-4662
-4475
-3866
-3062
-2350
-1944
-1923
-2165
-2372
-2296
-1957
-1620
-1531
-1643
-1705
-1527
-1098
-477
291
1127
1849
2288
2400
2271
2013
1693
1357
1048
801
630
530
509
584
749
964
1187
1397
1597
1773
1881
1909
1852
1717
1508
1246
990
796
688
667
730
864
1034
1177
1222
1135
943
713
495
298
128
-12
-138
-289
-490
-717
-940
-1150
-1345
-1511
-1617
-1635
-1562
-1425
-1266
-1126
-1010
-882
-708
-490
-262
-66
94
223
317
355
337
297
278
295
345
411
486
558
607
624
613
591
575
569
560
504
380
208
45
-72
-155
-261
-422
-619
-801
-933
-1015
-1067
-1106
-1133
-1156
-1180
-1208
-1224
-1210
-1166
-1094
-1008
-917
-808
-680
-570
-497
-437
-363
-280
-222
-236
-333
-464
-566
-618
-633
-604
-517
-371
-184
25
244
444
589
670
722
792
909
1052
1173
1235
1252
1248
1233
1204
1164
1138
1151
1193
1212
1200
1186
1161
1092
994
908
821
725
634
557
510
514
526
507
465
377
213
14
-160
-298
-406
-425
-357
-269
-253
-365
-537
-735
-1031
-1443
-1905
-2485
-3041
-2911
-2054
-1239
-506
704
1984
2534
2438
2040
1463
1017
673
5
-698
-784
-356
99
410
604
741
879
965
959
909
820
687
483
210
-81
-376
-705
-1026
-1279
-1483
-1624
-1664
-1669
-1701
-1713
-1671
-1611
-1561
-1480
-1363
-1262
-1167
-1050
-943
-882
-849
-831
-820
-771
-673
-538
-358
-182
-86
-55
6
136
313
498
662
819
939
989
1020
1073
1122
1185
1292
1364
1344
1274
1227
1213
1234
1277
1308
1289
1205
1084
975
908
859
820
820
832
785
684
584
434
155
-192
-491
-734
-908
-955
-904
-817
-690
-513
-314
-135
5
121
260
390
446
448
424
330
164
-6
-161
-336
-505
-638
-769
-898
-968
-995
-1037
-1087
-1133
-1179
-1195
-1153
-1067
-944
-811
-717
-642
-545
-438
-354
-304
-279
-252
-213
-174
-124
-56
-4
14
6
-27
-59
-54
-29
-16
1
39
70
86
94
85
67
66
81
102
152
225
290
348
411
462
517
598
671
707
731
764
802
840
848
805
751
726
717
695
637
560
495
435
359
285
241
192
132
92
81
78
60
26
-28
-89
-147
-203
-234
-240
-247
-264
-296
-342
-379
-394
-402
-421
-452
-485
-507
-524
-548
-551
-522
-503
-503
-496
-480
-465
-445
-439
-441
-432
-408
-387
-369
-339
-286
-215
-144
-110
-92
-55
-11
13
29
51
69
89
120
150
169
202
239
271
302
340
372
399
417
417
403
398
409
418
406
393
383
350
302
236
168
107
51
6
-16
-14
-21
-51
-73
-66
-55
-54
-51
-27
22
73
83
68
58
53
23
-19
-49
-62
-72
-84
-100
-107
-101
-94
-108
-135
-160
-199
-239
-255
-237
-207
-191
-172
-138
-88
-41
-19
-11
2
33
66
81
82
76
68
49
22
-7
-33
-55
-63
-62
-70
-81
-84
-65
-30
-4
5
16
38
52
46
33
18
9
4
5
10
23
40
59
74
94
113
112
96
84
70
51
28
11
5
10
17
13
2
-15
-32
-43
-44
-29
-11
4
16
22
23
15
1
-1
8
19
25
28
39
54
73
90
99
102
88
67
51
49
55
54
48
41
40
50
57
58
59
50
34
14
-10
-42
-69
-83
-87
-84
-93
-108
-112
-108
-104
-102
-104
-95
-76
-54
-38
-28
-17
-8
-4
-3
-6
-4
7
21
32
35
33
29
22
8
-6
-19
-30
-38
-44
-46
-44
-35
-29
-21
-3
10
23
34
37
37
39
36
35
33
31
35
43
53
63
74
78
77
70
58
49
42
32
25
15
10
10
13
12
13
14
17
20
22
23
27
36
39
36
26
14
4
-3
-11
-19
-24
-29
-29
-28
-25
-22
-20
-23
-26
-32
-36
-37
-36
-32
-24
-14
-3
8
16
21
26
30
31
30
22
19
17
17
16
10
8
6
3
0
-3
-3
0
1
2
2
6
7
9
9
9
9
8
7
3
3
1
3
4
2
2
3
4
7
9
10
11
15
15
13
11
8
8
7
9
7
8
8
9
8
5
3
1
-2
-1
3
5
7
7
4
3
0
-6
-10
-13
-16
-13
-11
-8
-5
0
4
6
7
5
4
1
1
0
1
0
2
0
2
2
0
1
2
0
3
6
6
6
7
6
6
7
7
11
12
14
16
16
14
17
15
16
16
15
16
13
9
7
6
5
6
7
3
1
1
1
0
0
