-6
-8
-9
-9
-7
-7
-8
-6
-6
-6
-7
-8
-6
-6
-3
-2
-1
-1
-1
0
0
1
1
3
3
1
-2
-4
-5
-8
-9
-7
-6
-6
-4
0
0
-1
-1
-4
-7
-7
-6
-4
-2
0
2
0
1
2
4
1
1
1
2
2
0
1
1
0
-3
-3
1
2
1
3
7
6
5
8
10
9
9
11
8
4
7
10
8
7
7
5
3
4
6
2
-1
1
2
2
3
4
4
4
3
3
5
4
4
4
4
5
10
12
12
9
8
6
1
-5
-3
3
1
-7
-8
-4
-5
-11
-11
-9
-9
-13
-15
-14
-13
-12
-12
-13
-11
-4
-5
-8
-8
-5
-5
-10
-13
-9
1
0
-5
-10
-9
-9
-13
-16
-12
-5
-5
-5
-3
6
17
17
6
-8
-2
4
5
5
15
20
14
5
9
28
33
21
5
5
13
11
0
-3
-5
-18
-13
22
71
108
134
119
69
25
-7
-38
-54
-38
-21
-23
-6
57
102
80
62
70
29
-75
-120
-83
-83
-126
-81
40
72
34
57
99
14
-100
-76
4
1
0
98
180
130
70
81
34
-134
-286
-348
-407
-436
-344
-146
20
120
218
279
228
113
54
36
-16
-59
-15
78
145
186
204
155
40
-76
-159
-175
-114
-27
-9
-61
-115
-174
-241
-241
-151
-66
-40
-18
37
77
94
132
149
101
52
64
89
71
49
42
3
-57
-48
33
87
82
68
71
82
105
127
111
69
29
-25
-88
-74
21
64
-20
-101
-81
-55
-76
-34
91
146
76
26
78
145
169
194
214
161
56
-33
-102
-187
-259
-290
-316
-332
-266
-149
-90
-100
-65
19
11
-103
-143
-62
-40
-163
-228
-95
57
82
125
275
350
227
111
162
212
129
14
-60
-164
-237
-145
18
71
21
-52
-198
-400
-452
-303
-208
-284
-338
-195
0
104
222
442
576
429
182
164
366
462
343
261
348
361
171
37
140
241
32
-314
-417
-277
-213
-309
-298
-78
97
17
-118
-24
197
206
-8
-93
104
286
190
26
107
263
86
-316
-424
-146
30
-144
-232
100
432
293
9
130
440
312
-182
-365
-108
-15
-350
-592
-381
-142
-306
-575
-485
-207
-184
-321
-154
336
696
701
581
548
469
171
-177
-299
-223
-199
-298
-310
-108
146
231
166
135
203
218
26
-259
-375
-284
-262
-426
-481
-226
-21
-246
-603
-559
-263
-237
-378
-163
329
525
350
294
483
533
312
139
160
179
96
76
219
389
450
411
345
321
387
500
514
331
55
-160
-309
-444
-492
-386
-318
-511
-812
-860
-621
-395
-288
-129
97
198
166
233
465
645
610
444
309
260
267
263
198
91
-8
-108
-214
-222
-93
-44
-282
-631
-743
-587
-416
-308
-144
35
47
-78
-97
67
216
204
133
176
347
510
556
499
405
245
-4
-222
-248
-137
-147
-320
-419
-321
-217
-273
-335
-264
-200
-298
-419
-313
-35
151
165
166
240
263
148
35
140
395
535
511
543
738
897
823
629
496
360
120
-88
-82
51
27
-218
-492
-641
-638
-571
-503
-394
-251
-164
-186
-181
0
210
209
54
10
120
175
110
70
110
107
4
-69
-54
-79
-221
-402
-555
-684
-689
-466
-165
3
94
210
168
-166
-470
-355
10
230
301
435
537
419
180
76
71
-6
-60
99
434
744
913
950
854
661
555
591
638
551
313
37
-203
-389
-514
-618
-792
-1116
-1517
-1871
-2076
-2127
-2212
-2415
-2700
-2982
-3109
-3109
-2981
-2728
-2452
-2231
-2003
-1613
-1016
-331
303
863
1386
1891
2363
2810
3224
3553
3724
3746
3723
3733
3750
3676
3476
3209
2929
2629
2330
2112
1980
1810
1523
1244
1112
1086
1031
957
950
967
899
770
692
636
461
166
-77
-172
-228
-391
-614
-771
-872
-1039
-1281
-1475
-1589
-1731
-1932
-2098
-2194
-2298
-2426
-2483
-2402
-2264
-2212
-2296
-2365
-2200
-1840
-1574
-1510
-1476
-1418
-1484
-1545
-1235
-716
-602
-938
-1116
-946
-860
-982
-967
-874
-1123
-1618
-1898
-1917
-2081
-2899
-4685
-6829
-7736
-6743
-5339
-4967
-4798
-3654
-2574
-2774
-2780
-760
1874
2696
2597
4188
7107
8761
8843
9320
10482
10635
9633
9359
10420
11105
10219
8648
7576
6837
5747
4384
3289
2537
1692
522
-581
-1104
-1292
-1949
-3242
-4308
-4429
-4007
-3801
-3806
-3615
-3318
-3225
-3078
-2404
-1438
-906
-931
-853
-303
284
452
385
376
256
-150
-485
-430
-353
-778
-1530
-2042
-2242
-2472
-2787
-2971
-3079
-3348
-3665
-3679
-3386
-3154
-3130
-3091
-2860
-2538
-2223
-1870
-1473
-1172
-1020
-847
-509
-117
148
292
440
605
740
886
1059
1154
1115
1068
1110
1142
1079
999
938
822
691
693
809
847
766
703
720
807
1007
1273
1386
1287
1236
1352
1409
1320
1331
1502
1533
1361
1317
1493
1550
1320
1089
1058
1005
732
410
194
-150
-816
-1441
-1577
-1420
-1500
-1787
-1825
-1629
-1690
-2020
-2039
-1624
-1345
-1428
-1350
-805
-256
-90
18
400
770
807
766
1011
1374
1495
1440
1501
1669
1732
1702
1761
1892
1910
1803
1737
1763
1768
1699
1572
1435
1331
1224
1053
830
625
412
118
-191
-374
-473
-665
-942
-1132
-1204
-1305
-1440
-1459
-1370
-1370
-1489
-1545
-1490
-1470
-1529
-1527
-1421
-1355
-1382
-1370
-1274
-1237
-1303
-1334
-1243
-1136
-1069
-948
-753
-623
-601
-545
-393
-269
-246
-227
-142
-94
-155
-227
-229
-212
-236
-258
-212
-124
-58
-10
68
185
292
372
462
581
690
747
763
784
812
817
791
770
768
767
758
774
829
895
921
916
922
946
934
877
831
827
822
781
740
718
674
577
497
481
463
400
344
330
297
219
136
55
-90
-289
-444
-538
-655
-830
-998
-1150
-1341
-1546
-1683
-1754
-1829
-1896
-1891
-1821
-1745
-1663
-1525
-1343
-1177
-1025
-821
-562
-330
-158
5
194
368
506
660
866
1088
1272
1429
1609
1800
1951
2072
2185
2265
2289
2287
2276
2238
2147
2015
1873
1711
1518
1307
1113
922
714
506
334
204
89
-15
-111
-211
-316
-401
-460
-536
-647
-769
-892
-1028
-1165
-1270
-1341
-1425
-1532
-1621
-1678
-1728
-1771
-1777
-1751
-1727
-1690
-1625
-1559
-1530
-1519
-1493
-1460
-1440
-1404
-1329
-1241
-1172
-1111
-1031
-939
-863
-800
-722
-623
-510
-397
-280
-164
-65
10
96
212
355
494
612
715
807
903
1016
1142
1253
1331
1385
1425
1466
1520
1583
1638
1664
1679
1702
1733
1755
1763
1761
1756
1742
1722
1702
1666
1592
1477
1337
1196
1063
934
796
641
482
323
146
-55
-247
-407
-561
-745
-944
-1121
-1280
-1457
-1645
-1792
-1877
-1941
-2007
-2039
-2021
-1993
-1990
-1967
-1874
-1734
-1602
-1485
-1351
-1207
-1084
-979
-856
-709
-570
-454
-327
-151
52
233
389
550
717
859
968
1074
1199
1303
1344
1344
1355
1370
1343
1283
1239
1212
1153
1064
1005
993
981
939
906
891
860
798
727
672
603
498
373
249
118
-30
-172
-298
-432
-578
-710
-812
-906
-999
-1061
-1091
-1109
-1121
-1101
-1047
-993
-960
-920
-854
-799
-776
-753
-715
-677
-659
-652
-628
-604
-600
-603
-581
-533
-488
-456
-409
-338
-271
-222
-165
-93
-26
19
69
136
197
236
274
325
381
436
509
598
676
745
816
894
970
1034
1087
1125
1137
1135
1135
1141
1132
1098
1048
1003
951
897
844
781
697
593
488
395
304
201
75
-69
-217
-349
-455
-558
-673
-799
-921
-1023
-1105
-1163
-1210
-1262
-1330
-1389
-1411
-1395
-1368
-1344
-1322
-1284
-1221
-1131
-1015
-880
-748
-621
-485
-327
-148
36
209
366
513
656
791
912
1011
1086
1137
1169
1185
1187
1175
1143
1096
1048
1007
961
909
863
820
778
743
717
687
656
627
594
554
508
466
422
361
281
194
117
35
-72
-182
-276
-376
-490
-596
-672
-737
-818
-886
-922
-950
-985
-1005
-1000
-994
-999
-1003
-986
-958
-938
-921
-894
-859
-835
-806
-764
-723
-692
-660
-612
-560
-520
-478
-412
-354
-316
-253
-154
-65
-3
76
197
302
369
469
593
679
741
817
902
975
1003
1015
1053
1078
1054
1027
1034
1012
943
900
873
815
747
690
644
594
520
449
410
369
300
227
185
152
97
35
-6
-34
-90
-164
-206
-230
-292
-368
-412
-461
-530
-591
-632
-676
-739
-800
-841
-868
-908
-945
-955
-956
-970
-974
-946
-899
-859
-827
-781
-698
-606
-531
-447
-334
-229
-140
-43
62
169
290
393
450
538
689
790
813
851
935
995
1007
992
1007
1032
1001
940
900
851
841
811
668
582
623
589
446
373
373
316
219
169
130
94
67
-3
-87
-108
-111
-171
-260
-302
-316
-355
-420
-470
-503
-527
-578
-640
-663
-653
-677
-728
-748
-741
-740
-746
-754
-753
-723
-700
-703
-682
-622
-584
-573
-536
-484
-438
-379
-325
-309
-269
-180
-137
-117
-45
39
69
83
137
230
294
307
345
434
482
487
556
648
653
647
713
768
746
750
809
798
699
692
753
691
596
591
568
471
413
404
368
294
221
183
156
98
41
14
-30
-98
-142
-172
-197
-231
-285
-329
-360
-396
-418
-440
-477
-507
-533
-575
-599
-586
-587
-616
-616
-593
-599
-599
-550
-476
-456
-463
-390
-311
-302
-207
-98
-124
-45
86
-13
49
324
255
146
336
358
290
389
371
413
539
370
261
466
524
434
363
332
489
445
124
419
794
194
-45
627
481
-56
359
474
34
214
197
-119
408
383
-475
-26
512
-276
-309
247
-130
-239
-136
-447
39
186
-886
-529
529
-505
-1145
101
113
-950
-682
-121
-353
-628
-643
-387
-322
-663
-544
-245
-442
-507
-342
-263
-277
-334
-104
24
-339
-169
383
119
-167
124
336
426
145
-47
695
726
-181
272
963
326
163
563
452
423
427
380
454
216
328
754
144
-251
687
670
-387
-30
635
-21
-196
302
-119
-260
208
-163
-330
1
-256
-288
-145
-416
-230
-207
-620
-233
-86
-669
-479
-198
-328
-292
-523
-526
-69
-325
-470
-30
-318
-544
80
-7
-407
-80
11
25
285
-253
-344
836
535
-603
307
841
-45
451
673
-117
589
1122
-48
-37
1055
893
165
50
561
1135
226
-489
783
1137
-258
-116
604
123
164
164
-160
299
96
-449
183
-107
-691
617
304
-1519
-253
931
-781
-865
406
-107
-950
-897
718
296
-1867
-397
1041
-889
-1520
397
679
-1233
-984
685
-365
-1362
436
459
-1080
-489
395
-342
-595
342
766
-997
-1465
1170
1338
-866
-686
22
458
586
-158
-542
393
1155
221
-1050
-184
1730
826
-1343
340
1646
-794
-317
2119
246
-1329
650
1098
-150
-130
1016
576
-705
-60
1085
-490
230
947
-1267
48
1759
-1035
-943
1670
20
-1691
-298
1285
57
-1199
-69
391
-270
-241
-1438
-27
1109
-1038
-1086
-94
-72
0
-913
-771
262
-627
-861
196
-194
-688
503
-470
-1289
473
811
-937
-566
1230
396
-1105
79
1305
68
-505
560
710
458
905
-286
-123
1899
493
-1385
788
2309
550
-1278
111
2574
445
-1826
429
2266
386
-1387
-55
1708
1248
-1410
-1701
1547
1530
-1326
-1115
1284
919
-1302
-712
-109
485
522
-1724
-915
1435
799
-1743
-1914
822
910
-1381
-1306
146
840
-418
-1546
-169
668
-1032
-1129
475
290
318
-966
-1401
941
1132
-2302
-1316
2644
304
-2237
-82
1389
351
-1546
-1458
1900
1420
-1858
-869
1773
818
-1244
-1012
572
2031
-19
-1731
884
2106
15
-1063
765
1334
-343
150
1066
969
414
-563
-121
1254
349
-687
1088
839
-1483
-321
1587
101
-1208
-366
24
-233
331
-4
-1083
-567
-96
-361
-756
-465
321
-352
-1425
-1055
335
570
-1369
-1643
219
-195
-1456
102
730
-1314
-1078
216
-647
-886
286
751
216
-1031
-935
909
661
-503
574
766
-603
204
1665
1095
75
67
929
1137
606
1228
1726
750
1276
1814
-387
370
3292
1408
-1182
919
3308
960
-1561
575
1374
-936
184
1790
-849
-1575
1031
175
-2537
-1113
1573
-387
-3029
-476
1619
-972
-1965
184
-127
-2190
-822
1216
-52
-792
-350
-1269
-1424
-229
-41
-683
-453
-258
-922
-868
-993
-433
683
-1405
-1881
807
605
-834
-626
513
-443
-2421
50
1832
-413
-19
1090
-867
-1352
708
1521
-87
-336
1914
983
-701
1206
1837
584
-161
621
2340
1556
155
1288
1750
-298
-913
880
2035
1029
-674
-17
702
-480
-491
-289
-790
-538
-627
-1379
-1578
-1465
-1912
-2455
-2944
-2961
-1788
-1453
-2440
-2435
-1916
-2085
-1811
-1327
-1189
-98
486
-210
403
1264
1081
1409
1798
1918
2566
3314
3582
3354
3337
3666
3569
3325
3363
3561
3847
3562
2716
2421
2356
1493
575
190
-333
-745
-767
-1091
-1661
-2104
-2674
-3070
-3051
-3037
-2776
-2466
-2526
-2546
-2436
-2055
-1876
-2211
-1580
-582
-973
-948
571
897
-134
333
1353
730
288
1484
2231
989
-75
606
985
324
-92
-48
156
-228
-1133
-755
632
170
-1855
-1911
-626
-803
-1281
-1044
-738
-680
-1613
-2228
-777
693
-37
-1527
-917
1183
1286
-72
300
1430
985
68
804
2429
2687
1849
1477
1550
1738
2001
1916
1731
2084
2277
1546
993
1612
1872
544
-347
408
635
-558
-1026
-496
-1572
-4099
-5149
-4552
-4052
-4052
-4387
-4832
-5042
-5215
-5498
-5406
-4573
-3496
-3146
-3078
-1905
-253
432
269
251
1157
2586
3677
4644
5906
6889
6784
6170
6296
7117
7710
7593
7240
7274
7305
6839
5990
4988
4110
3315
2294
1323
944
747
-306
-2159
-3560
-4090
-4726
-5788
-6458
-6750
-7394
-7959
-7583
-6911
-7016
-7386
-7042
-6228
-5598
-4893
-3639
-2547
-2335
-2032
-818
363
908
1535
2501
3129
3303
3729
4550
5004
4675
4345
4611
4646
4187
4161
4182
3336
2275
1761
1468
955
288
-306
-800
-1377
-2171
-2817
-2850
-2786
-3342
-3929
-3651
-2953
-2594
-2453
-2153
-1560
-1112
-1131
-552
992
1864
1801
2158
2755
2878
3038
3587
4007
3968
3791
3726
3555
3213
2779
2214
1655
1133
618
417
329
-190
-789
-1067
-1447
-2317
-3485
-4752
-6578
-8855
-9491
-7394
-5470
-6737
-9136
-8982
-7728
-8739
-9962
-7674
-4027
-3504
-4860
-3284
866
2629
1330
1408
4303
6725
7377
8731
11614
13372
12305
10469
10555
12067
12765
12239
11721
11521
10780
9189
7407
6028
4874
3293
1181
-422
-798
-1010
-2558
-5181
-7268
-8228
-8981
-9825
-9801
-8870
-8530
-9541
-10647
-10537
-9717
-9188
-8689
-7408
-5482
-3939
-3166
-2457
-1398
-438
118
873
2485
4343
5243
5203
5091
5082
4756
4242
4237
4700
4746
4153
3458
2813
1983
1039
294
-179
-454
-525
-569
-882
-1483
-2153
-2722
-3028
-2834
-2167
-1496
-1233
-1258
-1262
-1187
-1063
-774
-231
447
1076
1618
2079
2429
2587
2469
2304
2519
3089
3547
3642
3480
3142
2525
1780
1416
1423
1197
712
516
552
199
-542
-954
-859
-1007
-1580
-1708
-1492
-2165
-3838
-6205
-9594
-12383
-11352
-7214
-5309
-7999
-10578
-9254
-7941
-10208
-11267
-6656
-1680
-2479
-4616
-825
5633
6409
2688
2736
7453
10280
9950
11712
16313
17978
14469
10938
11611
13991
14071
12311
11414
11543
10656
8033
5271
3800
2729
313
-2847
-4098
-2915
-2388
-4876
-8465
-10153
-10426
-11381
-12244
-10875
-8349
-7768
-9231
-9836
-8431
-6983
-6827
-6626
-5204
-3511
-2288
-821
863
1506
1036
844
1505
2524
3835
5277
5544
4150
2844
2802
2769
1948
1561
1977
1680
267
-606
-305
-483
-2036
-3300
-2892
-2001
-1989
-2118
-1508
-1142
-1957
-2748
-1979
-286
678
811
1157
1796
1935
1611
1689
2346
2823
2825
2986
3616
4089
3851
3167
2616
2429
2500
2682
2945
3154
2945
2233
1500
1166
1011
672
207
-67
-14
143
29
-362
-625
-669
-776
-822
-623
-796
-1959
-4109
-7657
-12463
-15003
-11553
-5715
-5599
-11157
-13435
-10046
-9402
-13962
-13994
-5867
-727
-4896
-7453
323
8581
6264
521
3280
10692
12355
10626
14356
21122
21186
14685
11159
13976
16813
15354
12854
12702
12905
10493
6474
3813
2865
1174
-2535
-5982
-6259
-4409
-4466
-7686
-10994
-12122
-12596
-13713
-13496
-10536
-7464
-7231
-8583
-8426
-6590
-5164
-4694
-3765
-1686
482
1593
2007
2988
4408
4298
2113
651
2278
5002
5486
4062
3047
2273
277
-1831
-1775
-209
93
-1502
-2937
-2949
-2651
-3289
-4280
-4416
-3787
-3260
-2787
-1665
-208
285
-544
-1344
-709
1132
2846
3739
4192
4435
4068
3220
2985
3794
4523
4218
3597
3687
4049
3638
2584
1807
1527
1279
1066
1445
2304
2553
1556
151
-514
-509
-431
-101
688
1176
800
295
373
617
518
167
-478
-1713
-3932
-7916
-13032
-15092
-11004
-5697
-6987
-13022
-14422
-10498
-10444
-15282
-14457
-5760
-1364
-6142
-7847
944
8901
5996
832
4514
11835
12982
11407
15426
21766
21325
15073
11910
14422
16822
15367
12724
11899
11668
9441
5469
2347
1114
-331
-3853
-7496
-7922
-5919
-5752
-8758
-11734
-12483
-12649
-13450
-12935
-9827
-6525
-5727
-6475
-6017
-3979
-2383
-2189
-1961
-308
2056
3639
4342
5063
5719
5148
3235
1814
2460
4148
4484
2982
1419
700
-390
-2441
-3830
-3482
-2968
-3867
-5061
-4768
-3721
-3935
-5260
-5622
-4343
-2892
-2159
-1218
466
1603
1186
468
1208
2988
4069
4139
4389
5128
5224
4212
3276
3306
3492
2913
2218
2406
2925
2507
1230
289
97
-6
-266
-11
1007
1800
1443
461
18
209
344
408
944
1778
2300
2533
2667
2454
1843
1191
516
-465
-2137
-5793
-11834
-15939
-12838
-6176
-5987
-12893
-15993
-11799
-10690
-16466
-17152
-7174
-71
-5051
-9522
-1394
9059
7899
1813
4607
12844
14587
11751
14749
22313
23739
17361
12349
13574
16193
15364
12682
11390
10970
8756
4351
443
-927
-1543
-4455
-8818
-10568
-8846
-7621
-9474
-12068
-12793
-12758
-13466
-13272
-10278
-6100
-3819
-3838
-4033
-3008
-1399
-412
-75
864
3305
6145
7300
6674
6122
6061
4699
1970
887
2737
4317
2843
228
-787
-1433
-3919
-6609
-6597
-4849
-4514
-5621
-5626
-4273
-3916
-5205
-5883
-4451
-2278
-1004
-83
1583
3210
3246
2112
1872
3255
4791
5290
5417
5968
6150
4954
3179
2397
2516
2211
1411
1348
2084
2067
693
-686
-1031
-977
-1075
-623
657
1600
1381
767
589
572
490
880
1845
2615
2877
3151
3425
2834
1376
138
-1538
-6508
-14155
-17485
-11993
-4715
-5749
-12637
-14490
-11036
-12517
-18815
-17156
-5718
407
-5062
-7984
1201
10439
7778
1894
5434
13275
14214
11766
16079
24230
24812
17081
11324
12364
14587
13195
10762
10642
10788
7599
2053
-1684
-2478
-3572
-7208
-10973
-11423
-9308
-8245
-9421
-10888
-11543
-12345
-13322
-12492
-8843
-4192
-1197
-660
-1184
-897
436
1274
1019
1672
4700
7757
7869
6325
6129
6261
3719
-111
-969
1075
1848
77
-1476
-1818
-3213
-6310
-8435
-7825
-6163
-5589
-5672
-4889
-3519
-3195
-4110
-4461
-3053
-902
656
1930
3678
5130
4985
3737
3231
4033
4873
4937
5001
5586
5600
4082
2043
1021
791
187
-587
-395
535
713
-246
-1166
-1335
-1308
-1336
-658
944
2256
2318
1879
2121
2794
2907
2582
2782
3474
3687
3293
3112
2986
1731
-652
-3384
-7466
-13591
-17621
-14611
-8206
-7554
-13040
-15362
-11911
-11240
-15790
-15369
-5911
1122
-1592
-3806
3788
12521
11361
6103
7965
14164
15236
12904
15400
21220
21356
14609
8895
8391
9041
7097
4473
3860
3896
1832
-1984
-4801
-5671
-6555
-8855
-10861
-10131
-7205
-4844
-4261
-4367
-4284
-4306
-4235
-2979
-241
2868
4973
5401
4472
3468
3453
3716
2900
1554
1346
1915
1297
-478
-1536
-1966
-3821
-6965
-8619
-7700
-6320
-6210
-6580
-6404
-6273
-6838
-7151
-5903
-3466
-1500
-681
58
1584
3027
3246
2842
3170
4129
4624
4667
5176
5910
5479
3625
1856
1304
1324
944
471
544
618
-214
-1503
-2052
-1800
-1660
-1754
-1248
41
1226
1721
1952
2451
3033
3398
3881
4901
6066
6581
6345
5824
5148
4221
3397
3028
2703
1937
899
-321
-2104
-4632
-8232
-13606
-19182
-20389
-15897
-11614
-12743
-15482
-14028
-11394
-13129
-15048
-9634
-653
2264
569
3852
12106
15745
12659
10986
14130
16239
14556
14216
17856
20179
16657
10361
6372
4876
3170
830
-558
-827
-1623
-3821
-6263
-7486
-7803
-8600
-9887
-9917
-7637
-4213
-1424
175
902
1023
941
1314
2496
4461
6817
8329
7720
5761
4712
4707
3429
502
-1380
-1188
-1430
-3381
-4805
-4652
-5419
-8413
-10983
-10883
-9470
-8563
-7716
-6266
-5037
-4676
-4507
-3774
-2391
-581
1121
2223
3129
4481
5598
5325
4209
3765
3944
3616
3018
3236
3685
2737
628
-785
-1034
-1392
-2175
-2247
-1435
-1045
-1517
-1752
-1238
-822
-881
-608
508
1955
3203
4200
4863
5032
4842
4657
4860
5654
6582
6642
5596
4447
3867
3266
2172
1187
683
-73
-1588
-3169
-4399
-6614
-11294
-16888
-19183
-16459
-12535
-11809
-13029
-12179
-10021
-10427
-11867
-8721
-1567
2634
2275
3785
9871
14528
13638
11640
12933
14639
13348
11932
13867
16358
14698
9640
5443
3427
1703
-526
-2034
-2363
-2733
-4050
-5617
-6299
-6200
-6393
-7193
-7494
-6123
-3337
-395
1803
3086
3559
3460
3353
3824
4948
6182
6771
6406
5500
4509
3129
893
-1594
-3189
-3902
-4720
-5767
-6290
-6477
-7390
-8980
-9950
-9747
-9031
-8125
-6656
-4737
-3124
-2115
-1385
-682
84
1072
2227
3252
4127
5013
5522
5070
4000
3270
2978
2443
1683
1410
1481
896
-457
-1525
-1866
-2183
-2757
-2829
-2055
-1216
-955
-906
-577
-119
231
696
1572
2773
3951
4737
5035
5153
5381
5495
5209
4874
4951
5064
4507
3484
2765
2272
1252
-150
-919
-1074
-1720
-2826
-3527
-5395
-11208
-18345
-19377
-13274
-8784
-11042
-13238
-9464
-6266
-9978
-12932
-6349
2611
2670
-1269
2936
12563
15114
10301
8933
12886
13565
9342
8444
13483
16576
12576
6410
3852
3421
1273
-1805
-2673
-1620
-1681
-3635
-5010
-4330
-3445
-4383
-6100
-6104
-3948
-1115
1367
3341
4451
4360
3624
3110
3155
3837
5002
5751
5158
3689
2449
1212
-931
-3350
-4571
-4814
-5451
-6362
-6327
-5750
-6298
-8000
-9151
-8915
-7918
-6553
-4674
-2630
-1145
-430
-202
-10
676
1873
2815
3145
3639
4630
4977
3973
2747
2326
1963
908
151
629
1242
513
-1030
-1908
-2035
-2337
-2754
-2381
-1262
-479
-489
-567
-89
598
929
1126
1862
3131
4111
4342
4414
4831
5064
4567
3935
3965
4256
3911
3045
2474
2223
1520
261
-664
-890
-1128
-1628
-2221
-4760
-11506
-18831
-18804
-11376
-6874
-10256
-12892
-8568
-5621
-10659
-13683
-5299
4467
2878
-2405
2950
13960
15566
9068
7861
12860
13165
7834
7314
13821
17087
11580
4338
2369
2996
1028
-2292
-2793
-1053
-1137
-3739
-5258
-3876
-2448
-3704
-5874
-5576
-2759
180
2282
4052
5131
4770
3640
3055
3418
4585
6007
6126
4049
1738
1370
1300
-1171
-4504
-5435
-4991
-6296
-8196
-7448
-5475
-6245
-9116
-10049
-8370
-6666
-5607
-3880
-1764
-694
-586
-293
552
1725
2888
3355
3035
3119
4162
4709
3676
2340
1966
1641
507
-134
748
1570
558
-1325
-2082
-1759
-1727
-2064
-1723
-674
-51
-259
-363
340
1223
1382
1154
1647
2974
4046
4263
4246
4435
4257
3423
2813
3054
3407
2994
2085
1324
716
31
-679
-1273
-1709
-2107
-2654
-3155
-3453
-5006
-9575
-14782
-15070
-10075
-6592
-8069
-9038
-5732
-3776
-7212
-9140
-3401
3393
3003
225
3940
10958
12062
8221
7591
10524
10363
6705
6089
10007
12176
8905
4132
2206
1865
134
-2173
-2392
-919
-614
-2127
-3046
-2074
-1048
-1709
-2905
-2648
-979
909
2672
4345
5270
4956
3984
3137
2705
3010
3963
4223
2791
995
389
-375
-3181
-6301
-6839
-5976
-6774
-8247
-7393
-5468
-6043
-8233
-8261
-6320
-5413
-5193
-3173
-254
817
475
831
1594
1593
1646
2584
3380
3440
3625
3853
3019
1601
1027
926
229
-307
287
879
217
-759
-905
-912
-1469
-1722
-978
32
574
897
1261
1429
1335
1292
1555
2212
3176
4045
4358
4148
3781
3392
2888
2381
2156
2185
1996
1325
543
57
-373
-1110
-1862
-2114
-1966
-2099
-3689
-7886
-13327
-15455
-12006
-7558
-7445
-9315
-7783
-4945
-6476
-9528
-6385
1017
3342
344
1364
8358
12453
9726
7136
9155
10699
7984
5790
8502
12062
10644
5570
2201
1745
1094
-1064
-2478
-1710
-728
-1670
-3302
-3089
-1451
-1057
-2393
-3057
-1593
780
2664
4112
5284
5637
4996
3964
3276
3506
4581
5055
3521
1114
288
730
-418
-3763
-6588
-7280
-7329
-7847
-7596
-6061
-5320
-6890
-8961
-8750
-6271
-3898
-2812
-1897
-349
791
763
754
1803
2780
2362
1511
1884
3133
3679
3057
1939
807
-182
-762
-686
-21
733
785
-165
-1222
-1328
-798
-652
-769
-302
567
961
977
1402
2060
2076
1514
1464
2397
3547
4055
3964
3735
3402
2739
2036
1916
2294
2286
1414
249
-472
-786
-1202
-1844
-2334
-2508
-2670
-2957
-3074
-3407
-5369
-9011
-11490
-10469
-7799
-6649
-6485
-4958
-3243
-4101
-5822
-4273
-204
1834
1427
2594
6174
8425
7832
7215
8055
8120
6272
4952
6060
7779
7463
5300
3243
1939
539
-1108
-1915
-1440
-803
-1043
-1555
-1238
-379
-131
-630
-919
-449
526
1780
3245
4483
4939
4540
3548
2294
1417
1488
2029
1912
934
-140
-1129
-2522
-4029
-4744
-4801
-5160
-5754
-5630
-4818
-4363
-4603
-4868
-4748
-4340
-3601
-2414
-1048
53
608
540
156
97
560
1019
1154
1330
1693
1735
1250
750
530
243
-244
-451
-108
359
464
229
-72
-351
-624
-748
-477
156
742
961
997
1171
1398
1385
1260
1455
2041
2618
2925
3095
3195
2965
2328
1720
1565
1713
1716
1436
1058
694
228
-381
-894
-1062
-1121
-1452
-1808
-2084
-3800
-8222
-12609
-12321
-8056
-5775
-7364
-7801
-4854
-3708
-6791
-7774
-2520
2675
1819
-84
3777
9704
10247
7025
6756
9123
8632
5474
5170
8554
10149
7066
2923
1486
1480
64
-2084
-2395
-1078
-771
-2100
-2765
-1559
-353
-904
-2101
-1916
-298
1481
2842
3959
4726
4781
4074
3038
2426
2662
3041
2443
1191
699
836
-322
-3189
-5483
-5699
-5371
-6005
-6396
-5294
-4256
-5070
-6424
-6052
-4487
-3660
-3377
-2160
-324
631
645
754
1093
1118
925
967
1294
1784
2238
2090
1133
186
-86
-222
-695
-810
-161
322
-50
-514
-373
-184
-481
-741
-392
307
892
1266
1475
1572
1629
1570
1397
1534
2270
3029
3110
2784
2689
2613
2030
1336
1284
1623
1472
784
335
314
7
-892
-1702
-1860
-1749
-1878
-2002
-1691
-1195
-1168
-2186
-4559
-7561
-9125
-8034
-5903
-4938
-4682
-3573
-2574
-3487
-4768
-3430
-329
1103
840
2101
5339
7358
6790
5942
6290
6273
4889
3968
5125
6908
6859
4897
2897
1766
707
-739
-1585
-1091
-202
-169
-659
-550
7
-95
-968
-1463
-896
262
1428
2531
3462
3753
3186
2138
1164
644
698
1016
993
474
-146
-932
-2399
-4121
-4827
-4457
-4327
-4735
-4554
-3707
-3551
-4230
-4359
-3646
-3153
-2927
-2032
-669
142
396
625
610
207
134
661
1073
1165
1471
1777
1333
498
250
426
220
-157
65
691
885
535
184
50
-97
-316
-264
285
976
1231
1054
998
1229
1314
1151
1240
1769
2269
2409
2420
2480
2385
1981
1450
1104
1083
1202
1109
729
360
89
-408
-1144
-1571
-1456
-1329
-1561
-1684
-1400
-1909
-4828
-9188
-11265
-9155
-5908
-5255
-5969
-4674
-2650
-3712
-6281
-4925
9
2378
892
1281
5832
9210
7875
5758
6594
7657
5780
3653
5058
8103
8213
5127
2411
1600
876
-843
-1976
-1213
120
58
-1005
-1206
-346
-87
-1073
-1863
-1211
327
1685
2714
3601
4026
3582
2475
1448
1236
1917
2675
2576
1680
772
-3
-1324
-3300
-4924
-5498
-5694
-6257
-6548
-5730
-4617
-4712
-5791
-6211
-5473
-4547
-3718
-2222
-175
1105
1112
798
971
1358
1493
1515
1788
2340
2789
2705
2132
1528
1011
239
-616
-726
37
656
470
33
-101
-286
-778
-962
-330
596
1059
1114
1265
1570
1639
1398
1264
1538
2019
2381
2625
2871
2959
2613
1898
1244
1005
1096
1098
806
512
384
-43
-1078
-2030
-2186
-2055
-2414
-2782
-2313
-1536
-1547
-2014
-1814
-1256
-1890
-4061
-6067
-6226
-4890
-3714
-3366
-2990
-2157
-2004
-3146
-3848
-2356
77
1044
936
2000
4138
5046
4302
3924
4649
4917
4097
3769
4896
6085
5739
4221
2857
2026
1249
453
180
618
1113
913
176
-275
-165
-129
-593
-984
-619
256
958
1346
1677
1884
1594
817
162
234
887
1255
786
-45
-604
-1195
-2351
-3560
-3991
-3971
-4306
-4663
-4227
-3449
-3424
-4061
-4390
-4112
-3562
-2750
-1579
-415
324
619
613
522
696
1175
1497
1504
1686
2186
2371
1933
1369
1016
579
-6
-215
172
631
627
235
-162
-421
-617
-708
-474
80
551
649
624
827
1118
1170
1057
1138
1493
1885
2148
2327
2483
2490
2127
1466
959
899
1008
916
653
339
-154
-825
-1352
-1581
-1720
-1885
-1891
-1690
-1494
-1378
-1158
-927
-1534
-3780
-6787
-8106
-6616
-4327
-3626
-3869
-3209
-2487
-3649
-5280
-4128
-741
1085
637
1246
4158
6323
5783
4789
5435
6197
5286
4221
5207
7183
7366
5395
3370
2447
1718
500
-286
185
1017
814
-210
-725
-465
-463
-1146
-1643
-1257
-375
433
1146
1813
2115
1819
1120
453
273
760
1472
1661
1182
553
-96
-1259
-2890
-3993
-4042
-3976
-4769
-5776
-5718
-4851
-4608
-5187
-5245
-4318
-3604
-3577
-2912
-965
728
912
626
1186
2013
2083
1892
2309
2870
2697
1990
1516
1403
1257
826
228
-158
-99
76
-99
-414
-366
-199
-448
-757
-381
399
711
607
783
1236
1438
1440
1705
2188
2463
2473
2486
2564
2541
2300
1900
1532
1331
1206
971
600
164
-328
-841
-1239
-1462
-1573
-1614
-1625
-1719
-1885
-1900
-1702
-1530
-1468
-1279
-878
-541
-410
-268
-93
-501
-2131
-4458
-5799
-5160
-3630
-2935
-3032
-2701
-2153
-2738
-3957
-3562
-1258
563
749
1131
3044
4916
5058
4433
4657
5252
4945
4216
4533
5782
6317
5295
3609
2368
1563
699
-62
-156
273
372
-230
-931
-1148
-1146
-1451
-1920
-1967
-1423
-638
75
662
1084
1183
852
257
-145
42
672
1098
888
238
-507
-1337
-2232
-2806
-2755
-2449
-2461
-2738
-2759
-2439
-2291
-2581
-2887
-2748
-2264
-1745
-1161
-365
342
463
69
-191
58
518
806
984
1237
1399
1189
724
405
328
239
39
-39
142
349
323
131
-28
-165
-341
-363
-29
484
808
900
974
1080
1071
967
975
1164
1396
1522
1551
1528
1427
1208
915
641
431
285
232
254
230
57
-199
-445
-697
-929
-993
-840
-687
-726
-851
-857
-771
-742
-723
-559
-332
-261
-267
-297
-1047
-3160
-5397
-5489
-3558
-2375
-3016
-3199
-1729
-1100
-2783
-3758
-1464
1421
1481
484
1981
4872
5507
4065
3751
4988
5182
3741
3050
4240
5375
4632
2801
1594
1157
480
-591
-1118
-692
-185
-460
-1131
-1336
-1081
-1026
-1345
-1567
-1293
-566
326
1022
1341
1444
1471
1186
512
102
497
1056
753
-171
-680
-804
-1478
-2618
-3053
-2601
-2439
-3000
-3243
-2602
-2002
-2173
-2441
-2091
-1549
-1404
-1282
-637
187
521
365
227
325
469
504
549
729
921
880
619
435
434
375
134
-44
-3
59
12
39
177
127
-192
-405
-263
-1
176
431
821
1030
901
788
975
1198
1170
1080
1187
1309
1183
933
789
645
327
-5
-91
28
138
147
48
-160
-352
-380
-296
-242
-130
124
300
214
102
199
297
185
66
108
69
-169
-292
-155
-106
-451
-1242
-2506
-3885
-4408
-3659
-2690
-2558
-2731
-2299
-1842
-2261
-2668
-1637
202
1083
1019
1567
2980
3858
3608
3243
3457
3619
3171
2676
2838
3328
3251
2351
1241
513
90
-368
-761
-726
-381
-271
-546
-791
-735
-583
-554
-559
-434
-123
374
904
1220
1299
1306
1117
439
-470
-886
-630
-276
-232
-325
-452
-867
-1584
-2154
-2257
-2044
-1789
-1545
-1271
-989
-803
-818
-1015
-1236
-1291
-1111
-730
-202
353
729
764
514
195
4
38
256
537
755
855
827
651
335
-11
-248
-360
-418
-420
-323
-183
-154
-297
-514
-692
-787
-751
-525
-135
256
506
594
567
496
463
523
663
830
983
1085
1134
1130
1052
883
713
666
689
632
530
542
615
541
365
319
364
245
8
-63
-2
-67
-216
-207
-103
-151
-295
-334
-352
-516
-747
-956
-1333
-2002
-2698
-3122
-3244
-3132
-2789
-2377
-2137
-2050
-1876
-1541
-1132
-605
123
885
1474
1955
2465
2900
3080
3060
2978
2870
2756
2690
2635
2473
2178
1801
1339
834
457
278
153
-8
-120
-170
-276
-431
-467
-367
-291
-249
-104
157
420
610
714
734
677
481
110
-240
-390
-613
-1214
-1755
-1662
-1289
-1325
-1548
-1413
-1257
-1599
-1963
-1690
-1142
-916
-806
-511
-323
-407
-437
-340
-399
-508
-326
-3
120
181
397
482
190
-149
-182
-58
-20
14
150
242
147
-39
-165
-219
-270
-301
-256
-160
-69
46
204
287
212
139
251
449
589
773
1079
1291
1229
1056
975
929
836
797
866
946
996
1046
1017
813
570
497
557
561
510
517
527
370
79
-140
-224
-301
-453
-611
-706
-743
-737
-699
-657
-661
-722
-865
-1105
-1379
-1602
-1788
-2021
-2302
-2569
-2809
-2976
-2932
-2616
-2197
-1840
-1461
-952
-441
-73
298
856
1467
1884
2166
2511
2886
3079
3057
2950
2818
2626
2377
2123
1875
1613
1307
933
523
179
-39
-166
-246
-274
-231
-151
-58
38
131
240
397
583
730
824
916
1010
1020
894
689
437
56
-499
-1099
-1517
-1660
-1643
-1598
-1566
-1570
-1673
-1875
-2045
-2039
-1837
-1518
-1175
-874
-629
-421
-289
-321
-461
-531
-458
-354
-280
-140
68
154
17
-169
-206
-128
-70
-18
94
227
282
243
177
128
88
38
2
39
186
382
525
599
675
777
860
919
1009
1137
1236
1280
1303
1293
1218
1124
1013
818
565
413
362
229
17
-88
-122
-320
-584
-604
-426
-379
-461
-420
-310
-347
-446
-407
-316
-297
-250
-136
-81
-77
-18
-10
-164
-302
-265
-221
-280
-263
-141
-204
-508
-776
-927
-1154
-1454
-1613
-1628
-1659
-1718
-1720
-1663
-1532
-1278
-1007
-825
-600
-169
311
626
873
1228
1569
1682
1649
1698
1845
1938
1907
1808
1707
1612
1485
1281
1031
829
703
584
460
417
481
532
471
348
291
342
430
490
540
627
717
709
565
343
89
-225
-620
-977
-1127
-1064
-1024
-1175
-1374
-1390
-1262
-1201
-1192
-1061
-826
-678
-668
-652
-546
-410
-346
-408
-538
-590
-502
-426
-486
-549
-449
-270
-192
-199
-139
7
123
150
154
217
328
390
341
235
177
183
182
133
67
44
64
88
83
82
151
273
345
319
281
318
391
412
383
390
453
502
484
427
400
417
421
377
335
353
375
305
158
41
10
29
71
140
194
186
137
90
46
3
-17
-19
-44
-100
-146
-172
-204
-251
-305
-356
-374
-350
-326
-365
-473
-616
-812
-1070
-1310
-1447
-1509
-1558
-1585
-1545
-1451
-1354
-1261
-1151
-1007
-818
-560
-240
123
512
881
1161
1326
1419
1493
1549
1577
1585
1576
1536
1456
1353
1235
1101
960
820
671
531
433
394
389
387
398
434
488
536
564
567
534
464
372
293
281
346
424
429
349
234
115
0
-83
-86
-35
-10
-55
-174
-347
-536
-719
-885
-1024
-1101
-1110
-1102
-1123
-1176
-1236
-1291
-1334
-1338
-1272
-1138
-970
-802
-684
-622
-593
-570
-546
-517
-458
-359
-247
-162
-117
-105
-109
-117
-118
-102
-49
47
167
277
349
388
406
415
428
447
488
562
657
738
775
779
784
785
768
745
746
766
764
719
645
550
454
368
284
203
143
106
65
-7
-83
-125
-133
-128
-127
-124
-117
-107
-100
-109
-118
-96
-47
-3
16
27
54
76
64
24
-13
-21
-9
-11
-39
-89
-147
-230
-369
-549
-711
-810
-871
-931
-1003
-1071
-1144
-1260
-1440
-1620
-1687
-1592
-1381
-1138
-870
-549
-210
61
246
421
660
944
1198
1380
1522
1653
1725
1668
1478
1251
1064
910
759
647
641
733
827
845
788
717
670
633
609
627
732
888
1000
1008
940
858
778
685
589
520
500
488
425
282
93
-93
-270
-464
-673
-851
-972
-1061
-1158
-1272
-1382
-1469
-1537
-1597
-1629
-1606
-1522
-1409
-1307
-1230
-1162
-1089
-1005
-920
-832
-729
-615
-507
-426
-390
-385
-381
-357
-320
-279
-222
-140
-51
9
23
12
14
33
53
65
97
171
287
425
568
710
827
876
841
756
690
700
809
996
1185
1284
1222
1017
762
549
408
341
354
421
456
377
207
73
51
67
32
-8
63
214
273
142
-69
-161
-99
-19
-11
-2
53
-14
-423
-1078
-1552
-1553
-1223
-896
-694
-495
-256
-145
-307
-624
-787
-651
-384
-217
-132
67
389
593
505
267
154
245
386
441
468
601
834
984
915
717
578
543
506
418
384
509
708
800
695
476
293
196
123
37
7
111
295
422
422
356
306
273
207
102
36
59
133
143
28
-163
-349
-524
-717
-908
-1024
-1022
-956
-904
-893
-887
-863
-849
-874
-915
-915
-849
-748
-666
-615
-577
-542
-526
-535
-540
-504
-412
-289
-185
-122
-92
-80
-95
-147
-207
-219
-159
-47
75
178
258
316
347
347
337
355
426
542
649
705
720
714
697
648
561
476
441
458
482
483
472
472
475
442
345
224
127
75
33
-29
-93
-122
-112
-103
-125
-164
-158
-83
20
94
143
209
303
388
424
429
451
505
538
497
391
281
200
127
38
-48
-84
-65
-41
-55
-103
-139
-138
-129
-149
-203
-268
-331
-423
-569
-750
-912
-1015
-1065
-1084
-1088
-1068
-1019
-941
-856
-771
-665
-523
-355
-196
-75
7
74
138
195
238
273
317
373
412
421
416
433
488
567
650
738
824
898
939
939
921
903
896
885
868
847
824
793
743
677
611
557
509
451
381
299
208
105
-13
-132
-230
-302
-355
-403
-455
-518
-589
-678
-779
-884
-963
-998
-988
-938
-858
-760
-663
-596
-574
-592
-636
-678
-700
-681
-628
-558
-493
-457
-467
-520
-603
-681
-725
-714
-651
-547
-423
-307
-214
-150
-106
-62
2
89
195
309
423
526
606
664
711
757
799
825
831
820
798
760
713
669
637
614
589
549
498
448
405
379
376
394
431
473
495
484
444
391
334
289
263
260
263
255
215
133
13
-122
-255
-367
-444
-495
-525
-559
-615
-698
-803
-892
-939
-943
-888
-781
-639
-489
-359
-255
-174
-100
-13
96
220
339
444
504
511
474
399
312
236
178
146
124
109
95
82
71
74
106
166
247
329
404
456
475
459
413
353
285
225
171
126
86
51
17
-14
-49
-77
-99
-118
-135
-147
-158
-173
-194
-216
-240
-264
-287
-307
-321
-331
-337
-346
-360
-381
-406
-422
-427
-424
-415
-398
-385
-379
-384
-398
-409
-415
-407
-383
-347
-310
-279
-252
-233
-215
-188
-149
-93
-27
34
88
132
163
184
196
211
226
245
261
269
268
266
265
269
280
296
313
330
344
355
355
352
352
354
353
351
350
347
339
323
311
305
306
313
326
337
346
353
355
348
334
323
315
310
299
283
258
223
173
112
45
-29
-103
-177
-248
-319
-393
-464
-538
-612
-676
-723
-756
-768
-759
-736
-703
-675
-651
-624
-601
-574
-538
-487
-421
-339
-248
-157
-72
3
68
119
161
200
241
286
330
374
410
439
452
456
457
461
474
498
528
560
589
610
619
611
589
563
532
502
477
453
425
392
347
292
232
170
107
50
-2
-51
-97
-146
-200
-258
-320
-382
-439
-490
-533
-569
-595
-618
-631
-645
-654
-657
-663
-669
-677
-682
-684
-680
-665
-640
-605
-560
-507
-455
-404
-356
-312
-267
-222
-170
-115
-57
0
55
99
133
161
184
206
234
273
314
358
397
422
434
427
402
370
346
339
359
392
435
473
490
483
444
391
342
316
322
346
378
410
422
404
362
302
247
210
192
195
204
205
195
168
129
82
33
-5
-28
-38
-41
-46
-60
-89
-133
-188
-247
-302
-345
-368
-375
-369
-357
-350
-356
-378
-419
-461
-500
-522
-513
-477
-416
-341
-275
-228
-206
-209
-224
-239
-233
-197
-130
-40
58
150
214
247
250
235
222
224
242
287
349
413
466
496
502
487
461
436
417
409
409
413
416
405
381
343
294
245
194
150
114
79
46
9
-34
-82
-135
-185
-228
-259
-280
-294
-305
-315
-333
-361
-392
-419
-440
-448
-442
-426
-407
-390
-383
-387
-395
-405
-407
-403
-386
-364
-337
-314
-297
-283
-270
-253
-228
-193
-152
-111
-76
-50
-32
-20
-5
15
40
72
109
148
179
203
220
233
247
258
271
285
298
317
336
353
371
383
390
390
383
376
365
355
354
354
358
357
350
340
324
300
274
248
225
201
179
159
133
107
82
53
22
-10
-39
-65
-90
-119
-145
-167
-191
-215
-241
-270
-291
-309
-330
-343
-353
-361
-363
-364
-364
-359
-354
-339
-323
-306
-284
-258
-229
-197
-166
-133
-99
-65
-31
1
35
66
95
123
148
173
194
213
230
246
258
264
267
268
265
261
259
253
246
236
225
211
199
182
163
146
130
117
106
94
81
70
54
33
13
-8
-29
-50
-71
-90
-108
-126
-143
-162
-179
-194
-207
-222
-233
-244
-252
-254
-254
-255
-254
-255
-258
-260
-267
-270
-272
-268
-259
-250
-238
-226
-211
-196
-179
-169
-155
-138
-118
-89
-58
-20
20
58
93
120
138
149
157
159
171
186
210
237
262
283
295
292
277
253
222
198
183
177
180
188
196
197
188
168
137
104
73
50
39
36
42
52
66
73
73
65
51
36
21
10
4
1
4
11
15
15
11
5
-4
-17
-33
-50
-65
-82
-92
-101
-103
-104
-106
-108
-110
-115
-121
-133
-143
-150
-155
-150
-143
-130
-118
-107
-98
-94
-95
-95
-93
-91
-85
-76
-67
-56
-42
-30
-23
-18
-17
-15
-14
-10
-1
13
28
46
66
84
98
106
108
104
95
93
89
89
92
99
108
111
111
106
92
76
57
38
25
14
5
-1
-6
-7
-13
-17
-27
-36
-46
-53
-57
-60
-59
-57
-54
-52
-50
-49
-47
-46
-45
-45
-47
-48
-50
-52
-51
-52
-51
-49
-45
-40
-35
-33
-33
-33
-36
-34
-30
-23
-13
0
13
19
23
23
22
19
15
13
15
19
23
29
32
39
41
38
34
30
26
29
28
26
25
25
25
32
34
34
38
37
37
33
30
26
23
23
21
20
18
16
13
9
4
-3
-10
-20
-25
-26
-24
-15
-7
0
4
4
-3
-11
-19
-21
-13
-2
2
9
15
15
4
-8
-11
-11
-11
-10
-2
4
2
-3
-14
-20
-22
-27
-32
-30
-19
-10
-11
-20
-29
-37
-42
-47
-55
-51
-27
5
1
-23
-4
39
15
-69
-61
48
75
-29
-60
59
103
-23
-95
17
106
2
-92
2
103
21
-89
-32
67
19
-79
-54
28
13
-51
-42
6
1
-36
-38
-11
2
-4
-6
12
33
27
-1
1
30
34
12
19
56
63
27
10
29
31
4
-3
16
18
1
-4
10
14
5
9
23
30
23
21
21
12
0
-6
-5
-6
-7
-2
7
13
11
9
10
5
-2
-13
-15
-14
-16
-16
-15
-14
-9
-5
-2
5
13
18
20
20
19
12
10
13
17
22
26
31
33
31
28
22
14
0
-11
-20
-27
-34
-36
-29
-24
-21
-15
-5
1
5
9
10
9
6
6
7
0
-3
-3
-4
-8
-8
-5
-3
-1
0
3
5
2
-3
-7
-11
-11
-10
-8
-4
2
5
7
12
13
13
9
3
0
0
-2
-5
-6
-6
-8
-9
-8
-6
-6
-4
-1
2
4
5
6
7
7
3
4
0
-2
-3
-4
-6
-2
-1
1
5
9
12
10
7
2
-3
-8
-10
-9
-5
-1
2
6
9
14
16
15
15
11
8
3
1
-2
-6
-8
-9
-9
-6
-2
2
7
9
8
9
4
0
-3
-5
-8
-11
-12
-10
-7
-5
-1
1
4
5
4
-1
-6
-9
-14
-18
-18
-16
-15
-11
-8
-5
-6
-5
-5
-4
-2
0
2
5
8
12
14
18
20
21
22
21
20
18
17
16
16
14
13
13
13
11
7
2
-1
-6
-8
-9
-6
-4
-1
0
1
0
0
-1
-4
-5
-3
-1
-1
0
3
5
3
1
0
-1
-3
-4
-6
-9
-13
-12
-12
-12
-13
-13
-14
-12
-10
-7
-6
-4
-3
-2
-1
-3
-4
-6
-7
-7
-7
-5
-6
-6
-5
-1
3
5
7
9
