-2
-2
2
2
3
4
2
2
3
0
-3
-3
-4
-4
-5
-6
-7
-5
-6
-3
-2
1
4
2
5
5
6
8
9
8
7
7
6
5
5
7
6
4
4
3
1
-3
-2
-4
-6
-10
-11
-13
-14
-14
-11
-11
-10
-6
-3
-3
-4
-10
-11
-14
-15
-10
-10
-7
-1
4
0
-11
-15
-14
-12
-8
-3
-1
-7
-6
2
11
20
24
29
32
32
35
44
49
48
48
45
29
13
17
30
34
33
27
16
5
-3
-7
-13
-30
-57
-72
-68
-57
-43
-21
-3
4
4
1
14
35
31
17
43
0
-313
-692
-685
-358
-345
-1028
-1887
-2112
-1776
-1449
-1465
-1213
-246
672
949
1194
2020
2659
2469
2024
2031
2330
2470
2303
1980
1742
1616
1355
902
567
398
63
-501
-912
-929
-737
-636
-675
-688
-566
-402
-317
-256
-168
-151
-263
-387
-385
-270
-182
-229
-361
-467
-524
-566
-621
-723
-888
-1061
-1207
-1317
-1341
-1264
-1241
-1357
-1411
-1258
-1069
-997
-912
-716
-538
-409
-192
115
348
451
508
581
639
642
614
623
640
553
424
430
530
504
365
329
396
380
284
286
398
457
402
393
557
758
827
812
837
876
874
875
901
878
805
775
747
627
473
397
318
120
-118
-225
-234
-308
-444
-536
-595
-679
-700
-639
-649
-706
-581
-339
-264
-251
-30
204
142
-51
-95
-85
-153
-231
-312
-421
-454
-371
-318
-315
-280
-262
-339
-404
-354
-246
-193
-237
-306
-228
23
183
94
-13
56
146
159
274
520
619
483
377
431
433
210
-171
-555
-834
-975
-1047
-1148
-1223
-1123
-882
-651
-395
-30
236
200
81
176
344
401
514
772
939
943
981
957
626
222
87
-26
-408
-667
-438
-174
-295
-465
-355
-189
-153
-140
-110
25
421
818
844
784
1002
1118
808
538
624
649
429
310
332
228
81
67
28
-102
-104
1
-27
-103
-6
103
-21
-216
-220
-153
-282
-533
-637
-589
-612
-748
-803
-686
-548
-526
-561
-542
-500
-553
-703
-795
-758
-693
-684
-685
-624
-547
-521
-541
-546
-500
-412
-315
-210
-41
218
485
692
879
1095
1271
1342
1373
1425
1446
1391
1339
1380
1472
1528
1536
1530
1512
1449
1328
1139
912
735
688
685
545
256
10
-81
-139
-268
-398
-460
-517
-547
-461
-381
-495
-695
-820
-974
-1135
-1048
-868
-1011
-1265
-1130
-869
-1022
-1330
-1338
-1333
-1660
-1981
-1903
-1577
-1327
-1209
-1055
-709
-322
-223
-303
-93
356
553
538
691
632
-354
-1996
-3358
-4173
-4720
-4919
-4594
-4021
-3461
-2741
-1804
-930
-157
695
1520
2153
2887
3990
5160
5988
6507
6831
6809
6364
5657
4763
3542
1961
454
-294
-260
-340
-1037
-1638
-1673
-1913
-2711
-2894
-1790
-548
-75
400
1601
2868
3467
3617
3710
3677
3386
2960
2630
2515
2411
1947
1117
340
-125
-432
-793
-1191
-1464
-1533
-1547
-1650
-1692
-1538
-1431
-1615
-1856
-1822
-1568
-1316
-1117
-937
-773
-632
-570
-570
-440
-172
-55
-168
-241
-273
-576
-1106
-1527
-1830
-2226
-2688
-3100
-3445
-3589
-3461
-3351
-3504
-3661
-3500
-3214
-3067
-2824
-2369
-2654
-4675
-7316
-8148
-6983
-6208
-6578
-5902
-3418
-1656
-1809
-1367
1197
3475
3459
3077
4620
7054
8393
8912
9728
10449
10146
9092
8158
7634
7225
6466
5108
3635
2886
2783
2398
1537
965
846
503
-36
110
1028
1777
1941
2032
2299
2419
2302
2156
1978
1717
1520
1379
1085
687
376
-60
-940
-2005
-2724
-3037
-3270
-3566
-3865
-4193
-4577
-4900
-5017
-4898
-4639
-4405
-4260
-4011
-3470
-2829
-2429
-2249
-2044
-1818
-1680
-1495
-1108
-678
-437
-399
-415
-388
-354
-402
-508
-536
-494
-520
-547
-387
-131
-22
7
202
542
847
1125
1474
1842
2177
2575
3052
3426
3570
3610
3683
3664
3368
2878
2429
2092
1781
1424
972
391
-264
-891
-1440
-1901
-2392
-3143
-4099
-5249
-7597
-11790
-15264
-14377
-10422
-8616
-9640
-8632
-4541
-2497
-3952
-3375
1516
5192
4333
3765
7635
12410
13482
12307
12315
12879
11640
9247
8063
8353
8240
6440
3652
1618
1073
837
-438
-2110
-2670
-2400
-2649
-2967
-1802
247
999
338
239
1351
2484
3202
4119
4954
4792
3944
3410
3063
2234
1123
-87
-1881
-3848
-4710
-4873
-6013
-7749
-8331
-8172
-8867
-9723
-9092
-7600
-6856
-6703
-6000
-4553
-2976
-1830
-1129
-352
658
1305
1455
1871
2684
3017
2572
2033
1824
1691
1359
874
480
278
6
-469
-735
-547
-367
-579
-832
-657
-132
374
757
1252
1914
2380
2558
2936
3673
4215
4355
4543
4865
4920
4740
4685
4623
4165
3397
2687
2076
1368
601
-20
-542
-1199
-1938
-2453
-2758
-3158
-3619
-3799
-3696
-3591
-3521
-3424
-3476
-4158
-6391
-10502
-14055
-13378
-9192
-6756
-7834
-7919
-4756
-2784
-4492
-4958
-716
3428
2885
1593
5000
10576
12400
10669
9904
10879
10596
8622
7893
9468
10644
8999
5698
3611
3450
3178
1302
-823
-1328
-990
-1647
-2598
-1825
-175
-501
-2698
-3616
-2198
-647
-87
781
2206
2546
1494
786
1267
1842
1425
240
-782
-1138
-1242
-1676
-2206
-2490
-3150
-4626
-5808
-5662
-4971
-4805
-4868
-4652
-4449
-4313
-3762
-2876
-2286
-2103
-1857
-1282
-494
324
1026
1436
1421
1147
1083
1449
1866
1927
1757
1592
1338
980
794
821
706
274
-149
-213
-5
89
-35
-95
-3
5
-2
397
1124
1533
1489
1597
2093
2484
2500
2499
2706
2845
2719
2599
2767
2953
2660
1934
1310
884
295
-307
-412
-348
-881
-1733
-2011
-1825
-1889
-2182
-2489
-3132
-4098
-5244
-7534
-11015
-12508
-9814
-6638
-7365
-9435
-7910
-4703
-4940
-6942
-5109
-463
1147
-224
1117
6114
9475
8808
7706
8881
10356
10051
9373
10271
11852
11797
9726
7678
7332
7648
6396
3784
2360
2764
2601
831
-253
449
292
-2362
-4717
-4208
-2847
-3276
-4172
-3399
-2316
-2981
-4070
-3354
-1784
-1592
-2407
-2298
-1118
-245
-164
-276
-346
-651
-1093
-1193
-871
-673
-1008
-1567
-1888
-2113
-2506
-2814
-2877
-3127
-3682
-3856
-3367
-2893
-2879
-2897
-2601
-2262
-2043
-1645
-932
-286
-45
58
468
1042
1306
1310
1487
1822
1948
1916
2069
2314
2239
1824
1517
1536
1544
1257
930
850
779
485
281
414
554
431
287
356
531
695
840
931
949
969
1013
1008
947
900
838
685
507
417
337
149
2
46
101
-11
-105
-1
138
151
174
314
355
138
-261
-911
-1964
-2967
-3136
-2637
-2548
-3129
-3423
-3130
-3220
-3962
-4159
-3298
-2576
-2684
-2542
-1376
-158
194
270
801
1388
1537
1671
2301
3146
3626
3668
3647
3826
4084
4119
3909
3793
3919
4006
3870
3820
4046
4085
3502
2693
2272
2062
1559
957
731
652
204
-424
-719
-821
-1189
-1715
-1975
-1995
-2057
-2160
-2182
-2198
-2344
-2574
-2756
-2823
-2811
-2794
-2777
-2686
-2515
-2356
-2254
-2165
-2091
-2041
-1927
-1691
-1415
-1193
-1010
-826
-696
-651
-598
-445
-271
-185
-118
20
131
109
100
210
278
183
136
295
479
485
410
452
589
688
737
817
938
1020
1041
1080
1176
1260
1250
1193
1155
1126
1059
960
872
791
654
459
334
346
368
296
218
214
222
160
89
132
294
373
280
257
457
593
474
376
437
425
279
210
200
24
-340
-729
-1024
-1156
-1164
-1215
-1391
-1534
-1562
-1633
-1805
-1866
-1720
-1601
-1615
-1518
-1167
-800
-622
-489
-251
-22
73
148
359
634
806
847
858
904
935
914
896
964
1106
1256
1417
1637
1885
2045
2063
2038
2077
2151
2166
2134
2114
2051
1849
1586
1409
1276
1063
804
592
399
177
-9
-121
-264
-488
-681
-757
-787
-867
-981
-1090
-1230
-1427
-1624
-1732
-1763
-1822
-1922
-1953
-1868
-1772
-1755
-1749
-1686
-1616
-1603
-1576
-1459
-1308
-1224
-1198
-1156
-1097
-1089
-1143
-1203
-1216
-1191
-1153
-1090
-979
-842
-748
-702
-641
-498
-284
-78
53
134
247
404
529
587
632
700
768
826
915
1037
1117
1125
1126
1179
1280
1392
1515
1649
1784
1900
1982
2035
2070
2089
2071
2005
1920
1847
1769
1647
1484
1337
1227
1131
1040
970
905
811
677
532
401
249
9
-306
-580
-725
-828
-1008
-1245
-1425
-1555
-1734
-1932
-2019
-1997
-2017
-2118
-2153
-2063
-1978
-1978
-1966
-1868
-1761
-1699
-1607
-1435
-1252
-1147
-1107
-1068
-986
-865
-725
-537
-255
101
420
674
949
1268
1504
1602
1698
1896
2083
2145
2151
2192
2193
2057
1863
1724
1618
1446
1237
1111
1077
1036
960
870
748
570
395
294
240
162
27
-138
-313
-492
-659
-800
-929
-1061
-1182
-1266
-1321
-1350
-1364
-1396
-1443
-1452
-1412
-1349
-1246
-1113
-1039
-1025
-965
-881
-854
-869
-843
-784
-750
-741
-710
-662
-671
-723
-675
-520
-427
-389
-247
-95
-92
-53
133
203
172
352
572
553
600
892
996
862
956
1229
1307
1301
1429
1530
1507
1484
1487
1472
1450
1442
1453
1415
1268
1143
1179
1156
880
635
700
760
533
316
344
343
157
11
6
-36
-158
-248
-334
-487
-672
-881
-1080
-1144
-1129
-1265
-1505
-1591
-1583
-1759
-2007
-2003
-1871
-1972
-2157
-2020
-1699
-1631
-1734
-1628
-1371
-1282
-1255
-943
-465
-221
-160
83
471
718
854
1105
1422
1603
1692
1874
2100
2182
2135
2056
1969
1896
1838
1723
1551
1407
1259
1036
845
769
670
527
420
235
60
188
266
-58
-231
-45
-121
-394
-350
-254
-451
-684
-763
-815
-918
-1012
-1019
-993
-1015
-1046
-1068
-1070
-965
-899
-1018
-1023
-743
-622
-808
-790
-469
-479
-806
-645
-202
-398
-634
-181
-52
-482
-270
153
-121
-285
41
177
86
75
107
225
334
283
234
491
789
590
296
628
888
531
544
948
714
451
839
958
577
502
694
729
502
274
435
748
612
346
451
665
567
328
335
490
355
159
229
172
-71
-74
-42
-209
-252
-285
-463
-430
-241
-353
-522
-378
-183
-232
-386
-448
-313
-224
-399
-544
-449
-476
-681
-759
-718
-735
-810
-908
-1014
-1055
-1054
-1021
-1020
-1050
-1068
-1046
-972
-820
-688
-615
-496
-377
-222
29
323
515
642
757
923
1067
1148
1285
1401
1334
1106
963
1094
1558
1420
574
476
1314
1061
117
463
1224
527
-248
362
783
152
-122
342
361
-1
-160
20
108
171
102
-102
-324
3
214
-148
-490
-54
136
-367
-562
-63
2
-374
-510
-340
-133
-253
-512
-446
-301
-333
-300
-446
-485
-366
-400
-682
-510
-320
-564
-1011
-546
-27
-660
-1217
-520
-200
-533
-319
-423
-642
-26
207
-404
-148
134
-20
14
82
-167
59
228
32
-331
68
715
-73
-380
871
757
-359
451
978
570
595
844
597
699
1047
1003
621
547
1016
1082
308
34
1090
877
-344
79
731
-33
-404
52
210
-63
-426
-339
-170
-339
-417
-420
-439
-567
-761
-734
-532
-747
-992
-937
-932
-909
-875
-924
-946
-704
-798
-988
-707
-509
-706
-519
-229
-322
-308
-95
237
465
309
263
625
955
1136
983
848
1174
1492
1333
996
993
1511
1487
720
466
924
1100
592
187
207
292
187
-105
-72
408
-195
-858
79
358
-504
-452
-8
53
-23
-564
-501
374
236
-615
-267
324
-444
-308
861
-256
-1368
113
372
-707
-310
-96
-413
-571
-924
-113
334
-1231
-1379
-99
-660
-1143
-342
-698
-1531
-900
-156
-646
-1296
-820
205
-49
-1130
-709
712
582
-460
-448
381
753
513
365
567
537
394
566
947
1093
502
282
879
817
603
927
539
632
1220
193
-122
1393
1296
32
226
827
648
244
180
505
514
-174
-584
27
403
-354
-642
-113
-450
-1122
-826
-460
-866
-1284
-921
-668
-1354
-1435
-632
-938
-1799
-1433
-709
-861
-1258
-1056
-675
-748
-949
-788
-420
-299
-332
-17
371
335
322
721
1012
847
861
1248
1422
1620
2010
1898
1533
1598
1880
1991
1811
1645
1626
1395
1262
1373
997
449
420
283
-46
174
294
-472
-919
-439
-512
-1274
-1072
-329
-703
-1292
-900
-704
-929
-610
-438
-899
-1036
-476
-94
-469
-533
38
-259
-979
-505
331
311
-370
-725
-218
150
-257
-514
-270
-207
-817
-1095
-114
115
-1174
-1339
-334
-402
-712
-223
-247
-1016
-721
65
-564
-912
669
1240
-618
-1376
377
1331
342
-158
705
1480
647
-35
1349
1735
461
713
1390
1712
2054
1069
685
1493
717
200
1200
1255
722
710
506
-58
-63
548
189
-563
76
119
-860
-296
239
-1153
-1806
-1049
-975
-1454
-1695
-1842
-1881
-2222
-2757
-2546
-2134
-2326
-2512
-2451
-2475
-2328
-1842
-1400
-1303
-1282
-911
-249
273
570
1010
1529
1619
1684
2419
3139
3194
3258
3597
3721
3705
3853
4134
4191
3745
3214
3108
3216
3039
2468
1905
1512
915
146
-230
-276
-802
-1848
-2468
-2455
-2471
-2731
-2954
-2874
-2838
-3362
-3590
-2721
-2079
-2446
-2597
-2076
-1593
-1453
-1348
-936
-589
-569
-384
3
470
1052
1150
642
452
922
1343
1375
1510
1436
591
110
528
549
107
178
211
-593
-1288
-847
-100
-459
-1536
-1500
-489
-496
-1037
-507
68
-339
-860
-687
139
817
672
277
495
924
930
1166
1748
1726
1409
1451
1630
1886
1880
1442
1192
1187
1199
1331
1406
1084
660
674
626
125
-51
110
114
3
-448
-839
-649
-804
-1711
-2487
-3048
-3946
-4724
-4485
-3616
-3343
-4052
-4794
-4556
-4060
-4263
-4091
-2900
-2047
-2080
-1919
-784
637
943
418
866
2243
3083
3587
4604
5602
5755
5339
5316
5947
6504
6502
6219
6023
5887
5612
5171
4597
3878
3068
2222
1528
1236
980
100
-1215
-2266
-2912
-3449
-4095
-4786
-5278
-5537
-5667
-5612
-5365
-5140
-5137
-5287
-5191
-4479
-3420
-2652
-2259
-1828
-1296
-835
-377
146
618
946
1163
1507
2066
2498
2605
2520
2376
2384
2594
2722
2698
2590
2266
1789
1340
949
707
545
222
-188
-437
-635
-947
-1206
-1358
-1517
-1489
-1261
-1184
-1055
-654
-455
-576
-560
-306
85
577
863
842
1073
1650
1662
1118
1208
1816
1931
1719
1573
1412
1272
970
625
689
676
302
95
-12
-140
-175
-336
-407
-330
-594
-828
-573
-450
-1446
-3988
-6746
-7373
-5533
-3609
-3965
-5781
-6274
-5569
-6041
-7076
-6098
-3716
-2982
-4051
-3498
-215
2189
1543
498
1419
3079
4075
5376
7735
9501
9100
7756
7588
8581
9294
9203
8871
8635
8325
7922
7431
6624
5338
3612
1840
780
707
826
133
-1427
-3115
-4463
-5528
-6185
-6234
-6124
-6415
-7051
-7626
-7797
-7466
-6883
-6568
-6644
-6300
-4892
-3257
-2429
-2032
-1431
-949
-766
-89
1492
2930
3176
2736
2668
2987
3095
3022
3135
3186
2810
2406
2420
2452
1880
884
146
-156
-354
-447
-347
-530
-1296
-2106
-2388
-2264
-2123
-2018
-1797
-1567
-1498
-1340
-905
-557
-540
-500
-19
772
1414
1767
1986
2066
1945
1871
2146
2592
2723
2489
2274
2240
2237
2065
1669
1301
1157
1067
910
746
564
288
-66
-371
-503
-548
-610
-564
-433
-610
-1932
-5246
-9219
-10197
-6998
-3766
-4572
-7295
-7367
-5792
-6815
-9017
-7376
-3141
-2256
-4415
-3281
1979
4983
3159
1420
3010
5019
5460
6954
10531
12781
11625
9473
8967
9644
9983
9747
9307
8689
7989
7392
6636
5396
3691
1549
-782
-2331
-2340
-1699
-2028
-3553
-5311
-6839
-8139
-8700
-8183
-7465
-7463
-7663
-7193
-6412
-6169
-6383
-6490
-6321
-5706
-4210
-2002
-109
789
872
578
373
820
2053
3368
3974
3982
3949
3833
3280
2537
2086
1783
1292
979
1328
1795
1373
138
-932
-1448
-1746
-1760
-1175
-492
-550
-1178
-1543
-1487
-1462
-1454
-1054
-382
97
402
830
1187
1049
615
564
1070
1708
2286
2844
3084
2714
2079
1769
1875
2079
2199
2303
2314
1986
1420
1041
897
574
36
-207
46
287
90
-293
-545
-822
-1193
-1323
-1158
-1045
-1263
-2657
-6502
-11311
-12349
-8171
-4372
-5872
-9160
-8518
-6184
-7659
-10358
-7900
-2691
-2179
-5003
-3209
3321
6642
4536
3033
5027
6861
7097
8945
12918
15121
13755
11436
10556
10700
10832
10664
9968
8770
7742
7082
6090
4497
2649
398
-2366
-4456
-4677
-3894
-3904
-5051
-6584
-8187
-9596
-9944
-9015
-7931
-7479
-7144
-6454
-5686
-4967
-4278
-4129
-4540
-4236
-2363
51
1667
2542
2981
2521
1416
1193
2375
3482
3458
3110
3159
2910
1886
906
500
-24
-951
-1314
-628
49
-253
-1093
-1745
-2281
-2734
-2498
-1428
-458
-285
-451
-361
-229
-319
-252
255
867
1281
1723
2319
2647
2369
1805
1483
1504
1714
2076
2510
2682
2361
1780
1307
997
793
811
1099
1384
1366
1084
725
346
-55
-357
-387
-192
26
208
393
382
-29
-513
-609
-476
-523
-875
-2349
-6356
-11419
-12585
-8285
-4438
-6233
-9789
-9167
-6920
-8622
-11256
-8303
-2728
-2317
-5347
-3434
3361
6852
5023
3906
6051
7788
7986
9973
14101
16438
15186
12771
11508
11298
11424
11319
10410
8901
7652
6728
5351
3565
1825
-383
-3375
-5795
-6255
-5568
-5425
-6204
-7521
-9189
-10636
-10810
-9684
-8406
-7540
-6727
-5862
-5287
-4916
-4313
-3442
-2441
-1305
-107
1070
2376
3708
4272
3680
2841
2747
3140
3275
3227
3283
2988
1807
193
-864
-1152
-1357
-1921
-2419
-2380
-2157
-2337
-2754
-2872
-2769
-2850
-2823
-2074
-817
64
252
217
322
510
819
1478
2356
2922
2961
2830
2852
2871
2678
2432
2337
2324
2302
2382
2497
2296
1662
956
538
384
414
652
921
869
434
-16
-222
-329
-442
-349
3
203
42
-68
171
448
378
41
-239
-532
-1835
-5480
-10427
-12418
-9107
-4906
-5535
-9029
-9241
-6860
-7795
-11104
-9723
-3912
-1664
-4296
-3929
2169
6780
5695
3918
5635
7965
8299
9342
12937
16085
15906
13622
11791
11053
10910
10748
9950
8582
7348
6351
4850
2846
1029
-902
-3618
-6331
-7436
-6946
-6377
-6583
-7477
-8834
-10209
-10705
-9965
-8681
-7338
-5894
-4714
-4416
-4525
-3697
-1786
-138
437
729
1747
3190
4211
4659
4747
4270
3137
2193
2211
2677
2623
1920
867
-565
-2021
-2564
-2248
-2311
-3151
-3665
-3314
-2987
-3105
-2913
-2250
-2084
-2542
-2276
-751
757
1179
1081
1304
1624
1684
1955
2776
3517
3477
2985
2776
2911
2927
2614
2215
1917
1685
1492
1413
1435
1297
800
180
-120
45
470
835
864
514
73
-90
83
335
486
494
368
204
216
477
698
647
342
-221
-1687
-5244
-10216
-12889
-10545
-6304
-5733
-8558
-9564
-7783
-7977
-10868
-10587
-5600
-2264
-3674
-3917
1268
6696
6958
4975
5793
8254
9060
9666
12663
16309
17038
14785
12407
11381
11071
10483
9391
8157
7022
5843
4199
2277
510
-1525
-4315
-7127
-8488
-8184
-7387
-7014
-7351
-8317
-9549
-10265
-9934
-8736
-7101
-5730
-5094
-4533
-2907
-611
567
429
660
1874
2915
3468
4657
6185
6201
4407
2698
2289
2332
1895
1171
555
-174
-1258
-2345
-2977
-3220
-3626
-4403
-4967
-4683
-3773
-3022
-2752
-2700
-2651
-2521
-2045
-932
542
1628
1907
1754
1824
2257
2736
3044
3246
3361
3304
3175
3172
3179
2871
2268
1733
1462
1373
1396
1460
1298
747
145
-55
91
198
202
302
468
499
472
601
788
754
552
495
637
784
849
838
676
127
-1436
-5041
-10153
-13274
-11430
-7131
-5938
-8306
-9463
-8051
-8223
-10940
-10836
-6018
-2283
-3106
-3382
1443
7034
7883
6083
6492
8677
9510
9970
12657
16312
17366
15154
12381
10914
10396
9723
8482
7137
5988
4858
3239
1285
-434
-2273
-4872
-7789
-9404
-9058
-7895
-7157
-7245
-7872
-8755
-9502
-9455
-8289
-6247
-4450
-3854
-3809
-2582
147
2268
2397
1924
2446
3346
3612
4179
5715
6465
4857
2319
1229
1440
1277
360
-546
-1328
-2421
-3483
-3779
-3514
-3641
-4486
-5271
-5149
-4182
-3049
-2277
-1918
-1853
-1855
-1501
-486
952
2094
2471
2325
2255
2566
3036
3363
3435
3256
2893
2589
2639
2847
2643
1850
992
588
525
596
838
1117
980
386
15
213
457
307
177
493
898
970
954
1175
1359
1231
1009
981
1061
1062
961
509
-916
-4204
-9057
-12753
-12331
-8742
-6734
-8113
-9450
-8489
-8041
-10063
-10569
-6759
-2797
-2717
-3156
816
6514
8465
7296
7307
9013
9714
9932
12177
15767
17445
15906
13226
11261
10158
9244
7969
6530
5184
3956
2387
436
-1223
-2767
-5040
-8023
-10130
-10200
-9063
-8038
-7643
-7743
-8258
-8916
-8961
-7982
-6220
-4383
-3121
-2393
-1375
634
2799
3632
3223
3053
3689
4242
4525
5344
6242
5531
3141
1174
748
636
-241
-1292
-1902
-2626
-3804
-4595
-4463
-4220
-4751
-5569
-5536
-4494
-3243
-2345
-1709
-1246
-1087
-1005
-396
903
2234
2869
2866
2812
2997
3184
3170
3085
2993
2726
2284
2031
2118
2112
1616
812
163
-146
-113
236
655
743
424
72
23
245
596
1023
1397
1569
1576
1596
1658
1648
1575
1522
1460
1272
1028
902
777
168
-1745
-5533
-10073
-12494
-11181
-8422
-7656
-8706
-8956
-8342
-9084
-10432
-9017
-5110
-2692
-2697
-1365
3023
7074
8110
7857
8638
9736
10058
10899
13412
16159
16760
14967
12511
10703
9512
8220
6638
5141
3874
2481
649
-1173
-2661
-4369
-6811
-9348
-10653
-10378
-9317
-8332
-7791
-7694
-7942
-8166
-7850
-6623
-4694
-3005
-2101
-1248
496
2521
3474
3476
3633
4023
3989
3948
4748
5698
5391
3816
2094
818
-93
-723
-1236
-1891
-2673
-3434
-4185
-4751
-4765
-4471
-4580
-4966
-4658
-3435
-2202
-1518
-1028
-473
-139
17
616
1855
3037
3469
3323
3172
3133
2999
2792
2689
2581
2261
1871
1674
1577
1325
858
264
-332
-672
-595
-337
-146
73
336
362
242
479
1039
1327
1315
1547
2009
2170
2098
2204
2306
1976
1460
1283
1318
1101
510
-492
-2572
-6407
-10865
-13057
-11582
-8961
-8548
-9802
-9881
-8881
-9314
-10511
-8990
-5005
-2601
-2530
-804
4050
8169
8892
8454
9428
10802
11196
11958
14360
16850
16980
14784
12287
10660
9446
7868
6074
4567
3244
1655
-237
-1917
-3327
-5110
-7558
-9885
-10907
-10411
-9212
-8191
-7680
-7585
-7673
-7583
-7036
-5893
-4104
-2083
-666
-30
912
2805
4417
4508
3920
4064
4540
4372
4176
4750
5029
3664
1407
-56
-646
-1363
-2362
-3071
-3530
-4217
-5005
-5341
-5134
-4871
-4900
-4928
-4421
-3333
-2155
-1242
-497
176
622
870
1324
2192
3090
3498
3408
3216
3118
2919
2487
2054
1794
1514
1070
731
719
669
186
-466
-746
-598
-347
-38
425
850
951
888
1147
1775
2248
2266
2254
2619
2996
2831
2419
2392
2557
2197
1302
735
719
595
-65
-1123
-2787
-6171
-10863
-13930
-13029
-9911
-8648
-9607
-9940
-8764
-8384
-9310
-8184
-4216
-879
-207
750
4816
9234
10690
9942
9850
10678
10765
10833
12207
14245
14474
11983
8740
6370
5001
3635
2037
765
-221
-1170
-2380
-3443
-4130
-4979
-6301
-7750
-8137
-6952
-4860
-2936
-1914
-1566
-1498
-1422
-1141
-461
827
2139
2687
2587
2744
3411
3475
2372
970
190
-187
-697
-946
-737
-945
-2310
-4197
-5292
-5404
-5248
-5200
-4991
-4452
-4000
-3854
-3623
-2883
-1925
-1376
-1041
-205
1170
2261
2592
2613
2689
2637
2325
2169
2478
2807
2552
1774
1074
658
179
-471
-873
-832
-758
-897
-881
-512
-234
-365
-533
-273
337
974
1585
2236
2765
2935
2847
2939
3353
3676
3595
3389
3377
3235
2632
1934
1516
1188
665
237
120
-83
-584
-1207
-1761
-2480
-3668
-5672
-8902
-12329
-13631
-11746
-8968
-8141
-8599
-8178
-7061
-7079
-7312
-4997
-872
1773
2382
4091
7917
10786
10935
10121
10391
10858
10407
10251
11332
12469
11521
8573
5546
3511
2172
705
-634
-1404
-1954
-2818
-4023
-4732
-4897
-5279
-6140
-6747
-6034
-4231
-2226
-624
390
862
778
693
1157
2263
3590
4260
3886
2885
2218
1989
1306
94
-824
-1160
-1833
-3013
-3524
-3216
-3438
-4847
-6063
-5968
-5315
-4887
-4381
-3442
-2752
-2724
-2663
-1983
-872
98
806
1393
1943
2513
2876
2917
2762
2576
2304
1870
1657
1779
1766
1148
153
-582
-1024
-1380
-1605
-1488
-1230
-1271
-1430
-1327
-924
-587
-410
-33
591
1354
2037
2577
2931
3080
3194
3219
3276
3522
3886
3950
3461
2864
2442
2031
1384
732
375
66
-376
-851
-1069
-1243
-1715
-2246
-2509
-2567
-3098
-4274
-5938
-8224
-10519
-11290
-9568
-7159
-6332
-6561
-6060
-4853
-4565
-4432
-2448
706
2683
3248
4863
7826
9795
9728
9066
9177
9179
8669
8614
9407
9895
8680
6336
4080
2445
1176
-28
-930
-1591
-2156
-2774
-3323
-3538
-3675
-4008
-4524
-4707
-4066
-2700
-1031
316
1019
1180
1145
1246
1587
2206
2722
2561
1747
933
596
517
352
-111
-1103
-2438
-3410
-3639
-3586
-3693
-3780
-3924
-4437
-4877
-4438
-3391
-2806
-2758
-2486
-1871
-1321
-697
348
1263
1372
1088
1244
1835
2240
2346
2378
2217
1691
1072
813
819
647
157
-385
-705
-868
-1018
-1143
-1159
-1116
-1131
-1068
-705
-94
412
611
726
1013
1467
1920
2358
2826
3173
3221
3038
2965
3117
3190
2928
2505
2152
1692
1000
459
355
257
-298
-920
-1064
-983
-1194
-1496
-1427
-1255
-1575
-2419
-3518
-5176
-7651
-9803
-9872
-7915
-6143
-5884
-5995
-5291
-4620
-4848
-4547
-2315
523
2007
2794
4774
7423
8677
8287
7883
8107
8104
7787
8092
9047
9276
7878
5586
3541
2076
909
-82
-771
-1211
-1643
-2243
-2847
-3209
-3449
-3857
-4337
-4325
-3468
-2022
-525
562
1061
1092
1003
1110
1548
2260
2875
2926
2361
1548
782
159
-219
-498
-1181
-2289
-3103
-3279
-3379
-3755
-4018
-4113
-4466
-4803
-4365
-3343
-2676
-2473
-2157
-1721
-1445
-983
9
964
1277
1264
1461
1769
1892
1951
2054
1953
1499
1014
879
970
870
434
-93
-493
-790
-953
-856
-605
-530
-696
-779
-575
-187
230
625
953
1165
1349
1625
2000
2340
2501
2477
2458
2578
2637
2386
1950
1619
1369
1043
741
589
405
-1
-459
-738
-859
-922
-959
-993
-988
-884
-749
-676
-779
-1830
-4847
-8757
-10217
-7921
-5093
-4863
-5635
-4728
-3675
-4991
-6398
-4215
-211
1134
373
1829
5785
8171
7564
6750
7265
7410
6388
6127
7805
9548
9017
6464
3935
2516
1584
439
-525
-762
-752
-1339
-2304
-2704
-2503
-2694
-3687
-4542
-4185
-2701
-988
327
1172
1527
1296
779
700
1499
2744
3439
3012
1915
1055
561
-281
-1504
-2089
-1821
-2020
-3185
-3874
-3347
-3162
-4341
-5364
-4866
-3879
-3562
-3168
-2008
-1105
-1319
-1783
-1420
-458
358
920
1444
1911
2116
1981
1716
1609
1665
1586
1299
1145
1302
1405
1055
415
-84
-399
-746
-996
-808
-341
-183
-432
-568
-353
-148
-77
225
840
1307
1428
1583
1918
2041
1806
1638
1765
1841
1671
1581
1701
1625
1156
678
430
195
-65
-81
74
-27
-411
-659
-644
-622
-631
-459
-247
-300
-400
-482
-1826
-5491
-9272
-9407
-6223
-4255
-5219
-5677
-3913
-3393
-5763
-6612
-2996
862
755
-254
2398
6667
7806
6316
6054
7226
7065
5643
5819
8086
9471
7976
5085
3106
2223
1226
-108
-841
-679
-639
-1493
-2497
-2599
-2198
-2527
-3614
-4108
-3195
-1548
-153
819
1588
1960
1607
882
790
1839
3167
3547
2970
2302
1627
401
-978
-1627
-1939
-2935
-4123
-4185
-3423
-3329
-4148
-4937
-5403
-5733
-5439
-4094
-2458
-1465
-1086
-966
-996
-808
27
1045
1490
1645
2201
2819
2750
2311
2193
2038
1270
536
810
1609
1687
936
219
-243
-883
-1508
-1414
-686
-221
-380
-598
-456
-238
-244
-248
28
452
825
1226
1763
2257
2383
2019
1419
1107
1344
1769
1877
1712
1545
1219
545
-21
45
373
267
-140
-203
43
57
-179
-229
-135
-311
-568
-376
122
403
494
90
-2389
-7015
-10023
-8118
-4190
-3526
-5402
-5143
-3163
-4177
-7266
-6330
-1304
1140
-798
-927
3606
7450
6739
4926
5758
6964
5763
4479
6201
9258
9572
6753
3835
2573
1938
696
-421
-430
39
-394
-1712
-2395
-1988
-1787
-2800
-4092
-4050
-2613
-888
372
1219
1697
1489
676
25
481
2017
3397
3500
2691
2183
1951
766
-1383
-2757
-2589
-2490
-3588
-4496
-4014
-3531
-4573
-5919
-5761
-4736
-4339
-4100
-2786
-1014
-263
-472
-441
232
929
1301
1720
2500
3259
3335
2758
2228
2052
1769
1171
829
1080
1350
1014
300
-233
-564
-999
-1433
-1406
-910
-537
-589
-648
-395
-227
-416
-472
26
689
1088
1449
1951
2205
1972
1673
1649
1691
1648
1704
1858
1825
1580
1350
1100
654
178
-22
9
51
108
205
155
-144
-515
-789
-918
-838
-575
-321
-172
-61
55
99
-380
-2486
-6390
-9400
-8450
-5005
-3635
-4950
-5192
-3694
-4271
-7105
-6937
-2389
936
47
-395
3112
6684
6325
4564
5152
6592
6011
4897
6202
8949
9599
7325
4486
2887
2076
1084
230
274
818
541
-915
-2229
-2393
-2220
-2887
-3877
-3706
-2261
-765
77
630
1097
987
198
-357
304
1972
3387
3637
2962
2136
1429
600
-395
-1375
-2223
-2864
-3114
-3003
-2959
-3299
-4091
-5290
-6386
-6358
-4895
-3173
-2238
-1730
-1152
-968
-1221
-748
707
1720
1671
1809
2745
3271
2780
2268
2194
1701
684
371
1093
1602
1074
135
-498
-987
-1479
-1559
-1005
-370
-273
-579
-744
-592
-407
-334
-151
307
877
1348
1777
2223
2442
2193
1733
1605
1918
2287
2459
2526
2435
1939
1162
601
404
212
-120
-303
-263
-331
-620
-841
-860
-902
-1041
-1007
-658
-246
-8
94
118
62
-6
6
137
408
202
-1960
-6056
-8790
-7299
-4050
-3632
-5475
-5477
-3958
-4948
-7548
-6454
-1724
667
-879
-1039
2659
5842
5449
4411
5521
6736
5943
5095
6518
8814
8984
6684
4022
2587
2098
1572
932
758
910
299
-1378
-2745
-2733
-2253
-2713
-3700
-3678
-2425
-1110
-422
84
666
783
245
-45
923
2785
4080
4010
3250
2714
2200
1152
116
1
227
-722
-2748
-3974
-3628
-3241
-4174
-5571
-6009
-5721
-5681
-5556
-4322
-2477
-1725
-2314
-2537
-1351
203
981
1459
2291
2857
2546
2152
2561
3157
2891
1973
1370
1296
1223
912
558
205
-351
-1049
-1425
-1173
-615
-354
-516
-707
-640
-394
-43
487
1081
1419
1467
1555
1849
2130
2202
2164
2161
2182
2213
2326
2416
2189
1585
920
418
-1
-331
-353
-171
-297
-888
-1414
-1495
-1422
-1466
-1405
-1077
-765
-661
-579
-422
-314
-298
-293
-218
36
484
814
847
603
-761
-4149
-7786
-7978
-4717
-2647
-3889
-4982
-3715
-3437
-6041
-7102
-3585
302
173
-1054
1134
4800
5628
4185
4069
5407
5634
4805
5224
7359
8728
7462
4652
2518
1887
1688
1167
881
1188
1186
-125
-1853
-2458
-2095
-2157
-2974
-3280
-2372
-1026
-145
270
599
662
206
-298
47
1494
3069
3622
3074
2262
1695
1091
326
-176
-215
-278
-931
-2080
-3158
-3757
-4049
-4608
-5505
-5980
-5483
-4515
-3785
-3108
-2278
-1901
-2229
-2252
-1125
402
1378
1996
2592
2720
2216
1892
2140
2276
1896
1555
1623
1603
1189
769
543
128
-609
-1068
-819
-287
-97
-221
-285
-329
-539
-636
-157
707
1300
1425
1463
1637
1752
1717
1751
1947
2081
2010
1927
1971
1884
1401
717
207
-104
-352
-446
-335
-352
-782
-1358
-1661
-1664
-1561
-1342
-983
-678
-581
-588
-523
-350
-138
26
141
311
549
764
962
1149
1159
917
443
-948
-3913
-6811
-6630
-3737
-2319
-3934
-5168
-4099
-3888
-6168
-6854
-3300
421
260
-963
974
4265
4809
3288
3330
5055
5673
4888
5125
7063
8177
6600
3751
2074
1905
1762
1142
941
1372
1189
-394
-2150
-2610
-2126
-2073
-2612
-2614
-1687
-674
-238
-67
228
357
85
-97
522
1922
3209
3537
2911
2037
1364
748
159
24
423
560
-336
-1899
-3090
-3563
-3916
-4526
-4884
-4549
-4070
-4063
-4028
-3260
-2395
-2426
-2770
-2138
-735
264
807
1525
2054
1715
1081
1172
1802
2155
2159
2132
1962
1447
871
579
440
157
-229
-389
-249
-100
-133
-246
-376
-624
-825
-566
115
704
947
1070
1165
1102
1023
1239
1663
1905
1882
1833
1836
1731
1470
1204
1001
739
344
-31
-199
-228
-374
-727
-1101
-1333
-1460
-1548
-1488
-1210
-913
-802
-746
-521
-244
-144
-81
185
500
611
660
836
983
944
808
640
440
148
-814
-3071
-5510
-5761
-3755
-2518
-3600
-4697
-4059
-3733
-5213
-5764
-3055
203
569
-402
721
3234
4032
3177
3303
4783
5532
5006
4931
6068
6843
5773
3576
2020
1663
1622
1244
907
928
638
-623
-2165
-2748
-2309
-1891
-1981
-1981
-1443
-798
-536
-450
-134
281
455
538
1038
2065
3034
3222
2559
1705
1250
1077
826
488
69
-688
-1717
-2446
-2722
-3037
-3562
-3958
-4175
-4362
-4168
-3320
-2426
-2162
-2269
-2169
-1802
-1250
-411
541
1170
1329
1209
1036
1029
1303
1595
1567
1319
1139
1024
822
603
450
221
-174
-509
-479
-132
136
38
-281
-524
-615
-561
-229
359
841
930
840
890
1057
1194
1345
1563
1705
1683
1636
1659
1597
1280
807
435
267
187
80
-37
-191
-482
-859
-1095
-1051
-856
-692
-590
-502
-419
-353
-255
-71
127
235
247
284
398
538
643
687
665
567
409
244
95
-330
-1650
-3843
-5522
-5297
-3870
-3276
-3881
-4197
-3837
-4119
-5017
-4455
-1913
232
453
385
1706
3305
3591
3286
3830
4808
4992
4665
4954
5731
5742
4491
2823
1697
1218
976
787
741
645
41
-1100
-2090
-2294
-1907
-1543
-1386
-1157
-703
-208
142
409
729
1060
1277
1457
1902
2665
3263
3178
2507
1753
1120
513
75
48
44
-747
-2324
-3659
-4093
-4194
-4569
-4793
-4391
-3953
-4137
-4357
-3770
-2779
-2281
-2079
-1395
-343
405
804
1211
1524
1455
1218
1208
1400
1564
1625
1498
1039
425
33
-101
-226
-337
-240
-81
-178
-426
-439
-216
-101
-116
54
488
904
1159
1384
1623
1734
1709
1743
1941
2179
2287
2201
1945
1602
1265
948
641
389
210
4
-285
-559
-735
-886
-1070
-1208
-1227
-1171
-1060
-842
-567
-408
-439
-506
-428
-177
154
485
737
806
669
461
365
433
555
591
497
320
121
-71
-258
-452
-705
-1185
-2068
-3237
-4231
-4629
-4400
-3904
-3598
-3634
-3758
-3670
-3334
-2767
-1812
-525
574
1146
1549
2217
2925
3275
3422
3696
3979
4003
3905
3897
3783
3267
2473
1753
1275
1032
977
972
807
438
38
-237
-356
-306
-86
188
377
493
653
863
1024
1110
1203
1324
1426
1535
1671
1679
1346
746
180
-217
-614
-1164
-1784
-2283
-2590
-2798
-3010
-3225
-3357
-3384
-3354
-3213
-2816
-2190
-1607
-1275
-1108
-926
-689
-454
-229
7
248
436
516
508
473
422
294
92
-50
-18
115
184
130
-1
-158
-301
-356
-259
-46
169
294
351
407
502
625
765
935
1135
1324
1483
1619
1710
1708
1606
1470
1353
1256
1168
1057
859
560
242
11
-105
-142
-132
-132
-201
-326
-404
-379
-311
-271
-248
-221
-209
-189
-122
-65
-108
-207
-253
-255
-265
-244
-179
-201
-373
-555
-619
-628
-644
-599
-497
-475
-555
-620
-692
-956
-1451
-2002
-2440
-2665
-2559
-2135
-1682
-1488
-1515
-1509
-1331
-981
-444
239
891
1329
1563
1716
1852
1950
2001
2027
2051
2088
2116
2057
1828
1452
1058
784
674
692
792
910
936
810
629
553
631
776
932
1107
1255
1294
1253
1227
1223
1159
1027
867
678
480
322
113
-299
-847
-1290
-1614
-1969
-2206
-2075
-1785
-1796
-2076
-2210
-2098
-1981
-1873
-1591
-1193
-923
-830
-796
-754
-714
-661
-601
-543
-403
-152
52
61
-13
-6
29
2
14
193
401
428
328
285
314
307
252
234
278
337
384
422
451
478
513
549
591
680
828
935
900
758
643
599
556
489
447
431
360
201
13
-141
-242
-278
-255
-232
-242
-270
-331
-461
-606
-649
-582
-502
-427
-302
-161
-95
-122
-210
-346
-455
-416
-226
-39
25
9
-17
-61
-108
-78
64
226
312
342
375
392
349
263
159
21
-109
-168
-229
-439
-765
-991
-1024
-974
-905
-748
-509
-306
-186
-53
134
323
492
661
837
1022
1191
1253
1152
985
890
857
799
722
689
661
583
491
449
433
382
271
124
39
152
442
656
635
512
487
525
511
469
450
371
172
-28
-94
-67
-94
-235
-410
-502
-476
-411
-402
-463
-552
-664
-798
-883
-859
-828
-919
-1077
-1134
-1070
-1018
-1025
-1007
-929
-850
-797
-716
-592
-497
-491
-532
-518
-414
-279
-202
-196
-221
-242
-253
-258
-245
-205
-173
-181
-202
-182
-107
-25
22
39
73
148
244
328
390
451
511
561
615
688
764
796
779
754
770
839
922
967
929
825
717
653
623
599
571
535
451
306
152
45
-25
-105
-189
-214
-166
-122
-166
-268
-322
-273
-169
-58
59
183
255
230
155
121
163
229
259
257
255
235
149
16
-78
-81
-43
-43
-79
-104
-119
-170
-266
-353
-395
-400
-384
-353
-321
-330
-412
-545
-669
-730
-703
-613
-528
-516
-590
-690
-746
-745
-701
-632
-541
-444
-371
-322
-271
-194
-110
-39
36
157
312
447
525
564
601
651
702
751
816
900
965
975
929
869
824
799
788
798
821
815
748
640
528
422
317
222
158
119
70
6
-55
-115
-197
-295
-363
-376
-368
-372
-388
-409
-461
-562
-671
-725
-723
-719
-733
-739
-729
-738
-772
-795
-781
-751
-741
-738
-707
-659
-627
-621
-610
-564
-500
-446
-387
-316
-251
-200
-120
7
147
253
320
364
382
385
408
476
558
598
592
569
540
507
495
518
556
577
587
614
635
618
568
536
547
568
569
556
539
503
439
382
374
402
410
377
326
282
231
155
66
-6
-51
-75
-101
-155
-237
-328
-409
-465
-494
-478
-421
-363
-347
-380
-414
-399
-333
-263
-214
-178
-146
-134
-156
-191
-205
-189
-175
-198
-239
-259
-246
-235
-266
-318
-344
-334
-329
-344
-344
-297
-234
-205
-209
-196
-147
-91
-62
-40
10
97
190
258
296
317
339
345
335
324
338
391
434
420
370
321
301
289
262
251
277
326
357
339
295
257
227
199
168
150
164
184
173
108
19
-56
-91
-93
-86
-73
-65
-82
-131
-201
-252
-265
-259
-252
-261
-272
-278
-302
-347
-400
-439
-435
-409
-373
-339
-315
-302
-302
-309
-308
-284
-234
-162
-89
-27
18
49
62
59
47
41
54
85
119
137
128
103
75
53
49
58
73
91
110
141
178
212
238
246
237
231
241
277
325
356
365
344
306
265
224
194
176
167
162
156
144
120
78
22
-42
-96
-129
-138
-125
-103
-81
-72
-81
-107
-138
-159
-157
-136
-92
-38
5
27
20
-6
-49
-91
-118
-122
-103
-73
-53
-58
-91
-138
-187
-223
-233
-214
-188
-157
-128
-106
-94
-92
-94
-97
-93
-77
-41
2
44
76
92
93
85
71
56
48
52
68
94
119
134
127
101
72
51
50
69
103
138
164
176
172
159
140
119
103
95
98
106
102
89
64
34
1
-34
-63
-86
-98
-101
-100
-95
-92
-95
-112
-134
-150
-160
-161
-153
-140
-115
-86
-64
-55
-59
-74
-90
-98
-95
-79
-55
-32
-22
-30
-53
-79
-100
-108
-99
-72
-46
-24
-17
-26
-44
-60
-60
-37
2
48
86
107
98
63
16
-23
-34
-7
48
114
168
192
178
137
86
54
54
92
163
244
309
336
314
253
172
80
-1
-54
-74
-70
-50
-27
-18
-31
-60
-94
-116
-110
-65
7
91
161
204
197
148
79
2
-54
-81
-76
-50
-29
-24
-48
-89
-134
-170
-177
-155
-109
-57
-18
5
6
-16
-52
-95
-133
-157
-161
-141
-109
-78
-51
-35
-31
-36
-37
-29
-12
14
37
53
57
48
26
1
-23
-41
-46
-39
-19
2
25
40
51
56
61
73
88
103
114
118
113
104
94
80
62
43
25
9
-2
-8
-11
-15
-21
-33
-47
-58
-63
-63
-58
-51
-41
-34
-27
-21
-15
-11
-6
0
7
9
6
2
-2
-5
-9
-13
-16
-22
-28
-32
-32
-29
-19
-6
7
16
19
15
7
4
3
6
9
15
21
21
18
14
12
7
8
12
14
14
12
10
7
3
2
-1
-1
-1
0
-7
-15
-25
-34
-39
-41
-38
-32
-25
-20
-19
-21
-23
-25
-23
-20
-15
-7
-4
-1
-1
-7
-11
-12
-10
-3
4
10
15
21
24
24
23
21
19
22
26
31
30
28
26
19
13
9
7
8
13
18
23
23
22
21
18
19
18
16
16
12
7
5
0
-5
-11
-17
-20
-22
-23
-25
-25
-25
-21
-19
-20
-22
-20
-19
-16
-12
-12
-14
-17
-14
-13
-11
-5
-1
7
12
15
12
8
5
3
2
4
2
2
2
-4
-8
-17
-23
-26
-26
-21
