0
0
0
1
3
0
-1
-2
-2
-1
-1
0
0
1
2
3
4
3
3
6
4
4
3
2
2
2
3
3
1
0
1
0
2
2
-1
-1
0
0
-1
-1
-1
1
1
3
5
3
3
2
0
-4
-3
-3
-2
-4
-4
-4
-1
-1
-1
0
-2
-3
-4
-2
-2
-4
-1
-1
-1
1
3
1
-1
-2
-3
-6
-6
-4
-6
-5
-3
-1
-2
-1
-2
0
1
1
-1
0
3
3
4
4
2
2
3
3
2
0
0
-2
-2
-3
-3
-5
-4
-5
-7
-6
-7
-4
-3
0
0
1
2
4
6
8
9
9
8
9
10
8
8
5
4
3
1
1
-1
-2
-1
-4
-5
-4
-5
-2
2
3
3
3
3
5
5
5
4
5
5
5
1
0
-2
-5
-8
-8
-6
-6
-6
-5
-6
-7
-6
-8
-6
-5
-4
-2
-1
1
1
1
4
5
7
6
5
4
3
1
-1
-1
0
-2
-4
-11
-15
-28
-31
-25
-19
-11
-12
-5
-4
-6
-3
7
23
25
25
24
30
42
46
48
48
40
45
47
41
30
17
12
-4
-25
-37
-41
-41
-53
-54
-44
-37
-35
-45
-53
-55
-53
-52
-67
-76
-69
-50
-25
2
23
36
58
60
52
56
38
55
-4
-352
-922
-1034
-505
-178
-266
-376
-633
-1249
-1378
-574
83
46
295
1065
1292
1076
1492
2070
1731
1142
1124
1211
1120
1260
1346
870
256
40
-153
-471
-478
-330
-504
-809
-729
-490
-578
-957
-1254
-1148
-736
-341
-70
295
701
748
512
418
514
471
279
205
225
215
163
102
-31
-264
-521
-778
-936
-906
-752
-602
-500
-393
-316
-268
-202
-134
-117
-126
-48
57
31
-55
3
140
85
-50
66
287
255
150
262
317
107
2
87
-138
-698
-1011
-1019
-1089
-1103
-855
-719
-881
-867
-511
-265
-210
33
427
628
717
953
1230
1310
1168
922
738
729
742
587
444
471
407
103
-88
14
89
16
66
255
318
299
371
385
211
51
-12
-159
-333
-300
-215
-428
-864
-1220
-1512
-1867
-2117
-2054
-1787
-1517
-1250
-903
-484
-74
272
547
803
1084
1385
1680
1944
2137
2196
2089
1852
1551
1274
1077
930
770
663
721
840
825
728
714
745
709
680
777
903
910
797
633
439
226
88
77
97
47
-62
-160
-236
-271
-302
-475
-814
-1100
-1192
-1252
-1431
-1608
-1690
-1900
-2400
-2791
-2511
-1782
-1415
-1607
-1758
-1577
-1395
-1310
-1034
-620
-415
-421
-394
-228
154
536
21
-1872
-4018
-5050
-5292
-5727
-5997
-5308
-4291
-3953
-3787
-2730
-1061
152
744
1423
2614
4104
5513
6643
7445
7872
7806
7266
6658
6429
6392
5923
4886
3815
3045
2339
1481
661
29
-556
-1116
-1367
-1156
-702
-368
-366
-651
-889
-728
-235
281
754
1177
1199
737
456
797
1145
852
279
-43
-285
-636
-863
-1010
-1494
-2285
-2924
-3199
-3167
-2889
-2603
-2578
-2687
-2620
-2340
-1981
-1561
-1135
-832
-616
-323
108
594
969
1052
869
694
671
698
730
736
553
138
-196
-282
-374
-593
-746
-785
-819
-785
-489
7
394
476
275
68
80
161
140
175
213
-151
-659
-600
-179
-134
-489
-648
-492
-332
-92
203
333
556
641
-1436
-6653
-10945
-9961
-6505
-6241
-8116
-6438
-2304
-2206
-5188
-4150
1094
3376
1217
1122
5632
9816
10180
9389
10126
10641
9182
7028
6447
7600
8232
6684
3881
2215
2098
1514
-322
-1740
-1566
-1346
-2154
-2269
-678
891
728
-250
-446
41
766
1892
3195
3770
3568
3374
2855
1494
364
373
140
-1778
-3881
-4048
-3278
-3871
-5555
-6524
-6810
-7617
-8773
-9129
-8101
-6287
-4968
-4447
-3782
-2402
-1222
-1038
-746
499
1657
1911
2113
2906
3423
3057
2193
1382
864
464
176
130
275
288
-59
-427
-518
-439
-323
-50
373
754
1195
1711
2071
2223
2262
2381
2625
2882
3176
3584
3938
3908
3617
3550
3583
3080
2179
1603
1245
521
-143
-24
97
-888
-2361
-2998
-2759
-2646
-2771
-2671
-2476
-2354
-2319
-2070
-1390
-1544
-5375
-12604
-16224
-11793
-5852
-6048
-8573
-5636
-1373
-3886
-8201
-4616
3353
4661
529
1465
8321
12584
11107
9471
10516
10516
7812
5548
6878
9952
10318
6883
2627
1087
1382
350
-1749
-2300
-1113
-1259
-2846
-2504
-25
1191
-539
-2318
-1893
-580
778
2676
4736
5165
3922
2974
2620
2245
2055
2295
1814
-169
-1748
-1758
-1773
-3259
-5338
-6835
-8479
-9989
-9677
-7745
-6292
-6379
-7105
-7759
-7523
-5484
-2801
-1178
-389
656
1583
1994
3026
4476
4629
3384
2477
2770
3406
3736
3574
2668
1082
-601
-1436
-1043
-162
16
-541
-885
-861
-812
-528
107
412
106
156
1157
2403
3125
3382
3402
3160
2914
3165
3953
4586
4415
3683
3079
2669
2090
1429
1070
870
296
-537
-947
-1011
-1579
-2690
-3374
-3399
-3502
-3779
-3611
-2936
-2337
-2095
-1755
-1176
-942
-1327
-2311
-4276
-7805
-11401
-11380
-7643
-4946
-5896
-7110
-5531
-4239
-5720
-6234
-2550
1803
2235
1395
4078
8762
10695
9328
8399
9180
9663
9141
9161
10756
11866
10213
6581
3821
3412
3287
1709
-121
-526
-187
-1120
-2429
-2258
-1576
-2480
-4505
-4743
-2899
-1096
-127
696
1522
1294
540
758
1838
2740
2930
3028
2981
2450
2031
1756
1010
-672
-2719
-4850
-6634
-6588
-6103
-7140
-8534
-9056
-9490
-10460
-9583
-6532
-4958
-5350
-4637
-2222
-678
188
1916
3114
3193
3191
4032
5376
6027
5746
4635
3592
3021
2579
2553
2644
2222
937
-183
-265
-301
-528
-646
-834
-1175
-1207
-622
-61
268
304
42
117
824
1899
2819
3364
3504
3362
3394
3683
3937
3955
3956
3802
3051
2480
2564
2201
749
-749
-1452
-1917
-2650
-3205
-3139
-3331
-4126
-4262
-3696
-3333
-3275
-3131
-2845
-3192
-4445
-6959
-10689
-12302
-9360
-5327
-5410
-8090
-7308
-4339
-4839
-7201
-5269
186
1905
-107
1271
6914
10455
8870
7067
8425
10131
10107
9925
11679
13537
12538
9209
6364
6105
6513
4969
2327
1208
1979
1552
-561
-1656
-1290
-2077
-5071
-6506
-4392
-2074
-2114
-2832
-1998
-1247
-2093
-2509
-1013
812
983
687
1541
2636
2859
2278
1646
905
-308
-1423
-1792
-1425
-1734
-3667
-5757
-6572
-6769
-7404
-7579
-6561
-6024
-6646
-6639
-5235
-3960
-3692
-3245
-2109
-1056
-124
1153
2465
2964
2639
2383
2739
3453
3929
4114
4191
3946
3345
2858
2797
2689
2169
1664
1513
1528
1490
1355
978
352
-246
-524
-343
113
456
503
417
403
523
747
1029
1244
1402
1583
1823
2196
2556
2686
2338
1711
1421
1376
1297
1141
914
524
-91
-603
-893
-1091
-1358
-1674
-1854
-1911
-1999
-2422
-3125
-3931
-5785
-9338
-11762
-9797
-6041
-5762
-8487
-8869
-6401
-6115
-8213
-7508
-3367
-1347
-2838
-2230
2417
6183
5652
4030
5033
6983
7699
8200
10107
12292
12311
10430
8825
9085
10021
9223
7171
6246
7048
7118
5365
4117
4076
2910
-408
-2677
-1596
-254
-1468
-3390
-3439
-3091
-4601
-6136
-5555
-4434
-5091
-6205
-5294
-3438
-2909
-3518
-3645
-3209
-3371
-3904
-3575
-2002
-683
-1111
-2567
-3241
-2579
-1990
-2054
-1786
-1216
-1281
-1734
-1199
-68
-68
-1018
-1357
-701
-137
169
834
1279
786
-35
85
933
1318
1110
974
1187
1154
953
1324
1859
1605
869
920
1725
2171
1934
1601
1461
1053
475
342
675
789
285
-154
358
1171
656
-209
447
947
36
-294
544
1014
691
141
121
406
129
29
354
143
-365
-161
326
-14
-478
-268
-166
-500
-409
174
373
230
350
560
355
69
88
-105
-974
-1831
-1754
-1260
-1394
-2045
-2334
-2219
-2432
-2919
-2933
-2278
-1804
-2004
-1974
-1215
-469
-319
-330
71
452
519
635
1076
1610
1693
1545
1540
1602
1778
1949
1946
1873
2064
2391
2457
2461
2645
2791
2497
2102
2192
2461
2387
2045
1967
2048
1700
1208
1054
1033
683
150
-70
-106
-319
-621
-784
-896
-1238
-1666
-1841
-1835
-1911
-2104
-2252
-2275
-2365
-2604
-2732
-2672
-2648
-2742
-2691
-2342
-1995
-1844
-1697
-1466
-1258
-1125
-944
-713
-511
-422
-413
-399
-367
-351
-355
-344
-409
-361
-206
-297
-114
146
-26
25
227
205
205
528
652
404
822
1186
861
1090
1487
1323
1168
1356
1581
1510
1292
1517
1793
1511
1534
1862
1535
1306
1607
1499
1039
1127
1468
1165
677
808
952
538
303
572
612
250
181
417
264
-82
19
260
66
-150
61
130
-236
-676
-1028
-1287
-1430
-1397
-1424
-1706
-1977
-2133
-2258
-2456
-2563
-2360
-2273
-2465
-2457
-2077
-1749
-1830
-1914
-1665
-1487
-1478
-1232
-704
-294
-240
-215
63
401
615
772
989
1260
1517
1767
2054
2348
2549
2602
2556
2580
2812
3040
3031
2886
2814
2752
2365
1880
1747
1738
1405
932
831
912
640
123
-124
-138
-446
-928
-1004
-824
-938
-1309
-1510
-1465
-1569
-1865
-1981
-1812
-1694
-1879
-1796
-1448
-1417
-1564
-1578
-1441
-1338
-1252
-1098
-901
-796
-913
-945
-758
-862
-1099
-949
-725
-636
-678
-907
-742
-575
-860
-496
-175
-423
66
422
31
255
870
726
450
1277
1475
924
1625
1937
1337
1520
1862
1721
1573
1566
1765
1675
1454
1263
1099
1302
915
440
905
808
241
295
442
321
130
73
21
110
262
13
-134
188
250
-155
-172
226
126
-193
-86
4
-207
-331
-240
-275
-496
-652
-888
-1179
-1174
-977
-1025
-1399
-1612
-1559
-1702
-2066
-2225
-2073
-2065
-2343
-2372
-1964
-1716
-1868
-1908
-1708
-1606
-1546
-1297
-929
-646
-494
-301
0
299
672
1074
1335
1597
2044
2553
2840
3007
3305
3497
3431
3406
3703
3932
3570
3105
2988
2790
2343
1999
1787
1416
889
534
347
158
-56
-361
-787
-1107
-1248
-1395
-1399
-1330
-1425
-1731
-1956
-1855
-1749
-1763
-1689
-1635
-1702
-1637
-1308
-1175
-1492
-1525
-1240
-1349
-1343
-998
-970
-1020
-1003
-1030
-1005
-770
-304
-487
-495
-253
-368
-351
-213
161
-39
-328
66
624
335
-119
712
919
-91
-102
855
1247
424
455
1384
754
699
1252
985
914
810
933
1100
724
945
1246
546
244
636
731
331
363
705
640
467
346
505
452
283
335
116
169
463
404
94
-88
210
300
-230
-218
161
40
-308
-324
-50
-150
-325
-372
-511
-678
-850
-941
-1074
-1255
-1211
-1198
-1377
-1517
-1522
-1450
-1713
-1940
-1695
-1460
-1559
-1572
-1288
-1163
-1220
-1233
-1085
-879
-759
-582
-254
44
319
622
783
951
1266
1614
1958
2375
2812
3119
3212
3174
3181
3162
2959
2742
2668
2480
1989
1429
1055
697
443
348
-76
-209
55
-472
-1027
-613
-251
-1088
-1678
-1159
-929
-1497
-1441
-1023
-1479
-1741
-1319
-1004
-1329
-1020
-1199
-1102
-357
-773
-1052
-667
-234
-864
-942
-158
-441
-633
-317
-511
-90
-60
-848
-523
-41
-129
-486
-514
133
276
-368
-156
555
110
-571
-14
1172
325
-1075
277
1505
-65
-806
915
1001
-258
-107
535
342
426
562
319
700
633
403
799
851
453
845
1014
547
876
920
653
975
1354
17
40
1308
562
-161
286
586
721
88
-349
507
469
-637
-692
105
90
-320
-307
-155
-12
-655
-952
-235
-636
-1178
-779
-749
-1010
-1093
-1357
-1776
-1719
-1491
-1673
-1873
-1721
-1625
-1874
-1905
-1616
-1685
-1650
-1309
-1110
-928
-518
-181
-38
115
329
781
1223
1426
1769
2283
2373
2246
2538
2930
2874
2719
2731
2709
2565
2399
2254
2004
1721
1483
1201
987
791
588
857
526
-488
-348
379
-210
-1319
-947
-439
-927
-1384
-1168
-885
-806
-1286
-1835
-1172
-643
-1554
-1450
-568
-736
-1220
-1766
-786
281
-1695
-1867
275
-57
-1242
-924
189
-34
-1037
-662
-93
-196
-131
-356
-568
-138
-126
-643
-235
125
-530
-673
-96
209
-171
-407
113
-175
-418
458
457
261
650
339
133
630
1018
916
323
312
1335
1277
263
781
1381
547
168
844
1561
841
37
883
1433
265
-136
945
1155
414
-7
662
952
280
194
404
101
4
231
-48
-272
249
125
-947
-1046
-454
-941
-1716
-1429
-1016
-1682
-2263
-1870
-2068
-2596
-2511
-2237
-2197
-2433
-2310
-1786
-1686
-1893
-1645
-1150
-957
-858
-368
342
632
679
1080
1612
1813
2023
2551
2932
3047
3354
3615
3610
3662
3607
3407
3430
3324
2886
2685
2598
2168
1419
972
1040
787
69
-388
-325
-605
-1249
-1359
-1321
-1827
-2333
-2021
-1761
-2195
-2474
-2275
-2055
-2281
-2564
-2091
-1277
-1258
-1996
-1469
-416
-1115
-1363
-160
-41
-705
-188
433
164
82
409
263
166
301
221
632
576
-10
-239
-120
-22
-402
-594
-364
-257
-594
-1024
-679
13
-355
-724
-658
-401
286
418
227
109
507
917
636
685
1355
1298
603
1229
1742
963
1216
1814
1062
696
1179
1226
1181
882
209
469
899
421
280
294
-293
-103
251
-410
-425
88
-69
-619
-385
712
315
-562
145
353
-410
-784
-871
-902
-1152
-1775
-2313
-2629
-2993
-3263
-3131
-2974
-3035
-3221
-3294
-3114
-2956
-2763
-2422
-1907
-1501
-1301
-689
324
724
633
1197
2227
2764
2916
3679
4660
4732
4293
4576
5367
5396
4988
5187
5546
5254
4734
4594
4436
3741
2751
2017
1565
1128
649
-13
-920
-1782
-2435
-3074
-3575
-3701
-3855
-4432
-4888
-4771
-4623
-4827
-5004
-4711
-4300
-4048
-3508
-2641
-2108
-2064
-1826
-1179
-640
-298
328
988
1197
1391
1890
2217
2219
2247
2297
2288
2106
1861
1809
1544
1040
595
298
149
-141
-362
-593
-1043
-1152
-1225
-1542
-1371
-740
-938
-1607
-1011
-292
-694
-898
-152
754
695
182
926
1804
1235
963
1461
1805
1979
1881
2011
2231
2288
2113
1785
1761
1472
1457
1364
610
654
746
233
41
305
392
-363
-752
-207
-281
-807
-782
-1037
-2375
-3969
-5286
-6130
-5743
-4787
-4464
-5083
-6078
-6160
-5778
-6164
-6286
-5015
-3655
-3448
-2992
-1156
429
487
-22
624
2483
3965
5101
6644
7916
8118
7603
7570
8307
9230
9557
9190
9163
9423
9239
8342
7059
6086
5147
4015
3135
2908
2591
938
-1402
-3119
-3979
-4751
-5876
-6633
-6933
-7540
-8469
-8882
-8760
-8916
-9249
-9064
-8204
-7080
-6050
-5163
-4451
-4057
-3568
-2440
-1015
201
1244
2105
2478
2828
3519
4014
4160
4269
4512
4739
4829
4651
4126
3417
2592
1881
1611
1658
1411
638
-171
-808
-1395
-1954
-2328
-2464
-2598
-2766
-2803
-2611
-2439
-2574
-2726
-2506
-1866
-1053
-302
240
591
949
1287
1723
2293
2829
3324
3409
3267
3623
3925
3570
3152
3003
2753
2264
2033
1944
1490
1082
656
-32
-448
-218
40
-774
-1756
-1445
-872
-1494
-2322
-2233
-3608
-8191
-11547
-9079
-4475
-4185
-7453
-8563
-6688
-6857
-9436
-8772
-4300
-2272
-4529
-4803
-66
4159
3383
925
1844
4932
6528
7553
10253
13124
13062
10403
8866
10311
12676
12880
11049
10097
10660
10510
8405
6122
5173
3962
1100
-1298
-624
996
-474
-4679
-7847
-8340
-8534
-9737
-10051
-8946
-8702
-10512
-11752
-10409
-8733
-9057
-9848
-8433
-5652
-3992
-3243
-1873
-570
-798
-1135
638
3626
5264
5175
5045
5213
4932
4539
4723
5065
4716
4072
3843
3725
3177
2041
656
-600
-1257
-1044
-638
-763
-1519
-2491
-3376
-3950
-3748
-2995
-2399
-2326
-2253
-1730
-1195
-912
-746
-354
254
936
1974
3113
3622
3355
3016
3084
3322
3590
4023
4394
4038
3295
2940
2623
1900
1048
569
436
252
-11
-293
-820
-1447
-1763
-1875
-2031
-2064
-1780
-1584
-1716
-1801
-2128
-3994
-8248
-12008
-10588
-5829
-3896
-6348
-8462
-7033
-6626
-9593
-10133
-5341
-1411
-3171
-4658
-73
5401
5186
1927
2484
6017
7633
8389
11478
15452
15740
12464
10114
10776
12774
13189
11923
10974
10901
10566
8386
5599
4101
2845
128
-2895
-2876
-881
-1360
-5194
-8974
-10078
-10371
-11452
-11649
-10044
-8695
-9786
-11329
-10440
-8296
-7764
-8592
-7560
-4427
-1947
-868
389
1981
1900
799
1519
4185
6359
6642
6219
5829
5024
4102
3571
3408
2988
2297
1724
1221
778
35
-1360
-3159
-4236
-3819
-2914
-2515
-2604
-2911
-3542
-4344
-4278
-3115
-1830
-1244
-972
-213
678
1100
1164
1348
1760
2207
2981
4174
5059
4964
4169
3534
3351
3496
3935
4265
3962
3086
2139
1316
549
190
106
-487
-1190
-887
-261
-815
-1785
-1730
-1286
-1790
-2319
-1206
-38
-757
-2097
-3623
-8114
-13963
-13187
-5834
-2346
-6900
-10829
-7746
-5857
-10777
-12782
-5839
61
-3207
-6209
212
8018
7229
2150
2796
7571
9277
9577
13138
18127
18622
14329
10805
11236
13888
14432
12294
10641
10776
10606
7635
4062
2631
1409
-2266
-6260
-5875
-2830
-2904
-6999
-11014
-12205
-12644
-13618
-13252
-10969
-9227
-9921
-10892
-9653
-7180
-6109
-6633
-5916
-2964
270
2211
3408
4535
4515
3234
2792
4624
7156
7886
6805
5404
4428
3495
2318
1380
883
389
-516
-1311
-1373
-1509
-2854
-4985
-6099
-5465
-4209
-3286
-2631
-2230
-2683
-3619
-3562
-2122
-456
405
983
1997
2969
3211
3073
3252
3537
3535
3728
4633
5652
5678
4583
3346
2743
2597
2460
2370
2477
2318
1325
221
-373
-891
-1728
-2297
-2022
-1600
-1609
-1616
-1395
-1447
-1985
-2265
-1796
-1353
-1072
-918
-1402
-4064
-9196
-12624
-10223
-5333
-4386
-7496
-8547
-6280
-6664
-10008
-9437
-3596
-778
-3572
-3695
2689
7964
6510
3654
5444
8621
9175
9883
13880
17891
17133
13277
10889
11610
12803
12105
10407
9450
9238
7993
5181
2806
1576
-365
-4165
-7020
-6230
-4344
-4963
-7896
-10148
-11195
-12588
-13548
-12377
-9746
-8478
-8928
-8447
-6596
-5049
-4764
-4445
-2816
-703
1289
3291
5096
5701
4919
3970
3649
4333
5486
6065
5512
4140
2909
1756
345
-889
-1325
-1504
-2298
-2992
-2843
-2687
-3702
-5341
-5778
-4966
-3989
-3145
-1950
-812
-854
-1538
-1464
-236
1072
1775
2513
3526
4345
4465
4188
4176
4113
3811
3734
4333
5130
5115
4117
2896
1982
1225
897
992
907
320
-585
-1206
-1391
-1460
-1768
-2170
-2229
-2126
-1758
-1227
-895
-618
-831
-1186
-1165
-1169
-2426
-6689
-12338
-13654
-8817
-4407
-5962
-9591
-9268
-7986
-10786
-12678
-7334
-771
-1556
-4863
-1140
6236
7891
5144
5805
9510
10364
10068
13729
19191
20183
16614
13516
12818
12981
12861
12523
11765
10147
8035
5663
3289
1429
-461
-3309
-6645
-8073
-7211
-6434
-7526
-9883
-11855
-13441
-14626
-14031
-11319
-8541
-7714
-7842
-6930
-5184
-3864
-2929
-1367
362
1793
3535
5439
6621
6584
5785
4655
3658
3937
5186
5439
3896
2076
974
-595
-2625
-3453
-3014
-3308
-4781
-5362
-4574
-4479
-5752
-6537
-5790
-4781
-4181
-2921
-883
240
-197
-553
304
1720
2762
3598
4769
5691
5724
5300
5133
5212
4940
4206
3861
4327
4585
3891
2845
2100
1358
325
-257
106
537
-15
-1032
-1379
-1321
-1493
-1685
-1551
-1364
-1257
-841
-171
359
408
344
497
187
-1002
-4055
-9982
-14651
-12326
-6129
-4453
-8482
-10747
-8510
-9033
-13365
-12464
-4945
-1225
-4499
-4439
2910
8438
6815
4478
6984
9704
9611
11294
16618
20542
19128
15257
12820
12404
12606
12214
11292
9972
8538
6744
4250
1908
-75
-2665
-6285
-8959
-8805
-7230
-6714
-8163
-10210
-11684
-12708
-12898
-11687
-9398
-7436
-6638
-5914
-4140
-2097
-1116
-983
-355
1146
3023
4925
6438
7037
6488
5146
3680
3010
3530
4056
3196
1467
324
-437
-2087
-3911
-4458
-4391
-5171
-6055
-5366
-4014
-4109
-5423
-5831
-4803
-3732
-2874
-1203
922
1797
1300
1132
2057
3104
3476
3733
4435
5130
5303
4988
4585
4201
3493
2592
2191
2695
3217
2816
1910
1171
491
-389
-747
-209
191
-202
-764
-646
-297
-436
-617
-366
128
282
311
685
1352
1817
1274
-166
-2353
-6426
-12381
-15366
-11431
-5961
-6175
-10519
-11449
-9200
-10905
-14192
-11210
-4153
-2313
-4767
-1989
5545
9172
7033
5998
8771
10518
11081
14081
18989
21284
19077
15595
13302
12587
12347
11545
10268
8640
7177
5156
2471
66
-2340
-5312
-8742
-10591
-9931
-8332
-7667
-8819
-10565
-11731
-11990
-11596
-10467
-7890
-5251
-4273
-4065
-2404
223
1092
497
1009
2970
4329
4960
6361
7475
6412
4004
2508
2216
2058
1718
1070
-37
-1376
-2568
-3749
-4995
-5623
-5651
-6030
-6513
-5734
-4177
-3797
-4502
-4518
-3493
-2532
-1628
156
2230
2993
2499
2294
2948
3626
3854
4068
4619
5023
4709
4082
3670
3242
2386
1458
1198
1575
1853
1594
1042
433
-229
-675
-588
-94
273
246
-54
-354
-66
876
1667
1714
1327
1354
1841
2090
2342
2703
2380
554
-2881
-8037
-13757
-14962
-10450
-6636
-8409
-12241
-11728
-10172
-12894
-14883
-10288
-4083
-4021
-5383
-333
7227
9344
6932
7178
10168
11454
12211
15704
20485
21653
18670
15143
13361
12892
11958
10445
8850
7332
5596
3126
742
-1364
-3925
-7420
-10735
-11768
-10697
-9060
-8521
-9461
-10670
-11334
-11397
-11061
-9367
-6336
-3926
-2830
-1793
258
1843
1969
2133
3138
4278
5126
6292
7223
6868
5550
3808
2104
953
806
784
-291
-1658
-2496
-3421
-5093
-6322
-6141
-5875
-6298
-6233
-4875
-3556
-3479
-3768
-3276
-2198
-1293
-188
1582
3211
3721
3267
3053
3461
3784
3684
3607
3885
4015
3634
3031
2553
1967
898
-11
30
713
1096
922
655
337
-51
-285
-190
-39
-79
92
589
1048
1297
1537
1586
1113
757
1130
1834
2045
1733
1354
721
-1007
-4322
-8535
-12350
-13567
-11558
-9312
-9375
-10339
-10042
-10017
-11433
-11432
-7857
-3482
-1736
-402
3557
7953
9657
9573
10402
11799
12446
13278
15479
18040
18472
16442
13523
10953
9101
7500
6015
4719
3484
1881
-285
-2278
-4001
-5880
-7982
-9604
-9711
-8544
-6999
-6068
-6118
-6668
-6953
-6451
-5402
-3662
-1333
587
1468
1721
2286
2770
2411
1796
1816
2259
2252
1973
1730
1008
-605
-2585
-3889
-4267
-4106
-3902
-3936
-4176
-4525
-4871
-5098
-4808
-3882
-2914
-2270
-1513
-216
884
1091
970
1236
1744
2078
2621
3520
3959
3494
2604
1951
1507
1222
1207
1227
1038
651
329
1
-327
-497
-622
-624
-263
462
1293
1872
2143
2269
2213
2099
2350
2826
3027
2949
2796
2782
2941
2802
2073
1609
1553
1139
476
131
271
-542
-3519
-7788
-12672
-16764
-16552
-12282
-9235
-10510
-12109
-10504
-9439
-10849
-9875
-4073
710
836
2105
7990
13201
13290
11508
12023
12933
12453
12735
15189
17119
15547
11684
7928
5492
3892
2239
691
-614
-1610
-2716
-3893
-4601
-5264
-6375
-7766
-8137
-6725
-4088
-1255
389
584
153
-6
120
489
1877
3827
4716
4122
3407
3133
2129
320
-1161
-1842
-2362
-2764
-2588
-2670
-3716
-5343
-6756
-7610
-7610
-6426
-5000
-4375
-4223
-3703
-3113
-3046
-2680
-1378
-61
500
1154
2501
3424
3066
2182
1878
2030
2080
2193
2505
2594
1902
568
-587
-1092
-1240
-1422
-1459
-1080
-593
-528
-770
-743
-399
-110
339
1416
2861
3834
4109
4308
4610
4639
4411
4367
4550
4652
4514
4219
3773
3051
2230
1371
566
30
-329
-837
-1675
-2711
-4588
-8723
-15374
-20355
-18424
-12567
-9897
-11638
-12157
-9322
-8978
-11383
-9508
-2130
2726
1806
3020
9636
15128
14520
11923
12416
13148
11912
11480
14061
16508
14620
9787
5378
3106
1723
123
-1127
-1994
-2528
-3296
-4001
-4218
-4414
-4967
-6065
-6396
-4836
-1446
2147
3683
3393
2766
2728
2725
2752
3952
5441
5291
3612
2523
2331
1150
-1175
-3150
-4092
-4685
-5065
-4801
-4775
-5631
-6964
-8162
-8792
-8290
-6500
-4862
-4269
-3823
-2814
-1981
-1958
-1549
-211
827
1084
1566
2806
3595
3033
1853
1234
1228
1127
1021
1332
1636
1015
-436
-1448
-1489
-1415
-1800
-1862
-1088
-217
76
95
464
970
1085
1222
2212
3813
4975
5441
5689
5911
5655
4844
4244
4079
3957
3584
3058
2758
2641
1831
163
-1077
-1562
-1965
-2731
-3368
-3776
-6442
-12896
-19232
-18944
-13111
-9448
-10492
-11333
-8339
-6720
-9247
-8912
-2400
3229
2467
1874
7419
13837
14550
11719
11442
12227
10644
9177
10866
13931
13509
9275
4658
1976
780
-562
-1747
-2440
-2650
-2934
-3552
-3505
-2961
-2771
-3605
-4518
-3666
-734
2844
4757
4751
4152
3832
3586
3149
3662
4887
4876
2979
1138
873
491
-1407
-3862
-5232
-5730
-6342
-6409
-5788
-5464
-6252
-7520
-7993
-7298
-5656
-4132
-3275
-2577
-1606
-770
-618
-260
802
1497
1245
1201
2239
3146
2728
1515
716
419
85
-111
216
753
572
-459
-1455
-1618
-1279
-1316
-1542
-1181
-320
261
496
995
1771
2101
2023
2593
3960
5177
5575
5529
5454
5069
4392
3744
3367
3215
2970
2408
1711
1329
808
-316
-1482
-2144
-2315
-2809
-3670
-4804
-8131
-14364
-18889
-16576
-10967
-8956
-10386
-9810
-6820
-7109
-9336
-6611
237
3399
1967
3644
9779
13910
12805
10942
11581
11321
9201
8588
11119
13190
11163
6687
2956
1148
-224
-1665
-2285
-2296
-2406
-3059
-3304
-2686
-2137
-2369
-3047
-2970
-1430
1541
4340
5308
4986
4714
4607
3816
3161
3939
4952
4112
2017
986
758
-464
-2602
-4189
-4893
-5628
-6193
-5965
-5421
-5464
-6285
-7133
-7240
-6239
-4668
-3518
-2805
-1982
-1157
-885
-806
-127
767
980
762
1023
1720
1930
1371
551
-40
-390
-671
-747
-511
-214
-389
-1111
-1701
-1691
-1439
-1321
-1043
-258
536
843
947
1312
1857
2077
2167
2879
4130
4987
5085
5004
5052
4762
4130
3701
3615
3372
2747
2221
1814
1135
251
-514
-1057
-1491
-1881
-2222
-2930
-4716
-8759
-14736
-17912
-14759
-9486
-8081
-9540
-8428
-5895
-7070
-9035
-5434
1402
3532
2166
4777
10797
13577
11577
10148
10825
10150
8149
8183
10968
12338
9746
5200
1716
42
-1394
-2653
-3017
-2618
-2557
-3281
-3506
-2909
-2384
-2736
-3279
-2760
-812
2093
4375
5282
5391
5166
4420
3344
3338
4484
4865
3576
2098
1463
528
-1274
-2934
-3972
-4970
-5910
-5915
-5243
-4959
-5240
-5774
-6435
-6696
-5752
-4031
-2809
-2217
-1450
-664
-554
-598
99
1048
1195
828
1017
1734
1915
1127
83
-497
-778
-1159
-1284
-654
-52
-561
-1680
-2004
-1433
-1155
-1238
-610
577
1069
872
1156
1987
2357
2173
2374
3398
4469
4846
4880
4959
4893
4364
3561
3178
3275
2913
1876
1264
1323
970
-245
-1255
-1340
-1554
-2463
-3011
-3154
-5070
-10048
-15344
-16306
-12697
-9255
-8733
-8928
-7350
-6226
-7523
-7517
-3165
1906
2995
2802
6122
10996
12551
10950
10159
10401
9381
7947
8646
10912
11218
8307
4176
1167
-374
-1515
-2347
-2587
-2449
-2597
-3174
-3342
-2782
-2246
-2447
-2778
-2040
191
2902
4564
5049
5117
4969
4170
3273
3634
4728
4700
3128
1537
667
-466
-2076
-3368
-4120
-4869
-5556
-5652
-5369
-5178
-5303
-5673
-6100
-5952
-4666
-3040
-2033
-1534
-960
-511
-603
-506
322
1200
1228
859
1011
1337
1107
346
-328
-740
-1131
-1383
-1244
-789
-672
-1226
-1925
-2067
-1640
-1301
-1057
-409
413
794
907
1381
2033
2302
2348
2739
3446
4051
4438
4638
4548
4229
3939
3765
3588
3209
2651
2066
1588
1182
683
260
-169
-747
-1291
-1555
-1538
-1816
-2380
-3348
-5851
-10393
-14779
-14832
-10817
-7630
-7638
-8217
-6833
-6114
-7355
-6737
-2191
2347
3030
3326
6786
10856
11623
9898
9318
9467
8672
7826
8764
10589
10104
6896
2942
374
-787
-1620
-2118
-2261
-2171
-2461
-2999
-3129
-2845
-2467
-2493
-2368
-1286
947
3390
4523
4599
4581
4511
3851
3201
3746
4528
4042
2615
1594
822
-724
-2333
-3293
-4055
-4929
-5257
-4855
-4831
-5286
-5521
-5597
-5862
-5645
-4190
-2623
-1979
-1670
-1021
-511
-633
-543
204
913
1007
896
1167
1381
989
74
-657
-797
-807
-946
-936
-563
-494
-1192
-1942
-1933
-1362
-1105
-986
-369
455
782
710
1062
1610
1696
1633
2214
3291
3940
4131
4173
4000
3665
3478
3588
3605
3361
2876
2119
1428
1037
879
569
97
-295
-762
-1042
-1036
-1111
-1498
-2053
-2494
-3724
-6331
-9664
-12226
-11964
-9337
-6988
-6801
-7319
-6341
-5542
-5993
-5240
-1457
2398
3111
3503
6362
9537
9799
8343
8195
8552
7992
7368
8165
9292
8339
5448
2281
354
-538
-1180
-1570
-1649
-1477
-1768
-2294
-2311
-1907
-1613
-1771
-1510
-310
1513
3113
3803
3970
3832
3409
2751
2513
3100
3374
2625
1451
689
-133
-1498
-2531
-3014
-3582
-4388
-4588
-4136
-4129
-4501
-4596
-4499
-4634
-4419
-3233
-2040
-1622
-1468
-1005
-700
-796
-595
60
476
333
224
401
461
121
-436
-790
-854
-787
-770
-685
-463
-535
-1090
-1577
-1363
-758
-447
-314
82
569
705
670
970
1455
1636
1658
2071
2902
3482
3552
3421
3217
2852
2501
2638
3083
3207
2804
2116
1461
991
774
620
302
-109
-331
-401
-474
-525
-728
-1123
-1658
-2323
-3467
-5332
-7583
-9796
-10682
-9402
-7175
-6106
-6508
-6232
-5076
-4642
-4352
-2115
1556
3498
3835
5175
7559
8634
7822
7347
7673
7597
7072
7091
7673
7276
5403
2833
787
-234
-722
-897
-915
-833
-1000
-1543
-1910
-1818
-1439
-1090
-632
182
1283
2431
3088
3123
2998
2900
2568
1986
1866
2234
2102
1253
389
-332
-1571
-2880
-3326
-3372
-3802
-4255
-4096
-3986
-4363
-4484
-4071
-3888
-4039
-3532
-2466
-1806
-1587
-1130
-593
-620
-838
-595
12
347
339
395
488
447
141
-205
-283
-196
-246
-467
-452
-336
-525
-915
-1073
-891
-729
-494
-66
310
422
456
718
1067
1495
1900
2183
2493
2883
3240
3267
3163
3139
2913
2537
2429
2722
2819
2420
1899
1360
780
307
145
169
128
-77
-450
-737
-829
-955
-1269
-1489
-1503
-2113
-3909
-6258
-8530
-10013
-9430
-7167
-5459
-5692
-6135
-5239
-4634
-4812
-3567
-110
2602
3012
3770
6143
7964
7524
6550
6697
6919
6596
6518
7306
7741
6519
4104
1756
549
111
-141
-206
-124
-194
-831
-1447
-1484
-1191
-985
-793
-218
684
1879
2937
3083
2358
1757
1874
1925
1652
1895
2474
1860
-137
-1601
-1827
-2248
-3404
-4018
-3716
-3781
-4540
-4888
-4604
-4598
-4968
-4890
-4187
-3305
-2428
-1671
-1333
-1348
-1237
-908
-542
-7
755
1238
1093
790
784
791
499
187
182
272
197
78
13
-135
-547
-1030
-1217
-958
-410
9
190
274
409
535
636
1020
1597
1941
1980
2203
2764
3079
2933
2689
2605
2503
2361
2480
2767
2772
2298
1700
1253
823
350
43
-24
-117
-312
-471
-580
-804
-1000
-979
-1029
-1160
-1093
-1054
-1987
-4381
-7446
-9743
-9703
-7533
-5506
-5194
-5637
-5192
-4871
-5464
-4890
-1858
1232
1918
2277
4569
7099
7468
6443
6294
6628
6338
6063
6824
7946
7552
5395
2749
1078
579
374
264
349
474
61
-834
-1341
-1249
-994
-977
-798
-7
1260
2597
3260
3019
2286
1578
1095
1011
1754
2743
2722
1402
-225
-1521
-2907
-4061
-4168
-3743
-3986
-4735
-4925
-4835
-5248
-5696
-5473
-4965
-4497
-3359
-1634
-602
-550
-583
-485
-644
-455
726
1968
2175
1778
1547
1150
356
-180
-169
-108
-239
-259
-172
-199
-456
-1018
-1632
-1716
-1064
-296
258
900
1405
1191
602
665
1362
1898
2251
2805
3232
3017
2573
2497
2568
2419
2205
2187
2235
2190
1985
1471
755
248
65
-65
-132
85
267
17
-324
-319
-326
-639
-719
-250
148
73
10
144
-44
-1214
-3912
-7814
-10519
-9444
-6178
-4828
-5852
-6048
-5059
-5828
-7473
-5786
-1060
1670
1269
2000
5171
7277
6549
5596
6209
6766
6299
6221
7638
8997
8103
5139
2181
825
508
265
229
561
587
-411
-1678
-2202
-1999
-1673
-1616
-1444
-668
836
2207
2447
1926
1482
1207
684
536
1608
2957
2942
1388
-199
-1156
-2233
-3512
-4043
-3426
-2952
-3538
-4308
-4339
-4133
-4607
-5167
-4727
-3414
-2119
-1264
-539
44
90
-388
-700
-113
1069
1877
1951
1822
1758
1237
237
-374
-218
6
-187
-287
9
76
-504
-1216
-1459
-1318
-1079
-684
-59
504
680
520
412
610
999
1389
1785
2270
2652
2682
2470
2271
2111
1862
1730
1930
2179
2127
1779
1374
872
284
-2
172
442
432
250
81
-195
-593
-771
-546
-265
-191
-187
-82
-11
-107
-242
-399
-1059
-2932
-6040
-8819
-8846
-6274
-4367
-4905
-5855
-5305
-4998
-6038
-5600
-2042
1365
1720
1476
3496
6027
6340
5394
5557
6351
6332
6023
6695
7794
7429
5240
2607
1018
594
534
508
480
272
-544
-1722
-2445
-2438
-2024
-1687
-1402
-936
-52
1111
1790
1741
1502
1572
1635
1529
1968
3071
3685
2652
575
-920
-1244
-1360
-2220
-3128
-3259
-3318
-4284
-5264
-4843
-4060
-4523
-5303
-4496
-2723
-1852
-1569
-791
-91
-380
-715
116
1384
1940
1833
1650
1404
987
657
510
426
231
-101
-393
-422
-289
-449
-916
-1220
-1177
-980
-632
-14
497
486
241
309
679
1030
1408
1912
2238
2185
2105
2268
2353
2117
1855
1802
1720
1493
1366
1293
924
285
-152
-186
-97
-29
19
-7
-143
-249
-209
-67
177
359
298
157
245
494
547
522
647
557
35
-359
-356
-852
-2556
-4896
-6983
-8060
-7462
-5688
-4518
-4799
-5205
-4882
-4704
-4570
-2925
45
1893
2154
2900
4675
5863
5743
5532
5765
5725
5391
5424
5840
5719
4563
2628
696
-337
-531
-423
-345
-342
-623
-1349
-1967
-1992
-1549
-1086
-622
35
764
1599
2420
2842
2739
2484
2400
2357
2440
2878
3247
2588
810
-665
-953
-1105
-2304
-3831
-4260
-3973
-4313
-4985
-4757
-4072
-4338
-5045
-4522
-2899
-1667
-1171
-628
-29
63
-4
440
1157
1534
1545
1389
1155
970
813
488
-22
-418
-557
-579
-552
-467
-457
-700
-988
-1055
-871
-449
69
450
532
530
677
874
1008
1160
1456
1683
1682
1673
1790
1828
1586
1284
1183
1186
1144
1107
1127
997
611
180
-53
-6
202
419
568
633
589
462
435
558
611
487
415
538
616
499
363
280
57
-300
-505
-458
-375
-406
-624
-1264
-2399
-3627
-4661
-5671
-6443
-6162
-4952
-4214
-4470
-4501
-3656
-2974
-2838
-1994
-34
1617
2206
2746
3790
4480
4339
4079
4238
4481
4506
4440
4332
3964
3197
2143
1135
535
363
347
309
228
63
-221
-500
-649
-615
-327
175
673
1088
1579
2063
2181
1967
1891
2061
2108
1995
1960
1767
1035
118
-502
-1140
-2105
-2790
-2791
-2808
-3328
-3876
-4295
-4892
-5117
-4259
-3051
-2446
-1989
-1256
-964
-1145
-717
253
607
537
1049
1707
1615
1287
1295
951
0
-554
-314
-72
-178
-277
-460
-999
-1492
-1487
-1190
-877
-528
-251
-183
-88
169
324
312
480
899
1273
1593
2015
2301
2176
1870
1737
1732
1760
1940
2175
2111
1718
1322
1025
660
291
160
205
182
121
139
115
-40
-147
-60
131
348
526
488
283
255
383
204
-281
-511
-427
-516
-781
-778
-647
-990
-1872
-2810
-3589
-4389
-5279
-5880
-5643
-4680
-3961
-4031
-4100
-3437
-2643
-2288
-1543
190
1861
2519
2825
3530
4119
4078
3901
4028
4190
4179
4119
3932
3475
2858
2114
1195
446
270
415
370
176
112
61
-157
-331
-198
170
586
994
1385
1773
2128
2276
2131
1942
1950
1989
1873
1765
1715
1378
651
-86
-663
-1316
-2087
-2745
-3237
-3813
-4742
-5717
-5706
-4362
-3087
-3035
-3204
-2503
-1875
-2035
-1679
-254
650
442
509
1120
1123
621
476
273
-404
-653
-174
-31
-484
-709
-765
-1261
-1661
-1236
-534
-248
-63
309
507
481
611
879
1041
1249
1667
2038
2225
2452
2621
2367
1912
1840
2054
2061
1969
2095
2077
1536
949
810
722
310
14
114
127
-163
-343
-324
-464
-718
-736
-559
-383
-149
85
80
-58
-61
-61
-234
-360
-278
-190
-233
-342
-529
-791
-988
-1100
-1222
-1260
-1152
-1242
-1829
-2560
-2933
-3124
-3624
-4236
-4209
-3455
-2771
-2570
-2310
-1616
-989
-810
-543
327
1372
1972
2269
2663
3017
3018
2797
2661
2600
2482
2362
2275
2098
1796
1460
1091
683
425
473
664
773
827
948
1077
1108
1092
1166
1333
1491
1626
1816
2031
2106
1962
1715
1467
1189
857
522
220
-45
-293
-671
-1300
-1972
-2357
-2528
-2794
-3078
-3091
-2888
-2692
-2462
-2160
-1954
-1849
-1655
-1416
-1230
-921
-466
-232
-309
-334
-227
-288
-484
-503
-423
-499
-600
-512
-395
-440
-502
-442
-354
-278
-132
47
141
190
290
423
539
677
858
1006
1098
1206
1325
1380
1389
1413
1416
1370
1343
1327
1216
1030
911
831
645
402
278
281
288
255
242
261
281
304
343
363
313
237
202
173
119
108
138
97
-13
-72
-130
-303
-479
-556
-651
-790
-782
-654
-661
-801
-879
-921
-1028
-1111
-1177
-1395
-1676
-1784
-1810
-1982
-2157
-2151
-2181
-2377
-2358
-1890
-1364
-1091
-820
-363
28
220
471
872
1208
1438
1714
1996
2143
2206
2268
2236
2056
1875
1792
1730
1596
1405
1226
1085
954
819
717
682
673
668
703
793
885
956
1010
1014
974
954
940
860
769
788
815
655
359
124
-82
-488
-1056
-1434
-1475
-1427
-1476
-1480
-1342
-1235
-1309
-1479
-1595
-1610
-1548
-1476
-1406
-1243
-954
-740
-729
-756
-689
-663
-754
-803
-707
-560
-421
-264
-150
-150
-195
-209
-217
-189
-36
164
256
259
279
267
183
146
223
339
462
651
859
967
988
1006
1015
995
997
1057
1119
1145
1152
1113
987
826
693
563
412
288
204
103
-42
-194
-317
-413
-494
-572
-637
-651
-608
-552
-525
-546
-606
-648
-615
-535
-499
-480
-378
-235
-193
-249
-285
-283
-315
-386
-507
-755
-1123
-1515
-1929
-2338
-2487
-2231
-1853
-1615
-1367
-972
-637
-474
-262
101
461
810
1257
1697
1979
2183
2361
2358
2202
2144
2192
2123
1986
1986
2019
1873
1651
1505
1298
979
772
734
666
559
604
736
726
603
547
561
556
563
619
662
667
637
486
210
-33
-206
-474
-859
-1183
-1418
-1682
-1934
-2083
-2234
-2420
-2449
-2271
-2091
-1947
-1714
-1488
-1413
-1357
-1222
-1173
-1227
-1148
-917
-768
-687
-495
-297
-260
-268
-167
-73
-70
-22
122
238
314
451
600
628
565
515
480
481
557
665
699
701
761
838
875
916
996
1051
1093
1199
1313
1287
1147
1006
867
702
576
511
431
344
319
289
126
-129
-371
-583
-755
-806
-745
-696
-690
-657
-605
-622
-677
-665
-591
-529
-467
-370
-280
-256
-246
-225
-243
-280
-263
-228
-242
-234
-137
-62
-101
-151
-134
-139
-201
-192
-93
-22
19
99
89
-184
-579
-822
-889
-913
-859
-634
-323
-74
110
255
327
382
549
780
913
989
1164
1375
1454
1447
1454
1382
1152
916
790
687
596
619
684
648
606
686
738
616
463
375
174
-157
-320
-190
8
153
316
447
437
346
207
-96
-462
-582
-459
-397
-457
-481
-524
-709
-898
-968
-1049
-1186
-1186
-1025
-911
-876
-784
-702
-774
-906
-939
-922
-926
-889
-809
-764
-705
-568
-468
-510
-569
-520
-440
-382
-303
-218
-174
-133
-37
61
121
199
280
285
250
282
383
474
535
587
619
640
682
750
812
851
861
851
833
764
579
320
128
68
77
100
155
241
302
281
176
33
-71
-94
-91
-114
-114
-30
101
185
186
134
55
-32
-112
-145
-107
0
131
219
219
177
167
191
180
105
34
28
80
143
180
185
189
209
224
205
161
103
0
-148
-274
-312
-298
-296
-304
-302
-300
-307
-307
-315
-364
-428
-454
-446
-426
-375
-296
-242
-238
-233
-201
-169
-138
-90
-52
-47
-51
-46
-51
-59
-35
9
43
74
122
171
194
218
274
353
447
552
638
670
653
622
584
529
459
389
329
291
284
288
262
197
132
79
15
-68
-168
-269
-340
-356
-344
-350
-399
-476
-566
-645
-668
-622
-572
-540
-508
-462
-401
-340
-293
-279
-296
-297
-266
-235
-215
-206
-213
-225
-222
-192
-160
-135
-105
-75
-53
-42
-37
-36
-39
-40
-24
25
109
202
276
307
302
286
267
257
276
338
432
520
555
541
482
396
296
214
180
179
182
190
198
191
157
94
23
-39
-62
-43
-4
33
50
49
36
21
16
26
42
57
76
102
132
149
144
125
91
57
41
37
25
-15
-72
-127
-169
-194
-198
-191
-200
-217
-226
-222
-214
-228
-255
-277
-297
-311
-302
-283
-265
-263
-258
-249
-244
-228
-191
-154
-120
-85
-43
-8
20
56
94
126
149
182
225
256
272
280
281
282
277
268
251
220
195
185
184
191
191
191
191
185
178
163
145
127
109
105
114
122
125
122
110
86
51
17
-19
-58
-90
-109
-124
-141
-163
-190
-217
-235
-250
-262
-272
-279
-282
-278
-264
-251
-239
-224
-207
-193
-174
-144
-113
-92
-71
-48
-31
-16
4
28
44
45
41
23
-7
-34
-51
-62
-65
-48
-22
-5
6
13
17
13
10
14
24
40
65
95
113
122
125
131
136
146
159
166
166
166
176
188
200
211
218
213
200
189
177
157
137
125
115
107
104
102
90
72
54
34
8
-12
-22
-23
-28
-37
-50
-80
-118
-149
-167
-172
-167
-157
-151
-151
-153
-159
-167
-177
-180
-169
-151
-125
-101
-87
-83
-85
-84
-78
-69
-54
-38
-25
-20
-20
-21
-17
-7
5
14
18
22
27
33
38
47
66
80
92
102
110
115
116
115
116
119
120
119
126
139
142
134
118
109
105
104
107
109
92
63
55
69
70
40
8
-7
-16
-26
-30
-29
-37
-59
-76
-78
-83
-106
-127
-129
-124
-128
-139
-145
-149
-161
-168
-165
-162
-167
-171
-172
-164
-163
-163
-159
-151
-141
-135
-131
-120
-103
-87
-72
-58
-45
-27
-4
22
42
56
67
80
95
112
123
129
135
140
142
147
151
155
148
136
131
137
140
134
128
125
126
124
124
127
125
119
112
109
109
103
92
82
78
74
66
59
53
45
33
19
11
5
-4
-19
-35
-46
-56
-69
-80
-91
-97
-106
-114
-119
-118
-119
-121
-121
-120
-118
-119
-118
-117
-114
-115
-113
-106
-99
-92
-86
-80
-74
-66
-61
-56
-47
-35
-26
-17
-8
4
14
24
36
47
57
65
72
77
82
87
91
94
94
96
95
94
93
89
86
84
82
78
72
64
58
51
44
37
32
27
20
13
5
-2
-8
-13
-20
-28
-33
-39
-43
-48
-53
-62
-71
-78
-82
-89
-96
-97
-100
-101
-101
-98
-94
-90
-87
-80
-74
-69
-61
-53
-48
-44
-38
-32
-25
-17
-7
2
12
19
23
29
32
35
37
43
51
58
62
64
65
66
67
68
68
68
70
71
73
70
65
66
65
64
63
58
55
50
47
43
35
29
25
20
16
11
4
-2
-8
-16
-22
-26
-31
-36
-42
-46
-51
-53
-57
-59
-59
-57
-53
-49
-40
-38
-35
-31
-21
-14
-14
-12
-4
1
-4
-2
8
9
7
11
16
13
10
11
13
12
5
6
7
5
4
1
3
4
-1
2
8
6
2
5
7
3
2
5
4
3
3
4
3
-1
-2
-2
-3
-4
-5
-4
-1
-2
-2
-3
-4
-3
-3
-2
2
1
-3
-5
-3
-5
-3
1
3
2
2
1
2
1
-1
-2
-4
-9
-14
-17
-21
-20
-19
-16
-15
-15
-14
-16
-18
-17
-12
-6
-5
-5
-4
-3
-3
0
2
5
8
9
9
7
7
7
9
10
9
8
6
4
5
6
6
7
9
10
10
11
12
13
12
