-9
-6
-6
-7
-5
2
1
1
2
3
5
5
7
8
12
12
11
13
12
12
11
10
13
17
15
13
12
13
10
11
12
14
15
13
13
14
13
15
15
15
14
10
9
8
4
3
1
2
3
4
3
2
1
-1
-2
-1
-1
-3
-4
-6
-7
-7
-7
-7
-5
-6
-6
-4
-6
-7
-8
-8
-9
-9
-7
-5
-5
-8
-10
-9
-9
-11
-14
-13
-11
-13
-12
-9
-8
-10
-11
-9
-9
-12
-12
-14
-17
-20
-23
-24
-25
-27
-28
-26
-26
-26
-24
-22
-18
-16
-16
-12
-10
-7
-6
-6
-6
-2
3
7
9
12
12
14
14
14
14
15
18
20
22
23
25
26
26
24
23
25
27
28
30
30
31
31
34
37
38
36
34
33
32
30
27
25
23
20
18
17
17
16
16
14
12
11
9
7
6
5
3
3
2
0
-3
-5
-7
-16
-20
-25
-30
-33
-46
-59
-60
-63
-64
-74
-91
-90
-88
-85
-87
-106
-108
-105
-104
-100
-113
-121
-117
-122
-122
-135
-162
-167
-181
-192
-209
-252
-272
-287
-309
-320
-370
-410
-419
-437
-442
-475
-521
-513
-516
-510
-504
-531
-509
-476
-441
-394
-378
-341
-273
-209
-136
-71
6
89
172
250
335
444
533
613
697
769
882
976
1028
1096
1135
1210
1306
1329
1362
1375
1396
1475
1481
1468
1455
1428
1398
1358
1320
1273
1224
1168
1108
1045
980
908
833
756
676
591
505
417
330
241
148
55
-37
-128
-220
-311
-399
-486
-568
-647
-723
-794
-860
-918
-970
-1020
-1058
-1091
-1118
-1136
-1148
-1155
-1154
-1150
-1136
-1121
-1104
-1086
-1065
-1044
-1023
-1003
-991
-977
-967
-961
-955
-952
-950
-948
-949
-950
-948
-943
-939
-938
-933
-921
-904
-890
-873
-849
-822
-789
-752
-708
-658
-606
-552
-493
-425
-348
-268
-187
-104
-20
73
169
268
370
477
580
681
784
891
993
1094
1192
1290
1388
1483
1574
1667
1757
1842
1916
1983
2047
2103
2146
2174
2196
2203
2191
2162
2117
2060
1987
1890
1780
1662
1531
1388
1239
1085
927
765
603
439
276
119
-34
-181
-324
-460
-587
-708
-822
-933
-1035
-1134
-1228
-1318
-1402
-1479
-1553
-1623
-1692
-1756
-1809
-1856
-1897
-1931
-1957
-1977
-1988
-1990
-1981
-1959
-1927
-1887
-1837
-1777
-1704
-1620
-1529
-1423
-1305
-1181
-1051
-911
-758
-599
-447
-296
-143
13
166
307
428
538
643
737
812
874
920
949
956
949
936
912
878
831
768
697
621
543
458
365
270
179
90
1
-83
-156
-221
-283
-336
-374
-397
-408
-409
-395
-366
-318
-257
-178
-80
32
154
291
444
611
779
940
1100
1262
1413
1546
1668
1773
1858
1913
1943
1961
1963
1946
1907
1856
1797
1727
1648
1560
1466
1368
1258
1141
1015
881
736
580
411
234
56
-131
-320
-512
-697
-877
-1050
-1213
-1366
-1505
-1635
-1757
-1870
-1974
-2067
-2154
-2235
-2311
-2378
-2440
-2492
-2525
-2545
-2550
-2533
-2484
-2408
-2318
-2202
-2054
-1876
-1685
-1483
-1268
-1047
-832
-624
-411
-205
-18
153
311
458
592
719
844
956
1058
1157
1255
1351
1443
1526
1599
1654
1695
1721
1735
1733
1709
1665
1610
1555
1502
1451
1402
1352
1300
1259
1228
1194
1147
1091
1027
952
865
763
658
549
432
311
197
97
1
-89
-176
-245
-309
-379
-457
-537
-625
-732
-856
-995
-1142
-1301
-1476
-1650
-1814
-1963
-2098
-2214
-2301
-2344
-2339
-2289
-2209
-2096
-1932
-1719
-1482
-1240
-985
-714
-441
-185
57
295
521
713
866
1002
1132
1246
1334
1402
1460
1509
1552
1586
1608
1628
1642
1648
1642
1631
1618
1599
1567
1526
1484
1445
1398
1340
1268
1193
1108
1007
893
776
654
514
370
231
103
-26
-162
-289
-408
-525
-641
-754
-864
-981
-1098
-1205
-1308
-1408
-1498
-1569
-1620
-1654
-1658
-1628
-1570
-1499
-1411
-1297
-1166
-1039
-926
-823
-730
-652
-591
-547
-513
-492
-473
-449
-415
-369
-308
-237
-162
-78
25
148
263
349
426
516
617
693
726
748
789
841
879
899
918
951
988
1019
1044
1056
1032
972
896
810
683
489
247
-20
-309
-629
-961
-1285
-1612
-1958
-2279
-2499
-2606
-2663
-2724
-2731
-2583
-2284
-1943
-1622
-1266
-818
-329
111
512
944
1378
1717
1942
2150
2410
2654
2781
2826
2882
2980
3057
3048
2982
2914
2845
2723
2534
2321
2121
1916
1654
1351
1094
935
814
635
400
227
192
214
162
18
-98
-118
-145
-300
-515
-644
-733
-1002
-1474
-1854
-1920
-1939
-2312
-2934
-3283
-3151
-2981
-3197
-3540
-3546
-3275
-3170
-3293
-3196
-2741
-2378
-2466
-2620
-2262
-1544
-1104
-1141
-1134
-682
-85
225
308
545
977
1267
1274
1270
1526
1839
1845
1601
1499
1723
1955
1882
1653
1606
1782
1911
1847
1756
1805
1897
1841
1682
1639
1736
1766
1587
1360
1298
1359
1326
1126
923
862
886
837
681
527
451
402
296
139
-11
-138
-293
-482
-646
-738
-792
-860
-943
-988
-971
-932
-922
-975
-1089
-1245
-1420
-1625
-1918
-2325
-2750
-3076
-3298
-3508
-3743
-3894
-3847
-3643
-3384
-3088
-2699
-2207
-1708
-1253
-796
-278
233
627
906
1174
1501
1824
2047
2195
2365
2587
2801
2957
3078
3210
3337
3405
3400
3358
3309
3222
3064
2853
2643
2454
2268
2068
1884
1749
1652
1566
1489
1443
1410
1343
1219
1062
885
651
331
-49
-439
-852
-1321
-1810
-2225
-2528
-2792
-3088
-3345
-3447
-3402
-3336
-3324
-3298
-3164
-2970
-2832
-2770
-2676
-2494
-2313
-2226
-2159
-1980
-1715
-1493
-1328
-1117
-801
-470
-216
-8
227
485
697
826
915
1012
1100
1138
1142
1157
1199
1236
1249
1265
1304
1351
1389
1432
1481
1527
1557
1581
1607
1615
1589
1557
1534
1496
1425
1343
1284
1231
1152
1058
981
925
851
751
651
568
477
368
257
153
55
-48
-161
-276
-394
-535
-713
-913
-1135
-1388
-1692
-2036
-2381
-2711
-3038
-3336
-3570
-3733
-3833
-3851
-3753
-3540
-3254
-2909
-2485
-1997
-1483
-971
-451
67
543
966
1346
1694
1991
2227
2422
2588
2732
2841
2925
2991
3035
3058
3058
3030
2971
2883
2764
2611
2428
2233
2030
1817
1603
1408
1241
1100
976
886
838
807
768
719
671
612
501
319
92
-152
-428
-765
-1149
-1509
-1810
-2093
-2400
-2688
-2874
-2951
-3017
-3105
-3131
-3041
-2929
-2888
-2844
-2693
-2486
-2344
-2253
-2100
-1878
-1672
-1501
-1311
-1073
-813
-577
-360
-144
95
337
534
688
843
1008
1140
1201
1228
1274
1322
1332
1304
1297
1324
1341
1343
1360
1415
1473
1506
1523
1540
1554
1556
1537
1493
1429
1363
1298
1237
1172
1102
1030
948
861
792
743
689
608
493
375
283
223
165
79
-34
-127
-173
-190
-219
-287
-402
-552
-726
-922
-1149
-1440
-1821
-2265
-2698
-3054
-3342
-3612
-3886
-4090
-4145
-4039
-3817
-3529
-3167
-2741
-2269
-1752
-1190
-606
-70
376
759
1137
1516
1852
2116
2312
2489
2668
2854
3023
3162
3266
3332
3362
3361
3343
3296
3189
3012
2789
2547
2306
2071
1841
1602
1352
1129
971
875
803
719
631
555
482
388
267
117
-59
-303
-661
-1058
-1342
-1504
-1742
-2166
-2563
-2708
-2696
-2773
-2909
-2895
-2761
-2683
-2676
-2563
-2321
-2140
-2103
-2109
-2035
-1878
-1723
-1642
-1627
-1562
-1356
-1079
-856
-669
-399
-59
214
410
646
941
1139
1162
1145
1213
1300
1279
1188
1137
1147
1162
1166
1186
1232
1291
1341
1379
1405
1440
1484
1474
1392
1315
1298
1287
1193
1047
957
939
906
814
735
722
735
702
634
594
614
642
623
542
450
388
340
253
108
-64
-253
-492
-775
-1049
-1290
-1567
-1957
-2411
-2798
-3071
-3293
-3525
-3770
-3971
-4053
-3995
-3817
-3572
-3272
-2896
-2448
-1960
-1435
-848
-243
292
731
1154
1620
2059
2394
2624
2823
3017
3193
3335
3448
3533
3557
3514
3425
3327
3232
3106
2902
2624
2323
2031
1744
1436
1124
862
651
441
219
48
-14
-17
-52
-127
-170
-154
-147
-200
-311
-461
-657
-915
-1186
-1384
-1508
-1670
-1988
-2407
-2662
-2618
-2454
-2461
-2624
-2676
-2542
-2401
-2343
-2208
-1960
-1801
-1799
-1784
-1593
-1325
-1155
-1076
-970
-737
-423
-126
71
211
423
718
982
1146
1289
1458
1545
1488
1416
1468
1560
1518
1356
1241
1218
1180
1084
1026
1055
1096
1087
1070
1093
1135
1155
1152
1142
1132
1134
1124
1053
918
794
727
654
526
417
386
355
239
124
135
202
181
110
113
156
89
-90
-242
-362
-560
-859
-1188
-1541
-1955
-2406
-2842
-3245
-3589
-3816
-3974
-4176
-4363
-4354
-4111
-3837
-3582
-3171
-2581
-2009
-1549
-1025
-336
339
872
1379
1965
2517
2914
3211
3489
3737
3926
4098
4265
4350
4323
4244
4134
3972
3766
3558
3355
3091
2745
2351
1956
1550
1124
719
410
190
-27
-281
-510
-664
-779
-888
-937
-908
-870
-878
-911
-991
-1223
-1566
-1774
-1735
-1644
-1697
-1869
-2125
-2497
-2794
-2698
-2273
-1997
-2064
-2220
-2247
-2214
-2140
-1888
-1565
-1446
-1505
-1491
-1339
-1246
-1247
-1177
-1015
-834
-589
-255
-1
39
42
261
680
1100
1426
1636
1666
1559
1527
1672
1851
1892
1804
1697
1580
1452
1377
1337
1277
1209
1227
1332
1368
1265
1125
1046
1028
1067
1165
1231
1131
880
663
589
598
594
570
509
372
202
141
225
303
277
211
187
178
122
26
-133
-426
-804
-1107
-1310
-1575
-2036
-2630
-3205
-3678
-4000
-4130
-4178
-4333
-4591
-4733
-4602
-4281
-3893
-3441
-2926
-2411
-1901
-1294
-573
117
689
1235
1859
2520
3099
3560
3909
4155
4335
4531
4765
4962
5028
4945
4763
4522
4241
3952
3670
3366
2991
2537
2053
1566
1065
572
172
-103
-347
-633
-904
-1097
-1261
-1443
-1557
-1549
-1518
-1528
-1471
-1354
-1419
-1740
-2008
-1969
-1799
-1697
-1551
-1398
-1598
-2140
-2372
-1984
-1500
-1376
-1396
-1326
-1408
-1689
-1726
-1377
-1119
-1212
-1299
-1164
-1085
-1196
-1232
-1085
-967
-873
-572
-139
75
17
2
194
469
742
1041
1275
1295
1132
1015
1068
1214
1332
1376
1370
1329
1257
1179
1144
1188
1269
1316
1324
1349
1402
1422
1370
1267
1150
1070
1091
1205
1279
1176
918
631
418
380
577
887
974
677
263
99
219
405
533
585
447
21
-554
-972
-1100
-1142
-1385
-1933
-2610
-3180
-3618
-4038
-4419
-4558
-4496
-4554
-4814
-4909
-4584
-4144
-3920
-3661
-2991
-2064
-1340
-842
-227
546
1214
1750
2436
3314
4050
4445
4650
4859
5060
5202
5325
5426
5408
5232
4955
4618
4202
3719
3240
2797
2361
1911
1420
850
198
-421
-856
-1123
-1351
-1595
-1792
-1899
-1946
-1994
-2078
-2184
-2160
-1894
-1585
-1507
-1535
-1385
-1341
-1850
-2339
-1765
-534
-310
-1344
-1957
-1345
-830
-1239
-1438
-705
-228
-883
-1580
-1308
-786
-853
-1124
-1102
-1060
-1112
-904
-649
-880
-1271
-1053
-414
-183
-290
-76
346
322
6
184
890
1373
1298
1126
1195
1305
1262
1248
1407
1549
1482
1322
1268
1276
1202
1083
1049
1080
1071
1047
1070
1066
950
809
804
909
988
989
969
935
841
744
738
807
821
758
734
750
671
490
421
527
512
122
-448
-818
-977
-1256
-1783
-2347
-2838
-3482
-4402
-5200
-5349
-4970
-4817
-5272
-5773
-5640
-5055
-4649
-4322
-3460
-2178
-1301
-1026
-541
598
1763
2367
2815
3678
4687
5277
5507
5764
6020
6031
5934
6011
6178
6128
5815
5362
4768
4021
3339
2915
2590
2054
1268
457
-235
-883
-1545
-2124
-2475
-2623
-2727
-2883
-3066
-3216
-3288
-3220
-2990
-2668
-2308
-1896
-1569
-1602
-1920
-1969
-1459
-886
-773
-826
-545
-178
-343
-908
-1183
-945
-527
-201
-30
-143
-559
-1019
-1305
-1389
-1186
-652
-197
-348
-921
-1211
-994
-697
-546
-308
100
384
389
325
354
420
515
763
1142
1448
1581
1572
1423
1143
929
1027
1370
1635
1621
1411
1136
848
606
530
678
941
1135
1132
951
693
468
382
507
799
1089
1241
1233
1023
618
279
384
877
1272
1313
1191
1026
680
286
243
500
498
6
-612
-1090
-1609
-2278
-2950
-3623
-4452
-5291
-5753
-5787
-5727
-5845
-6122
-6421
-6549
-6245
-5454
-4395
-3339
-2427
-1726
-1181
-465
667
2013
3198
4180
5130
5978
6554
6950
7368
7730
7842
7785
7763
7731
7483
6937
6174
5255
4274
3398
2687
2032
1293
419
-575
-1631
-2608
-3344
-3793
-4035
-4202
-4379
-4559
-4665
-4647
-4515
-4260
-3860
-3378
-2902
-2418
-1916
-1484
-1146
-802
-506
-435
-411
-42
558
824
712
737
909
767
379
351
671
699
368
126
28
-270
-709
-898
-893
-999
-1136
-1076
-974
-1047
-1123
-956
-684
-519
-366
-80
238
419
506
623
767
873
938
1050
1220
1352
1354
1198
985
852
854
947
1031
1020
877
629
378
245
271
392
487
494
429
392
452
588
719
798
852
925
1035
1200
1387
1484
1422
1288
1282
1462
1694
1800
1669
1277
674
-1
-569
-985
-1414
-2112
-3181
-4466
-5705
-6670
-7244
-7412
-7340
-7299
-7416
-7565
-7464
-6959
-6108
-4986
-3687
-2328
-1040
179
1461
2829
4160
5324
6377
7419
8419
9270
9866
10150
10094
9711
9155
8605
8126
7593
6819
5741
4418
2968
1517
209
-868
-1791
-2718
-3704
-4641
-5410
-6017
-6484
-6758
-6796
-6621
-6251
-5636
-4840
-4084
-3456
-2804
-2002
-1126
-278
552
1342
2038
2585
2920
2999
2876
2571
1808
580
-85
644
1735
1341
-477
-1810
-2116
-2542
-3180
-2742
-1402
-1095
-2257
-3183
-2891
-2277
-2008
-1671
-1196
-996
-795
-36
839
1129
1104
1322
1589
1690
2112
3013
3601
3254
2445
1905
1701
1678
1859
2061
1831
1076
246
-313
-635
-744
-615
-498
-721
-1083
-1087
-739
-525
-559
-453
-66
336
719
1314
1976
2214
1982
1766
1829
2071
2468
2961
3084
2518
1761
1437
1344
988
530
226
-329
-1486
-2741
-3525
-4154
-5163
-6450
-7727
-8897
-9614
-9410
-8655
-8276
-8365
-8212
-7638
-7044
-6125
-4158
-1544
480
1609
2693
4205
5749
7093
8428
9732
10687
11248
11611
11764
11632
11243
10513
9307
7857
6654
5721
4634
3211
1618
-74
-1866
-3461
-4495
-5093
-5639
-6220
-6713
-7119
-7446
-7437
-6914
-6077
-5205
-4287
-3198
-2041
-984
11
1042
1975
2607
3025
3500
4059
4458
4574
4412
3713
2147
84
-1499
-2089
-2018
-1783
-1635
-2062
-3430
-5163
-6139
-5994
-5274
-4321
-3249
-2470
-2320
-2380
-2030
-1435
-972
-473
367
1369
2229
3004
3636
3732
3229
2657
2517
2787
3223
3591
3560
2890
1764
711
78
-166
-181
-182
-397
-929
-1582
-2005
-2079
-1970
-1844
-1624
-1187
-588
4
504
931
1283
1546
1797
2203
2859
3618
4132
4135
3718
3226
2863
2584
2350
2244
2224
1973
1302
453
-191
-554
-874
-1327
-1927
-2646
-3458
-4322
-5225
-6234
-7378
-8620
-9823
-10592
-10438
-9316
-7993
-7236
-6967
-6570
-5793
-4762
-3246
-909
1818
3999
5339
6454
7785
9040
9886
10459
10996
11384
11428
11197
10815
10209
9131
7498
5571
3802
2477
1476
507
-603
-1895
-3375
-4935
-6211
-6873
-6944
-6695
-6332
-5920
-5478
-4936
-4184
-3286
-2411
-1539
-469
804
1998
2968
3782
4401
4621
4423
4032
3641
3338
3094
2750
2148
1231
-228
-2656
-5635
-7468
-7053
-5567
-4994
-5554
-6207
-6734
-7445
-7542
-5981
-3491
-1757
-1073
-407
723
1872
2715
3251
3434
3411
3661
4389
5233
5774
5766
4924
3291
1696
1073
1380
1812
1808
1311
356
-888
-1901
-2262
-2183
-2121
-2173
-2166
-2068
-1873
-1420
-761
-315
-283
-253
257
1207
2246
3177
3824
3965
3659
3332
3318
3539
3796
3911
3651
2898
1973
1330
905
333
-423
-1025
-1409
-1806
-2228
-2562
-2973
-3807
-4951
-5931
-6588
-7107
-7576
-7915
-8240
-8658
-8859
-8463
-7567
-6581
-5578
-4401
-3127
-1915
-590
1105
2976
4620
5958
7184
8326
9255
9972
10506
10738
10523
9947
9202
8390
7522
6566
5424
4015
2438
908
-447
-1612
-2581
-3373
-4087
-4760
-5263
-5436
-5284
-4936
-4480
-3936
-3307
-2584
-1724
-749
245
1149
1913
2537
3021
3387
3686
3901
3915
3597
2963
2167
1332
506
-294
-1083
-2034
-3385
-5049
-6569
-7521
-7824
-7664
-7236
-6782
-6389
-5915
-5117
-3965
-2654
-1313
-44
1054
2024
3062
4163
4961
5191
4981
4612
4228
3920
3774
3682
3376
2714
1834
970
272
-213
-565
-923
-1319
-1631
-1760
-1748
-1692
-1627
-1565
-1498
-1362
-1037
-455
278
908
1233
1348
1607
2154
2767
3213
3541
3805
3769
3376
3024
3039
3088
2648
1857
1256
956
612
103
-357
-707
-1132
-1655
-2062
-2241
-2340
-2583
-3075
-3759
-4464
-5096
-5842
-6952
-8283
-9277
-9476
-8969
-8144
-7272
-6355
-5424
-4692
-4125
-3205
-1417
920
2922
4352
5799
7565
9043
9687
9926
10357
10716
10421
9722
9361
9289
8678
7164
5287
3592
2027
434
-946
-1863
-2507
-3259
-4136
-4840
-5181
-5236
-5148
-4945
-4565
-3914
-2952
-1755
-498
618
1488
2098
2502
2838
3272
3807
4207
4239
3934
3455
2761
1685
368
-767
-1643
-2638
-3855
-4905
-5836
-7335
-9299
-10358
-9701
-8335
-7277
-6059
-4216
-2735
-2348
-1897
-306
1561
2537
3173
4361
5594
6084
6084
5964
5318
4056
2926
2405
2233
2194
2207
1782
611
-697
-1452
-1868
-2313
-2450
-2087
-1811
-1940
-1885
-1287
-774
-860
-1100
-911
-381
307
1297
2511
3444
3787
3744
3609
3544
3697
4017
4149
3910
3575
3355
3025
2387
1580
708
-292
-1301
-1988
-2252
-2260
-2176
-2169
-2430
-2894
-3260
-3477
-3774
-4173
-4505
-4866
-5516
-6395
-7247
-7903
-8183
-7895
-7234
-6617
-5896
-4682
-3277
-2325
-1576
-211
1586
2923
3867
5355
7420
8962
9524
9779
10135
10109
9422
8615
8158
7766
6970
5758
4424
3127
1822
434
-991
-2233
-3095
-3637
-4056
-4331
-4275
-3963
-3741
-3674
-3407
-2721
-1858
-1036
-110
989
1960
2554
2903
3171
3309
3276
3106
2744
2206
1713
1263
536
-447
-1350
-2485
-4489
-6712
-7732
-7571
-7494
-7473
-6517
-5303
-5302
-5780
-4757
-2679
-1469
-884
588
2465
3270
3584
4622
5552
5100
3991
3465
3239
2818
2675
2842
2436
1326
354
-277
-968
-1479
-1416
-1322
-1736
-2072
-1754
-1334
-1412
-1571
-1373
-1194
-1230
-888
153
1243
1786
2039
2375
2655
2764
2997
3461
3789
3770
3673
3670
3564
3250
2831
2273
1469
598
-30
-362
-506
-622
-985
-1662
-2188
-2198
-2090
-2247
-2347
-2190
-2393
-3268
-4028
-4175
-4459
-5629
-7310
-8751
-9591
-9580
-8648
-7354
-6234
-5151
-4069
-3460
-3084
-1716
756
2797
3775
5015
7286
9356
10267
10818
11582
11624
10386
8995
8516
8470
7996
7025
5780
4224
2456
790
-680
-1995
-3039
-3829
-4594
-5202
-5120
-4368
-3727
-3623
-3630
-3332
-2880
-2318
-1286
265
1720
2538
2868
3110
3336
3392
3217
2810
2233
1657
1133
365
-813
-2158
-3599
-5481
-7493
-8319
-7519
-6335
-5816
-5260
-4086
-3289
-3420
-3288
-1989
-664
-262
189
1594
3149
3822
3928
3911
3477
2573
1865
1803
2114
2457
2595
2302
1671
1075
548
-227
-1104
-1622
-1807
-2008
-2056
-1603
-1041
-1070
-1591
-1906
-1815
-1577
-1144
-246
915
1790
2289
2771
3370
3794
3826
3644
3532
3547
3587
3630
3697
3606
3000
1835
597
-221
-659
-1013
-1277
-1295
-1250
-1476
-1890
-2158
-2264
-2468
-2727
-2752
-2503
-2197
-1928
-1711
-1810
-2425
-3361
-4412
-5707
-7157
-8001
-7758
-6985
-6336
-5547
-4251
-3073
-2658
-2413
-1438
-15
1061
2037
3675
5779
7460
8471
9204
9667
9526
8858
8169
7768
7568
7339
6882
6180
5362
4415
3136
1568
128
-961
-1901
-2748
-3165
-3035
-2809
-2831
-2951
-2996
-3104
-3305
-3243
-2706
-1941
-1271
-659
58
734
1073
1036
757
127
-1058
-2439
-3177
-2948
-2327
-1848
-1408
-977
-1007
-1565
-1948
-1792
-1667
-1950
-2083
-1601
-904
-467
-181
9
-258
-987
-1521
-1364
-733
-19
658
1221
1531
1624
1645
1587
1370
1067
763
489
353
463
610
411
-164
-792
-1281
-1656
-1797
-1518
-961
-471
-113
299
760
1069
1206
1346
1558
1769
1992
2299
2622
2763
2621
2292
1930
1610
1354
1219
1201
1178
1015
750
532
371
171
-106
-390
-658
-926
-1139
-1234
-1226
-1212
-1266
-1415
-1561
-1566
-1450
-1345
-1262
-1081
-828
-686
-714
-938
-1492
-2531
-3866
-5104
-5972
-6351
-6236
-5711
-5027
-4324
-3617
-2943
-2368
-1853
-1274
-580
236
1313
2723
4270
5583
6480
6998
7178
7057
6784
6604
6605
6676
6694
6641
6508
6187
5573
4704
3728
2732
1692
623
-337
-1038
-1504
-1847
-2118
-2378
-2722
-3145
-3447
-3497
-3365
-3158
-2966
-2980
-3245
-3427
-3202
-2708
-2210
-1614
-905
-385
-182
25
388
582
436
200
111
108
125
224
296
107
-401
-1034
-1558
-1879
-1998
-1959
-1841
-1700
-1529
-1331
-1133
-969
-918
-1039
-1193
-1099
-729
-369
-163
25
169
28
-218
-73
399
607
433
437
792
1083
1130
1191
1279
1082
613
275
276
466
649
710
637
529
459
372
283
333
488
539
495
603
860
982
909
851
833
693
483
428
524
546
440
321
222
78
-73
-134
-105
-75
-69
-57
-21
6
-20
-90
-173
-238
-287
-327
-332
-272
-194
-142
-85
16
112
158
196
243
271
281
291
288
241
139
-14
-198
-351
-431
-488
-556
-616
-638
-623
-583
-499
-397
-339
-349
-386
-384
-316
-201
-61
84
221
365
498
592
645
675
682
684
735
853
963
977
886
725
569
422
264
136
87
85
28
-36
16
92
18
-132
-151
-59
-51
-103
-63
12
-69
-300
-476
-602
-826
-1056
-1110
-1078
-1176
-1355
-1420
-1372
-1369
-1459
-1478
-1330
-1200
-1240
-1228
-947
-674
-668
-710
-566
-401
-392
-410
-199
161
311
214
291
639
777
643
739
1027
954
682
784
1020
847
659
916
1082
795
637
884
986
716
528
636
846
905
724
714
1110
1294
731
270
672
964
362
-169
202
525
31
-415
-113
211
-51
-307
-63
174
21
-160
-124
-114
-319
-447
-284
-122
-225
-416
-406
-319
-433
-641
-676
-517
-323
-238
-209
-154
-128
-207
-391
-591
-631
-403
-74
25
-97
-33
183
27
-489
-571
-49
106
-367
-392
309
590
120
-43
296
303
-56
-38
266
237
68
202
370
45
-482
-436
42
58
-443
-571
-163
-7
-296
-378
-140
-112
-331
-352
-102
42
-42
-49
171
257
-53
-338
-50
490
467
-33
-85
445
645
206
-185
-95
105
49
-227
-465
-381
-86
-49
-432
-785
-597
-91
83
-204
-279
205
540
235
-65
154
293
27
-39
286
395
174
159
440
551
289
-6
24
262
268
72
88
388
625
537
309
226
387
514
378
301
509
567
307
401
821
586
-126
-26
579
324
-332
-56
479
85
-444
-171
57
-415
-619
-143
25
-462
-743
-408
-162
-481
-856
-739
-436
-528
-733
-543
-396
-736
-878
-526
-606
-1233
-1237
-633
-621
-999
-823
-555
-695
-595
-270
-525
-867
-370
135
-184
-361
150
244
-212
1
583
324
-69
520
1076
675
401
869
1199
1039
888
964
1157
1290
1187
997
990
1055
1014
902
789
763
809
675
357
256
452
497
259
85
190
326
109
-236
-195
71
-8
-232
16
273
-105
-454
-154
-22
-552
-676
-108
-42
-530
-463
-123
-467
-868
-560
-387
-819
-870
-386
-376
-694
-559
-348
-624
-838
-609
-497
-709
-700
-307
-113
-276
-221
57
-133
-520
-204
197
-176
-444
98
480
174
-43
43
88
-27
-181
-152
70
83
-59
187
464
141
-255
-102
190
189
-12
-126
98
413
213
-291
-256
104
19
-188
119
413
94
-154
287
486
-104
-330
387
780
231
-97
332
622
245
-111
174
662
489
-6
176
602
365
14
271
424
177
239
347
2
-147
105
8
-216
-13
17
-282
-120
185
-227
-565
-138
51
-310
-270
65
19
-15
119
-19
-209
-33
20
-133
3
46
-233
-146
242
-58
-532
-86
349
-142
-425
-2
20
-272
-65
57
-216
-113
125
-106
-243
-112
-233
-257
43
-3
-265
-136
26
-175
-298
-120
10
-86
-211
-139
45
76
-112
-324
-294
4
93
-195
-224
36
-54
-186
78
207
16
-10
126
227
360
292
183
476
574
155
311
864
479
-92
412
863
348
92
401
334
150
246
61
-155
120
148
-267
-164
186
-149
-482
-92
64
-302
-353
-146
-232
-353
-276
-374
-536
-535
-610
-563
-312
-495
-938
-666
-84
-305
-709
-327
17
-167
21
486
442
426
840
948
910
1410
1617
1142
1170
1644
1456
995
1091
1096
621
341
294
84
-208
-581
-1060
-1182
-1077
-1487
-1980
-1786
-1587
-2009
-2122
-1452
-1129
-1557
-1543
-789
-393
-603
-627
-239
65
121
69
100
381
623
490
361
671
889
715
783
1070
914
737
1225
1671
1412
1074
1453
2193
2156
1422
1468
2306
2169
1179
1122
1585
1188
478
235
57
-231
-485
-947
-1438
-1476
-1416
-1922
-2498
-2284
-1939
-2452
-3015
-2567
-2053
-2389
-2577
-2141
-1923
-1921
-1639
-1316
-1157
-1051
-1055
-762
121
380
-392
-255
1248
1679
737
922
2097
2087
1519
1972
2457
2252
2220
2156
1948
2471
2771
1751
1276
2139
2059
923
837
1321
732
-48
142
499
23
-749
-618
-67
-489
-1268
-1024
-541
-912
-1276
-905
-601
-850
-1065
-848
-570
-641
-689
-617
-833
-869
-348
-225
-893
-1034
-453
-471
-981
-888
-435
-596
-1102
-1015
-465
-277
-575
-851
-606
50
149
-431
-216
829
523
-670
102
1519
535
-706
468
1325
134
-221
797
676
-112
108
439
300
351
205
-121
406
883
93
-286
742
921
-278
-306
880
757
-313
-74
763
481
63
429
424
54
447
708
62
84
793
374
-256
429
690
-296
-345
606
403
-478
-264
368
146
-297
-143
40
-144
-94
162
-123
-421
-8
100
-430
-267
184
-313
-575
60
-87
-764
-330
101
-530
-752
-240
-150
-348
-334
-272
-143
-97
-372
-401
-63
24
-82
-133
-244
-232
-60
-81
-267
-356
-268
-225
-445
-463
57
114
-622
-750
-77
17
-376
-238
-23
-266
-385
-146
83
203
189
-87
-165
408
778
297
97
693
687
16
236
836
488
155
565
472
-28
413
956
473
119
454
355
47
527
861
147
-178
535
693
67
48
439
194
-3
344
382
28
87
267
-17
-220
-41
-97
-430
-436
-250
-355
-521
-362
-288
-502
-590
-452
-332
-310
-354
-385
-234
-146
-411
-428
107
217
-359
-419
187
223
-287
-257
123
1
-341
-373
-232
53
250
-36
-372
-81
240
-65
-213
191
185
-288
-193
320
284
-137
-85
197
72
-168
-124
64
152
171
142
109
187
205
101
182
346
67
-321
-60
466
408
23
42
274
302
243
98
-147
-180
181
439
249
-50
18
408
621
319
-166
-151
149
55
-224
-147
-4
-191
-216
29
-38
-342
-268
-65
-314
-542
-267
-35
-270
-442
-214
-58
-110
57
212
-85
-399
-174
88
-58
-124
105
263
232
210
217
185
115
-15
-129
-71
78
146
142
108
33
-54
-76
-93
-153
-76
49
-49
-190
-18
164
104
54
63
-82
-148
84
126
-96
-145
91
117
-46
17
178
74
-150
-65
74
51
29
141
198
121
27
-57
-42
73
147
104
8
-30
-49
-86
-74
-3
82
67
84
79
44
66
18
-136
-162
68
130
24
56
78
-48
-78
-20
-134
-196
-33
81
-6
-94
-83
-137
-224
-110
41
-2
-142
-148
-72
-32
-50
-175
-133
74
68
-110
-19
156
47
-23
55
53
-31
15
64
40
-27
-97
-16
97
78
-5
27
52
47
94
128
146
154
65
-115
-96
15
-30
-96
-27
61
0
-54
-10
60
20
-32
-16
-26
-53
-20
-10
-159
-144
-47
-41
-30
42
43
-13
96
100
18
79
150
127
101
86
67
103
161
105
65
80
2
-2
0
10
16
-8
3
42
80
3
-9
-30
-124
-43
16
-14
-46
24
-5
-38
70
25
-58
-118
-81
-46
22
22
-17
72
-1
-85
-86
-69
-136
-210
-67
-86
-93
-68
-95
-85
-239
-228
-199
-95
-86
-156
5
-14
27
41
80
119
78
207
98
88
68
10
56
47
107
-31
-9
103
118
157
39
48
9
47
135
55
58
-22
75
98
68
140
16
-86
-161
-39
18
-94
54
121
86
52
89
165
-114
-145
-33
18
90
83
209
35
13
111
-51
-191
-287
-132
-153
-172
41
-17
-92
-124
3
17
-180
-45
-65
56
211
224
43
-195
31
20
35
182
137
-86
-337
-107
-149
-172
66
-45
-216
-176
265
93
-127
348
331
33
-48
413
371
8
404
421
217
166
382
390
49
374
345
76
185
300
427
-22
110
150
-311
-281
-303
43
-323
-345
-121
-564
-618
-813
-552
-814
-901
-529
-719
-541
-419
-292
-683
-742
-238
-307
-424
-291
-7
-251
-276
-4
43
-55
-75
166
156
415
360
145
176
237
343
102
435
594
445
560
584
668
323
373
398
201
314
233
257
63
248
355
13
100
259
337
9
122
466
201
59
263
496
119
-147
-63
-133
-400
-430
-147
-65
65
153
272
213
151
134
-61
46
136
219
266
473
725
560
444
478
478
305
61
-49
-371
-851
-1177
-1470
-1745
-2075
-2204
-2029
-1400
-209
489
721
1142
1683
1761
1355
1541
1617
1242
928
908
991
650
354
-76
-389
-26
270
199
-53
-216
-536
-1038
-939
-971
-1364
-1840
-2251
-2545
-2833
-2774
-2884
-3046
-2772
-2379
-2118
-1851
-1354
-1184
-1395
-1278
-819
-389
-193
124
489
805
1149
1553
2022
2440
2656
2558
2470
2574
2574
2406
2478
2784
2686
2257
2053
2075
1750
1182
977
885
504
83
65
159
82
31
124
184
219
340
318
218
138
-6
-463
-802
-703
-626
-669
-586
-357
-390
-593
-650
-568
-459
-428
-616
-816
-643
-326
-382
-637
-577
-517
-891
-1263
-1154
-909
-1030
-1263
-1218
-952
-764
-794
-764
-510
-291
-467
-623
-214
314
374
312
634
924
791
648
780
818
553
283
228
231
278
318
174
-91
-143
-102
-344
-573
-416
-294
-619
-764
-430
-356
-740
-852
-575
-563
-697
-518
-287
-292
-154
218
434
618
947
1088
1020
1267
1616
1445
1108
1205
1310
937
651
834
846
363
-59
-117
-224
-544
-832
-984
-1140
-1381
-1623
-1752
-1701
-1698
-1873
-1975
-1749
-1458
-1436
-1486
-1350
-1211
-1242
-1134
-704
-222
84
347
799
1328
1738
2012
2339
2829
3368
3952
4591
5213
5633
5818
5852
5757
5562
5267
4883
4483
4182
3954
3654
3242
2711
2002
1149
314
-427
-1060
-1591
-2070
-2562
-3011
-3327
-3670
-4174
-4747
-5271
-5685
-5937
-6006
-5916
-5769
-5613
-5484
-5436
-5342
-5180
-5079
-5003
-4824
-4512
-4157
-3802
-3420
-3069
-2810
-2591
-2329
-1977
-1558
-1207
-981
-771
-498
-261
-60
189
428
646
903
1269
1651
1838
1890
1972
2171
2438
2627
2771
2992
3200
3238
3136
3052
2994
2842
2731
2845
3035
3088
3073
3170
3327
3352
3228
3135
3200
3288
3206
2937
2590
2122
1413
574
-153
-630
-717
-53
1418
2859
3347
3038
2783
2980
3411
3971
4907
6493
8621
10665
11692
10924
8261
4504
1024
-1085
-1706
-1512
-1221
-1184
-1461
-2073
-3194
-4990
-7248
-9436
-11373
-13298
-15013
-15592
-14453
-12240
-10227
-9270
-9415
-10114
-10644
-10561
-9979
-9391
-9096
-8823
-8018
-6327
-3803
-729
2532
5429
7341
7945
7339
5779
3499
914
-1335
-2743
-3284
-3286
-3094
-2734
-1946
-496
1580
4025
6673
9328
11327
11520
9098
4697
335
-2144
-2549
-2002
-1411
-727
462
2179
4119
6074
8075
10180
12302
14281
15886
16726
16272
14286
11228
8090
5654
4044
2887
1771
498
-941
-2483
-4077
-5644
-6982
-7782
-7850
-7285
-6451
-5700
-5120
-4619
-4160
-3856
-3820
-4008
-4193
-4181
-4189
-5000
-7322
-10773
-13693
-14306
-11925
-7193
-1569
3424
6927
9121
10716
12017
12642
12137
10631
8652
6569
4441
2267
72
-2123
-4201
-5883
-6890
-7066
-6367
-5005
-3729
-3501
-4551
-6091
-7340
-8292
-9025
-8772
-6740
-3771
-1864
-1741
-2028
-1182
686
2433
3500
4208
4995
5921
6829
7495
7742
7599
7288
6966
6516
5742
4668
3539
2549
1665
757
-255
-1459
-3019
-4967
-6854
-7905
-7721
-6763
-5843
-5219
-4384
-2761
-379
2163
4227
5508
5944
5514
4268
2494
717
-465
-736
-259
450
1076
1851
3100
4449
4830
3545
1067
-1455
-3249
-4243
-4618
-4519
-4220
-4204
-4772
-5696
-6424
-6615
-6299
-5613
-4534
-3056
-1413
39
1162
2094
2938
3583
3908
4000
4017
3897
3415
2570
1799
1715
2604
4192
5888
7211
8004
8334
8308
8004
7489
6839
6093
5234
4265
3264
2388
1755
1381
1202
1135
1086
943
634
155
-407
-946
-1408
-1796
-2163
-2564
-3013
-3488
-3985
-4505
-4993
-5370
-5613
-5783
-5948
-6127
-6318
-6525
-6709
-6816
-6831
-6793
-6735
-6654
-6579
-6515
-6425
-6316
-6314
-6449
-6525
-6469
-6499
-6699
-6521
-5372
-3603
-2195
-1451
-687
583
2039
3234
4263
5388
6495
7367
8049
8647
9019
9048
8947
8987
9153
9255
9316
9465
9671
9709
9387
8734
7962
7321
6906
6558
6063
5391
4638
3783
2698
1394
1
-1465
-3094
-4742
-6043
-6942
-7841
-8951
-9889
-10261
-10239
-10145
-9764
-8791
-7545
-6596
-5903
-4972
-3794
-2792
-2065
-1244
-151
992
2054
3121
4216
5144
5694
5800
5526
5064
4554
3959
3200
2424
1839
1408
989
658
589
663
567
252
-68
-298
-544
-835
-1023
-1017
-948
-941
-949
-843
-619
-401
-266
-149
40
266
424
540
774
1161
1507
1665
1751
1900
1953
1658
1127
709
377
-332
-1609
-2948
-3762
-4162
-4649
-5231
-5431
-5187
-5122
-5600
-6072
-5913
-5412
-5297
-5564
-5508
-4919
-4326
-3991
-3423
-2226
-842
82
606
1271
2232
3087
3583
3970
4607
5436
6136
6607
7071
7659
8099
8066
7620
7103
6646
6076
5337
4652
4221
3918
3474
2848
2245
1793
1372
779
4
-768
-1418
-2016
-2640
-3183
-3449
-3457
-3490
-3746
-4055
-4170
-4246
-4696
-5526
-6146
-6186
-5983
-5897
-5542
-4488
-3148
-2250
-1718
-946
-9
490
494
641
1210
1845
2331
2871
3634
4414
4934
5074
4914
4690
4504
4179
3597
3080
2956
2959
2636
2132
1892
1820
1378
525
-232
-691
-1192
-1878
-2392
-2477
-2381
-2397
-2445
-2320
-2074
-1908
-1876
-1873
-1808
-1703
-1616
-1561
-1419
-1085
-688
-491
-469
-340
-58
56
-145
-377
-586
-1228
-2463
-3597
-3957
-3850
-3931
-4040
-3646
-3014
-2963
-3432
-3534
-3016
-2641
-2883
-3130
-2758
-2071
-1592
-1112
-92
1308
2351
2766
2996
3460
4015
4361
4579
4963
5536
6016
6275
6532
6978
7472
7695
7534
7111
6563
5950
5304
4700
4208
3819
3438
2927
2246
1514
864
252
-489
-1397
-2318
-3098
-3761
-4358
-4775
-4868
-4731
-4667
-4813
-4998
-5060
-5132
-5458
-5968
-6379
-6609
-6795
-6900
-6614
-5843
-4900
-4106
-3406
-2657
-1945
-1431
-1044
-591
-15
605
1225
1903
2692
3564
4375
4949
5236
5331
5284
5061
4718
4454
4368
4314
4141
3904
3700
3480
3112
2595
2014
1391
685
-67
-713
-1133
-1348
-1444
-1487
-1483
-1427
-1363
-1349
-1382
-1388
-1313
-1200
-1105
-962
-646
-180
245
508
694
925
1114
1073
801
467
75
-627
-1725
-2850
-3572
-3904
-4189
-4470
-4484
-4236
-4157
-4495
-4866
-4854
-4632
-4614
-4750
-4573
-3955
-3239
-2636
-1903
-822
322
1110
1527
1921
2483
3063
3527
4007
4691
5495
6162
6606
6973
7363
7653
7668
7406
7016
6605
6168
5699
5253
4891
4600
4280
3818
3196
2497
1817
1120
318
-556
-1363
-2016
-2591
-3158
-3621
-3852
-3937
-4127
-4517
-4940
-5223
-5424
-5672
-5909
-5974
-5908
-5958
-6199
-6379
-6218
-5740
-5156
-4494
-3651
-2669
-1814
-1223
-730
-150
470
945
1274
1636
2134
2685
3161
3566
3952
4259
4335
4160
3907
3767
3737
3674
3519
3340
3166
2913
2520
2072
1699
1367
937
379
-163
-562
-844
-1104
-1340
-1480
-1518
-1544
-1609
-1625
-1489
-1237
-995
-821
-635
-334
36
351
581
837
1188
1521
1681
1659
1538
1257
590
-525
-1798
-2825
-3471
-3892
-4166
-4192
-3969
-3792
-3941
-4280
-4468
-4426
-4425
-4593
-4664
-4353
-3725
-3018
-2243
-1227
-30
990
1585
1901
2258
2751
3249
3711
4270
5009
5773
6367
6774
7139
7504
7710
7600
7214
6721
6231
5741
5257
4848
4555
4285
3868
3228
2443
1646
882
100
-722
-1517
-2207
-2797
-3338
-3804
-4115
-4283
-4445
-4722
-5090
-5441
-5734
-6002
-6275
-6523
-6733
-6914
-7048
-7040
-6755
-6176
-5373
-4486
-3614
-2818
-2115
-1468
-869
-273
341
976
1587
2142
2684
3230
3757
4191
4490
4651
4678
4619
4544
4513
4523
4521
4455
4272
3942
3487
2951
2396
1831
1247
660
97
-397
-797
-1084
-1273
-1417
-1575
-1774
-1959
-2067
-2057
-1923
-1670
-1333
-986
-695
-462
-216
101
454
764
1017
1261
1497
1644
1625
1457
1152
622
-261
-1394
-2452
-3177
-3605
-3883
-4008
-3921
-3771
-3847
-4188
-4518
-4630
-4625
-4673
-4687
-4425
-3846
-3142
-2431
-1606
-610
367
1068
1483
1851
2346
2946
3572
4259
5075
5934
6636
7086
7366
7585
7724
7687
7433
7037
6608
6192
5782
5368
4978
4619
4213
3616
2782
1826
915
77
-762
-1609
-2351
-2906
-3367
-3866
-4370
-4753
-5010
-5308
-5769
-6280
-6665
-6914
-7161
-7421
-7520
-7332
-6968
-6599
-6197
-5577
-4722
-3847
-3119
-2452
-1697
-917
-270
258
854
1601
2360
2965
3424
3844
4240
4498
4552
4492
4471
4505
4476
4333
4169
4071
3956
3667
3198
2686
2216
1715
1121
519
50
-292
-633
-1014
-1339
-1520
-1610
-1713
-1833
-1867
-1761
-1584
-1414
-1227
-935
-549
-194
34
203
436
739
1000
1165
1322
1542
1764
1840
1729
1512
1204
670
-195
-1261
-2230
-2913
-3372
-3731
-3965
-3992
-3922
-4012
-4334
-4658
-4770
-4752
-4797
-4850
-4663
-4134
-3433
-2719
-1944
-1025
-78
667
1149
1573
2146
2876
3642
4389
5175
5983
6674
7123
7374
7544
7670
7676
7496
7171
6809
6461
6100
5678
5191
4658
4051
3299
2377
1380
457
-342
-1076
-1787
-2425
-2943
-3409
-3910
-4425
-4860
-5197
-5544
-5954
-6351
-6638
-6821
-6972
-7073
-7036
-6854
-6639
-6456
-6203
-5737
-5061
-4285
-3455
-2545
-1608
-768
-85
521
1157
1833
2488
3080
3608
4094
4520
4838
5032
5141
5191
5137
4938
4640
4344
4081
3799
3451
3046
2609
2116
1559
985
464
8
-417
-845
-1259
-1619
-1891
-2056
-2111
-2074
-1977
-1849
-1698
-1515
-1280
-981
-634
-272
61
348
576
764
952
1156
1342
1462
1537
1619
1706
1697
1534
1225
753
11
-1039
-2188
-3136
-3754
-4150
-4426
-4540
-4493
-4492
-4739
-5136
-5397
-5414
-5348
-5312
-5127
-4590
-3766
-2884
-2011
-1029
34
937
1505
1888
2382
3102
3958
4867
5844
6839
7661
8146
8316
8324
8277
8165
7961
7682
7344
6953
6519
6074
5593
5017
4315
3484
2517
1418
289
-693
-1445
-2059
-2682
-3346
-3991
-4623
-5298
-6012
-6626
-7046
-7340
-7663
-8036
-8308
-8344
-8169
-7890
-7508
-6932
-6167
-5362
-4637
-3911
-3025
-1989
-993
-156
604
1384
2143
2779
3309
3830
4368
4801
5013
5032
5001
5007
4995
4884
4675
4435
4163
3780
3269
2745
2319
1945
1493
930
361
-133
-578
-1020
-1419
-1705
-1905
-2120
-2374
-2562
-2582
-2446
-2237
-1993
-1688
-1320
-953
-657
-425
-162
179
526
794
1013
1284
1595
1819
1898
1945
2085
2253
2286
2109
1764
1265
519
-528
-1723
-2750
-3407
-3771
-4069
-4373
-4602
-4781
-5118
-5705
-6278
-6506
-6386
-6169
-5912
-5391
-4485
-3413
-2463
-1622
-714
283
1193
1933
2696
3706
4938
6158
7182
8034
8764
9296
9509
9457
9362
9361
9374
9256
8969
8574
8075
7395
6486
5403
4260
3130
1999
842
-291
-1293
-2133
-2921
-3782
-4716
-5620
-6449
-7238
-7972
-8528
-8837
-8992
-9146
-9339
-9457
-9376
-9080
-8576
-7841
-6852
-5710
-4599
-3625
-2733
-1820
-873
55
948
1832
2705
3495
4143
4640
5002
5240
5305
5180
4925
4671
4496
4359
4171
3910
3572
3120
2505
1801
1166
686
328
2
-316
-624
-940
-1297
-1665
-1954
-2095
-2093
-1993
-1800
-1497
-1103
-679
-293
39
341
619
874
1124
1417
1773
2147
2450
2615
2663
2649
2588
2468
2318
2224
2208
2143
1830
1186
278
-856
-2268
-3861
-5205
-5913
-6091
-6201
-6472
-6723
-6922
-7403
-8274
-8978
-8865
-8047
-7172
-6434
-5458
-4093
-2834
-2054
-1397
-287
1210
2533
3551
4715
6285
7885
9041
9775
10407
10971
11218
11123
11036
11224
11513
11546
11168
10454
9444
8155
6726
5378
4196
3108
2062
1028
-123
-1505
-2976
-4243
-5257
-6249
-7318
-8203
-8703
-9038
-9543
-10129
-10430
-10426
-10508
-10788
-10777
-10002
-8705
-7485
-6484
-5397
-4177
-3216
-2637
-1972
-768
791
2179
3197
4004
4705
5187
5375
5404
5500
5748
5996
5998
5723
5388
5144
4822
4182
3331
2586
2024
1420
691
66
-318
-674
-1272
-2030
-2634
-2935
-3023
-3018
-2914
-2698
-2438
-2228
-2068
-1812
-1297
-523
266
839
1226
1615
2039
2368
2605
2926
3355
3646
3639
3501
3437
3410
3314
3218
3197
3054
2524
1597
433
-995
-2758
-4543
-5720
-6055
-6076
-6402
-7015
-7576
-8186
-9244
-10472
-10855
-9916
-8442
-7455
-6873
-5971
-4747
-3893
-3467
-2532
-542
1799
3552
4789
6195
7838
9118
9791
10326
11158
12068
12630
12836
13007
13228
13179
12552
11445
10211
9058
7980
6966
6014
4961
3563
1829
23
-1727
-3429
-4924
-5934
-6544
-7168
-8016
-8928
-9754
-10570
-11363
-12000
-12361
-12206
-11267
-9951
-9275
-9463
-9368
-8122
-6470
-5313
-4031
-1797
453
1206
897
1325
2871
4282
4943
5534
6373
6817
6555
6132
5969
5900
5784
5641
5272
4560
3916
3647
3282
2307
1148
516
219
-414
-1248
-1588
-1506
-1824
-2761
-3571
-3712
-3488
-3279
-2934
-2293
-1656
-1346
-1217
-944
-463
184
1031
1950
2590
2819
2905
3060
3169
3199
3436
3961
4300
4048
3504
3166
2889
2170
1046
-21
-1078
-2650
-4575
-5775
-5727
-5406
-5989
-7255
-8208
-8796
-9733
-10758
-10519
-8660
-6750
-6293
-6757
-6616
-5584
-4546
-3653
-1967
753
3239
4334
4578
5336
6923
8511
9606
10644
11948
12998
13204
12870
12734
12896
12798
12155
11286
10484
9613
8517
7347
6190
4798
2998
1104
-489
-1803
-3028
-4082
-4904
-5883
-7406
-9104
-10196
-10508
-10558
-10676
-10767
-10970
-11686
-12663
-12857
-11678
-9729
-7920
-6503
-5419
-4851
-4704
-4161
-2535
-196
1922
3370
4198
4457
4338
4424
5133
6137
6854
7163
7181
6824
6106
5469
5238
5076
4557
3834
3280
2806
2107
1264
541
-136
-965
-1769
-2193
-2266
-2334
-2567
-2914
-3344
-3749
-3801
-3280
-2401
-1543
-838
-313
-140
-276
-146
727
1956
2760
3031
3248
3497
3385
3002
3019
3598
4032
3816
3315
2937
2415
1388
52
-1324
-2818
-4242
-4885
-4625
-4513
-5432
-6872
-7921
-8724
-9739
-10256
-9185
-7106
-5964
-6498
-7351
-7128
-6036
-4893
-3553
-1389
1179
2836
3050
2904
3790
5750
7679
8953
10041
11316
12175
11991
11372
11441
12194
12545
12009
11227
10703
10045
8832
7356
6026
4737
3325
2023
1009
-15
-1350
-2872
-4398
-5966
-7447
-8395
-8681
-8801
-9259
-10058
-10925
-11601
-11771
-11375
-10873
-10538
-9835
-8330
-6842
-6335
-6173
-5056
-3267
-2137
-1494
51
2326
3538
3194
2888
3652
4687
5260
5816
6584
6826
6177
5343
4917
4790
4847
5060
4965
4063
2801
1970
1467
751
35
-121
-95
-730
-1849
-2517
-2571
-2701
-3103
-3200
-2781
-2354
-2230
-2077
-1665
-1220
-875
-409
289
999
1573
2047
2346
2361
2350
2726
3366
3691
3523
3270
3179
2998
2513
1924
1413
758
-393
-1982
-3387
-3908
-3611
-3534
-4579
-6251
-7296
-7527
-7875
-8422
-8008
-6479
-5600
-6501
-7643
-6998
-5002
-3554
-2954
-1912
-170
1041
1253
1660
3251
5372
6806
7408
7931
8812
9725
10229
10395
10628
11013
11166
10836
10322
9990
9625
8748
7393
6103
5145
4284
3300
2222
1024
-428
-2002
-3373
-4464
-5426
-6189
-6673
-7318
-8591
-9995
-10563
-10389
-10440
-10689
-10077
-8729
-8232
-8947
-9077
-7540
-5731
-4951
-4231
-2525
-935
-722
-890
130
1887
3027
3563
4214
4787
4809
4734
5061
5430
5524
5687
5905
5522
4591
4026
3974
3559
2609
2045
2082
1719
553
-522
-921
-1213
-1830
-2260
-2140
-1998
-2313
-2747
-2842
-2671
-2368
-1820
-1131
-700
-571
-315
199
645
938
1417
2114
2544
2517
2500
2813
3080
2922
2650
2733
2973
2758
1987
1102
305
-693
-1918
-2720
-2640
-2336
-2963
-4594
-6072
-6591
-6666
-6964
-7068
-6352
-5490
-5730
-6822
-7093
-5803
-4166
-3385
-2944
-1818
-339
424
586
1358
3094
4728
5486
5955
6937
8110
8661
8620
8761
9368
9920
9997
9821
9664
9301
8425
7303
6492
6093
5652
4799
3625
2336
989
-323
-1394
-2241
-3107
-4016
-4800
-5594
-6674
-7760
-8291
-8543
-9255
-10031
-9649
-8306
-7758
-8512
-8918
-7992
-6907
-6494
-5602
-3556
-1968
-2103
-2618
-1770
-68
1162
2002
2981
3622
3489
3344
3861
4583
5027
5400
5640
5238
4480
4286
4554
4303
3503
3085
3097
2598
1497
715
486
66
-740
-1239
-1207
-1267
-1756
-2263
-2448
-2440
-2323
-1989
-1543
-1242
-1103
-973
-831
-627
-113
731
1432
1627
1580
1715
1963
2058
2128
2386
2636
2508
2058
1631
1269
771
55
-776
-1520
-1897
-1862
-2007
-2994
-4451
-5270
-5198
-5143
-5501
-5490
-4814
-4553
-5409
-6187
-5480
-3868
-2961
-2924
-2530
-1362
-343
1
399
1561
3053
4027
4474
5063
6048
6903
7125
7034
7354
8153
8743
8668
8282
8023
7743
7163
6508
6144
5894
5299
4291
3152
2073
1099
271
-482
-1358
-2344
-3223
-3988
-4902
-5959
-6750
-7033
-7092
-7298
-7641
-7874
-7908
-7856
-7767
-7483
-6803
-5865
-5126
-4821
-4591
-3963
-3023
-2181
-1453
-556
407
987
1170
1472
2143
2875
3362
3690
3985
4145
4104
3987
3948
3971
3962
3828
3502
3047
2611
2208
1745
1263
940
750
436
-87
-585
-877
-1039
-1182
-1237
-1149
-1040
-1057
-1170
-1196
-994
-627
-329
-200
-62
265
631
795
891
1212
1633
1733
1501
1408
1664
1902
1769
1417
1132
807
172
-673
-1266
-1328
-1188
-1494
-2443
-3483
-3989
-4040
-4153
-4401
-4359
-4021
-3996
-4489
-4801
-4322
-3457
-2964
-2803
-2325
-1401
-604
-260
23
725
1751
2678
3363
3993
4660
5167
5347
5452
5885
6626
7181
7193
6886
6651
6505
6213
5796
5496
5315
4922
4131
3148
2255
1484
719
-38
-702
-1304
-1994
-2899
-3959
-4908
-5419
-5471
-5482
-5817
-6303
-6520
-6504
-6620
-6761
-6374
-5461
-4787
-4733
-4683
-4086
-3326
-2928
-2556
-1676
-606
-35
92
378
970
1513
1896
2334
2839
3160
3213
3150
3106
3142
3296
3433
3320
2986
2686
2454
2081
1620
1404
1422
1258
739
190
-137
-349
-553
-634
-590
-619
-779
-929
-1021
-1097
-1016
-660
-254
-133
-218
-140
155
427
583
766
997
1127
1124
1091
1089
1101
1095
979
595
-7
-484
-608
-579
-807
-1404
-2081
-2546
-2826
-3100
-3338
-3344
-3166
-3193
-3577
-3872
-3583
-2950
-2582
-2522
-2218
-1474
-801
-550
-355
256
1119
1760
2163
2682
3376
3890
4033
4120
4531
5149
5544
5543
5421
5425
5416
5193
4882
4733
4652
4316
3699
3098
2634
2087
1333
582
61
-318
-834
-1618
-2487
-3148
-3572
-4029
-4596
-4891
-4769
-4814
-5466
-6079
-5824
-5125
-4988
-5248
-4910
-4049
-3692
-3887
-3578
-2529
-1723
-1551
-1261
-488
174
397
656
1227
1777
2120
2446
2724
2772
2762
2946
3106
3004
2884
2949
2864
2395
1961
1907
1857
1451
1022
901
766
288
-185
-252
-198
-434
-755
-777
-644
-713
-885
-837
-626
-524
-494
-314
-25
153
184
249
425
610
716
749
753
747
716
630
492
321
50
-381
-791
-919
-868
-1066
-1632
-2156
-2345
-2447
-2713
-2904
-2764
-2598
-2783
-3074
-2958
-2494
-2206
-2178
-1966
-1371
-770
-485
-288
157
773
1287
1712
2253
2875
3310
3485
3662
4045
4518
4844
4979
5030
5036
4953
4802
4650
4492
4272
3964
3585
3136
2596
1998
1403
855
368
-89
-607
-1253
-1977
-2669
-3238
-3591
-3730
-3870
-4276
-4866
-5233
-5202
-5046
-4984
-4877
-4625
-4424
-4365
-4169
-3658
-3082
-2692
-2335
-1795
-1198
-762
-437
-48
423
915
1404
1829
2094
2220
2338
2487
2627
2750
2861
2863
2699
2476
2315
2170
1947
1700
1506
1322
1063
745
443
188
-13
-158
-269
-385
-509
-631
-741
-762
-632
-485
-488
-540
-386
-69
91
58
171
521
746
657
565
718
881
802
659
699
744
476
-84
-600
-804
-728
-691
-1031
-1703
-2263
-2434
-2482
-2710
-2930
-2835
-2646
-2769
-3060
-3012
-2590
-2260
-2171
-1930
-1305
-630
-313
-261
-29
605
1411
2031
2391
2722
3145
3477
3609
3806
4306
4834
4942
4717
4637
4785
4749
4376
4047
4002
3944
3527
2878
2321
1877
1359
762
270
-98
-562
-1271
-2063
-2646
-2930
-3142
-3538
-4034
-4345
-4439
-4597
-4909
-5050
-4800
-4473
-4420
-4444
-4165
-3689
-3404
-3242
-2795
-2058
-1489
-1239
-964
-441
127
533
878
1304
1720
1990
2142
2274
2429
2590
2689
2673
2584
2516
2425
2206
1916
1720
1619
1429
1114
829
624
383
94
-84
-119
-189
-370
-540
-605
-634
-661
-601
-462
-380
-379
-331
-185
-51
22
147
381
595
668
662
681
727
748
742
749
755
695
483
121
-248
-453
-508
-642
-971
-1324
-1537
-1758
-2144
-2503
-2541
-2363
-2344
-2552
-2661
-2527
-2375
-2359
-2258
-1845
-1289
-915
-748
-548
-167
297
716
1127
1628
2177
2580
2754
2877
3166
3579
3892
4042
4169
4316
4316
4102
3881
3840
3847
3686
3359
3002
2640
2183
1672
1233
884
514
43
-508
-1096
-1670
-2153
-2523
-2863
-3218
-3528
-3794
-4126
-4492
-4648
-4516
-4367
-4396
-4398
-4164
-3890
-3780
-3604
-3093
-2479
-2118
-1876
-1439
-899
-533
-232
263
828
1200
1438
1716
1990
2163
2336
2562
2691
2682
2679
2694
2566
2343
2238
2204
2005
1674
1445
1298
1025
674
464
367
184
-72
-238
-325
-452
-589
-632
-605
-565
-498
-416
-389
-402
-320
-126
42
137
260
428
498
429
375
436
538
553
478
386
270
57
-293
-685
-903
-845
-764
-1029
-1640
-2157
-2268
-2219
-2362
-2580
-2545
-2335
-2371
-2685
-2787
-2418
-1952
-1771
-1651
-1202
-581
-281
-315
-128
553
1351
1821
2045
2361
2794
3089
3225
3462
3906
4311
4426
4336
4275
4276
4190
3992
3837
3774
3613
3194
2636
2158
1793
1404
956
538
157
-325
-971
-1607
-2030
-2274
-2565
-2971
-3298
-3461
-3723
-4273
-4703
-4500
-3940
-3851
-4305
-4497
-4085
-3697
-3706
-3509
-2743
-2087
-2089
-2151
-1612
-869
-532
-339
194
819
1114
1205
1387
1612
1846
2230
2598
2624
2426
2415
2509
2380
2210
2327
2453
2148
1674
1508
1493
1231
904
838
819
541
186
30
-82
-282
-356
-216
-183
-412
-598
-569
-505
-464
-286
-80
-120
-300
-249
6
126
80
166
409
495
330
186
208
272
269
240
212
129
-60
-387
-831
-1127
-974
-617
-746
-1506
-2126
-2026
-1740
-2004
-2468
-2313
-1746
-1715
-2284
-2496
-1969
-1449
-1462
-1461
-879
-149
2
-259
-149
564
1319
1651
1765
2052
2470
2676
2638
2730
3141
3555
3614
3437
3383
3442
3321
3017
2853
2918
2918
2626
2181
1799
1478
1148
838
590
346
27
-388
-866
-1314
-1626
-1839
-2098
-2402
-2593
-2722
-3021
-3434
-3608
-3501
-3486
-3634
-3563
-3244
-3177
-3435
-3391
-2815
-2311
-2249
-2126
-1593
-1127
-1056
-922
-354
239
474
624
980
1321
1441
1554
1822
2071
2183
2267
2320
2244
2141
2155
2175
2050
1918
1881
1749
1427
1165
1113
1037
785
567
517
402
90
-166
-174
-145
-288
-451
-456
-439
-573
-712
-649
-463
-383
-431
-434
-350
-279
-247
-156
20
175
216
174
122
119
182
279
320
253
126
-4
-171
-402
-590
-615
-542
-620
-947
-1323
-1503
-1512
-1571
-1704
-1710
-1549
-1488
-1697
-1898
-1760
-1396
-1168
-1098
-885
-499
-253
-250
-166
246
760
1074
1235
1456
1725
1880
1938
2074
2347
2615
2737
2727
2674
2637
2607
2561
2508
2478
2445
2310
2035
1726
1500
1339
1148
915
692
451
115
-287
-624
-858
-1077
-1336
-1608
-1859
-2116
-2399
-2667
-2844
-2907
-2928
-3017
-3142
-3164
-3050
-2951
-2935
-2823
-2505
-2178
-2033
-1902
-1548
-1097
-807
-615
-281
159
456
602
818
1155
1439
1577
1674
1803
1914
1956
1958
1962
1983
1989
1917
1765
1613
1516
1417
1258
1092
974
850
653
438
291
186
64
-75
-187
-272
-375
-481
-552
-587
-605
-619
-615
-587
-551
-520
-484
-422
-337
-251
-171
-67
52
144
196
248
313
363
387
413
450
448
377
276
174
65
-63
-182
-278
-389
-548
-738
-923
-1073
-1183
-1263
-1323
-1378
-1431
-1471
-1495
-1484
-1424
-1313
-1174
-1034
-890
-745
-584
-407
-203
28
275
517
736
933
1126
1323
1524
1721
1900
2057
2178
2259
2309
2342
2364
2366
2341
2284
2192
2064
1912
1745
1567
1383
1186
965
717
450
184
-76
-329
-576
-817
-1057
-1307
-1564
-1806
-2011
-2182
-2330
-2461
-2580
-2686
-2774
-2828
-2823
-2761
-2659
-2539
-2409
-2271
-2097
-1871
-1604
-1316
-1022
-727
-436
-161
112
401
693
960
1196
1406
1580
1717
1826
1922
2000
2050
2063
2027
1954
1857
1748
1627
1493
1346
1189
1011
819
625
449
286
132
-10
-141
-271
-389
-479
-550
-590
-608
-608
-590
-566
-537
-491
-430
-349
-258
-160
-58
34
114
187
264
340
416
481
524
544
534
508
480
435
365
275
171
53
-95
-268
-443
-610
-772
-936
-1103
-1264
-1421
-1570
-1684
-1763
-1814
-1852
-1866
-1848
-1802
-1732
-1634
-1497
-1329
-1146
-947
-730
-493
-243
10
276
560
843
1110
1358
1602
1839
2055
2255
2433
2582
2702
2787
2845
2873
2871
2837
2771
2670
2531
2359
2157
1929
1677
1409
1126
825
509
188
-135
-456
-776
-1084
-1373
-1648
-1909
-2149
-2359
-2540
-2693
-2814
-2896
-2943
-2955
-2936
-2878
-2783
-2656
-2502
-2312
-2093
-1851
-1590
-1321
-1041
-750
-457
-166
114
382
636
867
1073
1261
1423
1554
1652
1722
1765
1777
1760
1715
1646
1555
1444
1316
1170
1016
856
692
524
361
208
64
-75
-201
-307
-396
-464
-516
-554
-567
-554
-520
-477
-425
-353
-262
-163
-64
35
145
258
358
448
534
615
678
718
746
765
768
737
683
628
570
484
364
239
124
-1
-154
-318
-462
-597
-752
-914
-1046
-1152
-1266
-1389
-1484
-1531
-1557
-1599
-1634
-1625
-1573
-1508
-1448
-1367
-1243
-1096
-952
-809
-634
-431
-228
-43
148
370
595
793
974
1166
1365
1544
1691
1826
1956
2071
2155
2210
2247
2267
2260
2218
2147
2057
1944
1808
1643
1457
1258
1050
833
602
362
124
-107
-337
-567
-795
-1004
-1185
-1361
-1545
-1711
-1816
-1871
-1932
-2013
-2060
-2035
-1987
-1954
-1899
-1791
-1664
-1561
-1462
-1318
-1140
-982
-845
-699
-529
-360
-217
-84
60
211
344
459
564
666
757
828
879
923
958
969
954
919
885
844
782
701
614
529
440
344
249
166
94
26
-34
-80
-110
-127
-138
-135
-115
-83
-46
-7
42
96
154
214
270
324
379
428
471
503
531
555
566
566
554
535
509
475
428
372
305
233
162
86
7
-78
-163
-244
-320
-392
-460
-522
-575
-619
-652
-681
-705
-719
-725
-724
-716
-708
-697
-681
-658
-629
-602
-575
-543
-507
-469
-429
-386
-342
-295
-249
-204
-158
-108
-62
-17
28
75
121
157
191
226
259
288
309
331
349
366
385
408
430
448
467
491
517
546
576
603
634
668
702
731
757
777
798
813
816
812
805
789
761
728
688
644
590
524
451
372
290
198
100
0
-102
-208
-312
-415
-517
-618
-711
-792
-871
-946
-1011
-1061
-1105
-1138
-1157
-1166
-1166
-1156
-1139
-1111
-1077
-1036
-988
-934
-872
-802
-728
-655
-573
-486
-402
-322
-239
-154
-69
10
90
169
238
300
357
418
483
540
573
585
607
655
705
713
689
665
675
704
720
696
638
581
573
600
599
537
437
371
364
381
362
285
173
104
114
143
121
30
-74
-111
-76
-30
-40
-114
-181
-167
-76
21
41
-14
-47
3
112
182
166
95
49
63
105
116
61
-41
-132
-158
-137
-147
-225
-327
-390
-383
-343
-318
-345
-410
-435
-389
-304
-250
-262
-298
-302
-250
-164
-101
-98
-141
-161
-114
-23
29
9
-44
-60
-26
33
69
50
-7
-49
-28
30
66
47
0
-26
6
79
135
132
78
44
74
132
149
104
30
-11
16
75
97
65
14
6
68
138
149
99
51
49
73
76
31
-36
-81
-84
-71
-66
-81
-99
-87
-39
27
70
65
47
76
143
176
131
63
48
85
120
97
31
-17
9
89
136
95
21
23
113
193
181
90
4
1
80
126
46
-102
-172
-97
11
5
-108
-207
-183
-64
17
-39
-173
-231
-150
-38
-27
-130
-236
-238
-146
-48
-51
-151
-237
-198
-58
33
-7
-106
-148
-82
35
103
59
-53
-92
-1
116
122
37
-20
-10
33
90
143
123
32
-14
71
177
176
102
51
54
83
132
160
109
18
7
79
117
66
8
5
12
8
26
48
15
-47
-46
15
41
10
-16
-7
3
2
24
45
25
-9
-2
22
10
-17
-13
0
-27
-68
-62
-24
-33
-82
-96
-67
-51
-67
-80
-70
-65
-60
-30
-10
-39
-62
-20
30
10
-32
-8
36
19
-19
10
58
33
-17
-2
42
30
-5
-11
-5
-23
-19
16
8
-41
-37
23
34
-24
-37
20
53
10
-23
8
54
49
16
9
21
34
32
27
20
14
15
19
17
4
2
15
13
-17
-39
-18
11
4
-35
-55
-40
-17
-7
-18
-42
-50
-29
-5
-10
-33
-41
-30
-16
-12
-18
-31
-37
-20
2
-1
-23
-18
16
27
9
11
30
34
22
27
47
43
28
32
50
52
40
31
28
23
21
32
24
-3
-16
0
17
9
-8
-9
-10
-10
-2
13
12
-3
-9
2
16
18
7
-9
-10
4
11
2
-8
-9
-10
-12
-10
-9
-14
-18
-15
-9
-5
-6
-5
-3
-6
-4
2
0
-10
-15
-10
-9
-9
-2
1
-7
-12
1
13
6
-10
-8
4
3
-7
-7
-4
-7
-12
-7
2
0
-8
-5
5
6
6
6
1
-1
7
14
6
-8
-9
1
9
7
0
-4
-2
2
4
1
1
1
0
3
10
11
3
-4
1
9
8
0
-5
-2
-3
-5
-1
2
-3
-8
-1
5
3
0
-6
-8
-13
-9
0
0
-7
-8
0
8
6
-2
-2
3
7
6
6
5
1
2
6
10
9
3
-2
-4
1
6
6
3
1
3
7
11
13
14
14
12
10
7
5
7
8
2
-2
1
1
0
