1
3
3
2
4
2
3
6
6
7
7
7
6
7
8
7
8
8
7
2
1
2
0
1
-2
-2
-2
-4
-5
-5
-3
-6
-2
-1
-3
-5
-8
-7
-5
-4
-4
-4
-6
-7
-7
-4
-3
-6
-4
-3
-1
-1
-6
-2
-1
-2
0
1
-1
-2
-1
0
4
-2
-3
-5
-6
-4
-1
-1
-6
-7
-7
-6
-2
-2
-3
-3
-2
0
-3
-6
-7
-6
-8
-9
-6
-4
0
-1
0
6
7
8
6
7
8
7
5
6
7
11
12
12
9
8
10
10
9
7
8
9
10
8
7
6
4
3
5
8
7
6
6
6
6
6
8
9
9
13
14
15
13
15
13
9
9
8
6
1
0
0
-3
-5
-4
-3
-5
-6
-7
-7
-8
-10
-8
-8
-8
-10
-13
-13
-13
-11
-11
-10
-10
-9
-11
-13
-14
-13
-10
-14
-17
-15
-10
-10
-14
-14
-10
-7
-7
-9
-8
-6
-5
-5
-4
-1
-1
-4
-4
0
-1
-4
-11
-12
-13
-15
-19
-22
-27
-25
-39
-70
-69
-70
-64
-67
-96
-93
-75
-68
-63
-65
-47
-26
-21
-10
17
49
55
63
81
112
154
171
183
205
227
280
321
342
381
396
435
497
515
547
564
581
643
655
662
676
665
708
724
691
673
625
626
648
595
518
433
381
358
283
198
110
-3
-111
-178
-228
-344
-476
-570
-639
-723
-841
-883
-862
-924
-1042
-1127
-1079
-972
-1036
-1159
-1112
-997
-996
-1162
-1193
-984
-926
-1105
-1232
-1133
-1017
-1055
-1116
-1075
-1031
-1071
-1094
-990
-851
-827
-880
-884
-825
-768
-723
-671
-681
-804
-928
-918
-837
-861
-1002
-1118
-1138
-1161
-1210
-1149
-940
-807
-899
-941
-580
-8
260
225
421
1022
1563
1746
1912
2371
2852
3042
3124
3408
3770
3894
3813
3813
3971
4068
3943
3723
3615
3591
3466
3204
2938
2729
2515
2262
1993
1699
1360
1021
737
462
154
-106
-356
-847
-1492
-1664
-1280
-1356
-2396
-3190
-2739
-2096
-2546
-3343
-3230
-2746
-2887
-3176
-2893
-2588
-2792
-2921
-2618
-2394
-2422
-2351
-2332
-2597
-2543
-1880
-1571
-2104
-2382
-1700
-1051
-1174
-1254
-695
-208
-265
-225
304
787
835
725
733
902
1212
1429
1245
909
996
1402
1473
1195
1184
1504
1586
1344
1318
1619
1762
1596
1505
1631
1726
1694
1606
1466
1405
1619
1817
1546
1097
1137
1475
1427
1095
1064
1224
1094
840
805
709
292
-28
-21
-214
-904
-1555
-1807
-2135
-2889
-3577
-3687
-3573
-3897
-4598
-4950
-4565
-3936
-3748
-3876
-3547
-2593
-1810
-1659
-1455
-550
490
901
1055
1689
2540
2867
2830
3112
3713
4068
4023
3950
4020
4058
3937
3718
3477
3231
3000
2758
2420
1992
1593
1291
1013
697
416
199
-30
-291
-497
-622
-729
-814
-874
-982
-1134
-1186
-1114
-1120
-1274
-1374
-1336
-1321
-1404
-1446
-1410
-1425
-1475
-1445
-1370
-1398
-1511
-1543
-1471
-1423
-1477
-1562
-1604
-1671
-1789
-1812
-1623
-1433
-1493
-1618
-1470
-1131
-909
-773
-512
-214
-37
128
402
651
786
941
1144
1246
1269
1349
1420
1369
1357
1537
1623
1409
1263
1506
1746
1540
1268
1414
1677
1562
1299
1311
1399
1230
997
975
970
748
494
414
378
253
184
237
235
148
157
249
182
-7
43
305
252
-330
-935
-1072
-1010
-1317
-2064
-2783
-3128
-3223
-3394
-3821
-4333
-4568
-4386
-4043
-3873
-3821
-3565
-3031
-2457
-1999
-1502
-813
-99
436
878
1491
2217
2697
2889
3172
3767
4321
4449
4359
4461
4742
4835
4656
4472
4382
4239
3918
3519
3144
2746
2303
1857
1453
1072
665
234
-182
-528
-790
-1024
-1238
-1375
-1467
-1640
-1875
-1945
-1832
-1808
-1966
-2034
-1855
-1707
-1787
-1879
-1761
-1552
-1433
-1388
-1357
-1349
-1342
-1316
-1308
-1311
-1267
-1256
-1433
-1689
-1744
-1565
-1449
-1568
-1710
-1657
-1463
-1321
-1249
-1119
-891
-635
-423
-263
-103
116
403
653
794
922
1103
1265
1347
1440
1596
1697
1728
1816
1926
1891
1775
1807
1932
1884
1727
1714
1768
1615
1337
1256
1348
1327
1114
903
873
949
895
613
416
638
950
784
341
327
661
575
33
-231
-98
-243
-872
-1446
-1777
-2232
-2896
-3422
-3699
-3989
-4403
-4808
-5082
-5193
-5136
-4966
-4756
-4459
-4003
-3479
-2988
-2466
-1831
-1131
-413
368
1160
1812
2353
2935
3546
4032
4442
4916
5356
5579
5665
5798
5915
5852
5687
5573
5442
5129
4654
4168
3682
3131
2540
1969
1434
896
332
-235
-770
-1207
-1554
-1862
-2118
-2285
-2384
-2507
-2629
-2668
-2710
-2831
-2850
-2581
-2335
-2542
-2919
-2872
-2474
-2339
-2531
-2552
-2403
-2389
-2375
-2090
-1839
-1987
-2082
-1729
-1395
-1525
-1716
-1487
-1172
-1122
-1074
-876
-776
-804
-626
-254
-54
32
267
542
656
773
1079
1340
1398
1527
1839
2052
2014
1975
2114
2268
2324
2333
2305
2236
2179
2151
2065
1915
1809
1719
1569
1419
1333
1171
889
719
753
737
554
426
402
275
106
172
335
229
-7
43
253
167
-133
-184
58
234
157
-127
-507
-737
-661
-624
-1067
-1775
-2216
-2464
-2958
-3586
-3956
-4196
-4669
-5152
-5201
-5012
-5065
-5262
-5082
-4452
-3809
-3378
-2961
-2346
-1578
-824
-118
613
1373
2077
2672
3257
3888
4455
4857
5197
5614
6010
6206
6255
6299
6331
6240
6063
5890
5651
5241
4740
4261
3759
3146
2495
1900
1317
688
67
-497
-1031
-1548
-2005
-2389
-2704
-2966
-3216
-3454
-3632
-3765
-3969
-4147
-4072
-3833
-3815
-4065
-4169
-3924
-3599
-3421
-3294
-3094
-2842
-2583
-2356
-2192
-1938
-1457
-982
-807
-742
-478
-221
-222
-132
372
812
670
353
462
817
948
921
1013
1146
1201
1257
1290
1234
1234
1426
1580
1527
1468
1512
1481
1335
1343
1533
1635
1581
1534
1507
1433
1383
1449
1503
1465
1439
1452
1386
1224
1144
1187
1204
1147
1111
1070
924
750
716
745
641
479
420
411
327
304
415
402
135
-102
-119
-192
-498
-798
-1002
-1413
-2148
-2937
-3590
-4067
-4217
-4201
-4656
-5659
-6258
-5887
-5463
-5840
-6247
-5670
-4666
-4403
-4674
-4345
-3315
-2449
-2026
-1406
-212
989
1601
1896
2619
3903
5032
5560
5957
6727
7546
7819
7747
7921
8309
8462
8288
8063
7791
7269
6579
5934
5349
4716
4034
3305
2401
1349
396
-365
-1103
-1919
-2650
-3192
-3744
-4446
-5160
-5684
-6007
-6241
-6421
-6524
-6536
-6508
-6510
-6444
-6121
-5709
-5569
-5426
-4612
-3451
-3082
-3380
-2969
-1661
-793
-769
-476
403
955
1053
1453
2128
2387
2372
2642
2988
2996
2866
2841
2786
2712
2777
2698
2221
1758
1678
1653
1335
1006
905
761
463
266
230
116
-49
-14
140
154
62
89
212
272
351
555
756
820
842
968
1100
1131
1154
1267
1392
1433
1445
1470
1434
1333
1272
1284
1276
1114
799
532
526
666
551
135
-98
87
244
-22
-461
-729
-881
-969
-967
-1132
-1755
-2594
-3318
-4062
-4771
-4856
-4448
-4823
-6372
-7476
-6882
-5900
-6296
-7342
-7031
-5433
-4526
-4888
-4949
-3727
-2287
-1703
-1225
252
2148
3085
3108
3681
5372
7054
7732
7936
8617
9546
9924
9740
9630
9810
9887
9645
9218
8694
7965
6990
5933
4953
4069
3244
2333
1161
-247
-1566
-2525
-3321
-4226
-5148
-5767
-6135
-6625
-7289
-7751
-7760
-7584
-7507
-7375
-6953
-6432
-6149
-5984
-5481
-4574
-3635
-3131
-3091
-2849
-1695
-55
613
81
-101
942
2062
2177
2097
2625
3060
2809
2509
2782
3077
2770
2103
1593
1584
1842
1714
943
164
101
282
27
-383
-445
-349
-585
-883
-739
-325
-122
-258
-263
118
575
777
769
914
1272
1637
1876
1977
2084
2141
2055
1932
1985
2207
2184
1878
1657
1622
1558
1335
1184
1075
822
554
331
185
100
98
-19
-424
-581
-293
-76
-273
-521
-451
-610
-1038
-1073
-810
-1084
-2055
-2647
-2888
-4048
-5827
-6317
-5045
-4524
-6294
-8232
-8087
-6825
-6893
-7853
-7353
-5422
-4259
-4709
-4771
-3072
-1093
-402
-213
1382
4030
5587
5627
5778
7176
8774
9460
9885
10731
11494
11336
10624
10292
10245
10005
9451
8758
7925
6784
5566
4319
2887
1375
153
-626
-1536
-2936
-4432
-5565
-6369
-7196
-7857
-7980
-7803
-7876
-8328
-8533
-8112
-7465
-6980
-6489
-5549
-4404
-3730
-3484
-2987
-1891
-814
-219
391
1332
2099
2133
1913
2169
2663
2923
2987
3076
2996
2503
1921
1530
1292
1112
894
545
-15
-551
-914
-1346
-1891
-2191
-1963
-1597
-1606
-1872
-2026
-1938
-1654
-1105
-328
326
647
796
1041
1425
1858
2322
2729
2986
3144
3315
3402
3225
2961
2953
3128
3112
2851
2533
2112
1511
1006
845
831
763
571
155
-390
-702
-676
-701
-748
-527
-521
-1085
-1434
-822
-165
-483
-843
-391
60
-221
-467
-94
-157
-1060
-1728
-1747
-2110
-3584
-5217
-5836
-5535
-5355
-6211
-7471
-7810
-7181
-6939
-7522
-7297
-5605
-4225
-4342
-4371
-2618
-375
505
785
2228
4565
6176
6835
7593
8752
9751
10252
10580
11092
11593
11641
10992
10041
9362
8909
8211
7080
5800
4536
3175
1737
284
-1113
-2410
-3498
-4412
-5436
-6417
-7034
-7442
-8025
-8610
-8512
-7796
-7245
-7072
-6701
-5889
-5055
-4402
-3523
-2275
-985
-51
619
1351
2159
2809
3121
3272
3500
3179
2186
1629
2353
3161
2110
234
-564
-558
-1294
-2312
-2029
-1531
-2491
-4002
-4299
-3530
-3276
-3492
-3707
-3880
-3454
-2255
-1071
-929
-965
-202
601
1095
2105
3718
4433
3857
3636
4387
5205
5474
5566
5472
4848
4176
3912
3740
3249
2624
2053
1363
769
560
360
-305
-1198
-1633
-1687
-1658
-1551
-1352
-1329
-1642
-1776
-1302
-441
161
191
29
198
609
1011
1340
1784
1986
1531
1024
1051
1377
1011
-63
-1075
-2051
-3761
-6277
-8128
-8057
-7218
-7790
-9864
-11294
-10878
-10313
-10701
-10521
-8407
-5926
-5189
-5149
-3511
-678
1247
2042
3565
6453
9175
10687
11537
12513
13393
13685
13753
14130
14693
14741
13723
11972
10122
8574
7237
5780
4162
2394
581
-1235
-3135
-5079
-6841
-8058
-8807
-9482
-10020
-10038
-9679
-9637
-9924
-9611
-8281
-6574
-5152
-3802
-2233
-816
82
856
2155
3768
4879
5299
5595
6072
6213
5659
4888
4329
3722
2722
1586
627
-433
-1861
-3421
-4718
-5583
-6098
-6370
-6619
-6950
-7192
-7237
-7018
-6446
-5450
-4263
-3313
-2588
-1758
-604
732
1932
2939
3800
4639
5442
6075
6489
6655
6651
6505
6244
6015
5758
5270
4386
3304
2430
1790
1195
460
-322
-1033
-1723
-2304
-2662
-2746
-2791
-2923
-2905
-2556
-1940
-1336
-829
-386
0
472
1083
1832
2512
3012
3253
3172
3059
3110
3313
3246
2905
2632
2439
2059
1228
406
-204
-948
-2120
-3514
-4662
-6361
-9247
-12109
-12894
-11488
-10654
-11624
-12716
-12308
-11262
-11072
-10328
-7536
-3973
-1949
-1324
449
3678
6434
7756
8809
11021
13509
15091
15847
16397
16733
15899
14170
12755
12174
11820
10560
8384
5785
3131
789
-1257
-2986
-4603
-6161
-7449
-8699
-9880
-10758
-11040
-10891
-10852
-10432
-9049
-6954
-5182
-4203
-3156
-1673
-55
1433
3123
5224
6898
7548
7458
7386
7515
7369
6794
6030
5323
4420
3028
1323
-404
-2063
-3844
-5670
-8331
-11265
-12335
-10565
-8873
-10532
-12567
-11951
-10071
-9620
-8489
-4334
-915
-741
-904
1511
4663
5982
6772
7739
8218
8759
9721
10329
9616
8737
8035
6352
4846
5037
5839
4559
1692
-80
-784
-1777
-2771
-2684
-2308
-3149
-4436
-4732
-4122
-3636
-3507
-3172
-2635
-1778
-535
736
1413
1605
2006
2555
3032
3772
4911
5466
4782
3693
3275
3127
2823
2564
2345
1337
-275
-1013
-854
-954
-1916
-2670
-3056
-3793
-4786
-5386
-5706
-6955
-9471
-11829
-12568
-11414
-10053
-9738
-9878
-9410
-8382
-7812
-6918
-4335
-935
1237
1922
3368
6203
8613
9639
10269
11616
12968
13541
13923
14464
14579
13323
11044
8976
7654
6805
5737
4200
2308
137
-2004
-3845
-5226
-6269
-7166
-7745
-8057
-8155
-7936
-7235
-6387
-5939
-5540
-4337
-2285
-321
1109
2371
3544
4191
4358
4833
5840
6631
6621
6040
5384
4635
3520
2119
720
-590
-1903
-3293
-4455
-5567
-7251
-9045
-10072
-9765
-9751
-10366
-10324
-9067
-7702
-7272
-6375
-4428
-2614
-1503
-319
1724
3636
4707
5438
6131
6912
7434
7680
7499
6997
6633
6129
5232
4253
3591
2928
1630
380
-128
-317
-910
-1716
-1992
-2016
-2212
-2381
-2139
-1688
-1408
-1145
-686
-67
588
1175
1606
1879
2239
2704
3024
3050
2923
2877
2736
2410
1978
1686
1495
1082
499
-115
-586
-920
-1127
-1264
-1600
-1900
-1924
-1732
-1588
-1424
-988
-665
-814
-1189
-1385
-1680
-2539
-4105
-6085
-7954
-8906
-8587
-8061
-8116
-8317
-7978
-7535
-7584
-6949
-4898
-2528
-1140
-228
1706
4159
5932
6952
8002
9412
10517
11284
12062
12852
13156
12290
10594
8941
7834
7005
5837
4472
3086
1538
-266
-2107
-3504
-4610
-5688
-6587
-7095
-7051
-6642
-6044
-5518
-5236
-4782
-3838
-2496
-1094
315
1754
2833
3310
3525
4026
4661
4912
4677
4320
4023
3473
2536
1183
-397
-1902
-3069
-3908
-4886
-5789
-6329
-6838
-7802
-8809
-8860
-8322
-7999
-7655
-6584
-4998
-3825
-2801
-1311
413
1703
2571
3703
5003
6036
6614
6841
6849
6557
6091
5319
4419
3838
3539
3019
1957
1064
550
-160
-1113
-1717
-1671
-1712
-2051
-2126
-1885
-1636
-1613
-1453
-1072
-609
1
625
1171
1618
1979
2200
2182
2226
2417
2550
2478
2267
2108
1902
1497
982
604
444
69
-486
-669
-418
-443
-1088
-1435
-1161
-976
-1162
-1102
-401
61
0
-77
-93
-371
-1119
-1897
-2804
-4122
-5572
-6986
-8019
-8489
-8358
-8124
-8281
-8199
-7557
-6655
-5773
-4526
-2669
-906
520
2117
4101
6014
7415
8591
9684
10530
11207
11824
12270
12125
11393
10306
8922
7382
5888
4561
3162
1542
-63
-1475
-2719
-3924
-5061
-6021
-6770
-7170
-7135
-6723
-6048
-5258
-4458
-3710
-2825
-1660
-358
864
1960
2927
3719
4272
4635
4844
4829
4525
3978
3326
2672
1907
1004
-179
-1450
-2822
-4201
-6347
-8432
-9051
-8097
-7712
-8981
-9096
-7807
-6938
-7492
-6582
-3523
-1596
-1163
89
2848
4698
4859
5275
5886
6036
6043
6414
6913
6810
6553
5566
3937
2911
2771
2316
836
-88
-64
-503
-1657
-2247
-2016
-2394
-3446
-3656
-2722
-1777
-1511
-1306
-823
-490
-313
148
1061
1870
2308
2598
2923
3229
3500
3560
3142
2434
2017
1975
1777
1377
1088
726
-172
-1246
-1612
-1321
-1243
-1618
-1877
-1668
-1513
-1646
-1614
-1236
-926
-1068
-1217
-1104
-1167
-1736
-2601
-3474
-4714
-6320
-7566
-7942
-7702
-7369
-6976
-6497
-6093
-5603
-4863
-3768
-2442
-897
789
2408
4091
5881
7424
8380
8903
9442
9925
10247
10591
10922
10837
10001
8763
7486
6085
4554
3059
1744
436
-872
-1915
-2704
-3535
-4542
-5467
-6144
-6512
-6485
-5961
-5159
-4424
-3725
-2972
-2121
-1304
-427
509
1346
2066
2758
3321
3465
3267
3088
2882
2279
1413
832
462
-211
-1312
-2281
-3052
-3963
-4878
-5439
-5572
-5728
-5856
-5855
-5868
-5880
-5629
-4828
-3806
-2555
-1177
99
1013
1813
2783
3510
3950
4370
4921
5244
5239
5267
5089
4438
3411
2524
1901
1320
857
561
323
-53
-549
-962
-1312
-1577
-1730
-1738
-1594
-1321
-912
-548
-348
-212
-26
238
537
963
1479
1896
2053
2134
2251
2358
2273
2056
1860
1626
1347
1095
949
659
56
-639
-1118
-1387
-1700
-1940
-2010
-1958
-2105
-2352
-2214
-1811
-1436
-1370
-1261
-908
-657
-361
-213
-32
53
56
185
34
-366
-1515
-3412
-5106
-6049
-6150
-6306
-6276
-5563
-5046
-4915
-4671
-3364
-1895
-1409
-867
504
2487
4109
5408
6796
7497
7434
7140
7285
7837
8204
8315
8054
7642
7257
6670
5768
4617
3481
2260
931
-5
-297
-523
-1216
-2171
-2922
-3556
-4191
-4513
-4434
-4270
-4201
-3943
-3392
-2770
-2280
-1902
-1696
-1767
-1889
-1766
-1194
-537
-165
-80
-122
-167
-347
-442
-434
-538
-770
-967
-956
-965
-1014
-1132
-1406
-1695
-1782
-1614
-1408
-1142
-792
-531
-369
-76
416
869
1140
1358
1607
1759
1815
1865
1923
1828
1530
1260
1107
979
781
538
275
-48
-331
-492
-565
-638
-728
-773
-764
-696
-579
-491
-473
-491
-443
-297
-139
49
246
412
495
540
697
865
940
937
928
921
834
825
843
723
459
260
227
143
48
44
12
-221
-539
-614
-544
-551
-620
-620
-545
-484
-463
-421
-305
-185
-134
-112
105
394
511
498
510
598
520
411
444
497
468
326
321
282
-147
-923
-1525
-1508
-1328
-1452
-1541
-1256
-1034
-1314
-1473
-1042
-690
-883
-985
-522
19
261
521
860
934
783
705
833
1105
1419
1617
1597
1623
1772
1774
1589
1479
1501
1367
1130
1049
1056
900
564
338
349
355
181
-6
-8
-100
-549
-907
-765
-467
-522
-616
-387
-218
-304
-399
-330
-345
-593
-770
-704
-417
-302
-457
-556
-507
-527
-748
-902
-883
-822
-776
-742
-814
-735
-601
-726
-954
-1001
-1060
-1300
-1054
-476
-368
-632
-655
-386
-281
-566
-775
-600
-407
-470
-436
-82
-95
-416
-444
-133
-185
-246
293
717
487
285
708
807
518
692
1056
1053
1071
1191
1258
1369
1316
1094
1263
1616
1134
880
1219
1243
965
1131
1337
794
707
689
279
57
246
292
69
198
344
-26
-489
-231
-68
-317
-326
60
38
-211
20
240
-83
-276
-135
-245
-241
-199
-208
-353
-251
-235
-493
-506
-299
-248
-418
-488
-591
-461
-302
-690
-1049
-665
-408
-1018
-1498
-972
-686
-1131
-1064
-354
-325
-823
-833
-446
-191
-513
-798
-466
313
185
-309
147
654
326
37
276
705
775
520
451
755
1163
690
209
466
759
285
-317
126
829
589
-67
-62
155
147
-91
-186
-10
16
-231
-30
545
334
-608
-578
422
866
338
-57
-68
11
-26
-38
-189
-117
-89
-221
-275
-460
-140
202
179
-353
-103
226
-142
-218
222
49
-196
261
212
-380
-259
265
79
-81
-38
-93
29
219
-166
-285
217
314
-302
-118
370
-172
-438
-6
86
-477
-27
592
1
52
374
36
-207
314
479
182
702
646
224
292
350
-23
107
237
-310
-377
203
188
-544
-270
58
-627
-828
90
183
-751
-532
79
-36
-69
-172
-482
-156
151
-294
-114
337
-284
-662
82
377
11
-34
54
98
65
63
-222
-212
-22
-352
-227
179
151
-471
-410
-38
-293
-108
365
335
12
-5
-92
-51
365
233
-117
203
488
37
-141
185
387
250
-61
-45
547
599
7
260
904
358
-84
502
817
291
109
98
121
100
-172
-189
-82
223
-26
-344
-239
-98
-247
-632
-260
22
-441
-489
90
120
-592
-540
-341
-348
-363
-451
-298
94
481
-240
-432
426
631
-89
-364
327
336
-165
-46
218
195
-153
-160
119
126
-49
-316
-167
-280
-349
-70
-252
-387
-369
-362
-236
327
404
-138
-52
767
752
50
156
895
989
419
318
789
779
166
66
323
503
-37
-736
-601
360
580
-194
-447
69
50
-542
-350
-291
-402
-168
66
-90
12
212
-20
-404
-241
46
-95
-45
316
25
-492
-18
309
-298
-555
-100
-196
-400
-269
-580
-436
15
-203
-602
-249
89
-167
-127
-137
-120
85
474
209
104
369
453
65
-18
595
673
-34
-266
377
323
-280
-400
-202
-345
-563
-217
94
141
-40
-281
-194
75
203
-71
11
493
463
231
588
855
298
141
439
787
896
509
170
581
781
35
-293
271
301
-472
-295
64
-340
-284
-44
-309
-242
55
-217
-723
-267
186
-266
-357
108
216
-167
-497
-413
-190
-205
-59
20
89
-85
-252
-38
-239
-453
-283
200
109
-164
-209
-320
-272
-330
-454
-202
49
-366
-310
380
328
-131
230
497
288
173
237
164
381
844
558
172
223
335
121
-3
93
-205
-410
244
381
-438
-397
311
71
-782
-408
304
-172
-457
-29
180
-86
-421
-435
-38
300
6
-30
198
96
123
144
-99
-81
122
-228
-187
268
65
-463
-197
206
-68
-251
-360
-515
-141
326
209
161
239
312
-137
27
777
451
-193
513
951
16
-139
787
510
-599
119
407
-189
47
78
-488
-428
49
-258
-374
-490
-687
-131
304
-533
-774
159
-45
-804
-555
108
216
-4
84
186
430
206
269
398
136
242
825
846
69
168
438
217
28
-45
-297
-266
103
-25
-426
-102
361
-306
-786
-326
-190
-139
84
246
-35
-87
-412
-101
481
-81
-435
310
663
-755
-367
698
101
-321
-428
-159
154
-40
-435
8
261
-612
-507
335
326
-64
285
109
-113
598
667
224
246
322
187
196
394
648
-23
-591
102
541
-212
-615
85
-57
-934
-650
-111
-213
-200
-311
-434
-281
-288
-201
-74
242
39
-225
209
378
297
322
360
262
198
336
394
212
216
-157
-381
248
547
-431
-806
-144
-85
-403
-560
-516
-405
-21
-246
-505
-113
-124
-27
323
211
-185
279
799
428
265
268
470
398
138
259
417
362
203
63
-280
-293
-18
-69
-329
37
-110
-468
-196
112
-327
-800
81
286
-289
-87
598
-60
-404
264
167
-128
156
403
127
135
-3
-85
172
399
52
-269
138
216
-20
-117
272
3
-548
-149
215
-149
-329
-81
-151
-282
-28
36
-80
44
-42
-237
-202
67
122
-102
-59
338
88
-88
81
291
39
-241
70
-122
-254
156
311
-1
-235
91
294
-39
-281
-162
105
46
37
58
-17
-87
100
158
8
37
-75
-92
320
237
-380
-477
196
131
-389
132
288
46
-34
22
-350
-494
412
419
-202
-136
351
65
-455
220
358
-117
-96
285
267
-335
-313
-137
219
467
-124
-326
183
181
-78
-43
53
-213
-417
-78
-42
-234
-84
180
-421
-633
-303
-26
-239
-249
393
441
395
84
108
256
207
439
370
319
83
219
371
298
-13
-214
-124
-154
-76
-249
-268
-243
-200
-316
-394
-112
-142
-282
-136
-36
-42
218
24
-472
-117
534
515
98
288
514
295
-126
23
388
527
172
9
350
358
161
-207
-243
88
-133
-530
-151
151
-263
-452
-342
-206
-143
-189
-515
-600
199
-149
-383
155
315
-50
-303
-51
16
167
204
16
336
625
304
309
488
89
-260
123
275
196
162
-83
-392
-126
92
-110
-24
-27
-200
-272
-92
-268
-285
149
189
-154
-170
37
-124
-184
-52
36
-83
-153
-66
-102
51
-363
-519
120
225
-22
200
700
292
-421
10
286
-44
34
-61
74
147
265
127
18
25
-218
-46
126
27
-114
-3
62
33
124
46
19
-30
4
24
-80
-183
35
225
47
-9
-31
18
53
10
83
27
112
69
-66
111
282
198
-168
-19
18
-157
-71
2
80
-86
-100
-248
-218
-175
-366
-263
68
332
128
-44
-100
59
93
10
80
10
55
-65
-145
60
177
74
-87
-44
-121
-194
-81
-136
-174
-99
-89
-27
125
205
25
-76
9
31
-68
22
148
135
102
172
164
-98
-144
-25
-2
-15
60
137
154
117
107
9
-35
-8
96
212
194
242
276
190
-77
14
228
-42
-123
68
163
-14
-94
50
8
-201
-219
-50
-69
-177
-59
-5
-106
66
12
-274
5
190
-2
-71
33
-28
-235
-17
71
-187
-383
-248
-72
-189
-293
-163
-143
-72
176
35
-135
36
67
-133
-24
149
37
-3
39
55
-162
-273
-172
-98
-70
-97
270
392
122
-52
11
-4
-91
-5
227
176
116
210
100
65
120
51
-151
-182
-30
87
-150
-62
231
121
-134
-311
70
-43
-119
-14
-85
161
156
72
-6
105
137
-53
36
158
62
10
116
134
-23
-193
-95
113
-63
-135
-227
-138
-20
59
167
46
170
212
5
-22
23
21
-111
13
211
14
-130
-188
-122
-212
-156
-110
-78
151
225
139
-132
97
174
44
-36
-66
216
136
92
-4
-116
-74
-149
-60
-114
-64
104
164
285
202
24
-160
-368
-256
-108
-43
64
-133
-228
-257
-267
-308
-394
-184
-255
-240
-8
32
-39
-197
-54
-73
-204
-125
27
42
-14
5
60
59
156
284
244
224
187
210
132
166
294
190
183
237
262
30
-75
127
243
171
-43
-110
-75
-10
-75
-141
-76
-94
-138
-101
-148
-366
-407
-389
-337
-268
-155
-51
-93
-221
-439
-221
109
140
-81
-100
182
98
73
338
440
155
119
418
522
521
718
925
834
733
883
1002
1036
1009
1050
1121
1222
1257
1101
1064
963
854
848
858
754
575
470
393
202
-107
-245
-179
-300
-534
-605
-507
-542
-670
-795
-901
-957
-968
-852
-760
-744
-825
-729
-683
-654
-654
-640
-665
-886
-1053
-1290
-1560
-1772
-1979
-2338
-2582
-2638
-2637
-2620
-2423
-2128
-1954
-1740
-1490
-1177
-944
-809
-489
-212
-88
100
363
501
450
503
696
859
1095
1399
1700
1849
2039
2333
2489
2493
2539
2722
2790
2704
2714
2781
2785
2694
2557
2408
2169
1937
1687
1443
1250
1120
1037
902
849
817
676
527
577
661
628
523
411
312
154
43
-33
-96
-296
-523
-614
-681
-761
-881
-964
-1080
-1206
-1268
-1347
-1446
-1517
-1573
-1742
-1941
-1993
-2025
-2266
-2486
-2594
-2704
-2834
-2863
-2774
-2756
-2735
-2635
-2454
-2229
-2056
-1830
-1598
-1381
-1152
-885
-600
-339
-109
121
340
535
787
988
1161
1312
1417
1483
1523
1666
1800
1951
2115
2207
2282
2305
2336
2364
2377
2380
2327
2200
2070
2024
1941
1778
1639
1507
1303
1068
914
793
610
462
358
254
82
-46
-147
-364
-577
-758
-885
-1004
-1088
-1148
-1278
-1360
-1408
-1441
-1470
-1492
-1455
-1468
-1504
-1487
-1441
-1421
-1461
-1432
-1374
-1368
-1282
-1135
-1006
-933
-822
-670
-579
-512
-468
-378
-313
-325
-283
-201
-158
-113
-7
78
140
256
390
455
482
531
574
547
428
326
282
255
305
434
568
663
721
808
900
946
956
953
946
901
877
888
867
795
701
593
478
419
472
584
685
839
1003
1108
1209
1337
1395
1338
1227
1131
1128
1239
1390
1493
1377
860
-114
-1534
-3243
-4839
-5945
-6524
-6631
-6019
-4235
-1264
1863
3761
4013
3217
1809
-280
-2696
-4445
-4877
-4260
-3065
-1431
319
1589
2185
2340
2038
1340
851
1054
1789
2460
2645
2388
1965
1488
949
509
258
183
323
594
689
466
80
-287
-535
-662
-754
-945
-1221
-1478
-1719
-2070
-2559
-3116
-3633
-3960
-4050
-4092
-4188
-4333
-4655
-5092
-5315
-4795
-3322
-1310
780
2596
3786
4147
3898
3391
2708
1863
1067
628
469
238
-29
3
411
923
1364
1767
2172
2529
2752
2944
3327
4039
4951
5634
5622
4904
4434
5564
8384
11076
11182
8157
4349
2483
2713
3381
3413
2818
2050
1119
30
-657
-332
644
1019
328
-1133
-2996
-5113
-7489
-9826
-11609
-12423
-12487
-13787
-17868
-21535
-20569
-15570
-10037
-6054
-3499
-2008
-1596
-1862
-1987
-1480
-415
769
1484
1389
669
78
435
2102
4412
6106
6750
6922
7448
8411
9272
9745
9812
9480
8795
7845
6714
5547
4502
3651
2941
2243
1509
801
104
-666
-1430
-1988
-2279
-2347
-2233
-1990
-1688
-1477
-1524
-1826
-2208
-2560
-2823
-2876
-2686
-2296
-1733
-1031
-416
-152
-221
-518
-832
-826
-339
572
1714
2819
3646
4004
3758
2912
1641
216
-1059
-2060
-2942
-3822
-4422
-4562
-4438
-4064
-3165
-1559
422
1970
2673
2838
2827
2696
2429
2027
1421
624
-68
-232
321
1270
2065
2647
3405
4387
5069
4932
4031
2856
1749
758
-142
-1063
-2242
-3968
-6335
-8733
-10000
-9776
-8886
-7835
-6440
-4989
-4006
-3432
-3045
-2760
-2451
-1930
-1099
27
1332
2562
3532
4309
4957
5369
5503
5469
5291
4835
4147
3505
3022
2609
2210
1850
1580
1530
1715
2006
2327
2554
2571
2366
1973
1470
937
419
-92
-538
-888
-1232
-1526
-1686
-1779
-1879
-1963
-1933
-1774
-1553
-1266
-885
-415
133
755
1358
1829
2162
2304
2093
1565
1001
553
99
-406
-784
-970
-1148
-1451
-1722
-1798
-1850
-1999
-2058
-1949
-1819
-1700
-1532
-1409
-1400
-1365
-1187
-993
-929
-878
-698
-513
-464
-405
-253
-221
-393
-652
-959
-1444
-2150
-2840
-3245
-3254
-3004
-2737
-2542
-2366
-2112
-1893
-1804
-1619
-1139
-552
-177
171
956
2109
3153
3844
4322
4620
4627
4427
4156
3871
3595
3351
3215
3230
3345
3438
3402
3266
3135
3035
2725
2032
1118
66
-1099
-1927
-1753
-335
1974
4657
7281
9414
10607
10575
9409
7421
5209
3519
2509
1487
-244
-2411
-4139
-5050
-5342
-5154
-4397
-3138
-1724
-647
-400
-1405
-3840
-7310
-10815
-13415
-14795
-15128
-14732
-13919
-13101
-12608
-12368
-12025
-11301
-10171
-8661
-6729
-4502
-2274
-252
1590
3295
4764
5914
6675
6977
6897
6662
6488
6428
6456
6518
6552
6551
6500
6388
6269
6232
6295
6408
6527
6638
6764
6936
7104
7225
7275
7235
7100
6803
6280
5601
4873
4064
3115
2109
1128
144
-848
-1737
-2413
-2956
-3454
-3868
-4165
-4434
-4748
-5038
-5244
-5392
-5530
-5686
-5821
-5937
-6069
-6187
-6238
-6191
-6087
-5986
-5924
-5849
-5648
-5363
-5073
-4736
-4262
-3673
-3101
-2519
-1788
-927
-90
609
1192
1662
1993
2314
2729
3228
3744
4225
4667
4998
5213
5372
5455
5456
5400
5304
5147
4890
4602
4303
3918
3445
2906
2367
1847
1344
869
337
-279
-887
-1372
-1669
-1835
-1946
-2064
-2283
-2576
-2842
-2983
-2965
-2835
-2596
-2293
-1980
-1638
-1278
-896
-525
-225
32
279
549
830
1077
1298
1449
1480
1410
1301
1186
1008
726
413
104
-199
-505
-762
-942
-1154
-1420
-1665
-1881
-2124
-2393
-2570
-2658
-2775
-2888
-2925
-2895
-2844
-2754
-2547
-2272
-1973
-1607
-1134
-576
2
564
1106
1608
2089
2565
3020
3446
3813
4086
4225
4217
4096
3862
3540
3161
2730
2290
1883
1522
1171
812
528
328
119
-127
-321
-436
-627
-953
-1263
-1478
-1729
-2143
-2604
-2911
-3081
-3230
-3357
-3389
-3349
-3335
-3360
-3379
-3361
-3241
-2975
-2629
-2286
-1878
-1312
-640
12
644
1318
1967
2512
2982
3454
3946
4421
4855
5201
5362
5323
5118
4772
4303
3769
3254
2749
2221
1684
1146
611
95
-394
-869
-1343
-1722
-1994
-2288
-2656
-2949
-3064
-3108
-3184
-3199
-3072
-2896
-2783
-2685
-2498
-2270
-2116
-2008
-1846
-1631
-1461
-1332
-1165
-917
-586
-214
155
493
807
1059
1201
1319
1519
1789
2060
2333
2661
2976
3134
3079
2824
2426
1920
1367
851
397
24
-289
-589
-910
-1251
-1581
-1931
-2319
-2688
-2977
-3132
-3069
-2648
-1826
-790
166
796
942
554
-269
-1301
-2306
-3131
-3640
-3741
-3458
-2941
-2342
-1690
-978
-258
422
1079
1742
2366
2863
3229
3495
3638
3642
3560
3476
3408
3339
3284
3219
3105
2931
2732
2490
2128
1672
1184
637
-51
-819
-1485
-1966
-2351
-2715
-3036
-3277
-3485
-3717
-3953
-4105
-4090
-3934
-3737
-3527
-3221
-2768
-2240
-1719
-1184
-598
12
581
1103
1633
2224
2861
3460
3935
4257
4452
4542
4510
4380
4206
4005
3737
3380
3001
2707
2519
2354
2116
1821
1544
1311
1098
907
772
674
517
177
-433
-1252
-2119
-2918
-3658
-4376
-4994
-5398
-5607
-5719
-5761
-5691
-5563
-5497
-5474
-5326
-4935
-4364
-3713
-2998
-2212
-1439
-799
-305
131
598
1116
1645
2146
2614
3064
3478
3796
3980
4020
3897
3597
3177
2758
2459
2277
2133
1968
1793
1635
1488
1351
1243
1186
1163
1149
1117
1035
868
582
174
-331
-886
-1434
-1924
-2339
-2661
-2864
-2943
-2916
-2822
-2680
-2465
-2135
-1698
-1240
-826
-435
-29
377
768
1185
1664
2158
2596
2965
3264
3471
3580
3614
3563
3370
3023
2557
1971
1232
342
-637
-1592
-2375
-2915
-3314
-3695
-4012
-4183
-4322
-4631
-5044
-5272
-5227
-5092
-4939
-4572
-3898
-3113
-2435
-1850
-1213
-534
86
614
1150
1812
2615
3442
4169
4801
5389
5897
6225
6380
6479
6578
6605
6498
6291
6025
5690
5273
4760
4103
3297
2442
1635
840
3
-775
-1357
-1788
-2250
-2808
-3392
-3938
-4477
-5016
-5456
-5666
-5659
-5591
-5571
-5556
-5484
-5422
-5406
-5271
-4847
-4207
-3529
-2847
-2126
-1461
-949
-512
-47
408
794
1179
1608
2005
2336
2672
2999
3173
3165
3101
3032
2873
2626
2419
2263
2029
1689
1349
1051
717
334
-17
-319
-622
-910
-1105
-1241
-1405
-1586
-1718
-1808
-1884
-1876
-1695
-1379
-1023
-633
-218
164
475
799
1199
1616
1971
2268
2538
2760
2926
3066
3178
3209
3143
3030
2923
2839
2772
2694
2549
2288
1910
1436
867
161
-728
-1782
-2837
-3649
-4133
-4450
-4758
-5005
-5133
-5319
-5738
-6165
-6199
-5809
-5328
-4893
-4296
-3435
-2525
-1776
-1127
-419
340
1011
1551
2085
2786
3675
4589
5346
5919
6368
6668
6746
6651
6556
6540
6506
6325
5966
5467
4866
4195
3452
2635
1768
923
129
-656
-1443
-2174
-2806
-3379
-3990
-4708
-5478
-6118
-6504
-6734
-6957
-7092
-6966
-6671
-6486
-6416
-6151
-5588
-5003
-4564
-4037
-3197
-2191
-1289
-481
360
1187
1829
2288
2737
3284
3893
4465
4913
5191
5334
5412
5406
5257
5031
4873
4766
4526
4113
3690
3318
2831
2130
1363
676
26
-649
-1244
-1646
-1919
-2180
-2469
-2757
-3030
-3231
-3291
-3222
-3075
-2828
-2437
-1976
-1564
-1213
-846
-460
-140
100
361
721
1141
1519
1822
2080
2319
2487
2540
2527
2565
2687
2790
2791
2728
2637
2420
1940
1200
319
-730
-2074
-3535
-4577
-4931
-5003
-5321
-5822
-6174
-6527
-7262
-8154
-8417
-7808
-6912
-6274
-5708
-4840
-3781
-2913
-2253
-1446
-287
1010
2135
3141
4348
5851
7277
8251
8808
9239
9584
9699
9678
9816
10154
10350
10124
9488
8580
7495
6374
5353
4436
3524
2594
1669
683
-444
-1640
-2701
-3603
-4535
-5617
-6647
-7350
-7735
-8044
-8349
-8497
-8497
-8589
-8838
-8906
-8498
-7721
-6864
-6006
-5094
-4177
-3350
-2573
-1747
-862
20
831
1528
2150
2815
3548
4168
4519
4668
4742
4703
4504
4290
4226
4224
4042
3614
3079
2559
2065
1592
1176
804
426
10
-422
-837
-1196
-1463
-1667
-1878
-2099
-2234
-2226
-2109
-1917
-1626
-1260
-919
-652
-395
-33
460
995
1467
1843
2168
2460
2693
2862
3023
3226
3451
3643
3754
3776
3765
3782
3780
3600
3165
2586
1992
1260
45
-1739
-3562
-4627
-4788
-4819
-5419
-6322
-6966
-7633
-8946
-10414
-10727
-9642
-8406
-7997
-7931
-7397
-6560
-6028
-5654
-4699
-2969
-1117
212
1155
2356
4024
5648
6720
7436
8348
9476
10379
10935
11513
12236
12627
12261
11316
10287
9435
8725
8046
7247
6160
4767
3172
1466
-253
-1737
-2768
-3551
-4535
-5826
-7047
-7889
-8484
-8990
-9266
-9196
-9014
-8986
-8959
-8573
-7778
-6829
-5942
-5109
-4238
-3293
-2294
-1297
-313
695
1670
2442
2964
3473
4167
4887
5324
5439
5427
5375
5189
4877
4606
4422
4156
3625
2883
2126
1472
911
347
-259
-881
-1462
-1994
-2510
-2938
-3153
-3174
-3208
-3366
-3462
-3308
-2992
-2680
-2328
-1810
-1197
-647
-132
457
1090
1612
1976
2251
2497
2723
2971
3264
3525
3621
3519
3404
3366
3258
2945
2559
2284
1964
1286
201
-1377
-3454
-5444
-6221
-5612
-5070
-5777
-7160
-8143
-9040
-10470
-11380
-10252
-7740
-6137
-6314
-6825
-6421
-5406
-4408
-3084
-900
1667
3545
4285
4598
5556
7328
9055
10050
10740
11834
12962
13330
13058
12997
13199
12853
11759
10677
10149
9798
9042
7773
6077
4047
1984
308
-875
-1799
-2683
-3706
-5203
-7333
-9487
-10745
-10867
-10641
-10700
-10900
-10996
-11240
-11795
-11918
-10927
-9226
-7789
-6879
-6022
-5032
-4085
-3118
-1930
-579
719
1900
2937
3709
4310
4932
5402
5474
5392
5699
6262
6431
6091
5623
5156
4385
3463
2921
2819
2628
1992
1107
185
-724
-1499
-1932
-2052
-2118
-2276
-2553
-2953
-3358
-3440
-3044
-2466
-2020
-1599
-995
-385
-7
292
810
1480
2042
2464
2844
3168
3373
3515
3604
3607
3663
3902
4064
3826
3379
3121
2882
2151
1043
-121
-1681
-3889
-5639
-5456
-4189
-4301
-6422
-8586
-9422
-9953
-10883
-10736
-8558
-6236
-6246
-8017
-8846
-7610
-5486
-3732
-2119
-127
1737
2554
2483
3013
5174
7961
9611
9936
10382
11555
12363
12134
11794
12221
12733
12320
11393
10881
10668
9902
8312
6508
4933
3660
2679
1807
724
-881
-2857
-4840
-6657
-8021
-8678
-8683
-8753
-9636
-11018
-12005
-12137
-11810
-11366
-10506
-9300
-8414
-8185
-7960
-6960
-5457
-4059
-2831
-1559
-305
680
1488
2278
3062
3892
4744
5423
5780
6019
6315
6331
5879
5404
5363
5468
5157
4515
3915
3286
2373
1389
789
546
224
-390
-1150
-1847
-2386
-2695
-2782
-2736
-2633
-2517
-2444
-2445
-2344
-1913
-1242
-619
-152
355
989
1505
1729
1881
2294
2902
3340
3523
3642
3735
3661
3478
3442
3542
3481
3101
2487
1731
700
-943
-3113
-4825
-4844
-3627
-3459
-5446
-7935
-8933
-9042
-9758
-10180
-8703
-6457
-6268
-8262
-9364
-7959
-5589
-4087
-3116
-1541
249
1212
1378
1979
3916
6402
8011
8462
8961
10313
11527
11508
10923
11145
12050
12334
11771
11272
11001
10125
8374
6643
5658
5125
4449
3342
1741
-227
-2162
-3624
-4600
-5377
-6093
-6817
-7740
-9060
-10454
-11134
-10812
-10132
-9896
-10036
-9882
-9396
-9021
-8635
-7610
-5966
-4614
-3900
-3150
-1955
-748
32
732
1756
2877
3773
4352
4681
4822
4921
5144
5367
5532
5730
5787
5306
4332
3544
3316
3212
2813
2248
1731
1049
62
-799
-1136
-1147
-1287
-1643
-1995
-2280
-2498
-2565
-2424
-2145
-1813
-1388
-930
-584
-305
71
526
886
1230
1789
2427
2734
2684
2674
2919
3226
3449
3587
3578
3328
2951
2585
2123
1385
168
-1652
-3505
-4119
-3168
-2520
-4023
-6698
-8116
-8054
-8281
-8887
-8177
-6373
-5989
-7796
-9209
-8109
-5701
-4158
-3594
-2740
-1292
-87
508
1175
2722
4893
6492
7000
7377
8634
10114
10429
9847
9920
10994
11760
11463
10872
10532
9854
8473
7126
6552
6344
5651
4248
2462
682
-833
-1931
-2691
-3450
-4453
-5697
-6970
-8059
-8889
-9449
-9662
-9554
-9394
-9530
-9800
-9721
-9190
-8569
-7942
-6947
-5572
-4458
-3901
-3413
-2496
-1353
-338
703
1909
2941
3411
3506
3726
4234
4858
5422
5771
5782
5445
4946
4479
4162
4019
3893
3522
2783
1909
1197
666
162
-297
-584
-777
-1160
-1733
-2179
-2301
-2266
-2230
-2082
-1731
-1352
-1161
-1079
-873
-462
60
596
1130
1607
1907
2025
2139
2424
2793
3080
3290
3446
3408
3060
2641
2389
2133
1479
217
-1511
-3006
-3272
-2316
-1983
-3773
-6429
-7474
-6956
-6976
-7761
-7452
-6051
-5964
-7773
-8729
-7033
-4568
-3713
-3920
-3248
-1558
-235
212
722
2145
4044
5356
5881
6573
8007
9239
9167
8500
8890
10360
11206
10647
9748
9379
8968
7986
7088
6905
6774
5758
3984
2299
1072
83
-880
-1817
-2763
-3814
-4967
-6079
-7013
-7742
-8313
-8688
-8804
-8795
-8904
-9128
-9194
-8922
-8365
-7558
-6546
-5570
-4884
-4376
-3720
-2804
-1713
-537
548
1298
1723
2150
2772
3446
4046
4580
4972
5075
4978
4894
4811
4599
4335
4144
3905
3455
2866
2287
1692
1068
559
242
-51
-470
-974
-1471
-1912
-2184
-2184
-2006
-1864
-1817
-1778
-1661
-1448
-1103
-622
-87
373
718
1031
1380
1710
1915
2076
2332
2756
3167
3395
3314
2992
2628
2477
2482
2107
705
-1477
-2928
-2412
-949
-1152
-3634
-6036
-6326
-5781
-6339
-7194
-6478
-5188
-5804
-7894
-8277
-6049
-3933
-3973
-4684
-3766
-1687
-493
-583
-320
1334
3341
4290
4577
5613
7363
8144
7408
6957
8301
10264
10721
9724
8966
8924
8583
7650
7063
7167
6919
5597
3826
2538
1739
891
-195
-1255
-2122
-2902
-3823
-4962
-6100
-6915
-7293
-7528
-7847
-8133
-8216
-8318
-8622
-8767
-8194
-7099
-6193
-5756
-5371
-4749
-4076
-3410
-2473
-1190
-4
699
1052
1449
2086
2887
3645
4188
4515
4712
4775
4656
4540
4634
4789
4630
4136
3639
3218
2660
1980
1469
1187
835
274
-305
-793
-1273
-1741
-1967
-1919
-1808
-1811
-1894
-1992
-2016
-1845
-1435
-976
-603
-259
127
456
654
915
1378
1915
2217
2296
2378
2560
2664
2648
2634
2637
2511
2176
1268
-637
-2636
-2674
-540
474
-2014
-5534
-6149
-4630
-4712
-6474
-6478
-4454
-4100
-6568
-8128
-6230
-3558
-3392
-4671
-4186
-1737
-38
-443
-1148
-7
2468
4036
4165
4604
6234
7369
6581
5618
6849
9374
10224
8922
7810
8048
8213
7346
6538
6713
6869
5813
4078
2831
2154
1333
230
-699
-1297
-1866
-2708
-3864
-5143
-6205
-6766
-6891
-6852
-6893
-7187
-7829
-8582
-8838
-8212
-7019
-6025
-5692
-5758
-5612
-4932
-3958
-2975
-1914
-780
64
414
755
1519
2384
2909
3346
4065
4725
4798
4508
4386
4509
4681
4851
4912
4577
3857
3107
2558
2168
1933
1749
1282
411
-428
-865
-1097
-1380
-1563
-1549
-1648
-1966
-2217
-2179
-2027
-1850
-1508
-1078
-817
-652
-352
21
300
589
1120
1519
1568
1608
1963
2345
2294
2062
2134
2367
2388
1659
-209
-2213
-2440
-308
954
-1292
-4819
-5556
-3895
-3840
-5809
-6081
-4064
-3487
-5920
-7675
-5833
-3212
-3233
-4787
-4297
-1613
126
-542
-1530
-482
2010
3524
3541
3945
5566
6689
5881
4988
6360
8936
9669
8247
7251
7796
8153
7237
6352
6603
6918
5960
4346
3266
2731
1916
787
-60
-494
-964
-1892
-3193
-4463
-5323
-5617
-5648
-5903
-6557
-7269
-7506
-7452
-7600
-7949
-7752
-6898
-6293
-6404
-6339
-5402
-4389
-4089
-3702
-2324
-837
-456
-608
56
1309
2108
2468
3135
3909
4108
3938
4073
4540
4894
4978
4831
4411
3962
3798
3695
3282
2757
2541
2318
1634
854
550
437
-46
-619
-722
-633
-950
-1533
-1754
-1594
-1475
-1482
-1398
-1177
-1023
-919
-783
-534
-137
331
633
635
561
784
1235
1550
1565
1471
1510
1507
1427
1387
1324
194
-1965
-3160
-1453
977
25
-3897
-6041
-4339
-2820
-4318
-5850
-4406
-2714
-4245
-6915
-6137
-3024
-2003
-3718
-4346
-1981
372
107
-1393
-1037
1493
3559
3605
3301
4335
5792
5543
4471
5279
7819
9004
7578
6083
6585
7518
6959
5814
5727
6222
5560
4019
2978
2635
2069
1033
240
-132
-618
-1495
-2580
-3650
-4453
-4754
-4581
-4656
-5354
-6211
-6661
-6758
-7005
-7034
-6352
-5393
-5219
-5966
-6265
-5432
-4312
-3805
-3456
-2472
-1379
-1140
-1267
-738
520
1474
1813
2205
2777
3137
3072
3112
3610
4202
4431
4237
3867
3613
3453
3265
3034
2907
2926
2697
1992
1256
908
826
555
164
14
-80
-439
-992
-1298
-1185
-1023
-991
-1026
-1072
-1088
-1143
-1047
-757
-380
-102
-7
65
243
476
643
742
815
947
1050
1092
1058
1002
943
859
767
684
21
-1435
-2616
-1974
-187
-251
-2746
-4786
-3984
-2546
-3280
-4834
-4341
-2732
-3077
-5042
-5201
-3069
-1782
-2739
-3521
-1977
128
318
-860
-828
1077
2887
3142
2889
3638
4811
4869
4097
4530
6337
7435
6619
5506
5715
6385
5985
5008
4773
5136
4864
3756
2821
2334
1852
1079
422
21
-393
-1020
-1864
-2773
-3535
-3778
-3689
-3799
-4390
-4935
-5082
-5170
-5554
-5836
-5371
-4569
-4489
-5450
-5948
-4808
-3037
-2789
-3882
-3878
-2226
-1065
-1483
-1477
5
1029
406
189
1664
2955
2436
1721
2375
3309
3352
3099
3215
3114
2776
2875
3175
2930
2550
2564
2377
1606
1298
1820
1851
842
204
603
752
-12
-540
-248
-182
-743
-991
-600
-472
-878
-1051
-760
-577
-655
-580
-390
-378
-422
-180
161
313
334
390
414
432
553
676
617
524
560
591
508
439
-33
-1278
-2355
-1692
106
181
-2158
-4090
-3439
-2132
-2670
-3867
-3315
-1956
-2392
-4192
-4346
-2438
-1254
-2086
-2807
-1483
374
380
-942
-1007
853
2502
2475
2084
2908
4006
3771
2947
3585
5374
6041
5050
4285
4768
5242
4673
4026
4205
4532
4036
3086
2475
2091
1513
921
630
435
6
-611
-1314
-2109
-2741
-2866
-2694
-2853
-3456
-3954
-4050
-4123
-4425
-4615
-4319
-3929
-3962
-4194
-4039
-3598
-3477
-3563
-3171
-2304
-1760
-1785
-1728
-1263
-818
-491
74
835
1195
1093
1123
1491
1875
2172
2496
2720
2649
2522
2540
2510
2430
2541
2714
2518
2034
1825
1847
1618
1242
1197
1310
1015
444
171
127
-54
-282
-265
-212
-464
-820
-929
-854
-833
-817
-725
-656
-677
-653
-562
-508
-491
-368
-163
-29
36
160
296
276
214
355
635
702
530
424
523
642
661
532
-51
-1000
-1392
-512
446
-275
-2215
-3028
-2104
-1478
-2310
-3003
-2266
-1611
-2524
-3668
-3035
-1551
-1410
-2401
-2355
-906
-2
-618
-1306
-591
847
1507
1318
1477
2278
2751
2423
2323
3274
4389
4422
3730
3631
4188
4370
3910
3675
3950
4048
3568
2992
2677
2361
1860
1461
1298
1059
546
-91
-706
-1295
-1695
-1779
-1839
-2272
-2929
-3334
-3462
-3702
-4070
-4155
-3862
-3678
-3947
-4360
-4376
-3956
-3529
-3348
-3216
-2885
-2452
-2145
-1945
-1617
-1099
-548
-100
309
759
1140
1315
1409
1737
2312
2749
2816
2730
2747
2777
2694
2683
2857
2911
2594
2154
1932
1835
1613
1318
1105
899
606
287
6
-271
-496
-605
-708
-910
-1094
-1160
-1241
-1381
-1356
-1103
-932
-988
-1011
-814
-568
-389
-145
157
309
349
528
814
977
1075
1313
1535
1469
1250
1214
1313
1295
1164
1093
1060
903
434
-430
-1256
-1214
-357
-139
-1463
-3002
-3062
-2320
-2588
-3601
-3581
-2638
-2663
-3886
-4348
-3293
-2396
-2792
-3235
-2401
-1136
-932
-1530
-1417
-212
960
1290
1381
2027
2855
3037
2817
3226
4323
5016
4784
4458
4717
5049
4795
4348
4332
4515
4293
3712
3187
2754
2256
1791
1465
1105
621
126
-393
-1110
-1796
-2049
-1990
-2225
-2862
-3360
-3476
-3613
-4010
-4231
-4034
-3895
-4205
-4356
-3854
-3345
-3684
-4216
-3775
-2605
-2025
-2188
-2111
-1540
-1161
-1033
-468
462
952
844
849
1277
1791
2106
2301
2403
2422
2455
2464
2339
2229
2345
2437
2179
1788
1655
1568
1188
785
803
966
729
227
-38
-80
-221
-399
-347
-220
-334
-601
-681
-559
-453
-394
-263
-104
-34
-13
64
192
332
521
744
866
841
801
862
946
949
924
990
1074
1024
823
614
450
299
175
141
93
-108
-398
-688
-1196
-1978
-2417
-1921
-1216
-1647
-3088
-3889
-3387
-2880
-3319
-3736
-3145
-2455
-2888
-3725
-3425
-2211
-1642
-1985
-1875
-755
154
-77
-497
179
1540
2256
2208
2424
3157
3527
3252
3265
4113
4957
4916
4399
4261
4437
4341
4000
3874
3929
3732
3191
2609
2142
1732
1362
1049
702
276
-154
-598
-1164
-1730
-2003
-2007
-2144
-2569
-2960
-3095
-3204
-3475
-3670
-3573
-3410
-3386
-3320
-3109
-3070
-3308
-3298
-2718
-2083
-1910
-1910
-1678
-1440
-1392
-1125
-449
85
112
75
337
630
777
1041
1438
1611
1543
1565
1685
1678
1638
1794
1970
1892
1690
1588
1496
1328
1242
1297
1276
1093
898
744
554
421
477
575
493
292
161
86
-7
-2
177
319
225
53
29
89
90
73
140
214
190
147
157
155
43
-109
-115
42
195
132
-99
-240
-233
-208
-232
-232
-230
-391
-624
-706
-618
-582
-815
-1245
-1646
-1686
-1313
-1095
-1516
-2257
-2491
-2152
-2007
-2253
-2318
-1970
-1811
-2144
-2281
-1790
-1210
-1148
-1269
-867
-111
294
195
215
781
1504
1877
1997
2297
2741
2917
2856
3014
3504
3848
3772
3583
3578
3625
3487
3292
3200
3108
2875
2511
2153
1815
1505
1233
903
531
189
-119
-548
-1120
-1512
-1632
-1746
-2058
-2409
-2595
-2815
-3219
-3588
-3545
-3079
-2766
-3043
-3644
-3781
-3289
-2874
-2838
-2680
-2157
-1919
-2253
-2274
-1510
-733
-649
-711
-244
315
464
475
773
1220
1508
1739
1918
1977
2009
2082
2153
2182
2338
2458
2211
1817
1710
1838
1741
1447
1321
1225
917
556
470
498
339
125
16
-76
-234
-350
-376
-416
-413
-315
-272
-388
-493
-446
-385
-368
-230
1
16
-217
-321
-147
18
9
32
162
165
13
-3
183
260
132
59
152
188
61
-54
-100
-210
-360
-364
-287
-472
-977
-1358
-1308
-1126
-1247
-1591
-1766
-1784
-1969
-2269
-2269
-1934
-1790
-2034
-2182
-1877
-1505
-1497
-1552
-1192
-615
-330
-262
39
553
886
1044
1411
2015
2443
2529
2599
2880
3193
3361
3487
3666
3744
3622
3461
3392
3330
3188
3005
2807
2525
2173
1846
1529
1135
702
370
115
-236
-696
-1111
-1397
-1657
-2058
-2558
-2843
-2665
-2401
-2739
-3573
-3932
-3436
-2955
-3141
-3379
-3052
-2725
-2961
-3116
-2512
-1738
-1593
-1747
-1488
-945
-638
-529
-253
211
618
824
886
988
1252
1530
1637
1704
1921
2088
1930
1669
1688
1883
1892
1712
1580
1483
1275
1022
883
838
768
623
415
205
69
-7
-103
-190
-191
-161
-237
-368
-384
-284
-218
-211
-145
-31
1
-45
-23
111
227
261
265
286
285
253
236
242
265
298
268
109
-41
-7
100
35
-134
-178
-184
-360
-541
-449
-278
-415
-768
-933
-866
-847
-934
-987
-1077
-1310
-1483
-1384
-1261
-1448
-1728
-1654
-1319
-1257
-1534
-1644
-1364
-1071
-1030
-961
-638
-342
-336
-355
-34
473
762
828
984
1306
1559
1662
1811
2080
2312
2400
2455
2561
2641
2639
2611
2615
2620
2568
2445
2258
2060
1904
1755
1561
1329
1120
904
558
109
-204
-261
-315
-653
-1115
-1368
-1452
-1656
-1947
-2058
-2037
-2131
-2321
-2395
-2362
-2382
-2425
-2362
-2212
-2068
-1960
-1891
-1846
-1720
-1435
-1125
-945
-843
-702
-523
-359
-164
94
318
423
459
546
703
834
888
913
970
1031
1024
951
884
866
859
819
753
699
651
551
409
328
353
376
305
195
142
147
148
144
161
202
228
222
215
259
343
404
416
428
472
504
499
493
529
554
517
460
437
419
356
258
184
145
91
-7
-117
-198
-263
-358
-454
-493
-502
-560
-666
-732
-736
-740
-747
-721
-671
-657
-695
-752
-746
-615
-432
-359
-452
-548
-528
-455
-384
-271
-177
-263
-477
-525
-331
-182
-262
-392
-374
-304
-320
-347
-272
-181
-197
-221
-105
60
98
61
137
319
458
537
644
752
806
867
1017
1198
1298
1315
1325
1372
1449
1511
1513
1477
1458
1449
1398
1300
1211
1131
1009
857
746
675
558
360
153
8
-85
-187
-329
-491
-640
-759
-853
-943
-1030
-1113
-1206
-1300
-1356
-1369
-1392
-1438
-1463
-1450
-1442
-1458
-1437
-1347
-1259
-1238
-1224
-1139
-1008
-900
-814
-709
-598
-511
-405
-265
-166
-119
-22
129
216
231
282
376
431
445
463
477
515
592
612
487
370
418
515
489
449
517
497
298
183
329
496
472
346
270
259
256
258
281
312
337
327
272
254
331
396
390
441
579
620
509
448
556
695
732
707
666
571
474
525
649
596
400
332
405
359
177
111
188
151
-61
-195
-159
-164
-305
-472
-585
-647
-626
-557
-624
-874
-1042
-917
-694
-682
-833
-907
-860
-786
-694
-603
-608
-694
-698
-563
-444
-437
-470
-455
-402
-333
-257
-226
-250
-234
-129
-39
-29
-21
47
102
106
144
238
264
195
202
331
419
374
319
343
385
388
403
465
525
520
461
410
448
559
629
601
543
554
602
585
514
519
592
582
476
430
451
376
209
158
252
269
109
-75
-140
-135
-163
-225
-270
-300
-363
-467
-531
-504
-458
-473
-537
-588
-607
-578
-522
-509
-538
-529
-506
-520
-508
-429
-385
-440
-461
-370
-271
-272
-327
-315
-217
-160
-198
-197
-87
0
-19
-38
5
64
103
138
181
238
291
288
243
218
239
300
392
452
422
330
235
176
239
418
491
335
154
181
311
334
253
209
220
212
214
303
376
269
107
146
327
410
371
310
243
197
259
367
343
216
167
208
196
98
37
43
6
-73
-96
-102
-203
-342
-370
-322
-332
-424
-520
-585
-632
-631
-573
-554
-614
-688
-701
-639
-584
-569
-557
-531
-495
-450
-389
-328
-303
-271
-166
-42
5
-15
3
90
188
256
281
296
341
391
388
382
463
542
507
448
488
551
522
459
486
543
507
418
375
369
355
345
343
297
220
180
177
176
187
196
144
49
15
55
48
-72
-187
-191
-172
-236
-327
-349
-352
-400
-419
-370
-337
-373
-402
-391
-380
-382
-381
-389
-417
-441
-452
-465
-457
-429
-408
-394
-341
-256
-195
-161
-123
-84
-52
-7
33
42
55
93
95
53
65
158
232
246
275
346
386
382
405
475
514
485
443
429
415
379
361
379
392
355
279
234
251
317
359
316
230
198
222
219
187
185
196
121
-9
-55
-4
24
-28
-99
-150
-180
-178
-144
-111
-126
-179
-224
-214
-161
-155
-223
-286
-301
-318
-357
-374
-369
-406
-454
-433
-387
-396
-438
-436
-381
-348
-368
-386
-368
-330
-299
-273
-241
-222
-203
-158
-97
-40
22
81
107
114
147
205
249
270
296
324
326
328
358
396
410
402
399
402
392
372
363
356
340
305
265
238
234
241
222
169
126
117
113
82
44
39
47
23
-28
-57
-41
-20
-31
-68
-100
-119
-130
-140
-160
-178
-187
-192
-198
-196
-179
-163
-157
-152
-129
-99
-90
-101
-114
-116
-106
-90
-68
-54
-60
-69
-57
-19
15
20
9
12
34
40
21
-6
-21
-26
-30
-40
-63
-93
-111
-107
-99
-100
-98
-89
-92
-104
-92
-42
-14
-39
-70
-63
-37
-28
-30
-30
-45
-62
-45
7
32
22
25
67
107
117
108
115
138
153
160
152
133
117
114
121
127
119
104
85
77
87
109
120
107
79
67
73
83
77
49
27
24
29
15
-8
-23
-23
-17
-11
-2
5
-5
-25
-23
-1
8
-12
-37
-47
-59
-69
-67
-46
-37
-50
-68
-63
-43
-19
-10
-20
-37
-55
-61
-55
-45
-48
-61
-82
-89
-86
-83
-75
-74
-73
-74
-73
-62
-45
-29
-26
-28
-25
-19
-19
-17
-20
-31
-44
-46
-38
-37
-46
-41
-26
-11
3
16
30
40
54
65
65
56
52
51
42
28
20
16
15
18
20
27
40
50
54
59
76
86
79
64
70
90
94
70
43
34
47
56
58
46
33
32
41
50
50
43
33
20
1
-17
-26
-29
-42
-66
-78
-80
-76
-76
-80
-89
-91
-81
-68
-69
-77
-85
-99
-105
-95
-76
-72
-87
-101
-106
-94
-74
-51
-42
-45
-49
-38
-21
-18
-26
-27
3
29
16
-11
-6
32
59
67
78
85
67
46
63
107
130
109
70
49
55
72
80
70
44
11
-15
-13
3
9
1
-13
-30
-35
-20
-1
4
-8
-27
-37
-40
-34
-28
-33
-45
-54
-49
-36
-29
-16
2
10
-2
-13
2
21
24
12
14
15
0
-11
9
28
15
-12
-20
-7
0
2
2
-13
-29
-35
-27
-23
-33
-45
-58
-69
-66
-57
-50
-47
-42
-29
-28
-28
-7
14
31
39
43
50
50
60
80
96
104
106
108
112
118
123
130
132
137
135
117
99
97
98
93
80
60
31
3
-1
0
-20
-44
-59
-64
-77
-96
-98
-95
-104
-109
-115
-120
-140
-166
-174
-162
-134
-129
-183
-238
-224
-149
-90
-102
-136
-147
-133
-90
-35
5
-9
-69
-116
-101
-40
4
-15
-73
-105
-72
-20
9
22
33
35
28
43
95
133
124
102
106
117
125
134
146
140
122
127
140
