5
2
-2
-4
1
3
1
-2
-3
-3
-4
-4
-1
-1
2
2
1
2
5
5
4
5
6
4
0
-3
-4
-2
-2
-6
-7
-7
-9
-9
-11
-10
-11
-15
-18
-16
-14
-13
-12
-12
-11
-12
-11
-10
-8
-7
-6
-4
-6
-5
-5
-3
-2
-2
1
0
-2
-3
0
-2
-1
0
-2
-1
0
2
3
2
4
5
4
6
8
7
9
11
13
10
7
8
9
9
11
14
14
12
11
11
8
9
8
7
4
3
2
1
3
4
4
4
3
4
4
7
8
8
9
9
10
9
11
11
10
9
6
6
4
4
5
5
4
5
6
5
2
1
2
2
0
1
1
1
2
2
1
-3
-2
-4
-10
-11
-13
-13
-19
-22
-22
-21
-25
-26
-27
-25
-23
-27
-27
-26
-22
-15
-13
-16
-15
-10
-7
-5
-6
-6
-2
3
6
7
6
13
23
22
20
29
31
22
18
27
29
0
-22
-11
-2
-30
-70
-74
-64
-63
-83
-122
-138
-132
-132
-147
-195
-210
-195
-216
-232
-234
-231
-238
-269
-253
-210
-206
-216
-209
-169
-114
-78
-48
-14
39
108
178
251
317
402
478
559
700
810
879
941
1012
1179
1296
1318
1366
1392
1481
1579
1551
1531
1490
1470
1508
1428
1311
1222
1123
1051
906
718
580
435
261
48
-170
-339
-491
-675
-880
-1065
-1199
-1312
-1442
-1577
-1679
-1743
-1806
-1883
-1932
-1923
-1916
-1963
-1992
-1934
-1863
-1848
-1831
-1750
-1653
-1604
-1573
-1487
-1328
-1171
-1138
-1182
-1071
-785
-645
-744
-746
-483
-260
-264
-259
-117
-1
66
218
365
348
318
465
621
606
562
609
604
490
443
484
433
274
122
-18
-152
-129
-22
-201
-623
-695
-262
-11
-361
-676
-303
317
428
182
315
901
1322
1367
1452
1842
2277
2451
2517
2762
3109
3298
3279
3309
3493
3629
3558
3396
3326
3313
3203
2972
2698
2443
2192
1925
1594
1189
812
523
199
-244
-665
-1082
-1615
-2008
-1972
-2039
-2884
-3815
-3731
-3224
-3607
-4495
-4549
-4064
-4220
-4752
-4703
-4249
-4085
-4087
-3916
-3752
-3581
-3201
-2805
-2592
-2285
-1754
-1469
-1469
-1162
-521
-143
-128
64
516
785
833
970
1260
1530
1700
1819
1886
1965
2127
2249
2277
2321
2460
2539
2426
2345
2436
2533
2463
2317
2312
2350
2256
2104
1991
1946
1877
1794
1728
1592
1442
1323
1190
1063
985
971
831
557
391
316
210
41
-104
-209
-352
-448
-549
-775
-990
-1023
-966
-1140
-1509
-1706
-1726
-1883
-2291
-2612
-2679
-2845
-3269
-3610
-3603
-3599
-3961
-4309
-4164
-3751
-3653
-3859
-3747
-3180
-2645
-2447
-2253
-1666
-926
-441
-159
277
940
1520
1910
2314
2830
3321
3638
3907
4262
4618
4863
5019
5178
5315
5367
5345
5266
5116
4896
4676
4438
4082
3613
3173
2801
2370
1836
1338
952
572
112
-338
-712
-1092
-1514
-1878
-2151
-2463
-2849
-3153
-3341
-3580
-3897
-4104
-4123
-4142
-4271
-4363
-4301
-4169
-4086
-4025
-3925
-3731
-3402
-3079
-2942
-2871
-2560
-2074
-1760
-1607
-1317
-899
-608
-417
-121
239
501
696
938
1201
1406
1568
1709
1843
2003
2171
2255
2233
2238
2346
2435
2401
2343
2376
2429
2379
2282
2240
2230
2185
2105
2015
1907
1794
1683
1543
1374
1245
1172
1058
842
625
521
492
402
193
-10
-54
-16
-108
-341
-493
-494
-508
-597
-653
-681
-779
-865
-799
-715
-834
-1051
-1100
-1041
-1103
-1327
-1610
-1919
-2191
-2303
-2353
-2618
-3089
-3414
-3402
-3311
-3438
-3684
-3688
-3333
-2929
-2787
-2783
-2528
-1974
-1469
-1183
-889
-419
27
283
524
936
1390
1705
1979
2379
2841
3203
3462
3755
4145
4555
4864
5031
5134
5235
5294
5239
5078
4875
4655
4391
4065
3661
3216
2783
2373
1964
1546
1141
746
330
-113
-558
-956
-1287
-1613
-2021
-2483
-2865
-3155
-3493
-3895
-4198
-4332
-4425
-4623
-4921
-5148
-5079
-4771
-4628
-4773
-4730
-4244
-3822
-3787
-3627
-2992
-2384
-2156
-1911
-1402
-947
-653
-270
181
493
756
1073
1283
1404
1686
2045
2185
2208
2417
2671
2687
2615
2724
2889
2880
2773
2703
2617
2471
2353
2288
2186
2033
1900
1778
1618
1474
1403
1334
1215
1136
1122
1029
801
637
665
716
609
407
236
134
109
126
37
-187
-326
-272
-226
-316
-359
-288
-307
-445
-463
-379
-480
-757
-873
-808
-923
-1319
-1721
-2003
-2259
-2421
-2423
-2585
-3140
-3625
-3518
-3201
-3400
-3928
-3968
-3443
-3115
-3335
-3545
-3234
-2646
-2284
-2181
-1939
-1394
-855
-580
-324
257
992
1485
1787
2269
2929
3417
3664
3976
4483
4963
5221
5333
5446
5553
5593
5568
5487
5351
5197
5029
4756
4338
3901
3567
3249
2825
2338
1868
1383
839
283
-224
-713
-1222
-1769
-2327
-2815
-3182
-3536
-4001
-4468
-4720
-4815
-5002
-5293
-5409
-5287
-5184
-5203
-5163
-5073
-5101
-4936
-4198
-3464
-3563
-3947
-3426
-2268
-1719
-1789
-1449
-618
-60
175
572
1078
1442
1824
2283
2559
2683
2903
3098
3106
3209
3516
3583
3278
3108
3269
3307
3010
2745
2707
2650
2430
2172
1940
1698
1490
1358
1195
913
635
492
406
250
80
21
-2
-103
-184
-161
-161
-242
-254
-155
-108
-150
-168
-183
-267
-287
-98
133
145
-59
-213
-156
-27
-29
-104
-144
-272
-587
-835
-864
-1090
-1781
-2294
-2005
-1625
-2317
-3677
-4098
-3329
-2944
-3833
-4798
-4519
-3617
-3552
-4342
-4668
-3931
-3050
-2906
-3044
-2571
-1671
-1188
-1115
-634
427
1321
1672
2029
2802
3611
4039
4302
4779
5419
5945
6231
6311
6290
6338
6516
6610
6434
6148
5987
5818
5381
4769
4287
3960
3558
2984
2350
1760
1187
544
-157
-767
-1203
-1666
-2346
-3052
-3491
-3812
-4353
-4968
-5289
-5418
-5698
-6061
-6232
-6306
-6465
-6486
-6201
-5954
-6027
-6016
-5459
-4702
-4375
-4329
-3863
-2934
-2177
-1786
-1322
-606
66
594
1160
1746
2235
2678
3094
3383
3619
3951
4199
4174
4150
4338
4438
4177
3871
3823
3781
3497
3130
2867
2606
2275
1972
1680
1329
1007
799
601
304
28
-114
-223
-381
-525
-581
-612
-674
-696
-635
-551
-504
-489
-469
-423
-273
-13
145
47
-74
132
539
679
464
302
456
685
652
369
108
32
41
-81
-434
-1054
-1910
-2603
-2534
-1963
-2228
-3848
-5242
-4865
-3807
-4234
-5805
-6181
-4891
-4049
-4826
-5714
-5165
-3892
-3348
-3397
-2887
-1715
-914
-845
-568
630
2081
2785
2971
3600
4752
5563
5713
5883
6587
7428
7844
7871
7803
7724
7654
7650
7582
7257
6786
6403
5979
5254
4383
3703
3186
2525
1700
965
336
-420
-1367
-2216
-2751
-3150
-3702
-4398
-5012
-5425
-5769
-6177
-6531
-6584
-6654
-7485
-8406
-7576
-5430
-5268
-7877
-9031
-6344
-3660
-4409
-5874
-4620
-2643
-2601
-2913
-1699
-259
90
367
1224
1823
2248
2847
3138
3156
3934
5187
5092
3924
3956
5226
5671
4791
4308
4714
4670
3935
3443
3357
3030
2398
2076
1863
1335
745
365
38
-283
-291
-170
-599
-1224
-1225
-809
-834
-1185
-994
-458
-412
-684
-572
-123
88
143
356
457
352
441
698
606
304
521
1048
1005
543
441
661
586
312
283
230
-189
-581
-729
-1184
-2476
-3766
-3758
-2725
-2497
-4202
-6336
-6579
-5223
-4768
-6201
-7312
-6274
-4748
-5063
-6455
-6347
-4594
-3477
-3587
-3219
-1546
-66
-24
-246
916
3072
4572
4848
5103
6164
7364
7907
8033
8538
9418
10027
10156
9962
9651
9292
8964
8734
8355
7743
7019
6162
5034
3727
2733
2164
1445
335
-790
-1564
-2301
-3422
-4599
-5315
-5614
-5959
-6623
-7311
-7818
-8288
-8750
-8923
-8565
-8083
-8000
-8087
-7893
-7429
-7004
-6533
-5720
-4820
-4112
-3430
-2659
-2020
-1546
-733
499
1450
1826
2147
2761
3311
3610
4021
4551
4782
4721
4717
4753
4575
4339
4273
4186
3909
3572
3238
2729
2123
1772
1626
1350
901
496
161
-235
-547
-613
-593
-671
-782
-813
-827
-870
-774
-512
-265
-91
128
437
647
696
828
1129
1420
1572
1700
1855
1824
1636
1589
1751
1781
1520
1311
1294
1174
865
692
742
621
234
-98
-425
-1018
-1781
-2656
-4028
-5595
-5797
-4327
-3791
-6151
-9080
-9040
-6892
-6552
-8466
-9154
-7314
-5827
-6665
-7659
-6385
-4045
-3070
-3227
-2287
180
2047
2045
1731
3228
6044
7883
8153
8358
9405
10435
10669
10783
11413
12048
12078
11643
11120
10428
9563
8826
8115
7129
6060
5261
4368
2684
617
-737
-1283
-1975
-3290
-4604
-5463
-6292
-7410
-8396
-8729
-8634
-8731
-9117
-9365
-9220
-8969
-8928
-8827
-8153
-6912
-5870
-5824
-6284
-5749
-3782
-1991
-1709
-1749
-594
905
1269
1263
2368
3831
4178
3958
4412
5111
4990
4376
4187
4418
4623
4533
3985
3036
2284
2123
2064
1649
1182
936
527
-254
-830
-819
-737
-1037
-1380
-1343
-1214
-1372
-1581
-1475
-1139
-786
-412
-51
112
131
295
691
1178
1649
2036
2199
2183
2298
2639
2879
2821
2729
2821
2808
2431
1971
1846
1860
1604
1199
994
912
582
183
44
-88
-540
-955
-1024
-1299
-2263
-3294
-4140
-5666
-7581
-7807
-5820
-4825
-7124
-10163
-10328
-8452
-7931
-8864
-8468
-6391
-5260
-5999
-6285
-4385
-1883
-800
-552
868
3598
5612
5834
5651
6824
9004
10631
11354
12003
12634
12520
11775
11451
11852
12135
11768
10956
9813
8250
6688
5641
4717
3224
1543
431
-483
-2131
-4296
-5853
-6617
-7346
-8250
-8778
-8838
-9154
-10034
-10754
-10538
-9549
-8582
-7975
-7453
-6781
-6110
-5617
-5238
-4548
-3096
-1067
409
523
169
726
2040
2930
3440
4368
5255
4976
3997
3727
4257
4511
4205
3751
3154
2316
1627
1276
807
135
-292
-484
-940
-1569
-1877
-1997
-2406
-2805
-2544
-1827
-1461
-1593
-1716
-1607
-1381
-916
-55
825
1223
1236
1322
1663
2155
2720
3215
3388
3262
3140
3185
3229
3179
3072
2923
2675
2414
2219
2000
1599
1074
616
298
61
-136
-252
-430
-792
-1278
-1454
-1233
-882
-804
-995
-1311
-1632
-1910
-2034
-2105
-2602
-4029
-6024
-7168
-6621
-5395
-5478
-7017
-8271
-8126
-7654
-7756
-7470
-5830
-4159
-4063
-4612
-3608
-1134
721
1294
2027
3876
5884
7071
7725
8569
9498
10161
10673
11428
12295
12669
12168
11095
10086
9482
9140
8680
7766
6274
4483
2807
1410
78
-1258
-2445
-3444
-4595
-5972
-7178
-7827
-8275
-8936
-9519
-9431
-8801
-8367
-8284
-8111
-7534
-6755
-5869
-4755
-3378
-2141
-1457
-1398
-1139
10
1821
3024
3123
2965
3151
3296
3015
3100
3865
4261
3476
2298
1782
1709
1290
634
103
-266
-788
-1588
-2376
-2759
-2532
-2342
-2663
-3028
-2779
-2177
-1988
-2029
-1693
-1042
-484
5
739
1539
2011
2156
2197
2500
3094
3746
4057
3931
3676
3457
3241
2982
2845
2890
2811
2344
1611
1036
791
581
259
-58
-141
-188
-410
-670
-741
-671
-659
-607
-401
-286
-420
-575
-367
111
424
487
387
320
139
-244
-686
-1067
-1460
-2465
-4502
-6805
-7830
-6886
-5733
-6414
-8306
-9315
-8955
-8899
-9321
-8312
-5728
-3930
-4255
-4642
-2917
-188
1554
2388
3849
6209
8185
9272
10082
11138
12101
12441
12470
12841
13553
13849
13056
11414
9693
8318
7290
6399
5352
3857
1868
-232
-2177
-3993
-5478
-6367
-6926
-7859
-9205
-10072
-10163
-10159
-10438
-10376
-9409
-8145
-7231
-6339
-5062
-3811
-3165
-2679
-1533
92
1644
2935
3954
4291
3930
3825
4425
5063
5140
4934
4615
3711
2387
1532
1287
904
88
-642
-1200
-1975
-2833
-3477
-4019
-4678
-4999
-4595
-4005
-3693
-3572
-3355
-3224
-3060
-2315
-1000
244
961
1394
1716
1899
2192
2931
3877
4500
4622
4547
4386
4137
3901
3729
3554
3219
2814
2365
1866
1276
601
-76
-632
-887
-854
-767
-884
-1170
-1426
-1410
-1101
-629
-215
96
408
613
535
325
545
1251
1933
2106
2031
1937
1806
1489
1078
672
216
-261
-992
-2227
-4161
-6264
-7925
-8575
-8547
-8568
-9109
-9750
-9965
-10133
-10457
-10131
-8266
-5829
-4280
-3444
-1838
524
2407
3563
5144
7566
9794
11202
12298
13550
14425
14400
13804
13396
13295
13110
12442
11195
9549
7533
5358
3205
1384
-124
-1563
-3145
-4885
-6657
-8298
-9534
-10301
-10698
-10926
-10813
-10236
-9450
-8812
-8198
-7197
-5825
-4433
-2958
-1132
815
2249
3076
3758
4584
5371
5942
6450
6825
6759
5240
2888
1390
2003
2847
1521
-902
-2342
-2782
-4165
-5732
-5606
-4692
-5170
-6607
-6872
-5720
-4869
-4832
-4947
-4692
-3588
-1866
-191
922
1821
2770
2890
2655
3461
5473
6941
6791
6146
5926
5625
4931
4366
4343
4184
3315
2225
1407
862
178
-655
-1479
-2127
-2408
-2277
-2051
-2097
-2246
-2248
-2159
-2030
-1444
-205
1005
1494
1629
1970
2515
2729
2848
3138
3345
3192
2862
2914
2984
2746
2054
1306
527
-232
-1019
-1796
-2797
-4205
-6183
-8986
-11734
-13148
-12345
-11029
-10994
-11931
-12267
-11767
-11603
-11191
-8930
-5163
-2179
-776
691
3356
6148
8045
9447
11218
13274
14980
16218
17082
17520
17167
15836
13930
12279
11361
10767
9605
7486
4736
1823
-929
-3320
-5154
-6492
-7584
-8667
-9877
-11075
-11837
-11885
-11515
-11223
-10740
-9436
-7382
-5382
-3812
-2242
-616
609
1392
2609
4649
6685
7638
7571
7246
6971
6428
5586
4900
4439
3707
2248
475
-1096
-2365
-3689
-5128
-6331
-7064
-7360
-7570
-7762
-7830
-7668
-7442
-7109
-6308
-4823
-3171
-1944
-1085
-131
1045
2118
3079
4110
5251
6073
6366
6353
6386
6403
6060
5324
4587
4056
3537
2712
1756
905
162
-628
-1458
-1972
-2067
-1954
-2039
-2309
-2386
-2100
-1717
-1406
-973
-253
452
881
1255
1843
2495
2912
3117
3305
3544
3768
3997
4029
3769
3133
2303
1553
1108
1115
1032
516
-406
-1289
-2051
-2856
-3543
-4117
-4872
-6064
-7591
-9458
-11459
-12646
-12104
-10822
-10331
-10464
-9856
-8545
-7901
-7460
-5658
-2550
40
1609
3576
6441
8974
10321
11064
12025
13054
13760
14275
14757
15043
14567
13068
10909
8814
7245
5891
4311
2522
716
-1183
-3272
-5194
-6625
-7762
-8737
-9330
-9424
-9273
-8909
-8139
-7225
-6649
-6155
-4980
-3091
-1147
560
2304
3866
4646
4707
4873
5548
6243
6426
6113
5497
4619
3494
2153
743
-601
-1788
-2985
-4268
-5379
-6078
-6729
-7722
-8751
-9040
-8546
-7864
-7193
-6244
-4975
-3916
-3123
-2109
-592
968
2172
3135
4127
5027
5615
5950
6171
6252
6059
5667
5250
4896
4498
3839
2818
1687
745
50
-610
-1191
-1567
-1892
-2372
-2755
-2673
-2284
-2030
-1884
-1523
-910
-250
385
1048
1605
2038
2354
2647
2990
3444
3818
3754
3394
3167
3067
2826
2484
2374
2105
1140
-74
-662
-544
-717
-1390
-1945
-2044
-2190
-2817
-3431
-3523
-3464
-4004
-5296
-6561
-7586
-8717
-9903
-10185
-9256
-8279
-8068
-7877
-6927
-5812
-5235
-4377
-2411
-45
1730
3297
5458
7664
8938
9471
10124
10987
11548
11853
12269
12597
12244
11064
9498
7909
6332
4770
3306
1988
669
-782
-2294
-3662
-4809
-5893
-6866
-7418
-7386
-7044
-6638
-6026
-5173
-4427
-3948
-3292
-2082
-615
689
1891
3111
4030
4342
4300
4210
4082
3876
3712
3438
2682
1618
584
-422
-1730
-3104
-4135
-4914
-5743
-6523
-7031
-7248
-7277
-7027
-6632
-6227
-5600
-4584
-3398
-2350
-1247
63
1184
1934
2607
3477
4166
4412
4578
4900
5163
5074
4839
4579
4131
3439
2738
2173
1604
939
297
-253
-780
-1246
-1539
-1581
-1599
-1652
-1652
-1428
-1056
-706
-347
63
463
759
1097
1599
2101
2385
2459
2446
2373
2240
2143
2094
1998
1846
1655
1438
1110
745
320
-157
-701
-1134
-1426
-1513
-1494
-1458
-1465
-1469
-1388
-1440
-1621
-1877
-1980
-2188
-2534
-2990
-3451
-4270
-5544
-6854
-7581
-7686
-7488
-7076
-6425
-5740
-5382
-5089
-4374
-3103
-1686
-241
1430
3318
5051
6490
7757
8857
9531
9786
9952
10290
10703
10872
10589
9838
8703
7270
5699
4223
2972
1846
650
-602
-1810
-2912
-3990
-4968
-5765
-6344
-6687
-6641
-6150
-5414
-4697
-4033
-3392
-2792
-2150
-1264
-106
1056
2013
2653
2891
2872
2944
3190
3146
2565
1922
1532
1043
105
-833
-1509
-2353
-3595
-4689
-5410
-6107
-6711
-6664
-6165
-5902
-5686
-5037
-4193
-3634
-2921
-1773
-723
-27
942
2313
3394
3903
4363
4828
4910
4799
4945
5221
5130
4751
4337
3775
2981
2216
1605
946
207
-338
-656
-1003
-1384
-1622
-1754
-1998
-2215
-2074
-1598
-1140
-801
-381
148
536
774
1117
1607
1963
2126
2318
2571
2688
2655
2631
2501
2098
1611
1355
1172
841
482
192
-358
-1247
-1902
-1930
-1642
-1613
-1805
-2083
-2298
-2475
-2461
-2310
-2024
-1969
-2440
-3417
-4186
-4605
-5380
-6772
-7858
-7728
-6986
-6423
-5915
-5008
-4206
-4042
-4039
-3216
-1556
254
1837
3357
5007
6509
7603
8297
8850
9375
9702
9824
9962
10261
10381
9841
8644
7175
5735
4357
3078
2001
1101
178
-854
-1950
-2997
-3923
-4734
-5392
-5874
-5976
-5637
-5016
-4382
-3795
-3226
-2670
-2167
-1575
-900
-163
607
1276
1697
1874
2191
2476
2280
1565
1031
812
429
-276
-760
-1043
-1782
-3044
-4143
-4733
-5093
-5419
-5484
-5326
-5121
-4811
-4293
-3629
-3033
-2422
-1760
-1028
-72
1104
2265
3001
3390
3695
3899
3967
4037
4224
4298
4019
3625
3308
2963
2420
1796
1239
683
189
-119
-232
-407
-730
-1079
-1343
-1521
-1531
-1326
-1019
-787
-613
-332
35
420
788
1160
1449
1636
1858
2168
2414
2478
2341
2037
1604
1240
1091
1033
899
630
213
-364
-987
-1412
-1717
-1959
-2029
-1857
-1679
-1762
-1820
-1674
-1485
-1495
-1579
-1384
-1082
-911
-1092
-1434
-1608
-1479
-978
-621
-689
-1473
-2581
-3596
-4285
-4544
-4334
-3668
-3151
-3177
-3269
-2690
-1716
-1255
-1306
-918
137
1238
2174
3443
4824
5440
5099
4800
5060
5601
5962
6216
6349
6254
5971
5596
5106
4462
3750
2910
2013
1420
1354
1347
866
92
-594
-1166
-1850
-2325
-2369
-2275
-2425
-2631
-2480
-2133
-1962
-2041
-2081
-2075
-2033
-2076
-2135
-2419
-2591
-2562
-2401
-2400
-2349
-1901
-1592
-1555
-1638
-1341
-1116
-1273
-1382
-1183
-857
-691
-524
-242
-145
-212
-289
-249
-43
254
617
890
1128
1413
1603
1623
1558
1520
1403
1193
1053
1128
1170
1048
801
559
298
-53
-344
-468
-489
-484
-460
-301
-143
-101
-158
-209
-191
-164
-66
98
261
322
317
302
292
337
433
530
565
611
722
774
719
595
537
460
360
351
506
638
450
105
-64
39
79
-113
-279
-277
-210
-229
-217
-118
-77
-250
-485
-525
-310
-128
-177
-242
-126
38
54
86
293
447
304
90
130
290
291
185
133
-401
-1668
-2687
-2519
-1942
-2250
-2637
-2147
-1674
-2190
-2464
-1560
-934
-1485
-1768
-907
-33
273
775
1429
1438
1129
1257
1585
1829
2258
2762
2766
2689
3137
3514
3197
2739
2680
2452
1924
1761
2100
2103
1541
759
-18
-699
-1085
-1032
-1067
-1176
-1196
-1070
-1050
-1045
-922
-973
-1278
-1447
-1111
-507
-63
186
249
83
-310
-527
-421
-288
-331
-367
-217
-58
-8
-41
-200
-531
-894
-1084
-1076
-950
-817
-794
-909
-1066
-1170
-1253
-1295
-1229
-1066
-1023
-976
-733
-425
-348
-455
-504
-517
-500
-423
-398
-256
-40
-32
-195
-200
-109
-33
-212
-434
-288
52
159
92
424
580
486
602
625
504
556
842
1130
1329
1419
1167
1029
1200
1203
1006
874
965
1091
1072
1132
1179
1007
601
378
656
964
722
293
355
603
419
152
263
160
-276
-454
-110
122
-94
-167
190
309
-79
-271
-13
117
76
84
126
266
404
205
-81
109
4
-544
-633
-222
-204
-509
-524
-558
-668
-615
-653
-954
-1137
-978
-824
-898
-939
-733
-597
-841
-1134
-1137
-1010
-791
-508
-278
-252
-248
-234
-241
-288
-474
-399
-38
341
229
-73
-89
60
26
-101
103
403
377
236
303
358
385
493
661
597
374
342
702
941
423
43
415
908
759
667
822
606
315
520
747
268
-161
118
323
3
-127
51
-133
-549
-494
-267
-191
-508
-714
-449
51
-204
-830
-584
-363
-667
-784
-142
78
-331
-571
-427
-217
-59
208
135
49
-302
-273
566
623
-143
-151
957
599
-554
54
1024
557
-76
247
475
324
490
659
243
-23
256
376
255
442
503
276
181
219
155
195
176
-85
0
-67
-269
-169
233
-118
-678
-296
54
-279
-554
-336
-320
-415
-281
-296
-444
-309
-536
-611
-168
-16
-437
-386
-33
-187
-238
-178
-181
18
286
-287
-465
240
258
-367
-40
467
-66
-169
438
335
-200
104
274
164
497
367
-66
27
364
144
-19
280
-61
-124
586
397
-384
-267
452
15
-291
332
353
-10
112
253
-354
-93
367
95
57
163
-37
-70
170
-114
-365
109
-163
-557
-68
112
-570
-674
52
1
-208
-227
-103
-295
92
285
-108
-204
189
315
-94
-120
236
366
-190
-160
242
126
-226
-49
-98
-490
-368
103
-103
-470
-384
16
170
-228
-507
-213
36
-61
59
181
351
426
271
302
604
498
192
477
566
236
270
478
269
124
340
19
-237
-17
-65
-420
-208
44
14
-109
-197
-114
-117
-38
-168
-81
46
116
227
105
-46
0
-23
-165
-3
124
-67
-168
-121
-151
51
125
-512
-676
-148
-210
-294
62
-184
-546
-177
67
-289
-34
-28
-559
-309
302
65
-322
-122
10
-191
-349
-71
-20
21
-33
-254
-263
-36
58
-106
-69
110
-122
-79
280
155
-107
-69
235
372
311
246
365
351
386
197
337
610
357
191
620
830
234
70
508
489
175
325
443
316
128
60
52
218
48
-255
-218
-120
-42
-76
-150
-356
-347
-204
-352
-490
-98
42
-142
-287
-190
-150
-328
-218
-242
-42
-398
-371
-198
-230
-460
-696
-407
-429
-315
-516
-630
-399
-157
-133
-133
-53
-384
-154
196
310
238
325
597
391
394
376
569
762
404
191
60
522
530
272
357
255
128
-46
367
-60
-397
12
123
-216
-145
244
70
-40
55
40
-150
-76
80
183
136
-43
-21
-4
-29
-37
-279
-277
-312
-326
-185
-216
-466
-748
-284
-207
-451
-308
-133
-207
-356
-73
-158
-286
53
225
80
-56
412
649
405
273
412
527
339
282
364
261
333
587
394
121
15
-139
-158
27
-118
-440
-215
-3
-310
-131
-57
-178
-47
-188
-332
44
345
84
111
266
113
45
453
195
-181
16
77
235
112
89
-44
39
31
72
125
61
-25
-283
-258
-317
-187
-372
-356
-136
-55
-109
-498
-194
170
326
-36
-44
368
202
-246
-368
220
230
-373
-218
175
2
-197
-180
-193
-83
44
-249
-451
-58
121
-239
-380
-42
69
-143
-276
25
554
400
197
317
424
403
332
430
516
530
688
337
290
497
251
-73
-126
393
154
-253
19
64
-349
-422
-42
-234
-445
-25
-172
-718
-391
248
-414
-839
-188
198
43
-264
-88
-145
209
362
-42
-107
12
2
-68
35
-213
-480
-316
-258
-453
-543
-372
57
-138
-430
-74
54
-297
-445
99
338
418
638
23
-329
358
684
108
-39
556
491
194
419
374
95
143
259
62
107
300
166
141
153
-57
-308
220
352
-325
-298
69
91
-151
-69
219
271
25
-274
67
243
23
25
366
178
2
165
114
-29
-142
-34
-31
-88
130
147
-71
-267
-452
-392
-92
172
-241
-532
-49
13
-244
-343
-301
-274
-21
118
-107
-187
-188
-85
-195
-176
-86
79
-55
-226
-260
-326
-68
249
-56
-353
245
150
-226
-160
281
267
343
257
-150
465
785
210
-203
233
356
301
424
245
5
134
179
107
131
-156
-391
-55
182
109
-126
123
5
-100
207
-3
-153
-262
-29
88
-142
37
6
3
-54
-16
34
-235
-166
-193
-143
-50
0
-166
-69
-36
-184
-327
-359
-34
79
61
-48
36
50
-93
-241
-277
-391
-235
206
342
172
128
225
-10
-156
-58
-68
-263
-35
441
318
201
45
12
66
-330
-101
99
290
181
-172
29
224
95
-194
-148
184
309
260
-153
-65
460
235
-383
-62
153
-210
314
598
-104
-139
263
142
4
-129
-249
-85
333
252
-152
291
229
-79
-145
-38
30
-444
-328
7
-37
-270
161
111
-462
-364
-295
-375
-38
88
-480
-182
356
231
-149
-230
-11
-94
349
70
-56
97
81
164
-135
100
271
329
-140
-164
252
-54
-394
221
524
-16
-217
132
31
-291
-133
94
23
-200
133
248
-84
-53
294
-54
-394
165
405
24
-208
159
76
-23
182
439
313
-176
-100
69
16
-249
-96
215
69
-93
-121
291
156
-110
-110
-104
-191
-482
-377
160
340
-86
-198
-36
-214
-397
31
-183
-584
-295
148
230
22
173
17
-260
-260
-115
51
-154
-18
190
24
85
297
155
-26
-37
151
96
275
201
134
55
129
316
123
141
113
63
-116
36
113
-88
33
214
40
-100
38
-83
-241
35
152
-98
-162
-79
247
150
-178
-374
-128
-227
16
152
-86
-335
-127
189
-251
-89
-1
-35
24
125
122
22
89
128
-101
-41
457
249
-105
-73
293
168
-106
193
179
64
75
56
-116
-135
110
141
-117
-121
-72
-123
-86
-25
-118
-251
-204
92
102
-195
-316
-168
101
-236
-188
-46
69
-72
60
173
-97
-118
-87
-16
10
57
-229
-149
387
370
-84
-235
165
134
-19
19
53
160
62
284
128
152
167
180
-33
-2
103
149
189
247
-16
-342
-208
3
172
-37
-68
-39
36
-135
-158
-245
-310
-97
129
-97
-226
-81
31
-264
-417
-135
163
274
159
4
-6
51
177
-17
45
131
-111
-51
15
16
67
229
236
24
61
-18
-181
-79
-85
68
33
-30
-15
75
26
-188
-235
-146
-202
-133
-87
-1
65
-77
36
155
407
112
78
329
315
180
-64
103
109
109
25
-44
-190
-296
-73
-83
-111
-170
-81
-42
24
-193
-352
-115
166
183
89
-20
-101
48
81
185
59
-14
-47
55
162
129
278
219
15
-26
291
362
-4
-68
-97
-300
-323
-31
196
12
-186
-194
8
-69
-299
-404
-147
33
12
15
15
223
244
35
-26
-20
95
111
26
-80
-10
13
-139
-49
281
-55
-246
-9
73
-267
-378
-16
41
9
-57
119
5
167
85
-202
-435
-141
230
44
64
260
179
-11
207
277
130
-164
-193
-276
-302
-243
-156
-64
-134
-146
-196
-188
-21
138
-44
-55
233
480
542
646
686
623
421
385
404
375
413
344
41
-136
127
214
-156
-237
-101
-232
-266
-142
-145
-79
-159
-135
-135
-57
67
-158
-6
42
114
-31
-157
195
69
-114
-156
-108
10
-20
-1
-231
-280
-234
-313
-553
-538
-410
-273
-123
-62
149
55
-65
-127
-86
-59
25
209
342
204
171
249
96
-80
-164
-180
-369
-306
-161
-244
-414
-417
-378
-448
-544
-547
-347
-379
-410
-268
-135
-168
-185
60
167
317
413
495
484
402
444
321
374
467
425
211
9
124
142
67
36
88
154
-77
-154
-137
-96
-23
112
264
270
245
186
302
220
238
279
245
126
-45
129
3
-71
-93
-11
56
-135
-90
-83
-119
-126
-28
59
93
263
458
598
559
545
456
555
681
778
931
895
1002
956
868
741
523
414
126
-22
-181
-282
-256
-188
-114
-324
-571
-715
-793
-972
-1217
-1266
-1098
-990
-969
-844
-678
-733
-902
-1048
-1109
-1088
-998
-890
-725
-602
-612
-643
-651
-660
-751
-801
-690
-411
-273
-154
38
252
503
695
775
835
1035
1192
1225
1453
1772
1854
1758
1700
1715
1574
1241
1077
1057
968
687
384
147
-193
-507
-792
-1034
-1155
-1019
-824
-721
-675
-565
-483
-552
-476
-325
-164
-153
-92
18
61
33
-94
-165
-271
-282
-285
-205
-86
52
238
355
442
442
458
340
170
178
307
411
604
1024
1481
1752
1929
2045
2122
2152
2202
2116
1882
1624
1387
1056
579
113
-397
-955
-1546
-1983
-2233
-2372
-2437
-2440
-2297
-2280
-2307
-2322
-2294
-2307
-2318
-2236
-2203
-2075
-1897
-1598
-1349
-1245
-1141
-997
-876
-842
-760
-688
-672
-601
-465
-303
-176
-92
16
100
105
181
413
573
634
691
773
741
686
786
915
939
862
900
978
919
876
973
1142
1262
1369
1535
1690
1877
2079
2303
2460
2580
2698
2853
2924
2797
2428
1775
1116
739
769
838
838
876
896
733
360
157
208
290
162
-53
-168
-261
-392
-528
-674
-865
-1039
-1127
-1214
-1388
-1576
-1801
-2111
-2406
-2576
-2785
-3139
-3454
-3711
-3920
-4123
-4261
-4333
-4273
-4064
-3753
-3203
-2485
-1819
-1453
-1382
-1510
-1708
-1850
-1894
-1825
-1627
-1141
-270
889
2140
3364
4610
5878
7026
7744
7767
7093
5913
4456
2972
1622
492
-227
-435
-88
727
1792
2592
2703
2115
1062
34
-615
-1003
-1564
-2437
-3251
-3500
-3095
-2502
-2010
-1609
-1281
-1009
-552
374
1780
3497
5155
6429
7013
6880
6327
5644
4902
3943
2669
1019
-883
-2820
-4516
-5778
-6557
-6847
-6863
-6860
-6920
-6829
-6495
-6087
-5746
-5484
-5163
-4785
-4379
-3914
-3331
-2672
-2109
-1640
-1208
-777
-392
-35
310
561
724
825
919
973
1049
1167
1284
1372
1447
1513
1523
1531
1566
1653
1721
1816
1975
2148
2277
2394
2568
2749
2974
3234
3505
3795
4155
4561
4964
5404
5845
6241
6465
6444
6104
5468
4623
3586
2437
1274
196
-814
-1690
-2317
-2642
-2624
-2357
-1974
-1653
-1544
-1714
-2087
-2490
-2666
-2333
-1708
-1254
-947
-691
-898
-1655
-2277
-2542
-2856
-3083
-2575
-1299
70
1009
1416
1360
902
180
-585
-1207
-1695
-2153
-2567
-2781
-2729
-2672
-3275
-4965
-7080
-8272
-8069
-7361
-6978
-6930
-7115
-7746
-8682
-9220
-8880
-7585
-5473
-2982
-927
266
1033
1925
3044
4209
5224
5735
5624
5349
5508
6406
7955
9818
11423
12346
12526
12061
11007
9415
7423
5181
2896
878
-880
-2915
-5339
-7083
-7281
-6774
-6439
-4955
-632
5281
9595
10999
10597
9393
7494
5362
3855
3090
2469
1608
593
-303
-752
-464
594
2125
3732
5060
5704
5185
3348
656
-2115
-4409
-6043
-7078
-7699
-8099
-8402
-8559
-8511
-8294
-8014
-7647
-7082
-6227
-5090
-3777
-2421
-1162
-125
549
852
822
466
-182
-921
-1540
-1936
-2073
-1996
-1905
-2134
-2842
-3908
-4994
-5869
-6443
-6619
-6305
-5568
-4547
-3298
-1914
-548
771
2093
3307
4307
5149
5931
6595
7048
7347
7532
7581
7489
7348
7178
6919
6633
6443
6332
6191
5989
5745
5466
5117
4724
4300
3813
3248
2628
2051
1472
828
125
-538
-1121
-1702
-2292
-2843
-3364
-3882
-4369
-4835
-5236
-5550
-5761
-5909
-6009
-6050
-6030
-5856
-5558
-5075
-4366
-3704
-3277
-2910
-2543
-2231
-1979
-2095
-2588
-2526
-1667
-1159
-1051
-51
1910
3450
3946
3885
3568
3102
2776
2806
3013
3159
3176
3072
2845
2557
2401
2517
2772
2863
2666
2270
1777
1180
460
-349
-1158
-1914
-2594
-3139
-3524
-3763
-3865
-3802
-3579
-3212
-2702
-2078
-1372
-597
227
1060
1821
2496
3130
3717
4187
4469
4524
4399
4186
3918
3502
2932
2305
1677
1142
868
942
1266
1654
1859
1648
941
-189
-1522
-2768
-3719
-4290
-4478
-4317
-3921
-3452
-3058
-2751
-2484
-2311
-2260
-2210
-2106
-1958
-1656
-1123
-453
240
892
1419
1758
1881
1823
1686
1526
1327
1113
913
736
581
456
362
316
316
336
377
416
346
139
-53
-149
-332
-731
-1108
-1253
-1322
-1520
-1812
-2148
-2687
-3478
-4252
-4714
-4844
-4777
-4528
-4022
-3351
-2782
-2395
-1931
-1211
-387
420
1317
2367
3384
4178
4693
4969
5046
4929
4654
4324
4061
3873
3639
3221
2623
2059
1730
1617
1578
1608
1845
2279
2708
2995
3209
3419
3566
3591
3515
3336
2994
2517
2076
1657
995
-3
-1088
-2066
-2955
-3602
-3636
-2964
-1903
-734
443
1387
1729
1362
441
-951
-2710
-4492
-5939
-7032
-7887
-8411
-8508
-8383
-8256
-8021
-7510
-6877
-6315
-5695
-4849
-3913
-3105
-2368
-1548
-712
-28
523
1043
1459
1672
1763
1827
1870
1981
2294
2717
3083
3464
4003
4614
5115
5526
5949
6328
6597
6859
7202
7483
7545
7435
7196
6730
6014
5170
4264
3283
2311
1477
768
77
-611
-1203
-1685
-2186
-2778
-3375
-3908
-4427
-4965
-5474
-5889
-6167
-6264
-6231
-6211
-6229
-6162
-5972
-5801
-5688
-5463
-5031
-4529
-4080
-3571
-2889
-2110
-1373
-689
4
711
1397
2050
2676
3299
3946
4580
5096
5448
5729
6010
6207
6205
6033
5767
5421
5026
4642
4258
3816
3300
2737
2095
1369
667
112
-341
-850
-1432
-1937
-2282
-2603
-3021
-3435
-3660
-3741
-3954
-4366
-4706
-4805
-4852
-4979
-4965
-4636
-4145
-3668
-3167
-2573
-1955
-1358
-736
-81
547
1168
1809
2357
2710
2951
3172
3249
3045
2724
2522
2419
2251
2036
1909
1860
1750
1524
1232
923
603
276
-26
-240
-291
-179
-1
146
240
299
284
105
-263
-703
-1087
-1408
-1719
-1985
-2128
-2144
-2101
-2036
-1919
-1726
-1488
-1256
-1029
-771
-468
-153
116
320
509
757
1042
1284
1495
1735
1951
2044
2023
1960
1829
1589
1276
908
423
-161
-646
-916
-1092
-1336
-1597
-1792
-2015
-2377
-2785
-3057
-3134
-3078
-2933
-2687
-2334
-1902
-1448
-1015
-578
-84
445
913
1317
1779
2394
3102
3770
4335
4793
5124
5302
5370
5411
5470
5515
5478
5301
4962
4511
4019
3468
2808
2056
1283
501
-338
-1222
-2106
-2953
-3751
-4486
-5166
-5817
-6420
-6888
-7133
-7124
-6888
-6519
-6136
-5796
-5475
-5177
-4905
-4566
-4040
-3326
-2528
-1709
-870
-26
760
1448
2020
2493
2902
3288
3656
3996
4328
4640
4841
4869
4781
4660
4465
4082
3488
2759
1962
1128
330
-337
-820
-1144
-1364
-1524
-1632
-1678
-1660
-1601
-1520
-1413
-1294
-1215
-1191
-1144
-975
-665
-282
106
460
731
865
884
874
858
805
728
710
755
775
767
842
1046
1280
1477
1684
1923
2106
2179
2198
2174
1992
1580
1038
467
-191
-1029
-1988
-2906
-3665
-4224
-4602
-4883
-5129
-5331
-5505
-5751
-6078
-6252
-6061
-5594
-5069
-4480
-3675
-2703
-1811
-1081
-322
602
1577
2457
3277
4163
5133
6074
6872
7463
7865
8137
8278
8258
8141
8055
8016
7867
7498
6928
6234
5443
4559
3620
2676
1763
898
72
-747
-1564
-2343
-3089
-3842
-4587
-5238
-5747
-6190
-6663
-7122
-7433
-7548
-7569
-7558
-7437
-7122
-6687
-6238
-5744
-5097
-4317
-3569
-2975
-2502
-2058
-1607
-1175
-781
-388
48
512
930
1276
1611
1989
2352
2616
2808
3042
3361
3684
3929
4111
4289
4446
4496
4425
4292
4125
3845
3372
2746
2078
1454
912
492
245
171
201
250
249
165
-2
-229
-510
-842
-1170
-1389
-1447
-1394
-1270
-1045
-722
-400
-127
152
475
769
978
1179
1433
1667
1793
1834
1823
1710
1478
1182
820
336
-258
-914
-1691
-2610
-3396
-3720
-3705
-3802
-4134
-4426
-4609
-4996
-5663
-6172
-6152
-5807
-5554
-5432
-5155
-4596
-3937
-3363
-2813
-2081
-1109
-88
803
1678
2794
4126
5338
6212
6877
7522
8102
8501
8801
9165
9561
9773
9650
9218
8597
7899
7180
6431
5620
4760
3885
2952
1894
733
-442
-1587
-2708
-3785
-4760
-5583
-6234
-6767
-7301
-7862
-8285
-8442
-8458
-8498
-8435
-8046
-7435
-6896
-6425
-5776
-4943
-4189
-3606
-3019
-2303
-1533
-802
-115
536
1144
1712
2211
2594
2912
3280
3695
4017
4199
4352
4517
4560
4399
4139
3899
3629
3255
2815
2400
2017
1610
1150
660
196
-188
-485
-738
-973
-1164
-1271
-1320
-1353
-1349
-1226
-976
-709
-504
-302
1
383
732
985
1177
1358
1535
1686
1803
1886
1950
2014
2095
2173
2199
2152
2071
1980
1829
1520
1040
472
-164
-986
-2109
-3339
-4217
-4530
-4632
-5001
-5590
-6030
-6367
-7001
-7846
-8183
-7657
-6802
-6275
-5990
-5481
-4728
-4076
-3587
-2904
-1780
-409
838
1830
2775
3900
5108
6072
6677
7186
7845
8541
9076
9526
10063
10572
10736
10437
9883
9319
8825
8356
7842
7223
6446
5446
4194
2753
1292
-55
-1291
-2462
-3579
-4627
-5639
-6632
-7596
-8489
-9230
-9706
-9877
-9862
-9790
-9628
-9292
-8866
-8488
-8089
-7454
-6556
-5591
-4668
-3696
-2616
-1560
-671
101
893
1745
2579
3330
3990
4569
5026
5288
5343
5261
5165
5085
4941
4667
4287
3856
3354
2726
2033
1425
975
602
234
-102
-371
-632
-941
-1246
-1461
-1579
-1642
-1651
-1576
-1408
-1182
-950
-736
-494
-167
226
596
901
1163
1410
1621
1788
1950
2150
2430
2776
3111
3325
3379
3332
3274
3202
3017
2628
2039
1232
42
-1568
-3132
-3915
-3855
-3835
-4585
-5780
-6758
-7634
-8813
-9778
-9536
-8206
-7098
-6978
-7221
-6985
-6341
-5718
-4970
-3617
-1747
-61
959
1572
2399
3674
5033
6068
6856
7750
8767
9551
9939
10201
10558
10782
10568
10041
9607
9412
9228
8773
7946
6801
5462
4079
2795
1692
777
-78
-1129
-2532
-4126
-5551
-6644
-7532
-8310
-8859
-9123
-9330
-9708
-10101
-10154
-9811
-9304
-8720
-7916
-6884
-5859
-4985
-4143
-3198
-2174
-1136
-101
925
1919
2855
3654
4206
4550
4902
5341
5680
5782
5792
5822
5674
5157
4462
3915
3510
3027
2423
1813
1171
390
-468
-1199
-1736
-2142
-2442
-2630
-2793
-2986
-3124
-3090
-2901
-2624
-2235
-1725
-1205
-769
-341
184
757
1272
1734
2180
2562
2828
3055
3355
3688
3923
4001
4014
4070
4164
4186
4025
3652
3114
2403
1387
-81
-1836
-3192
-3517
-3152
-3313
-4623
-6316
-7452
-8268
-9328
-10003
-9226
-7582
-6967
-7960
-9012
-8743
-7615
-6617
-5588
-3890
-1911
-726
-540
-356
779
2722
4578
5807
6696
7720
8723
9208
9277
9632
10492
11197
11195
10835
10705
10679
10222
9217
8047
7014
6109
5238
4357
3415
2324
946
-777
-2611
-4024
-4692
-4921
-5380
-6386
-7664
-8775
-9495
-9798
-9673
-9168
-8526
-8168
-8272
-8460
-8108
-7084
-5863
-4849
-3916
-2889
-1973
-1351
-735
242
1445
2444
3106
3650
4241
4788
5125
5241
5317
5502
5674
5591
5251
4892
4548
3968
3110
2322
1871
1566
1079
373
-371
-1071
-1734
-2283
-2584
-2634
-2596
-2674
-2918
-3158
-3145
-2806
-2288
-1756
-1251
-776
-399
-140
138
590
1178
1675
1950
2136
2425
2775
2977
2995
3023
3168
3261
3099
2732
2336
1810
741
-962
-2507
-2825
-2034
-1651
-2782
-4689
-6002
-6699
-7584
-8303
-7665
-5989
-5291
-6502
-8060
-8098
-6785
-5431
-4390
-3094
-1558
-597
-511
-426
717
2875
4948
6090
6638
7432
8518
9193
9289
9547
10395
11196
11256
10886
10744
10705
10112
8895
7673
6884
6352
5685
4708
3442
1963
347
-1267
-2660
-3608
-4107
-4527
-5424
-7005
-8779
-9897
-10013
-9636
-9430
-9460
-9488
-9627
-10009
-10089
-9175
-7568
-6297
-5723
-5285
-4592
-3813
-2996
-1857
-442
796
1638
2244
2782
3350
4067
4847
5352
5560
5836
6210
6195
5675
5203
5054
4814
4273
3844
3691
3285
2294
1192
500
131
-196
-509
-809
-1268
-1881
-2370
-2526
-2394
-2078
-1705
-1495
-1525
-1532
-1245
-750
-272
187
702
1093
1169
1120
1320
1792
2218
2421
2531
2660
2690
2512
2215
1937
1625
1039
-63
-1548
-2674
-2668
-1917
-1956
-3563
-5537
-6355
-6315
-6610
-7006
-6386
-5251
-5424
-7041
-7989
-6922
-5020
-3931
-3545
-2859
-1779
-993
-617
57
1546
3418
4757
5273
5697
6752
8046
8636
8536
8769
9733
10595
10628
10248
10094
9912
9138
8042
7421
7365
7092
6020
4422
2909
1705
641
-418
-1409
-2288
-3180
-4284
-5643
-7017
-7996
-8351
-8327
-8439
-8896
-9385
-9592
-9626
-9606
-9238
-8282
-7208
-6657
-6485
-6030
-5143
-4232
-3363
-2221
-911
43
543
1022
1706
2443
3162
3877
4429
4706
4873
4998
4929
4739
4762
4942
4788
4217
3687
3325
2759
1963
1427
1280
1035
403
-306
-803
-1189
-1566
-1760
-1668
-1476
-1407
-1463
-1515
-1443
-1200
-823
-405
12
472
927
1206
1274
1395
1819
2399
2803
2989
3132
3207
3052
2779
2676
2684
2386
1505
188
-1055
-1595
-1275
-957
-1774
-3581
-4978
-5270
-5308
-5768
-5970
-5418
-5130
-6064
-7233
-7009
-5591
-4565
-4465
-4309
-3424
-2311
-1587
-1069
-227
1019
2245
3115
3807
4784
6004
6782
6780
6721
7445
8606
9169
8901
8496
8301
7930
7226
6674
6579
6433
5597
4191
2900
2071
1377
402
-750
-1661
-2268
-2996
-4116
-5353
-6259
-6712
-6916
-7081
-7313
-7624
-7944
-8179
-8221
-7878
-7067
-6145
-5644
-5540
-5234
-4463
-3588
-2823
-1896
-804
-28
301
698
1459
2266
2882
3464
4039
4367
4449
4531
4612
4556
4505
4584
4527
4106
3584
3193
2717
2051
1537
1361
1149
604
-32
-495
-875
-1256
-1477
-1453
-1385
-1435
-1545
-1599
-1543
-1353
-1022
-642
-314
-48
165
332
479
689
1025
1447
1847
2100
2186
2160
2074
1956
1838
1738
1532
961
-92
-1284
-1892
-1593
-1114
-1620
-3175
-4494
-4724
-4569
-4926
-5344
-5034
-4582
-5054
-6013
-6010
-4868
-3913
-3843
-3832
-3013
-1763
-950
-651
-193
822
2051
2991
3690
4551
5562
6173
6167
6207
6987
8156
8720
8419
7965
7869
7770
7289
6746
6541
6345
5577
4351
3304
2640
1906
768
-432
-1160
-1523
-2249
-3652
-5041
-5601
-5587
-5891
-6619
-7051
-7008
-7154
-7670
-7794
-7110
-6324
-6116
-6110
-5645
-4851
-4234
-3776
-3095
-2146
-1255
-629
-192
263
884
1613
2246
2722
3189
3650
3844
3712
3636
3891
4183
4107
3732
3394
3130
2736
2216
1815
1625
1410
936
313
-147
-370
-569
-888
-1142
-1160
-1112
-1233
-1421
-1411
-1193
-1014
-915
-696
-298
53
195
271
483
846
1249
1633
1949
2103
2076
1992
2007
2109
2148
1961
1409
419
-724
-1351
-1077
-580
-1063
-2648
-4049
-4263
-3952
-4182
-4710
-4636
-4219
-4476
-5260
-5318
-4340
-3478
-3466
-3540
-2774
-1486
-630
-435
-247
524
1745
2827
3494
4045
4750
5330
5454
5526
6224
7316
7790
7345
6828
6892
7080
6768
6186
5875
5678
5046
4007
3085
2435
1650
514
-533
-1012
-1234
-2024
-3529
-4857
-5246
-5108
-5351
-6027
-6470
-6566
-6830
-7263
-7158
-6340
-5623
-5592
-5732
-5327
-4521
-3900
-3521
-2962
-2087
-1207
-598
-181
272
857
1474
2011
2506
3019
3421
3504
3359
3365
3684
3995
3944
3585
3213
2904
2537
2133
1865
1723
1439
884
308
-1
-149
-432
-819
-997
-925
-931
-1167
-1383
-1348
-1192
-1069
-885
-554
-217
-12
130
333
625
986
1351
1626
1797
1925
1989
1958
1934
1965
1816
1269
485
-268
-870
-1147
-974
-922
-1817
-3342
-4146
-3855
-3669
-4280
-4778
-4469
-4204
-4732
-5227
-4712
-3737
-3353
-3365
-2880
-1847
-994
-636
-370
267
1316
2420
3179
3594
4059
4735
5286
5568
5999
6793
7377
7217
6730
6660
6920
6849
6318
5827
5571
5147
4302
3352
2625
1941
1011
26
-598
-992
-1790
-3171
-4436
-4910
-4859
-5049
-5656
-6216
-6500
-6748
-7028
-6975
-6433
-5866
-5738
-5817
-5537
-4808
-4073
-3618
-3177
-2423
-1507
-827
-420
25
655
1298
1833
2365
2919
3302
3386
3320
3377
3648
3952
4005
3720
3298
2966
2701
2369
2028
1812
1606
1178
609
211
25
-223
-602
-856
-868
-862
-1026
-1228
-1267
-1167
-1043
-890
-657
-387
-183
-87
-25
176
603
1069
1305
1341
1449
1675
1774
1696
1660
1671
1427
777
-54
-730
-999
-829
-739
-1445
-2814
-3746
-3697
-3503
-3967
-4527
-4386
-4028
-4326
-4892
-4708
-3895
-3438
-3479
-3167
-2172
-1187
-804
-698
-175
920
2119
2938
3406
3908
4573
5132
5451
5864
6604
7252
7260
6825
6629
6804
6797
6327
5795
5539
5258
4547
3569
2735
2043
1201
288
-319
-691
-1437
-2762
-3998
-4509
-4583
-4896
-5507
-5999
-6287
-6599
-6869
-6812
-6465
-6120
-5875
-5600
-5251
-4844
-4349
-3818
-3316
-2706
-1831
-926
-391
-128
325
1048
1713
2221
2757
3226
3352
3248
3318
3616
3820
3802
3686
3484
3116
2696
2404
2188
1917
1592
1227
771
288
-75
-354
-667
-912
-948
-949
-1151
-1396
-1382
-1180
-1040
-940
-725
-473
-322
-172
112
469
816
1140
1364
1412
1421
1562
1716
1704
1652
1705
1625
1097
241
-535
-933
-863
-607
-868
-2007
-3281
-3674
-3407
-3546
-4180
-4370
-3949
-3885
-4505
-4839
-4274
-3548
-3391
-3323
-2594
-1513
-919
-896
-712
146
1398
2424
3019
3497
4108
4668
4959
5268
5983
6841
7163
6866
6591
6679
6718
6347
5859
5654
5529
4999
4048
3103
2407
1769
976
138
-514
-1012
-1681
-2714
-3855
-4613
-4851
-4934
-5249
-5771
-6256
-6601
-6803
-6737
-6368
-5964
-5799
-5737
-5445
-4905
-4339
-3806
-3192
-2514
-1869
-1219
-533
42
448
916
1618
2348
2849
3170
3429
3573
3616
3756
4015
4114
3921
3646
3436
3173
2810
2490
2238
1883
1390
921
535
142
-256
-541
-688
-819
-1001
-1200
-1357
-1438
-1415
-1293
-1130
-959
-786
-619
-455
-267
-30
244
555
867
1089
1156
1174
1286
1455
1534
1520
1496
1337
786
-68
-689
-687
-388
-547
-1449
-2545
-3127
-3198
-3323
-3717
-3993
-3897
-3804
-4079
-4414
-4299
-3825
-3483
-3301
-2820
-1937
-1193
-988
-928
-365
721
1788
2503
3049
3643
4187
4542
4881
5461
6179
6629
6649
6522
6529
6535
6292
5886
5613
5474
5126
4405
3540
2796
2156
1514
887
268
-490
-1428
-2281
-2840
-3314
-4040
-4857
-5254
-5199
-5285
-5842
-6442
-6597
-6441
-6261
-5940
-5396
-5020
-5075
-5093
-4543
-3605
-2815
-2267
-1772
-1305
-861
-263
509
1174
1626
2071
2581
2955
3175
3434
3705
3805
3819
3955
4044
3780
3316
3031
2896
2615
2205
1870
1516
958
368
38
-121
-368
-687
-919
-1083
-1289
-1452
-1437
-1295
-1172
-1115
-1027
-836
-594
-424
-319
-87
343
704
779
769
989
1318
1398
1259
1235
1363
1395
1283
1187
922
142
-841
-1174
-639
-250
-949
-2298
-3117
-3086
-3027
-3418
-3772
-3645
-3441
-3736
-4187
-4075
-3466
-3096
-3169
-2974
-2104
-1177
-922
-1059
-686
395
1507
2140
2521
3052
3617
3935
4182
4766
5630
6172
6122
5922
5968
6093
5933
5600
5415
5321
5033
4423
3687
2995
2359
1758
1181
645
50
-753
-1734
-2616
-3090
-3273
-3611
-4302
-5053
-5423
-5479
-5624
-5976
-6186
-5972
-5639
-5557
-5529
-5185
-4650
-4353
-4141
-3498
-2507
-1792
-1542
-1227
-534
232
836
1399
1986
2409
2632
2881
3206
3493
3705
3840
3822
3669
3562
3467
3183
2796
2577
2480
2172
1654
1239
943
548
96
-136
-188
-396
-800
-1138
-1222
-1175
-1184
-1242
-1237
-1108
-976
-980
-985
-754
-342
-72
-45
19
263
517
680
855
1075
1198
1188
1180
1179
1135
1092
1098
997
538
-184
-754
-851
-669
-835
-1606
-2492
-2861
-2836
-3046
-3518
-3710
-3525
-3502
-3843
-3992
-3610
-3151
-3047
-2971
-2406
-1535
-971
-827
-610
62
969
1701
2224
2749
3308
3732
4017
4403
4982
5509
5733
5720
5726
5798
5770
5562
5290
5073
4841
4464
3928
3308
2671
2046
1458
891
316
-291
-963
-1701
-2449
-3112
-3598
-3888
-4076
-4429
-5091
-5725
-5846
-5519
-5384
-5611
-5658
-5274
-4933
-4948
-4782
-4065
-3298
-2958
-2697
-2051
-1288
-839
-513
68
812
1414
1823
2142
2404
2687
3038
3313
3426
3512
3628
3558
3261
3067
3110
3027
2623
2215
2032
1810
1338
856
603
434
141
-211
-484
-693
-887
-1050
-1148
-1163
-1119
-1099
-1155
-1203
-1099
-870
-666
-545
-443
-320
-189
-32
152
324
467
623
804
956
1038
1056
1052
1051
1061
1061
1019
953
877
721
303
-368
-903
-914
-612
-737
-1550
-2401
-2669
-2641
-2900
-3230
-3106
-2788
-2942
-3441
-3501
-3007
-2619
-2596
-2418
-1748
-1021
-737
-732
-481
202
994
1580
2022
2514
2993
3235
3346
3697
4327
4804
4872
4789
4818
4834
4645
4398
4293
4220
3955
3509
3025
2516
1948
1410
997
637
204
-326
-909
-1525
-2118
-2610
-2965
-3189
-3325
-3505
-3902
-4460
-4843
-4805
-4504
-4257
-4211
-4280
-4297
-4149
-3841
-3464
-3036
-2534
-2040
-1685
-1404
-1004
-490
-16
434
987
1539
1838
1912
2050
2363
2697
2930
3086
3132
3004
2780
2638
2621
2594
2449
2191
1863
1512
1201
944
705
466
243
23
-227
-478
-688
-860
-990
-1007
-915
-855
-930
-1048
-1050
-927
-777
-635
-464
-284
-182
-185
-177
-62
153
364
513
606
669
713
739
774
865
1005
1090
1031
853
710
691
719
551
58
-502
-682
-497
-583
-1269
-1990
-2103
-1972
-2306
-2868
-2883
-2507
-2622
-3222
-3332
-2692
-2217
-2420
-2589
-2053
-1272
-983
-1021
-712
10
620
887
1159
1717
2309
2578
2656
2989
3593
4010
4016
3951
4125
4338
4314
4137
4037
3966
3765
3435
3080
2728
2348
1962
1570
1141
690
274
-156
-676
-1195
-1530
-1748
-2144
-2739
-3150
-3180
-3213
-3616
-4125
-4254
-4048
-3958
-4072
-4104
-3956
-3812
-3701
-3425
-2952
-2515
-2253
-2032
-1664
-1147
-627
-201
161
559
1001
1381
1636
1854
2141
2440
2632
2748
2869
2927
2809
2613
2535
2569
2498
2230
1889
1592
1320
1036
779
560
329
62
-210
-450
-651
-809
-949
-1090
-1175
-1138
-1053
-1075
-1183
-1196
-1050
-858
-698
-550
-431
-362
-249
-6
252
379
440
583
775
914
1037
1188
1269
1238
1239
1365
1480
1446
1297
1127
971
873
861
777
385
-244
-703
-747
-702
-1063
-1762
-2238
-2300
-2448
-2967
-3355
-3176
-2919
-3225
-3705
-3552
-2941
-2748
-3020
-2900
-2121
-1442
-1347
-1307
-758
-3
420
661
1205
1994
2510
2631
2800
3311
3893
4189
4284
4449
4676
4729
4587
4453
4422
4358
4133
3783
3404
3015
2587
2107
1589
1086
648
221
-316
-960
-1517
-1896
-2285
-2811
-3242
-3351
-3384
-3762
-4372
-4618
-4327
-4003
-4061
-4210
-4043
-3712
-3562
-3441
-2989
-2347
-1968
-1843
-1542
-962
-447
-168
118
584
1073
1391
1564
1736
1950
2163
2331
2438
2500
2512
2426
2244
2081
2018
1954
1750
1452
1200
983
708
411
222
123
-43
-314
-555
-667
-699
-746
-812
-841
-816
-771
-749
-713
-581
-358
-177
-113
-57
125
386
578
683
803
970
1110
1176
1213
1258
1297
1326
1362
1361
1253
1072
938
908
883
749
524
313
152
-34
-287
-508
-623
-772
-1142
-1628
-1893
-1869
-1946
-2387
-2874
-2967
-2808
-2884
-3224
-3368
-3160
-2978
-3036
-3019
-2667
-2235
-2058
-1984
-1644
-1041
-517
-221
68
552
1118
1551
1859
2229
2702
3114
3354
3540
3802
4060
4169
4153
4148
4189
4173
4014
3757
3507
3304
3063
2707
2283
1907
1570
1162
673
234
-98
-432
-880
-1387
-1810
-2076
-2246
-2442
-2744
-3073
-3261
-3279
-3290
-3356
-3333
-3200
-3172
-3281
-3179
-2712
-2288
-2261
-2313
-2000
-1494
-1208
-1052
-702
-291
-135
-91
206
683
969
1003
1025
1163
1341
1464
1506
1489
1476
1500
1471
1359
1262
1233
1147
954
822
834
821
646
436
347
326
266
194
173
165
120
52
5
23
104
185
207
199
244
317
344
345
405
504
547
534
532
520
456
408
445
472
375
212
122
109
66
-22
-114
-194
-289
-368
-386
-373
-404
-522
-648
-657
-577
-557
-662
-765
-797
-866
-1005
-1058
-964
-956
-1175
-1430
-1511
-1489
-1504
-1509
-1493
-1582
-1747
-1750
-1535
-1371
-1367
-1307
-1073
-859
-777
-613
-254
82
240
407
756
1133
1361
1529
1791
2098
2331
2525
2739
2909
2980
3020
3113
3223
3263
3214
3107
2968
2796
2601
2393
2169
1895
1535
1104
673
318
11
-335
-773
-1214
-1550
-1792
-2022
-2262
-2439
-2553
-2676
-2779
-2776
-2659
-2570
-2568
-2551
-2425
-2220
-2046
-1930
-1829
-1710
-1555
-1365
-1151
-965
-822
-709
-578
-387
-168
22
141
220
304
402
509
603
654
649
639
667
718
767
797
817
838
888
978
1062
1101
1107
1138
1205
1271
1298
1275
1228
1191
1185
1175
1126
1051
964
870
776
718
689
615
472
312
200
129
61
-27
-148
-281
-401
-495
-587
-672
-717
-737
-781
-854
-894
-881
-852
-834
-814
-767
-714
-678
-642
-592
-519
-442
-371
-337
-336
-309
-239
-188
-195
-181
-129
-153
-263
-310
-247
-243
-359
-465
-508
-585
-719
-801
-803
-817
-883
-979
-1060
-1056
-949
-868
-901
-876
-650
-425
-416
-399
-103
254
360
387
633
938
1020
1021
1215
1495
1610
1605
1657
1767
1846
1888
1910
1909
1905
1909
1855
1739
1658
1629
1524
1307
1138
1062
936
704
525
472
392
198
19
-37
-43
-103
-183
-234
-278
-355
-444
-492
-502
-530
-642
-820
-966
-1034
-1081
-1172
-1284
-1378
-1469
-1578
-1671
-1699
-1672
-1641
-1659
-1721
-1757
-1710
-1613
-1534
-1466
-1373
-1279
-1226
-1164
-1004
-782
-620
-532
-419
-252
-89
46
203
381
516
602
689
795
882
943
1010
1070
1094
1085
1062
1041
1025
1015
988
926
852
804
774
727
669
632
617
589
542
518
535
547
503
430
391
397
411
409
374
304
227
183
177
173
154
100
11
-83
-121
-97
-79
-120
-204
-289
-333
-307
-230
-201
-263
-338
-340
-276
-213
-174
-157
-164
-204
-231
-189
-99
-59
-127
-235
-290
-275
-266
-307
-374
-441
-508
-571
-617
-640
-653
-683
-734
-765
-740
-682
-653
-658
-633
-534
-409
-323
-259
-161
-38
75
191
336
478
552
587
684
839
948
968
975
1009
1039
1058
1092
1112
1064
970
914
919
919
855
743
634
560
502
438
369
292
185
50
-47
-75
-97
-181
-302
-387
-430
-470
-515
-545
-574
-623
-680
-710
-706
-709
-739
-770
-782
-783
-787
-794
-790
-771
-751
-743
-741
-724
-688
-654
-622
-577
-532
-516
-507
-455
-367
-297
-263
-232
-188
-133
-65
15
81
119
148
185
231
285
341
378
378
363
373
414
463
492
494
477
465
473
511
564
598
594
567
555
587
654
713
727
685
629
617
659
702
696
636
554
492
460
455
443
392
294
189
124
99
73
22
-44
-115
-185
-238
-257
-257
-291
-356
-405
-428
-459
-506
-524
-510
-520
-579
-632
-636
-617
-616
-617
-593
-564
-563
-575
-556
-489
-412
-371
-366
-357
-315
-264
-223
-178
-119
-78
-97
-132
-118
-47
13
10
-32
-57
-48
-26
0
36
70
71
49
58
123
206
253
266
289
345
404
436
450
481
536
574
571
551
544
539
513
498
516
521
455
355
315
346
366
322
254
209
176
137
115
123
113
40
-62
-118
-115
-110
-154
-235
-309
-358
-391
-420
-450
-486
-538
-595
-628
-628
-621
-638
-668
-675
-648
-611
-591
-585
-573
-538
-483
-419
-354
-306
-278
-248
-181
-82
15
74
96
123
179
261
340
379
390
391
401
432
463
487
486
453
422
412
417
413
392
364
340
310
276
252
247
249
232
193
147
119
114
120
121
107
73
27
0
11
44
62
34
-17
-45
-25
20
46
34
4
-20
-22
-5
17
29
13
-26
-62
-69
-54
-41
-58
-100
-150
-184
-198
-199
-199
-214
-250
-291
-316
-321
-307
-292
-297
-312
-332
-336
-313
-280
-251
-231
-218
-198
-172
-131
-78
-30
6
24
47
86
130
167
186
204
225
240
255
267
282
290
280
271
265
260
252
231
213
200
180
152
118
96
88
78
53
19
-10
-27
-42
-50
-54
-63
-89
-117
-130
-121
-112
-111
-121
-127
-130
-128
-115
-102
-95
-93
-90
-78
-63
-50
-43
-39
-31
-17
-6
2
7
13
19
24
32
37
39
36
30
28
26
24
20
14
9
6
-4
-12
-12
-11
-11
-15
-21
-26
-28
-32
-28
-20
-18
-17
-21
-17
-9
3
11
12
10
14
23
29
39
43
42
38
31
32
41
45
39
30
20
13
10
13
20
22
12
1
-5
-5
-2
-2
-9
-16
-19
-17
-11
-8
-11
-13
-14
-10
-6
-3
-5
-5
-1
5
8
2
-7
-12
-10
-4
-1
3
2
-3
-6
-3
8
16
16
12
10
11
15
20
26
29
30
26
21
19
25
30
28
20
11
9
8
4
-2
-3
-9
-18
-25
-27
-31
-35
-42
-39
-35
-34
-38
-42
-37
-29
-24
-26
-29
-29
-24
-21
-21
-21
-23
