-4
-5
-6
-6
-4
-2
-4
-7
-7
-8
-7
-4
-4
-6
-6
-4
-5
-7
-6
-4
-1
-2
-2
0
3
3
4
3
3
3
0
-1
0
0
-1
-4
-4
-2
-3
-8
-7
-4
1
0
-2
-4
-4
-2
-3
-1
-2
-3
-2
-2
-1
0
-1
-3
-4
-3
-2
-3
-5
-3
-1
-1
-2
-2
3
6
6
7
9
9
7
9
9
9
8
9
12
11
13
13
15
13
12
11
10
8
6
6
7
5
4
7
11
11
12
13
14
13
13
12
11
12
13
13
15
13
13
19
20
18
12
3
-8
-15
-15
-21
-33
-50
-64
-60
-67
-76
-83
-88
-87
-101
-114
-106
-97
-90
-98
-123
-121
-103
-81
-80
-117
-138
-125
-104
-81
-76
-104
-137
-154
-110
-53
-55
-97
-147
-156
-86
8
38
-38
-131
-87
59
142
89
-6
-8
87
170
165
102
71
119
190
182
118
86
104
131
135
105
46
-1
18
79
69
-31
-107
-71
-13
-32
-106
-159
-155
-151
-172
-205
-240
-265
-278
-295
-326
-346
-342
-335
-341
-339
-311
-270
-231
-194
-133
-49
45
133
227
331
453
582
711
837
961
1084
1201
1307
1406
1504
1573
1597
1602
1616
1619
1580
1496
1398
1299
1198
1086
940
762
591
457
322
150
-32
-184
-312
-450
-593
-708
-802
-911
-1043
-1152
-1217
-1276
-1364
-1469
-1554
-1603
-1632
-1673
-1735
-1795
-1813
-1782
-1765
-1779
-1770
-1710
-1642
-1582
-1483
-1363
-1299
-1244
-1082
-843
-690
-635
-547
-370
-156
45
200
259
304
474
720
837
824
896
1059
1129
1126
1226
1370
1351
1273
1375
1545
1510
1359
1378
1516
1508
1358
1267
1260
1215
1133
1027
836
603
481
432
250
-56
-313
-520
-733
-847
-873
-1093
-1539
-1730
-1459
-1262
-1547
-1869
-1671
-1222
-1087
-1201
-1106
-739
-422
-275
-117
136
400
616
810
1018
1233
1433
1590
1716
1864
2014
2102
2133
2193
2271
2250
2131
2059
2042
1909
1621
1368
1234
1053
702
323
66
-139
-421
-762
-1065
-1287
-1450
-1623
-1865
-2093
-2161
-2124
-2189
-2369
-2444
-2337
-2242
-2273
-2293
-2189
-2045
-1956
-1872
-1736
-1569
-1399
-1237
-1088
-925
-702
-455
-281
-175
-19
217
421
519
585
689
805
889
939
977
1004
1032
1050
1028
994
999
1017
943
825
825
912
868
661
548
633
704
614
512
515
523
494
539
649
649
560
578
720
789
728
679
702
735
738
742
725
680
627
558
502
529
616
577
356
172
188
243
95
-212
-452
-538
-618
-839
-1211
-1579
-1796
-1899
-2036
-2238
-2412
-2569
-2750
-2836
-2722
-2582
-2626
-2682
-2451
-2046
-1858
-1905
-1793
-1335
-822
-553
-422
-155
286
699
973
1215
1557
1976
2344
2602
2800
3004
3203
3364
3494
3616
3684
3651
3546
3426
3273
3086
2937
2791
2464
1980
1673
1610
1374
747
186
87
70
-377
-1022
-1324
-1368
-1611
-2023
-2262
-2346
-2536
-2780
-2871
-2871
-2944
-3032
-3023
-2944
-2832
-2689
-2571
-2483
-2318
-2035
-1783
-1644
-1476
-1178
-880
-688
-517
-267
-15
157
308
497
691
844
959
1047
1117
1178
1221
1251
1268
1257
1204
1142
1091
1009
881
767
691
599
489
411
334
199
97
101
107
65
77
141
107
42
169
416
460
328
345
555
701
707
713
732
727
787
919
921
791
771
913
978
861
711
648
681
763
758
579
378
342
331
120
-162
-254
-255
-432
-751
-988
-1156
-1416
-1699
-1872
-2017
-2244
-2435
-2498
-2638
-2947
-3118
-2946
-2746
-2845
-2994
-2795
-2391
-2206
-2227
-2055
-1571
-1065
-755
-514
-133
368
806
1127
1485
1988
2491
2815
3035
3330
3666
3878
3993
4141
4290
4321
4259
4173
4036
3843
3680
3518
3209
2790
2475
2238
1829
1260
821
560
206
-331
-825
-1154
-1478
-1887
-2263
-2530
-2785
-3082
-3308
-3381
-3417
-3563
-3740
-3734
-3551
-3419
-3414
-3344
-3089
-2782
-2561
-2384
-2149
-1839
-1483
-1146
-875
-629
-328
6
271
472
683
908
1097
1245
1376
1468
1505
1540
1591
1595
1516
1417
1368
1337
1235
1065
919
830
734
581
433
348
282
192
97
27
-7
13
50
21
-31
53
252
336
260
290
523
715
733
744
844
930
1001
1139
1233
1171
1110
1173
1217
1144
1086
1076
991
886
864
768
470
234
232
144
-218
-506
-532
-699
-1202
-1594
-1621
-1705
-2138
-2562
-2648
-2638
-2833
-3151
-3369
-3431
-3378
-3286
-3254
-3251
-3126
-2885
-2692
-2540
-2236
-1777
-1356
-994
-558
-65
349
728
1205
1741
2216
2654
3105
3487
3751
3994
4273
4507
4650
4764
4843
4807
4678
4540
4377
4128
3860
3641
3382
2908
2264
1748
1515
1287
692
-129
-675
-856
-1138
-1799
-2472
-2770
-2873
-3154
-3574
-3860
-4019
-4206
-4332
-4217
-4017
-4020
-4157
-4095
-3760
-3402
-3163
-2929
-2604
-2228
-1848
-1469
-1148
-851
-454
52
483
732
934
1201
1460
1659
1841
1998
2049
2027
2037
2039
1949
1824
1751
1671
1511
1340
1219
1052
807
644
624
565
347
120
11
-41
-102
-113
-90
-152
-274
-289
-162
-43
-5
24
95
223
427
622
659
612
748
1050
1206
1140
1163
1393
1483
1241
1042
1252
1606
1584
1184
866
875
992
907
574
189
-51
-136
-281
-700
-1312
-1850
-2204
-2466
-2688
-2906
-3284
-3882
-4403
-4522
-4398
-4452
-4700
-4746
-4449
-4152
-4109
-4084
-3728
-3092
-2492
-2026
-1500
-852
-266
189
734
1530
2398
3063
3565
4111
4693
5149
5473
5831
6258
6595
6753
6777
6699
6507
6251
6017
5769
5410
4910
4295
3612
2950
2383
1795
985
83
-557
-922
-1471
-2401
-3258
-3656
-3872
-4330
-4907
-5248
-5400
-5638
-5903
-5947
-5778
-5649
-5660
-5636
-5354
-4780
-4186
-3876
-3695
-3209
-2394
-1729
-1395
-999
-328
309
695
1045
1537
1989
2250
2437
2680
2937
3114
3167
3102
3000
2938
2863
2668
2382
2152
1991
1753
1389
1035
774
540
270
31
-121
-253
-424
-573
-631
-667
-733
-744
-637
-483
-345
-224
-110
39
274
542
721
819
967
1189
1373
1469
1572
1700
1718
1567
1429
1466
1563
1509
1332
1246
1245
1083
739
532
591
571
221
-271
-667
-978
-1225
-1419
-1903
-3004
-4193
-4426
-3713
-3488
-4692
-6222
-6416
-5478
-5105
-5840
-6349
-5637
-4573
-4368
-4659
-4262
-3136
-2290
-1996
-1394
-42
1261
1730
1849
2610
4042
5258
5800
6130
6735
7447
7885
8047
8178
8369
8519
8513
8282
7850
7327
6787
6170
5440
4713
4076
3377
2397
1196
100
-674
-1292
-2087
-3127
-4116
-4743
-5099
-5576
-6312
-6938
-7109
-7039
-7164
-7429
-7419
-7096
-6812
-6622
-6215
-5551
-4990
-4680
-4272
-3471
-2471
-1670
-1135
-591
136
919
1563
2074
2587
3120
3559
3839
4013
4156
4235
4166
3972
3798
3692
3507
3106
2584
2139
1792
1414
953
493
93
-279
-667
-1036
-1294
-1410
-1448
-1501
-1546
-1495
-1334
-1160
-1032
-868
-578
-224
49
254
515
844
1113
1295
1514
1822
2092
2192
2193
2238
2340
2362
2220
2018
1891
1807
1640
1376
1162
1081
1004
729
252
-157
-266
-191
-337
-890
-1560
-1964
-2155
-2627
-3734
-5134
-5865
-5411
-4700
-5217
-6882
-7891
-7321
-6508
-6780
-7274
-6533
-5133
-4694
-5055
-4576
-2921
-1518
-1082
-508
1146
3082
4040
4179
4713
6113
7629
8540
9017
9547
10079
10248
10081
9980
10114
10200
9907
9237
8409
7571
6694
5668
4498
3360
2433
1599
508
-960
-2454
-3588
-4420
-5216
-5966
-6534
-7074
-7793
-8522
-8932
-8960
-8717
-8303
-7943
-7849
-7759
-7208
-6303
-5536
-4905
-3999
-2889
-2034
-1460
-786
41
775
1440
2211
2952
3399
3569
3657
3744
3875
4108
4285
4131
3674
3212
2851
2461
2041
1720
1418
951
363
-149
-575
-1003
-1352
-1509
-1545
-1603
-1712
-1844
-1967
-1969
-1712
-1258
-827
-497
-174
158
442
725
1143
1675
2127
2415
2615
2786
2891
2965
3081
3195
3203
3127
3027
2833
2485
2107
1858
1683
1481
1239
953
534
20
-360
-453
-398
-454
-725
-1101
-1454
-1872
-2478
-3097
-3513
-4181
-5714
-7393
-7560
-6241
-5732
-7257
-8934
-8741
-7655
-7581
-7905
-6870
-5034
-4397
-4834
-4258
-2133
-201
504
1078
2670
4744
6190
6923
7577
8440
9347
10203
11067
11832
12206
12022
11438
10800
10349
10067
9697
8913
7602
6054
4704
3571
2244
595
-926
-1996
-2947
-4200
-5537
-6552
-7355
-8248
-9001
-9166
-8889
-8783
-9035
-9235
-8996
-8367
-7609
-6845
-5982
-4891
-3719
-2856
-2345
-1665
-486
763
1592
2229
3040
3710
3802
3624
3775
4203
4407
4246
3937
3573
3079
2471
1863
1372
1028
672
88
-662
-1276
-1676
-2070
-2465
-2613
-2484
-2389
-2463
-2519
-2431
-2265
-2020
-1605
-1061
-536
-88
304
647
1000
1476
2054
2580
2951
3180
3297
3324
3321
3335
3389
3458
3408
3102
2648
2352
2257
2087
1719
1338
1077
847
585
394
264
-35
-573
-963
-816
-389
-365
-808
-1110
-995
-849
-912
-990
-1208
-1845
-2606
-3061
-3866
-5806
-7783
-7760
-6003
-5213
-6619
-8281
-8289
-7619
-7772
-7832
-6133
-3628
-2714
-3342
-3102
-1034
1106
1993
2641
4404
6705
8170
8688
9181
9943
10417
10488
10760
11569
12289
12139
11028
9523
8223
7398
6900
6245
5075
3498
1899
317
-1407
-3082
-4256
-4966
-5763
-6770
-7532
-7821
-8137
-8814
-9397
-9231
-8373
-7426
-6698
-6049
-5392
-4949
-4673
-3980
-2496
-812
223
761
1491
2353
2711
2719
3110
3849
4191
4010
3852
3783
3331
2401
1498
1013
864
696
182
-685
-1617
-2334
-2845
-3157
-3162
-2936
-2816
-3001
-3234
-3188
-2838
-2413
-2029
-1541
-802
30
649
1022
1361
1769
2144
2526
3086
3721
4076
3975
3669
3462
3414
3391
3312
3167
2866
2322
1637
1118
845
587
210
-70
-114
-171
-434
-695
-686
-514
-406
-350
-259
-156
-71
-3
29
139
476
852
900
753
866
1009
508
-434
-882
-771
-1128
-2518
-4459
-6295
-7575
-7918
-7482
-7199
-7641
-8337
-8784
-9117
-9137
-8095
-6119
-4498
-3769
-2935
-1229
742
2203
3380
4799
6428
8003
9520
10985
12135
12649
12464
11951
11716
12000
12311
11948
10780
9179
7440
5659
4010
2621
1316
-161
-1781
-3359
-4820
-6146
-7280
-8277
-9190
-9785
-9754
-9230
-8717
-8413
-8064
-7519
-6850
-5944
-4522
-2721
-1152
-121
599
1246
1897
2695
3721
4585
4880
4819
4688
4369
3738
3159
2811
2203
1155
184
-364
-909
-1890
-3019
-3963
-4717
-5216
-5245
-4854
-4543
-4586
-4755
-4714
-4205
-3230
-2041
-1008
-261
420
1133
1808
2492
3276
4011
4410
4573
4874
5267
5357
4979
4427
3983
3622
3260
2928
2638
2218
1475
550
-150
-437
-569
-809
-1066
-1226
-1370
-1546
-1586
-1387
-1067
-720
-329
100
529
964
1389
1692
1826
1870
1910
2000
2179
2459
2664
2558
2075
1342
679
207
-281
-1018
-1939
-2882
-4476
-7317
-10432
-11833
-11003
-9990
-10367
-11226
-11193
-10702
-10910
-10955
-9225
-6254
-3946
-2746
-1047
1873
4677
6267
7134
8490
10436
12253
13768
15116
16174
16279
15156
13564
12361
11834
11384
10341
8647
6522
4334
2122
-134
-2257
-4105
-5558
-6852
-8092
-9010
-9463
-9715
-10319
-11059
-11061
-9979
-8302
-6700
-5167
-3607
-2381
-1599
-741
778
2689
4243
5257
5960
6494
6701
6518
6123
5564
4892
4110
3201
2206
1143
7
-1452
-3224
-4799
-5760
-6223
-6677
-7176
-7503
-7744
-8045
-8238
-7873
-6918
-5749
-4590
-3374
-2039
-721
426
1426
2466
3620
4775
5720
6413
6929
7126
6845
6203
5608
5278
4944
4427
3793
3176
2478
1524
541
-204
-655
-1021
-1418
-1640
-1681
-1717
-1875
-2030
-1956
-1715
-1338
-823
-192
453
964
1335
1607
1945
2426
2882
3161
3346
3521
3495
3127
2686
2418
2079
1438
826
515
350
-217
-971
-1603
-2297
-3284
-4473
-5308
-6265
-8363
-11133
-12956
-12410
-10910
-10357
-10588
-10409
-9436
-9008
-8859
-7188
-3966
-939
505
1814
4466
7345
9108
9739
10579
11873
12800
13497
14294
15162
15261
13902
11772
9685
8272
7262
6025
4476
2670
814
-1064
-3048
-4803
-6259
-7362
-8293
-9095
-9319
-8782
-7862
-7323
-7329
-7052
-6049
-4565
-3015
-1260
812
2530
3405
3809
4464
5357
5903
6008
5990
5900
5529
4836
4009
3005
1650
-4
-1707
-3201
-4281
-5005
-5763
-6887
-8189
-9139
-9531
-9428
-8909
-8099
-7174
-6334
-5468
-4458
-3184
-1691
-237
988
2116
3387
4712
5739
6373
6706
6725
6459
6128
5995
5978
5727
5047
4003
2942
2025
1223
463
-173
-640
-1070
-1485
-1719
-1708
-1687
-1806
-1952
-1848
-1432
-788
-81
552
994
1231
1372
1593
1997
2417
2709
2818
2866
2894
2812
2538
2041
1541
1201
952
617
243
-96
-632
-1465
-2097
-2081
-1743
-1679
-1776
-1726
-1664
-1866
-2277
-2654
-3141
-3758
-4699
-6419
-8456
-9595
-8901
-7778
-7618
-7800
-7273
-6313
-6217
-6156
-4634
-2209
-422
428
1891
4342
6490
7663
8223
8934
9678
10074
10470
11069
11814
11914
10855
9234
7759
6737
5635
4231
2909
1720
508
-848
-2081
-3047
-4018
-5088
-6091
-6746
-6792
-6227
-5381
-4726
-4344
-3868
-3221
-2541
-1714
-487
908
1912
2493
3092
3777
4185
4059
3456
2797
2316
2098
1681
985
283
-511
-1728
-3387
-4563
-5076
-5535
-6266
-6779
-6621
-6292
-6147
-5927
-5378
-4826
-4508
-4014
-2839
-1307
-30
873
1668
2501
3167
3654
4089
4480
4768
4809
4667
4564
4529
4301
3618
2759
2149
1690
1188
740
492
224
-290
-806
-1014
-1001
-985
-996
-908
-692
-401
-106
176
380
550
717
966
1326
1689
2016
2173
2088
1828
1579
1442
1277
1044
889
735
415
-54
-395
-557
-831
-1111
-1216
-1149
-1197
-1286
-1206
-1112
-1108
-1057
-816
-709
-783
-616
-232
-282
-1098
-2104
-3043
-4352
-6098
-7467
-7822
-7541
-7216
-6909
-6464
-5959
-5579
-5231
-4655
-3589
-2143
-549
1086
2933
4965
6647
7645
8165
8599
9032
9333
9698
10189
10539
10361
9610
8538
7327
5954
4468
2977
1752
774
-111
-1002
-1887
-2723
-3689
-4753
-5675
-6123
-6030
-5639
-5090
-4394
-3600
-2830
-2265
-1755
-1193
-512
175
832
1586
2379
3003
3196
3015
2386
1463
545
25
-367
-1029
-1657
-2178
-2705
-3587
-4287
-4615
-5028
-5624
-5912
-5497
-4754
-4220
-3645
-3018
-2419
-2030
-1608
-730
298
1302
2047
2755
3497
4091
4453
4481
4385
4272
4068
3809
3586
3459
3162
2497
1751
1134
616
4
-530
-809
-925
-1097
-1251
-1239
-1159
-1183
-1253
-1142
-832
-413
40
518
927
1205
1351
1451
1578
1734
1835
1892
1917
1957
1867
1608
1177
651
264
60
-37
-153
-258
-451
-891
-1371
-1557
-1554
-1593
-1582
-1368
-1172
-1085
-893
-623
-532
-681
-756
-875
-1084
-1664
-2878
-4723
-6320
-6918
-6765
-6521
-5887
-4940
-4296
-4243
-4081
-3147
-2272
-1656
-883
397
1980
3380
4940
6260
6923
6900
6594
6555
6697
7032
7396
7481
7280
6759
6163
5369
4442
3446
2372
1274
366
27
-32
-338
-1003
-1710
-2393
-3233
-3787
-3738
-3336
-3060
-2822
-2271
-1732
-1307
-963
-609
-466
-507
-329
34
484
804
1066
1038
670
-261
-1377
-2139
-2505
-2821
-3323
-3241
-3035
-3148
-3656
-3937
-3949
-4172
-4047
-3514
-2545
-1620
-770
-86
314
708
975
1204
1459
1975
2563
2922
3193
3460
3537
3111
2522
2144
1930
1669
1510
1589
1563
1225
735
314
-105
-578
-940
-1111
-1115
-1056
-927
-758
-608
-544
-563
-521
-372
-54
346
678
909
1110
1285
1288
1171
1094
1009
850
734
786
852
717
428
148
-129
-455
-752
-704
-464
-409
-578
-594
-444
-528
-702
-629
-478
-514
-574
-356
-147
-119
-123
-180
-271
-303
-123
58
134
303
430
460
417
498
228
-900
-2365
-3174
-3106
-3052
-3213
-2878
-2325
-2346
-2900
-2646
-1816
-1593
-1837
-1579
-639
105
851
1747
2351
2398
2242
2169
2126
2490
3122
3346
3105
3206
3591
3470
3034
2952
2950
2329
1650
1627
1946
1935
1653
1371
994
453
-75
-400
-521
-580
-799
-1018
-1099
-1066
-1078
-1214
-1522
-1994
-2102
-1775
-1351
-1072
-736
-476
-645
-903
-866
-660
-660
-713
-610
-477
-386
-312
-257
-402
-668
-929
-1054
-1020
-812
-540
-440
-450
-445
-365
-389
-479
-475
-432
-438
-468
-326
-79
4
-152
-370
-428
-441
-470
-310
-44
9
-105
-44
77
-60
-217
-184
-87
-142
-201
10
229
245
138
171
299
347
412
496
658
767
834
916
886
905
1030
1160
992
881
1029
1107
1076
985
863
625
504
600
747
636
249
140
422
509
205
52
54
-116
-383
-411
-253
-238
-313
-396
-385
-384
-314
-277
-313
-262
-69
77
135
297
305
194
132
151
72
-10
116
83
-130
-339
-190
-69
-326
-504
-552
-680
-971
-909
-772
-775
-767
-916
-1048
-1017
-790
-900
-896
-571
-440
-417
-330
-38
3
-32
63
238
440
431
455
482
422
395
459
492
513
606
546
386
378
385
348
413
559
510
345
423
620
591
102
66
359
344
192
120
324
317
261
-75
-188
164
116
-35
1
49
-248
-305
-274
-344
-430
-659
-528
-406
-542
-760
-363
-92
-618
-857
-643
-291
-240
-256
-175
-175
-180
-325
-403
-400
-304
-191
-344
-210
54
-89
-256
134
176
-507
-407
739
1156
97
-234
567
722
354
514
1021
745
227
379
501
880
1007
749
558
515
408
138
282
255
145
112
57
-77
-159
34
-272
-415
-328
-556
-720
-485
-112
-371
-296
-22
-221
-390
-309
-351
-302
-112
-134
-298
-134
132
-108
-289
-189
401
455
-288
-328
343
558
70
207
168
-347
-145
68
-84
-132
90
-268
-433
-176
-442
-538
-67
198
-152
-171
79
173
66
-130
-74
106
233
129
101
264
376
360
164
72
416
487
187
180
237
380
400
371
107
-33
25
-387
-303
268
74
-338
-200
-61
-307
-361
134
17
-220
-101
-99
156
-23
-118
-125
-213
-246
-374
-147
-292
-314
-286
-382
-427
-276
76
-59
-115
-216
81
-22
-279
-128
-38
-63
-202
26
-37
-67
99
137
58
236
227
224
281
279
14
-31
411
233
315
353
515
425
335
246
48
442
420
270
-62
334
401
322
365
-53
-292
-444
66
-22
-87
-183
-420
-211
-253
-151
-153
-46
-93
-112
48
-402
-328
265
103
-446
-68
380
19
-329
-85
-7
-315
-369
-721
-554
-101
-245
-625
-650
-257
-285
-270
-327
-215
5
21
31
368
553
312
165
337
285
134
-4
-22
174
-28
-53
243
283
-38
-236
117
265
-38
-207
-126
11
-170
-175
317
222
-29
-136
86
576
664
427
140
248
454
332
570
988
892
230
197
558
516
153
-37
-6
87
86
-244
-400
-143
-118
-285
-100
-197
-449
-495
-399
-226
-565
-781
-593
-201
41
-7
-97
-193
-105
-225
-434
-203
113
-66
24
295
75
-303
103
139
-347
-388
-432
-427
-323
-129
-344
-391
-121
-264
-440
-328
-73
126
417
315
6
24
320
610
194
271
562
550
734
599
544
791
724
235
-12
433
323
-101
150
-37
-5
231
34
-371
-496
-343
-400
-323
-124
-205
-116
-119
-65
189
48
-137
-3
149
278
396
107
-372
20
405
39
-291
-372
-457
-369
-144
-460
-531
-551
-880
-668
-274
-343
-638
-448
-183
-171
5
208
-58
45
250
309
387
326
445
645
546
269
184
360
328
77
293
326
212
128
41
68
78
170
222
-105
-84
-18
83
-169
-8
14
-88
260
483
332
138
346
256
-210
-102
447
87
-173
-180
82
-112
-216
129
127
-100
-354
-99
149
-293
-621
-278
-39
-188
47
420
406
89
150
97
-182
-345
-442
-29
60
-85
-302
92
438
98
-223
-552
-388
-384
-349
-316
-148
-60
-145
-264
-314
-353
-378
-341
-33
300
135
127
184
369
117
-106
313
479
455
93
493
724
171
-52
402
519
258
152
386
293
190
356
42
-167
-218
-295
-504
-460
-229
-184
-296
-194
-190
-68
-172
-86
107
52
-14
-28
260
253
-89
-260
-123
96
-265
-309
175
46
-353
-529
-206
-81
-370
-282
-394
-242
-106
-289
-373
-366
20
71
-146
49
215
386
409
297
304
406
472
500
432
364
342
264
529
522
184
151
300
183
-219
-399
-198
-345
-225
-354
-318
87
-18
47
-120
32
-30
172
400
149
272
45
74
21
92
96
-53
280
-83
-177
-41
-89
-127
-398
-80
-94
-194
94
74
245
10
92
-123
-221
-48
-107
144
-43
-142
-314
-57
179
-248
-84
-307
-182
-246
158
231
-292
-152
-217
-79
-457
-154
-58
-106
34
-142
49
-63
9
-5
18
145
26
216
258
462
265
305
423
537
379
296
458
125
-37
86
472
-72
-129
-58
-291
-236
-326
-120
-456
-174
14
-472
-373
-408
-153
-121
-107
198
5
-136
-60
133
90
96
339
271
215
218
60
-14
103
56
-214
-24
68
-172
-185
-60
-96
-436
-540
-372
-510
-358
-216
-298
-292
-194
43
-113
38
233
36
131
228
370
341
468
553
273
483
431
423
208
356
408
45
49
151
284
-167
-156
93
-21
-345
-163
281
-213
-463
-30
251
-109
-401
-125
230
159
-223
-221
123
264
-190
-124
112
-94
-280
1
297
-20
-131
-4
168
-110
-11
359
37
-106
-165
-7
4
-106
73
-215
-55
96
-65
-150
-72
221
-156
-188
-25
51
-263
-339
71
-3
-199
-149
-74
120
-50
-63
-25
29
147
-315
-162
-125
147
58
-135
112
158
247
8
87
129
14
-40
-7
205
182
167
125
122
158
57
142
38
93
-97
21
142
-44
89
-52
7
-191
50
174
-17
6
-76
139
178
78
31
-54
35
-85
-270
-112
-71
-92
-96
-61
2
-197
-136
-93
-312
-186
-386
-81
-128
31
-54
-316
26
40
372
164
-72
-204
-17
282
333
320
150
38
101
227
145
196
53
26
-132
14
-1
-63
5
-387
-312
-130
91
-227
-305
32
80
76
-210
-322
-216
164
130
66
113
290
212
-45
120
11
80
71
160
201
170
248
215
173
4
-214
-12
198
99
70
146
83
-112
-36
117
91
68
16
-197
-216
-5
150
-34
-178
-56
-126
8
-133
-42
-22
-147
36
-52
29
-317
-148
98
-176
-166
-62
43
86
-19
-59
-42
-20
172
-194
-6
121
75
-101
-207
34
-9
-116
-182
-37
-112
-27
-41
56
26
-190
70
-19
101
147
27
105
75
109
-41
-142
239
23
52
48
-55
-108
-122
234
176
166
-103
59
8
158
179
13
133
-113
-70
35
41
171
-227
-139
-116
-78
84
-159
68
-22
-159
-78
-27
-10
46
5
77
-161
-11
2
-115
164
175
26
-190
116
199
4
-150
-51
9
58
115
66
59
-78
133
-47
-161
-31
-113
141
-19
32
-192
-115
74
-30
43
52
115
-184
-132
41
171
126
15
-42
11
121
43
113
59
196
-174
-95
-155
-134
-42
-192
-12
-142
-53
-32
-97
-27
-33
142
29
-15
135
153
172
127
281
165
-10
22
-72
-6
-94
37
137
-57
193
130
65
-90
-68
32
-239
-30
5
-139
-180
-82
14
-126
73
-48
-208
-148
-68
96
143
306
131
35
206
-9
-25
-107
63
40
-151
-204
-190
0
-202
-95
-257
-115
-32
-28
-108
-38
205
27
17
100
228
-88
-106
-56
55
190
114
79
-88
167
51
68
60
56
-156
-160
258
200
168
103
27
-63
-250
-91
-146
-192
0
-73
56
-146
115
159
-9
163
53
54
-267
-101
214
68
63
-1
173
108
-39
45
5
5
-163
-277
-27
71
-35
-56
138
251
3
-162
-149
-201
-77
27
57
100
39
168
-4
17
126
152
8
-264
-107
-46
55
-146
41
89
-249
-318
-406
-91
-16
58
-19
-141
275
283
183
47
-32
-157
-228
-25
112
52
-32
49
23
34
228
319
291
310
209
36
-4
280
403
128
-10
-9
-48
-210
-223
1
-45
-198
43
61
10
-22
-116
-125
-170
21
-205
-240
-248
-234
-288
-122
120
90
76
-1
94
-26
88
119
-21
9
-106
-68
-167
-113
40
46
64
-11
41
-76
-67
-64
-86
-77
113
115
-102
-4
73
92
15
-137
-200
-178
164
304
313
364
352
333
130
-59
-148
-208
-129
-91
-269
-249
-82
33
-43
-324
-234
-202
-293
-378
-341
-34
-47
-4
55
106
293
338
329
310
167
173
260
316
85
-97
101
241
152
9
147
153
140
165
184
41
-74
137
258
177
79
272
372
183
48
75
60
3
85
174
27
68
296
272
67
-166
-310
-453
-473
-371
-466
-447
-356
-309
-378
-458
-457
-560
-590
-518
-304
-199
-140
-87
122
316
383
405
340
322
234
280
367
416
328
245
307
184
-74
-269
-379
-570
-684
-566
-451
-417
-498
-579
-661
-674
-512
-354
-283
-219
-24
96
36
91
237
232
156
108
155
289
501
726
860
954
981
911
849
781
729
679
671
726
754
703
627
575
625
389
-30
-155
-207
-223
-391
-279
-169
-114
-3
-91
-124
-471
-790
-879
-852
-814
-719
-488
-409
-374
-282
-319
-373
-329
-184
-1
102
185
312
426
403
340
327
313
264
148
-15
-81
-177
-249
-234
-293
-399
-536
-577
-519
-531
-559
-641
-706
-728
-664
-587
-536
-402
-248
-173
-144
-37
75
20
-57
-33
0
-3
-38
-8
16
-36
-90
-145
-240
-392
-479
-512
-588
-654
-641
-606
-637
-630
-516
-398
-344
-221
-60
16
105
247
393
484
543
714
838
879
950
1070
1079
993
930
781
539
334
314
438
756
1828
3782
3843
1181
-293
1537
4576
4985
3407
1481
-748
-1180
798
2163
515
-1194
-1435
-1324
-1854
-3594
-4385
-4059
-3866
-4282
-3866
-1880
-611
-864
-1231
-610
305
797
721
235
-153
-74
578
1395
2109
2792
3395
3785
4053
4132
3742
2838
1495
-146
-1902
-3611
-5217
-6690
-7979
-8872
-9296
-8937
-7366
-5100
-3244
-1073
4672
13910
20544
19105
11430
2965
-3551
-7340
-8292
-7428
-7035
-8125
-9258
-8657
-6058
-2836
51
2784
5878
9236
12129
13875
14496
14243
12897
10314
6893
3256
-114
-2945
-5421
-8325
-11574
-13919
-14701
-14264
-13113
-11421
-9698
-8193
-6180
-2850
1139
4388
6644
8374
9764
10508
10335
9147
6996
4286
1622
-875
-2973
-4992
-7152
-8920
-10143
-10602
-11242
-12182
-11689
-9019
-4764
41
4396
7698
9768
10656
10648
10065
9028
7559
6196
5429
4947
4589
4486
4642
4855
5047
5319
5619
5932
6127
6049
5653
5046
4326
3485
2496
1385
293
-723
-1498
-1927
-2108
-2143
-2063
-1860
-1627
-1518
-1529
-1656
-1967
-2414
-2951
-3540
-4319
-5285
-5988
-6286
-6423
-6631
-6915
-7313
-7928
-8366
-8176
-7536
-6968
-6325
-5385
-4639
-4207
-3544
-2412
-1089
119
1104
1839
2484
3256
3875
4087
3976
3668
3195
2575
1957
1439
1046
565
-114
-751
-1212
-1372
-1065
-746
-926
-947
-273
556
844
453
-308
-1170
-1825
-2042
-1823
-1314
-619
297
1368
2519
3663
4674
5467
6067
6582
6927
7009
6938
6682
6296
5861
5435
5115
4849
4624
4413
4190
3919
3615
3231
2740
2223
1699
1192
742
325
-75
-408
-800
-1312
-1885
-2428
-2931
-3396
-3817
-4241
-4603
-4805
-4780
-4659
-4555
-4452
-4309
-4101
-3891
-3735
-3662
-3785
-4063
-4375
-4602
-4719
-4829
-4776
-4513
-4059
-3389
-2575
-1751
-1058
-350
302
890
1353
1615
1802
1916
1983
1747
1128
465
579
1268
1512
1517
1671
2091
2545
2956
3420
3889
4371
4678
4785
4706
4479
4029
3350
2661
1701
172
-1141
-1716
-2041
-2337
-1935
-817
-306
-524
-908
-1189
-1453
-1952
-2488
-2981
-3184
-3250
-3556
-3978
-4132
-3902
-3785
-4090
-4449
-4546
-4229
-3514
-2589
-1605
-592
622
1843
2872
3816
4727
5334
5412
5201
5041
5137
5311
5293
5148
5138
5100
4686
3938
3174
2630
2206
1811
1403
991
512
-21
-550
-1133
-1757
-2393
-2985
-3524
-3997
-4315
-4436
-4408
-4211
-3795
-3263
-2817
-2403
-1908
-1400
-960
-576
-158
238
548
837
1135
1361
1475
1523
1534
1492
1420
1357
1296
1212
1025
756
435
79
-292
-664
-976
-1285
-1592
-1856
-2016
-2063
-2056
-2001
-1860
-1667
-1491
-1261
-919
-496
-79
328
705
1019
1305
1575
1822
2002
2134
2219
2228
2136
2015
1949
1857
1684
1497
1326
1134
917
744
599
439
192
-176
-565
-943
-1375
-1947
-2592
-3173
-3665
-4069
-4421
-4660
-4697
-4615
-4568
-4576
-4510
-4342
-4164
-4007
-3781
-3430
-2922
-2303
-1650
-970
-286
357
901
1460
2210
3154
4208
5171
5984
6709
7285
7742
8150
8537
8768
8677
8336
7816
7229
6663
6126
5564
4820
4022
3373
2906
2502
1907
1128
235
-716
-1673
-2671
-3644
-4591
-5453
-6158
-6732
-7156
-7513
-7754
-7836
-7804
-7671
-7488
-7172
-6649
-5979
-5297
-4729
-4174
-3550
-2880
-2188
-1435
-557
317
1036
1585
2026
2371
2592
2711
2747
2702
2611
2494
2344
2183
2090
2057
1983
1819
1597
1373
1154
921
683
461
311
247
245
281
331
369
399
453
553
667
789
961
1164
1322
1415
1481
1507
1446
1348
1275
1251
1286
1373
1494
1611
1703
1741
1723
1705
1688
1659
1610
1531
1396
1156
774
276
-367
-1251
-2266
-3184
-3929
-4646
-5354
-5863
-6236
-6832
-7735
-8191
-7518
-6146
-4779
-3550
-2503
-2024
-1841
-1179
-369
-19
258
992
1781
2041
2031
2239
2770
3394
3983
4662
5275
5549
5588
5717
5936
6014
5984
5945
5858
5658
5322
4900
4415
3842
3176
2416
1491
402
-713
-1726
-2672
-3436
-3689
-3556
-3448
-3430
-3275
-3074
-3104
-3277
-3469
-3653
-3861
-4036
-4074
-4060
-4004
-3874
-3601
-3232
-2948
-2719
-2432
-2041
-1638
-1255
-765
-203
316
712
1043
1363
1568
1680
1733
1779
1819
1802
1785
1741
1696
1634
1483
1269
976
718
521
354
178
-6
-73
-128
-193
-203
-173
-127
-123
-88
-49
23
182
400
660
877
1069
1246
1409
1547
1639
1740
1765
1742
1751
1761
1744
1734
1795
1810
1751
1719
1754
1760
1631
1442
1203
857
395
-158
-833
-1664
-2436
-2995
-3375
-3694
-3984
-4074
-3984
-3935
-4073
-4215
-4185
-4164
-4351
-4702
-4880
-4726
-4572
-4761
-5188
-5399
-5131
-4325
-3096
-1718
-249
1241
2606
3883
5217
6475
7381
7991
8465
8771
8858
8719
8366
7921
7534
7149
6606
5926
5256
4670
4101
3409
2502
1448
463
-323
-971
-1544
-2013
-2371
-2725
-3140
-3587
-4054
-4563
-5083
-5538
-5905
-6147
-6205
-6091
-5897
-5690
-5427
-5075
-4673
-4279
-3923
-3525
-3003
-2378
-1698
-978
-233
432
956
1381
1749
2071
2324
2529
2734
2951
3133
3234
3262
3223
3065
2794
2444
2027
1556
1095
686
313
9
-201
-341
-427
-488
-570
-656
-697
-721
-723
-640
-456
-243
-28
239
562
862
1055
1150
1222
1291
1322
1314
1325
1375
1432
1469
1477
1490
1511
1490
1381
1250
1199
1203
1161
1046
916
746
414
-118
-819
-1643
-2473
-3125
-3545
-3889
-4206
-4362
-4333
-4326
-4501
-4698
-4717
-4608
-4547
-4525
-4330
-3873
-3275
-2675
-2070
-1356
-549
194
737
1196
1851
2786
3824
4796
5710
6575
7257
7627
7667
7458
7093
6621
6070
5507
5027
4642
4283
3894
3456
2915
2220
1381
467
-435
-1239
-1946
-2684
-3576
-4541
-5296
-5653
-5708
-5673
-5606
-5447
-5197
-4929
-4704
-4514
-4336
-4170
-3971
-3636
-3109
-2490
-1937
-1500
-1097
-587
60
723
1258
1677
2088
2478
2751
2893
2986
3070
3089
3008
2870
2744
2627
2466
2237
1948
1629
1294
935
525
76
-344
-687
-971
-1211
-1396
-1510
-1600
-1707
-1794
-1784
-1658
-1487
-1332
-1161
-910
-614
-338
-81
189
453
678
895
1138
1365
1518
1605
1692
1795
1862
1863
1846
1857
1876
1896
1947
2028
2072
2058
2040
2006
1861
1566
1175
678
-16
-899
-1785
-2481
-2998
-3484
-3965
-4321
-4534
-4792
-5225
-5675
-5905
-5907
-5870
-5852
-5714
-5349
-4830
-4260
-3571
-2628
-1438
-180
977
2010
2976
3883
4656
5250
5722
6167
6569
6832
6924
6962
7054
7145
7080
6815
6455
6073
5630
5087
4481
3855
3176
2360
1373
294
-738
-1614
-2319
-2867
-3276
-3597
-3902
-4206
-4470
-4718
-5016
-5332
-5530
-5574
-5594
-5629
-5538
-5221
-4791
-4387
-3973
-3488
-3006
-2605
-2196
-1667
-1063
-496
36
588
1123
1565
1918
2230
2478
2642
2773
2912
3008
3007
2967
2915
2764
2448
2064
1744
1476
1165
838
584
408
219
-34
-318
-589
-821
-967
-1004
-967
-926
-887
-821
-707
-555
-363
-117
139
363
561
814
1122
1386
1549
1656
1776
1873
1899
1885
1912
1974
1993
1953
1909
1901
1875
1779
1618
1439
1222
911
459
-169
-985
-1944
-2892
-3649
-4174
-4552
-4856
-5047
-5143
-5308
-5648
-5998
-6102
-5944
-5714
-5492
-5112
-4468
-3696
-2985
-2322
-1556
-693
109
754
1364
2126
3067
4059
4957
5720
6350
6818
7063
7103
7076
7098
7160
7141
6983
6697
6320
5857
5301
4679
4007
3319
2628
1924
1169
360
-410
-1094
-1781
-2611
-3564
-4452
-5137
-5676
-6196
-6656
-6893
-6890
-6828
-6812
-6706
-6315
-5656
-4894
-4127
-3339
-2547
-1818
-1165
-550
65
697
1363
2021
2600
3077
3490
3808
3939
3895
3797
3669
3398
2969
2535
2202
1884
1480
1027
583
128
-365
-804
-1115
-1334
-1526
-1695
-1840
-1971
-2043
-1968
-1772
-1571
-1419
-1234
-984
-757
-604
-433
-171
120
358
588
897
1241
1508
1672
1818
1960
2032
2017
2007
2074
2178
2280
2399
2545
2670
2755
2811
2768
2498
1971
1255
335
-849
-2101
-3014
-3456
-3779
-4284
-4828
-5190
-5563
-6220
-6921
-7137
-6777
-6280
-5931
-5525
-4828
-3985
-3259
-2650
-1922
-989
-5
859
1641
2547
3670
4833
5774
6438
6969
7430
7726
7843
7991
8315
8674
8771
8460
7832
7057
6238
5417
4602
3783
2963
2145
1263
224
-941
-2057
-2988
-3806
-4672
-5576
-6318
-6788
-7102
-7427
-7700
-7767
-7668
-7609
-7640
-7501
-6967
-6146
-5313
-4588
-3883
-3157
-2477
-1843
-1131
-251
718
1626
2386
3026
3607
4150
4617
4966
5206
5350
5357
5185
4895
4627
4396
4067
3529
2852
2202
1650
1158
684
241
-196
-671
-1192
-1688
-2058
-2253
-2308
-2304
-2291
-2234
-2077
-1846
-1633
-1454
-1227
-916
-606
-363
-129
177
492
708
841
1000
1199
1356
1455
1583
1817
2120
2406
2597
2678
2659
2519
2208
1704
1007
46
-1224
-2558
-3480
-3814
-3943
-4296
-4820
-5288
-5837
-6716
-7604
-7821
-7211
-6358
-5805
-5453
-4982
-4399
-3890
-3346
-2433
-1067
415
1627
2539
3415
4441
5499
6383
7094
7791
8489
9017
9323
9595
9975
10278
10191
9673
8951
8208
7470
6752
6081
5390
4516
3365
1966
424
-1060
-2233
-3017
-3664
-4494
-5515
-6483
-7301
-8066
-8749
-9088
-8975
-8677
-8525
-8475
-8207
-7631
-7009
-6531
-6024
-5251
-4283
-3341
-2434
-1421
-340
572
1189
1654
2179
2834
3541
4176
4632
4889
4972
4873
4605
4317
4164
4067
3779
3237
2622
2062
1495
877
327
-87
-455
-877
-1315
-1681
-1955
-2142
-2239
-2269
-2251
-2130
-1857
-1484
-1102
-719
-298
117
446
723
1067
1513
1981
2398
2752
3027
3178
3188
3140
3169
3334
3576
3754
3777
3596
3156
2428
1438
192
-1300
-2760
-3631
-3737
-3727
-4357
-5536
-6622
-7536
-8671
-9721
-9683
-8385
-7053
-6769
-7161
-7250
-6840
-6301
-5528
-4023
-1869
93
1190
1616
2097
3105
4503
5901
7159
8404
9582
10304
10389
10265
10469
10918
11080
10779
10351
10006
9527
8680
7577
6426
5234
3901
2464
1123
52
-806
-1755
-3047
-4577
-5987
-7053
-7770
-8155
-8248
-8288
-8556
-9059
-9521
-9638
-9260
-8466
-7542
-6748
-6094
-5451
-4809
-4177
-3357
-2199
-927
82
812
1506
2224
2837
3321
3774
4218
4584
4820
4907
4860
4733
4532
4162
3617
3094
2742
2428
1966
1379
786
171
-477
-1006
-1269
-1344
-1428
-1605
-1838
-2071
-2225
-2215
-2002
-1625
-1154
-639
-150
255
580
882
1213
1590
2012
2412
2703
2854
2920
2963
3016
3114
3273
3427
3449
3250
2826
2202
1316
15
-1659
-3119
-3614
-3203
-3001
-3910
-5499
-6772
-7655
-8638
-9302
-8583
-6752
-5640
-6287
-7554
-7825
-6988
-5858
-4560
-2690
-621
594
619
396
1099
2912
5045
6708
7798
8616
9182
9275
9114
9393
10354
11303
11448
10883
10240
9728
9049
8094
7134
6344
5535
4486
3221
1847
397
-1031
-2280
-3343
-4381
-5385
-6165
-6761
-7495
-8415
-9111
-9331
-9323
-9308
-9141
-8738
-8373
-8175
-7836
-7127
-6219
-5279
-4246
-3185
-2332
-1644
-855
24
792
1518
2365
3134
3525
3700
4011
4379
4526
4541
4685
4821
4604
4091
3632
3301
2896
2405
2002
1667
1175
513
-96
-549
-935
-1266
-1462
-1568
-1725
-1902
-1927
-1757
-1497
-1203
-843
-432
-41
301
616
917
1226
1578
1950
2272
2541
2788
2980
3054
3078
3191
3374
3414
3165
2710
2173
1427
144
-1571
-2884
-2986
-2347
-2456
-3943
-5716
-6624
-7053
-7810
-8282
-7364
-5791
-5592
-7100
-8308
-7717
-6139
-4949
-4057
-2741
-1331
-774
-966
-684
874
3149
4958
5800
6191
6804
7575
8039
8307
9009
10162
10874
10579
9870
9510
9353
8803
7892
7144
6669
6068
5070
3820
2544
1298
10
-1328
-2492
-3199
-3564
-4214
-5553
-7114
-8086
-8314
-8256
-8186
-8013
-7840
-8053
-8650
-8964
-8326
-6862
-5402
-4662
-4587
-4573
-4177
-3404
-2330
-918
566
1457
1467
1222
1570
2580
3629
4270
4544
4579
4366
3974
3698
3778
4070
4110
3617
2849
2282
1974
1585
999
496
226
-64
-550
-1013
-1247
-1406
-1672
-1893
-1812
-1440
-1032
-798
-741
-684
-448
-13
524
1111
1667
1975
1918
1788
1979
2433
2789
2945
3066
3118
2938
2621
2397
2223
1855
1145
22
-1356
-2293
-2179
-1678
-2260
-4064
-5526
-5738
-5710
-6327
-6681
-5910
-5169
-5937
-7397
-7487
-5954
-4462
-3963
-3716
-2970
-2065
-1515
-1048
-45
1539
3069
3911
4165
4614
5713
6895
7408
7483
7930
8737
9068
8685
8301
8323
8224
7556
6744
6350
6164
5568
4424
3143
2082
1263
533
-298
-1332
-2396
-3209
-3847
-4697
-5738
-6382
-6398
-6402
-6899
-7447
-7442
-7160
-7171
-7259
-6802
-5916
-5290
-5086
-4849
-4318
-3656
-2958
-2148
-1256
-436
217
658
932
1328
2087
2927
3352
3399
3525
3774
3771
3519
3495
3753
3748
3234
2652
2369
2156
1719
1224
928
725
373
-96
-478
-724
-907
-1055
-1114
-1072
-995
-971
-1022
-1048
-938
-680
-329
41
345
555
776
1080
1349
1479
1623
1941
2250
2309
2254
2350
2455
2240
1788
1477
1304
800
-217
-1207
-1513
-1271
-1397
-2460
-3854
-4561
-4543
-4655
-5172
-5368
-4928
-4701
-5343
-6047
-5641
-4385
-3547
-3496
-3346
-2518
-1543
-1025
-644
254
1597
2683
3188
3574
4345
5290
5815
5896
6167
6933
7667
7766
7424
7212
7182
6953
6472
6081
5858
5435
4566
3489
2574
1911
1287
457
-570
-1490
-2083
-2582
-3416
-4500
-5230
-5355
-5376
-5768
-6258
-6383
-6301
-6428
-6596
-6306
-5638
-5180
-5073
-4863
-4315
-3696
-3174
-2550
-1770
-1053
-509
-14
485
945
1471
2099
2594
2803
2951
3199
3322
3203
3166
3372
3420
3044
2584
2364
2161
1752
1393
1278
1113
635
82
-236
-405
-600
-756
-776
-789
-921
-1082
-1141
-1085
-932
-682
-404
-180
-8
184
413
633
823
1018
1280
1608
1885
1939
1793
1690
1785
1934
1948
1807
1504
933
126
-611
-1016
-1114
-1157
-1467
-2259
-3330
-4060
-4132
-4014
-4226
-4528
-4449
-4258
-4492
-4852
-4556
-3690
-3081
-2949
-2621
-1781
-969
-605
-313
411
1473
2429
3072
3541
4016
4510
4928
5295
5792
6431
6877
6826
6462
6230
6239
6206
5930
5536
5143
4618
3834
2971
2289
1699
882
-95
-764
-1036
-1529
-2670
-3907
-4427
-4333
-4400
-4887
-5322
-5514
-5763
-6113
-6114
-5593
-5080
-5005
-5085
-4840
-4309
-3847
-3481
-2972
-2283
-1616
-1111
-681
-200
310
826
1323
1790
2230
2586
2740
2679
2646
2862
3117
3097
2813
2552
2403
2168
1861
1665
1538
1252
784
402
214
79
-114
-311
-415
-498
-638
-748
-743
-626
-505
-432
-327
-143
46
141
228
422
665
884
1096
1334
1511
1486
1359
1349
1478
1563
1497
1362
1181
874
387
-187
-660
-974
-1168
-1338
-1676
-2323
-3145
-3708
-3783
-3667
-3728
-3915
-3940
-3858
-3953
-4065
-3778
-3104
-2504
-2201
-1865
-1277
-638
-182
229
890
1747
2513
3023
3385
3794
4249
4664
5009
5366
5773
6032
5974
5699
5501
5478
5377
5030
4571
4156
3681
3022
2307
1656
990
232
-404
-800
-1260
-2098
-3100
-3734
-3913
-3980
-4224
-4631
-5016
-5290
-5383
-5283
-5053
-4771
-4574
-4491
-4388
-4064
-3514
-3016
-2677
-2299
-1724
-1115
-705
-397
10
508
983
1412
1829
2138
2272
2328
2425
2597
2769
2863
2788
2531
2234
2043
1938
1787
1553
1278
979
664
381
186
39
-125
-301
-435
-495
-527
-556
-583
-565
-464
-313
-159
-50
35
135
281
470
650
792
903
1004
1114
1211
1238
1129
984
974
1089
1078
800
432
159
-133
-566
-973
-1164
-1259
-1538
-1998
-2462
-2866
-3209
-3387
-3335
-3214
-3247
-3395
-3467
-3413
-3259
-2987
-2538
-2016
-1578
-1237
-878
-447
31
555
1161
1833
2470
2971
3296
3534
3832
4251
4693
5039
5264
5375
5322
5115
4905
4816
4761
4550
4157
3688
3190
2599
1952
1393
907
280
-512
-1107
-1351
-1734
-2663
-3612
-3819
-3564
-3755
-4393
-4667
-4476
-4525
-4880
-4815
-4237
-3903
-4040
-4001
-3492
-2980
-2754
-2523
-2086
-1603
-1161
-709
-304
0
345
780
1144
1400
1709
2041
2153
2073
2130
2384
2492
2299
2068
1991
1912
1693
1459
1312
1129
814
515
370
283
106
-119
-259
-311
-357
-432
-487
-456
-347
-237
-187
-156
-63
99
257
360
448
571
714
803
839
912
1049
1131
1074
1003
1014
977
777
608
655
651
230
-412
-750
-758
-923
-1403
-1807
-1904
-2046
-2541
-3072
-3161
-2895
-2809
-3075
-3272
-3075
-2743
-2662
-2693
-2401
-1782
-1275
-1083
-869
-343
283
693
997
1517
2222
2750
2973
3177
3571
4019
4296
4428
4561
4706
4743
4643
4501
4380
4220
3932
3529
3103
2703
2273
1762
1239
770
245
-487
-1246
-1623
-1647
-1950
-2854
-3705
-3762
-3400
-3555
-4214
-4505
-4229
-4064
-4246
-4207
-3740
-3421
-3525
-3493
-2944
-2287
-2007
-1945
-1674
-1134
-577
-194
37
263
590
973
1282
1517
1759
1947
1970
1925
2027
2236
2270
2055
1838
1800
1792
1624
1371
1196
1076
876
621
453
381
258
47
-107
-142
-171
-251
-301
-281
-270
-274
-196
-56
14
20
94
236
314
341
451
618
698
706
766
830
784
684
652
626
538
489
487
263
-293
-801
-894
-809
-1039
-1562
-1919
-1987
-2172
-2680
-3080
-2947
-2584
-2615
-2998
-3078
-2680
-2355
-2421
-2396
-1838
-1117
-806
-786
-497
132
669
959
1320
1942
2537
2795
2863
3115
3599
3999
4130
4161
4288
4411
4320
4079
3932
3925
3829
3494
3048
2659
2302
1854
1354
943
620
241
-288
-947
-1616
-2047
-2106
-2130
-2612
-3377
-3730
-3576
-3578
-3970
-4148
-3840
-3627
-3836
-3919
-3522
-3130
-3107
-3000
-2458
-1888
-1689
-1606
-1288
-832
-413
1
390
647
848
1134
1407
1563
1753
2051
2209
2101
2006
2103
2143
1951
1760
1739
1682
1431
1156
1000
848
633
472
394
260
35
-135
-179
-190
-247
-328
-384
-377
-315
-260
-264
-273
-205
-101
-35
35
151
216
168
161
320
497
527
503
549
563
477
457
550
526
325
249
374
257
-300
-757
-628
-339
-606
-1286
-1597
-1422
-1466
-2012
-2399
-2123
-1727
-1938
-2467
-2491
-1975
-1686
-1889
-1939
-1381
-717
-594
-770
-527
190
733
837
991
1548
2114
2236
2187
2492
3066
3361
3275
3235
3441
3591
3452
3245
3223
3253
3071
2703
2350
2076
1791
1461
1124
804
467
80
-421
-1032
-1548
-1691
-1563
-1732
-2448
-3165
-3289
-3144
-3296
-3507
-3262
-2972
-3298
-3786
-3517
-2758
-2487
-2641
-2413
-1817
-1550
-1558
-1263
-716
-392
-174
258
670
761
827
1141
1429
1521
1710
2044
2074
1779
1690
1940
2013
1772
1632
1700
1566
1173
943
963
887
636
487
436
223
-102
-224
-169
-223
-378
-436
-448
-562
-656
-542
-402
-448
-519
-392
-224
-223
-203
23
218
164
125
366
646
655
569
656
768
733
741
893
845
483
288
508
570
46
-525
-499
-246
-518
-1170
-1468
-1356
-1495
-2042
-2361
-2111
-1855
-2157
-2667
-2664
-2178
-1900
-2073
-2132
-1678
-1132
-999
-1047
-714
-79
341
467
738
1309
1791
1933
2022
2388
2881
3159
3201
3259
3431
3557
3522
3434
3414
3401
3247
2960
2679
2440
2150
1783
1421
1118
810
439
-22
-601
-1195
-1509
-1457
-1517
-2153
-2982
-3219
-2940
-2993
-3503
-3638
-3190
-3038
-3530
-3758
-3169
-2552
-2583
-2672
-2177
-1583
-1493
-1511
-1063
-413
-68
83
359
678
876
1067
1332
1560
1722
1881
1954
1865
1801
1909
1980
1809
1600
1561
1513
1235
912
797
758
553
257
77
-16
-174
-380
-526
-593
-626
-658
-723
-810
-822
-724
-650
-663
-604
-378
-179
-174
-179
22
302
443
518
673
829
877
939
1123
1276
1260
1216
1288
1340
1206
1007
922
900
801
605
311
-98
-471
-598
-618
-917
-1489
-1856
-1845
-1928
-2411
-2848
-2752
-2448
-2557
-2948
-2985
-2602
-2372
-2491
-2444
-1909
-1313
-1143
-1178
-873
-223
287
484
739
1314
1910
2157
2206
2481
2991
3354
3425
3491
3732
3910
3813
3623
3587
3624
3512
3230
2920
2629
2295
1908
1525
1163
785
364
-105
-656
-1257
-1672
-1734
-1762
-2270
-3086
-3442
-3197
-3111
-3504
-3672
-3252
-3012
-3397
-3589
-2981
-2303
-2291
-2408
-1976
-1390
-1233
-1211
-845
-355
-82
116
423
707
898
1114
1334
1444
1569
1813
1940
1794
1669
1788
1848
1609
1348
1318
1262
942
605
481
385
123
-139
-247
-351
-554
-699
-691
-675
-739
-770
-729
-710
-684
-540
-353
-259
-178
11
176
187
234
488
750
801
831
1048
1247
1182
1057
1178
1429
1501
1389
1296
1241
1111
964
933
923
751
460
242
98
-125
-460
-783
-1017
-1199
-1431
-1785
-2187
-2431
-2477
-2559
-2843
-3096
-3054
-2881
-2914
-3056
-2936
-2565
-2300
-2213
-1974
-1464
-982
-723
-460
33
610
1019
1294
1644
2088
2457
2696
2921
3198
3445
3588
3659
3722
3771
3765
3682
3550
3421
3283
3050
2712
2373
2074
1732
1316
914
565
215
-180
-684
-1363
-1933
-1938
-1605
-1891
-2981
-3697
-3266
-2663
-2978
-3554
-3290
-2698
-2864
-3338
-2996
-2146
-1914
-2195
-2025
-1374
-1002
-1012
-887
-491
-67
281
515
560
600
877
1188
1249
1277
1522
1670
1420
1166
1310
1532
1384
1086
1008
998
786
512
412
376
248
106
24
-81
-218
-277
-269
-281
-289
-211
-143
-195
-283
-218
-28
130
215
296
365
346
354
554
843
931
820
790
903
947
887
934
1068
1019
767
625
688
708
557
400
320
199
30
-69
-150
-342
-567
-673
-760
-987
-1257
-1396
-1490
-1686
-1915
-2055
-2140
-2221
-2272
-2332
-2440
-2486
-2322
-2104
-2032
-2015
-1807
-1483
-1290
-1161
-847
-388
-78
89
356
787
1144
1359
1595
1925
2222
2418
2592
2775
2935
3043
3132
3175
3176
3143
3097
2992
2854
2730
2589
2361
2065
1790
1525
1234
905
632
392
119
-307
-833
-1228
-1301
-1259
-1536
-2108
-2504
-2483
-2432
-2610
-2819
-2798
-2709
-2725
-2740
-2636
-2475
-2357
-2197
-1969
-1703
-1462
-1265
-1129
-961
-648
-253
14
114
221
423
642
790
929
1071
1163
1177
1169
1177
1190
1171
1110
1043
985
931
833
701
594
549
519
443
338
268
244
219
187
174
169
138
103
99
120
140
158
179
177
184
227
260
225
212
312
424
389
290
308
415
443
398
416
468
419
296
261
320
335
242
122
49
19
-31
-125
-216
-250
-262
-350
-498
-599
-632
-707
-843
-936
-944
-994
-1148
-1305
-1379
-1442
-1544
-1583
-1489
-1402
-1504
-1698
-1711
-1493
-1279
-1212
-1166
-1006
-823
-706
-580
-332
-19
226
415
647
923
1149
1312
1519
1806
2078
2270
2392
2495
2576
2645
2721
2784
2798
2746
2643
2491
2312
2144
1989
1804
1575
1286
954
641
395
126
-233
-540
-699
-888
-1277
-1651
-1761
-1783
-1987
-2255
-2336
-2293
-2351
-2456
-2452
-2358
-2274
-2199
-2083
-1960
-1834
-1672
-1467
-1264
-1070
-867
-668
-478
-276
-63
121
268
429
598
711
774
854
952
988
971
975
996
956
861
799
769
706
604
517
448
371
295
251
223
175
102
49
41
69
90
73
52
82
146
178
181
217
289
320
298
314
413
503
475
362
333
459
583
532
381
336
399
403
326
324
398
356
186
101
172
216
136
53
45
13
-89
-179
-220
-263
-329
-385
-459
-603
-779
-885
-898
-922
-1056
-1255
-1378
-1384
-1407
-1540
-1658
-1616
-1511
-1524
-1608
-1576
-1429
-1310
-1241
-1115
-914
-732
-598
-459
-272
-29
260
506
654
803
1059
1340
1515
1654
1871
2099
2217
2283
2410
2547
2588
2570
2581
2598
2548
2435
2305
2177
2020
1790
1511
1291
1163
943
492
34
-127
-147
-433
-955
-1271
-1302
-1428
-1771
-2006
-2002
-2040
-2245
-2374
-2293
-2201
-2247
-2299
-2203
-1991
-1781
-1661
-1623
-1548
-1337
-1065
-872
-741
-573
-397
-287
-182
3
199
286
314
416
572
656
643
634
688
756
777
754
717
685
662
639
608
576
541
479
387
333
352
376
330
258
227
224
206
206
247
280
278
276
290
284
281
326
391
409
388
387
415
412
376
359
379
407
408
364
285
226
220
224
196
162
145
103
12
-62
-70
-77
-139
-209
-227
-239
-301
-388
-451
-494
-510
-470
-445
-540
-680
-683
-598
-637
-771
-768
-638
-645
-818
-896
-811
-774
-855
-881
-801
-773
-830
-844
-792
-762
-730
-621
-508
-485
-476
-352
-177
-71
10
157
333
462
572
723
893
1047
1187
1320
1441
1553
1656
1723
1772
1841
1902
1892
1828
1778
1734
1643
1519
1415
1306
1146
955
794
633
416
197
42
-83
-267
-484
-654
-783
-926
-1069
-1164
-1228
-1309
-1393
-1447
-1477
-1498
-1496
-1460
-1412
-1377
-1341
-1284
-1208
-1114
-1014
-922
-828
-723
-612
-510
-413
-308
-204
-115
-33
55
138
193
227
264
313
357
377
367
342
342
358
346
290
238
219
205
171
126
87
54
37
30
15
-12
-16
8
27
35
61
111
142
153
185
245
308
357
389
404
417
462
533
576
564
543
547
566
601
634
611
531
482
504
519
481
434
391
295
186
192
272
234
55
-74
-67
-62
-146
-230
-251
-293
-404
-492
-497
-504
-581
-662
-676
-678
-730
-783
-781
-765
-801
-839
-813
-765
-776
-810
-778
-714
-701
-725
-681
-572
-507
-512
-489
-386
-267
-191
-132
-36
90
205
294
374
471
599
723
798
836
903
995
1045
1042
1053
1106
1132
1098
1060
1061
1061
1026
972
927
893
867
837
783
715
658
617
555
471
408
366
299
197
111
49
-19
-103
-183
-257
-335
-412
-477
-546
-636
-718
-773
-820
-893
-968
-1017
-1050
-1103
-1163
-1195
-1193
-1198
-1231
-1259
-1248
-1204
-1174
-1166
-1145
-1080
-991
-932
-904
-854
-757
-646
-573
-527
-460
-357
-246
-162
-104
-37
62
173
265
342
423
511
603
699
793
858
906
973
1061
1130
1168
1203
1236
1231
1205
1231
1300
1306
1220
1133
1107
1103
1072
1037
991
892
768
701
687
646
561
466
369
262
185
163
136
46
-64
-138
-202
-282
-329
-338
-391
-518
-635
-671
-678
-726
-803
-873
-927
-966
-996
-1035
-1091
-1131
-1129
-1119
-1152
-1219
-1248
-1208
-1147
-1135
-1168
-1172
-1121
-1061
-1013
-939
-842
-774
-736
-635
-456
-292
-195
-102
53
229
375
506
653
802
924
1034
1153
1273
1363
1427
1501
1597
1663
1661
1640
1663
1713
1708
1634
1548
1492
1437
1349
1248
1151
1034
882
727
618
531
411
250
98
-6
-95
-202
-322
-423
-504
-590
-682
-767
-847
-932
-1012
-1069
-1125
-1204
-1297
-1374
-1420
-1443
-1469
-1515
-1566
-1590
-1573
-1543
-1518
-1487
-1445
-1395
-1335
-1259
-1163
-1060
-958
-853
-746
-621
-484
-366
-268
-144
18
152
232
317
438
553
639
754
895
968
958
993
1126
1251
1277
1259
1277
1320
1344
1361
1390
1396
1345
1286
1290
1346
1350
1232
1074
1020
1093
1124
985
770
641
609
566
481
399
293
105
-89
-148
-113
-157
-316
-457
-501
-552
-662
-741
-728
-723
-819
-953
-1022
-1034
-1043
-1055
-1062
-1074
-1094
-1117
-1133
-1100
-1002
-917
-935
-990
-944
-833
-820
-891
-870
-733
-658
-720
-769
-692
-574
-508
-454
-362
-270
-210
-143
-26
114
231
324
419
526
619
684
760
881
1018
1101
1127
1155
1226
1326
1410
1456
1467
1462
1462
1470
1477
1461
1410
1324
1222
1133
1063
980
855
704
562
435
310
181
51
-84
-222
-351
-462
-577
-704
-815
-903
-975
-1047
-1119
-1189
-1256
-1307
-1331
-1337
-1346
-1369
-1393
-1394
-1368
-1325
-1293
-1269
-1231
-1169
-1102
-1038
-960
-871
-795
-733
-636
-496
-371
-297
-228
-117
12
136
261
372
448
504
587
694
782
826
870
920
938
929
942
989
1010
980
945
929
901
854
838
859
859
782
681
628
630
629
594
546
497
433
347
303
334
383
344
231
152
157
180
165
134
116
77
-18
-120
-143
-89
-71
-176
-337
-429
-413
-391
-440
-524
-573
-587
-627
-686
-705
-669
-643
-683
-747
-757
-718
-706
-756
-804
-760
-670
-656
-755
-810
-704
-542
-504
-558
-521
-387
-310
-319
-270
-107
28
35
3
60
195
319
382
410
438
474
508
549
625
724
777
742
692
711
779
829
834
832
815
766
708
696
731
744
683
583
517
505
485
423
347
291
246
169
76
7
-34
-85
-169
-253
-303
-342
-399
-468
-524
-551
-573
-608
-649
-673
-676
-679
-687
-688
-679
-668
-663
-649
-620
-585
-555
-529
-492
-451
-419
-398
-367
-315
-259
-225
-201
-169
-124
-88
-60
-19
41
90
102
110
145
201
243
259
277
309
338
355
370
396
425
432
429
439
466
468
432
399
415
462
465
412
349
313
303
315
348
369
313
193
113
150
245
280
213
109
50
57
88
109
108
85
26
-50
-82
-40
20
12
-64
-117
-103
-83
-111
-149
-138
-115
-135
-190
-216
-205
-205
-238
-271
-278
-281
-315
-370
-405
-401
-387
-399
-438
-466
-465
-444
-422
-399
-359
-315
-297
-303
-294
-246
-180
-134
-125
-135
-148
-134
-86
-24
18
27
29
49
100
162
223
272
293
290
300
346
403
428
416
392
385
397
408
405
400
396
387
383
392
384
342
314
326
324
279
220
179
149
121
100
73
28
-33
-86
-110
-89
-66
-99
-175
-223
-220
-204
-199
-202
-224
-270
-307
-303
-271
-254
-267
-296
-314
-315
-300
-267
-244
-262
-279
-258
-235
-232
-221
-198
-198
-201
-195
-185
-144
-91
-120
-180
-101
23
-42
-146
-17
132
19
-83
79
174
25
18
232
239
48
88
272
226
135
273
360
185
99
270
368
262
216
273
227
148
208
298
256
173
160
150
130
176
217
139
41
48
93
76
45
43
15
-44
-53
-5
13
-30
-82
-98
-77
-48
-46
-73
-96
-109
-116
-105
-77
-74
-108
-121
-103
-107
-125
-110
-77
-82
-104
-107
-111
-123
-101
-60
-63
-93
-105
-107
-122
-103
-48
-38
-89
-115
-90
-68
-70
-62
-51
-68
-83
-70
-54
-56
-56
-50
-47
-42
-22
0
1
-4
3
27
48
65
80
90
94
93
103
124
139
142
130
113
114
129
134
126
113
105
98
86
76
72
69
53
25
16
31
30
3
-21
-16
-10
-20
-32
-36
-39
-48
-55
-61
-55
-42
-50
-73
-77
-65
-56
-57
-59
-57
-56
-50
-45
-44
-38
-33
-31
-32
-28
-19
-13
-9
-7
-6
-1
4
2
1
10
20
18
17
18
15
10
10
17
21
15
-1
-11
-1
21
26
11
2
12
19
18
17
20
27
27
20
17
28
43
39
22
20
33
39
28
20
19
23
20
14
11
11
8
-1
-3
6
8
-5
-19
-21
-14
-9
-13
-19
-21
-19
-23
-31
-29
-17
-9
-13
-22
-23
-9
9
10
0
-3
1
7
10
16
20
13
3
3
12
15
9
3
6
9
