5
6
5
6
2
-1
-3
-4
-2
-2
-2
-1
-1
2
5
3
2
7
6
3
1
1
-1
-3
-3
1
2
2
5
1
2
3
2
0
0
0
-2
-3
-2
1
3
2
4
5
6
8
7
7
3
2
1
-1
0
3
3
1
4
5
4
2
2
3
-2
-6
-5
-4
-5
-9
-6
-5
-5
-6
-7
-10
-14
-16
-13
-12
-13
-10
-6
-2
-2
-3
1
4
4
2
0
-1
-1
1
2
-1
1
2
0
0
2
4
6
5
4
1
0
-3
-5
-6
-7
-7
-7
-6
-3
-2
-3
-6
-7
-7
-7
-8
-8
-5
-4
-2
-1
1
3
2
3
5
6
8
6
7
9
9
11
12
12
11
9
10
8
7
9
11
7
4
5
7
5
4
3
6
6
6
8
9
8
10
12
9
8
7
9
11
8
9
14
16
12
9
11
15
16
16
14
11
9
9
10
7
0
-5
-7
-10
-18
-26
-33
-38
-42
-41
-34
-41
-54
-54
-44
-41
-48
-47
-38
-45
-52
-43
-25
-22
-30
-39
-33
-22
-15
-23
-34
-27
-12
-19
-33
-30
-20
-23
-31
-21
-12
-24
-40
-36
-27
-23
-26
-42
-59
-58
-39
-37
-60
-70
-49
-39
-62
-84
-69
-60
-78
-80
-60
-58
-92
-107
-74
-55
-74
-81
-67
-68
-83
-78
-51
-47
-58
-42
-15
-7
-2
29
60
70
89
129
155
149
164
222
261
264
277
320
373
395
412
469
517
549
586
615
659
686
703
754
777
780
759
719
737
756
723
655
573
545
540
477
376
270
199
155
89
-9
-120
-225
-336
-430
-489
-566
-690
-836
-903
-872
-915
-1029
-1090
-1073
-1023
-1041
-1063
-1023
-981
-961
-928
-875
-852
-857
-828
-758
-723
-753
-779
-717
-581
-496
-555
-648
-570
-350
-245
-332
-365
-212
-93
-161
-218
-85
81
59
-82
-118
10
147
134
9
-47
33
93
7
-88
-75
-89
-247
-392
-355
-304
-480
-806
-950
-768
-520
-575
-909
-1044
-711
-251
-144
-261
-97
376
698
739
906
1371
1768
1868
1963
2313
2676
2744
2697
2851
3144
3294
3245
3112
2969
2911
2973
2963
2659
2265
2112
2057
1710
1168
844
694
354
-143
-490
-718
-1060
-1459
-1698
-1796
-1903
-2023
-2127
-2235
-2290
-2211
-2090
-2077
-2097
-1998
-1857
-1844
-1895
-1816
-1653
-1597
-1637
-1602
-1490
-1437
-1458
-1421
-1314
-1239
-1219
-1184
-1118
-1057
-1003
-939
-878
-840
-803
-734
-653
-602
-571
-496
-367
-221
-71
82
213
322
497
772
1009
1094
1141
1311
1538
1631
1600
1612
1715
1790
1767
1705
1637
1570
1560
1627
1625
1426
1195
1156
1242
1204
1018
857
744
586
411
270
93
-172
-431
-618
-832
-1137
-1476
-1840
-2231
-2468
-2422
-2386
-2754
-3327
-3480
-3119
-2835
-2952
-3045
-2695
-2162
-1901
-1805
-1438
-768
-189
159
561
1178
1767
2092
2338
2796
3392
3813
3983
4129
4396
4656
4757
4756
4771
4784
4704
4516
4259
3967
3644
3275
2819
2313
1851
1389
798
138
-403
-864
-1408
-1916
-2189
-2452
-3010
-3564
-3647
-3504
-3680
-4026
-4047
-3876
-3938
-4079
-3912
-3614
-3547
-3529
-3263
-2936
-2799
-2689
-2406
-2069
-1786
-1486
-1184
-998
-848
-553
-207
-13
88
282
490
547
537
635
768
789
761
813
874
825
752
794
910
975
993
1023
1053
1076
1148
1272
1352
1372
1446
1579
1631
1581
1563
1618
1646
1635
1641
1616
1500
1374
1341
1341
1277
1181
1091
964
812
726
700
637
527
438
372
272
174
143
129
50
-31
-11
25
-71
-213
-209
-138
-247
-475
-532
-445
-514
-787
-1019
-1160
-1399
-1782
-2142
-2353
-2463
-2611
-2936
-3401
-3705
-3669
-3538
-3602
-3704
-3506
-3095
-2834
-2755
-2543
-2063
-1517
-1080
-707
-286
167
562
878
1216
1668
2177
2580
2862
3177
3587
3954
4171
4350
4616
4899
5039
5013
4930
4849
4715
4473
4158
3851
3561
3206
2709
2101
1547
1197
972
578
-93
-721
-1022
-1199
-1592
-2085
-2338
-2430
-2700
-3131
-3426
-3498
-3529
-3623
-3738
-3806
-3786
-3754
-3803
-3774
-3436
-2993
-2874
-2952
-2701
-2151
-1830
-1791
-1589
-1153
-854
-754
-586
-329
-162
-69
91
297
484
666
797
805
818
1020
1283
1350
1278
1298
1392
1400
1353
1370
1388
1316
1235
1213
1170
1067
1008
1049
1101
1103
1096
1094
1062
1047
1127
1257
1294
1233
1215
1255
1207
1064
1052
1221
1300
1121
904
878
943
935
892
835
670
464
432
549
531
285
47
-27
-52
-178
-371
-526
-661
-861
-1116
-1336
-1545
-1870
-2274
-2535
-2590
-2685
-3002
-3369
-3545
-3560
-3592
-3647
-3620
-3495
-3357
-3233
-3053
-2800
-2533
-2268
-1920
-1453
-993
-654
-352
60
559
1036
1485
1975
2470
2895
3268
3647
4009
4320
4617
4908
5114
5171
5124
5042
4931
4781
4581
4304
3969
3644
3300
2841
2330
1929
1575
1062
511
201
-21
-554
-1296
-1745
-1890
-2198
-2742
-3121
-3259
-3511
-3963
-4278
-4290
-4182
-4152
-4228
-4326
-4271
-3977
-3640
-3455
-3269
-2874
-2434
-2190
-2003
-1619
-1152
-827
-569
-224
111
299
440
674
948
1164
1317
1441
1537
1620
1705
1738
1705
1693
1728
1695
1553
1408
1316
1207
1073
991
936
817
661
560
522
504
490
448
370
337
399
464
451
427
469
531
602
737
882
897
830
887
1078
1190
1184
1229
1312
1228
1043
1054
1220
1189
932
808
875
793
502
328
314
132
-240
-437
-421
-595
-1090
-1587
-1905
-2198
-2508
-2694
-2815
-3126
-3628
-3984
-4009
-3951
-4111
-4358
-4289
-3862
-3577
-3731
-3895
-3531
-2816
-2323
-2101
-1710
-1053
-487
-154
266
980
1751
2302
2728
3267
3873
4308
4558
4855
5303
5737
5960
5971
5907
5855
5790
5658
5460
5212
4862
4380
3896
3511
3066
2362
1570
1067
833
433
-365
-1238
-1771
-2015
-2355
-2921
-3460
-3755
-3947
-4258
-4612
-4793
-4824
-4905
-5030
-4974
-4726
-4571
-4618
-4542
-4088
-3537
-3269
-3159
-2828
-2287
-1830
-1508
-1141
-715
-335
28
408
729
985
1291
1616
1833
1999
2224
2370
2320
2286
2446
2574
2441
2227
2152
2085
1879
1667
1556
1437
1255
1099
955
736
549
525
536
421
301
324
360
271
213
310
400
340
290
431
629
660
558
529
628
766
854
879
829
743
729
819
879
794
664
592
545
530
586
540
180
-250
-303
-108
-247
-812
-1258
-1352
-1548
-2132
-2697
-2811
-2769
-3133
-3805
-4183
-4113
-4083
-4411
-4751
-4641
-4199
-3958
-4082
-4109
-3643
-2975
-2587
-2345
-1767
-915
-286
54
535
1326
2129
2731
3255
3867
4506
5008
5331
5601
5971
6411
6711
6756
6666
6591
6499
6281
5969
5668
5371
4970
4412
3746
3054
2418
1872
1319
608
-195
-829
-1282
-1892
-2763
-3477
-3767
-3981
-4476
-5039
-5360
-5548
-5790
-5978
-5971
-5850
-5770
-5757
-5699
-5430
-4945
-4496
-4243
-3936
-3329
-2643
-2204
-1868
-1316
-628
-82
341
829
1355
1759
2029
2299
2635
2976
3185
3214
3193
3256
3328
3259
3062
2870
2722
2549
2305
2014
1742
1517
1282
983
667
405
186
-20
-162
-245
-350
-491
-566
-543
-505
-491
-426
-268
-54
127
243
374
555
691
711
779
1042
1324
1365
1222
1142
1164
1215
1323
1437
1353
1088
947
981
869
514
228
158
44
-283
-673
-1098
-1807
-2793
-3506
-3457
-3044
-3304
-4555
-5738
-5729
-5049
-5158
-6109
-6384
-5385
-4488
-4802
-5381
-4879
-3687
-3022
-2827
-2075
-730
169
283
516
1611
3093
4089
4535
5036
5881
6669
7014
7160
7567
8227
8683
8706
8538
8363
8110
7699
7255
6893
6498
5917
5101
4110
3112
2266
1582
820
-175
-1163
-1864
-2450
-3390
-4642
-5503
-5653
-5692
-6288
-7134
-7509
-7510
-7710
-8059
-7961
-7378
-6987
-6976
-6869
-6356
-5732
-5297
-4789
-3915
-2849
-2078
-1751
-1393
-604
449
1304
1845
2354
2900
3322
3566
3811
4197
4546
4660
4536
4370
4280
4111
3773
3415
3220
3082
2726
2158
1595
1176
877
593
308
41
-210
-503
-850
-1086
-1099
-1005
-989
-1036
-953
-746
-591
-523
-364
1
382
567
644
849
1186
1442
1545
1607
1688
1738
1755
1828
1932
1898
1667
1373
1256
1356
1405
1108
614
310
180
-92
-479
-737
-1018
-1761
-3005
-4149
-4575
-4320
-4208
-5011
-6364
-7072
-6747
-6514
-7184
-7737
-7031
-5882
-5761
-6309
-6014
-4783
-3894
-3650
-2920
-1212
392
1005
1238
2129
3693
5162
6128
6879
7794
8745
9310
9494
9790
10398
10904
10950
10725
10511
10169
9481
8590
7800
7140
6446
5603
4497
3101
1676
519
-442
-1480
-2579
-3512
-4315
-5270
-6361
-7223
-7714
-8078
-8472
-8800
-9101
-9500
-9779
-9573
-9035
-8665
-8459
-7991
-7261
-6675
-6192
-5393
-4330
-3403
-2579
-1554
-492
244
805
1548
2410
3142
3804
4426
4789
4870
4983
5247
5422
5401
5303
5121
4755
4319
3991
3680
3230
2738
2336
1906
1314
696
229
-147
-522
-807
-962
-1135
-1404
-1627
-1662
-1584
-1451
-1237
-979
-752
-539
-258
65
381
760
1213
1602
1823
1995
2195
2243
2113
2179
2613
2921
2621
2098
1922
1911
1647
1350
1352
1265
669
28
-84
77
-111
-735
-1468
-2112
-2645
-3414
-4890
-6587
-7080
-6097
-5606
-7113
-9109
-9370
-8496
-8648
-9590
-9136
-7215
-6186
-6869
-7206
-5678
-3560
-2564
-2176
-800
1615
3535
4163
4512
5829
7839
9312
10036
10897
12106
12739
12393
12037
12444
13050
13034
12452
11722
10813
9634
8404
7205
5912
4610
3521
2391
791
-1062
-2601
-3775
-4956
-6112
-6882
-7359
-8028
-9044
-9982
-10395
-10311
-10053
-9850
-9627
-9278
-8897
-8575
-8315
-8017
-7370
-5970
-4053
-2826
-2774
-2733
-1698
-261
637
1475
2758
3643
3586
3365
3848
4550
4765
4783
4848
4850
4614
4220
3717
3056
2671
2608
2423
1868
1171
619
-48
-747
-991
-749
-600
-1002
-1522
-1709
-1673
-1588
-1376
-963
-654
-561
-442
-198
86
383
819
1320
1715
2070
2372
2437
2283
2272
2603
2921
3008
3007
2888
2482
1954
1763
1871
1831
1681
1539
1124
318
-277
-79
222
-69
-494
-482
-344
-800
-1396
-1494
-1524
-1937
-2599
-3087
-3935
-5765
-7607
-8100
-7069
-6172
-6786
-8223
-9162
-9081
-8773
-8620
-7823
-6288
-4975
-4793
-4847
-3624
-1598
-113
639
1935
4246
6273
7255
7727
8508
9538
10375
11337
12552
13538
13699
13019
12148
11504
11243
11154
10724
9727
8254
6670
5107
3488
1946
551
-664
-1836
-3136
-4514
-5922
-7238
-8425
-9373
-9777
-9660
-9401
-9491
-9936
-10197
-9982
-9344
-8498
-7508
-6350
-5336
-4590
-3965
-3098
-1976
-1451
-1498
-715
1817
4176
3811
2115
1998
3275
3638
3282
4212
5284
4238
2069
1303
2002
2125
1559
1162
727
102
-420
-660
-1186
-1738
-1575
-1229
-1290
-1420
-1077
-864
-1442
-1761
-941
365
959
870
967
1164
1170
1315
2050
2950
3235
3030
2893
2879
2852
2855
2947
2913
2709
2605
2460
1991
1387
1030
868
651
564
737
659
123
-440
-629
-597
-547
-479
-636
-1001
-1071
-631
-356
-618
-868
-694
-573
-878
-1135
-1159
-1508
-2531
-4238
-6334
-7900
-7561
-5633
-4955
-6805
-9084
-9435
-8766
-8876
-8704
-6766
-4434
-4016
-4902
-4338
-1978
136
1067
1978
4039
6486
8172
8937
9415
10174
10951
11515
12195
13343
14426
14207
12650
10971
10074
9751
9306
8556
7357
5607
3526
1482
-325
-1906
-3119
-4018
-5038
-6325
-7451
-8155
-8917
-10017
-10809
-10604
-9722
-8984
-8561
-8158
-7715
-7349
-6811
-5633
-3865
-2092
-895
-244
302
781
1008
1209
2107
3654
4650
4469
3718
3209
2829
2320
2098
2214
2154
1506
565
-254
-987
-1555
-1926
-2177
-2339
-2345
-2229
-2392
-2858
-3125
-2936
-2458
-1858
-1028
-169
199
124
211
809
1687
2565
3402
3986
4078
3912
3877
3998
4037
4054
4158
4098
3692
3180
2744
2214
1534
1082
967
829
470
34
-392
-900
-1311
-1316
-1074
-909
-833
-691
-643
-783
-843
-720
-628
-504
60
912
1332
1053
617
481
496
374
118
-96
-268
-808
-2411
-5295
-8104
-9041
-7795
-6498
-7040
-8703
-9789
-10073
-10705
-11153
-9697
-6735
-4636
-4516
-4410
-2608
-215
1212
1957
3735
6639
9156
10636
11618
12775
13460
13137
12753
13352
14786
15527
14716
12948
10961
9194
7630
6360
5400
4243
2660
580
-1781
-3982
-5753
-6976
-8055
-9113
-9707
-9736
-9674
-10145
-10855
-11008
-10496
-9548
-8266
-6513
-4637
-3438
-2948
-2510
-1470
90
1611
2902
3950
4697
4786
4174
3781
4236
4922
4587
3384
2700
2597
1904
334
-878
-1262
-1965
-3281
-4173
-4131
-4089
-4759
-5501
-5742
-5523
-5066
-4443
-3701
-2959
-2156
-1453
-961
-277
925
2279
3092
3519
4124
4803
5097
5059
5249
5646
5768
5558
5278
5034
4549
3811
3105
2501
1983
1447
892
286
-370
-947
-1481
-1914
-2136
-2106
-1947
-1863
-1775
-1591
-1332
-1050
-695
-196
320
747
1123
1517
1738
1651
1593
1954
2541
2699
2416
2198
2083
1665
833
95
-511
-1357
-2628
-4615
-7347
-9938
-10814
-9988
-9623
-10609
-11607
-11604
-11667
-12471
-12108
-9585
-6686
-5302
-4602
-2579
289
2496
3925
5610
8012
10244
11963
13506
15050
16210
16220
15371
14617
14566
14802
14354
13142
11408
9268
6832
4437
2558
922
-801
-2606
-4463
-6295
-8008
-9262
-10156
-11123
-11889
-11906
-11132
-10255
-9597
-8717
-7597
-6620
-5715
-4232
-1986
150
1554
2525
3517
4478
5092
5539
6112
6516
6363
5757
5200
4709
3822
2542
1202
35
-1068
-2176
-3119
-4000
-4929
-5926
-6875
-7518
-7737
-7513
-7129
-6741
-6202
-5511
-4742
-3951
-2930
-1605
-242
1049
2260
3402
4343
5017
5567
6024
6363
6531
6543
6440
6153
5678
5061
4349
3576
2789
2117
1555
951
236
-495
-1150
-1749
-2262
-2579
-2701
-2718
-2655
-2486
-2256
-1984
-1611
-1084
-453
236
989
1711
2290
2678
2972
3268
3478
3536
3506
3501
3390
3009
2596
2395
2133
1449
597
90
-301
-1210
-2490
-3534
-4289
-5508
-7938
-10957
-13063
-12900
-11369
-10658
-11191
-11600
-10966
-10614
-10854
-9662
-6264
-2687
-1082
-150
2331
5571
7721
8556
9782
11810
13425
14423
15326
16530
17061
16011
13999
12110
11115
10472
9373
7812
5879
3720
1200
-1351
-3343
-4896
-6238
-7602
-8776
-9533
-9872
-9845
-9879
-10144
-10170
-9492
-8122
-6543
-4765
-2784
-1129
-195
387
1483
3087
4512
5495
6249
6848
6945
6530
5956
5385
4524
3247
1974
1031
260
-837
-2172
-4622
-8463
-11217
-10371
-7331
-7095
-8715
-8678
-7558
-8310
-9703
-7057
-2977
-1646
-1937
-324
3045
4509
4719
5108
5541
5858
6243
7535
8784
9458
9099
7093
4857
3821
4257
4426
3471
2558
1864
739
-963
-1953
-1808
-2187
-3453
-4234
-3568
-2630
-2592
-2792
-2817
-2858
-2819
-2061
-553
933
1972
2465
2415
2366
2823
3578
4034
4128
4392
4432
3845
2930
2378
2130
1373
312
-471
-590
-505
-691
-1148
-1812
-2505
-3147
-3789
-4471
-5191
-5632
-6137
-7834
-10352
-11943
-11199
-9807
-9620
-9635
-8700
-7296
-7119
-7046
-5197
-2414
-405
496
2151
4916
7337
8841
9715
10641
11392
11678
12048
12635
13409
13522
12455
10798
9193
8050
6825
5402
4031
2620
1080
-606
-2030
-3133
-4225
-5365
-6468
-7268
-7492
-7109
-6377
-5866
-5559
-5101
-4490
-3783
-2853
-1413
107
1002
1467
2063
2962
3598
3694
3576
3399
3166
2805
2455
2121
1557
589
-804
-2223
-3199
-3746
-4285
-4959
-5455
-5719
-6131
-6668
-6826
-6465
-5957
-5572
-4939
-3873
-2660
-1651
-811
124
1043
1801
2477
3317
4220
4809
4988
4952
4914
4786
4449
3960
3495
3141
2679
2082
1552
1170
713
14
-600
-931
-1120
-1311
-1449
-1405
-1353
-1349
-1287
-1084
-759
-419
-32
383
790
1200
1535
1793
1998
2234
2457
2513
2495
2566
2673
2491
1946
1435
1278
1305
1216
926
435
-174
-818
-1190
-1266
-1176
-1013
-1018
-1134
-1351
-1356
-1110
-1003
-1048
-1199
-1166
-1145
-1505
-2120
-3148
-4580
-6450
-8103
-8574
-8071
-7228
-6835
-6718
-6543
-6391
-6147
-5598
-4325
-2616
-1030
431
2155
4239
5974
6858
7203
7595
8141
8715
9416
10371
11108
10983
10058
8927
7967
6958
5780
4637
3673
2757
1791
825
-66
-1078
-2301
-3623
-4734
-5272
-5302
-5046
-4801
-4509
-4219
-4075
-3973
-3584
-2804
-2006
-1351
-600
273
986
1409
1675
1634
749
-135
-368
79
-26
-542
-584
-909
-1836
-3107
-3251
-3081
-3533
-3951
-3888
-3270
-3109
-2970
-2724
-2557
-2368
-2166
-1459
-424
745
1611
1954
2178
2425
2736
2930
3111
3405
3588
3466
3220
3175
3049
2461
1620
1061
704
278
-39
-159
-347
-877
-1465
-1762
-1816
-1743
-1596
-1354
-1025
-727
-459
-261
-70
221
503
785
1043
1559
2163
2429
2296
2078
2079
1917
1564
1360
1453
1538
1240
813
540
261
-187
-660
-879
-935
-1138
-1232
-1199
-1145
-1255
-1444
-1462
-1497
-1415
-1174
-827
-448
-142
26
-415
-2565
-5929
-8310
-8077
-6564
-6204
-5372
-3215
-1735
-2712
-3829
-1983
-374
-990
-1357
944
4079
4946
5606
7013
7200
5395
3499
3665
4502
5076
5769
6243
6151
5450
4749
3862
2608
1669
1018
370
148
799
1568
1224
25
-1051
-2002
-2913
-3273
-2722
-1840
-1436
-1299
-1084
-832
-805
-1122
-1389
-1419
-1160
-835
-511
-2
373
114
-799
-1533
-1685
-1776
-2072
-2086
-1630
-1392
-1697
-1884
-1671
-1701
-2228
-2558
-2158
-1567
-1210
-813
-290
-42
-259
-387
-83
296
536
770
1132
1449
1535
1552
1468
1255
976
743
657
687
786
767
473
91
-161
-369
-628
-826
-778
-687
-740
-699
-437
-171
-179
-254
-152
82
256
391
640
912
1077
1046
1032
1125
1271
1348
1351
1387
1448
1547
1535
1427
1287
1106
813
443
317
353
305
97
-78
-137
-221
-309
-336
-321
-374
-539
-664
-633
-540
-664
-915
-1002
-940
-866
-806
-636
-470
-474
-483
-412
-197
10
52
-11
-44
74
160
-411
-1601
-2548
-2621
-2389
-2926
-2911
-1995
-1406
-2039
-2464
-1339
-776
-1268
-1405
-498
340
247
845
1911
2457
2073
1452
1485
1742
2073
2324
2704
3205
3292
2959
2678
2796
2744
2151
1556
1550
1801
1732
1487
1282
993
194
-668
-975
-790
-659
-1055
-1184
-914
-552
-652
-865
-618
-553
-792
-1008
-560
83
212
-26
-223
-169
-231
-525
-650
-449
-404
-758
-966
-628
-357
-717
-1217
-1363
-1288
-1416
-1528
-1266
-987
-1058
-1365
-1396
-1181
-1091
-1081
-1048
-836
-623
-444
-249
12
160
28
-175
-179
118
322
203
30
54
96
-148
-203
25
123
10
73
385
593
579
564
664
691
622
651
973
1266
1256
1246
1208
1184
1108
1056
1139
1044
728
616
979
1237
805
568
873
791
263
53
282
251
35
43
-106
-343
-357
-388
-559
-593
-417
-423
-435
-133
117
-2
-223
-192
-41
-198
-331
-48
308
303
171
207
173
-3
-266
-497
-494
-343
-262
-200
-181
-417
-612
-697
-1032
-1324
-1152
-950
-899
-645
-430
-538
-669
-549
-570
-793
-724
-372
-88
-124
-30
343
453
286
170
379
654
649
631
735
749
603
615
859
820
614
546
541
473
281
155
62
-10
-88
-63
77
128
145
105
38
-39
118
132
0
74
252
289
35
-75
-62
37
60
-204
-414
-370
-286
-254
-268
-141
-56
33
145
-27
-178
-456
-514
-268
91
199
-10
-91
-155
-372
-424
-185
-217
-348
-353
-277
-196
-89
105
-1
-280
-282
-178
-84
-152
-191
142
183
-138
-105
-35
-401
-682
-208
87
-283
-221
238
117
-139
-95
-131
-67
15
6
-186
138
401
51
-210
-10
471
722
572
-86
83
696
1025
647
425
511
510
757
930
936
483
119
207
572
582
247
233
325
273
190
367
483
68
-108
411
690
84
-333
141
501
234
12
177
316
-4
-411
-467
-173
-393
-614
-363
-244
-605
-864
-556
-505
-806
-1030
-680
-356
-564
-1040
-1116
-678
-504
-495
-446
-217
-322
-638
-284
233
-100
-609
-201
296
222
233
245
-154
-417
7
299
293
289
87
-140
-249
131
355
-51
-178
-84
55
48
-115
-177
165
306
-364
-387
537
634
-38
131
495
205
-60
98
648
805
156
-41
320
348
40
409
851
149
-232
-34
471
774
438
-114
-105
420
595
546
595
486
421
482
402
305
286
-111
-225
287
458
-2
-128
92
-99
-103
27
-159
-781
-483
177
319
-369
-776
-296
-68
-503
-1000
-444
-40
-326
-370
38
-356
-603
-241
-215
-477
-156
220
-518
-596
-86
44
-419
-758
-825
-646
-489
-469
-436
-565
-783
-963
-414
-97
-312
-134
-6
9
129
692
817
261
304
285
205
354
729
813
399
213
325
805
958
243
-167
297
809
733
216
222
540
479
-161
-94
659
532
-104
-238
147
384
286
89
47
77
297
783
656
-214
-284
733
608
-491
-334
442
122
-622
-316
43
-497
-590
-203
-346
-657
-272
-4
-491
-877
-376
214
35
-493
-445
156
-9
-549
-223
217
-356
-628
70
224
-145
-327
-140
52
-77
-212
-133
153
-197
-270
223
355
-14
-355
-195
57
-63
-298
119
344
74
267
209
-358
-99
550
501
325
483
-131
-250
808
753
88
26
116
61
504
234
-556
-109
463
-72
-458
-83
2
-291
-273
135
308
-41
-532
-285
-131
-254
2
232
-31
-366
-156
325
284
-408
-743
-248
163
-209
-277
48
-88
-334
-201
-177
-393
-319
-252
-410
-390
-107
59
124
293
50
52
315
239
142
383
537
218
504
620
102
-134
187
421
109
66
64
-106
-169
-164
137
97
-141
-73
97
-79
-210
207
382
-66
-400
94
300
-215
-156
453
242
-351
15
636
130
-295
-9
139
-107
51
498
225
8
151
259
-226
-217
65
-144
-158
-14
107
-27
-78
-78
-262
-206
-225
-397
-385
42
235
-384
-547
55
300
-366
-619
-63
203
-55
-128
55
57
-100
-32
-7
-222
-272
160
72
-314
296
759
278
-207
123
-2
-259
20
138
187
621
633
199
119
267
55
-207
-103
128
375
238
-27
261
344
-184
-314
106
103
-462
-143
204
-62
-324
16
503
44
-485
-520
-164
-218
-370
-50
28
23
-12
-76
-127
-183
-214
-381
-314
-177
-197
58
-33
-252
98
122
-680
-904
130
131
-739
-97
795
161
-441
80
585
405
-51
59
584
514
33
184
594
214
40
612
454
-64
153
443
119
-345
-24
299
46
-49
20
-185
-97
253
-137
-339
22
233
-297
-186
246
129
203
64
-140
-27
91
-90
160
541
-106
-550
132
586
-10
-396
6
163
-9
36
60
-130
-210
-53
256
116
-183
-342
6
316
-56
-274
-285
-395
-247
73
62
-325
-471
-65
250
69
-345
-88
272
-218
-548
58
387
-130
-35
331
180
-189
-350
-224
42
263
-54
-103
381
202
-219
90
307
-47
-147
116
284
-142
-43
239
104
-210
28
582
-174
-746
17
475
-190
-221
304
82
-329
-101
61
-219
-56
77
-107
-23
101
-2
67
141
-57
-438
-24
719
356
-259
-131
378
103
-222
180
291
-196
-242
102
193
-144
-184
51
-88
-339
-314
-38
-134
-212
-132
-10
-89
-159
41
147
103
-128
-155
40
247
390
310
211
353
241
-21
121
430
361
-109
-111
195
127
-34
72
304
-97
-555
-221
142
-210
-354
8
-111
-311
110
383
94
-156
-49
66
-267
-222
390
556
-97
-201
561
493
-318
-584
-73
304
-235
-581
14
340
-328
-473
-140
-261
-423
3
175
-114
-139
-132
95
98
66
12
30
43
-59
259
464
233
136
-3
-257
-278
41
204
166
164
89
-101
-28
225
35
-21
-130
-189
-130
161
350
41
-42
2
-52
-82
123
205
-94
-150
-135
-169
82
351
120
-391
-156
251
-59
-251
76
125
-63
-220
-114
156
162
19
-29
48
-239
-323
209
523
123
-175
42
314
-158
-451
50
141
-158
-16
323
-9
-223
136
-107
-440
-67
205
18
-20
127
-75
-168
45
154
-2
-56
-123
31
196
93
-75
-72
-121
-307
63
558
310
-297
-191
136
77
47
-9
-196
-88
196
-25
-77
320
156
-345
-5
350
-121
-432
0
269
28
-196
-125
332
212
-215
-186
60
-36
29
303
-12
-259
10
-61
-184
212
118
-222
73
385
83
-231
-344
-60
284
-133
-432
123
613
40
-352
57
307
114
-519
-408
476
341
-361
-69
184
-196
-95
458
-6
-340
317
299
-348
-398
93
122
-53
-94
142
224
105
-74
-134
14
-204
-154
200
276
-155
-324
87
179
-173
188
419
-207
-626
-164
459
98
-252
109
280
-127
-415
228
542
-170
-416
-123
-15
-52
284
307
132
39
-103
-310
-82
275
117
-223
-177
197
312
29
-134
-97
59
12
-274
-135
270
284
-242
-376
194
411
-137
-326
91
-53
-499
72
599
12
-232
53
-24
-22
143
-177
-265
136
119
42
316
210
-233
-71
155
-93
-171
-44
-39
-113
271
418
-59
-167
233
104
-442
-216
180
-40
-257
130
416
76
-55
-51
109
-155
-248
-165
161
367
-102
-323
91
320
-201
-307
162
224
-232
-218
130
60
-194
-143
60
204
-216
-300
-108
193
132
-17
-61
-124
52
74
-70
-82
241
40
-413
-219
330
383
88
117
151
5
94
-18
-32
74
233
-23
120
298
34
-28
96
145
-166
-234
-22
296
-27
-270
-16
379
-135
-469
54
234
-128
-346
-75
104
-53
-154
-46
15
-67
-104
8
3
-43
61
-120
-226
206
296
-244
-597
-269
49
110
109
117
201
184
-270
-343
-112
-73
-95
86
152
-73
211
279
106
-93
-108
-45
-114
-133
-56
112
227
79
-10
111
133
12
-167
-230
1
148
128
-134
68
335
91
-52
142
236
90
145
120
-34
-129
-170
300
406
150
-194
135
160
-95
86
-106
-167
-153
32
-170
-41
-18
-132
-93
135
138
-102
2
-155
-47
202
199
-74
-84
327
115
-250
-66
-4
-282
-243
-107
-195
-332
-110
159
32
187
48
20
58
8
5
-108
25
-67
-248
15
81
173
5
-198
19
-215
-122
-148
119
304
130
270
233
136
8
-7
-41
-303
-368
6
193
212
282
117
-2
-206
-141
-144
-145
401
12
-87
-41
102
476
-58
-77
-568
-338
-10
35
218
-233
-6
88
40
-43
-28
90
-11
128
49
89
182
114
15
-59
-94
-31
32
-73
-41
61
153
-55
-220
11
-81
11
-91
55
202
-29
-20
-109
62
-21
-87
-136
-62
-85
113
248
28
-146
19
250
-156
-79
65
59
-135
-222
118
189
127
6
-41
160
-83
-97
-76
110
190
-253
39
71
55
-163
-135
-14
-98
42
48
17
164
77
57
129
-59
222
-189
-89
-312
-152
97
-110
328
95
148
76
21
-149
-392
-108
17
29
129
199
137
76
-134
96
69
-156
-119
-64
8
-165
-130
87
44
8
-24
79
-61
20
180
90
-53
-299
48
197
119
-57
52
-69
-233
-72
110
156
-66
134
138
122
-30
-116
-81
-139
-39
-60
-45
29
175
156
8
-132
-124
-165
12
108
9
-34
-18
12
-60
124
95
2
6
32
143
105
-163
-247
-159
-79
82
210
126
-139
4
132
77
-57
-181
-104
-95
-107
-80
0
263
384
201
55
-234
-279
-307
-84
225
22
7
134
271
153
12
123
-70
-192
-171
-166
3
124
252
162
30
169
213
69
-197
-216
-98
-76
-62
66
189
223
131
24
-96
-227
-182
-110
10
52
150
70
-7
-186
-52
33
-75
-36
-81
-13
-99
-17
-19
-242
-166
-198
-115
37
6
-19
-173
4
57
-26
155
44
1
-122
84
108
97
420
411
224
226
223
149
43
79
69
168
394
340
149
13
-70
-119
-120
-138
-155
-208
-329
-293
-186
-155
-231
-308
-293
-320
-228
-345
-380
-287
-202
-84
-78
-73
-144
-162
-224
-333
-241
-117
-77
-73
81
228
-3
-312
-299
-53
-12
-187
-222
-136
38
115
45
147
267
126
66
158
262
242
512
786
700
508
572
730
768
512
445
491
425
367
306
387
291
175
95
11
11
14
-83
-114
-187
-171
-234
-199
-90
-167
-142
-132
-173
-265
-385
-445
-535
-526
-338
-129
27
53
56
142
35
-34
-198
-234
-167
-207
-260
-406
-340
-394
-500
-431
-429
-580
-702
-517
-381
-345
-282
-181
-201
-250
-232
-235
-253
-340
-360
-312
-248
-208
-232
-211
-133
62
148
145
189
180
241
229
265
221
241
211
132
162
176
298
354
430
451
550
641
601
644
588
464
403
620
855
841
856
811
728
561
590
582
494
515
517
680
813
867
750
596
647
461
323
140
15
-115
-351
-640
-1011
-1139
-1295
-1507
-1786
-2092
-2326
-2498
-2447
-2462
-2434
-2300
-2151
-1917
-1793
-1599
-1350
-1049
-727
-390
59
481
746
978
1227
1534
1662
1809
2135
2509
2737
2877
3101
3279
3407
3403
3462
3540
3537
3465
3295
3107
2773
2378
1843
1247
741
136
-457
-1061
-1515
-1950
-2448
-2871
-3242
-3483
-3833
-4082
-4149
-4157
-4081
-4055
-3993
-3973
-3870
-3626
-3425
-3201
-2872
-2405
-1986
-1621
-1186
-823
-448
-18
341
574
731
861
1044
1182
1319
1455
1526
1650
1715
1745
1664
1724
1926
1873
1708
1611
1623
1617
1544
1626
1707
1754
1831
1854
1804
1791
1906
1998
2019
2030
1972
1836
1744
1581
1345
1074
788
581
456
377
241
53
-139
-288
-391
-505
-616
-663
-714
-801
-881
-891
-937
-1010
-1077
-1136
-1241
-1343
-1381
-1360
-1238
-1108
-1045
-1004
-875
-710
-553
-431
-389
-390
-432
-455
-452
-428
-403
-447
-505
-530
-530
-591
-671
-708
-711
-722
-766
-836
-854
-766
-697
-648
-631
-680
-746
-792
-804
-826
-825
-844
-841
-784
-703
-643
-597
-560
-572
-537
-458
-332
-131
90
344
539
737
917
1086
1204
1261
1437
1540
1631
1719
1886
2048
2108
2204
2273
2300
2247
2187
2127
2037
1945
1876
1806
1674
1520
1357
1165
928
710
490
255
65
-71
-210
-388
-513
-572
-618
-709
-788
-859
-990
-1095
-1119
-1114
-1162
-1234
-1273
-1290
-1370
-1484
-1529
-1581
-1628
-1638
-1624
-1583
-1567
-1511
-1532
-1708
-1973
-2178
-2201
-2113
-1882
-1430
-735
9
514
605
340
85
-184
-812
-1879
-2125
-910
81
-87
-648
-528
109
705
1157
1499
2190
3312
4057
4205
4642
5438
5442
4209
2600
1091
-280
-1226
-1683
-1938
-2212
-2273
-1910
-1149
-192
889
1753
2164
2972
4093
4370
3358
1798
376
-1006
-2104
-2730
-2973
-2685
-1682
-363
421
412
-131
-1265
-3089
-4951
-6022
-6284
-5750
-4226
-2219
-1343
-2554
-4686
-5885
-4994
-3286
-3575
-5757
-6401
-3285
2503
9267
15561
20128
22721
23490
21761
16378
8173
169
-4795
-6019
-4550
-2070
-1337
-3922
-6626
-5698
-3318
-3092
-3946
-3469
-1385
851
2142
1853
-409
-3884
-7535
-11263
-14804
-16659
-16239
-14755
-13098
-10442
-5763
-817
1227
945
1815
4572
6780
6836
5455
3438
711
-1924
-3229
-3622
-4006
-4121
-3433
-1873
502
3712
6914
8784
9355
9539
9742
9982
10485
11241
11468
10460
8073
5019
2358
597
50
780
2157
3213
3587
3379
2810
2205
1800
1387
412
-1341
-3530
-5588
-6773
-6192
-4199
-2137
-796
-155
750
3334
6612
6843
2501
-3932
-8961
-10820
-9980
-8298
-7297
-7174
-8041
-10152
-11961
-10948
-7056
-2962
-769
20
1291
3130
4578
5037
4628
5180
6609
7951
9312
10895
11995
11238
8392
5126
2825
689
-2260
-6270
-6574
-1199
3608
927
-10702
-22045
-24978
-22192
-19143
-16623
-12460
-7559
-4676
-2386
2667
9658
13209
10460
6475
5788
6519
6387
5559
4853
4821
5156
5182
4599
3469
1923
-102
-2224
-2601
547
5243
8013
7744
5845
4105
2746
1053
-831
-1882
-1428
-96
1111
1873
2240
2482
2800
3359
4004
4441
4555
4448
4147
3721
3164
2448
1705
1053
543
64
-238
-392
-659
-1197
-1904
-2501
-2727
-3075
-3754
-4342
-4569
-5483
-8117
-8684
-5223
-1474
143
-61
-2152
-5168
-6831
-6431
-5090
-2725
145
2587
4136
4838
4595
3737
4679
6050
5879
4512
2945
311
-4919
-11187
-16050
-18183
-18245
-17223
-15310
-12649
-9954
-7863
-5957
-3298
167
3757
8054
13916
18805
16373
6675
-1194
-2286
478
3330
6305
9871
12234
12411
11508
10406
8583
5761
2788
827
123
43
479
1492
2447
3538
5259
6552
5425
1425
-3382
-6910
-8647
-9224
-9204
-8691
-7708
-6527
-5529
-4617
-3570
-2280
-650
1485
4152
7095
10014
12901
15629
17442
17615
15990
12895
8854
4539
719
-2344
-4824
-6918
-8634
-9803
-10393
-10536
-10242
-9631
-8938
-8431
-8128
-7956
-7779
-7535
-7268
-6912
-6463
-5909
-5241
-4580
-3828
-3011
-2308
-1664
-991
-162
697
1423
2031
2615
3101
3376
3407
3385
3322
3152
2993
2611
2183
1712
1946
2293
816
-351
307
1653
2717
2852
2273
1377
1110
2743
4320
4356
4208
4476
4530
4064
3712
3310
3117
2992
2207
985
-545
-2308
-3505
-4160
-4689
-4475
-3757
-2415
-761
266
925
1613
2319
2617
2569
2347
2305
2959
4325
5875
6958
7219
6665
5202
2787
-460
-4259
-7398
-8573
-8240
-8315
-10246
-13451
-15882
-16306
-15035
-13314
-11815
-10436
-8697
-6159
-2844
826
4375
7659
10543
12564
13450
13538
13239
12458
10904
8577
5703
2488
-689
-3368
-5102
-5640
-5056
-3591
-1679
225
1894
3297
4381
5058
5382
5344
4952
4351
3718
3128
2549
2027
1564
1263
1038
695
257
-208
-582
-962
-1383
-1745
-2028
-2248
-2477
-2674
-2772
-2747
-2699
-2656
-2586
-2449
-2248
-2107
-1979
-1806
-1626
-1442
-1308
-1127
-900
-766
-654
-550
-493
-518
-509
-467
-476
-587
-762
-877
-946
-1125
-1410
-1688
-2053
-2489
-2962
-3240
-3284
-3311
-3359
-3349
-3281
-3315
-3372
-3350
-3209
-2983
-2775
-2509
-2015
-1317
-523
272
1063
1864
2624
3309
3901
4441
5048
5719
6433
7172
7749
8111
8225
8056
7764
7426
7043
6568
5871
5000
4109
3326
2591
1842
1271
852
431
5
-428
-949
-1508
-1968
-2326
-2684
-3204
-3765
-4178
-4389
-4411
-4350
-4195
-3961
-3743
-3543
-3320
-3072
-2764
-2446
-2114
-1824
-1600
-1367
-1173
-1099
-1177
-1310
-1435
-1586
-1736
-1793
-1688
-1437
-1038
-494
99
705
1260
1765
2283
2717
3071
3370
3587
3579
3088
2099
778
-679
-2030
-3091
-3830
-4289
-4566
-4687
-4645
-4496
-4257
-3903
-3469
-3019
-2525
-1951
-1327
-614
200
1108
2108
3070
3961
4796
5487
6034
6445
6665
6761
6811
6789
6572
6085
5357
4451
3451
2361
1174
14
-999
-1847
-2507
-2961
-3248
-3426
-3546
-3695
-3971
-4405
-4870
-5210
-5388
-5453
-5452
-5357
-5194
-5020
-4800
-4486
-4013
-3380
-2753
-2222
-1694
-1013
-188
567
1181
1792
2679
3798
4708
5262
5688
6119
6452
6639
6936
7409
7734
7765
7494
6881
5939
4746
3512
2358
1347
560
-96
-730
-1306
-1784
-2222
-2691
-3119
-3387
-3513
-3550
-3515
-3398
-3275
-3266
-3391
-3608
-3885
-4206
-4511
-4725
-4820
-4815
-4752
-4664
-4544
-4358
-4091
-3740
-3230
-2514
-1648
-637
493
1632
2677
3502
3997
4151
3940
3430
2828
2214
1591
1039
581
183
-169
-493
-761
-1008
-1276
-1475
-1508
-1401
-1174
-793
-236
459
1200
1871
2443
2933
3294
3513
3621
3638
3579
3435
3291
3204
3080
2927
2818
2723
2589
2402
2277
2260
2198
1964
1598
1190
693
3
-837
-1702
-2500
-3139
-3552
-3845
-4164
-4495
-4741
-4955
-5295
-5752
-6079
-6102
-5934
-5732
-5444
-4954
-4325
-3740
-3247
-2745
-2124
-1342
-536
133
913
2132
3381
3921
3821
3759
4028
4534
5167
5697
6131
6877
7900
8663
8923
8766
8179
7116
5648
3933
2248
873
-176
-1094
-1908
-2502
-2958
-3489
-4069
-4488
-4739
-4980
-5192
-5260
-5227
-5207
-5222
-5214
-5134
-4991
-4797
-4533
-4212
-3861
-3449
-2892
-2215
-1555
-989
-456
110
655
1138
1623
2163
2741
3296
3741
4007
4059
3956
3776
3520
3196
2868
2577
2315
2036
1700
1321
909
464
10
-403
-760
-1063
-1283
-1391
-1422
-1440
-1460
-1455
-1387
-1251
-1036
-718
-314
107
519
912
1210
1397
1582
1841
2117
2329
2484
2665
2857
2948
2913
2857
2829
2734
2466
1999
1386
694
-50
-926
-1973
-2942
-3534
-3814
-4138
-4627
-5052
-5293
-5578
-6121
-6693
-6845
-6492
-6006
-5644
-5245
-4598
-3831
-3209
-2716
-2104
-1232
-228
728
1631
2624
3766
4899
5797
6416
6892
7298
7565
7641
7620
7620
7611
7490
7158
6596
5873
5114
4374
3586
2720
1869
1107
347
-531
-1447
-2171
-2676
-3235
-4001
-4769
-5331
-5736
-6054
-6200
-6128
-5968
-5857
-5797
-5703
-5548
-5350
-5041
-4575
-4009
-3388
-2663
-1872
-1158
-567
14
643
1227
1692
2112
2614
3138
3535
3809
4049
4207
4178
4012
3829
3681
3535
3366
3142
2802
2314
1755
1213
676
123
-378
-757
-1046
-1306
-1526
-1674
-1721
-1650
-1468
-1176
-773
-314
114
476
784
1012
1072
908
622
404
329
317
347
490
705
874
987
1096
1182
1231
1308
1387
1329
1114
910
738
355
-340
-1013
-1277
-1291
-1562
-2214
-2916
-3518
-4304
-5423
-6475
-6945
-6826
-6563
-6421
-6219
-5722
-5048
-4504
-4112
-3580
-2722
-1726
-906
-310
302
1061
1787
2295
2708
3242
3902
4546
5142
5751
6400
7024
7483
7654
7566
7412
7309
7181
6901
6463
5924
5272
4446
3458
2459
1650
1075
542
-175
-1050
-1858
-2521
-3150
-3745
-4114
-4182
-4130
-4171
-4288
-4294
-4089
-3762
-3440
-3140
-2755
-2237
-1680
-1194
-731
-196
354
754
989
1255
1689
2178
2513
2637
2630
2554
2341
1960
1495
1100
788
444
-29
-591
-1158
-1700
-2209
-2659
-3013
-3288
-3496
-3673
-3840
-3996
-4052
-3976
-3833
-3676
-3442
-3078
-2634
-2150
-1582
-944
-368
80
462
811
1107
1434
1919
2476
2841
2943
2954
2983
2964
2927
3033
3280
3396
3207
2807
2314
1622
589
-625
-1611
-2097
-2260
-2527
-3093
-3739
-4266
-4845
-5672
-6377
-6344
-5584
-4811
-4455
-4166
-3538
-2802
-2360
-2009
-1176
229
1693
2815
3712
4696
5763
6675
7341
7954
8704
9504
10114
10423
10556
10632
10564
10195
9547
8828
8183
7553
6808
5893
4822
3592
2192
689
-782
-2076
-3077
-3811
-4499
-5402
-6518
-7592
-8470
-9192
-9706
-9798
-9468
-9095
-8994
-9037
-8930
-8600
-8151
-7600
-6856
-5912
-4875
-3896
-3079
-2407
-1758
-1073
-445
84
655
1361
2029
2424
2554
2605
2623
2543
2404
2343
2381
2362
2159
1770
1292
825
447
175
-5
-98
-131
-200
-381
-628
-800
-829
-724
-504
-173
228
628
995
1326
1652
2042
2546
3116
3631
4043
4363
4584
4718
4858
5081
5310
5412
5383
5319
5240
5095
4833
4424
3823
3017
1992
647
-1030
-2645
-3597
-3824
-4018
-4788
-5924
-6933
-7873
-9046
-10049
-10039
-8982
-7913
-7646
-7880
-7891
-7507
-6967
-6203
-4867
-2975
-1114
118
736
1329
2396
3814
5142
6246
7341
8422
9123
9292
9291
9499
9810
9857
9546
9086
8631
8118
7420
6501
5429
4262
2982
1587
240
-845
-1702
-2617
-3755
-4951
-6005
-6934
-7732
-8207
-8271
-8180
-8214
-8347
-8413
-8346
-8096
-7524
-6660
-5767
-5032
-4355
-3616
-2827
-1989
-1028
19
955
1681
2283
2865
3433
3945
4379
4712
4914
4986
4958
4879
4764
4545
4163
3658
3135
2640
2160
1696
1261
801
259
-313
-805
-1166
-1412
-1570
-1680
-1783
-1886
-1936
-1893
-1716
-1365
-872
-372
64
515
1005
1393
1597
1797
2182
2648
2971
3140
3287
3396
3340
3159
3053
3084
3063
2754
2114
1275
332
-819
-2268
-3679
-4423
-4377
-4359
-5192
-6604
-7677
-8238
-8860
-9521
-9350
-8119
-6975
-6969
-7607
-7640
-6743
-5574
-4483
-3112
-1301
358
1244
1588
2235
3640
5392
6845
7884
8826
9739
10300
10395
10436
10801
11292
11437
11111
10594
10071
9396
8400
7187
6003
4930
3837
2622
1339
75
-1211
-2566
-3882
-4988
-5855
-6574
-7177
-7663
-8113
-8603
-9012
-9127
-8919
-8531
-8053
-7488
-6920
-6486
-6125
-5567
-4649
-3520
-2444
-1537
-759
-87
492
1074
1794
2632
3362
3788
3937
3960
3954
3933
3905
3865
3759
3505
3100
2601
2073
1577
1132
717
288
-132
-500
-811
-1101
-1363
-1564
-1715
-1827
-1857
-1721
-1480
-1275
-1127
-891
-471
49
569
1076
1562
1928
2147
2344
2645
3044
3442
3729
3803
3674
3527
3527
3555
3348
2872
2320
1689
621
-1040
-2742
-3610
-3477
-3295
-4079
-5660
-6984
-7621
-8169
-8885
-8931
-7808
-6583
-6665
-7708
-8030
-6927
-5363
-4257
-3268
-1800
-234
626
896
1581
3218
5169
6527
7238
7963
8983
9798
10011
9995
10354
10982
11231
10875
10345
9940
9369
8297
6967
5894
5147
4304
3067
1606
183
-1169
-2489
-3643
-4485
-5172
-5971
-6892
-7747
-8393
-8805
-8960
-8880
-8720
-8583
-8400
-8078
-7634
-7119
-6469
-5644
-4727
-3806
-2914
-2057
-1274
-550
200
994
1797
2555
3178
3556
3671
3703
3811
3957
4034
4014
3903
3594
3061
2507
2135
1902
1603
1184
731
247
-291
-781
-1079
-1215
-1356
-1539
-1668
-1699
-1670
-1561
-1305
-988
-737
-473
-12
602
1122
1460
1727
1983
2204
2474
2899
3354
3601
3594
3478
3360
3312
3391
3448
3149
2434
1595
736
-456
-1943
-2950
-2948
-2710
-3481
-5239
-6699
-7144
-7271
-7765
-8115
-7600
-6777
-6804
-7622
-7886
-6858
-5307
-4282
-3673
-2708
-1276
-77
554
1220
2590
4384
5750
6485
7207
8296
9234
9470
9334
9597
10314
10804
10631
10090
9564
8953
8015
6927
6110
5567
4798
3403
1635
77
-1007
-1851
-2691
-3517
-4322
-5309
-6508
-7534
-8007
-8056
-8087
-8223
-8324
-8326
-8234
-7969
-7482
-6855
-6215
-5577
-4931
-4234
-3403
-2464
-1634
-1014
-379
465
1359
2049
2569
3017
3310
3424
3599
3948
4226
4196
3914
3527
3092
2735
2569
2462
2146
1602
1014
469
-41
-420
-612
-775
-1065
-1377
-1543
-1588
-1560
-1393
-1126
-1002
-1054
-907
-303
428
818
938
1210
1665
1977
2113
2395
2843
3067
2968
2929
3132
3262
3111
2882
2689
2309
1709
1103
386
-812
-2199
-2871
-2671
-2701
-3814
-5363
-6217
-6389
-6707
-7251
-7290
-6682
-6303
-6733
-7292
-6918
-5615
-4374
-3783
-3325
-2287
-887
111
646
1475
2958
4446
5313
5889
6828
7966
8577
8580
8684
9333
10057
10180
9715
9174
8751
8168
7307
6493
5973
5458
4450
2901
1308
151
-619
-1407
-2380
-3344
-4224
-5231
-6371
-7172
-7324
-7232
-7425
-7803
-7948
-7859
-7800
-7688
-7247
-6545
-5878
-5322
-4757
-4166
-3535
-2760
-1885
-1092
-376
416
1182
1657
1941
2377
2941
3308
3441
3597
3784
3747
3480
3233
3094
2944
2710
2429
2052
1573
1112
727
365
19
-243
-432
-662
-921
-1133
-1287
-1367
-1296
-1048
-769
-569
-419
-281
-113
195
708
1252
1588
1763
1957
2167
2324
2498
2816
3115
3154
2987
2804
2684
2510
2213
1829
1341
716
-187
-1396
-2479
-2864
-2717
-3089
-4485
-5901
-6278
-6076
-6414
-7117
-7046
-6267
-6010
-6573
-6733
-5721
-4468
-3969
-3786
-2911
-1383
-141
444
935
1910
3234
4346
5112
5898
6905
7758
8002
7954
8314
9095
9570
9323
8824
8553
8283
7654
6809
6138
5585
4758
3581
2305
1150
116
-855
-1733
-2512
-3255
-4097
-5123
-6107
-6703
-6869
-6949
-7186
-7384
-7388
-7367
-7410
-7258
-6696
-5997
-5476
-5053
-4535
-3944
-3342
-2614
-1740
-935
-293
327
978
1520
1935
2409
2944
3323
3490
3620
3743
3688
3436
3207
3084
2925
2639
2307
1957
1522
1039
636
336
64
-183
-410
-703
-1057
-1273
-1244
-1143
-1134
-1107
-955
-772
-640
-452
-129
230
546
858
1166
1387
1553
1822
2231
2601
2757
2742
2721
2798
2877
2769
2430
2008
1645
1249
618
-280
-1250
-1988
-2319
-2468
-2986
-4079
-5193
-5661
-5650
-5830
-6226
-6251
-5835
-5675
-6005
-6079
-5329
-4289
-3715
-3408
-2648
-1397
-329
208
664
1570
2834
3957
4724
5391
6173
6865
7186
7338
7781
8499
8904
8668
8176
7887
7663
7153
6437
5850
5369
4670
3623
2410
1237
216
-582
-1220
-1919
-2811
-3802
-4747
-5557
-6115
-6353
-6435
-6624
-6933
-7141
-7143
-7031
-6805
-6373
-5805
-5283
-4812
-4284
-3758
-3321
-2761
-1858
-836
-130
274
717
1254
1676
2045
2596
3170
3371
3238
3159
3212
3161
2988
2892
2809
2503
2029
1657
1395
1053
665
411
256
24
-289
-570
-792
-970
-1025
-923
-791
-737
-723
-674
-582
-425
-170
148
431
639
838
1097
1408
1672
1825
1963
2212
2480
2528
2366
2244
2233
2149
1927
1699
1440
930
114
-790
-1526
-1926
-2015
-2204
-2981
-4169
-4974
-5067
-5032
-5363
-5690
-5522
-5162
-5170
-5355
-5096
-4361
-3713
-3336
-2771
-1738
-636
22
352
925
1996
3202
4078
4626
5165
5773
6219
6456
6802
7410
7909
7900
7537
7251
7099
6778
6199
5608
5141
4633
3893
2920
1813
703
-253
-962
-1487
-2008
-2734
-3747
-4819
-5526
-5716
-5707
-5846
-6086
-6267
-6450
-6654
-6617
-6182
-5616
-5214
-4863
-4347
-3790
-3417
-3082
-2429
-1463
-559
37
443
853
1258
1625
2044
2561
3001
3160
3072
2951
2920
2918
2863
2741
2572
2346
2054
1707
1333
994
743
543
310
39
-223
-493
-809
-1063
-1061
-848
-697
-730
-764
-667
-548
-448
-180
278
608
657
719
1016
1285
1288
1309
1646
2057
2142
1988
1902
1886
1813
1764
1771
1579
1088
613
309
-165
-999
-1730
-1949
-2005
-2497
-3390
-4132
-4460
-4611
-4814
-4973
-4921
-4721
-4614
-4673
-4637
-4209
-3483
-2853
-2425
-1877
-1031
-227
233
626
1406
2469
3336
3880
4392
4993
5465
5717
5983
6446
6914
7097
6975
6750
6529
6253
5870
5418
4950
4443
3825
3073
2255
1423
548
-423
-1312
-1789
-1938
-2412
-3605
-4877
-5331
-5120
-5131
-5565
-5823
-5756
-5884
-6219
-6108
-5412
-4847
-4750
-4582
-3963
-3279
-2917
-2655
-2143
-1408
-610
97
530
697
926
1449
2022
2386
2681
2979
3012
2713
2536
2744
2921
2683
2283
2084
1953
1618
1196
912
697
446
248
153
-6
-324
-620
-728
-686
-600
-505
-446
-486
-544
-485
-294
-65
139
336
482
568
692
917
1131
1206
1260
1489
1805
1899
1693
1475
1445
1478
1414
1287
1124
761
172
-378
-719
-1013
-1461
-1941
-2293
-2642
-3156
-3729
-4085
-4171
-4175
-4230
-4298
-4250
-4081
-3924
-3807
-3549
-2959
-2204
-1630
-1253
-782
-111
532
1038
1648
2490
3308
3818
4125
4505
4959
5315
5574
5870
6173
6279
6108
5812
5554
5323
5019
4643
4239
3770
3167
2438
1692
1029
410
-312
-1177
-1927
-2276
-2435
-2983
-4031
-4884
-4978
-4730
-4867
-5294
-5433
-5305
-5363
-5480
-5124
-4434
-4063
-4034
-3740
-3040
-2432
-2116
-1767
-1215
-616
-27
550
913
1008
1186
1664
2125
2307
2435
2630
2610
2336
2248
2462
2494
2142
1817
1744
1594
1198
876
774
620
331
149
105
-51
-332
-470
-406
-342
-358
-340
-265
-202
-155
-103
-44
77
310
526
586
601
743
926
978
988
1134
1320
1370
1338
1347
1310
1123
927
881
889
763
455
8
-501
-899
-1079
-1256
-1713
-2285
-2560
-2606
-2929
-3581
-3963
-3768
-3501
-3649
-3907
-3760
-3359
-3185
-3177
-2858
-2155
-1492
-1124
-828
-319
352
945
1395
1885
2563
3267
3700
3863
4094
4546
4954
5087
5122
5291
5447
5323
5015
4808
4703
4465
4028
3551
3107
2600
1986
1373
844
327
-321
-1168
-2033
-2527
-2529
-2592
-3322
-4361
-4749
-4399
-4242
-4654
-4902
-4594
-4372
-4591
-4598
-4014
-3492
-3473
-3373
-2737
-2063
-1815
-1649
-1196
-681
-278
223
793
1075
1109
1336
1780
2047
2103
2256
2441
2351
2135
2148
2243
2038
1683
1571
1577
1320
918
729
682
458
148
43
50
-110
-376
-479
-407
-354
-385
-432
-441
-353
-174
-68
-113
-82
200
471
466
415
615
833
749
590
756
1108
1238
1124
1003
927
845
853
969
989
826
642
491
219
-178
-492
-640
-811
-1159
-1588
-1903
-2062
-2289
-2779
-3285
-3310
-2901
-2757
-3184
-3529
-3206
-2678
-2618
-2729
-2300
-1500
-1100
-1138
-896
-145
516
736
982
1676
2453
2793
2836
3086
3603
4034
4204
4303
4481
4606
4518
4290
4139
4108
4000
3674
3243
2861
2482
1989
1447
1034
734
344
-257
-1010
-1702
-2057
-2037
-2091
-2687
-3550
-3921
-3698
-3583
-3883
-4078
-3863
-3696
-3844
-3839
-3413
-3026
-2986
-2857
-2319
-1766
-1559
-1451
-1126
-706
-334
87
540
813
905
1068
1360
1615
1799
1995
2122
2069
1971
1994
2025
1880
1661
1582
1558
1371
1056
802
624
411
239
203
137
-119
-402
-460
-391
-450
-574
-548
-425
-419
-488
-428
-255
-149
-127
-57
89
212
284
376
498
586
612
658
812
1002
1073
1009
973
1062
1138
1078
963
888
821
688
490
208
-158
-450
-568
-737
-1180
-1659
-1796
-1806
-2191
-2794
-2942
-2600
-2501
-2936
-3263
-3006
-2590
-2560
-2676
-2385
-1773
-1370
-1288
-1104
-558
64
426
675
1153
1829
2305
2453
2622
3081
3587
3802
3847
4025
4272
4303
4123
4020
4055
3967
3647
3283
3007
2689
2220
1723
1319
946
503
-6
-614
-1361
-2009
-2170
-1995
-2222
-3124
-3934
-3948
-3611
-3719
-4088
-4037
-3712
-3731
-3945
-3736
-3209
-2963
-2925
-2555
-1911
-1506
-1383
-1160
-716
-212
271
675
917
1119
1456
1789
1898
1963
2227
2457
2370
2219
2301
2346
2054
1723
1705
1739
1463
1051
817
667
406
142
2
-124
-340
-543
-657
-758
-885
-959
-934
-878
-863
-883
-856
-724
-555
-471
-428
-258
22
200
259
396
659
850
901
991
1180
1329
1385
1446
1528
1538
1477
1429
1382
1278
1142
1008
856
662
424
100
-302
-629
-804
-1006
-1421
-1894
-2165
-2297
-2552
-2933
-3201
-3265
-3253
-3263
-3278
-3276
-3236
-3081
-2808
-2515
-2222
-1836
-1383
-992
-643
-177
394
875
1241
1683
2248
2732
3019
3247
3554
3873
4077
4197
4314
4408
4392
4255
4080
3916
3723
3436
3061
2661
2274
1880
1448
983
508
-10
-647
-1325
-1726
-1718
-1750
-2361
-3283
-3673
-3395
-3235
-3588
-3864
-3651
-3444
-3601
-3641
-3196
-2755
-2712
-2644
-2163
-1622
-1404
-1290
-962
-497
-63
309
556
670
867
1231
1485
1502
1593
1872
1968
1737
1602
1748
1769
1475
1248
1272
1188
828
535
483
393
119
-115
-201
-321
-516
-622
-623
-657
-719
-690
-627
-662
-703
-572
-321
-177
-163
-81
139
349
442
533
734
943
1020
1044
1171
1338
1373
1310
1311
1382
1403
1352
1287
1186
1034
919
869
761
544
345
224
50
-229
-474
-653
-895
-1197
-1396
-1509
-1741
-2085
-2327
-2470
-2681
-2860
-2793
-2675
-2866
-3177
-3068
-2599
-2367
-2473
-2366
-1832
-1348
-1209
-1054
-553
38
385
615
1035
1583
1961
2124
2338
2749
3161
3351
3376
3458
3624
3693
3594
3497
3507
3479
3252
2921
2655
2419
2097
1727
1428
1165
814
358
-147
-650
-1026
-1122
-1130
-1486
-2178
-2607
-2492
-2336
-2577
-2865
-2796
-2640
-2752
-2857
-2617
-2306
-2272
-2284
-1995
-1593
-1429
-1406
-1226
-878
-539
-296
-145
-32
152
412
592
649
764
968
1042
943
923
1048
1070
916
831
894
868
655
463
413
384
289
199
152
83
-15
-96
-144
-140
-81
-19
-13
-31
-5
36
54
126
281
401
429
461
544
593
599
682
813
856
845
895
930
826
722
797
905
825
663
617
601
464
327
323
306
142
-34
-99
-169
-315
-426
-485
-618
-799
-858
-863
-1031
-1281
-1328
-1245
-1353
-1607
-1672
-1573
-1653
-1904
-1963
-1755
-1615
-1714
-1850
-1805
-1596
-1362
-1222
-1171
-1045
-751
-447
-290
-149
169
547
758
893
1182
1548
1752
1819
1989
2292
2524
2585
2594
2659
2740
2754
2692
2609
2539
2455
2314
2117
1907
1701
1429
1057
711
553
512
286
-221
-719
-921
-960
-1118
-1381
-1558
-1659
-1826
-2024
-2086
-2037
-2039
-2088
-2052
-1930
-1855
-1842
-1788
-1631
-1426
-1247
-1126
-1014
-841
-634
-485
-388
-225
-4
135
166
231
376
482
490
494
549
592
572
523
492
478
459
420
364
318
303
290
227
146
127
166
177
129
100
137
177
162
140
178
244
282
303
328
339
338
385
466
511
512
532
568
553
529
571
638
625
548
507
516
501
438
377
343
306
231
129
54
38
18
-70
-179
-241
-276
-337
-391
-406
-440
-524
-583
-599
-646
-736
-766
-729
-755
-865
-943
-943
-970
-1050
-1080
-1049
-1056
-1119
-1154
-1138
-1114
-1089
-1048
-995
-923
-799
-648
-544
-471
-328
-105
99
248
421
645
836
962
1105
1315
1514
1625
1694
1790
1890
1936
1939
1949
1964
1940
1865
1771
1680
1577
1439
1292
1165
1040
872
683
523
382
211
28
-114
-233
-379
-534
-640
-721
-849
-997
-1083
-1106
-1141
-1211
-1277
-1311
-1321
-1319
-1307
-1294
-1279
-1246
-1195
-1132
-1070
-1016
-967
-911
-833
-740
-654
-595
-543
-471
-385
-320
-281
-226
-152
-97
-74
-45
4
44
62
76
103
130
162
200
222
219
229
279
333
350
355
394
448
476
488
518
564
594
607
637
680
697
690
699
734
747
722
715
732
717
658
621
640
656
607
506
418
390
406
387
282
157
114
105
21
-96
-127
-119
-214
-368
-422
-392
-439
-570
-640
-626
-638
-706
-763
-778
-795
-815
-815
-806
-814
-832
-841
-824
-775
-721
-712
-745
-730
-620
-509
-487
-497
-434
-323
-245
-188
-88
20
63
81
172
329
440
471
500
586
686
746
789
839
886
911
940
989
1024
1035
1032
1024
1015
1020
1033
1002
921
855
849
845
770
655
570
512
434
334
238
152
47
-73
-186
-275
-355
-447
-545
-638
-712
-769
-821
-878
-939
-975
-969
-961
-987
-1016
-1000
-952
-927
-918
-884
-824
-784
-770
-734
-661
-589
-547
-524
-489
-427
-352
-297
-273
-238
-162
-84
-41
-17
27
92
157
212
261
303
340
378
419
463
504
532
535
533
548
575
591
579
547
528
530
527
500
461
442
433
407
364
343
341
316
287
294
307
270
212
213
254
241
188
178
197
161
82
64
91
76
2
-59
-73
-91
-142
-202
-234
-236
-252
-310
-381
-399
-365
-368
-437
-481
-452
-426
-466
-509
-487
-454
-472
-483
-431
-387
-417
-449
-394
-299
-269
-285
-259
-194
-153
-124
-54
29
60
71
126
219
288
335
392
449
489
545
631
681
664
662
730
790
774
727
712
706
665
620
599
553
458
357
298
259
189
88
-9
-85
-151
-226
-302
-362
-410
-471
-546
-590
-589
-587
-631
-688
-683
-630
-601
-625
-648
-614
-534
-468
-451
-449
-425
-358
-279
-228
-210
-192
-146
-83
-47
-47
-48
-18
30
53
23
-31
-35
36
94
50
-43
-54
32
89
58
22
41
80
110
139
163
158
162
213
278
304
276
234
239
331
449
452
317
213
261
384
426
350
241
176
158
159
180
195
148
21
-84
-36
89
106
-22
-133
-111
-2
68
32
-67
-98
-13
73
51
-3
22
62
35
11
75
128
88
24
21
52
69
62
23
-23
-16
15
-15
-89
-111
-77
-75
-129
-170
-174
-185
-207
-205
-177
-170
-220
-278
-262
-185
-147
-187
-245
-247
-193
-131
-104
-132
-168
-141
-77
-48
-68
-86
-82
-75
-58
-35
-37
-66
-69
-27
14
23
20
23
27
39
65
92
102
99
94
105
142
184
196
190
192
215
230
223
219
220
213
190
167
169
174
149
117
97
83
74
72
66
27
-12
-13
-4
-27
-58
-61
-59
-82
-94
-77
-66
-88
-111
-105
-90
-86
-94
-120
-147
-138
-95
-73
-105
-149
-151
-120
-94
-91
-107
-126
-130
-106
-78
-81
-101
-92
-66
-57
-58
-43
-27
-29
-26
5
38
36
18
23
45
68
90
96
76
66
95
126
115
98
124
153
143
112
109
122
124
133
144
135
100
74
81
102
117
111
79
35
15
35
55
43
16
5
-2
-20
-24
-9
-7
-41
-70
-60
-47
-62
-90
-97
-87
-86
-100
-104
-103
-115
-134
-130
-106
-86
-90
-110
-125
-124
-100
-60
-40
-69
-109
-103
-56
-18
-21
-48
-62
-43
5
45
42
13
9
42
69
70
72
89
103
96
100
133
161
140
100
107
160
181
142
107
132
170
156
109
86
89
91
86
90
93
73
40
25
24
18
-3
-37
-76
-96
-78
-45
-56
-119
-185
-201
-179
-156
-142
-149
-177
-205
-189
-150
-145
-180
-211
-193
-164
-156
-157
-150
-131
-103
-76
-67
-68
-59
-29
-4
3
11
33
42
33
32
55
78
82
85
100
103
94
98
117
122
117
120
135
126
99
95
107
111
100
90
80
62
52
68
87
86
76
71
74
78
87
92
85
73
63
49
31
19
18
5
-23
-32
-14
-10
-36
-56
-39
-11
-16
-42
-52
-45
-49
-66
-74
-74
-75
-88
-100
-98
-87
-76
-79
-88
-82
-63
-58
-75
-86
-70
-56
-62
-74
-80
-76
-70
-59
-44
-41
-48
-49
-28
-3
10
15
24
31
35
41
54
65
66
70
82
86
85
91
110
119
108
102
113
120
110
94
95
96
87
77
67
48
28
21
24
18
-5
-26
-32
-32
-35
-41
-49
-55
-57
-53
-58
-68
-74
-70
-64
-74
-88
-96
-94
-89
-87
-78
-67
-61
-59
-47
-23
-7
-7
-9
-1
11
19
20
22
20
17
17
20
17
10
11
22
29
27
24
29
32
31
29
31
30
20
11
9
9
6
-1
-5
-4
-5
-7
-5
-5
-2
4
15
22
24
23
27
35
38
33
26
23
28
33
28
18
7
2
-1
2
3
-3
-10
-15
-15
-12
-13
-12
-10
