7
5
7
7
6
7
5
4
3
4
5
4
6
6
7
7
9
10
9
7
7
6
7
5
3
1
1
3
0
1
1
0
-3
-2
-2
-5
-7
-6
-2
-5
-10
-7
-4
-4
-5
-5
-6
-8
-7
-5
-5
-9
-6
-2
-4
-6
-7
-3
-3
-5
-6
-8
-7
-5
-6
-9
-12
-10
-9
-12
-14
-10
-9
-7
-6
-1
-1
-4
-5
-3
-3
-4
-2
-1
-2
-2
1
2
2
0
2
1
-1
-4
-3
-3
-8
-9
-10
-10
-8
-3
1
0
-1
2
2
0
-2
-5
-5
-6
-5
-1
-1
-4
-2
1
2
3
3
4
3
1
2
4
5
7
13
15
17
18
23
28
27
27
29
30
33
38
41
43
46
48
50
45
45
42
41
34
46
72
59
55
50
47
54
44
34
24
8
-1
-14
-34
-54
-59
-70
-107
-141
-155
-139
-143
-198
-231
-230
-223
-206
-223
-261
-302
-314
-267
-288
-377
-376
-321
-328
-404
-429
-339
-327
-383
-351
-293
-312
-350
-321
-249
-241
-250
-204
-195
-233
-226
-148
-66
-68
-107
-99
-42
14
20
-9
-7
11
-32
-124
-165
-150
-201
-355
-428
-401
-523
-810
-901
-520
-285
-782
-1290
-921
-54
101
-449
-453
327
864
730
717
1279
1822
1875
1823
2104
2510
2662
2613
2667
2888
3070
3017
2791
2661
2757
2852
2658
2261
1940
1704
1416
1189
1094
769
15
-593
-535
-308
-636
-1262
-1508
-1420
-1422
-1506
-1479
-1446
-1502
-1503
-1423
-1383
-1365
-1295
-1270
-1334
-1328
-1227
-1241
-1398
-1439
-1265
-1128
-1198
-1312
-1291
-1185
-1130
-1134
-1152
-1173
-1202
-1224
-1235
-1229
-1198
-1180
-1192
-1156
-1002
-820
-723
-633
-415
-108
137
304
477
669
851
1028
1185
1267
1301
1346
1358
1315
1327
1415
1369
1163
1104
1235
1211
991
962
1145
1102
795
659
748
674
370
116
-42
-283
-600
-914
-1339
-1867
-2177
-2162
-2246
-2774
-3405
-3556
-3231
-3010
-3193
-3339
-2984
-2397
-2127
-2066
-1622
-758
-77
211
599
1366
2080
2397
2665
3276
3977
4333
4417
4589
4908
5141
5185
5146
5106
5049
4921
4679
4322
3928
3575
3231
2801
2291
1791
1327
837
311
-171
-555
-897
-1282
-1728
-2141
-2391
-2521
-2750
-3119
-3362
-3345
-3350
-3584
-3784
-3704
-3589
-3688
-3787
-3647
-3460
-3487
-3565
-3401
-3097
-2982
-3081
-3059
-2734
-2371
-2268
-2303
-2160
-1817
-1516
-1346
-1172
-899
-600
-371
-186
66
411
714
884
1028
1284
1578
1751
1845
2013
2240
2376
2408
2462
2590
2704
2743
2749
2778
2816
2832
2805
2728
2630
2559
2495
2349
2129
1948
1825
1608
1261
997
913
790
497
259
202
117
-84
-196
-169
-212
-322
-310
-259
-364
-501
-483
-457
-572
-631
-567
-636
-888
-990
-832
-758
-937
-1142
-1205
-1223
-1289
-1415
-1646
-1941
-2092
-2110
-2338
-2888
-3304
-3224
-3054
-3354
-3885
-3965
-3563
-3322
-3468
-3475
-2970
-2331
-2053
-1956
-1523
-750
-138
130
465
1151
1852
2198
2401
2847
3463
3921
4173
4427
4758
5041
5198
5264
5300
5322
5304
5180
4903
4537
4197
3870
3433
2893
2418
2034
1544
881
276
-89
-371
-807
-1354
-1756
-1942
-2108
-2398
-2690
-2813
-2809
-2857
-2972
-3033
-2989
-2931
-2911
-2861
-2721
-2587
-2595
-2636
-2469
-2155
-2033
-2141
-2137
-1893
-1672
-1621
-1577
-1452
-1332
-1216
-1054
-919
-846
-723
-534
-419
-364
-220
-38
22
45
213
445
544
553
642
795
927
1084
1276
1369
1346
1405
1620
1795
1793
1752
1829
1946
1966
1921
1905
1905
1866
1808
1758
1708
1639
1533
1394
1264
1200
1151
1041
929
883
806
590
381
383
476
421
248
148
99
-3
-110
-189
-361
-604
-702
-699
-958
-1523
-2006
-2260
-2562
-2996
-3292
-3438
-3752
-4251
-4547
-4533
-4511
-4569
-4436
-4050
-3675
-3418
-3095
-2609
-2046
-1448
-774
-57
590
1121
1575
2042
2585
3171
3657
4010
4343
4681
4910
5000
5093
5232
5318
5316
5280
5173
4907
4541
4191
3855
3466
3039
2589
2064
1460
890
416
-47
-580
-1084
-1436
-1697
-2045
-2503
-2882
-3073
-3194
-3374
-3534
-3588
-3631
-3751
-3836
-3766
-3605
-3474
-3359
-3206
-3019
-2808
-2618
-2492
-2317
-1908
-1388
-1153
-1214
-1125
-720
-367
-257
-112
189
366
325
331
499
630
643
685
796
878
909
920
902
892
997
1178
1265
1237
1236
1290
1281
1209
1248
1423
1521
1426
1316
1336
1367
1298
1268
1384
1487
1408
1251
1195
1205
1189
1173
1213
1259
1228
1102
921
773
769
908
973
778
465
348
440
466
355
314
348
240
37
-8
-19
-332
-781
-916
-871
-1171
-1840
-2474
-2984
-3462
-3708
-3692
-3956
-4743
-5330
-5131
-4784
-5077
-5528
-5207
-4375
-4013
-4143
-3902
-3099
-2435
-2189
-1737
-675
457
1018
1247
1854
2933
3901
4451
4941
5683
6402
6736
6848
7085
7386
7479
7356
7204
7019
6664
6132
5520
4891
4288
3744
3181
2478
1661
890
226
-433
-1127
-1756
-2286
-2840
-3487
-4112
-4582
-4931
-5295
-5739
-6128
-6187
-5875
-5626
-5817
-6113
-5879
-5162
-4575
-4277
-3864
-3254
-2792
-2493
-1990
-1215
-495
0
380
754
1138
1543
1902
2143
2361
2656
2890
2902
2786
2725
2724
2673
2587
2511
2370
2052
1621
1276
1095
952
714
431
204
25
-164
-339
-441
-467
-437
-366
-300
-279
-258
-186
-67
94
333
638
859
909
929
1125
1453
1647
1629
1632
1783
1859
1700
1542
1575
1554
1316
1207
1362
1284
771
496
820
998
448
-212
-303
-273
-757
-1437
-1787
-2124
-3068
-4397
-5192
-5039
-4706
-5338
-6819
-7645
-7077
-6430
-6996
-7740
-7010
-5516
-5151
-5629
-5034
-3279
-2173
-2126
-1502
437
2337
3089
3398
4341
5772
6936
7682
8408
9266
9948
10190
10161
10229
10412
10361
9911
9306
8742
8093
7192
6067
4844
3660
2648
1740
655
-683
-1991
-3059
-4036
-5040
-5849
-6296
-6662
-7253
-7855
-8082
-8032
-8040
-8066
-7880
-7497
-7028
-6445
-5785
-5282
-5115
-5095
-4559
-2919
-817
125
-429
-800
159
1437
1998
2491
3454
3930
3348
2818
3273
3959
3926
3451
3227
3220
3042
2606
2028
1432
1013
854
734
463
110
-285
-866
-1435
-1480
-953
-545
-729
-1098
-1145
-985
-895
-687
-204
271
430
498
762
1135
1402
1581
1819
2157
2516
2658
2471
2177
2120
2202
2178
2129
2206
2100
1575
1030
920
1080
1084
868
457
-59
-413
-328
-81
-117
-419
-707
-1018
-1530
-2034
-2344
-2829
-4149
-6015
-7124
-6674
-5786
-6192
-7793
-8794
-8473
-8116
-8455
-8267
-6703
-5241
-5296
-5654
-4342
-1959
-587
-292
733
3021
5094
6063
6754
7927
9101
9714
10216
11227
12363
12766
12261
11487
10998
10733
10383
9760
8831
7634
6264
4858
3427
1947
513
-781
-1978
-3223
-4423
-5410
-6347
-7465
-8538
-9023
-8849
-8591
-8599
-8674
-8542
-8244
-7885
-7249
-6218
-5033
-4071
-3422
-2746
-1817
-724
155
324
0
338
2072
3940
4024
2849
2372
2743
2590
2106
2689
3589
2897
1067
138
411
439
-135
-565
-803
-1154
-1494
-1587
-1646
-1794
-1779
-1629
-1436
-988
-322
-51
-462
-776
-250
748
1499
1955
2375
2519
2223
2026
2455
3134
3356
3157
2962
2831
2601
2330
2104
1854
1666
1642
1610
1381
1029
626
115
-212
23
431
323
-181
-358
-161
-184
-361
-173
238
278
-17
-4
295
290
-39
-311
-574
-1169
-1888
-2461
-3626
-5865
-7980
-8284
-7155
-6791
-7923
-9222
-9642
-9750
-10126
-9742
-7889
-5761
-4887
-4898
-3982
-1830
180
1281
2315
4323
6715
8482
9677
10871
11949
12230
12048
12407
13452
14307
14179
13219
11857
10390
9107
8087
7131
5909
4401
2729
848
-1108
-2850
-4231
-5502
-6841
-7877
-8305
-8438
-8870
-9610
-10109
-10118
-9716
-8935
-7767
-6417
-5343
-4661
-4112
-3237
-1900
-474
774
1871
2832
3485
3766
4036
4355
4550
4015
2129
271
654
3180
3870
1170
-1605
-2143
-2399
-3760
-3745
-1816
-1510
-3879
-5691
-4872
-3468
-3278
-3339
-3036
-2489
-1825
-785
265
872
1179
1138
1161
2140
4100
5486
5103
3976
3639
4021
4344
4581
5056
5081
3998
2581
2033
2204
1948
1095
356
108
78
0
-185
-622
-1156
-1517
-1453
-970
-239
374
372
-129
-410
31
822
1262
1351
1471
1571
1467
1470
1968
2384
1936
1002
538
474
-84
-1253
-2354
-3605
-6051
-9264
-11194
-10548
-9095
-9240
-10892
-12148
-12141
-12077
-12168
-10983
-8149
-5545
-4661
-3955
-1560
1617
3608
4438
5948
8542
11011
12804
14389
15855
16283
15451
14468
14308
14827
15071
14371
12731
10521
8282
6197
4217
2336
579
-1080
-2861
-4692
-6231
-7443
-8681
-10239
-11583
-11985
-11406
-10418
-9589
-8886
-8250
-7672
-7014
-5838
-3879
-1626
186
1378
2322
3327
4236
4833
5250
5670
6004
6061
5782
5386
4828
3961
2193
-1398
-4769
-4856
-1756
-839
-4051
-6724
-6801
-7520
-10141
-9809
-5837
-4109
-6022
-6787
-4139
-1891
-2038
-2056
-964
446
1703
3424
5399
6635
6794
5589
4324
4766
6846
8277
7735
6629
6003
5143
3652
2808
3172
3108
1645
182
93
309
-648
-2164
-3037
-3254
-3239
-2668
-1495
-645
-627
-1085
-1402
-1123
-70
1253
1976
2105
2395
2828
2894
2750
2822
2741
2009
1461
1992
2843
2654
1452
386
-389
-1566
-2996
-3908
-4552
-6553
-10128
-13071
-13425
-12183
-11880
-12669
-13010
-12518
-12362
-12461
-11064
-8013
-5213
-3843
-2575
247
3872
6628
8128
9435
11110
12646
13986
15587
17449
18437
17765
16088
14573
13686
12913
11825
10255
8233
5998
3789
1706
-407
-2528
-4515
-6483
-8324
-9502
-9635
-9400
-9771
-10604
-10976
-10519
-9656
-8507
-6768
-4701
-3145
-2279
-1276
356
2091
3258
3877
4467
5201
5990
6500
6597
6337
5625
4375
2806
1586
889
80
-1262
-2790
-4007
-5023
-6079
-6936
-7435
-7842
-8403
-8764
-8488
-7651
-6759
-6021
-5311
-4384
-3166
-1868
-511
904
2320
3422
4154
4929
5839
6519
6685
6619
6623
6510
6156
5704
5219
4523
3578
2680
2007
1487
969
414
-202
-788
-1234
-1528
-1713
-1806
-1739
-1565
-1332
-994
-551
-99
224
479
814
1243
1728
2194
2612
2887
2962
2943
2872
2751
2503
2086
1569
1109
977
982
697
134
-390
-702
-1233
-1933
-2418
-2757
-3391
-4514
-5543
-6699
-8732
-11298
-12875
-12518
-11465
-10817
-10312
-9432
-8542
-8306
-7890
-6389
-4078
-1978
-279
1941
4775
7466
9297
10408
11267
11919
12387
12920
13823
14816
15103
14335
12926
11377
9813
8128
6420
4750
3066
1458
-3
-1303
-2660
-4144
-5718
-7309
-8564
-9054
-8687
-7968
-7387
-6844
-6193
-5523
-4916
-4060
-2810
-1493
-379
741
2093
3396
4319
4727
4791
4554
4148
3798
3616
3383
2107
285
-737
-559
-1222
-3492
-5070
-5201
-5654
-7316
-7781
-6500
-6077
-7186
-7682
-6501
-5372
-5005
-4332
-3079
-1924
-1045
-8
1269
2562
3600
3985
4055
4685
5813
6349
6056
5874
5912
5364
4307
3797
3856
3361
2190
1348
1231
1031
337
-304
-620
-1007
-1580
-1813
-1486
-1080
-942
-890
-661
-309
66
389
669
962
1249
1460
1656
2089
2533
2563
2201
1869
1645
1334
1108
1121
1072
627
78
-317
-517
-705
-826
-1005
-1401
-1717
-1871
-1777
-1876
-2314
-2872
-3421
-3938
-4843
-5959
-6879
-7488
-7861
-8269
-8501
-8246
-7529
-6714
-6310
-5835
-4823
-3550
-2521
-1522
177
2239
3899
5178
6639
8242
9324
9794
10173
10696
11081
11123
10952
10757
10428
9729
8614
7283
6003
4720
3277
1782
508
-488
-1509
-2647
-3637
-4366
-5050
-5808
-6323
-6394
-6208
-5940
-5483
-4791
-4013
-3305
-2635
-1931
-1219
-485
204
838
1406
1902
2261
2373
2309
2093
1706
1099
357
-270
-763
-1259
-1927
-2603
-3162
-3711
-4258
-4665
-4812
-4973
-5136
-5082
-4711
-4194
-3653
-3000
-2347
-1750
-1160
-402
464
1301
2059
2725
3324
3821
4232
4474
4531
4435
4241
4010
3768
3556
3316
2939
2405
1836
1349
896
466
137
-80
-299
-524
-641
-631
-623
-681
-692
-595
-429
-260
-53
212
421
504
545
652
787
858
881
874
901
912
862
795
739
588
242
49
104
153
-62
-282
-397
-629
-812
-666
-246
-236
-522
-608
-376
-404
-1016
-1629
-2073
-2612
-3777
-5055
-5784
-6108
-6553
-7113
-7014
-6402
-5970
-5879
-5453
-4533
-3745
-3159
-2252
-839
617
1908
3293
4771
6075
7026
7680
8147
8527
8883
9054
8995
8869
8744
8387
7627
6737
5882
4896
3668
2477
1579
784
-72
-910
-1599
-2275
-2985
-3616
-4110
-4499
-4766
-4818
-4712
-4454
-4016
-3451
-2961
-2620
-2281
-1898
-1539
-1221
-802
-271
120
379
598
770
691
419
3
-986
-1911
-2038
-1566
-1967
-2668
-2388
-2027
-2633
-3291
-2545
-1999
-2472
-2658
-1914
-1119
-819
-213
331
617
844
1021
1251
1677
2399
2538
2387
2532
2934
3077
2813
2672
2535
2268
1704
1359
1544
1597
1089
452
351
224
-268
-568
-462
-426
-731
-841
-617
-347
-299
-427
-413
-267
-161
-235
-98
293
502
365
238
379
504
468
339
254
365
461
321
129
282
434
95
-280
-263
-128
-244
-418
-443
-393
-253
-176
-154
-74
-4
-102
-313
-257
-135
-116
-184
-100
65
-83
-554
-1112
-1437
-1797
-2328
-2737
-2971
-3157
-3310
-3146
-2913
-2775
-2573
-2482
-2656
-2622
-1834
-883
-384
148
1071
1826
2043
2408
3188
3620
3465
3463
3953
4300
4330
4516
4782
4589
4067
3724
3493
3117
2725
2438
2035
1534
1201
1037
720
248
-131
-498
-1022
-1514
-1621
-1603
-1812
-2136
-2278
-2302
-2404
-2469
-2370
-2213
-2224
-2343
-2288
-2010
-1753
-1691
-1648
-1508
-1328
-1224
-1125
-958
-817
-784
-857
-870
-784
-586
-430
-438
-440
-301
-160
-177
-109
158
292
171
129
413
656
560
477
681
771
494
303
401
395
220
192
230
201
189
212
181
161
80
-43
-17
97
158
205
396
459
432
404
329
361
494
531
537
802
1001
851
891
1212
1084
720
757
990
799
534
588
653
577
489
407
260
132
-37
-109
-231
-364
-395
-217
-274
-636
-588
-399
-449
-582
-519
-634
-802
-453
-217
-326
-386
-282
-286
-241
78
19
-183
-131
29
127
221
216
-124
-243
-26
11
-69
-104
-256
-582
-580
-370
-334
-337
-447
-607
-753
-705
-811
-759
-530
-569
-643
-485
-220
-256
-116
60
49
-50
-66
57
105
180
183
404
655
592
382
274
410
452
536
581
586
549
564
738
763
739
627
599
623
645
514
289
467
727
553
306
431
567
298
271
458
243
83
228
53
-578
-300
518
159
-779
-798
-57
-243
-943
-846
-356
-350
-756
-348
-100
-614
-1112
-852
-489
-635
-629
-447
-342
-619
-904
-886
-664
-568
-557
-552
-533
-514
-277
-382
-705
-579
-80
55
-160
185
279
-108
-143
239
298
290
635
916
887
737
801
950
1037
722
659
902
650
614
777
618
77
313
849
356
-179
-26
426
256
-169
-198
-97
-259
-443
-22
254
-159
-591
-147
104
-295
-470
92
437
-118
-146
402
571
-113
-42
491
398
-135
-234
150
241
158
-28
-328
-447
-150
153
-210
-506
-136
-183
-609
-743
-39
-112
-481
-675
-382
-1
-467
-425
-475
-429
-350
-57
131
-46
68
54
110
290
148
120
554
526
76
418
751
323
261
812
662
-125
134
533
232
-313
-178
312
228
-190
-412
115
29
-545
-809
-180
-24
-555
-546
-480
-227
-133
-46
-266
-401
-180
-207
-273
-171
-173
-26
231
-82
-394
111
511
-177
-614
-13
110
-421
-295
184
341
24
-210
35
498
640
192
-165
-110
116
402
523
121
163
500
476
244
337
593
234
-8
246
323
364
333
161
242
372
236
107
254
69
-336
-164
119
-153
-178
173
180
-72
-157
-53
132
176
57
3
-322
-509
24
174
-400
-536
-124
-344
-731
-324
-97
-677
-972
-495
-14
-202
-636
-498
-20
-88
-593
-241
289
235
-251
-42
167
-50
-118
-99
-65
-244
-96
-208
141
509
252
-388
-307
256
96
-57
86
93
-136
170
405
254
454
427
46
230
703
302
-122
198
514
557
674
879
176
176
711
586
435
550
480
-99
135
691
-7
-345
289
432
-171
-376
64
-9
-292
-743
-820
-397
-138
-146
-327
-485
-386
-110
-206
-550
-778
-582
-124
54
-370
-520
247
280
-629
-379
252
-205
-418
176
211
-684
-503
352
-211
-932
-338
578
340
-210
-101
268
613
513
46
-170
486
873
430
-374
-472
543
732
-8
-134
673
159
-809
20
911
82
-735
-53
383
85
-43
-257
-369
-18
-26
4
271
-35
-662
-2
629
-285
-517
104
615
830
421
-414
-136
832
340
-525
22
549
164
-297
-239
-163
-265
-402
-360
-217
-419
-448
-423
-307
-120
-387
-707
-320
364
55
-536
-277
122
379
356
160
560
870
329
-296
50
719
235
37
395
250
297
90
-39
-218
-335
-54
56
567
180
-522
-306
42
263
-180
-184
10
178
336
-44
-142
142
159
-155
-309
27
128
-138
105
453
201
-240
-113
272
-67
-563
-85
4
13
24
75
-22
-457
-55
58
-323
-356
601
748
-383
-290
506
-34
-846
-338
453
353
-325
-549
-241
190
11
-559
-83
77
-78
-270
-375
-90
-43
175
-83
-226
-176
349
560
37
-217
239
586
460
120
-378
119
969
691
-299
-63
677
370
-141
-115
141
233
109
164
358
174
-468
-410
390
309
-674
-414
372
81
-697
-508
271
-28
-507
-338
110
-145
-921
-555
540
341
-481
-625
-64
-70
-77
204
-272
-816
-363
318
390
152
-234
-346
-103
100
-413
-232
689
632
-218
-197
400
327
6
-38
245
421
430
428
475
123
-407
-221
356
468
-130
-216
406
762
37
-697
-63
430
78
-355
-151
220
426
301
-203
-123
227
-76
-327
85
190
-8
118
413
412
59
-341
-243
279
136
-221
30
455
214
-348
-210
395
269
-776
-654
612
152
-888
-247
754
32
-794
-453
-125
283
-64
-655
-550
378
484
-196
-467
-447
-454
-681
-860
-223
136
-234
-337
55
-217
-630
-194
197
39
-547
-426
268
696
-10
-295
168
493
443
202
3
168
695
592
616
590
179
418
552
430
283
236
389
614
1094
583
244
693
105
-491
194
937
569
-341
-399
-40
112
406
65
-431
-510
-338
-131
-435
-508
-348
-1036
-1554
-488
-30
-1174
-1500
143
28
-1031
-419
573
86
-369
-223
-194
-79
-28
-12
-368
-369
-244
-105
-37
-66
-250
-183
128
123
-65
-120
669
1219
774
237
905
1438
571
269
622
620
557
372
129
9
297
-124
-321
126
-186
-463
-430
87
-178
-348
-40
223
-132
-837
-36
320
-508
-681
295
659
-164
-208
187
6
-233
-260
-16
-152
-108
219
219
65
-178
-422
-365
257
137
-253
4
261
-190
-434
-230
-234
-64
90
-178
-273
256
156
-132
61
-4
-203
296
594
-10
226
680
298
-1
549
453
-116
-190
205
300
-132
-65
290
280
-698
-158
237
-254
-278
-300
-10
146
241
-425
-666
10
2
-501
55
550
27
-480
-369
23
-67
-192
-120
129
97
-239
-159
484
286
-686
-608
30
357
236
-80
-88
129
140
-105
-209
275
211
-381
-275
379
390
-199
-252
-94
-294
-700
-527
-177
-479
-850
-660
-47
-449
-945
-699
-77
40
205
941
1178
1313
1651
2032
1646
1664
2256
2159
1258
1035
1574
1575
1059
568
563
115
-283
-606
-964
-1214
-1322
-1527
-2001
-2113
-2182
-2352
-2562
-2384
-2084
-1837
-1714
-1427
-1079
-1074
-881
-676
-563
-348
-310
-184
160
656
938
866
1556
2180
2454
2506
2449
2671
2580
2423
2575
2562
2242
1517
1938
2183
1565
1686
1511
1175
653
639
-90
-1022
-1069
-1768
-2504
-2339
-2035
-2358
-2859
-3158
-2600
-2754
-3254
-3021
-2435
-2598
-2738
-1829
-1617
-1781
-1341
-865
-910
-322
421
802
940
1061
1547
2019
2383
2541
2637
2367
2402
2643
2303
1833
1597
1553
1018
620
699
420
337
-119
-849
-981
-981
-946
-1074
-535
-601
-888
-934
-1080
-918
-1005
-655
-857
-605
-462
-799
-371
-431
-335
-513
-590
-202
-424
-554
-295
190
533
401
763
1591
1679
1637
1697
1786
2313
2284
2356
2264
2086
2321
1685
1846
1728
999
630
814
1342
302
-389
-117
-187
-636
-579
-384
-819
-1240
-1074
-953
-1461
-1523
-1393
-1671
-2075
-2038
-2019
-2419
-2789
-2805
-3174
-3134
-2813
-2658
-2342
-2015
-1927
-1898
-1554
-1420
-1467
-1601
-1302
-758
-782
-794
-309
105
99
367
1505
1501
1054
1774
2398
2544
2528
2623
2563
2449
2211
1937
1942
2297
2081
1619
1537
1527
1528
1237
1070
1109
1148
940
936
796
723
780
460
457
546
427
505
638
370
-153
-128
-46
-105
-59
-89
-179
-421
-582
-829
-941
-1106
-1185
-1003
-1014
-1318
-1299
-1228
-1112
-1108
-1413
-1459
-1337
-1113
-1133
-1176
-823
-654
-620
-656
-447
-204
-518
-633
-442
-141
-95
-43
70
-112
-134
-165
-58
84
149
87
-66
-142
48
125
-307
-151
239
189
179
597
542
259
100
6
-132
-219
79
270
162
65
286
599
808
509
406
333
314
397
425
488
357
471
451
356
699
583
126
178
460
484
297
120
9
-51
-237
-175
328
388
-10
-199
30
92
202
-10
112
240
81
-62
64
90
-341
-508
-301
-334
-672
-698
-323
-264
-597
-476
-357
-486
-393
-77
-61
-311
-312
-98
-57
-300
-484
-113
-161
-433
-53
269
-73
-283
-220
-276
-176
212
207
-201
-141
10
271
139
-153
-179
-84
-118
-105
135
78
164
145
217
335
492
479
626
569
37
239
659
727
402
327
347
319
242
12
165
198
26
26
228
381
280
135
44
145
110
51
266
358
38
144
140
117
-77
-33
-120
-284
-106
-242
-457
-527
-345
-366
-534
-507
-423
-466
-474
-364
-361
-281
-314
-509
-599
-348
-190
-257
-428
-244
-74
-367
-344
-312
-102
-243
-133
-39
-156
-56
112
221
52
-104
-35
53
-6
44
170
146
74
160
147
346
572
567
210
103
525
618
523
259
438
538
704
796
593
443
341
234
179
-74
-128
81
204
151
53
267
180
141
80
-1
-151
-211
98
126
-50
10
41
13
-189
-69
-126
-283
-70
-147
-85
-95
-7
-30
-299
-423
-116
37
-184
-196
54
-135
-275
-274
-106
60
92
-176
-654
-428
-477
-532
-515
-448
-653
-537
-217
-65
-176
-143
18
-80
-46
155
286
79
76
-38
2
168
395
550
225
328
385
178
121
439
737
647
684
572
336
275
304
314
353
523
436
76
-182
-9
-32
-273
-173
-128
-264
-390
-316
-332
-240
-149
71
233
315
170
153
203
-21
-209
-320
-101
-136
-344
-354
-312
-222
-299
-50
-119
-331
-294
-257
-104
-298
-96
15
55
244
160
-14
-497
-590
-407
-381
-364
-284
-530
-762
-410
-45
-241
-425
-68
-96
-410
-371
2
317
319
323
429
525
415
467
723
736
390
342
537
514
504
523
486
379
274
282
338
244
214
122
48
-127
-179
-1
-106
-179
-337
-256
-362
-281
157
203
-61
-239
-228
-318
-252
-124
-147
-92
-30
-110
-147
-81
-110
-112
-150
-82
46
158
279
317
172
-146
-199
-151
-86
-62
-43
50
-83
-353
-260
78
-32
-199
-181
-223
-451
-347
-125
3
-20
-147
-76
58
19
78
174
42
-140
-28
192
129
265
380
383
266
95
107
102
62
41
134
21
-161
-115
-31
-114
-207
-251
-223
-12
174
88
-152
13
173
106
-201
-329
-207
-204
-206
-161
-117
-208
-427
-508
-464
-470
-466
-332
-83
149
307
182
43
137
228
76
75
308
434
343
231
449
537
343
276
408
581
649
585
402
476
657
375
93
293
441
8
-301
-142
-146
-450
-657
-428
-442
-637
-546
-303
-108
-127
-157
-144
-90
12
-30
-29
-91
-76
-64
-140
-191
-194
-206
-398
-465
-559
-608
-467
-515
-541
-608
-574
-514
-455
-336
-376
-405
-582
-350
-50
-152
-224
5
347
298
394
487
512
694
647
795
934
865
955
983
1049
937
970
1034
970
964
900
851
931
928
843
833
672
664
587
475
463
438
498
378
182
76
36
-35
-274
-459
-434
-413
-402
-510
-752
-746
-833
-831
-838
-825
-695
-856
-974
-1015
-913
-1056
-1196
-1041
-1168
-1449
-1516
-1470
-1568
-1447
-1347
-1343
-1129
-909
-635
-510
-398
-316
-135
30
-101
69
268
250
263
303
400
462
741
943
965
941
926
1050
1172
1122
1062
1069
1094
1223
1346
1226
948
763
660
487
399
511
675
766
792
971
1185
1161
1081
1024
975
777
579
524
212
-416
-910
-978
-905
-906
-1072
-1282
-1468
-1511
-1442
-1511
-1561
-1670
-1669
-1666
-1792
-1669
-1342
-813
-449
-112
278
503
713
740
777
883
1035
1123
1031
969
970
1044
1138
1039
757
424
260
409
787
1334
1813
1999
1816
1387
860
421
-49
-621
-1054
-1309
-1297
-1029
-653
-377
-259
-193
-204
-137
-84
-165
-145
-47
24
14
38
19
-32
-43
-45
-91
-175
-220
-304
-389
-485
-487
-454
-557
-769
-923
-984
-1063
-1050
-981
-943
-965
-912
-848
-767
-714
-650
-563
-593
-617
-624
-505
-459
-479
-477
-506
-473
-405
-294
-205
-153
-96
-78
-2
229
536
999
1639
1755
878
-96
196
1521
2364
2406
2311
2285
1997
1645
1624
1609
1373
1030
668
391
233
185
261
398
457
425
414
425
445
401
304
234
131
-18
-117
-97
-102
-103
-159
-391
-602
-730
-836
-1007
-1129
-1178
-1267
-1381
-1422
-1311
-1256
-1249
-1208
-1122
-1076
-1130
-1217
-1349
-1404
-1402
-1419
-1441
-1455
-1389
-1388
-1501
-1605
-1693
-1838
-1966
-1899
-1764
-1695
-1588
-1409
-1271
-1204
-1024
-653
-173
331
834
1263
1582
1909
2260
2500
2571
2605
2649
2780
2977
3246
3565
3844
4100
4286
4374
4326
4280
4245
4161
4080
3970
3904
3840
3636
3349
2994
2614
2232
1883
1550
1170
661
15
-938
-2337
-3651
-4210
-4172
-4156
-4441
-5000
-5973
-6238
-5315
-4307
-3152
-2214
-947
441
856
729
454
-617
-3449
-7244
-10486
-12189
-11941
-10059
-7380
-4653
-2378
-1145
-1657
-3196
-3210
-546
2466
1889
-2973
-6396
-5290
-4042
-4687
-3990
-992
1040
856
478
1154
2432
4959
9162
13107
14314
12601
9274
5653
2829
1340
1433
2426
3139
2539
520
-1371
-1303
1709
5939
7957
7404
7709
11647
15428
14210
9054
3651
63
-2027
-2605
-861
1886
3311
2872
1754
839
-74
-1105
-2065
-2808
-3414
-3001
-864
1706
3773
5880
6079
2602
-3594
-10146
-15368
-19121
-21822
-23959
-24498
-23124
-20118
-16150
-12813
-9955
-7205
-5755
-5343
-4034
-525
4532
10239
15238
17163
15081
10386
5596
2330
2036
4324
6414
6004
3546
4967
13170
20388
19951
14397
9138
5483
1841
-2071
-4365
-3491
-192
3411
8713
15237
11589
-4564
-23154
-30496
-23601
-14609
-8850
-4069
-406
-2084
-9559
-15584
-14923
-10932
-6600
-1500
3945
9231
14080
17603
19989
21619
21676
18923
13851
8649
4454
814
-2032
-3212
-3232
-3651
-4912
-5936
-5386
-3502
-1702
-1226
-1873
-4396
-6268
-5802
-5496
-5852
-6227
-6154
-6901
-8645
-10960
-13088
-13565
-11377
-6278
804
7349
10111
8322
3978
138
-1548
-114
3780
6199
2025
-8794
-19914
-22837
-16697
-8598
-2213
1012
1750
3358
8380
14398
15483
11847
9747
10331
12328
16916
22187
21182
13213
6703
3845
3268
3424
2337
1186
884
1810
2959
3899
4369
3915
3319
2490
1473
1604
2508
1849
-2067
-7652
-9941
-6574
-1713
-390
-2872
-5642
-6401
-5544
-4109
-2257
-538
130
-789
-3128
-8144
-16381
-24946
-27738
-18430
-4910
3144
2937
-1213
-3894
-4710
-2963
388
4557
8081
10566
11952
12211
12028
11542
10163
7669
4915
2876
1598
46
-2583
-6034
-9303
-11095
-11580
-10948
-9109
-6700
-4652
-3762
-3687
-4377
-5026
-3382
1125
5706
7655
7422
6702
5964
4804
3588
2914
2523
2643
4214
5788
4111
276
-1006
1474
4794
6935
7765
6636
3098
-1030
-3302
-3225
-2314
-1976
-2253
-2854
-3567
-4126
-4271
-3755
-2575
374
4702
8262
9562
8211
5098
1131
-2704
-5882
-8532
-11184
-13589
-14064
-12164
-9216
-6627
-5281
-4828
-4483
-3870
-3189
-2537
-1554
-225
1180
2649
4552
7010
9898
12957
15965
18767
20828
21763
21312
19429
16486
12966
9259
5762
2688
224
-1569
-2638
-3101
-3714
-5228
-7184
-8565
-8994
-8466
-6703
-3935
-1474
-365
-430
-1090
-2284
-4194
-6559
-8792
-10246
-10656
-10216
-9255
-8239
-7494
-7046
-6627
-6030
-5354
-4839
-4569
-4520
-4659
-5059
-5568
-5917
-5838
-5187
-3755
-1285
2130
5767
8605
10135
10564
10424
9950
9177
7975
6517
5078
3993
3338
2403
742
-1761
-4442
-6084
-5954
-4814
-4370
-5134
-6532
-8387
-10805
-12669
-12318
-9750
-6289
-3427
-1724
5
2948
6694
10373
13028
14272
15256
16318
16572
16153
15957
15311
13401
11262
9541
7876
5885
3708
2356
2084
2009
1424
779
196
-1158
-4113
-8324
-11284
-11357
-9687
-7465
-4534
-2215
-758
-74
1148
2340
1559
-487
-2280
-2479
-1364
431
1578
1640
1042
-88
-1608
-3137
-4606
-5920
-6478
-6128
-5367
-4085
-1717
2351
6957
8209
4500
-773
-4224
-6728
-10464
-15170
-19097
-21175
-21165
-19000
-14985
-10164
-5924
-2849
-665
1063
2511
3640
4508
5296
6078
6714
6870
6395
5406
4325
3552
3094
2928
3199
3981
4955
5361
4747
3371
2055
1367
1242
1399
1618
1850
2137
2387
2576
2838
3287
3601
4185
5479
7092
7383
6132
5080
5698
6551
5305
5112
6150
6602
6272
6052
6472
6457
5788
5165
5416
6669
8296
9768
10547
9592
5745
-186
-5323
-7732
-8270
-8574
-9600
-11180
-12217
-12510
-12842
-13042
-12364
-11753
-12884
-14888
-14615
-11090
-6547
-4014
-4666
-8091
-12519
-14498
-11939
-6995
-2817
-444
-459
-1189
-388
677
374
-192
1089
3390
5024
4689
2790
3945
6660
5065
-2389
-9585
-9249
-5028
-3032
-2994
-1676
1823
5516
8047
7907
5206
4119
6488
10984
16108
19861
19968
17540
15341
13648
11257
8313
5915
4254
3032
1894
664
-467
-826
-416
-25
-238
-824
-1579
-2516
-4020
-6147
-8157
-9290
-9314
-8677
-7996
-7834
-8313
-9072
-9228
-8005
-5342
-2041
1060
3502
4918
5018
4009
2482
891
-502
-1351
-1290
-398
782
1642
2089
2039
1486
573
-504
-1628
-2727
-3573
-3994
-3848
-3727
-3987
-4387
-4126
-4359
-5969
-4922
-1059
2760
4889
6104
7090
7045
6485
5872
5603
5322
4759
3962
3064
2117
1464
1119
744
267
-88
-273
-320
-75
551
1331
2040
2567
3121
3068
2057
1317
944
484
-811
-2290
-3373
-4397
-5654
-7186
-8482
-9623
-10594
-11184
-10498
-7832
-3158
1988
4026
3793
2287
-1078
-4613
-6966
-8190
-8868
-8247
-6142
-2728
279
-215
-2851
-3271
-168
4093
6987
8192
8210
7434
6306
5426
5097
5204
5746
6639
7767
8848
9851
10679
11245
11190
10235
8409
6163
4126
2450
885
-673
-1842
-2556
-3099
-3821
-4623
-5246
-5602
-5819
-6055
-6534
-7163
-7579
-7633
-7400
-6851
-5870
-4450
-2959
-1771
-880
-58
730
1348
1822
2301
2846
3442
4172
4955
5567
5718
5347
4662
3726
2623
1434
282
-759
-1699
-2573
-3302
-3912
-4436
-4845
-5104
-5142
-4976
-4707
-4387
-3954
-3435
-2937
-2478
-2013
-1492
-1003
-593
-237
139
576
1006
1419
1757
2054
2346
2578
2646
2571
2519
2515
2298
1826
1520
1569
1912
2640
3373
3569
3282
3040
2888
2628
1877
673
369
126
-1676
-4124
-5806
-6490
-6776
-6672
-6079
-5304
-4545
-3979
-3568
-3290
-3272
-3311
-3266
-3140
-2877
-2528
-2049
-1433
-745
-3
778
1582
2337
3081
3787
4336
4711
5118
5592
6043
6271
6361
6521
6912
7631
8647
9855
10733
10643
9269
7013
4728
3260
2864
3029
2987
2154
576
-1128
-2329
-2787
-2916
-3229
-3803
-4244
-4474
-4949
-5737
-6386
-6782
-7405
-8448
-9348
-9517
-8941
-7812
-6207
-4387
-3050
-2688
-2941
-3227
-3269
-2989
-2519
-2007
-1640
-1380
-1024
-642
-267
139
603
1124
1596
2121
2732
3215
3303
2829
1985
1045
156
-516
-925
-1184
-1296
-1234
-1002
-697
-391
-105
168
493
784
1001
1142
1223
1286
1310
1328
1398
1541
1664
1841
1999
2035
2097
2135
2171
2259
2357
2505
2695
2854
2983
3112
3216
3330
3500
3793
4169
4520
4752
4728
4470
3967
3190
2139
883
-509
-1947
-3376
-4798
-6031
-6941
-7285
-7054
-6707
-6472
-5866
-4587
-3337
-2488
-1879
-1092
-241
-221
-952
-1332
-535
441
386
-549
-1580
-1793
-1320
-783
-381
26
843
1957
2810
3294
3689
4137
4487
4598
4541
4325
3939
3395
2769
2129
1463
902
497
137
-291
-771
-1365
-2166
-3060
-3792
-4203
-4139
-3467
-2338
-1013
206
1130
1511
1094
8
-1404
-2741
-3798
-4575
-5026
-5148
-4916
-4318
-3445
-2555
-1920
-1670
-1746
-2012
-2387
-2706
-2759
-2492
-2023
-1408
-648
203
1028
1793
2578
3361
4064
4560
4747
4607
4199
3633
3035
2477
1993
1645
1443
1359
1364
1450
1625
1907
2240
2560
2909
3258
3530
3679
3704
3688
3665
3639
3608
3582
3518
3358
3160
2964
2762
2570
2390
2186
1882
1507
1192
932
623
208
-277
-843
-1545
-2343
-3183
-4121
-5170
-6138
-6789
-7201
-7592
-7941
-8082
-8052
-8132
-8421
-8665
-8613
-8325
-7973
-7567
-7003
-6222
-5338
-4524
-3785
-2970
-2048
-1146
-330
497
1511
2697
3921
5109
6294
7424
8272
8719
8789
8647
8404
8091
7710
7276
6907
6688
6593
6465
6122
5536
4939
4523
4107
3483
2776
2103
1343
467
-330
-997
-1691
-2516
-3390
-4114
-4636
-5074
-5498
-5886
-6161
-6222
-6079
-5869
-5635
-5332
-4937
-4480
-3999
-3482
-2887
-2231
-1635
-1140
-633
-63
445
797
1074
1372
1664
1851
1949
2062
2189
2250
2259
2269
2258
2211
2142
2050
1904
1729
1593
1507
1397
1181
865
489
7
-626
-1285
-1754
-1918
-1809
-1475
-961
-332
358
1007
1497
1803
1955
1959
1843
1657
1410
1140
942
814
691
561
510
583
715
840
938
1006
990
853
609
250
-292
-1047
-1846
-2401
-2631
-2728
-2837
-2888
-2829
-2877
-3316
-4003
-4442
-4480
-4432
-4456
-4339
-3959
-3483
-3130
-2860
-2442
-1807
-1136
-585
-85
539
1326
2154
2918
3628
4268
4770
5095
5243
5295
5397
5616
5843
5942
5877
5679
5376
5000
4579
4140
3736
3392
3031
2537
1930
1270
498
-452
-1452
-2311
-3022
-3722
-4404
-4921
-5246
-5478
-5643
-5668
-5536
-5324
-5104
-4849
-4514
-4118
-3667
-3156
-2659
-2236
-1795
-1237
-625
-79
450
1053
1632
2014
2195
2334
2508
2669
2772
2899
3068
3154
3088
2950
2788
2517
2121
1664
1168
630
130
-252
-585
-938
-1275
-1522
-1683
-1856
-2032
-2100
-2002
-1817
-1642
-1456
-1232
-982
-709
-420
-108
220
561
889
1169
1404
1640
1925
2262
2597
2881
3132
3390
3645
3816
3840
3737
3544
3200
2496
1329
-53
-1177
-1858
-2411
-3162
-3994
-4638
-5259
-6236
-7441
-8225
-8222
-7839
-7583
-7371
-6841
-6024
-5311
-4795
-4163
-3178
-2016
-998
-170
715
1859
3133
4253
5132
5898
6638
7214
7548
7801
8191
8712
9144
9293
9113
8694
8168
7625
7041
6392
5736
5125
4453
3545
2435
1311
258
-814
-1902
-2819
-3508
-4126
-4805
-5470
-6025
-6508
-6976
-7379
-7624
-7683
-7562
-7281
-6916
-6539
-6134
-5665
-5228
-4887
-4489
-3830
-2983
-2180
-1433
-625
174
766
1192
1712
2379
3010
3511
3976
4414
4685
4728
4623
4406
4038
3564
3106
2683
2226
1756
1352
979
519
-32
-565
-1020
-1405
-1715
-1912
-1994
-1980
-1873
-1689
-1448
-1177
-875
-539
-187
186
576
955
1285
1558
1794
2026
2269
2522
2749
2924
3037
3050
2903
2598
2218
1732
889
-416
-1754
-2514
-2675
-2825
-3306
-3803
-4072
-4535
-5600
-6767
-7122
-6575
-5904
-5592
-5319
-4748
-4156
-3912
-3788
-3216
-2070
-781
243
1046
1920
2950
3931
4695
5346
6081
6858
7461
7835
8184
8663
9130
9325
9144
8691
8129
7555
6977
6381
5784
5195
4495
3507
2198
779
-543
-1720
-2767
-3623
-4271
-4876
-5615
-6460
-7258
-7918
-8402
-8647
-8636
-8506
-8378
-8223
-7991
-7738
-7488
-7118
-6556
-5909
-5251
-4455
-3436
-2366
-1440
-607
238
1008
1612
2205
2963
3773
4393
4797
5103
5287
5268
5154
5118
5129
5028
4797
4526
4203
3760
3252
2794
2382
1944
1525
1209
950
644
309
35
-167
-364
-546
-619
-528
-337
-142
31
188
293
301
268
344
579
858
1063
1202
1313
1353
1265
1078
856
626
345
-169
-1157
-2528
-3670
-4047
-3951
-4148
-4778
-5297
-5584
-6273
-7531
-8367
-7922
-6782
-6132
-6116
-5968
-5448
-5079
-4979
-4465
-3071
-1294
70
848
1478
2326
3342
4312
5222
6250
7389
8302
8714
8829
9087
9565
9932
9941
9679
9329
8936
8447
7839
7139
6390
5572
4559
3287
1940
803
-60
-804
-1555
-2374
-3339
-4435
-5480
-6285
-6805
-7045
-7026
-6952
-7097
-7429
-7613
-7471
-7158
-6756
-6141
-5362
-4741
-4391
-3999
-3308
-2447
-1634
-856
-75
598
1094
1536
2032
2535
2979
3348
3590
3640
3590
3591
3619
3506
3224
2893
2541
2103
1618
1225
934
605
175
-269
-647
-961
-1198
-1315
-1327
-1323
-1335
-1316
-1218
-1042
-789
-447
-59
309
608
843
1054
1297
1588
1863
2093
2338
2616
2778
2682
2409
2147
1956
1632
830
-538
-1954
-2610
-2408
-2274
-2964
-4036
-4708
-5254
-6386
-7574
-7431
-5936
-4798
-5129
-6007
-6108
-5544
-5102
-4603
-3236
-1162
399
729
490
823
2047
3594
4925
6079
7243
8170
8444
8231
8286
9008
9905
10269
10015
9565
9139
8582
7805
6988
6319
5714
4916
3755
2353
1040
21
-835
-1795
-2878
-3891
-4754
-5592
-6432
-7086
-7426
-7588
-7800
-8073
-8216
-8108
-7829
-7539
-7273
-6926
-6450
-5918
-5375
-4697
-3796
-2834
-2061
-1497
-942
-270
473
1208
1908
2538
3012
3280
3393
3477
3629
3811
3889
3776
3521
3191
2803
2402
2083
1852
1562
1128
647
234
-137
-487
-732
-832
-908
-1030
-1089
-984
-795
-649
-498
-235
125
470
770
1103
1480
1805
2050
2307
2621
2881
3007
3076
3140
3056
2727
2315
1953
1320
64
-1359
-1981
-1667
-1511
-2378
-3726
-4604
-5143
-6015
-6884
-6712
-5602
-4999
-5694
-6714
-6786
-5955
-5076
-4373
-3390
-2102
-1186
-1021
-1000
-207
1441
3138
4218
4867
5598
6403
6901
7132
7607
8475
9188
9262
8929
8681
8556
8216
7559
6854
6282
5737
5024
4052
2844
1502
235
-753
-1449
-2020
-2668
-3513
-4551
-5665
-6597
-7081
-7087
-6912
-6941
-7250
-7611
-7804
-7767
-7447
-6769
-5887
-5191
-4858
-4632
-4167
-3429
-2589
-1705
-801
-19
512
897
1349
1913
2492
2998
3410
3700
3834
3831
3733
3578
3420
3282
3131
2916
2638
2313
1915
1438
987
692
535
345
27
-349
-685
-945
-1064
-953
-698
-543
-558
-536
-331
-68
163
490
929
1253
1358
1479
1793
2110
2222
2268
2448
2635
2562
2260
1929
1458
471
-902
-1746
-1433
-770
-1219
-2920
-4421
-4777
-4788
-5336
-5747
-5117
-4304
-4863
-6433
-7004
-5847
-4415
-3979
-3934
-3206
-2085
-1548
-1523
-976
485
2048
2871
3191
3836
4973
5890
6106
6143
6756
7775
8363
8266
8025
7973
7781
7199
6607
6396
6332
5873
4853
3561
2331
1314
592
178
-154
-823
-2013
-3387
-4452
-5039
-5292
-5363
-5438
-5781
-6435
-7027
-7177
-6929
-6569
-6207
-5818
-5475
-5253
-5052
-4683
-4080
-3308
-2495
-1766
-1145
-553
10
456
848
1399
2100
2652
2903
3009
3093
3095
3057
3168
3427
3547
3347
2922
2458
2056
1758
1588
1465
1263
917
455
-4
-325
-423
-361
-309
-374
-527
-664
-738
-753
-677
-475
-193
63
250
428
637
857
1072
1319
1602
1815
1875
1833
1775
1692
1550
1335
874
-52
-1144
-1559
-1054
-744
-1735
-3409
-4197
-3941
-3983
-4759
-5087
-4427
-4066
-4965
-5939
-5458
-4081
-3464
-3750
-3604
-2491
-1363
-985
-855
-161
1045
2091
2683
3214
4080
5020
5451
5426
5712
6667
7604
7755
7357
7161
7273
7195
6785
6435
6297
5974
5177
4179
3353
2626
1730
788
180
-162
-815
-2033
-3296
-4018
-4325
-4689
-5150
-5438
-5641
-6080
-6640
-6827
-6532
-6161
-5982
-5837
-5557
-5225
-4926
-4544
-3959
-3225
-2503
-1917
-1457
-999
-480
35
513
1059
1690
2202
2429
2477
2548
2675
2801
2920
3004
2960
2756
2477
2215
2016
1898
1812
1648
1359
1029
721
414
159
93
183
186
-6
-231
-354
-400
-342
-111
157
257
281
439
633
661
689
1000
1418
1541
1406
1387
1527
1537
1366
1229
1116
736
-33
-883
-1329
-1199
-1002
-1540
-2843
-3876
-3876
-3509
-3812
-4508
-4566
-4070
-4085
-4717
-4847
-4061
-3346
-3386
-3434
-2664
-1527
-956
-932
-673
205
1322
2192
2758
3282
3923
4511
4855
5147
5741
6510
6886
6693
6452
6560
6692
6400
5865
5550
5412
5041
4361
3616
2817
1843
960
581
478
-99
-1327
-2486
-3031
-3278
-3699
-4163
-4396
-4631
-5163
-5704
-5808
-5611
-5532
-5559
-5421
-5135
-4893
-4691
-4436
-4136
-3714
-3048
-2320
-1862
-1596
-1172
-605
-170
233
897
1591
1835
1759
1909
2329
2598
2645
2763
2937
2860
2545
2303
2200
2047
1825
1659
1521
1290
979
694
462
287
192
143
58
-67
-171
-233
-246
-171
-31
85
153
248
371
463
615
922
1211
1224
1058
1085
1340
1479
1377
1255
1187
921
331
-329
-787
-965
-958
-1087
-1716
-2710
-3322
-3230
-3137
-3623
-4159
-4026
-3644
-3886
-4461
-4385
-3649
-3160
-3176
-2943
-2131
-1406
-1254
-1220
-612
483
1438
1996
2385
2896
3495
3960
4312
4787
5491
6098
6245
6101
6090
6254
6231
5895
5608
5535
5368
4807
4020
3343
2690
1851
1017
583
417
-172
-1391
-2546
-2998
-3049
-3375
-3966
-4349
-4525
-4894
-5402
-5548
-5279
-5075
-5123
-5092
-4818
-4533
-4373
-4189
-3881
-3441
-2834
-2156
-1715
-1558
-1288
-706
-120
274
742
1345
1690
1666
1750
2181
2541
2552
2528
2682
2706
2403
2118
2112
2131
1924
1644
1489
1340
1050
717
483
358
323
317
197
-54
-234
-242
-234
-250
-120
119
181
64
107
386
625
726
841
956
969
1023
1220
1299
1127
1017
1109
971
376
-209
-428
-599
-956
-1226
-1359
-1827
-2686
-3254
-3224
-3171
-3512
-3847
-3788
-3632
-3732
-3841
-3640
-3269
-2977
-2684
-2218
-1687
-1254
-879
-427
156
862
1617
2232
2620
2980
3509
4079
4483
4817
5264
5674
5789
5697
5667
5685
5551
5288
5085
4913
4557
3989
3388
2792
2087
1328
760
425
17
-711
-1608
-2355
-2839
-3159
-3448
-3767
-4123
-4460
-4727
-4931
-5052
-5035
-4919
-4832
-4775
-4620
-4362
-4130
-3917
-3567
-3055
-2519
-2036
-1604
-1264
-973
-553
34
577
943
1251
1558
1740
1825
2024
2319
2446
2375
2354
2420
2347
2113
1953
1929
1842
1621
1396
1211
982
729
561
479
381
261
167
76
-39
-127
-125
-43
77
208
269
214
179
356
678
837
756
730
929
1106
1033
901
967
1086
1032
890
776
447
-276
-942
-1003
-704
-821
-1555
-2335
-2735
-2947
-3235
-3488
-3528
-3484
-3557
-3675
-3673
-3538
-3384
-3221
-2915
-2391
-1778
-1318
-1091
-876
-403
325
1052
1625
2120
2603
3013
3340
3711
4201
4694
5048
5261
5394
5432
5338
5173
5039
4927
4751
4451
4036
3536
2974
2386
1752
1075
497
146
-135
-725
-1648
-2453
-2813
-2956
-3258
-3691
-4012
-4236
-4508
-4757
-4776
-4594
-4461
-4445
-4374
-4133
-3848
-3635
-3410
-3046
-2568
-2092
-1669
-1296
-977
-655
-216
312
762
1055
1297
1545
1735
1891
2116
2370
2491
2444
2347
2235
2082
1940
1852
1750
1576
1400
1250
993
624
367
331
304
111
-97
-141
-139
-229
-306
-244
-158
-164
-148
-11
137
188
254
455
668
759
796
866
896
858
926
1140
1218
990
750
781
816
444
-189
-570
-618
-732
-1116
-1541
-1838
-2171
-2650
-3027
-3081
-3001
-3139
-3471
-3633
-3474
-3252
-3217
-3197
-2891
-2352
-1926
-1716
-1461
-967
-363
162
671
1292
1919
2350
2632
3016
3568
4075
4396
4655
4969
5215
5248
5157
5112
5105
4995
4735
4395
4007
3542
3017
2526
2088
1558
827
43
-513
-837
-1249
-1928
-2634
-3084
-3366
-3701
-4061
-4302
-4463
-4647
-4774
-4727
-4597
-4518
-4453
-4270
-3940
-3559
-3224
-2926
-2567
-2101
-1635
-1270
-901
-380
174
528
743
1076
1504
1787
1926
2142
2414
2495
2387
2349
2424
2410
2242
2064
1919
1729
1503
1302
1103
868
648
471
289
113
12
-61
-202
-335
-333
-294
-379
-483
-393
-194
-134
-187
-111
100
223
211
273
496
698
748
763
887
1032
1024
871
776
822
844
717
556
434
112
-519
-1025
-997
-811
-1139
-1861
-2273
-2304
-2540
-3064
-3256
-2958
-2804
-3113
-3356
-3123
-2802
-2797
-2795
-2343
-1640
-1202
-1065
-835
-323
281
795
1265
1797
2347
2759
3005
3261
3672
4106
4346
4453
4624
4796
4738
4489
4345
4350
4241
3906
3507
3137
2689
2149
1681
1330
923
313
-411
-1022
-1404
-1674
-2064
-2617
-3105
-3362
-3522
-3763
-4003
-4089
-4087
-4114
-4105
-3970
-3809
-3719
-3600
-3322
-2945
-2572
-2215
-1880
-1578
-1245
-838
-456
-151
207
667
1023
1164
1316
1632
1895
1914
1901
2066
2214
2104
1896
1846
1844
1668
1400
1249
1169
981
725
557
458
308
129
35
7
-61
-156
-184
-177
-233
-287
-187
-5
38
-35
26
235
335
266
253
389
533
617
676
675
620
636
736
756
692
717
746
561
316
338
468
265
-227
-588
-758
-956
-1153
-1256
-1472
-1924
-2294
-2396
-2524
-2804
-2873
-2637
-2557
-2786
-2828
-2484
-2237
-2293
-2149
-1544
-958
-756
-618
-201
306
664
1007
1495
2017
2407
2683
2924
3175
3476
3765
3932
3997
4088
4176
4089
3857
3702
3649
3477
3111
2735
2422
2039
1561
1154
857
461
-141
-760
-1166
-1388
-1657
-2094
-2559
-2850
-3008
-3220
-3480
-3588
-3526
-3530
-3635
-3612
-3411
-3258
-3222
-3059
-2699
-2360
-2149
-1918
-1594
-1270
-957
-593
-248
13
313
697
960
1036
1188
1528
1763
1744
1740
1892
1938
1770
1667
1728
1680
1427
1223
1171
1063
831
649
569
441
254
143
112
37
-69
-108
-144
-250
-271
-88
31
-170
-392
-216
134
135
-92
-26
270
301
119
198
488
541
410
523
800
828
649
646
821
876
794
735
662
530
469
432
104
-454
-700
-522
-584
-1218
-1791
-1785
-1728
-2233
-2815
-2719
-2281
-2381
-2930
-3053
-2572
-2224
-2373
-2458
-1995
-1337
-1059
-1082
-865
-256
324
576
765
1253
1863
2161
2197
2436
2970
3357
3383
3390
3642
3851
3741
3529
3539
3632
3507
3197
2933
2715
2377
1951
1580
1283
959
576
137
-389
-955
-1403
-1654
-1835
-2098
-2461
-2824
-3118
-3307
-3375
-3358
-3329
-3330
-3342
-3302
-3197
-3060
-2894
-2657
-2343
-2032
-1784
-1544
-1259
-946
-624
-264
100
394
641
907
1141
1279
1421
1662
1876
1905
1841
1850
1891
1837
1741
1707
1663
1497
1268
1087
939
771
611
464
284
84
-83
-224
-369
-447
-438
-501
-668
-726
-585
-491
-575
-590
-380
-192
-223
-267
-131
83
236
386
525
554
543
662
858
958
1004
1097
1150
1095
1070
1132
1097
910
789
818
770
512
188
-83
-369
-638
-790
-938
-1292
-1727
-1948
-2034
-2334
-2775
-2895
-2651
-2566
-2867
-3094
-2886
-2564
-2527
-2546
-2187
-1602
-1272
-1219
-997
-440
104
409
711
1248
1826
2144
2287
2566
3027
3414
3593
3713
3902
4041
3987
3837
3776
3782
3680
3416
3092
2774
2408
1982
1576
1247
915
469
-71
-593
-1046
-1442
-1765
-2010
-2267
-2620
-2995
-3234
-3324
-3383
-3448
-3442
-3357
-3278
-3233
-3151
-2988
-2746
-2436
-2110
-1825
-1569
-1286
-982
-681
-342
24
317
534
812
1125
1294
1351
1510
1740
1806
1746
1774
1826
1692
1477
1419
1417
1231
950
788
689
503
296
171
54
-95
-200
-272
-383
-474
-449
-402
-446
-475
-400
-336
-319
-199
1
81
93
268
505
531
485
671
926
965
957
1132
1244
1070
943
1118
1263
1117
978
1037
1006
761
579
531
364
123
76
66
-248
-710
-938
-1038
-1312
-1631
-1756
-1876
-2204
-2476
-2484
-2556
-2928
-3177
-2934
-2589
-2651
-2887
-2779
-2391
-2152
-2075
-1813
-1308
-850
-599
-371
31
539
961
1262
1626
2140
2594
2774
2842
3101
3497
3720
3736
3783
3901
3883
3692
3536
3463
3304
3005
2693
2414
2084
1701
1335
969
547
97
-339
-743
-1074
-1313
-1580
-1963
-2331
-2526
-2632
-2808
-2974
-2985
-2918
-2938
-2987
-2915
-2754
-2634
-2519
-2298
-2017
-1780
-1580
-1356
-1110
-865
-612
-374
-151
106
388
574
646
754
953
1095
1116
1159
1264
1281
1176
1105
1123
1106
1002
899
817
716
599
503
415
336
298
258
154
51
45
83
52
-26
-25
52
106
92
62
92
182
266
309
357
418
428
387
434
603
710
654
566
563
568
527
506
514
472
395
349
282
128
10
23
17
-121
-240
-243
-315
-537
-673
-598
-595
-835
-1054
-1041
-1001
-1166
-1382
-1440
-1437
-1545
-1674
-1654
-1568
-1638
-1825
-1832
-1576
-1367
-1444
-1556
-1332
-911
-737
-785
-613
-156
175
239
397
832
1219
1342
1463
1810
2178
2302
2318
2486
2737
2853
2839
2829
2843
2798
2692
2576
2441
2254
2031
1812
1591
1308
950
608
373
173
-135
-533
-848
-1052
-1265
-1520
-1712
-1842
-2011
-2192
-2271
-2267
-2298
-2356
-2339
-2249
-2164
-2083
-1969
-1848
-1742
-1591
-1352
-1103
-945
-844
-686
-446
-203
-21
128
279
401
491
609
767
877
880
855
900
973
968
899
845
811
762
709
668
601
491
390
341
305
242
171
123
92
66
36
9
18
57
64
45
69
155
213
210
226
301
369
385
404
469
531
539
521
525
541
528
485
444
428
418
360
235
104
48
61
43
-61
-198
-281
-310
-338
-391
-464
-554
-630
-660
-676
-765
-909
-997
-1011
-1030
-1109
-1188
-1230
-1272
-1345
-1396
-1375
-1300
-1255
-1285
-1318
-1242
-1051
-883
-822
-764
-574
-307
-125
-38
113
382
630
778
936
1185
1412
1520
1605
1782
1981
2081
2099
2122
2163
2175
2146
2092
2014
1918
1841
1756
1571
1299
1097
1011
865
576
315
192
45
-222
-446
-530
-639
-868
-1047
-1074
-1104
-1243
-1397
-1449
-1422
-1377
-1375
-1428
-1462
-1378
-1256
-1222
-1210
-1086
-927
-892
-889
-745
-545
-477
-482
-393
-245
-181
-186
-153
-79
-31
-10
-4
-18
-40
-31
-4
-8
-35
-48
-48
-57
-61
-52
-41
-34
4
56
88
99
138
196
247
296
364
422
453
491
552
613
654
693
719
729
757
808
807
748
719
757
765
704
633
589
528
469
463
454
338
174
110
117
69
-27
-73
-122
-242
-351
-334
-300
-381
-501
-530
-516
-548
-581
-568
-570
-626
-636
-581
-557
-618
-665
-638
-591
-580
-580
-582
-607
-626
-587
-526
-530
-580
-571
-481
-427
-467
-496
-415
-285
-223
-218
-170
-54
55
126
203
331
460
544
625
745
865
939
992
1078
1185
1246
1261
1275
1312
1331
1300
1248
1229
1214
1144
1035
951
892
788
649
540
463
344
182
35
-70
-172
-294
-418
-527
-621
-718
-814
-883
-918
-945
-991
-1038
-1051
-1044
-1037
-1019
-985
-958
-945
-910
-844
-781
-738
-696
-638
-581
-525
-466
-406
-362
-330
-281
-225
-176
-145
-125
-105
-73
-20
31
48
39
54
118
185
201
183
213
295
353
345
333
376
429
434
426
461
492
459
407
401
424
421
390
348
306
290
302
296
242
206
228
253
226
210
233
237
199
207
281
307
242
179
195
234
230
185
123
72
59
57
12
-83
-142
-148
-156
-227
-315
-358
-357
-363
-394
-428
-454
-470
-476
-457
-436
-451
-482
-468
-423
-415
-444
-423
-360
-361
-419
-392
-267
-222
-290
-291
-157
-64
-91
-84
42
144
152
193
324
422
431
471
585
682
729
784
845
856
862
920
974
951
897
886
878
809
721
682
657
566
423
313
257
193
83
-42
-150
-246
-324
-377
-449
-564
-662
-680
-680
-742
-816
-847
-828
-820
-850
-865
-839
-786
-740
-748
-749
-685
-598
-532
-508
-474
-413
-347
-271
-203
-158
-118
-61
6
55
90
136
183
204
216
258
303
299
273
273
299
307
290
269
233
191
193
230
214
142
99
125
139
107
93
114
105
68
71
117
123
83
70
101
126
126
131
143
137
132
161
191
181
152
154
187
198
164
132
127
143
146
110
57
30
44
48
4
-47
-61
-68
-109
-134
-111
-105
-169
-234
-210
-140
-126
-176
-202
-164
-114
-102
-113
-105
-77
-46
-13
24
42
31
33
78
135
152
134
116
104
102
130
162
136
61
27
61
82
46
11
6
-4
-29
-27
-16
-56
-117
-118
-65
-56
-117
-153
-125
-82
-71
-91
-111
-115
-89
-50
-50
-80
-85
-47
-19
-35
-47
-22
10
23
42
70
71
40
30
53
73
49
12
-18
-41
-60
-41
-4
12
3
11
28
26
17
51
97
92
46
12
-7
-42
-66
-58
-57
-99
-148
-147
-117
-113
-124
-101
-53
-22
-20
-25
-9
26
60
70
64
77
106
121
115
119
134
145
162
172
150
105
93
131
159
140
104
78
69
69
67
47
3
-29
-24
-4
-6
-31
-54
-60
-41
4
38
12
-52
-70
-15
39
21
-34
-61
-51
-42
-39
-23
-14
-36
-76
-98
-95
-89
-80
-73
-107
-166
-167
-119
-118
-187
-211
-150
-111
-147
-190
-184
-154
-106
-59
-70
-131
-136
-42
26
2
-35
-26
6
26
43
54
51
54
72
94
118
134
132
118
139
187
196
172
178
206
208
197
224
248
226
198
205
231
244
243
219
184
182
223
228
151
87
104
133
95
25
-9
-13
-22
-59
-101
-123
-130
-154
-189
-187
-183
-210
-250
-234
-205
-216
-225
-215
-211
-249
-250
-200
-162
-183
-250
-272
-250
-197
-188
-231
-265
-269
-240
-225
-229
-256
-248
-205
-189
-208
-213
-131
-76
-96
-97
-19
43
6
9
125
226
198
140
191
269
295
297
346
396
362
314
352
443
460
396
353
398
456
451
407
343
313
349
420
416
294
186
194
250
247
207
161
87
11
6
55
3
-130
-178
-112
-108
-244
-346
-323
-254
-279
-362
-406
-405
-369
-358
-395
-430
-392
-309
-292
-343
-370
-304
-213
-171
-196
-229
-198
-119
-61
-82
-117
-118
-55
23
38
-21
-101
-77
22
89
64
-17
-59
-41
42
93
74
22
-10
-1
32
104
137
75
-5
23
133
164
114
96
138
169
163
175
208
228
224
214
214
222
238
255
245
196
158
180
221
200
115
64
80
98
65
19
-9
-41
-79
-89
-76
-86
-124
-163
-197
-205
-164
-140
-200
-277
-248
-149
-153
-255
-272
-193
-159
-199
-208
-163
-152
-166
-140
-101
-99
-84
-26
5
-35
-65
-12
70
103
78
46
26
38
94
157
153
70
2
31
110
141
100
32
-7
8
66
107
77
5
-28
24
97
87
17
-5
59
110
81
29
38
84
100
91
83
70
42
33
62
81
52
19
10
8
15
38
51
8
-47
-37
14
17
-24
-33
-7
-12
-47
-49
-14
-2
-37
-71
-68
-43
-24
-33
-63
-83
-57
-8
0
-32
-37
-3
19
7
6
25
28
16
23
33
19
8
28
49
28
5
16
31
17
-6
3
22
10
-23
-32
-20
-14
-16
-18
-28
-47
-57
-39
-23
-30
-51
-56
-44
-43
-47
-42
-39
-46
-51
-41
-37
-51
-58
-45
-35
-42
-51
-47
-39
-40
-44
-40
-27
-13
-11
-18
-13
15
36
27
16
21
41
63
68
56
48
69
88
79
59
63
78
79
59
42
45
51
50
41
32
26
25
25
23
12
13
27
25
-3
-7
25
46
25
2
13
29
26
24
25
14
-4
-2
15
14
-10
-28
-27
-22
-23
-25
-26
-36
-50
-53
-45
-46
-53
-60
-58
-60
-66
-72
-67
-56
-54
-59
-56
-40
-32
-31
-24
-12
-12
-22
-16
1
9
1
1
13
26
31
33
36
38
43
48
54
53
50
50
50
48
40
35
32
33
31
22
15
16
24
29
24
20
19
15
14
20
27
23
-2
-17
-13
2
4
-14
-37
-40
-32
-33
-42
-47
-37
-37
-46
-52
-48
-32
-23
-28
-38
-36
-24
-23
-24
-12
-7
-17
-24
-15
-5
-3
-4
-1
1
5
14
21
14
4
4
14
17
14
12
5
-4
2
19
29
22
2
-13
-4
25
44
28
-1
-16
-12
42
117
82
-85
-124
92
223
40
-151
-38
143
96
-26
-16
53
53
17
4
31
65
48
-13
-14
52
57
-9
-22
33
36
-29
-60
-4
49
10
-70
-60
11
7
-64
-64
1
-9
-73
-65
-10
-26
-66
-32
23
-2
-61
-52
0
19
-8
-28
-29
-34
-42
-21
11
1
-41
-50
-16
8
7
6
11
-2
-21
-13
18
31
13
-15
-22
1
30
31
16
8
10
12
25
38
36
25
20
23
15
12
16
27
29
14
-8
-14
0
14
9
-1
-6
-9
-9
2
16
10
-6
-6
1
-9
-20
-6
4
-14
-38
-35
-13
-3
-5
-8
-3
-3
-10
-13
-10
-2
0
-2
-18
-30
-18
11
18
3
-8
-1
13
18
17
11
5
3
-4
-12
-5
5
1
-12
-12
5
17
16
9
8
18
25
19
10
9
14
8
-2
-1
6
3
-5
