5
4
2
1
-3
-2
-1
0
0
0
-1
-1
-1
-1
-1
2
4
3
3
3
2
3
0
-1
0
0
-1
-2
-4
-6
-5
-5
-7
-10
-10
-8
-7
-7
-10
-12
-12
-10
-7
-5
-4
-2
2
3
2
1
2
3
2
6
9
10
7
9
10
11
11
7
3
-2
-4
-1
0
-2
-6
-8
-8
-7
-6
-4
-4
-7
-6
-5
-3
-5
-6
-7
-9
-9
-4
-1
-3
-3
-2
1
-1
-4
-7
-10
-14
-14
-13
-12
-11
-11
-9
-9
-10
-7
-8
-10
-9
-4
-1
1
3
6
7
9
8
7
9
9
9
12
13
16
16
16
16
19
22
22
22
22
21
43
54
47
49
45
57
71
64
62
61
62
75
70
67
67
61
63
60
55
52
42
34
28
21
16
8
3
-1
-8
-15
-16
-12
-13
-22
-31
-26
-17
-24
-47
-62
-61
-56
-79
-130
-164
-163
-171
-209
-287
-333
-331
-351
-400
-487
-546
-533
-555
-610
-678
-733
-717
-736
-801
-823
-838
-824
-828
-872
-843
-793
-769
-751
-748
-675
-571
-525
-498
-456
-354
-222
-151
-117
-42
88
214
282
330
425
559
661
713
770
875
996
1078
1130
1199
1305
1408
1469
1515
1587
1687
1766
1800
1832
1889
1952
1978
1971
1961
1966
1955
1897
1806
1720
1638
1536
1398
1252
1117
977
816
642
482
334
180
17
-138
-271
-408
-554
-690
-795
-888
-1012
-1144
-1237
-1286
-1346
-1450
-1543
-1573
-1568
-1592
-1661
-1698
-1674
-1657
-1705
-1773
-1765
-1685
-1671
-1789
-1919
-1879
-1711
-1639
-1753
-1912
-1895
-1716
-1577
-1574
-1637
-1631
-1544
-1450
-1383
-1321
-1255
-1222
-1221
-1194
-1106
-1022
-998
-995
-926
-828
-809
-844
-764
-494
-244
-204
-217
29
525
928
1126
1368
1822
2297
2606
2877
3271
3675
3901
4001
4124
4287
4391
4405
4349
4260
4192
4146
4035
3809
3590
3472
3358
3109
2784
2538
2349
2089
1734
1401
1145
883
556
202
-100
-352
-602
-890
-1195
-1455
-1642
-1812
-2045
-2282
-2474
-2680
-2960
-3236
-3445
-3627
-3840
-4182
-4690
-5060
-5053
-5067
-5498
-5721
-5193
-4743
-5082
-5221
-4237
-3123
-2850
-2666
-1913
-1229
-929
-430
244
521
655
1086
1386
1281
1393
1942
2219
2066
2197
2749
3095
3056
3070
3293
3474
3515
3490
3352
3067
2814
2727
2603
2235
1885
1905
2049
1820
1422
1438
1766
1831
1648
1632
1703
1549
1322
1210
991
601
347
205
-217
-794
-1020
-988
-1187
-1541
-1654
-1658
-1858
-2043
-2065
-2298
-2863
-3203
-3179
-3469
-4238
-4668
-4442
-4360
-4802
-4959
-4340
-3640
-3424
-3189
-2421
-1502
-929
-517
90
788
1302
1635
1942
2261
2549
2771
2952
3128
3306
3461
3574
3651
3682
3678
3687
3694
3590
3355
3131
2992
2783
2413
2056
1868
1722
1433
1112
953
896
778
652
649
681
627
545
485
354
116
-159
-454
-757
-1059
-1568
-2360
-2925
-2926
-3013
-3736
-4319
-4019
-3605
-3911
-4224
-3711
-3003
-2845
-2799
-2383
-1922
-1653
-1340
-1046
-946
-749
-337
-179
-367
-283
212
482
369
462
943
1323
1376
1421
1652
1909
2036
2007
1862
1710
1652
1580
1346
1070
981
1008
917
770
855
1137
1288
1249
1327
1657
1949
1911
1623
1425
1532
1716
1477
776
284
390
531
154
-347
-454
-466
-757
-976
-913
-1141
-1892
-2415
-2331
-2458
-3355
-4271
-4427
-4288
-4625
-5233
-5397
-4996
-4520
-4288
-4076
-3482
-2514
-1646
-1137
-615
288
1248
1769
2022
2494
3136
3537
3670
3821
4056
4254
4413
4523
4502
4429
4478
4538
4346
3979
3751
3640
3327
2783
2318
2048
1754
1307
870
606
476
350
188
55
38
117
163
109
52
62
40
-111
-333
-522
-690
-914
-1223
-1583
-1906
-2131
-2333
-2675
-3200
-3687
-3850
-3786
-3995
-4706
-5336
-5204
-4608
-4461
-4880
-5011
-4418
-3640
-3177
-2785
-2132
-1396
-843
-393
167
826
1396
1702
1772
1892
2256
2617
2629
2451
2532
2866
3033
2947
2915
3060
3143
3048
2950
2940
2852
2557
2172
1872
1689
1497
1180
832
649
633
582
478
549
787
893
820
894
1147
1208
1013
914
958
797
445
264
220
-40
-428
-583
-597
-776
-1044
-1236
-1518
-1898
-2025
-2019
-2495
-3410
-3953
-3936
-4111
-4786
-5368
-5490
-5462
-5492
-5395
-5122
-4770
-4247
-3520
-2831
-2224
-1426
-452
308
837
1522
2384
3019
3338
3668
4136
4550
4817
5007
5137
5221
5336
5429
5353
5170
5051
4928
4595
4119
3724
3390
2930
2359
1851
1451
1075
702
381
106
-110
-225
-272
-357
-466
-487
-454
-511
-653
-744
-807
-989
-1272
-1527
-1789
-2088
-2284
-2457
-3013
-3834
-4141
-3733
-3530
-4111
-4730
-4630
-4207
-4053
-3944
-3569
-3200
-3015
-2760
-2358
-1970
-1545
-1044
-745
-651
-294
349
698
657
822
1376
1803
1888
1992
2278
2510
2575
2606
2676
2768
2842
2796
2590
2394
2328
2232
1969
1697
1570
1452
1219
1011
984
997
850
662
726
987
1030
794
715
951
1048
777
594
764
853
573
311
343
363
189
77
98
-28
-370
-711
-965
-1183
-1369
-1693
-2352
-3089
-3484
-3670
-4087
-4646
-4957
-5093
-5328
-5481
-5298
-5010
-4871
-4596
-3939
-3199
-2648
-2077
-1301
-518
142
862
1684
2372
2870
3372
3928
4399
4764
5099
5395
5612
5791
5926
5944
5864
5755
5576
5286
4959
4633
4208
3634
3043
2521
1984
1392
863
457
74
-353
-735
-1000
-1229
-1486
-1669
-1717
-1761
-1866
-1946
-2127
-2596
-2956
-2651
-2154
-2490
-3392
-3589
-3072
-3057
-3614
-3563
-2870
-2724
-3224
-3298
-2747
-2367
-2339
-2223
-2020
-1886
-1627
-1330
-1411
-1612
-1270
-660
-567
-761
-473
74
174
81
444
1028
1261
1290
1478
1688
1769
1900
2063
1995
1862
2002
2194
2034
1753
1773
1898
1798
1691
1826
1938
1801
1658
1646
1562
1431
1502
1635
1465
1103
910
862
759
677
669
574
415
355
259
4
-54
273
451
135
-110
96
152
-310
-642
-476
-484
-1043
-1521
-1621
-1927
-2628
-3137
-3275
-3536
-3968
-4150
-4208
-4552
-4919
-4787
-4408
-4316
-4279
-3819
-3151
-2755
-2492
-1950
-1183
-484
111
739
1417
2068
2621
3044
3432
3952
4539
4954
5175
5405
5660
5737
5634
5571
5582
5501
5281
5015
4674
4197
3692
3255
2813
2293
1803
1386
899
314
-204
-593
-972
-1387
-1761
-2060
-2310
-2561
-2843
-3090
-3288
-3707
-4384
-4536
-3680
-2973
-3661
-4719
-4423
-3411
-3414
-3866
-3122
-1899
-1961
-2709
-2412
-1405
-1052
-1126
-794
-360
-261
-156
-37
-309
-506
48
650
406
6
352
791
503
207
713
1366
1349
1063
1146
1357
1318
1245
1365
1532
1647
1734
1634
1309
1180
1458
1683
1539
1438
1676
1785
1438
1130
1269
1522
1520
1411
1341
1202
1030
917
717
468
559
916
849
272
-33
189
291
38
-16
252
286
-36
-298
-403
-557
-667
-693
-940
-1412
-1690
-1825
-2333
-3058
-3355
-3341
-3633
-4083
-4139
-4067
-4387
-4692
-4360
-3782
-3586
-3449
-2839
-2128
-1857
-1697
-1124
-360
152
540
1106
1711
2112
2389
2732
3174
3681
4201
4623
4913
5188
5462
5598
5608
5673
5790
5751
5510
5216
4883
4399
3822
3318
2866
2352
1820
1336
805
152
-465
-915
-1324
-1806
-2245
-2566
-2903
-3336
-3788
-4254
-4740
-5030
-4961
-4824
-4958
-5230
-5351
-5299
-5069
-4544
-3971
-3738
-3611
-3089
-2381
-2020
-1801
-1243
-599
-293
-76
378
743
771
829
1158
1482
1643
1806
1929
1872
1828
2016
2224
2222
2181
2260
2272
2096
1908
1798
1672
1522
1439
1347
1132
873
680
530
418
421
500
493
411
414
502
534
519
608
802
928
903
820
794
850
888
813
685
675
795
887
836
666
452
325
450
748
871
642
331
162
4
-251
-405
-409
-630
-1244
-1887
-2241
-2509
-2954
-3425
-3738
-4016
-4364
-4616
-4715
-4869
-5108
-5143
-4867
-4523
-4288
-4050
-3720
-3350
-2920
-2341
-1658
-987
-344
308
976
1671
2411
3113
3730
4378
5108
5752
6171
6481
6802
7069
7214
7310
7365
7276
7021
6682
6284
5796
5260
4733
4172
3514
2782
2019
1238
443
-326
-1048
-1720
-2318
-2861
-3437
-4052
-4615
-5090
-5479
-5753
-5922
-6038
-6094
-6171
-6477
-6737
-6322
-5576
-5653
-6208
-5468
-3620
-3027
-4014
-4112
-2512
-1197
-924
-353
647
909
774
1363
2225
2574
2931
3512
3497
3051
3298
3941
3733
3049
3179
3791
3655
2912
2525
2493
2248
1895
1788
1743
1458
1029
653
327
98
73
103
-66
-346
-441
-390
-494
-698
-622
-251
8
21
21
55
19
115
538
954
998
864
834
793
730
921
1207
1117
854
996
1240
872
270
287
574
221
-447
-557
-460
-1044
-2082
-2832
-3373
-3907
-3998
-3733
-4188
-5561
-6456
-6121
-5666
-6016
-6404
-5939
-5138
-4855
-4903
-4629
-3907
-3068
-2324
-1567
-547
712
1684
2046
2360
3366
4800
5816
6319
6875
7583
8018
8158
8374
8705
8886
8914
8909
8708
8160
7493
6912
6258
5438
4710
4144
3363
2164
892
-103
-936
-1807
-2647
-3343
-3980
-4666
-5371
-6032
-6577
-6908
-7030
-7102
-7173
-7124
-7003
-7001
-7024
-6838
-6556
-6278
-5556
-4267
-3421
-3695
-3973
-3005
-1511
-751
-351
532
1369
1485
1548
2237
2984
3270
3500
3843
3899
3730
3736
3689
3288
3026
3253
3327
2761
2096
1826
1611
1172
839
791
710
400
15
-329
-594
-650
-526
-488
-595
-609
-485
-464
-556
-465
-99
267
441
538
718
942
1063
1082
1198
1497
1759
1790
1724
1686
1509
1189
1095
1307
1389
1182
996
810
353
-22
194
517
215
-334
-454
-547
-1129
-1636
-1600
-1749
-2648
-3604
-4003
-4270
-4707
-5003
-5278
-6013
-6771
-6644
-5960
-5823
-6206
-6114
-5378
-4717
-4301
-3644
-2676
-1788
-1042
-170
922
2097
3191
4034
4652
5421
6516
7494
7965
8236
8689
9104
9196
9171
9223
9105
8653
8116
7620
6982
6169
5347
4476
3412
2316
1404
536
-515
-1629
-2584
-3402
-4197
-4930
-5534
-6061
-6555
-6933
-7103
-7107
-7026
-6862
-6621
-6367
-6064
-5621
-5130
-4691
-4079
-3234
-2726
-2722
-2338
-1260
-708
-1100
-783
921
2011
1351
789
1602
2323
2011
1981
2749
2961
2292
1953
2106
1903
1562
1703
1762
1218
827
1034
985
330
-20
311
517
230
63
287
413
223
117
297
524
648
740
797
761
759
903
1038
1042
1109
1349
1463
1262
1074
1246
1576
1647
1424
1170
1113
1249
1319
1107
844
924
1101
795
201
57
263
85
-273
37
640
241
-1058
-1784
-1579
-1592
-2282
-2967
-3652
-4949
-6196
-6143
-5487
-6108
-7751
-8240
-7196
-6613
-7296
-7588
-6447
-5200
-5056
-4996
-3580
-1399
-129
52
652
2514
4643
5840
6402
7342
8629
9431
9684
10145
10957
11376
11095
10707
10566
10284
9610
8805
7951
6803
5495
4479
3631
2355
663
-785
-1780
-2799
-4053
-5132
-5821
-6473
-7336
-8090
-8356
-8268
-8203
-8219
-8062
-7589
-6942
-6303
-5673
-4937
-4073
-3208
-2419
-1588
-675
95
626
1210
1942
2385
2292
2025
1740
1245
1035
1865
2881
2350
577
-433
-252
-233
-597
-386
52
-462
-1528
-1824
-1429
-1259
-1299
-1148
-1019
-1030
-772
-287
-117
-136
298
1127
1773
2191
2650
2954
2833
2652
2904
3485
3929
4016
3788
3316
2773
2407
2279
2209
2056
1817
1452
900
322
-7
-87
-155
-247
-247
-228
-316
-383
-355
-434
-546
-248
284
227
-386
-512
91
404
37
-272
-366
-824
-1430
-1485
-1523
-2569
-4223
-5438
-6262
-7001
-7098
-6571
-6798
-8191
-9142
-8721
-8068
-7880
-7142
-5517
-4310
-4021
-3374
-1698
40
1163
2279
3880
5605
7126
8474
9540
10155
10551
11032
11568
12043
12418
12422
11726
10528
9382
8446
7500
6485
5432
4135
2484
808
-626
-2010
-3450
-4629
-5416
-6155
-7000
-7620
-7918
-8251
-8685
-8749
-8219
-7423
-6633
-5820
-5010
-4321
-3651
-2795
-1719
-531
640
1643
2329
2719
3013
3324
3382
2771
1811
1576
2275
2437
1070
-531
-908
-900
-1814
-2763
-2465
-1893
-2558
-3759
-3982
-3434
-3148
-3130
-2874
-2428
-1958
-1406
-900
-559
-72
746
1526
2057
2694
3545
4107
4069
3833
3925
4346
4706
4744
4537
4263
3873
3255
2603
2216
2017
1645
1027
406
-96
-588
-1097
-1479
-1637
-1622
-1482
-1258
-1086
-1066
-1051
-794
-353
24
331
713
978
848
603
830
1495
1986
2022
1806
1420
772
45
-536
-1149
-2073
-3305
-4865
-6770
-8329
-8625
-8150
-8491
-9834
-10541
-9942
-9405
-9623
-9168
-7153
-5082
-4316
-3706
-1651
1178
3102
4133
5547
7643
9572
10900
12030
13164
13912
13945
13532
13208
13132
12938
12186
10841
9197
7485
5774
4108
2483
823
-884
-2519
-4064
-5596
-6986
-7973
-8628
-9276
-9865
-9963
-9480
-8859
-8377
-7782
-6832
-5699
-4571
-3287
-1713
-122
1122
2032
2855
3662
4360
4892
5254
5428
5376
5037
4392
3610
2858
1985
698
-1088
-3366
-5885
-7507
-7072
-5514
-5329
-7034
-8495
-8522
-8156
-7738
-6023
-3280
-1665
-1672
-1451
-57
1492
2520
3404
4270
4969
5768
6757
7366
7284
6866
6327
5705
5470
5992
6579
6113
4512
2700
1410
664
265
113
-79
-743
-1897
-2946
-3415
-3465
-3434
-3307
-2948
-2439
-1900
-1347
-862
-512
-95
630
1560
2418
3097
3509
3490
3111
2769
2708
2762
2695
2457
2082
1598
1013
164
-1165
-2764
-4004
-4748
-5914
-8280
-10904
-11953
-11286
-10860
-11757
-12511
-11666
-10341
-10204
-10220
-8172
-4597
-2207
-1551
-251
2927
6143
7719
8717
10723
13080
14275
14566
15252
16283
16398
15209
13645
12451
11440
10164
8521
6594
4440
2172
-42
-2103
-3954
-5507
-6740
-7850
-9017
-9990
-10305
-10026
-9760
-9673
-9167
-7903
-6383
-5070
-3683
-1933
-232
940
1833
3025
4510
5724
6354
6633
6792
6662
6094
5320
4577
3781
2743
1221
-1142
-3944
-5765
-6056
-6408
-8083
-9735
-9923
-9766
-10601
-10960
-9227
-6922
-6083
-5780
-4105
-1634
22
1052
2460
4062
5200
6082
7120
8080
8615
8608
8032
7149
6621
6631
6459
5599
4476
3551
2540
1221
144
-307
-669
-1521
-2479
-2880
-2875
-3011
-3282
-3326
-3117
-2817
-2318
-1493
-516
343
960
1302
1552
2111
3048
3839
4108
4097
4021
3682
3104
2771
2756
2469
1610
576
-219
-749
-1080
-1351
-1875
-2752
-3758
-4868
-6186
-7247
-7649
-8260
-10074
-12015
-12060
-10573
-9791
-10031
-9409
-7658
-6702
-6780
-5547
-2133
1165
2632
3603
5686
8131
9591
10417
11609
12909
13434
13230
13077
13231
13133
12191
10431
8387
6586
5136
3818
2445
941
-750
-2606
-4390
-5797
-6681
-7082
-7210
-7365
-7593
-7481
-6702
-5627
-4822
-4158
-3099
-1712
-495
633
2142
3768
4678
4775
4793
5114
5376
5276
4954
4508
3757
2573
1157
-153
-1319
-2639
-4204
-5592
-6375
-6695
-7204
-8613
-10851
-12493
-12039
-10072
-8592
-7822
-6272
-4054
-2888
-2541
-848
2111
3990
4379
5300
7354
8861
9017
8646
8202
7360
6243
5498
5281
5251
4898
3726
1890
315
-367
-632
-1111
-1555
-1581
-1532
-1900
-2331
-2182
-1687
-1606
-1939
-1819
-851
307
998
1322
1599
1775
1782
1958
2582
3420
3929
3809
3223
2525
1928
1450
1106
922
647
-124
-1297
-2127
-2123
-1835
-2144
-3008
-3589
-3520
-3363
-3621
-4077
-4461
-5164
-6630
-8377
-9255
-8695
-7400
-6587
-6618
-6695
-6096
-5176
-4499
-3653
-1910
271
1789
2751
4302
6594
8363
8852
8802
9140
9784
10237
10503
10778
10782
10007
8411
6588
5179
4269
3406
2198
800
-394
-1338
-2274
-3255
-4060
-4650
-5205
-5674
-5660
-4932
-3831
-2946
-2519
-2284
-1877
-1216
-427
477
1528
2516
3078
3155
3089
3129
3084
2651
1899
1182
638
59
-688
-1493
-2345
-3362
-4450
-5423
-6429
-7458
-7905
-7607
-7601
-8362
-8476
-6953
-5099
-4219
-3340
-1468
228
823
1547
3400
5191
5758
5845
6317
6759
6639
6233
5805
5152
4251
3340
2572
2034
1733
1378
591
-412
-1029
-1164
-1262
-1484
-1481
-1197
-1089
-1251
-1107
-414
123
-6
-222
150
810
1203
1512
2034
2427
2345
2132
2206
2389
2364
2174
1926
1509
896
354
96
-89
-559
-1257
-1760
-1969
-2183
-2422
-2352
-2078
-2166
-2560
-2611
-2346
-2557
-3447
-4428
-5449
-6941
-8423
-8677
-7617
-6586
-6340
-6185
-5475
-4686
-4292
-3647
-2026
52
1617
2817
4578
6871
8628
9332
9574
9880
10029
9884
9888
10257
10415
9712
8292
6734
5268
3801
2350
1062
-108
-1265
-2288
-3007
-3506
-4009
-4587
-5168
-5634
-5750
-5251
-4197
-3037
-2137
-1456
-823
-250
224
775
1535
2270
2672
2836
3049
3230
3036
2405
1538
552
-489
-1454
-2230
-2805
-3277
-4062
-5522
-7089
-7842
-7940
-8335
-8790
-8195
-6742
-5533
-4567
-3002
-1208
-161
403
1365
2773
4121
5278
6154
6548
6597
6422
5881
5100
4535
4139
3456
2677
2307
2140
1587
690
-86
-676
-1205
-1533
-1489
-1223
-1023
-956
-915
-855
-816
-771
-603
-309
73
598
1256
1834
2173
2360
2430
2308
2136
2197
2441
2508
2230
1738
1213
734
270
-202
-618
-1003
-1590
-2287
-2555
-2288
-2147
-2455
-2657
-2510
-2469
-2588
-2395
-2111
-2494
-3420
-4290
-5363
-6999
-8209
-7894
-6876
-6606
-6731
-5951
-4553
-3833
-3616
-2597
-712
824
1759
3166
5470
7662
8807
9210
9591
9969
9945
9616
9533
9753
9614
8678
7380
6300
5278
3831
2061
518
-623
-1601
-2467
-2984
-3182
-3458
-4038
-4676
-5020
-4957
-4545
-3891
-3141
-2385
-1571
-709
29
589
1112
1570
1750
1729
1883
2228
2366
2081
1528
837
-29
-1048
-1973
-2583
-3229
-4687
-6785
-7993
-7608
-7056
-7366
-7280
-5955
-4884
-4872
-4183
-1942
-67
308
740
2277
3746
4313
4718
5302
5372
4744
4122
3997
4164
4151
3646
2818
2153
1772
1341
743
284
13
-406
-983
-1216
-901
-585
-766
-1116
-1090
-819
-722
-607
-75
561
756
774
1237
1977
2342
2341
2436
2598
2506
2314
2333
2318
1865
1112
465
14
-357
-677
-1012
-1477
-2029
-2475
-2683
-2632
-2408
-2228
-2201
-2183
-2020
-1745
-1493
-1310
-1160
-1024
-999
-1335
-2135
-3296
-4664
-6003
-6838
-6825
-6359
-5970
-5526
-4718
-3890
-3426
-2872
-1760
-540
333
1396
3207
5202
6625
7628
8548
9064
8915
8625
8680
8809
8627
8239
7817
7238
6409
5423
4293
2963
1552
247
-863
-1680
-2107
-2347
-2742
-3285
-3695
-3965
-4280
-4513
-4387
-3970
-3537
-3087
-2419
-1557
-760
-238
48
237
309
151
-16
152
389
-82
-1229
-2124
-2383
-2555
-2819
-2683
-2338
-2471
-2885
-2734
-2071
-1733
-1841
-1918
-1815
-1630
-1226
-528
102
388
391
327
419
804
1341
1669
1718
1716
1795
1886
1979
2078
2030
1709
1320
1196
1311
1360
1192
893
488
-21
-409
-465
-344
-349
-455
-412
-176
114
383
627
778
803
770
836
1129
1528
1748
1715
1644
1598
1430
1208
1089
900
476
89
-25
-88
-250
-385
-581
-1014
-1414
-1502
-1520
-1637
-1568
-1351
-1422
-1628
-1444
-1079
-1072
-1163
-845
-494
-744
-1500
-2417
-3607
-5132
-6493
-7086
-6706
-5693
-4618
-3767
-2952
-2100
-1552
-1287
-779
148
1011
1750
2928
4626
6162
7016
7352
7347
7019
6555
6276
6338
6562
6692
6569
6288
6014
5583
4729
3525
2325
1246
266
-375
-513
-506
-845
-1462
-2048
-2596
-3226
-3772
-3987
-3944
-3814
-3582
-3158
-2622
-2159
-1923
-1931
-1968
-1901
-1991
-2480
-2945
-2873
-2582
-2573
-2503
-1926
-1406
-1545
-1772
-1445
-1080
-1261
-1472
-1174
-792
-719
-615
-257
-48
-227
-488
-522
-328
-5
378
775
1194
1572
1775
1820
1889
1972
1860
1612
1547
1716
1820
1731
1609
1483
1184
761
511
498
487
374
350
527
715
732
663
611
462
166
-46
13
180
218
165
135
91
-34
-179
-255
-259
-254
-272
-239
-107
-3
-117
-360
-507
-585
-759
-917
-885
-838
-950
-1041
-939
-826
-832
-812
-723
-682
-658
-508
-256
8
279
496
593
662
803
898
849
795
829
756
421
59
-115
-330
-895
-1480
-1553
-1365
-1525
-1765
-1431
-954
-1131
-1460
-1051
-454
-505
-535
199
911
970
1169
1890
2259
2064
2105
2382
2265
2030
2203
2374
2190
2093
2207
2046
1677
1563
1523
1180
800
664
499
155
-85
-142
-292
-637
-1028
-1390
-1712
-1980
-2155
-2097
-1776
-1554
-1626
-1571
-1228
-1156
-1391
-1229
-750
-640
-658
-269
79
-16
-168
-246
-448
-686
-939
-1176
-1042
-723
-795
-871
-490
-264
-373
-217
-9
-194
-302
-132
-163
-224
-21
155
153
91
-56
-110
18
-38
-129
187
404
117
146
701
743
235
206
513
382
176
464
728
560
431
535
465
273
396
661
683
635
736
703
523
562
608
327
222
563
515
-159
-344
164
202
-279
-225
178
115
106
498
509
211
354
579
574
838
1119
988
838
649
389
692
1124
785
403
485
348
130
136
-173
-689
-906
-975
-742
-378
-839
-1460
-1114
-897
-1371
-1303
-916
-1033
-957
-697
-895
-888
-500
-495
-542
-346
-571
-756
-178
138
-268
-267
187
163
-92
-9
106
-44
-430
-800
-481
269
40
-785
-519
34
-434
-545
146
-70
-662
-113
340
-12
206
598
295
453
954
378
-146
598
939
369
573
1043
492
328
1253
1370
501
370
823
908
963
1019
904
1051
945
234
212
789
322
-400
147
703
319
76
79
-112
-58
-28
-518
-661
-202
-274
-777
-695
-380
-552
-798
-652
-502
-710
-817
-511
-403
-838
-1100
-697
-301
-406
-534
-393
-212
-241
-352
-262
-94
-96
-276
-421
-300
53
-9
-558
-468
289
386
-170
-402
-281
34
298
-36
-338
152
535
244
100
277
384
317
-1
-32
432
315
-165
351
927
386
109
602
538
227
599
960
704
146
-121
302
586
-51
-288
422
264
-540
-42
881
579
-83
-146
-16
86
230
236
-22
-372
-327
66
-24
-313
-37
144
-89
41
85
-506
-513
335
293
-756
-1112
-471
184
250
-468
-1243
-787
145
80
-237
-70
-223
-352
201
198
-286
13
244
-7
381
454
-495
-241
1063
749
-325
-109
321
221
354
285
-41
251
548
228
31
-112
-439
-208
310
147
-264
-250
-63
-110
-578
-743
16
415
-256
-359
368
364
-206
-377
-291
-53
92
-343
-532
-27
-52
-681
-620
-32
90
39
261
519
523
224
-56
71
360
199
-252
-226
263
126
-532
-389
187
-146
-569
-11
318
-44
-148
-110
-309
-400
-450
-388
109
132
-439
-225
427
255
51
465
375
-34
449
953
276
-147
677
942
178
187
651
184
134
1065
799
-457
-270
827
793
-116
-670
-315
313
67
-408
89
371
-397
-648
-123
49
153
243
-261
-561
-288
-284
-372
-220
-305
-375
-152
-149
-218
-105
-222
-379
-250
-199
-144
73
-3
-280
-292
-302
-317
91
411
36
-455
-432
-297
-315
-58
105
-514
-957
-358
206
96
-89
-209
-51
308
-51
-213
1039
1166
-709
-517
1643
1191
-627
115
1384
498
-378
414
1207
699
-229
-72
821
687
-75
247
890
416
-183
85
235
-275
-684
-607
-224
112
-9
-311
-148
86
-307
-584
-184
-114
-590
-517
-43
-68
-200
-74
-202
-333
-72
-207
-727
-403
336
269
-58
100
110
-329
-364
113
-12
-605
-363
247
-40
-574
-215
51
-240
26
151
-375
-317
-104
-548
-435
361
310
-42
599
846
167
216
748
562
-26
-181
319
869
826
408
164
217
316
202
-128
-148
197
16
-414
-54
249
-203
-258
310
282
-579
-749
429
863
-361
-859
67
192
-346
222
688
-36
-286
198
289
124
-87
-234
-41
13
-193
-38
38
-418
-397
152
126
-198
-202
-163
-285
-445
-313
29
-92
-386
-56
195
-70
-41
110
-33
-66
-124
-222
159
359
-143
-209
128
-113
-150
305
66
-433
-9
280
-215
-220
-22
-243
-3
312
-120
-86
573
184
-283
406
512
-54
268
493
-331
-654
-47
106
-280
-332
-148
-1
109
88
-54
-116
31
4
-264
-290
57
401
383
170
-25
49
607
1008
770
354
283
518
655
495
372
546
454
99
325
476
-19
80
635
234
-229
218
258
-71
167
-10
-742
-666
-369
-870
-978
-349
-386
-1032
-1128
-698
-867
-1505
-1365
-917
-1397
-1684
-787
-604
-1355
-904
-56
-330
-309
365
337
402
1230
1241
567
793
1181
697
329
689
783
312
384
939
784
398
728
760
148
392
737
3
43
1102
1071
515
803
797
331
572
728
193
-96
94
218
-16
-342
-329
-282
-395
-252
-381
-1088
-1014
-255
-561
-1198
-743
-442
-1048
-1256
-951
-1152
-1377
-806
-411
-927
-1148
-554
-395
-867
-864
-488
-449
-374
16
207
205
479
721
627
624
903
1047
762
441
760
1183
596
148
1082
1379
225
248
1313
995
267
610
709
244
231
413
359
111
-246
-264
76
98
-21
212
423
244
11
66
281
142
-194
-140
4
-152
-198
-93
-71
-88
-376
-743
-544
-294
-524
-630
-538
-492
-253
-211
-474
-206
284
101
-68
277
379
75
-135
-82
-17
-174
-222
9
-99
-270
149
282
-189
-100
110
-313
-358
44
-324
-725
-313
-44
-442
-599
-110
155
-105
-130
265
80
-135
305
386
-97
29
346
10
-112
152
124
-198
-325
-41
350
-48
-568
27
408
-348
-341
455
210
94
743
385
-339
301
511
-213
-46
305
-204
-307
286
238
-1
33
62
-36
48
265
219
-107
-66
436
215
-581
-678
-196
-255
-396
-98
293
314
197
316
261
211
327
492
340
170
438
402
-16
1
290
261
-7
60
272
-20
-303
-122
18
-148
-392
52
305
-195
-255
-77
165
-248
-678
-238
86
346
-110
-63
350
-15
-148
-297
42
40
31
412
124
141
225
253
-33
-344
-367
-496
-352
-277
-375
-289
-11
-307
-461
-238
-247
-359
-652
-253
-273
-437
-334
-300
402
303
431
334
29
247
-48
404
498
688
502
-201
139
-6
121
136
73
-43
-485
-164
-576
-814
-609
-691
-735
-686
-183
-267
-306
-284
-473
-323
-173
-15
10
428
407
381
780
924
910
576
730
820
888
725
461
798
627
277
369
649
254
-8
570
481
-139
-212
114
19
4
215
52
-87
-112
-108
-337
-577
-580
-731
-756
-790
-783
-801
-774
-306
-408
-730
-694
-437
-431
-726
-355
-270
-401
-237
-72
-200
-451
40
157
27
271
593
608
287
460
644
710
753
709
653
426
546
740
121
-551
-278
134
-109
-503
-180
-245
-738
-525
-478
-493
-765
-621
-159
-213
-363
-807
-309
236
-153
-257
-35
125
-267
-72
550
229
273
1208
1809
1698
1675
2265
2579
2266
2101
2080
2219
2031
1284
1170
876
423
-61
-500
-622
-1405
-1720
-1724
-1764
-2102
-2868
-2639
-2187
-2167
-2457
-2457
-2061
-2000
-2195
-2141
-1712
-1299
-1068
-1158
-1090
-767
-350
107
33
139
326
456
736
853
1073
1043
1422
1771
1293
1194
1562
1779
1428
1324
1363
1141
1014
994
748
562
668
313
295
513
516
255
-18
54
-249
-273
-447
-683
-232
-439
-851
-913
80
622
985
2070
2373
2435
2617
2795
1878
1239
1271
510
-202
-539
-584
-780
-800
-863
-1213
-768
-633
-943
-1055
-951
-1407
-1625
-979
-954
-1578
-1387
-664
-940
-1544
-1362
-1027
-1140
-1436
-1370
-815
-367
-501
-955
-741
-472
-794
-990
-586
-318
-512
-380
30
95
25
245
319
-68
-66
396
752
450
176
496
785
903
642
604
673
569
703
785
1131
1369
1491
1481
1246
1303
1279
1218
1105
949
878
857
773
760
622
421
144
-115
78
75
-90
-359
-321
-119
-497
-681
-607
-488
-633
-829
-851
-765
-573
-682
-863
-755
-350
-433
-500
-296
-213
-36
26
76
-287
-283
141
181
222
113
234
393
554
579
258
162
0
20
168
270
409
547
365
-121
3
160
-266
-500
-175
-37
-56
238
188
-39
103
159
-126
-195
-251
-770
-1112
-704
-297
-390
-441
30
569
459
340
323
-6
-373
-237
-72
-540
-694
-521
-507
-515
-398
-633
-1155
-933
-664
-841
-932
-598
-514
-365
109
75
119
305
214
-313
-179
50
-307
-177
7
202
230
310
113
-190
-13
-290
-403
-479
-463
-531
-879
-900
-902
-686
-808
-957
-937
-982
-898
-931
-607
-304
-313
-244
122
533
518
891
1445
1672
1879
2069
2184
2018
1810
1624
1476
1268
865
562
-54
-979
-1377
-1599
-2039
-1878
-432
1852
4249
6146
6985
7907
9700
10957
10559
9366
8837
8338
6556
3897
2093
1181
-244
-2135
-3769
-4569
-4477
-3709
-2926
-2484
-2340
-2962
-3933
-4880
-5910
-7153
-8429
-9524
-10474
-10836
-10759
-10634
-10424
-10063
-9566
-8793
-7766
-6820
-5885
-4685
-3403
-2221
-956
187
952
1621
2378
3093
3551
4187
5073
5462
4878
3683
2809
2580
2952
3707
4677
5589
5919
5682
4999
3845
2654
2149
2536
3754
5022
3844
-578
-5300
-6852
-5550
-3784
-2221
-522
1527
3768
6348
8299
8237
6792
5137
4007
3454
3843
4566
4541
4446
4535
4671
4538
4055
3615
3114
2818
2388
1569
273
-1404
-2749
-3645
-4564
-5860
-6373
-6102
-5867
-4776
-549
6104
9563
6052
-1237
-8183
-13312
-18399
-20629
-14958
-7668
-6513
-11334
-15668
-14933
-11555
-6513
-2993
-2301
-9554
-15435
-3481
9387
12468
10294
7289
4032
-137
-1848
-443
1247
2072
3128
5544
8982
11833
12437
10401
5825
2433
5793
12726
16522
19760
21961
14659
-2909
-16014
-9868
4864
13911
17325
18503
17167
12668
7916
4792
2457
289
-1464
-3074
-4971
-6596
-6922
-6363
-6408
-7841
-10171
-12582
-15026
-17479
-18875
-18589
-16559
-12905
-9136
-8089
-9065
-7380
-3728
-4302
-9046
-11531
-10024
-7701
-5969
-3399
742
4859
8339
10331
7680
1013
-3899
-807
7130
10838
7919
1764
-3242
-6960
-9558
-8589
-4620
-1342
265
2989
8443
14955
19343
18599
11627
2652
-1213
3153
9842
9140
2538
40
4134
8336
8070
2885
-4095
-3541
5741
12235
10122
1220
-4774
2128
13100
17627
16622
13046
12882
16209
15997
11722
8584
8819
8155
4028
-308
-2601
-4830
-8438
-11634
-13667
-16258
-19831
-22156
-21857
-19873
-17410
-15473
-14162
-12840
-11597
-11046
-11384
-11637
-10726
-8992
-6556
-2388
3202
6446
3621
-3137
-8521
-10313
-9761
-8367
-6302
-3723
-1645
-681
-512
-600
-890
-1529
-2045
-1928
-1083
369
2157
4029
5698
7189
8610
8980
7092
3723
877
-526
-1191
-1769
-612
3965
9769
13103
13333
12590
12481
12872
13114
12995
12559
11830
10928
9990
9086
8345
7918
7689
7512
7519
7541
6984
5840
5404
6151
7202
8015
8121
7536
6319
5083
3275
-1755
-8424
-12658
-13998
-15232
-17839
-19172
-17298
-13047
-8216
-6917
-11089
-15556
-15233
-11393
-7528
-4776
-2703
-1668
-2147
-3053
-3077
-2434
-2104
-2602
-4275
-7432
-11059
-13504
-13947
-11879
-8304
-6425
-7405
-8696
-8352
-7048
-5806
-4616
-3434
-2519
-1303
1009
3878
6234
8004
9901
12000
13636
14564
14902
14595
13758
12789
11889
11060
10293
9508
8669
7809
7006
6366
5775
5078
4464
4036
3494
2702
1871
1170
546
7
-300
-376
-275
-28
80
-196
-726
-1307
-1877
-2288
-2311
-1939
-1405
-840
-239
158
112
-150
-354
-664
-1190
-1677
-2006
-2291
-2740
-3492
-4536
-5735
-6688
-6956
-6572
-6003
-5517
-5123
-5014
-5185
-5213
-4677
-3441
-1971
-1376
-2597
-5407
-8502
-10623
-11401
-11000
-9618
-7462
-4092
586
5690
10021
10490
5691
-67
-2200
338
5498
9680
11411
11645
11298
10484
9287
8475
8912
10530
12288
13189
12999
12028
10655
9094
7485
5864
4256
2672
841
-1467
-4084
-6622
-8797
-10542
-11741
-12305
-12361
-12100
-11749
-11315
-10511
-9126
-7344
-5849
-5530
-6647
-8542
-10418
-11871
-12666
-12546
-11356
-9367
-7186
-5323
-3880
-2558
-1090
495
2182
3990
5745
7206
8416
9585
10709
11604
12189
12580
12828
12924
12937
12951
12943
12773
12329
11581
10514
9235
7898
6503
4986
3394
1797
250
-1158
-2340
-3244
-3902
-4392
-4783
-5090
-5308
-5464
-5571
-5600
-5585
-5576
-5577
-5565
-5492
-5306
-5025
-4704
-4408
-4180
-3956
-3664
-3378
-3137
-2854
-2523
-2215
-1962
-1749
-1566
-1401
-1262
-1161
-1088
-1077
-1160
-1352
-1713
-2276
-2905
-3397
-3721
-4008
-4256
-4284
-4052
-3786
-3625
-3402
-2988
-2526
-2214
-1969
-1554
-906
-172
585
1473
2518
3558
4443
5176
5848
6473
6987
7391
7760
8136
8509
8889
9190
9245
9094
8877
8477
7784
6988
6201
5276
4241
3311
2567
1925
1296
656
38
-506
-989
-1480
-1971
-2379
-2696
-2991
-3276
-3508
-3694
-3882
-4107
-4383
-4706
-5042
-5340
-5558
-5696
-5809
-5903
-5939
-5861
-5643
-5274
-4738
-4038
-3276
-2651
-2305
-2180
-2127
-2132
-2238
-2379
-2424
-2348
-2218
-2025
-1682
-1190
-647
-132
343
780
1224
1704
2103
2255
2174
2015
1891
1867
2014
2360
2821
3273
3659
4006
4349
4634
4767
4745
4617
4358
3891
3278
2662
2084
1548
1126
900
834
875
1000
1165
1297
1371
1394
1368
1290
1148
952
759
615
462
233
-30
-284
-594
-1024
-1483
-1879
-2317
-2967
-3777
-4520
-5059
-5434
-5708
-5852
-5779
-5517
-5272
-5218
-5244
-5109
-4818
-4569
-4394
-4066
-3469
-2751
-2044
-1266
-340
592
1325
1847
2309
2810
3313
3787
4284
4850
5435
5928
6262
6464
6610
6705
6649
6381
5981
5578
5200
4809
4417
4034
3649
3210
2666
2004
1283
594
-59
-736
-1436
-2073
-2588
-3032
-3470
-3838
-4047
-4127
-4241
-4464
-4681
-4771
-4779
-4826
-4871
-4795
-4630
-4497
-4348
-4028
-3561
-3089
-2633
-2132
-1619
-1167
-731
-264
194
625
1057
1460
1756
1995
2270
2528
2648
2661
2688
2729
2684
2577
2522
2533
2492
2323
2077
1834
1603
1381
1198
1061
917
719
478
232
3
-180
-299
-392
-509
-615
-636
-579
-506
-411
-249
-49
109
202
278
348
414
483
553
610
641
661
667
673
708
792
876
877
764
562
310
-65
-727
-1666
-2552
-3070
-3363
-3761
-4168
-4224
-3993
-3969
-4308
-4588
-4505
-4309
-4353
-4488
-4295
-3688
-2969
-2325
-1604
-674
284
996
1454
1892
2460
3061
3576
4077
4709
5437
6048
6409
6608
6780
6890
6805
6491
6065
5632
5207
4776
4340
3910
3511
3141
2733
2215
1616
1051
536
-37
-718
-1391
-1939
-2399
-2870
-3353
-3741
-3990
-4253
-4683
-5201
-5552
-5650
-5676
-5766
-5799
-5648
-5425
-5287
-5140
-4781
-4235
-3701
-3256
-2789
-2220
-1591
-968
-368
231
857
1485
2019
2404
2725
3090
3432
3595
3597
3592
3615
3553
3397
3275
3225
3103
2804
2411
2063
1802
1587
1367
1107
835
593
366
89
-213
-410
-465
-509
-643
-778
-794
-735
-707
-673
-521
-269
-42
125
287
454
576
650
701
720
720
754
847
928
944
958
1002
993
862
670
512
351
44
-512
-1272
-2052
-2659
-3059
-3394
-3725
-3925
-3937
-3969
-4212
-4510
-4581
-4464
-4412
-4451
-4318
-3890
-3335
-2799
-2197
-1424
-583
137
648
1055
1517
2095
2724
3341
3993
4709
5361
5779
5974
6101
6233
6293
6201
5974
5691
5413
5166
4915
4606
4251
3882
3445
2832
2071
1337
738
212
-334
-869
-1326
-1730
-2150
-2578
-2948
-3254
-3575
-3988
-4441
-4814
-5066
-5249
-5357
-5318
-5185
-5150
-5262
-5275
-4973
-4445
-3866
-3208
-2433
-1706
-1216
-876
-455
91
645
1141
1563
1902
2189
2486
2776
2963
3031
3043
2987
2796
2540
2369
2285
2138
1899
1694
1544
1317
968
610
314
6
-339
-638
-833
-960
-1016
-974
-905
-911
-957
-942
-885
-853
-757
-455
-23
340
599
864
1136
1308
1393
1508
1677
1824
1932
2038
2116
2119
2090
2070
2002
1804
1512
1192
815
286
-403
-1130
-1744
-2205
-2599
-3000
-3344
-3546
-3690
-3945
-4309
-4578
-4637
-4611
-4638
-4637
-4430
-4011
-3529
-3042
-2461
-1751
-1039
-470
-37
410
976
1636
2314
2989
3679
4338
4858
5188
5396
5571
5732
5819
5796
5676
5496
5288
5064
4800
4466
4070
3636
3145
2553
1888
1248
686
155
-406
-973
-1487
-1944
-2409
-2923
-3451
-3913
-4279
-4617
-5015
-5417
-5670
-5727
-5675
-5568
-5318
-4889
-4409
-4000
-3599
-3094
-2512
-1986
-1534
-1067
-522
73
655
1196
1690
2145
2528
2772
2845
2832
2844
2902
2929
2898
2847
2773
2603
2292
1916
1574
1283
980
632
276
-35
-298
-539
-771
-987
-1163
-1293
-1398
-1486
-1525
-1453
-1270
-1043
-827
-605
-346
-60
208
453
689
911
1105
1262
1408
1556
1690
1791
1864
1936
2011
2053
2022
1928
1833
1768
1694
1546
1318
1037
680
162
-528
-1262
-1889
-2395
-2872
-3342
-3713
-3948
-4135
-4374
-4619
-4737
-4697
-4593
-4489
-4311
-3957
-3444
-2868
-2276
-1641
-967
-344
149
544
964
1490
2109
2748
3363
3949
4484
4922
5242
5478
5681
5860
5960
5932
5775
5544
5287
5000
4650
4221
3741
3220
2632
1951
1204
468
-204
-820
-1423
-2010
-2557
-3046
-3494
-3931
-4333
-4648
-4862
-5029
-5214
-5395
-5468
-5351
-5066
-4700
-4299
-3873
-3446
-3086
-2806
-2518
-2111
-1572
-991
-434
95
610
1092
1482
1755
1955
2141
2314
2432
2496
2554
2647
2720
2685
2519
2281
2028
1742
1416
1094
841
656
477
259
29
-165
-318
-475
-658
-828
-929
-957
-955
-922
-809
-602
-360
-160
-1
173
380
589
771
954
1175
1410
1595
1706
1780
1868
1966
2038
2081
2130
2190
2211
2146
2017
1891
1771
1594
1312
936
496
-21
-629
-1268
-1840
-2303
-2704
-3099
-3492
-3850
-4176
-4504
-4812
-5028
-5107
-5073
-4979
-4830
-4585
-4230
-3788
-3290
-2737
-2140
-1532
-955
-405
168
810
1523
2257
2957
3567
4062
4439
4726
4953
5144
5304
5423
5469
5414
5256
5022
4743
4419
4027
3557
3030
2472
1895
1296
690
116
-417
-931
-1461
-2018
-2579
-3115
-3619
-4094
-4500
-4752
-4787
-4649
-4470
-4316
-4155
-3947
-3743
-3561
-3289
-2815
-2179
-1534
-959
-405
152
666
1091
1440
1755
2054
2333
2577
2779
2961
3151
3302
3298
3102
2820
2559
2304
2006
1691
1434
1200
884
466
40
-325
-641
-930
-1196
-1412
-1573
-1677
-1738
-1788
-1831
-1819
-1725
-1606
-1521
-1422
-1213
-916
-648
-443
-228
46
307
482
614
796
1039
1264
1399
1452
1480
1531
1592
1615
1592
1576
1596
1571
1381
1043
685
345
-86
-676
-1318
-1847
-2252
-2646
-3075
-3452
-3705
-3897
-4147
-4449
-4660
-4675
-4546
-4377
-4168
-3814
-3297
-2724
-2184
-1642
-1017
-322
357
995
1650
2370
3136
3888
4567
5147
5639
6059
6377
6549
6607
6634
6663
6624
6457
6169
5814
5402
4884
4227
3486
2765
2107
1431
679
-85
-757
-1364
-1999
-2670
-3344
-4040
-4755
-5419
-6011
-6523
-6760
-6531
-6070
-5837
-5823
-5607
-5166
-4911
-4776
-4188
-3062
-2012
-1361
-779
-63
510
817
1129
1570
1948
2244
2626
3002
3164
3238
3445
3574
3288
2784
2507
2441
2235
1894
1722
1682
1414
808
144
-354
-742
-1099
-1382
-1565
-1717
-1865
-1978
-2049
-2111
-2137
-2066
-1903
-1756
-1649
-1432
-969
-399
-16
136
306
630
922
1074
1312
1796
2238
2331
2207
2164
2197
2145
2092
2157
2203
2034
1716
1349
830
117
-573
-1084
-1554
-2064
-2453
-2664
-2927
-3359
-3789
-4111
-4431
-4706
-4694
-4368
-3982
-3615
-3107
-2504
-2075
-1820
-1415
-751
-61
565
1322
2241
3054
3623
4104
4623
5096
5451
5790
6170
6498
6683
6734
6660
6433
6073
5645
5168
4626
4048
3480
2877
2161
1325
436
-459
-1321
-2097
-2769
-3395
-3987
-4492
-4976
-5601
-6318
-6802
-6948
-7075
-7345
-7368
-6856
-6232
-5996
-5887
-5375
-4619
-4138
-3791
-3011
-1834
-827
-169
443
1088
1583
2003
2557
3168
3655
4102
4557
4733
4517
4302
4372
4422
4141
3785
3677
3581
3135
2491
2041
1768
1367
804
316
1
-270
-591
-922
-1245
-1567
-1818
-1918
-1898
-1800
-1556
-1157
-829
-798
-898
-755
-335
66
355
751
1248
1496
1367
1212
1326
1561
1689
1766
1880
1890
1630
1152
567
-104
-822
-1470
-2001
-2428
-2721
-2952
-3362
-4072
-4862
-5460
-5868
-6100
-5962
-5409
-4843
-4662
-4724
-4634
-4306
-3842
-3126
-2005
-701
351
1027
1554
2141
2833
3657
4644
5697
6612
7238
7562
7676
7720
7806
7932
8010
7970
7776
7408
6876
6239
5528
4731
3874
3041
2267
1485
647
-213
-1091
-2034
-3000
-3867
-4557
-5110
-5570
-5961
-6365
-6815
-7163
-7274
-7277
-7358
-7374
-7009
-6292
-5591
-5073
-4559
-3945
-3387
-2922
-2266
-1224
-26
935
1523
1860
2110
2394
2809
3324
3817
4181
4358
4270
3941
3597
3465
3482
3386
3092
2725
2325
1805
1197
693
386
160
-117
-474
-878
-1267
-1568
-1771
-1936
-2026
-1914
-1635
-1435
-1414
-1363
-1122
-823
-617
-362
104
624
917
978
1041
1218
1411
1521
1566
1641
1781
1886
1820
1586
1263
728
-235
-1406
-2077
-1895
-1467
-1590
-2263
-2991
-3723
-4692
-5490
-5285
-4119
-3131
-3169
-3840
-4285
-4274
-4000
-3357
-2110
-573
499
746
596
755
1529
2693
3892
4938
5760
6247
6344
6266
6379
6815
7327
7601
7571
7337
6975
6527
6017
5441
4781
4094
3454
2816
2084
1271
455
-437
-1508
-2583
-3313
-3672
-4031
-4646
-5449
-6330
-7218
-7790
-7648
-6984
-6488
-6475
-6684
-6904
-7096
-6864
-5754
-4169
-3097
-2804
-2683
-2353
-1940
-1288
-58
1381
2182
2225
2180
2397
2689
3073
3711
4292
4337
3978
3707
3586
3411
3267
3257
3102
2583
2019
1719
1447
924
369
66
-174
-572
-908
-947
-925
-1139
-1417
-1457
-1313
-1150
-888
-494
-254
-335
-416
-161
285
638
946
1314
1530
1408
1233
1340
1593
1711
1763
1884
1835
1406
910
653
246
-724
-1677
-1696
-1095
-1153
-2191
-3140
-3388
-3699
-4539
-4925
-4019
-2812
-2826
-3853
-4411
-3969
-3317
-2940
-2354
-1277
-328
-124
-342
-155
742
1884
2719
3221
3728
4329
4722
4778
4849
5268
5807
6024
5915
5808
5766
5543
5047
4478
4033
3728
3471
3109
2496
1664
796
-6
-762
-1401
-1775
-2001
-2454
-3299
-4253
-5003
-5513
-5804
-5801
-5605
-5547
-5753
-5942
-5880
-5652
-5323
-4747
-3951
-3278
-2889
-2508
-1927
-1321
-813
-208
565
1223
1594
1881
2223
2487
2661
2967
3412
3684
3668
3580
3499
3273
2973
2866
2899
2726
2284
1833
1457
987
469
153
25
-211
-625
-975
-1145
-1264
-1377
-1371
-1236
-1098
-1002
-887
-768
-691
-561
-269
90
319
439
614
832
913
844
855
1051
1230
1195
1043
958
877
569
-22
-689
-1147
-1252
-1164
-1239
-1704
-2357
-2844
-3136
-3400
-3510
-3197
-2715
-2690
-3166
-3440
-3097
-2543
-2219
-1916
-1326
-690
-359
-171
271
966
1600
2072
2559
3141
3686
4046
4226
4351
4561
4875
5161
5301
5290
5167
4887
4453
4032
3799
3686
3444
2944
2282
1608
974
385
-164
-643
-1042
-1444
-1993
-2649
-3164
-3534
-4083
-4747
-4928
-4592
-4570
-5105
-5281
-4784
-4606
-5039
-4841
-3590
-2758
-3049
-3117
-2202
-1457
-1455
-1075
56
719
562
682
1344
1638
1603
2067
2704
2625
2292
2593
2970
2589
2128
2401
2683
2186
1622
1723
1789
1171
567
617
725
302
-182
-261
-288
-571
-781
-706
-657
-767
-754
-580
-533
-591
-443
-155
-76
-138
77
534
719
536
472
752
948
763
563
701
865
651
291
196
126
-416
-1173
-1376
-987
-842
-1392
-2083
-2323
-2352
-2609
-2856
-2635
-2216
-2253
-2676
-2781
-2358
-1918
-1783
-1639
-1188
-627
-219
91
472
914
1347
1782
2254
2755
3212
3519
3622
3651
3818
4152
4439
4516
4433
4283
4063
3785
3553
3422
3266
2955
2518
2042
1523
946
390
-99
-541
-930
-1282
-1690
-2180
-2702
-3382
-4258
-4680
-4002
-3011
-3269
-4647
-5315
-4702
-4217
-4362
-3828
-2462
-2100
-3193
-3669
-2467
-1212
-1053
-923
-107
419
248
352
970
1281
1328
1844
2462
2378
2088
2331
2459
1903
1652
2384
2884
2185
1319
1303
1389
848
462
834
1068
434
-333
-477
-377
-513
-588
-396
-322
-525
-648
-573
-587
-644
-390
77
281
208
273
495
472
250
367
918
1291
1089
692
583
665
598
435
391
302
-148
-769
-1020
-861
-876
-1397
-1992
-2173
-2119
-2254
-2514
-2567
-2477
-2548
-2664
-2453
-1992
-1718
-1711
-1602
-1204
-712
-284
126
519
826
1119
1540
2014
2362
2606
2882
3160
3347
3501
3693
3801
3728
3618
3630
3650
3521
3294
3069
2809
2471
2137
1848
1508
1061
573
112
-323
-725
-1112
-1530
-2008
-2532
-3066
-3445
-3446
-3194
-3231
-3777
-4288
-4207
-3763
-3471
-3310
-3031
-2783
-2751
-2644
-2154
-1535
-1170
-975
-666
-243
142
445
667
836
1098
1519
1865
1930
1870
1925
2016
2012
2016
2113
2129
1899
1564
1332
1197
1048
868
675
434
159
-44
-141
-263
-515
-745
-761
-646
-645
-757
-781
-725
-740
-727
-467
-114
-32
-188
-210
10
279
513
729
794
624
478
572
712
661
555
581
581
347
-18
-338
-613
-810
-809
-732
-916
-1379
-1749
-1844
-1888
-1997
-1981
-1778
-1642
-1693
-1723
-1583
-1396
-1237
-982
-572
-165
112
315
526
769
1085
1489
1876
2163
2394
2616
2756
2805
2907
3103
3245
3250
3213
3179
3054
2817
2599
2470
2347
2131
1842
1525
1171
776
378
36
-264
-586
-951
-1326
-1710
-2073
-2311
-2462
-2836
-3432
-3614
-3088
-2756
-3449
-4274
-3890
-2873
-2813
-3477
-3289
-2324
-2077
-2536
-2252
-1192
-746
-1047
-893
-117
351
381
604
997
1199
1426
1827
1955
1771
1893
2310
2315
1991
2095
2450
2214
1612
1567
1914
1749
1164
986
1170
1005
491
226
263
185
-56
-200
-257
-387
-510
-510
-508
-587
-602
-497
-456
-535
-485
-225
-75
-207
-289
-44
228
150
-79
-54
128
114
-23
-3
-4
-404
-969
-1048
-620
-448
-943
-1567
-1690
-1511
-1602
-1925
-1978
-1708
-1582
-1758
-1843
-1596
-1339
-1339
-1306
-893
-298
30
64
156
495
930
1296
1604
1915
2207
2429
2575
2692
2837
3012
3161
3242
3288
3309
3235
3044
2840
2740
2688
2535
2265
1964
1657
1312
952
629
323
-8
-354
-719
-1119
-1525
-1904
-2262
-2523
-2608
-2756
-3267
-3800
-3665
-3081
-3074
-3784
-4079
-3457
-2866
-2966
-3043
-2545
-2083
-2115
-2019
-1374
-760
-622
-532
-106
390
704
920
1081
1198
1480
1921
2125
1987
1961
2191
2242
2008
1942
2147
2116
1711
1431
1479
1439
1109
817
731
615
379
219
140
-65
-320
-342
-213
-307
-597
-671
-454
-349
-485
-508
-301
-201
-324
-335
-100
56
-14
-39
102
156
30
-44
8
26
29
118
39
-499
-1087
-988
-334
-136
-848
-1623
-1556
-1054
-1136
-1774
-1954
-1396
-1022
-1384
-1757
-1448
-970
-1044
-1266
-832
6
321
16
-87
425
1046
1276
1327
1619
2083
2327
2264
2227
2463
2790
2903
2822
2811
2896
2824
2525
2293
2327
2384
2158
1750
1452
1276
1017
648
331
131
-62
-352
-726
-1111
-1445
-1709
-1926
-2100
-2219
-2317
-2523
-2899
-3254
-3277
-2963
-2744
-2908
-3125
-2943
-2605
-2613
-2732
-2340
-1629
-1381
-1545
-1326
-685
-376
-453
-189
499
906
886
975
1280
1458
1536
1782
2039
2069
2046
2098
2026
1845
1877
2029
1888
1584
1535
1555
1200
726
673
846
707
351
161
45
-209
-396
-326
-261
-401
-534
-511
-505
-601
-621
-499
-405
-410
-376
-229
-134
-237
-371
-258
22
70
-195
-350
-171
1
-117
-335
-527
-778
-860
-466
-135
-687
-1610
-1567
-707
-589
-1481
-1840
-1075
-580
-1181
-1706
-1183
-528
-727
-1089
-633
132
202
-195
-133
499
1019
1095
1065
1295
1702
1941
1888
1838
2090
2458
2543
2377
2350
2492
2430
2125
1979
2110
2123
1816
1466
1311
1195
921
591
377
255
91
-162
-458
-743
-975
-1142
-1282
-1457
-1636
-1755
-1875
-2067
-2211
-2207
-2314
-2681
-2779
-2200
-1731
-2298
-3128
-2781
-1715
-1601
-2323
-2208
-1218
-963
-1555
-1461
-522
-141
-466
-271
499
764
495
593
1072
1349
1533
1835
1847
1567
1688
2168
2180
1794
1881
2286
2104
1544
1518
1804
1564
1062
1071
1297
1021
493
344
380
170
-63
-43
-65
-335
-535
-522
-585
-756
-718
-537
-589
-810
-798
-614
-640
-786
-676
-422
-453
-694
-694
-457
-395
-535
-502
-302
-413
-893
-1052
-513
-4
-389
-1197
-1228
-481
-265
-1025
-1497
-827
-93
-471
-1224
-1037
-291
-268
-807
-693
118
440
-41
-304
209
792
791
585
782
1261
1500
1389
1285
1460
1775
1932
1884
1870
2008
2078
1913
1723
1773
1916
1837
1571
1389
1330
1199
937
696
567
467
300
40
-260
-488
-610
-735
-965
-1202
-1310
-1395
-1630
-1910
-1982
-1907
-1975
-2155
-2149
-2085
-2383
-2786
-2494
-1662
-1511
-2317
-2695
-1879
-1083
-1379
-1834
-1313
-506
-479
-739
-385
199
312
301
675
1098
1186
1191
1346
1511
1698
1987
2062
1790
1672
1969
2115
1798
1598
1823
1889
1491
1167
1210
1170
859
672
721
644
352
103
-55
-222
-317
-295
-326
-461
-557
-624
-783
-893
-757
-566
-589
-699
-662
-563
-558
-556
-462
-352
-287
-219
-169
-200
-224
-165
-105
-105
-188
-373
-523
-366
-26
-156
-855
-1193
-676
-259
-785
-1426
-1094
-438
-689
-1426
-1354
-664
-574
-1067
-1023
-342
-76
-488
-657
-164
335
366
296
525
872
1044
1072
1143
1327
1579
1771
1813
1808
1913
2044
2027
1921
1938
2045
2014
1819
1651
1578
1471
1264
1060
930
813
617
343
51
-187
-349
-503
-724
-967
-1128
-1232
-1442
-1783
-2037
-2044
-1938
-1976
-2173
-2319
-2317
-2289
-2306
-2248
-2034
-1807
-1734
-1738
-1623
-1383
-1160
-961
-688
-355
-114
-9
97
314
598
859
1059
1217
1333
1404
1436
1456
1517
1623
1691
1646
1538
1457
1368
1209
1067
1040
1050
914
657
452
340
238
124
51
21
-48
-185
-305
-372
-407
-426
-404
-343
-306
-338
-397
-415
-370
-288
-206
-146
-119
-108
-96
-86
-82
-72
-24
39
67
28
-44
-70
-47
-87
-254
-400
-302
-74
-153
-615
-919
-703
-428
-653
-1053
-969
-601
-684
-1157
-1242
-827
-624
-868
-939
-570
-307
-477
-603
-284
145
289
299
461
695
833
933
1108
1312
1476
1617
1707
1708
1694
1764
1839
1809
1737
1733
1719
1567
1357
1241
1180
1030
819
671
571
394
124
-115
-260
-375
-520
-691
-855
-996
-1138
-1303
-1464
-1540
-1546
-1641
-1852
-1932
-1780
-1700
-1928
-2129
-1907
-1543
-1546
-1763
-1658
-1259
-1070
-1129
-1016
-654
-416
-403
-313
-27
229
333
422
590
769
890
941
945
1004
1162
1283
1240
1153
1200
1286
1219
1078
1079
1187
1170
999
882
890
887
776
648
606
613
560
428
296
236
231
196
89
-5
-11
4
-79
-216
-248
-171
-163
-287
-361
-276
-190
-245
-342
-317
-233
-253
-350
-371
-296
-260
-342
-432
-438
-459
-619
-791
-735
-554
-630
-987
-1165
-968
-836
-1098
-1344
-1132
-806
-896
-1186
-1117
-776
-669
-765
-606
-211
-24
-96
-42
254
518
636
755
943
1106
1215
1305
1359
1402
1510
1652
1693
1643
1636
1678
1630
1486
1408
1439
1418
1260
1101
1044
964
739
498
411
385
229
-33
-256
-415
-539
-639
-850
-1232
-1428
-1150
-925
-1422
-2134
-2041
-1417
-1416
-2008
-2079
-1529
-1373
-1755
-1773
-1253
-964
-1089
-1016
-603
-320
-312
-271
-40
289
597
725
653
671
953
1187
1117
1033
1213
1354
1184
991
1056
1168
1058
893
887
910
769
546
425
422
392
271
134
60
-3
-120
-228
-245
-220
-254
-323
-373
-430
-498
-496
-421
-389
-421
-415
-365
-370
-412
-375
-278
-258
-296
-252
-219
-432
-720
-593
-106
-21
-596
-962
-526
-92
-520
-1127
-799
-53
-189
-937
-951
-241
-74
-588
-597
135
469
21
-203
299
751
653
560
865
1146
1108
1046
1163
1265
1319
1470
1583
1463
1317
1387
1444
1248
1089
1227
1337
1078
736
691
753
566
279
226
294
143
-198
-418
-451
-507
-683
-837
-880
-927
-1090
-1294
-1396
-1398
-1397
-1440
-1481
-1492
-1494
-1504
-1518
-1494
-1415
-1284
-1168
-1131
-1109
-1004
-854
-748
-671
-524
-324
-203
-157
-71
83
215
298
403
534
625
662
702
765
802
832
878
903
880
846
838
821
762
730
748
727
630
543
522
497
414
347
347
336
257
163
119
92
41
2
2
-3
-40
-87
-123
-146
-152
-129
-104
-101
-101
-79
-70
-88
-78
-16
45
51
44
66
96
87
73
98
133
133
103
78
66
48
23
-1
-24
-48
-77
-113
-155
-182
-187
-197
-230
-264
-280
-278
-278
-287
-282
-271
-266
-270
-282
-287
-274
-246
-218
-213
-216
-204
-203
-213
-209
-174
-128
-110
-109
-100
-93
-94
-85
-52
-5
32
51
56
63
82
110
140
170
208
237
230
217
225
249
262
249
243
252
241
212
189
183
180
163
145
126
98
75
67
59
39
22
24
23
-15
-50
-33
0
-19
-68
-76
-41
-38
-76
-83
-39
-13
-47
-79
-63
-35
-38
-51
-35
-7
-6
-28
-39
-25
-4
-1
-8
-4
9
10
-4
-14
0
20
16
-1
-9
1
4
-15
-25
-13
-1
-14
-34
-35
-23
-26
-43
-46
-33
-26
-34
-47
-52
-41
-37
-43
-46
-36
-25
-26
-36
-33
-19
-13
-16
-18
-12
-7
-8
-7
3
9
13
14
20
25
24
27
39
47
45
44
45
49
46
40
42
47
47
44
38
34
33
32
30
26
18
15
14
11
3
1
