6
5
5
5
3
0
-1
-2
-2
-2
-2
-2
0
1
1
-1
-1
-2
-4
0
2
5
4
3
2
3
2
-2
-3
-2
-4
-5
-6
-6
-5
-7
-8
-7
-8
-11
-10
-10
-12
-13
-12
-8
-8
-6
-7
-7
-6
-2
2
-1
-3
-5
-4
-6
-6
-4
-4
-6
-6
-3
-1
0
-1
-1
0
-1
-3
1
2
-2
-2
1
4
4
2
1
3
3
0
-1
0
0
0
2
6
10
11
12
11
11
11
11
9
10
7
9
10
12
10
11
11
11
10
10
11
11
14
13
12
8
7
6
6
7
8
12
12
12
12
14
13
13
11
12
10
8
6
3
1
1
-1
-2
-3
-7
-13
-13
-12
-10
-11
-13
-14
-11
-9
-10
-11
-15
-16
-15
-15
-17
-20
-20
-19
-20
-20
-31
-40
-35
-38
-37
-31
-32
-38
-39
-27
-9
-11
-24
-18
-2
3
-4
-2
6
1
-5
0
9
1
-12
-10
-14
-38
-46
-31
-42
-83
-112
-110
-102
-135
-163
-169
-188
-206
-215
-216
-221
-246
-252
-237
-236
-214
-194
-197
-197
-164
-104
-72
-80
-51
26
88
116
161
241
312
366
415
499
606
673
743
803
878
1005
1072
1108
1158
1206
1312
1361
1345
1372
1371
1401
1429
1382
1346
1287
1209
1118
1037
948
831
692
564
458
336
180
14
-119
-244
-411
-585
-718
-822
-966
-1141
-1262
-1306
-1364
-1494
-1610
-1636
-1626
-1644
-1677
-1690
-1701
-1706
-1671
-1605
-1540
-1494
-1472
-1471
-1429
-1280
-1107
-1045
-1086
-1089
-976
-792
-644
-613
-638
-586
-425
-277
-223
-174
-76
8
57
131
213
241
257
318
374
371
404
466
403
276
293
444
419
212
137
255
203
-192
-458
-173
271
108
-564
-787
-199
357
129
-244
139
876
998
675
876
1628
2038
1871
1867
2349
2735
2627
2440
2624
2965
3036
2830
2649
2628
2645
2564
2372
2171
2038
1916
1667
1296
970
753
501
132
-230
-508
-812
-1171
-1469
-1689
-1945
-2203
-2333
-2390
-2523
-2697
-2801
-2850
-2860
-2790
-2705
-2738
-2807
-2737
-2581
-2487
-2417
-2276
-2134
-2068
-1978
-1796
-1621
-1510
-1384
-1197
-1023
-894
-763
-627
-507
-354
-160
-15
47
130
291
449
537
611
731
839
917
1029
1167
1245
1272
1355
1507
1615
1629
1625
1666
1741
1819
1869
1843
1760
1719
1749
1755
1675
1581
1563
1563
1453
1245
1108
1135
1189
1075
813
617
585
560
411
235
162
133
8
-202
-395
-529
-627
-736
-900
-1129
-1369
-1596
-1833
-2076
-2298
-2503
-2690
-2810
-2920
-3154
-3426
-3433
-3159
-2993
-3095
-3076
-2658
-2182
-2017
-1913
-1444
-770
-333
-120
236
782
1217
1444
1708
2160
2611
2852
2954
3124
3389
3600
3681
3713
3778
3821
3761
3612
3435
3255
3050
2817
2556
2242
1879
1497
1109
731
437
214
-109
-559
-893
-1058
-1350
-1786
-1892
-1631
-1722
-2381
-2751
-2360
-1995
-2280
-2599
-2365
-2066
-2198
-2359
-2135
-1829
-1755
-1742
-1628
-1518
-1428
-1297
-1188
-1107
-929
-712
-689
-794
-718
-465
-329
-346
-280
-117
-45
-65
-20
100
191
248
324
403
454
501
559
624
714
849
967
1012
1032
1101
1207
1269
1288
1331
1412
1463
1429
1348
1315
1361
1390
1313
1178
1095
1078
1043
945
814
709
674
653
528
331
243
306
314
142
-32
-48
1
-6
-59
-142
-264
-347
-315
-297
-454
-701
-863
-955
-1090
-1284
-1502
-1766
-2038
-2223
-2336
-2493
-2705
-2867
-2929
-2927
-2901
-2865
-2789
-2612
-2340
-2088
-1894
-1617
-1198
-784
-468
-120
343
771
1080
1402
1839
2262
2553
2797
3093
3378
3582
3733
3879
3987
4030
4026
3988
3899
3752
3566
3358
3120
2843
2526
2184
1826
1433
1001
600
292
4
-398
-862
-1203
-1445
-1764
-2082
-2150
-2149
-2507
-3016
-3049
-2718
-2738
-3123
-3192
-2875
-2759
-2936
-2939
-2659
-2401
-2263
-2154
-2052
-1909
-1643
-1393
-1291
-1150
-835
-590
-586
-544
-265
-11
19
39
229
405
413
402
516
669
751
800
868
933
986
1062
1151
1209
1248
1294
1311
1281
1285
1357
1365
1249
1168
1226
1280
1193
1061
1020
1041
1059
1045
987
911
881
896
868
788
746
776
795
720
571
456
482
581
574
411
252
213
240
253
241
181
43
-102
-162
-201
-337
-552
-736
-903
-1165
-1500
-1783
-2006
-2274
-2579
-2784
-2884
-3045
-3307
-3464
-3387
-3238
-3187
-3138
-2936
-2670
-2481
-2294
-1975
-1575
-1231
-930
-568
-161
188
485
852
1312
1761
2140
2506
2899
3250
3520
3786
4111
4414
4588
4646
4653
4603
4475
4300
4120
3902
3591
3224
2865
2501
2082
1641
1242
876
548
267
-64
-538
-1032
-1388
-1680
-1988
-2197
-2342
-2758
-3401
-3681
-3476
-3443
-3854
-4102
-3879
-3698
-3839
-3866
-3573
-3323
-3199
-2879
-2410
-2182
-2146
-1899
-1419
-1003
-700
-407
-190
-51
198
565
812
923
1123
1392
1497
1486
1590
1764
1800
1765
1839
1932
1836
1629
1520
1505
1488
1456
1391
1215
997
910
924
868
733
648
622
565
451
329
247
273
391
438
326
221
296
431
450
427
494
560
519
507
623
694
582
480
576
708
679
545
451
415
422
462
457
312
53
-187
-298
-290
-361
-698
-1157
-1419
-1508
-1792
-2297
-2637
-2680
-2766
-3115
-3483
-3615
-3594
-3626
-3721
-3710
-3513
-3253
-3130
-3106
-2932
-2501
-2026
-1699
-1368
-838
-240
182
507
985
1640
2272
2772
3220
3661
4062
4395
4686
4966
5234
5447
5525
5455
5338
5251
5121
4864
4548
4261
3949
3513
2991
2492
2047
1615
1158
633
50
-490
-940
-1402
-1954
-2472
-2834
-3145
-3572
-4047
-4361
-4477
-4539
-4663
-4817
-4900
-4847
-4685
-4496
-4305
-4059
-3756
-3500
-3290
-2940
-2386
-1879
-1634
-1438
-962
-333
70
249
552
1053
1464
1657
1826
2086
2321
2450
2535
2616
2654
2639
2572
2466
2372
2319
2210
1963
1702
1581
1493
1271
992
815
691
512
324
199
87
-68
-214
-290
-294
-263
-273
-365
-435
-346
-170
-103
-128
-43
159
285
316
403
554
636
652
720
861
948
901
778
745
871
959
775
500
526
741
593
67
-226
-84
-74
-517
-984
-1159
-1391
-1960
-2528
-2734
-2782
-3078
-3622
-4090
-4269
-4256
-4290
-4472
-4615
-4449
-4019
-3694
-3626
-3500
-3013
-2324
-1753
-1285
-717
-51
550
1066
1643
2368
3131
3751
4208
4660
5202
5700
5996
6191
6471
6761
6837
6659
6416
6220
5995
5646
5223
4770
4258
3652
2995
2328
1681
1061
444
-222
-922
-1589
-2188
-2735
-3352
-4111
-4664
-4624
-4521
-5291
-6380
-6248
-5208
-5256
-6432
-6521
-5132
-4439
-5100
-5234
-4137
-3318
-3341
-3056
-2143
-1454
-1147
-716
-206
206
807
1488
1694
1679
2190
2899
2948
2642
2886
3451
3463
3052
2949
3107
2962
2555
2315
2212
1956
1585
1270
966
661
494
405
156
-149
-221
-194
-385
-643
-609
-429
-457
-586
-520
-374
-363
-351
-161
65
184
315
525
679
701
721
817
942
1056
1117
1052
908
868
946
922
718
567
618
704
653
550
467
310
80
-52
-79
-223
-557
-906
-1191
-1551
-2089
-2689
-3138
-3320
-3383
-3684
-4336
-4930
-5039
-4842
-4861
-5115
-5107
-4648
-4182
-4043
-3938
-3447
-2663
-1948
-1348
-615
300
1134
1738
2318
3145
4164
5038
5588
6011
6544
7091
7432
7584
7761
7969
8002
7782
7437
7063
6611
6066
5484
4871
4170
3387
2549
1646
728
-84
-780
-1500
-2313
-3123
-3852
-4519
-5106
-5560
-5933
-6315
-6613
-6678
-6650
-6810
-7027
-6830
-6190
-5662
-5492
-5246
-4627
-3971
-3534
-3001
-2146
-1335
-878
-506
108
824
1385
1792
2166
2523
2864
3166
3318
3304
3305
3411
3437
3261
3018
2826
2597
2254
1920
1685
1424
1029
623
336
103
-169
-397
-521
-644
-798
-855
-801
-798
-832
-709
-452
-297
-277
-178
65
318
503
665
844
1034
1221
1352
1378
1365
1435
1599
1738
1751
1662
1547
1385
1148
951
1009
1257
1317
921
297
-64
23
316
482
296
-260
-883
-1125
-1033
-1225
-1875
-2431
-2707
-3285
-4256
-4681
-4349
-4536
-5808
-6735
-6103
-5121
-5482
-6529
-6471
-5257
-4430
-4450
-4180
-3045
-1878
-1405
-1013
188
1853
2994
3440
4026
5227
6478
7198
7581
8122
8786
9197
9347
9418
9384
9131
8731
8350
7867
7197
6450
5627
4611
3413
2378
1591
683
-501
-1710
-2612
-3328
-4151
-5000
-5682
-6138
-6527
-6964
-7291
-7425
-7387
-7341
-7271
-6926
-6531
-6506
-6546
-5704
-4085
-3311
-3721
-3632
-2246
-954
-746
-386
788
1590
1518
1593
2359
2923
2943
3045
3213
3186
3121
3203
3002
2408
2157
2295
2132
1550
1142
1069
749
172
-107
-48
-85
-412
-667
-710
-736
-759
-700
-568
-483
-367
-136
53
189
415
712
884
980
1262
1586
1654
1615
1733
1915
1860
1714
1717
1708
1508
1280
1219
1171
984
796
690
544
326
130
67
63
116
125
-32
-328
-496
-346
-74
4
-154
-375
-617
-885
-1121
-1287
-1654
-2328
-3115
-3739
-4212
-4575
-4842
-5298
-6085
-6697
-6492
-5940
-5998
-6495
-6336
-5407
-4665
-4369
-3684
-2363
-1202
-616
77
1474
3106
4256
4927
5715
6834
7948
8694
9135
9565
9997
10204
10111
9954
9826
9447
8698
7828
7041
6210
5181
4080
2911
1589
260
-814
-1715
-2813
-4027
-4972
-5616
-6263
-6962
-7380
-7510
-7641
-7797
-7732
-7360
-6912
-6475
-6007
-5468
-4799
-4016
-3157
-2333
-1578
-916
-265
480
678
69
-77
1704
4062
4013
2009
1062
1902
2320
1768
2035
2810
2248
519
-324
172
455
142
-302
-699
-985
-1026
-894
-1244
-1698
-1487
-936
-658
-629
-211
187
-90
-379
136
1314
2027
1975
1869
1942
2068
2085
2244
2583
2703
2575
2293
2010
1759
1542
1420
1222
1040
993
880
493
-32
-245
-137
-48
-55
-39
-21
-257
-661
-691
-162
390
337
-30
64
512
564
184
319
1162
1508
698
-265
-259
33
-707
-2324
-3695
-4436
-5010
-5498
-5804
-6384
-7387
-8098
-8099
-8052
-8232
-7741
-6423
-5529
-5591
-5247
-3558
-1632
-625
116
1728
3836
5342
6195
7189
8553
9711
10327
10746
11388
12078
12228
11626
10792
10258
9851
9083
7951
6768
5496
3946
2287
799
-549
-1892
-3151
-4272
-5412
-6517
-7380
-7955
-8454
-8887
-8939
-8576
-8091
-7705
-7261
-6566
-5753
-4936
-4025
-2875
-1688
-1011
-764
-166
1271
2623
2830
2537
2886
3610
3590
3122
3207
3464
2912
1843
1311
1264
886
86
-753
-1490
-2084
-2410
-2539
-2855
-3249
-3426
-3429
-3407
-3224
-2662
-2094
-1838
-1636
-1082
-237
503
1064
1589
2089
2515
2884
3282
3622
3802
3836
3771
3679
3587
3481
3234
2803
2343
2016
1729
1323
831
398
-2
-454
-866
-1078
-1129
-1199
-1256
-1209
-1069
-876
-538
-166
40
199
587
1001
1129
1304
1839
2247
2045
1819
2074
2252
1881
1597
1777
1568
448
-810
-1562
-2447
-4160
-6245
-7713
-8170
-8112
-8401
-9335
-10231
-10434
-10365
-10536
-10116
-8242
-5963
-4891
-4583
-3318
-1028
961
2395
4235
6593
8536
9767
10820
11938
12773
13176
13320
13378
13382
13249
12670
11358
9572
7849
6414
5042
3605
2126
536
-1283
-3221
-5035
-6532
-7575
-8192
-8654
-9146
-9431
-9305
-9021
-8840
-8443
-7459
-6110
-4814
-3570
-2222
-991
-124
552
1387
2431
3548
4572
5217
5222
4792
4400
4126
3728
3238
2863
2315
1233
-94
-1110
-1852
-2685
-3530
-4111
-4498
-4935
-5413
-5813
-6029
-5922
-5455
-4856
-4276
-3512
-2519
-1645
-1040
-292
854
2022
2820
3448
4164
4743
4896
4794
4771
4820
4768
4598
4376
4013
3393
2588
1820
1270
903
568
130
-408
-933
-1350
-1654
-1882
-1953
-1811
-1574
-1414
-1234
-885
-471
-162
157
678
1307
1883
2407
2884
3208
3372
3416
3218
2810
2591
2812
3075
2944
2421
1703
860
135
-300
-811
-1846
-3113
-4221
-5732
-8053
-10145
-10702
-10479
-10989
-11841
-11537
-10497
-10458
-11157
-10507
-8122
-5859
-4487
-2696
178
2773
4135
5233
7210
9581
11297
12421
13609
14773
15180
14646
13756
13016
12285
11291
10072
8780
7237
5218
2922
730
-1245
-3053
-4516
-5557
-6527
-7691
-8721
-9258
-9536
-9812
-9671
-8703
-7335
-6201
-5182
-3845
-2376
-1205
-160
1228
2886
4310
5262
5867
6192
6177
5892
5487
5051
4478
3603
2378
1073
-38
-1104
-2493
-4054
-5239
-5937
-6551
-7202
-7525
-7499
-7514
-7625
-7361
-6535
-5557
-4654
-3624
-2358
-1106
-44
1019
2160
3203
4007
4656
5283
5803
6125
6200
6034
5702
5277
4809
4249
3612
2968
2274
1450
564
-176
-715
-1197
-1667
-2001
-2127
-2140
-2145
-2075
-1829
-1474
-1170
-901
-453
216
860
1306
1667
2061
2392
2613
2899
3294
3554
3482
3205
2956
2793
2677
2514
2197
1713
1192
746
309
-173
-567
-908
-1409
-2122
-2812
-3383
-4116
-5049
-6275
-8139
-10539
-12188
-11817
-10320
-9547
-9685
-9549
-8896
-8684
-8477
-6728
-3554
-736
775
2164
4307
6496
8007
8991
10126
11329
12230
12897
13470
13915
13619
12249
10263
8444
7280
6426
5444
4096
2261
133
-2017
-3795
-5116
-6062
-6609
-6955
-7268
-7503
-7319
-6656
-6045
-5682
-5121
-3873
-2192
-595
902
2329
3356
3774
3959
4474
5253
5892
6084
5733
4978
3962
2830
1561
204
-1158
-2513
-3704
-4535
-5164
-6084
-7297
-8250
-8701
-8874
-8653
-7722
-6468
-5610
-5063
-4235
-3073
-1945
-869
380
1689
2903
3962
4799
5316
5503
5463
5206
4970
4953
4963
4656
3926
3055
2161
1256
489
-53
-368
-670
-1063
-1484
-1832
-2027
-2154
-2172
-1973
-1552
-1032
-508
-4
441
801
1100
1422
1793
2215
2628
2884
2957
2895
2757
2518
2184
1962
1915
1861
1562
1068
768
748
651
194
-296
-334
-150
-267
-512
-325
144
79
-605
-1103
-1134
-1177
-1631
-2262
-2950
-4135
-6050
-8340
-9992
-10321
-9709
-9108
-8920
-8602
-8043
-7711
-7478
-6509
-4547
-2443
-651
1293
3650
5930
7603
8755
9580
10180
10798
11602
12434
12910
12855
12143
10680
8779
7030
5682
4402
2961
1503
126
-1278
-2783
-4195
-5388
-6358
-7062
-7373
-7187
-6541
-5595
-4703
-4106
-3597
-2816
-1726
-510
852
2344
3589
4273
4560
4759
4859
4692
4311
3837
3309
2629
1822
874
-245
-1606
-3119
-4505
-5546
-6190
-6608
-6882
-7144
-8176
-10332
-12050
-10778
-7117
-4446
-3756
-2850
-1051
-433
-735
764
3841
5477
5171
5531
7170
8164
7752
6712
5489
4008
2922
2743
3090
3443
3188
1793
-391
-1849
-1854
-1543
-1788
-2086
-1835
-1658
-1927
-1882
-1193
-727
-1141
-1469
-739
638
1732
2265
2530
2439
2090
2019
2454
3095
3468
3515
3183
2570
2118
1825
1348
663
277
196
-44
-297
-282
-374
-982
-1539
-1565
-1380
-1217
-829
-284
-314
-740
-951
-1110
-1790
-2854
-3408
-3882
-5287
-7374
-8839
-9086
-9249
-9767
-9795
-8885
-7864
-7632
-7294
-5836
-3749
-2076
-812
1087
3607
5855
7488
8930
10446
11444
11718
11816
12164
12512
12302
11583
10550
9220
7608
5895
4288
2647
923
-715
-2072
-3205
-4252
-5083
-5681
-6232
-6768
-6918
-6414
-5553
-4678
-3746
-2635
-1535
-642
255
1382
2496
3271
3767
4274
4713
4756
4290
3486
2655
1879
1056
13
-1154
-2151
-3044
-4058
-5220
-6107
-6562
-6930
-7261
-7303
-6859
-6263
-5749
-5106
-4278
-3380
-2605
-1787
-731
483
1617
2425
3041
3616
4065
4227
4217
4273
4286
4057
3634
3222
2832
2293
1541
736
124
-323
-765
-1174
-1373
-1410
-1562
-1719
-1670
-1406
-1111
-816
-388
89
582
1069
1526
1962
2332
2588
2635
2575
2613
2745
2803
2664
2414
2212
1955
1596
1233
1009
795
448
196
174
188
31
-152
-285
-497
-792
-800
-543
-258
-220
-263
-287
-317
-280
-189
-80
-283
-966
-1987
-2834
-3395
-4127
-5632
-7359
-8617
-9328
-10047
-10473
-9789
-8508
-7720
-7623
-6888
-5172
-3378
-1984
-353
1898
4112
5828
7496
9345
10891
11563
11579
11557
11644
11725
11470
10902
10054
8870
7344
5567
3891
2375
849
-734
-2210
-3309
-4081
-4717
-5280
-5802
-6148
-6295
-6125
-5590
-4667
-3461
-2307
-1360
-523
403
1291
2029
2595
3123
3524
3723
3415
2496
1688
1451
1351
293
-959
-1497
-1865
-2948
-4237
-4487
-4672
-5531
-6441
-6371
-5690
-5304
-4879
-4310
-3675
-3142
-2549
-1742
-809
285
1228
1831
2384
3097
3761
3926
3825
3811
3756
3416
2967
2836
2696
2094
1159
456
4
-560
-1087
-1306
-1306
-1429
-1588
-1497
-1229
-948
-769
-583
-294
113
644
1138
1569
1977
2334
2541
2576
2671
2836
2861
2776
2696
2704
2491
1992
1442
1066
836
443
3
-307
-362
-558
-806
-901
-789
-952
-1566
-1849
-1659
-1341
-1516
-1484
-925
-713
-1139
-1515
-952
-522
-802
-1088
-811
-459
-788
-1291
-1699
-2197
-3171
-4453
-5555
-6184
-6427
-6652
-6882
-7185
-7429
-7153
-5826
-3936
-2589
-1601
-354
1141
2233
3363
5140
6784
7514
7788
8543
9456
9772
9784
9737
9305
8354
7488
7093
6557
5679
4597
3460
2225
1089
299
-453
-1316
-2176
-2879
-3436
-3773
-3684
-3497
-3565
-3784
-3705
-3346
-2985
-2475
-1802
-1237
-979
-683
-207
180
187
-557
-1477
-1928
-1708
-1727
-1971
-1746
-1679
-2306
-3214
-3157
-2729
-2807
-2986
-2809
-2229
-1809
-1437
-1053
-850
-830
-1021
-945
-399
450
1138
1418
1657
1970
2208
2217
2259
2441
2419
2112
1946
2121
2138
1713
1120
628
115
-415
-674
-643
-618
-766
-923
-907
-746
-576
-425
-248
-8
294
646
1023
1314
1472
1493
1370
1235
1267
1395
1426
1353
1413
1438
1243
968
729
479
74
-167
-193
-233
-405
-644
-797
-1012
-1266
-1478
-1525
-1367
-1231
-1199
-1154
-960
-758
-640
-485
-299
-202
-172
-130
3
274
533
520
358
427
646
672
560
605
400
-570
-1991
-3044
-3414
-3694
-3961
-3873
-3351
-2995
-3047
-2658
-1843
-1368
-1425
-1123
-223
399
954
1945
2872
2939
2698
2968
3131
2932
3088
3689
3837
3618
3915
4332
4079
3545
3372
3035
2293
1931
2096
2079
1658
1399
1137
484
-137
-506
-975
-1648
-1940
-1954
-2441
-2967
-2745
-2117
-1998
-2121
-1619
-1015
-952
-981
-549
-184
-441
-758
-736
-620
-650
-676
-648
-745
-913
-1041
-1135
-1130
-1009
-893
-928
-974
-808
-642
-711
-812
-646
-556
-761
-915
-733
-580
-689
-719
-577
-488
-419
-223
-68
-131
-182
-36
-48
20
134
-56
-161
170
399
23
-264
234
503
134
112
471
690
612
968
1252
1002
960
1113
1012
857
1091
1329
1172
970
1234
1379
927
738
997
936
411
344
907
972
504
-117
-96
317
88
-156
-34
181
-124
-267
-42
-177
-294
-180
-124
-196
-344
-334
-130
-12
-345
-656
-267
180
277
26
-77
-85
50
109
-174
-183
-23
212
218
-72
-336
-286
-200
-539
-722
-353
-329
-614
-414
-456
-985
-961
-142
-208
-965
-810
46
293
-313
-586
-228
150
32
-62
178
216
152
370
535
192
-81
243
537
511
406
87
-218
-23
266
9
-404
-289
-54
-185
-335
-135
58
-129
-328
-41
227
3
-197
-206
-307
-47
224
32
-121
230
492
184
-84
-124
24
302
-79
-364
118
308
-206
-586
-225
-216
-331
50
191
-292
-506
156
220
-479
-416
116
16
-450
-68
267
166
37
-24
-156
-266
156
647
626
-5
-371
292
789
107
-372
186
392
25
332
541
61
-9
238
-239
-258
274
182
284
412
99
-160
696
838
270
665
587
77
158
601
348
97
399
50
-294
26
-50
-372
-526
-386
-594
-554
-96
-514
-909
-537
-152
-303
-102
234
-187
-534
-34
309
-108
-264
13
132
-349
-612
-395
-108
76
189
-13
-438
-383
-225
-189
-123
-56
-212
-182
51
-244
-283
77
-17
-308
40
342
-1
-160
257
307
204
504
651
430
426
741
276
44
591
586
-76
285
938
520
48
433
513
-144
-309
-176
19
-75
-14
-31
-102
-195
-106
-57
-295
-442
-517
-317
-248
145
43
-330
-17
60
-455
-377
658
-97
-1246
-397
258
-534
-680
292
223
-397
-461
-294
-68
3
-492
-796
-310
261
60
-61
169
145
43
310
543
178
-35
491
480
151
316
857
328
-323
154
122
-175
-75
238
-247
-289
268
111
-314
-418
-173
-270
-214
-118
-111
-1
59
101
245
543
226
84
704
1184
303
-299
549
1018
267
-295
556
711
-53
-98
526
69
-409
-87
-262
-897
-887
-258
-541
-646
-387
-352
-504
-421
100
-163
-759
-442
261
335
-154
39
350
145
84
228
362
58
108
287
-97
-339
98
328
-348
-621
-20
0
-382
-147
-53
-227
-347
-326
-339
-89
325
26
-33
214
293
314
463
297
164
714
883
159
143
622
555
465
670
238
-173
164
167
26
264
371
-173
-303
89
202
38
-447
-142
570
147
-729
-340
457
-310
-1030
-154
307
-395
-440
14
-365
-694
-159
-34
-334
28
337
-282
-702
-558
-393
-235
-200
-206
-10
386
301
-20
-30
100
21
-259
239
637
572
120
188
195
-341
186
358
-96
-260
186
268
-143
56
9
-256
-148
-81
-115
-239
-367
-342
95
333
200
-213
-103
174
244
204
119
264
136
316
501
360
-9
217
680
247
-620
-502
313
186
-466
-277
37
-304
-517
-211
-523
-754
-191
-199
-468
172
505
-248
-277
395
-61
-437
359
676
53
69
878
588
107
221
526
161
-83
384
276
-76
0
195
-384
-441
206
-267
-880
-158
402
-269
-521
53
38
-177
249
75
-338
-112
444
499
60
32
41
348
467
15
-313
-20
418
-64
-89
460
282
-384
-153
379
-137
-407
39
114
-301
-185
96
-180
-289
47
197
-221
-507
-13
427
248
101
436
429
-77
-120
184
-48
-122
105
87
-78
-178
-257
-357
-366
-471
-628
-506
-174
-133
116
-89
-469
-434
-222
125
-34
-144
-88
204
676
482
65
-355
-4
859
707
-230
-464
402
461
34
209
242
-304
-611
-60
-75
-513
-524
98
302
-78
-331
-173
281
317
-12
-262
263
820
372
-36
389
436
127
-50
9
-187
-26
522
321
-318
-627
-486
-289
-263
-572
-432
-57
-280
-426
160
290
-279
-137
321
239
56
127
347
671
576
284
501
489
-66
291
1035
233
-694
146
593
-337
-614
-22
-267
-738
-135
23
-597
-821
-146
204
-531
-811
-177
279
-243
51
672
120
-482
11
739
252
-186
67
635
593
45
-106
26
62
242
277
-183
-540
-141
436
-148
-409
47
142
-150
-3
226
-300
-488
419
593
-125
-140
522
696
-146
-250
187
64
-368
-404
-80
-23
105
-92
-495
-303
256
-171
-889
-164
467
-133
-751
-60
150
-440
-504
-100
125
-66
-9
-114
-138
122
202
85
8
205
277
491
466
146
140
200
108
-46
353
222
-406
-64
335
28
-329
-37
524
288
-366
-339
307
696
145
-58
364
464
149
77
147
-183
-226
-86
-22
245
300
-514
-888
239
601
-667
-961
266
408
-617
-712
113
253
-416
-375
264
110
-389
-175
320
-68
-511
95
545
38
-125
511
570
185
-88
-226
-348
60
541
-26
-571
51
583
-276
-609
218
101
-558
-200
373
-156
-78
379
-108
-389
-65
-69
-319
227
421
-208
-519
203
574
190
21
182
252
38
242
368
262
176
140
95
-158
-121
452
560
41
-92
248
63
-331
78
248
-107
25
242
59
-366
-246
279
225
-164
-195
183
-104
-229
126
281
-124
-471
65
419
-139
-731
-257
334
-395
-876
-257
51
-241
-464
-233
-140
-459
-763
-547
-235
-5
-122
-225
-96
-10
-249
-178
300
1
-336
148
55
-229
178
166
-132
359
477
-567
-362
945
230
-799
324
791
-97
-64
990
453
-319
322
551
186
321
617
338
557
557
225
-2
250
501
-39
-363
-531
-19
359
120
-210
-140
273
-28
-542
-615
-36
-133
-457
-194
53
32
29
-77
-354
140
378
-112
-159
405
80
-124
479
-10
-380
17
230
-239
-93
44
-287
17
1
-649
-522
679
605
-502
-553
303
477
-150
-414
-31
87
-288
43
548
148
-476
-181
168
4
23
87
246
173
69
-258
-331
52
698
646
-509
-685
145
707
-321
-557
358
496
-338
-477
252
-283
-447
-126
228
238
240
-405
-812
327
552
-188
-388
514
517
-625
-395
661
694
156
36
225
12
-369
-102
164
-43
-372
-295
216
110
-199
-523
-575
123
182
-307
-107
379
328
-21
68
145
34
249
156
-167
-138
311
59
-304
104
130
-377
-377
53
237
17
-493
-205
287
63
-121
217
64
-153
404
489
7
272
262
-146
228
284
-255
-399
243
474
90
72
128
-159
-215
-232
-148
-174
-135
-78
-171
-29
71
-137
-82
191
-241
-434
-306
98
28
19
156
-138
61
228
245
-108
78
291
4
-186
-25
112
164
250
209
-20
-291
-306
-215
-228
-181
135
45
-77
139
556
38
-443
-93
127
-247
-539
241
569
-6
-248
435
619
-236
-321
21
-30
-277
-53
368
203
-40
-246
97
228
-157
-320
-254
-43
-153
36
159
140
46
-91
-37
-91
-360
-513
-59
617
583
97
57
287
209
-178
-126
88
174
10
175
259
165
-197
-140
238
47
-89
-250
-180
-133
-16
294
-288
-396
-178
-48
57
-207
-15
-279
-154
146
108
128
38
7
28
236
49
-326
-9
233
204
11
-40
-85
146
83
-141
-67
126
-60
-70
255
79
-209
-381
-210
49
-84
53
190
254
249
53
180
-58
-160
-199
-68
174
117
149
66
70
-16
-63
-161
-253
-95
-46
-123
-160
-81
100
169
210
91
48
-37
-8
119
-57
-110
61
148
-73
30
296
296
-43
-111
-81
-246
-219
-106
-69
48
78
261
-118
-248
-35
-42
-39
-207
24
79
87
24
73
159
92
-106
-267
-149
90
151
-15
68
103
-41
-207
8
-15
-222
-41
72
-79
-204
65
178
-84
-62
150
295
227
119
156
61
-25
27
260
235
229
180
103
-4
55
61
-74
-244
-220
-157
-163
-202
76
8
-141
-293
-211
112
-132
-45
-146
120
224
-44
91
54
162
11
22
-11
-160
-134
-28
34
22
-9
-95
-226
-218
138
9
-257
-152
178
272
70
78
117
118
-18
-50
-161
-104
174
174
65
129
284
-74
-157
131
-68
-78
-49
58
29
-191
-82
-98
-37
-331
-410
-187
-172
67
141
267
349
432
376
145
118
66
39
4
82
-127
-195
-152
-118
-212
-290
-60
-108
-120
-143
-135
-34
135
339
256
160
323
461
335
236
176
-3
-30
-110
-49
-26
87
92
-217
-138
-252
-164
-276
-379
-237
-306
-108
-2
-35
-85
-221
-85
-109
-30
133
-38
59
80
82
88
24
126
-50
-174
-127
-230
-124
-230
-213
-204
-382
-264
-133
-62
-73
4
106
244
434
394
137
234
256
190
324
258
190
73
108
157
130
35
-7
56
0
-6
1
20
27
257
312
178
203
193
276
301
394
302
109
64
44
84
129
119
80
57
87
119
25
-132
-184
-104
-277
-455
-269
-111
-60
-81
-158
-252
-515
-648
-672
-583
-612
-640
-498
-371
-352
-528
-662
-653
-634
-750
-745
-702
-689
-628
-572
-435
-385
-438
-531
-460
-268
-159
7
161
208
198
358
503
493
595
728
832
1003
1263
1323
1166
1219
1397
1525
1619
1698
1825
1867
1905
2040
2236
2368
2386
2494
2616
2755
2906
2892
2663
2402
2192
1651
891
158
-564
-1391
-2235
-2768
-3190
-3708
-4242
-4476
-4697
-5036
-5299
-5427
-5485
-5489
-5203
-4944
-4639
-4242
-3908
-3519
-3197
-3044
-2862
-2464
-1736
-953
-140
664
1251
1794
2187
2387
2472
2271
1930
1622
1352
1353
1558
1903
2302
2697
3079
3368
3688
3914
4046
4387
4787
5138
5386
5328
5211
5036
4614
4145
3709
3307
2729
1844
379
-1840
-4658
-7610
-9955
-11430
-12308
-12513
-11124
-7383
-2301
1894
4072
4874
5234
5270
5300
6030
7649
9472
10498
10085
8222
5813
3721
2059
226
-2060
-4712
-7564
-10352
-12675
-14092
-14331
-13252
-11192
-8507
-5624
-2995
-734
1143
2810
4346
5789
6902
7616
8087
8414
8592
8438
7948
7282
6637
5948
5115
4128
3079
2144
1290
383
-689
-1842
-2892
-3772
-4638
-5522
-6191
-6676
-7035
-7318
-7490
-7480
-7332
-7025
-6629
-6116
-5490
-4786
-4074
-3455
-2841
-2200
-1598
-1041
-514
-86
199
462
715
963
1217
1435
1584
1696
1834
2020
2185
2356
2538
2660
2642
2501
2358
2255
2223
2324
2551
2806
2999
3086
3082
3025
2970
2920
2955
3172
3529
3798
3764
3579
3306
2974
2594
2196
1793
1285
783
367
56
-184
-341
-338
-203
-38
101
197
318
535
815
1224
1906
3030
4529
5920
6722
6740
5996
4579
2851
1247
-89
-1018
-1426
-1534
-1761
-2299
-3076
-4007
-5022
-6030
-6867
-7416
-7699
-7723
-7586
-7408
-7305
-7379
-7573
-7946
-8536
-9248
-9938
-10479
-10957
-11364
-11608
-11676
-11606
-11364
-10760
-9619
-7919
-5717
-3212
-623
1959
4405
6642
8590
10286
11840
13188
14290
15155
15780
16002
15718
15067
14242
13352
12347
11236
9981
8577
7139
5705
4356
3144
2052
1085
402
234
476
721
683
304
-357
-1222
-2142
-2877
-3344
-3603
-3698
-3599
-3492
-3949
-5011
-5902
-6314
-6770
-7321
-7202
-6038
-4217
-2304
-732
263
775
1126
1419
1580
1622
1653
1737
1928
2318
2817
3239
3435
3321
2879
2122
1138
-42
-1452
-3026
-4546
-5774
-6649
-7277
-7775
-8133
-8439
-8768
-8948
-8861
-8473
-7749
-6726
-5483
-4099
-2616
-1161
201
1448
2512
3373
4003
4353
4470
4472
4362
4142
3951
3827
3699
3541
3355
3328
3576
4073
4964
6414
8458
10838
13156
14442
13230
9110
3435
-1921
-6378
-10017
-11942
-11449
-9619
-7732
-5936
-4087
-2344
-942
423
2011
3463
4481
5097
5281
4965
4524
4209
3331
1374
-711
-1696
-1238
255
1349
1372
1143
743
151
350
1598
2246
1117
-958
-2680
-4142
-6295
-8946
-11078
-11682
-10759
-9627
-8836
-7864
-6131
-3956
-2154
-1114
-991
-1871
-3374
-4091
-3518
-2527
-1807
-860
191
-547
-1141
766
2775
2920
2041
1809
2419
4401
8663
14426
19427
21309
20259
18257
16910
16573
16578
16044
14349
11728
8761
6067
3854
1393
-1980
-5941
-9375
-11693
-13317
-14812
-16078
-16179
-14522
-12125
-10556
-10328
-10817
-11249
-11437
-11432
-11161
-10469
-9236
-7622
-5969
-4427
-3022
-1774
-763
-174
154
622
1193
1569
1736
1594
647
-1204
-4201
-7787
-10489
-11657
-11650
-10248
-6328
-778
4102
7050
8478
9417
10322
11477
12789
13100
11092
7608
5557
7762
13360
18484
21265
21470
19684
17804
18813
22019
21908
17446
12008
5744
-2166
-9149
-12243
-12310
-12497
-13698
-14907
-15370
-15067
-14548
-14069
-13281
-11568
-9094
-6607
-3968
-963
1791
3422
3729
3452
3472
4225
5476
6195
5260
4212
4957
4330
-1146
-9241
-14704
-16099
-16223
-16783
-17248
-16568
-14782
-12382
-9332
-5807
-2477
78
2104
4065
5860
7110
7723
7915
7452
6066
3937
1789
191
-710
-883
-549
193
1147
2171
3290
4370
5296
5942
6393
6813
7172
7385
7388
6999
6139
4949
3779
3067
2729
2040
91
-3032
-5874
-6797
-5367
-2419
1218
4876
6913
5287
312
-5183
-8510
-8214
-4903
-615
2978
4952
5958
6708
8013
9925
10846
9492
6365
4319
3639
1916
-699
-2070
-2610
-6152
-11957
-13817
-8979
-3777
-5204
-9956
-13955
-14129
-7472
-89
2536
3296
8043
14724
15757
9825
3001
951
2423
3091
1498
-1955
-7598
-15156
-22650
-26766
-27125
-24019
-18031
-11880
-6551
-1347
4512
9361
11655
11320
9454
7482
5590
3248
131
-1663
-650
1443
3352
5510
8127
10192
10758
9982
8347
6761
5809
4967
3044
-1
-1880
-1779
-2380
-4839
-6457
-5259
-2870
-1089
489
2417
4396
6228
7858
8708
8468
7660
6833
5966
4802
3335
1882
970
955
1683
2158
1517
167
-849
-1027
-1217
-2484
-4908
-7552
-9363
-9816
-8985
-7397
-5632
-4274
-3657
-3408
-3032
-2412
-1503
-520
407
1268
2030
2609
2902
3043
3062
2920
2561
2066
1626
1192
741
247
-325
-964
-1824
-2896
-4086
-5146
-5951
-6404
-6425
-6044
-5186
-3962
-2423
-807
601
1701
2501
3021
3248
3352
3306
3166
2945
2603
2225
1874
1632
1504
1350
1141
812
311
-409
-1298
-2082
-2709
-3297
-4033
-4563
-4290
-3687
-3414
-4030
-5801
-6167
-4195
-2819
-2820
-2333
-435
1351
1886
2092
3122
4351
4683
4643
5381
7182
9031
10140
10651
10783
10422
9531
8646
8121
7793
7428
6881
6008
4750
3220
1498
-321
-2068
-3662
-5024
-5990
-6232
-5734
-4924
-4248
-3675
-2745
-1176
804
2521
3208
2753
2171
1969
1155
-2448
-8526
-13021
-14220
-13795
-13345
-13207
-13116
-13241
-13487
-13237
-12025
-9780
-6938
-4067
-1634
310
2014
3571
5035
6405
7662
8721
9422
9806
9965
9950
9730
9242
8534
7629
6518
5167
3716
2337
1089
-37
-1016
-1707
-1952
-1783
-1503
-1365
-1519
-1949
-2518
-3108
-3707
-4237
-4518
-4598
-4456
-4111
-3630
-3060
-2410
-1640
-786
93
945
1872
2884
3898
4842
5694
6503
7196
7683
8015
8260
8445
8519
8533
8534
8434
8192
7762
7189
6424
5380
4073
2628
1093
-632
-2401
-4088
-5559
-6775
-7867
-8834
-9722
-10535
-11260
-11956
-12613
-13178
-13463
-13415
-13142
-12665
-11860
-10707
-9411
-8073
-6821
-5752
-4786
-3642
-2017
-82
1881
3608
4787
5461
6012
6769
7707
8577
9432
10570
11972
13370
14523
15272
15408
14620
12867
10413
7654
5007
2715
908
-440
-1523
-2581
-3934
-5720
-7898
-10290
-12273
-13151
-12799
-11688
-10418
-9252
-8238
-7396
-6789
-6483
-6339
-6129
-5658
-4812
-3506
-1760
219
2288
4330
6238
7999
9546
10782
11586
11944
11998
11758
11220
10424
9433
8381
7293
6100
4789
3519
2407
1436
587
-153
-774
-1356
-1959
-2438
-2807
-3054
-3185
-3368
-3543
-3700
-3876
-3993
-4051
-4097
-4117
-4048
-3921
-3856
-3836
-3725
-3542
-3380
-3169
-2890
-2600
-2254
-1870
-1515
-1211
-930
-604
-252
58
339
627
894
1104
1274
1392
1428
1340
1153
946
655
136
-598
-1432
-2162
-2641
-2910
-3150
-3392
-3483
-3475
-3587
-3873
-4082
-4011
-3753
-3454
-3011
-2280
-1293
-210
573
887
1329
2186
2843
2963
3115
3555
4040
4973
6233
7069
7277
6951
6117
4877
3678
3400
4129
4762
4754
4527
4367
3910
3235
2965
3107
3094
2843
2563
2221
1785
1317
769
164
-353
-762
-1151
-1687
-2339
-3134
-4183
-5388
-6534
-7455
-8140
-8604
-8760
-8629
-8180
-7389
-6347
-5190
-4037
-2875
-1757
-770
5
535
871
1008
980
955
1007
1163
1473
1945
2464
2888
3125
3110
2859
2417
1878
1318
793
354
-15
-280
-371
-342
-261
-143
-50
-19
0
56
104
122
221
430
651
839
1039
1273
1477
1667
1914
2195
2422
2565
2686
2843
2975
3004
2949
2887
2807
2670
2474
2273
2180
2156
2066
1872
1616
1277
768
96
-757
-1825
-2965
-3950
-4651
-5171
-5728
-6340
-6858
-7292
-7868
-8557
-8956
-8802
-8265
-7680
-7107
-6364
-5556
-5030
-4625
-3863
-2884
-2183
-1683
-1034
-107
1123
2603
4049
5199
6136
7021
7807
8434
8969
9497
9951
10171
10092
9702
8965
8219
8202
8936
9523
9401
8793
7991
6961
5604
3957
2106
166
-1672
-3268
-4607
-5779
-6802
-7640
-8375
-9028
-9442
-9546
-9428
-9161
-8726
-8068
-7225
-6305
-5329
-4242
-3058
-1823
-526
803
2097
3238
4077
4469
4296
3638
2703
1596
407
-649
-1385
-1797
-2010
-2169
-2372
-2631
-2955
-3302
-3563
-3667
-3575
-3264
-2774
-2211
-1661
-1161
-731
-398
-169
17
268
623
1020
1399
1759
2072
2283
2363
2362
2344
2326
2310
2319
2455
2772
3205
3711
4201
4520
4623
4606
4527
4355
4124
3894
3720
3623
3525
3362
3143
2787
2215
1442
431
-840
-2054
-2758
-3013
-3354
-4003
-4639
-5052
-5533
-6327
-7058
-7109
-6487
-5843
-5480
-5030
-4241
-3384
-2816
-2468
-2028
-1385
-733
-260
183
873
1816
2729
3323
3614
3860
4165
4416
4566
4776
5146
5494
5589
5357
4878
4327
3829
3354
2800
2207
1695
1239
721
59
-711
-1441
-2073
-2641
-3118
-3423
-3579
-3706
-3845
-3983
-4160
-4361
-4433
-4322
-4167
-4028
-3801
-3484
-3274
-3233
-3174
-2942
-2625
-2343
-2010
-1490
-821
-146
458
1035
1610
2109
2457
2723
3034
3400
3755
4068
4302
4390
4308
4085
3749
3327
2868
2453
2113
1771
1365
933
528
123
-314
-723
-1017
-1204
-1371
-1527
-1601
-1595
-1586
-1551
-1410
-1172
-905
-642
-389
-134
191
628
1099
1485
1752
1922
2012
2062
2178
2410
2659
2791
2799
2721
2501
2131
1712
1282
731
-88
-1243
-2622
-3838
-4493
-4699
-4982
-5590
-6226
-6694
-7338
-8357
-9137
-8947
-8052
-7368
-7146
-6833
-6125
-5374
-4836
-4153
-2920
-1314
134
1200
2152
3311
4670
5930
6880
7630
8392
9141
9663
9976
10364
10895
11230
11078
10523
9832
9147
8494
7853
7147
6324
5362
4205
2794
1236
-187
-1285
-2130
-2903
-3675
-4428
-5206
-6059
-6877
-7504
-7883
-8044
-8014
-7843
-7634
-7378
-6990
-6526
-6137
-5770
-5213
-4454
-3705
-3029
-2264
-1374
-587
-103
199
541
959
1356
1726
2094
2391
2527
2501
2393
2264
2154
2083
2020
1879
1652
1405
1155
831
426
82
-118
-277
-510
-743
-861
-931
-1077
-1239
-1285
-1213
-1096
-880
-473
55
532
904
1218
1487
1739
2109
2661
3213
3544
3673
3741
3781
3796
3862
4008
4119
4129
4089
3928
3438
2650
1890
1224
236
-1300
-2841
-3658
-3787
-3985
-4693
-5597
-6301
-6965
-7917
-8862
-9030
-8185
-7089
-6632
-6772
-6750
-6220
-5559
-4986
-4042
-2361
-450
855
1477
2081
3101
4295
5299
6168
7150
8196
8975
9324
9448
9632
9872
9892
9537
8977
8493
8111
7591
6752
5685
4572
3402
2071
646
-619
-1580
-2366
-3182
-4119
-5152
-6200
-7142
-7869
-8366
-8634
-8657
-8497
-8345
-8300
-8193
-7805
-7191
-6557
-5907
-5091
-4144
-3301
-2622
-1900
-997
-36
810
1553
2289
3009
3607
4032
4331
4567
4743
4844
4869
4833
4743
4571
4275
3843
3345
2892
2527
2185
1808
1413
1010
531
-46
-601
-978
-1155
-1252
-1361
-1486
-1613
-1742
-1837
-1814
-1607
-1222
-768
-381
-119
94
371
709
1023
1287
1563
1881
2160
2322
2384
2406
2409
2368
2278
2145
1935
1610
1131
361
-905
-2562
-3939
-4363
-4071
-4042
-4779
-5796
-6589
-7442
-8597
-9276
-8581
-7006
-6050
-6266
-6724
-6524
-5864
-5196
-4226
-2447
-250
1331
1882
2085
2847
4266
5748
6916
7990
9183
10169
10516
10424
10519
10972
11320
11185
10774
10421
10054
9375
8314
7090
5922
4830
3725
2555
1347
143
-1095
-2425
-3748
-4860
-5696
-6389
-7062
-7694
-8251
-8735
-9076
-9183
-9102
-8929
-8646
-8193
-7673
-7208
-6703
-5990
-5134
-4346
-3634
-2808
-1834
-918
-170
540
1308
2011
2527
2957
3422
3845
4095
4210
4271
4248
4098
3907
3732
3483
3098
2675
2293
1887
1411
968
618
238
-226
-643
-903
-1124
-1396
-1585
-1554
-1432
-1398
-1359
-1122
-754
-458
-236
52
451
941
1506
2005
2209
2168
2225
2507
2771
2879
3026
3289
3372
3053
2555
2184
1940
1584
816
-561
-2255
-3377
-3342
-2888
-3326
-4714
-5909
-6464
-7183
-8257
-8427
-7029
-5511
-5591
-6830
-7395
-6631
-5458
-4539
-3439
-1813
-303
272
155
505
2028
4105
5595
6258
6842
7771
8518
8659
8737
9408
10288
10484
9938
9408
9249
9021
8308
7302
6395
5652
4869
3891
2734
1496
208
-1170
-2530
-3520
-3943
-4195
-4894
-6108
-7296
-8035
-8383
-8437
-8131
-7638
-7438
-7728
-8113
-8083
-7523
-6603
-5536
-4557
-3892
-3514
-3129
-2497
-1600
-531
553
1382
1783
1952
2246
2742
3233
3638
4042
4370
4379
4063
3748
3612
3482
3189
2841
2566
2266
1814
1295
852
490
165
-93
-258
-393
-553
-737
-943
-1133
-1170
-996
-772
-642
-476
-128
216
295
291
616
1247
1748
1903
1922
1981
2025
2061
2253
2588
2808
2741
2461
2094
1680
1200
499
-645
-2007
-2767
-2502
-2067
-2710
-4331
-5646
-6110
-6470
-7069
-7005
-5856
-4926
-5551
-6975
-7307
-6097
-4593
-3712
-3042
-2035
-1063
-691
-577
230
2013
3897
4897
5120
5471
6322
7090
7344
7560
8284
9128
9312
8875
8509
8447
8195
7469
6658
6189
5901
5323
4318
3119
1946
807
-331
-1364
-2095
-2476
-2846
-3706
-5092
-6388
-7013
-7066
-7022
-7016
-6925
-6927
-7326
-7835
-7743
-6861
-5792
-5104
-4744
-4418
-4026
-3562
-2907
-2005
-990
-82
560
902
1127
1532
2154
2721
3050
3315
3623
3729
3470
3155
3129
3226
3110
2824
2617
2412
1964
1341
870
672
579
437
232
-25
-347
-662
-870
-913
-797
-570
-364
-327
-429
-471
-316
-5
387
791
1093
1153
1071
1120
1391
1687
1847
1954
2084
2147
2077
2012
2025
1940
1578
1047
502
-203
-1228
-2187
-2429
-2098
-2237
-3425
-4844
-5393
-5265
-5435
-5917
-5806
-5074
-4900
-5731
-6346
-5629
-4220
-3437
-3303
-2829
-1743
-810
-438
-17
1077
2521
3543
4031
4579
5516
6405
6753
6792
7141
7881
8423
8375
8030
7801
7593
7109
6462
6034
5831
5407
4487
3306
2271
1477
712
-209
-1230
-2134
-2775
-3290
-3967
-4862
-5680
-6137
-6316
-6461
-6565
-6499
-6410
-6557
-6803
-6682
-6039
-5257
-4715
-4372
-4006
-3550
-3027
-2415
-1696
-939
-250
260
572
881
1428
2104
2523
2617
2755
3069
3228
3079
2958
3073
3102
2812
2473
2334
2181
1768
1274
956
750
497
237
44
-129
-328
-499
-589
-608
-564
-503
-482
-474
-389
-249
-154
-56
175
490
712
827
940
1059
1172
1361
1599
1698
1675
1786
1996
1943
1623
1478
1573
1398
761
43
-584
-1317
-1931
-1897
-1570
-2024
-3376
-4466
-4639
-4597
-4920
-5081
-4658
-4323
-4720
-5268
-5018
-4070
-3261
-2891
-2523
-1830
-1007
-373
86
669
1574
2607
3388
3895
4488
5243
5722
5734
5799
6394
7144
7369
7065
6746
6567
6263
5798
5448
5252
4895
4170
3242
2388
1694
1068
362
-540
-1572
-2438
-2911
-3180
-3686
-4536
-5340
-5751
-5883
-5996
-6054
-5950
-5891
-6095
-6281
-5952
-5176
-4524
-4255
-4079
-3720
-3206
-2599
-1893
-1209
-708
-315
149
664
1143
1645
2139
2420
2472
2615
2975
3226
3139
2944
2866
2783
2595
2459
2405
2183
1704
1246
998
825
605
419
268
-3
-359
-523
-427
-360
-476
-572
-500
-408
-419
-358
-97
162
225
237
414
699
898
1006
1121
1237
1281
1286
1340
1445
1507
1476
1377
1221
1028
881
816
646
135
-631
-1219
-1393
-1409
-1641
-2107
-2619
-3146
-3720
-4133
-4128
-3851
-3750
-4001
-4281
-4258
-3956
-3594
-3244
-2836
-2348
-1847
-1369
-860
-273
364
983
1572
2189
2880
3544
4021
4304
4591
5027
5506
5825
5955
5984
5913
5695
5409
5204
5047
4758
4258
3657
3066
2496
1935
1386
810
118
-716
-1553
-2145
-2390
-2562
-3063
-3882
-4547
-4751
-4736
-4828
-4956
-4945
-4925
-5041
-5057
-4687
-4125
-3789
-3688
-3496
-3072
-2568
-2087
-1603
-1162
-839
-525
-64
490
933
1219
1465
1713
1923
2133
2376
2533
2490
2352
2313
2342
2274
2096
1919
1731
1462
1201
1067
964
729
431
255
170
16
-173
-240
-229
-304
-418
-390
-246
-181
-227
-216
-76
107
247
357
442
502
582
707
832
913
974
1020
1023
1034
1125
1204
1110
875
724
726
716
543
168
-390
-965
-1239
-1160
-1161
-1600
-2230
-2652
-2931
-3258
-3394
-3117
-2857
-3125
-3612
-3639
-3211
-2874
-2738
-2438
-1910
-1478
-1214
-866
-347
190
688
1217
1790
2372
2910
3289
3457
3634
4044
4543
4823
4889
4934
4924
4721
4457
4354
4309
4051
3569
3081
2645
2165
1655
1184
649
-78
-822
-1250
-1398
-1701
-2379
-3131
-3574
-3721
-3816
-3919
-3987
-4095
-4327
-4529
-4439
-4065
-3690
-3505
-3427
-3265
-2963
-2581
-2190
-1786
-1366
-984
-672
-349
62
483
776
989
1287
1666
1946
2055
2111
2192
2249
2257
2267
2265
2175
1993
1769
1543
1361
1253
1139
909
612
399
265
99
-70
-129
-129
-234
-405
-455
-399
-406
-473
-428
-243
-98
-82
-103
-69
19
146
291
419
516
615
717
783
825
872
891
860
861
953
1009
888
607
257
-120
-437
-561
-571
-739
-1146
-1581
-1944
-2351
-2729
-2778
-2535
-2475
-2811
-3141
-3101
-2904
-2868
-2813
-2428
-1867
-1524
-1404
-1171
-712
-229
178
651
1282
1928
2356
2535
2688
3042
3548
3949
4157
4317
4485
4496
4306
4145
4172
4199
3994
3621
3252
2881
2415
1915
1512
1179
766
168
-560
-1215
-1597
-1748
-1993
-2529
-3127
-3472
-3622
-3823
-4021
-4025
-3950
-4056
-4234
-4152
-3831
-3585
-3481
-3296
-2936
-2540
-2188
-1846
-1500
-1143
-740
-319
69
453
885
1231
1371
1476
1782
2159
2317
2297
2332
2404
2322
2156
2109
2111
1947
1662
1456
1313
1079
780
568
459
337
150
-71
-269
-398
-461
-503
-528
-489
-461
-559
-687
-601
-336
-211
-298
-312
-99
140
241
287
363
444
575
818
1048
1098
1046
1053
1071
1028
1038
1157
1179
962
652
317
-150
-585
-631
-417
-565
-1234
-1878
-2172
-2398
-2696
-2747
-2520
-2496
-2846
-3132
-3076
-2914
-2820
-2598
-2176
-1787
-1547
-1311
-1021
-748
-398
174
846
1368
1723
2043
2335
2580
2908
3397
3868
4113
4167
4177
4166
4110
4069
4074
3998
3742
3375
3009
2614
2154
1728
1391
999
404
-268
-784
-1133
-1505
-1967
-2406
-2770
-3119
-3455
-3669
-3739
-3802
-3939
-4040
-3982
-3811
-3637
-3478
-3290
-3054
-2755
-2382
-1981
-1621
-1300
-937
-539
-181
152
548
971
1262
1421
1617
1881
2069
2138
2229
2356
2366
2237
2125
2069
1956
1757
1583
1456
1259
962
671
466
295
105
-101
-310
-519
-680
-720
-697
-792
-1016
-1118
-958
-758
-751
-772
-589
-357
-326
-332
-69
323
499
498
624
871
1010
1067
1214
1383
1412
1377
1395
1359
1199
1092
1136
1087
740
266
-87
-298
-464
-663
-981
-1412
-1781
-2037
-2369
-2764
-2867
-2646
-2636
-3068
-3372
-3106
-2740
-2787
-2889
-2471
-1801
-1495
-1455
-1143
-541
-82
189
618
1291
1885
2213
2417
2718
3122
3516
3812
4004
4179
4321
4358
4233
4087
4008
3929
3697
3356
3013
2652
2202
1685
1240
839
414
-135
-764
-1377
-1786
-2010
-2285
-2754
-3247
-3505
-3644
-3805
-3923
-3822
-3720
-3797
-3908
-3748
-3403
-3132
-2921
-2629
-2246
-1924
-1617
-1286
-917
-559
-153
241
560
837
1153
1436
1577
1691
1911
2166
2245
2209
2196
2208
2094
1909
1797
1734
1579
1315
1065
853
652
433
230
29
-158
-314
-464
-640
-779
-807
-795
-830
-833
-703
-568
-586
-653
-537
-270
-43
121
305
436
432
484
767
1061
1081
1009
1182
1447
1434
1240
1233
1357
1269
1005
908
959
851
555
241
-134
-637
-974
-943
-910
-1297
-1901
-2300
-2559
-2887
-3079
-2933
-2797
-3032
-3353
-3312
-3053
-2944
-2892
-2574
-2060
-1660
-1399
-1085
-673
-241
225
785
1402
1963
2377
2627
2832
3172
3652
4060
4265
4360
4424
4384
4222
4111
4111
4039
3763
3401
3062
2663
2142
1622
1216
852
444
5
-470
-1059
-1746
-2321
-2578
-2599
-2713
-3129
-3662
-3979
-4035
-4024
-3990
-3822
-3606
-3571
-3645
-3503
-3083
-2664
-2376
-2045
-1610
-1220
-940
-653
-296
93
512
935
1240
1404
1561
1757
1877
1940
2115
2350
2367
2127
1922
1886
1831
1654
1489
1389
1213
909
612
403
231
74
-54
-182
-344
-501
-619
-718
-774
-722
-614
-578
-614
-585
-460
-344
-256
-98
120
269
335
434
594
729
829
975
1130
1169
1126
1144
1234
1267
1200
1130
1092
1011
856
673
495
301
86
-108
-250
-436
-815
-1346
-1719
-1760
-1730
-1981
-2403
-2635
-2710
-2938
-3229
-3157
-2786
-2679
-2945
-3012
-2601
-2197
-2138
-2030
-1480
-816
-497
-349
45
624
1053
1346
1776
2364
2828
3025
3131
3343
3643
3887
4000
4038
4050
3989
3818
3614
3457
3292
3031
2699
2356
1987
1570
1157
771
369
-41
-413
-806
-1285
-1703
-1908
-2057
-2405
-2832
-3021
-3013
-3102
-3303
-3350
-3223
-3169
-3225
-3147
-2868
-2613
-2500
-2360
-2058
-1695
-1394
-1130
-840
-536
-238
46
315
580
863
1118
1260
1329
1459
1632
1699
1657
1650
1690
1637
1465
1315
1221
1100
931
780
649
488
322
193
70
-78
-183
-204
-219
-285
-333
-310
-276
-273
-254
-189
-118
-45
60
188
285
330
358
419
542
668
717
715
760
837
840
792
792
784
684
581
605
633
515
360
288
182
-22
-156
-153
-232
-466
-629
-670
-843
-1199
-1432
-1428
-1431
-1622
-1862
-2013
-2081
-2129
-2201
-2309
-2318
-2111
-1901
-1958
-2076
-1832
-1372
-1186
-1212
-911
-297
55
46
212
749
1200
1350
1552
1992
2371
2466
2512
2725
2996
3150
3197
3218
3217
3195
3132
3005
2835
2683
2518
2239
1890
1583
1310
941
463
73
-134
-345
-828
-1449
-1759
-1667
-1685
-2180
-2696
-2693
-2453
-2553
-2835
-2760
-2463
-2461
-2653
-2525
-2101
-1865
-1869
-1750
-1398
-1080
-928
-808
-591
-292
-4
195
312
454
640
778
834
919
1080
1179
1138
1061
1065
1094
1041
940
877
849
777
644
523
453
380
268
158
106
76
-2
-115
-189
-181
-143
-142
-186
-218
-179
-72
32
78
104
166
255
316
375
498
657
727
685
644
693
770
771
724
701
695
635
525
419
333
245
183
159
97
-40
-189
-286
-350
-435
-509
-555
-630
-774
-935
-1054
-1156
-1275
-1371
-1440
-1558
-1709
-1739
-1655
-1703
-1950
-2036
-1734
-1390
-1408
-1561
-1387
-995
-815
-796
-506
11
289
279
426
873
1263
1401
1522
1806
2087
2217
2291
2423
2556
2622
2640
2637
2610
2559
2478
2332
2142
1982
1857
1655
1324
1005
806
617
285
-87
-297
-435
-773
-1230
-1418
-1322
-1391
-1784
-2087
-2031
-1926
-2030
-2114
-1993
-1884
-1953
-1980
-1809
-1593
-1473
-1366
-1215
-1081
-949
-768
-578
-435
-281
-83
73
159
272
444
564
591
632
743
836
816
747
739
766
729
626
546
510
437
312
209
161
117
36
-74
-169
-218
-224
-225
-247
-271
-278
-261
-220
-155
-77
7
100
202
287
365
453
541
618
693
768
817
841
870
891
878
851
842
825
752
634
525
448
377
287
167
29
-81
-138
-184
-280
-404
-479
-493
-529
-623
-703
-712
-706
-746
-782
-749
-705
-744
-837
-895
-887
-833
-776
-778
-864
-935
-914
-882
-905
-894
-791
-732
-803
-838
-704
-559
-564
-567
-399
-179
-77
-14
121
254
328
434
634
824
933
1003
1053
1083
1162
1345
1535
1639
1701
1745
1731
1684
1722
1834
1858
1746
1601
1466
1262
1012
855
803
686
411
92
-130
-256
-369
-485
-562
-630
-737
-851
-895
-890
-917
-966
-979
-967
-983
-1021
-1026
-1014
-1006
-987
-946
-902
-872
-831
-773
-711
-647
-584
-537
-520
-508
-467
-421
-407
-428
-457
-474
-485
-485
-459
-421
-392
-375
-340
-260
-155
-59
34
147
259
343
416
493
565
631
691
710
659
619
695
775
700
539
503
598
614
505
457
514
513
387
306
392
483
423
295
247
265
236
159
123
144
139
51
-63
-109
-83
-66
-113
-161
-159
-160
-221
-289
-288
-259
-289
-353
-383
-391
-403
-427
-441
-433
-426
-428
-460
-497
-479
-424
-439
-544
-607
-565
-539
-608
-669
-633
-588
-611
-621
-550
-461
-401
-323
-184
-32
87
211
368
515
634
763
910
1023
1088
1160
1255
1309
1307
1322
1377
1406
1382
1360
1366
1348
1295
1237
1190
1137
1063
959
825
680
556
439
290
124
-19
-143
-295
-460
-582
-661
-756
-878
-967
-1018
-1076
-1156
-1218
-1239
-1230
-1220
-1232
-1272
-1315
-1331
-1324
-1318
-1332
-1350
-1366
-1381
-1381
-1344
-1270
-1186
-1113
-1032
-924
-794
-663
-543
-414
-275
-147
-47
43
139
225
285
345
431
528
604
654
704
779
883
1004
1112
1178
1205
1229
1284
1353
1388
1357
1280
1198
1139
1093
1033
940
824
721
654
617
578
514
433
367
342
340
314
245
167
111
76
46
-5
-77
-146
-184
-201
-231
-280
-316
-344
-383
-426
-447
-455
-483
-534
-585
-595
-583
-588
-636
-689
-696
-661
-639
-656
-678
-673
-654
-637
-618
-590
-568
-566
-575
-566
-523
-470
-457
-481
-482
-419
-331
-284
-267
-223
-140
-57
13
94
181
238
269
330
424
499
530
554
596
645
692
744
794
814
805
810
848
882
872
827
777
738
705
670
629
576
517
467
419
375
345
331
300
230
164
138
129
79
-7
-82
-125
-167
-228
-298
-359
-410
-455
-506
-555
-597
-634
-677
-723
-748
-747
-755
-797
-841
-836
-789
-755
-758
-755
-715
-664
-616
-560
-486
-428
-408
-384
-312
-217
-155
-135
-114
-71
-25
15
63
115
145
144
158
225
303
332
311
309
360
425
451
442
434
436
437
438
458
485
474
423
378
391
441
459
422
380
380
406
419
412
413
419
400
361
345
368
382
344
277
234
232
227
186
126
90
69
24
-42
-76
-72
-97
-182
-266
-285
-275
-309
-379
-426
-451
-494
-545
-554
-525
-529
-588
-646
-647
-606
-568
-552
-554
-562
-564
-549
-496
-419
-359
-353
-373
-353
-268
-168
-98
-57
-16
26
71
146
248
336
377
393
421
470
530
583
618
630
627
627
638
661
671
661
637
603
575
566
567
545
490
424
383
362
334
283
223
168
119
71
28
-6
-42
-102
-171
-217
-241
-267
-306
-347
-387
-431
-463
-481
-498
-522
-543
-565
-598
-626
-626
-622
-623
-619
-629
-657
-666
-635
-599
-590
-572
-555
-557
-545
-486
-424
-400
-369
-318
-284
-247
-162
-69
-20
12
72
154
230
301
366
437
503
536
552
604
697
773
789
763
737
750
818
879
844
750
695
680
656
648
672
624
451
295
293
368
359
224
64
-22
-36
-39
-51
-85
-176
-284
-332
-351
-309
-152
-161
-563
-781
-278
169
-303
-853
-454
72
-298
-704
-234
158
-376
-793
-260
209
-188
-602
-316
-9
-252
-463
-180
42
-261
-534
-269
26
-168
-380
-186
-49
-252
-315
-50
59
-131
-196
0
98
-4
11
187
209
89
152
355
377
261
288
423
459
424
452
496
481
469
507
508
466
471
500
445
361
378
438
387
275
261
302
245
138
128
156
80
-38
-59
-44
-121
-233
-262
-250
-301
-392
-446
-467
-510
-559
-574
-576
-618
-678
-684
-656
-657
-680
-678
-663
-658
-640
-600
-572
-553
-514
-446
-388
-361
-325
-249
-160
-104
-74
-22
52
105
136
173
220
276
331
369
387
413
473
533
557
568
594
603
579
580
636
666
605
521
500
525
533
513
477
425
376
361
374
375
335
258
187
166
191
195
135
52
14
23
32
18
-19
-57
-79
-90
-100
-105
-121
-164
-221
-238
-213
-192
-221
-295
-350
-330
-268
-243
-279
-343
-391
-386
-334
-285
-284
-322
-377
-425
-414
-318
-234
-266
-366
-408
-364
-308
-276
-251
-243
-276
-319
-309
-233
-152
-116
-115
-119
-115
-87
-19
74
152
176
157
152
207
290
341
355
370
382
376
386
429
465
453
432
436
432
395
365
354
335
299
274
247
188
128
113
120
102
63
28
-11
-57
-75
-63
-70
-107
-141
-158
-171
-181
-170
-145
-146
-169
-177
-164
-165
-179
-176
-157
-152
-169
-185
-179
-159
-140
-124
-116
-123
-142
-141
-113
-99
-123
-155
-163
-169
-173
-146
-107
-108
-143
-154
-124
-82
-56
-40
-32
-22
-8
22
71
128
163
170
163
179
224
260
263
242
219
218
230
229
197
147
127
135
132
106
75
44
1
-22
-1
25
7
-38
-61
-61
-53
-34
-19
-24
-12
32
37
-26
-58
21
115
110
56
43
40
9
25
121
172
80
-52
-70
11
76
77
35
-31
-84
-69
-7
28
-6
-76
-128
-143
-106
-54
-59
-131
-183
-160
-105
-91
-107
-115
-120
-131
-127
-103
-72
-68
-87
-101
-95
-70
-38
-18
-12
-12
-12
-7
8
32
48
45
29
21
29
44
49
41
26
32
47
49
32
23
29
33
22
16
26
30
18
-1
-3
11
28
33
32
38
50
51
46
56
80
86
67
53
57
55
47
38
31
22
14
13
11
4
-2
-4
-8
-11
-10
-8
-12
-18
-20
-18
-17
-20
-21
-28
-30
-31
-32
-31
-24
-15
-17
-24
-19
-5
-2
-8
-11
-10
-21
-33
-32
-24
-30
-43
-43
-38
-33
-34
-28
-18
-12
-12
-7
-1
9
17
21
16
12
15
24
30
25
18
17
23
27
25
22
25
30
31
32
27
22
24
25
27
22
11
1
-3
6
14
11
-3
-7
-2
6
6
3
3
2
5
5
2
0
3
4
-5
-14
-16
-16
-25
-33
-30
-25
-27
-30
-23
-15
-12
-13
-7
-5
-2
2
0
-3
-1
7
10
3
-4
-6
-7
-7
-2
-1
-5
-8
-6
-1
1
3
4
1
-3
0
5
6
3
5
2
-1
-6
-3
1
4
2
-3
-3
2
10
12
10
8
11
15
16
15
15
15
14
17
16
9
1
-2
-5
-9
-13
-16
-18
-16
-12
-11
-13
-14
-10
-3
0
0
2
1
0
1
7
10
5
2
3
6
9
10
10
4
1
4
3
-2
-7
-5
-4
-6
-10
-7
-2
1
0
-2
-5
-4
-4
-3
-2
-3
-3
-4
-7
-7
-6
-6
-7
-10
-12
-11
