1
2
2
3
2
2
1
-1
-2
-3
-2
-1
-1
1
-1
-3
-4
-4
-4
-2
0
1
0
1
0
0
1
2
3
2
2
3
3
5
6
5
2
1
-1
0
-1
-2
-3
-1
-1
-1
2
1
-1
0
-3
-5
-7
-8
-6
-4
-5
-4
-1
0
1
0
0
0
1
0
0
0
0
0
3
6
6
6
6
8
8
5
2
0
-1
-1
0
-1
-3
-3
-1
-1
0
2
2
1
0
2
4
1
-6
-5
-2
-2
-4
-1
-1
-4
-6
-5
-1
-3
-4
-4
-2
0
2
1
-2
-2
-3
-3
-6
-7
-5
-3
-2
-4
-2
0
0
0
4
4
4
4
3
5
5
7
5
7
8
12
13
11
12
11
11
12
9
9
10
7
5
3
-1
-2
-5
-5
-6
-4
-4
-3
-4
-2
0
0
0
-4
-5
-3
-1
-1
-2
-5
-8
-7
-5
-5
-5
-4
-1
-4
-7
-6
-4
-3
-5
-1
2
1
0
2
2
0
-2
0
-4
-6
-6
-4
-2
-3
-4
-3
-2
-4
-5
-6
-8
-9
-10
-8
-6
-7
-6
-6
-4
-2
-1
2
2
1
4
6
9
10
9
7
7
6
6
6
5
4
4
2
0
-6
-14
-17
-24
-26
-31
-32
-31
-41
-52
-48
-46
-43
-49
-53
-40
-34
-27
-16
-2
7
17
33
51
68
78
88
107
119
136
165
178
189
191
199
229
234
225
216
204
218
224
210
189
162
163
173
158
126
105
111
123
90
60
75
95
76
27
21
62
60
7
-20
8
19
-31
-83
-72
-32
-53
-136
-195
-164
-98
-112
-227
-296
-239
-154
-185
-290
-301
-217
-189
-254
-278
-212
-169
-216
-255
-206
-145
-163
-213
-209
-177
-178
-221
-261
-267
-277
-319
-387
-444
-466
-490
-557
-646
-698
-702
-723
-799
-875
-890
-865
-879
-923
-930
-891
-855
-852
-835
-770
-701
-659
-618
-543
-449
-372
-302
-219
-120
-15
90
195
303
420
553
688
807
936
1085
1236
1378
1512
1659
1807
1937
2062
2182
2285
2366
2451
2530
2573
2572
2551
2543
2518
2444
2341
2223
2084
1931
1766
1593
1396
1160
917
690
467
229
-13
-243
-485
-740
-961
-1125
-1287
-1500
-1716
-1858
-1935
-2024
-2140
-2234
-2294
-2350
-2401
-2412
-2393
-2395
-2421
-2430
-2417
-2381
-2283
-2157
-2133
-2216
-2178
-1897
-1623
-1619
-1716
-1591
-1292
-1114
-1074
-947
-709
-566
-554
-458
-178
112
206
156
194
427
690
751
666
687
846
924
819
741
829
877
695
435
388
519
491
138
-289
-351
-8
212
-122
-602
-471
191
548
325
303
911
1488
1491
1461
2015
2695
2811
2628
2811
3268
3438
3263
3154
3249
3316
3227
3047
2843
2663
2556
2452
2215
1903
1690
1532
1238
835
553
407
170
-238
-613
-821
-978
-1233
-1524
-1712
-1802
-1917
-2108
-2281
-2365
-2434
-2582
-2729
-2789
-2905
-3202
-3465
-3476
-3482
-3779
-4094
-4038
-3865
-3975
-4112
-3844
-3399
-3211
-3090
-2669
-2114
-1725
-1398
-969
-553
-227
112
459
706
922
1217
1495
1664
1829
2082
2305
2437
2596
2826
2997
3030
3030
3072
3077
2985
2856
2751
2622
2420
2208
2032
1846
1636
1477
1366
1225
1066
964
869
697
532
467
392
238
145
118
-88
-460
-592
-395
-329
-623
-886
-825
-697
-747
-842
-842
-822
-802
-729
-687
-739
-751
-662
-650
-743
-716
-554
-541
-785
-1088
-1288
-1367
-1385
-1555
-2026
-2540
-2693
-2634
-2850
-3232
-3216
-2824
-2658
-2786
-2619
-2004
-1488
-1291
-974
-317
298
613
854
1217
1597
1905
2196
2463
2652
2821
3029
3186
3236
3300
3453
3573
3559
3474
3402
3295
3102
2854
2613
2379
2117
1812
1492
1176
881
636
387
33
-286
-237
30
-189
-980
-1382
-929
-558
-1048
-1680
-1627
-1387
-1654
-2038
-1972
-1781
-1908
-2107
-2072
-1964
-1963
-1989
-2003
-2021
-1937
-1777
-1786
-1971
-1997
-1744
-1529
-1531
-1526
-1335
-1093
-958
-850
-630
-344
-118
25
158
328
506
635
725
831
966
1049
1041
1008
1044
1146
1223
1222
1186
1209
1282
1308
1277
1272
1316
1306
1197
1089
1057
1026
895
725
668
739
771
649
493
484
613
708
697
639
597
580
558
507
474
517
552
413
198
196
353
252
-170
-431
-326
-323
-780
-1350
-1629
-1821
-2244
-2707
-2921
-3077
-3454
-3843
-3917
-3798
-3779
-3771
-3525
-3108
-2754
-2441
-1995
-1432
-901
-424
104
686
1210
1606
1934
2305
2720
3078
3341
3574
3817
3995
4064
4105
4170
4199
4129
4004
3869
3676
3381
3035
2712
2397
2046
1691
1366
1036
656
281
-2
-212
-428
-624
-740
-834
-986
-1145
-1278
-1495
-1757
-1775
-1579
-1701
-2297
-2716
-2574
-2468
-2886
-3252
-3006
-2692
-2983
-3461
-3403
-2991
-2824
-2880
-2771
-2509
-2349
-2290
-2164
-1909
-1558
-1201
-991
-919
-737
-343
5
139
305
717
1134
1300
1398
1675
2009
2174
2247
2379
2507
2532
2541
2571
2508
2365
2320
2368
2312
2122
1984
1949
1863
1696
1563
1475
1324
1080
842
665
520
378
229
74
-72
-180
-242
-287
-322
-323
-298
-295
-331
-344
-253
-101
-45
-156
-241
-97
134
140
-44
-87
15
-92
-409
-521
-390
-532
-1098
-1565
-1672
-1861
-2396
-2865
-2993
-3134
-3563
-3962
-4048
-4022
-4086
-4088
-3898
-3616
-3322
-2969
-2579
-2196
-1717
-1097
-496
-17
489
1098
1652
2067
2484
2985
3459
3840
4184
4489
4707
4880
5045
5139
5138
5136
5129
4973
4671
4386
4143
3795
3323
2881
2509
2089
1577
1069
632
234
-154
-484
-761
-1052
-1365
-1638
-1866
-2085
-2249
-2353
-2468
-2582
-2693
-2989
-3463
-3531
-2943
-2654
-3430
-4207
-3703
-2786
-3035
-3861
-3653
-2761
-2636
-3055
-2830
-2171
-2013
-2121
-1797
-1279
-1047
-913
-695
-563
-390
88
542
564
542
964
1471
1564
1544
1876
2306
2417
2399
2572
2750
2686
2562
2605
2673
2590
2469
2390
2237
2032
1951
1950
1828
1631
1539
1470
1256
1026
952
895
666
405
318
274
50
-271
-421
-385
-406
-592
-772
-780
-692
-676
-752
-787
-718
-612
-529
-458
-413
-434
-457
-421
-413
-484
-506
-458
-605
-1022
-1322
-1314
-1392
-1824
-2232
-2318
-2458
-2919
-3269
-3219
-3190
-3481
-3653
-3387
-3103
-3146
-3135
-2708
-2170
-1874
-1604
-1062
-409
64
427
919
1526
2059
2469
2874
3339
3778
4085
4292
4532
4821
5027
5103
5143
5190
5131
4932
4720
4552
4311
3934
3544
3188
2748
2199
1691
1283
852
361
-79
-437
-818
-1255
-1650
-1953
-2218
-2484
-2722
-2927
-3116
-3279
-3463
-3776
-4099
-4091
-3811
-3835
-4282
-4454
-4054
-3789
-4029
-4038
-3424
-2913
-2946
-2888
-2354
-1863
-1673
-1384
-898
-548
-313
25
297
380
609
1078
1357
1346
1493
1879
2064
1983
2073
2419
2626
2568
2541
2653
2682
2562
2490
2518
2467
2285
2122
2017
1860
1666
1553
1481
1334
1165
1058
925
717
577
560
484
307
210
201
50
-210
-289
-180
-187
-359
-453
-438
-513
-643
-607
-449
-407
-487
-511
-458
-388
-284
-230
-377
-604
-607
-477
-634
-1132
-1601
-1876
-2106
-2310
-2481
-2874
-3508
-3854
-3668
-3523
-3864
-4145
-3800
-3281
-3213
-3290
-2910
-2285
-1939
-1745
-1265
-582
-82
209
551
1068
1691
2283
2743
3137
3628
4201
4640
4905
5189
5552
5824
5938
5992
5973
5793
5525
5285
4988
4541
4074
3698
3256
2628
1998
1527
1091
545
12
-382
-750
-1234
-1764
-2198
-2546
-2907
-3278
-3610
-3894
-4143
-4348
-4600
-4983
-5247
-5067
-4713
-4776
-5079
-4912
-4359
-4200
-4360
-3961
-3067
-2659
-2805
-2576
-1796
-1229
-1052
-733
-177
239
525
898
1232
1419
1696
2120
2380
2418
2545
2799
2897
2842
2918
3110
3122
2913
2749
2715
2637
2440
2252
2124
1977
1803
1643
1456
1236
1085
1028
931
751
615
532
358
119
15
29
-45
-189
-236
-233
-341
-461
-418
-378
-506
-546
-295
-88
-248
-460
-342
-108
-63
-14
211
299
110
15
153
128
-217
-479
-463
-490
-849
-1499
-2225
-2639
-2503
-2350
-2987
-4073
-4394
-3882
-3835
-4667
-5148
-4571
-3928
-4091
-4398
-3995
-3264
-2928
-2782
-2204
-1225
-371
126
513
1121
1999
2896
3577
4140
4822
5554
6056
6312
6569
6904
7183
7358
7448
7359
7061
6733
6446
6024
5428
4912
4513
3919
3022
2164
1550
931
108
-708
-1313
-1862
-2540
-3257
-3862
-4347
-4748
-5052
-5277
-5483
-5653
-5763
-5837
-5891
-5850
-5653
-5364
-5073
-4785
-4492
-4288
-4254
-4176
-3654
-2651
-1746
-1479
-1639
-1554
-944
-123
538
983
1331
1626
1831
1963
2143
2464
2806
2983
2990
2972
2952
2823
2609
2498
2574
2680
2617
2351
2014
1753
1617
1570
1545
1487
1363
1168
954
750
568
451
445
496
478
339
138
-44
-133
-82
48
125
99
30
-19
-16
49
98
41
-19
98
282
250
51
-2
108
178
241
385
387
161
102
384
490
96
-337
-444
-563
-988
-1525
-2125
-2856
-3289
-3122
-3218
-4382
-5633
-5541
-4759
-4991
-5976
-5988
-4952
-4489
-4971
-5000
-3958
-2881
-2498
-2173
-1222
46
972
1476
2021
2999
4242
5219
5749
6225
6910
7506
7774
7960
8262
8452
8391
8253
8037
7535
6884
6418
5984
5194
4231
3532
2921
1912
669
-223
-763
-1475
-2456
-3288
-3826
-4356
-5031
-5635
-5989
-6176
-6320
-6427
-6466
-6444
-6355
-6192
-5974
-5675
-5222
-4654
-4113
-3625
-3190
-2925
-2728
-2141
-1085
-261
-108
-21
550
1108
1190
1329
1961
2510
2510
2411
2542
2543
2288
2197
2329
2290
2080
1960
1783
1356
1011
1053
1157
994
809
839
851
661
512
574
671
673
694
763
761
696
681
687
655
697
865
943
799
651
694
782
735
642
609
528
376
342
462
454
186
-51
14
198
169
-57
-207
-150
29
213
266
114
-92
-80
132
252
177
-25
-431
-1064
-1529
-1661
-2113
-3254
-4114
-3842
-3518
-4584
-6144
-6263
-5294
-5290
-6338
-6424
-5082
-4199
-4683
-5001
-3921
-2395
-1671
-1334
-344
1176
2325
2866
3429
4466
5681
6582
7194
7838
8472
8778
8779
8826
8952
8880
8623
8403
8046
7208
6139
5382
4803
3848
2612
1697
1060
46
-1393
-2565
-3196
-3801
-4667
-5426
-5816
-6125
-6605
-7055
-7210
-7107
-6886
-6578
-6182
-5734
-5280
-4832
-4334
-3726
-3054
-2376
-1668
-940
-338
93
460
716
750
893
1536
2236
2183
1543
1236
1421
1455
1176
1008
965
755
471
319
150
-125
-252
-195
-226
-311
-199
-31
-113
-252
-71
346
666
849
1026
1195
1351
1549
1780
2010
2274
2532
2602
2472
2352
2332
2284
2157
2030
1908
1713
1436
1114
758
439
257
177
17
-281
-565
-701
-736
-784
-848
-830
-709
-579
-535
-496
-330
-121
-54
-34
193
587
835
782
454
-152
-823
-1249
-1696
-2873
-4410
-4868
-4129
-4171
-5964
-7530
-7128
-6245
-6909
-7925
-7056
-5181
-4818
-5699
-5352
-3348
-1698
-1224
-521
1280
3173
4179
4768
5765
7067
8106
8816
9559
10369
10820
10693
10324
10076
9814
9323
8792
8343
7545
6121
4616
3568
2575
1106
-394
-1307
-2038
-3307
-4825
-5810
-6331
-6991
-7690
-7847
-7560
-7448
-7603
-7567
-7177
-6664
-6060
-5203
-4174
-3263
-2527
-1796
-1009
-256
461
1237
2023
2642
3040
3201
2909
2163
1699
2234
3130
2915
1404
-9
-409
-427
-749
-1102
-1254
-1642
-2433
-3035
-3072
-2892
-2815
-2752
-2608
-2408
-2006
-1372
-891
-751
-494
299
1316
2080
2612
3035
3231
3256
3542
4223
4836
4990
4802
4491
4078
3637
3367
3229
2929
2362
1694
1058
462
-57
-470
-861
-1260
-1540
-1642
-1746
-1994
-2285
-2418
-2263
-1795
-1183
-815
-866
-967
-622
150
842
1094
1040
1128
1588
2094
2127
1723
1446
1356
832
-197
-952
-1380
-2605
-4751
-6048
-5631
-5338
-6804
-8649
-8858
-8173
-8441
-9136
-8441
-6699
-5843
-6013
-5424
-3450
-1426
-271
740
2425
4408
5976
7139
8298
9477
10350
10864
11332
11916
12312
12154
11539
10785
9933
8907
7890
7016
5909
4244
2415
957
-343
-1935
-3527
-4567
-5298
-6301
-7388
-7942
-8078
-8383
-8769
-8634
-7909
-7110
-6425
-5591
-4572
-3622
-2759
-1723
-466
754
1746
2562
3282
3854
4205
4398
4543
4599
4410
3930
3304
2647
1910
995
-9
-881
-1629
-2698
-4327
-5865
-6490
-6569
-7150
-8048
-8023
-7027
-6423
-6521
-6051
-4506
-2949
-1978
-850
825
2352
3286
4043
4958
5861
6630
7255
7560
7518
7415
7325
6946
6275
5743
5432
4895
3953
3019
2343
1613
642
-238
-770
-1220
-1827
-2380
-2706
-3004
-3389
-3545
-3262
-2801
-2410
-1986
-1426
-840
-270
407
1135
1711
2150
2624
3066
3212
3127
3217
3496
3384
2583
1717
1384
1116
166
-1308
-2930
-5326
-8761
-11378
-11201
-9503
-9467
-11487
-12993
-12908
-12870
-13385
-12357
-9028
-5882
-4868
-4438
-2356
741
2920
4230
6243
9213
11837
13463
14678
15796
16197
15556
14716
14589
14958
14854
13775
11921
9491
6666
4027
2175
883
-647
-2582
-4441
-6157
-8076
-9953
-10994
-11156
-11172
-11181
-10546
-9211
-8064
-7515
-6876
-5547
-3799
-2005
-22
2169
3978
4931
5302
5678
6246
6831
7321
7643
7577
6889
5660
4204
2596
629
-1450
-2773
-3086
-3575
-5322
-7505
-8770
-9622
-11161
-12197
-10837
-8270
-7421
-8179
-7914
-6185
-4843
-4025
-2076
854
2943
3873
4790
5946
6740
7220
7696
8012
8223
8647
8845
8029
6537
5366
4562
3587
2699
2429
2244
1196
-501
-1844
-2510
-2938
-3239
-3151
-2838
-2755
-2897
-2874
-2595
-2209
-1634
-783
126
907
1660
2342
2690
2788
3054
3555
3999
4266
4389
4170
3523
2860
2542
2331
1864
1316
1023
720
-152
-1414
-2311
-2670
-3234
-4424
-5761
-7361
-10148
-13645
-15150
-13222
-10672
-10673
-12198
-12142
-10644
-10298
-10400
-7972
-3240
100
715
1748
4949
8211
9387
9639
11226
13561
15047
15525
15975
16437
15549
13215
10714
9282
8755
7922
6457
4403
1919
-830
-3426
-5143
-6259
-7167
-7867
-8241
-8458
-8914
-9023
-8365
-7507
-6920
-6074
-4048
-1485
348
1489
2654
3889
4514
4830
5837
7316
8219
7993
7258
6423
5207
3690
2298
1272
162
-1267
-2818
-4262
-5607
-7091
-8501
-9650
-10250
-10753
-11489
-11968
-11679
-10253
-8782
-7544
-6421
-5032
-3040
-1275
634
2499
4469
6089
6771
7545
8251
8931
8858
8197
7750
7017
6382
5480
4582
3665
2375
1244
2
-795
-1217
-1536
-1796
-2318
-2519
-2525
-2338
-1989
-1663
-1105
-625
-148
306
772
1374
1797
2165
2441
2729
3060
3264
3380
3225
3010
2795
2459
2046
1660
1430
1040
442
-43
-416
-796
-1074
-973
-808
-1139
-1618
-1762
-1774
-2042
-2386
-2433
-2667
-3405
-4692
-6998
-10122
-12251
-11445
-9236
-8665
-9452
-9217
-7879
-7897
-8807
-7383
-3516
-376
498
1653
4728
7706
8803
8811
9671
11210
12163
12610
13216
14097
13989
12159
9529
7402
6336
5448
4197
2875
1537
-65
-2158
-4058
-5324
-6277
-6982
-7303
-7090
-6619
-5929
-4882
-4071
-3787
-3456
-2262
-418
1175
2606
4170
5408
5598
5026
4851
5108
5068
4527
3952
3512
2613
1213
-246
-1575
-2959
-4468
-5720
-6468
-6841
-7132
-7502
-7932
-8292
-8472
-8248
-7758
-7629
-7807
-7251
-5115
-2573
-1038
-48
1163
2265
2521
3024
4705
6380
6884
6452
6282
6211
5768
5146
4370
3533
2555
1793
1255
806
547
63
-781
-1698
-1900
-1312
-725
-359
-67
320
464
361
652
1351
1955
2014
1951
2232
2513
2563
2400
2239
1945
1459
1216
1226
1279
1056
568
9
-571
-765
-604
-390
-342
-370
-243
-276
-475
-535
-291
102
380
535
445
-16
-598
-1102
-1728
-2809
-4910
-8077
-11262
-12544
-11365
-10093
-10202
-10639
-9968
-9191
-9678
-9285
-6361
-2552
-551
281
2879
6657
9313
10179
10829
12152
12874
13002
13413
14513
15256
14179
11735
8998
6971
5510
3862
2147
514
-987
-2751
-4667
-5954
-6722
-7432
-8282
-8737
-8284
-7124
-5441
-3738
-2521
-1739
-933
293
1644
3079
4797
6353
7042
6799
6527
6528
6135
5002
3677
2680
1596
177
-1205
-2226
-3513
-5601
-7907
-9546
-10052
-10088
-10075
-10119
-9874
-9076
-8306
-7604
-6819
-5284
-3333
-1687
-75
1722
3789
5081
5547
5843
6244
6695
6615
6507
6381
5996
5125
3831
2801
1867
1010
86
-734
-1160
-1436
-1634
-2011
-2264
-2235
-2134
-1959
-1592
-771
93
632
983
1380
1910
2320
2621
2916
3185
3342
3284
3144
2982
2660
2147
1553
1072
689
384
189
-127
-586
-1003
-1182
-1224
-1284
-1153
-939
-679
-327
91
356
358
622
1031
1188
1060
1061
1111
441
-701
-1707
-2545
-4470
-7996
-11427
-12777
-11886
-11136
-11415
-11296
-9937
-8826
-9311
-9007
-6072
-2270
-287
694
3628
7793
10569
11424
12217
13630
14079
13505
13328
14241
14936
13887
11560
8973
6752
4648
2352
211
-1564
-2959
-4420
-5930
-6909
-7337
-7728
-8536
-9158
-8781
-7381
-5408
-3447
-1691
-164
1143
2228
3095
4183
5599
6773
7147
6962
6966
6904
6119
4565
2858
1391
-318
-2106
-3442
-4147
-4988
-6569
-8211
-9892
-11649
-13018
-12962
-11792
-10877
-9574
-7379
-5062
-3874
-2794
-526
1584
2855
4101
6299
8160
8720
8894
8834
8248
6906
5754
5010
4198
3459
2639
1724
463
-712
-1587
-2472
-3093
-3197
-2705
-2304
-2109
-1656
-1104
-898
-1044
-718
119
814
1333
2094
3017
3437
3418
3481
3567
3374
3100
3069
3078
2813
2417
1873
1021
109
-478
-799
-1324
-1769
-1718
-1461
-1628
-2250
-2456
-2115
-1842
-2002
-2001
-1329
-675
-507
-417
-22
279
191
17
-411
-1550
-3075
-4736
-6806
-8876
-9570
-8904
-8832
-9537
-9244
-7649
-6731
-6860
-5794
-3236
-1149
-154
1624
4797
7398
8614
9494
10763
11633
11712
11839
12278
12568
12195
11185
9826
8332
6891
5162
3036
1042
-409
-1550
-2809
-3839
-4356
-4837
-5667
-6460
-6548
-6043
-5398
-4604
-3514
-2251
-1162
-288
586
1473
2283
2847
3213
3570
3903
4071
3826
3307
2614
1637
468
-756
-1736
-2659
-3873
-5799
-8350
-10046
-10151
-9390
-9104
-8776
-7472
-6289
-5823
-5142
-3016
-876
-77
580
2161
4221
5305
5772
6126
5915
5011
3955
3771
4024
4025
3549
2803
2193
1617
1118
531
-30
-410
-745
-988
-952
-468
-126
-472
-1095
-1333
-1097
-769
-286
506
1215
1480
1553
1910
2442
2691
2663
2644
2707
2682
2544
2409
2098
1419
516
-140
-409
-572
-824
-1086
-1343
-1802
-2277
-2430
-2195
-2013
-1852
-1435
-1045
-799
-608
-170
-69
-348
-326
-140
-64
-206
158
509
223
-61
-15
192
-35
-160
-430
-1893
-4220
-6225
-7134
-7831
-8686
-9144
-9007
-8489
-7909
-6870
-5183
-3335
-1903
-872
624
2936
5317
7116
8424
9540
10086
9921
9775
9991
10099
9521
8634
7993
7503
6895
5974
4836
3476
1983
575
-496
-1001
-1245
-1686
-2353
-2866
-3057
-3217
-3366
-3311
-3130
-2984
-2797
-2205
-1341
-639
-220
-20
130
151
240
383
189
-214
-536
-758
-1724
-3129
-3676
-3515
-3850
-4944
-5178
-4502
-4276
-4514
-4179
-3191
-2931
-3207
-2858
-1787
-829
-431
26
647
1148
1415
1705
2264
2750
2884
2792
2847
3102
3189
2907
2436
2051
1729
1269
820
697
704
387
-206
-523
-513
-639
-913
-970
-744
-558
-394
64
691
1085
1129
1162
1339
1482
1501
1495
1525
1478
1346
1262
1260
1214
968
602
338
238
91
-243
-550
-709
-928
-1268
-1364
-1045
-740
-844
-1158
-1315
-1251
-1132
-1033
-903
-722
-527
-392
-194
126
344
256
33
17
113
155
249
471
554
373
310
486
569
382
230
266
242
-278
-1606
-3016
-3428
-3150
-3635
-4372
-3614
-2344
-2622
-3296
-2066
-550
-1060
-1733
-500
883
782
978
2385
3141
2673
2441
2769
2822
2785
3095
3313
3345
3563
3649
3320
3110
3169
2829
2077
1767
1882
1694
1207
958
932
582
-86
-649
-1007
-1477
-2144
-2477
-2190
-1674
-1414
-1245
-841
-456
-392
-428
-270
-149
-308
-461
-296
-45
-56
-253
-454
-705
-1055
-1309
-1322
-1202
-1081
-982
-886
-773
-651
-633
-818
-1077
-1213
-1217
-1183
-1085
-885
-691
-630
-654
-612
-472
-365
-337
-242
-89
-45
-5
201
263
-56
-318
-261
-316
-589
-527
-180
-150
-345
-253
35
84
-3
34
241
479
609
737
999
1301
1291
1064
1027
1118
981
772
849
886
704
610
729
768
575
423
454
474
220
118
381
466
261
163
223
164
143
263
429
476
189
-23
154
406
411
445
616
675
554
332
251
321
276
251
414
507
390
124
-41
58
-63
-448
-286
129
-160
-427
-74
-330
-1075
-1057
-752
-875
-997
-972
-1022
-1112
-1375
-1721
-1626
-1382
-1538
-1664
-1526
-1405
-1512
-1727
-1615
-1242
-984
-732
-239
55
100
684
1342
1426
1586
1953
2026
2108
2431
2268
2066
2598
2689
2043
1911
2125
1716
1197
1297
1094
434
104
-25
-209
-318
-370
-616
-690
-525
-981
-1647
-1519
-1311
-1617
-1645
-1428
-1774
-2124
-1735
-1667
-1914
-1640
-1409
-1541
-1519
-1044
-958
-1245
-1082
-720
-520
-239
110
-277
-591
369
851
250
540
1286
758
171
681
856
647
860
1033
1407
1682
1021
541
1358
1869
1137
1050
1859
2010
1721
1566
1637
1747
1451
1002
1027
1609
1236
499
752
705
175
-127
-56
-298
-755
-858
-876
-1003
-1382
-1578
-1393
-1449
-1577
-1561
-1844
-1952
-1681
-1437
-1574
-1328
-1218
-1542
-1542
-1129
-895
-1154
-897
-795
-684
-1
180
-467
-585
338
472
169
406
311
134
152
312
575
1029
472
221
1157
1221
262
526
1436
1030
789
711
655
1155
1470
496
379
1650
1125
232
828
981
339
399
506
-36
733
1201
-151
-611
418
541
37
626
881
117
-266
255
278
-538
-898
-266
30
-893
-1417
-672
-497
-1315
-1502
-608
-241
-1027
-1310
-717
-386
-657
-1044
-999
-506
-159
-515
-1046
-698
-227
-122
-92
-83
-525
-803
-201
259
-400
-639
-77
32
-502
-811
-492
-106
-3
-463
-534
219
421
-114
217
773
582
75
526
704
354
931
1182
469
104
855
1196
1002
1163
650
107
703
1125
624
261
703
690
95
181
516
-120
-529
-83
199
-161
-91
227
-148
161
361
-25
-141
-16
74
261
670
150
-330
462
530
-239
-199
350
-181
-804
-351
-178
-525
-715
-742
-1023
-902
-685
-980
-1184
-965
-931
-1126
-851
-637
-739
-420
-206
-493
-413
33
98
32
296
207
-83
53
397
392
-10
-218
189
241
144
225
101
-153
-309
-4
241
207
-228
-101
914
637
-499
-88
1066
674
-233
602
1204
601
504
830
579
434
1030
954
665
1205
1186
335
365
928
672
113
378
906
383
-188
93
391
-249
-638
-43
-314
-789
-253
-121
-604
-546
-291
-660
-773
-355
-813
-936
-218
-281
-1073
-1208
-398
-496
-1036
-822
-851
-1281
-1133
-591
-891
-1257
-660
-467
-728
-364
-217
-623
-305
595
406
-158
509
973
275
94
1055
1037
266
717
1290
679
449
961
332
-148
275
-88
-357
432
301
-597
-66
231
-445
-83
560
237
441
723
348
579
1044
922
1071
1246
564
187
756
1069
873
764
457
503
461
5
-23
275
-30
-836
-738
-209
-230
-720
-1068
-1040
-1029
-1097
-963
-721
-1043
-970
-515
-509
-798
-764
-214
-407
-722
-412
-115
-347
-790
-375
-240
-889
-1116
-788
-519
-198
-213
-689
-793
-364
-203
-378
-409
-307
214
805
893
856
862
518
656
1111
727
836
1567
1319
686
1399
1493
655
1093
1593
1123
979
1514
944
351
1269
1516
857
662
1350
1121
265
567
819
293
47
251
-45
-122
252
-121
-502
-77
-281
-1147
-824
-584
-1360
-1538
-1160
-1473
-1859
-1238
-1321
-1831
-1948
-1960
-1856
-1556
-1672
-1581
-1153
-1242
-1544
-1134
-824
-999
-793
-776
-655
30
-27
-744
-392
360
17
-228
522
608
8
466
894
412
300
782
871
594
1124
1053
782
1233
1313
895
963
1351
1073
1193
1883
1350
829
1532
1768
1203
913
1097
1174
1321
882
329
672
926
569
670
700
-40
-351
-62
-131
-429
-485
-509
-358
-488
-862
-789
-715
-924
-1008
-714
-740
-954
-760
-474
-325
-1078
-1299
-474
-147
-623
-521
-134
-317
-472
-391
-509
-762
-860
-697
-543
-884
-1254
-729
-254
-606
-895
-590
-282
-186
87
-22
70
724
697
195
520
1015
431
496
1204
911
511
959
1069
581
764
927
400
636
808
657
541
496
459
171
252
-59
138
155
-296
-441
-251
-150
-459
-277
-87
-265
-593
-494
-125
-284
-516
-539
-239
-364
-810
-731
-220
-538
-1245
-828
-90
-150
-688
-657
-391
-365
-177
-147
186
130
36
113
163
123
150
150
-223
39
364
442
103
346
644
457
581
648
477
284
379
612
370
212
497
537
409
592
703
573
337
486
596
455
636
707
352
131
313
733
622
121
45
144
-249
-98
0
167
-412
-253
16
-373
-451
-562
-322
-717
-808
-541
-565
-527
-564
-589
-780
-886
-628
-934
-563
-295
-385
-364
-204
43
-73
-16
-230
-404
-260
-77
-172
-187
-110
-402
-515
-365
-192
-352
-388
-178
163
118
-106
-29
8
-41
-136
-116
-52
32
270
238
267
228
84
346
676
845
479
314
490
691
75
61
257
406
166
114
381
184
670
-48
-165
-319
403
571
155
257
128
447
400
480
302
29
377
604
585
770
531
540
386
317
102
264
738
38
-162
-207
35
116
-178
-76
-184
55
-464
-450
-242
-425
-429
-418
78
0
52
45
137
-272
-460
-639
-580
-634
-373
-284
-289
-173
-397
-272
-223
-303
-603
-475
-496
-495
-769
-675
-516
-816
-266
-382
-96
-227
-293
-102
-303
201
231
-10
89
-57
-122
-260
-364
38
-226
26
-19
52
168
-31
-66
-196
-210
-138
-41
99
196
-54
-302
-98
284
91
-37
211
560
439
502
546
527
695
613
808
298
489
598
742
897
643
469
323
552
647
369
401
330
277
373
312
458
17
106
75
155
111
-22
160
-196
-28
-157
-77
-71
-42
-63
-235
-14
-64
-227
-141
-287
-361
-363
-274
-332
-469
-394
-215
-159
-125
-241
-202
-451
-676
-596
-532
-21
-452
-473
-411
-200
-394
-390
-58
-608
-441
-469
-251
-438
-341
-312
-330
-171
-243
-14
57
-14
-328
-78
-67
-20
-296
-6
-174
71
59
61
253
81
245
-213
413
23
-253
-182
-90
189
-259
306
340
233
189
123
54
-366
237
328
67
265
581
423
139
625
470
297
425
570
376
280
1082
744
819
593
736
421
390
948
123
199
290
924
330
6
509
284
257
-77
279
-111
-108
-57
-301
-410
-590
-551
-528
-363
-370
-450
-594
-575
-504
-264
-333
-323
-616
-833
-722
-377
-566
-739
-606
-429
-301
-426
-377
-742
-475
-376
-222
-155
-70
95
-220
11
-29
91
-222
-26
155
154
199
275
292
66
260
94
118
-38
-145
-134
-152
147
-183
-15
-1
111
-133
-307
19
-79
67
-37
2
15
290
543
234
371
431
543
532
647
480
333
523
622
759
464
519
645
694
649
450
751
399
286
432
539
622
387
674
531
391
355
54
144
3
-11
-53
-68
61
-266
41
-46
98
35
-285
-421
-734
-799
-825
-622
-653
-818
-666
-475
-589
-500
-562
-711
-737
-684
-480
-563
-202
-87
-108
-300
-317
-569
-726
-493
-482
-501
-693
199
254
248
9
19
-311
-700
-248
-354
-255
-162
197
99
20
308
178
138
-25
-112
-127
15
353
400
322
523
398
332
181
442
506
330
319
366
386
295
658
760
897
748
987
772
603
719
715
636
496
715
604
412
364
71
-294
-321
-71
3
-296
-348
-269
-208
-101
-214
-167
-234
-369
-360
-398
-207
-244
-506
-295
-396
-390
-712
-432
-216
-661
-573
-416
-212
-439
-281
-36
-139
-19
18
165
192
311
92
39
141
106
191
118
317
181
210
358
215
190
-63
251
22
-186
52
193
210
17
80
-24
-99
180
59
-156
-144
-6
263
144
302
165
138
68
12
228
147
141
-33
-37
-64
-85
-94
-169
-175
-271
-509
-300
-152
-219
-490
-345
-287
-348
-276
-341
-385
-290
-172
-240
-259
-75
-57
-68
-42
-21
-169
-169
87
205
15
64
292
162
-102
68
234
-86
-63
128
210
21
-20
121
15
263
183
95
179
258
314
-132
-21
10
67
158
238
485
353
231
142
182
383
277
197
39
65
41
-143
-151
-185
-187
-435
-610
-551
-593
-390
-436
-591
-828
-645
-342
-406
-320
22
25
-117
-1
142
150
-22
182
170
243
330
378
555
620
574
559
773
774
354
-34
245
223
13
-32
18
-362
-990
-810
-569
-795
-988
-920
-821
-1020
-828
-381
-287
-259
-32
-61
-341
-249
245
172
-140
-23
246
446
584
688
926
1316
1500
1541
1664
2149
2217
2008
1840
1999
2024
1365
1015
912
818
323
12
-49
-224
-395
-997
-1850
-2697
-3109
-3649
-4359
-4671
-4427
-4389
-4360
-3003
-1063
-745
-1046
-905
-422
507
1613
2108
2322
3017
3766
5020
6571
6899
6032
5011
4025
2917
1493
-213
-1252
-1165
25
1238
1610
1019
-83
-2046
-5839
-8913
-8856
-7512
-7317
-7275
-5553
-3571
-2592
-2095
-1204
221
949
924
695
210
-426
-483
578
2027
3068
3497
3236
2645
1867
1221
1309
2008
2661
2345
1330
49
-1247
-2532
-3942
-5240
-6135
-6489
-6921
-6872
-5479
-3047
-536
1497
3282
4786
6292
8114
10673
13704
15861
16326
15236
12938
10207
8079
7166
6407
3640
-1200
-5270
-6368
-6930
-8470
-9486
-9708
-10603
-12600
-13014
-9737
-4653
-365
3160
6320
8335
8780
8252
7175
6017
4814
3205
1752
1261
1792
2383
2354
1857
1191
124
-1529
-3389
-5083
-6320
-7090
-7528
-7853
-8187
-8468
-8764
-9098
-9340
-9285
-9127
-9303
-9705
-10093
-10317
-10344
-9941
-8725
-6739
-4274
-1674
844
2991
4529
5517
6056
6459
6810
6527
5314
4171
4055
4414
4652
4874
4998
4930
4948
5245
5897
7052
8407
9370
10061
10927
11537
11260
10296
9188
8000
6531
4791
3295
2621
2406
1937
1236
634
-10
-903
-1846
-2578
-3071
-3413
-3599
-3652
-3666
-3764
-4058
-4538
-5102
-5655
-6142
-6572
-6969
-7357
-7723
-7977
-8040
-7943
-7789
-7579
-7315
-7011
-6662
-6234
-5657
-4935
-4117
-3228
-2217
-1002
449
2040
3645
5347
7167
8796
9860
10201
9814
8684
6818
4347
1649
-380
-830
333
2447
4942
7491
9640
10943
11362
11139
10487
9472
8186
6662
4818
2682
321
-2213
-4807
-7250
-9317
-10827
-11668
-11921
-11760
-11294
-10594
-9798
-9044
-8358
-7689
-7052
-6520
-6025
-5409
-4623
-3710
-2728
-1761
-914
-392
-274
4
1049
2466
3512
4089
4262
3978
3468
2958
2287
1343
496
222
519
1004
1483
2067
2821
3566
4053
4148
3870
3368
2840
2424
2191
2174
2311
2419
2456
2533
2624
2577
2405
2205
1916
1479
1013
635
424
577
1115
1593
1538
1038
414
-315
-1217
-2205
-3185
-4003
-4417
-4402
-4147
-3663
-2852
-1805
-824
-148
260
539
734
851
1089
1607
2172
2413
2269
1923
1453
811
-33
-1111
-2342
-3518
-4571
-5451
-5715
-4874
-3228
-1621
-451
489
1161
1060
82
-1101
-1700
-1330
-29
1700
3223
4321
5150
5766
5987
5641
4643
2941
668
-1718
-3723
-5200
-6175
-6439
-5673
-3882
-1483
1033
3323
5163
6363
6851
6687
6010
5007
3907
2900
2067
1408
926
659
648
900
1303
1520
1010
-729
-3751
-7428
-10770
-13090
-14262
-14430
-13720
-12261
-10292
-8148
-6188
-4653
-3523
-2569
-1488
-39
1829
3851
5401
5953
5597
4851
4067
3192
2113
932
-108
-817
-1169
-1272
-1261
-1149
-858
-388
158
745
1442
2199
2801
3205
3564
3803
3616
3150
3112
3830
4842
5675
6386
7099
7633
7859
7902
7878
7774
7551
7197
6734
6192
5589
4916
4193
3456
2680
1813
880
-39
-898
-1675
-2348
-2948
-3517
-4082
-4678
-5298
-5843
-6221
-6495
-6784
-7044
-7146
-7091
-6969
-6760
-6373
-5889
-5512
-5293
-5027
-4549
-3934
-3348
-2789
-2176
-1561
-1066
-659
-226
227
596
849
1034
1215
1449
1709
1862
1809
1578
1205
695
123
-393
-814
-1176
-1467
-1631
-1648
-1535
-1308
-993
-639
-275
127
577
1063
1570
2093
2586
2971
3221
3396
3588
3738
3704
3507
3284
3050
2695
2241
1799
1247
382
-696
-1617
-2215
-2693
-3180
-3509
-3532
-3472
-3625
-3869
-3844
-3523
-3237
-3135
-2978
-2601
-2146
-1696
-1043
-53
1053
1956
2574
3071
3629
4217
4694
5100
5590
6061
6340
6680
7409
8228
8561
8364
7970
7488
6865
6194
5579
4977
4360
3736
3022
2122
1075
-26
-1170
-2390
-3655
-4836
-5765
-6352
-6649
-6793
-6878
-6963
-7123
-7405
-7755
-8085
-8338
-8460
-8387
-8127
-7782
-7354
-6761
-6004
-5192
-4364
-3505
-2693
-2006
-1367
-638
151
891
1573
2218
2747
3077
3271
3445
3597
3672
3694
3706
3676
3563
3426
3314
3151
2881
2554
2234
1906
1573
1269
1001
757
545
376
236
125
78
106
174
256
352
459
576
721
918
1148
1368
1553
1714
1870
2038
2226
2404
2507
2517
2505
2541
2580
2574
2562
2549
2407
2042
1496
770
-170
-1172
-1937
-2427
-2914
-3459
-3770
-3779
-3888
-4344
-4832
-5039
-5187
-5608
-6107
-6237
-5960
-5583
-5184
-4552
-3659
-2788
-2162
-1689
-1141
-456
236
828
1401
2120
2982
3790
4430
4987
5529
5933
6055
5944
5740
5516
5274
5007
4754
4587
4518
4450
4247
3899
3471
2963
2283
1428
539
-252
-929
-1539
-2087
-2566
-3001
-3445
-3961
-4582
-5217
-5669
-5861
-5910
-5920
-5823
-5534
-5143
-4758
-4332
-3790
-3194
-2678
-2243
-1766
-1147
-392
376
1039
1585
2055
2440
2709
2926
3183
3435
3543
3499
3431
3425
3435
3365
3174
2880
2511
2090
1627
1156
753
440
148
-176
-493
-739
-921
-1084
-1220
-1285
-1294
-1318
-1367
-1365
-1248
-1044
-812
-572
-306
-17
254
480
661
808
930
1013
1048
1052
1094
1221
1356
1384
1286
1162
1025
756
260
-409
-1098
-1684
-2136
-2516
-2857
-3093
-3167
-3218
-3435
-3729
-3834
-3747
-3752
-3930
-3976
-3683
-3230
-2818
-2345
-1643
-833
-173
292
716
1209
1731
2202
2609
3034
3554
4116
4584
4924
5235
5546
5716
5641
5406
5161
4949
4723
4472
4205
3922
3600
3210
2724
2175
1641
1144
613
-4
-612
-1092
-1459
-1814
-2178
-2499
-2758
-3034
-3401
-3808
-4120
-4311
-4520
-4859
-5207
-5380
-5389
-5365
-5269
-4948
-4463
-4076
-3864
-3607
-3132
-2532
-1932
-1312
-632
39
615
1088
1519
1962
2410
2773
2967
3058
3188
3363
3474
3507
3555
3609
3520
3244
2904
2610
2319
1975
1616
1304
1026
741
455
184
-82
-343
-568
-746
-891
-974
-949
-850
-767
-722
-643
-506
-353
-187
39
309
527
666
791
926
1033
1112
1211
1319
1380
1393
1400
1357
1205
976
724
332
-346
-1178
-1863
-2326
-2769
-3263
-3590
-3647
-3703
-4016
-4428
-4608
-4577
-4634
-4842
-4908
-4628
-4155
-3714
-3250
-2570
-1708
-945
-450
-73
416
1028
1609
2131
2730
3459
4183
4775
5261
5720
6125
6372
6413
6285
6078
5874
5706
5527
5301
5037
4746
4367
3825
3154
2479
1880
1314
710
95
-439
-871
-1278
-1730
-2172
-2521
-2817
-3189
-3658
-4099
-4432
-4732
-5092
-5466
-5757
-5912
-5929
-5806
-5569
-5243
-4825
-4342
-3881
-3480
-3016
-2394
-1733
-1175
-660
-45
610
1149
1601
2083
2557
2883
3063
3218
3370
3463
3514
3583
3632
3576
3428
3226
2944
2541
2091
1685
1297
876
478
195
0
-225
-488
-715
-899
-1085
-1261
-1338
-1280
-1141
-957
-741
-518
-326
-150
38
216
361
504
682
851
961
1050
1190
1348
1429
1442
1486
1559
1529
1328
1057
793
413
-221
-990
-1613
-2011
-2389
-2857
-3235
-3364
-3432
-3734
-4199
-4486
-4497
-4511
-4700
-4807
-4542
-4006
-3514
-3103
-2539
-1767
-1049
-584
-241
225
838
1452
2019
2636
3356
4089
4713
5198
5590
5912
6147
6259
6237
6127
5993
5881
5774
5606
5329
4969
4560
4061
3410
2659
1977
1437
921
315
-292
-769
-1178
-1669
-2224
-2690
-3051
-3436
-3886
-4303
-4613
-4833
-5003
-5170
-5417
-5732
-5966
-6023
-5979
-5878
-5555
-4928
-4238
-3753
-3363
-2802
-2124
-1565
-1122
-599
24
578
1037
1541
2114
2650
3079
3374
3491
3462
3446
3511
3550
3504
3475
3487
3374
3049
2679
2435
2234
1914
1501
1134
817
453
50
-292
-537
-733
-911
-1051
-1147
-1176
-1105
-945
-781
-671
-578
-451
-320
-210
-67
154
410
633
826
1006
1165
1291
1424
1574
1697
1732
1667
1520
1278
878
261
-484
-1139
-1588
-1968
-2425
-2849
-3048
-3138
-3433
-3939
-4296
-4339
-4345
-4551
-4742
-4598
-4179
-3774
-3449
-3004
-2372
-1747
-1304
-982
-581
0
677
1335
1959
2630
3360
4028
4537
4948
5362
5741
5978
6063
6076
6064
6024
5958
5836
5598
5244
4841
4398
3829
3145
2519
2037
1544
906
232
-312
-782
-1349
-2024
-2635
-3098
-3508
-3980
-4486
-4872
-5055
-5168
-5423
-5811
-6055
-6004
-5861
-5816
-5666
-5153
-4437
-3898
-3546
-3062
-2349
-1640
-1083
-560
44
670
1228
1694
2076
2436
2831
3187
3358
3381
3478
3708
3856
3780
3632
3556
3420
3054
2550
2127
1823
1498
1076
614
181
-226
-633
-1033
-1408
-1704
-1858
-1892
-1901
-1914
-1828
-1591
-1330
-1177
-1054
-793
-414
-98
142
470
894
1211
1347
1468
1678
1863
1929
1983
2108
2257
2344
2346
2215
1907
1450
856
82
-790
-1465
-1792
-2003
-2345
-2712
-2930
-3166
-3672
-4279
-4619
-4663
-4700
-4798
-4735
-4414
-3986
-3580
-3145
-2631
-2110
-1667
-1295
-912
-399
321
1179
2026
2794
3499
4114
4564
4878
5190
5541
5862
6105
6273
6333
6255
6113
5966
5729
5301
4752
4210
3643
2968
2283
1742
1307
796
150
-526
-1191
-1894
-2600
-3201
-3674
-4132
-4628
-5080
-5413
-5684
-5960
-6157
-6156
-6006
-5869
-5757
-5508
-5051
-4516
-4020
-3490
-2845
-2166
-1558
-975
-330
350
987
1546
2009
2355
2632
2923
3205
3392
3513
3667
3796
3754
3571
3435
3374
3213
2881
2498
2130
1692
1165
673
295
-37
-384
-726
-1053
-1387
-1681
-1861
-1934
-1964
-1940
-1817
-1643
-1501
-1362
-1133
-824
-518
-234
86
463
839
1161
1442
1685
1887
2043
2155
2215
2247
2305
2415
2513
2502
2327
1975
1422
643
-267
-1105
-1677
-1987
-2200
-2441
-2728
-3062
-3521
-4107
-4630
-4898
-4934
-4911
-4882
-4742
-4441
-4057
-3661
-3216
-2695
-2166
-1708
-1289
-779
-98
743
1656
2536
3298
3901
4359
4727
5068
5436
5855
6282
6615
6764
6736
6598
6389
6083
5662
5166
4634
4051
3391
2686
1998
1351
697
-18
-809
-1639
-2448
-3178
-3816
-4368
-4826
-5195
-5540
-5938
-6371
-6711
-6839
-6745
-6502
-6164
-5749
-5298
-4858
-4418
-3912
-3286
-2567
-1823
-1091
-374
343
1062
1751
2358
2852
3232
3524
3751
3948
4156
4380
4555
4590
4458
4195
3853
3479
3100
2732
2359
1956
1504
1023
527
34
-431
-855
-1238
-1578
-1848
-2012
-2058
-2022
-1945
-1859
-1790
-1734
-1654
-1505
-1269
-964
-622
-263
71
342
535
682
852
1100
1412
1686
1867
2015
2204
2376
2422
2357
2260
2028
1453
532
-437
-1160
-1612
-1928
-2201
-2490
-2898
-3518
-4318
-5111
-5652
-5790
-5596
-5319
-5119
-4944
-4687
-4378
-4070
-3661
-3015
-2203
-1413
-705
56
976
2000
2996
3864
4546
5059
5492
5924
6396
6929
7522
8044
8267
8082
7637
7145
6699
6276
5868
5462
4968
4287
3397
2382
1373
496
-238
-956
-1755
-2584
-3348
-4084
-4854
-5580
-6163
-6665
-7193
-7717
-8089
-8187
-7933
-7364
-6720
-6286
-6050
-5782
-5367
-4819
-4016
-2820
-1460
-382
282
779
1317
1897
2521
3241
3961
4499
4827
5024
5138
5194
5247
5254
5062
4657
4230
3905
3581
3158
2672
2141
1460
618
-178
-729
-1061
-1325
-1610
-1945
-2339
-2738
-3024
-3115
-3004
-2727
-2370
-2057
-1846
-1643
-1346
-981
-621
-240
204
624
944
1237
1587
1923
2134
2245
2349
2444
2531
2665
2828
2840
2485
1674
491
-735
-1541
-1725
-1619
-1711
-2117
-2730
-3664
-4987
-6190
-6532
-5996
-5337
-5090
-5084
-5046
-5070
-5179
-4994
-4172
-2914
-1699
-768
-46
616
1348
2211
3144
4057
4938
5777
6473
6977
7448
8015
8492
8598
8347
7993
7706
7496
7323
7093
6630
5835
4790
3612
2408
1377
697
251
-343
-1293
-2459
-3615
-4665
-5573
-6306
-6827
-7116
-7213
-7383
-7888
-8496
-8650
-8236
-7725
-7321
-6650
-5590
-4681
-4270
-3891
-3031
-1906
-954
-120
835
1787
2482
2959
3364
3715
4052
4470
4877
5067
5098
5177
5180
4812
4175
3726
3566
3342
2874
2385
2003
1482
659
-199
-745
-1004
-1216
-1470
-1706
-1954
-2288
-2612
-2729
-2573
-2236
-1836
-1465
-1222
-1125
-1015
-704
-184
372
825
1187
1510
1748
1847
1909
2098
2398
2620
2655
2610
2603
2476
1818
440
-1150
-2048
-1963
-1636
-1893
-2656
-3387
-4200
-5568
-7025
-7312
-6145
-4855
-4690
-5335
-5768
-5797
-5803
-5578
-4449
-2493
-738
34
121
345
1093
2173
3328
4544
5811
6876
7439
7567
7685
8087
8637
8995
9040
8909
8756
8573
8222
7579
6678
5707
4812
3958
3062
2219
1532
777
-416
-1998
-3415
-4253
-4689
-5107
-5595
-6127
-6856
-7836
-8781
-9469
-9899
-9775
-8679
-7132
-6441
-6896
-7285
-6816
-6068
-5336
-3822
-1480
175
219
-266
-10
827
1758
2994
4447
5264
5127
4728
4525
4375
4461
5134
5851
5690
4858
4283
4010
3359
2451
2055
2117
1820
1015
355
33
-471
-1312
-1981
-2166
-2150
-2160
-2077
-1937
-2035
-2341
-2420
-2108
-1636
-1076
-299
399
468
74
42
612
1187
1468
1835
2345
2436
2000
1714
1927
2177
2082
1733
1014
-348
-1802
-2249
-1659
-1336
-2069
-3207
-4026
-4842
-5938
-6496
-5731
-4427
-4099
-4995
-5954
-6039
-5426
-4637
-3728
-2554
-1384
-773
-790
-696
292
1993
3474
4272
4841
5608
6342
6760
7148
7805
8438
8629
8470
8339
8338
8318
8130
7647
6810
5832
5069
4561
3997
3167
2151
1030
-248
-1587
-2619
-3107
-3340
-3848
-4793
-5864
-6753
-7391
-7782
-8033
-8377
-8771
-8681
-7893
-7143
-7123
-7325
-6885
-6033
-5437
-4700
-3115
-1367
-738
-1007
-824
165
1253
2220
3338
4241
4325
3940
3865
4161
4527
5050
5634
5593
4724
3884
3682
3628
3215
2817
2718
2374
1435
512
169
35
-449
-1078
-1400
-1528
-1785
-2047
-2030
-1875
-1842
-1824
-1599
-1283
-1085
-864
-449
-21
191
363
735
1131
1269
1306
1552
1858
1878
1702
1717
1922
1868
1211
16
-1261
-1911
-1574
-919
-1100
-2286
-3487
-4151
-4800
-5571
-5485
-4185
-3150
-3814
-5363
-5887
-5036
-4038
-3490
-2759
-1588
-772
-813
-982
-298
1177
2539
3259
3674
4345
5241
5873
6089
6313
6868
7472
7726
7741
7833
7898
7550
6773
5967
5430
5160
4971
4566
3689
2444
1260
371
-358
-993
-1414
-1775
-2546
-3822
-5033
-5614
-5686
-5776
-6120
-6544
-6951
-7534
-8226
-8361
-7451
-6173
-5691
-6061
-6234
-5669
-4859
-4097
-3030
-1748
-962
-816
-598
114
1032
1924
2756
3259
3342
3485
4001
4403
4340
4284
4548
4623
4214
3895
4011
3955
3279
2508
2233
2209
1982
1585
1161
573
-184
-748
-909
-883
-920
-1012
-1170
-1494
-1811
-1740
-1247
-795
-683
-671
-454
-141
38
181
484
819
941
925
1028
1258
1388
1333
1210
1140
1081
707
-309
-1624
-2162
-1447
-680
-1315
-2929
-3842
-3751
-3962
-4781
-4815
-3596
-2868
-3927
-5361
-5157
-3692
-2816
-2900
-2680
-1663
-807
-730
-706
112
1441
2399
2774
3182
4070
5043
5422
5268
5325
5955
6705
7057
7083
7037
6825
6307
5732
5433
5364
5224
4799
4007
2919
1859
1191
825
318
-444
-1155
-1712
-2424
-3395
-4177
-4450
-4546
-4963
-5622
-5974
-5855
-5848
-6564
-7545
-7542
-6246
-5006
-5006
-5528
-5237
-4365
-3936
-3626
-2385
-688
-64
-557
-684
205
1306
2007
2504
2886
2997
3011
3181
3381
3537
3883
4266
4110
3534
3327
3542
3344
2590
2155
2343
2358
1739
1038
679
343
-180
-505
-421
-331
-597
-1050
-1361
-1433
-1287
-980
-690
-619
-687
-649
-453
-246
-66
188
490
671
690
692
770
852
859
817
838
972
947
230
-1180
-2220
-1832
-645
-465
-1789
-3109
-3257
-3061
-3586
-4101
-3446
-2389
-2654
-4041
-4546
-3449
-2314
-2378
-2742
-2090
-828
-242
-427
-336
515
1473
1947
2301
3117
4114
4465
4095
3909
4566
5585
6107
6025
5820
5680
5427
5084
4924
4940
4811
4373
3752
3054
2321
1698
1259
804
177
-406
-768
-1220
-2055
-2960
-3438
-3552
-3730
-4101
-4513
-4882
-5253
-5714
-6231
-6337
-5574
-4522
-4478
-5459
-5847
-4863
-3785
-3565
-3230
-2070
-1253
-1565
-1720
-643
647
1026
1108
1683
2269
2416
2592
3004
3194
3215
3567
3953
3753
3328
3333
3380
2920
2512
2759
2958
2312
1388
1078
1119
843
393
179
-13
-475
-912
-1002
-936
-981
-1035
-991
-965
-991
-939
-778
-604
-447
-277
-104
68
221
277
232
254
435
634
716
718
703
629
374
-219
-1044
-1445
-875
-50
-415
-1989
-3034
-2646
-2136
-2694
-3318
-2765
-1993
-2572
-3786
-3707
-2447
-1864
-2404
-2522
-1456
-409
-425
-817
-490
485
1329
1793
2225
2792
3233
3290
3185
3474
4309
5103
5244
4917
4749
4844
4802
4525
4344
4348
4231
3815
3240
2646
2062
1554
1177
825
397
-64
-565
-1243
-2056
-2629
-2759
-2779
-3090
-3596
-4027
-4477
-5045
-5345
-5050
-4613
-4629
-4919
-4967
-4806
-4651
-4234
-3440
-2847
-2765
-2577
-1890
-1268
-1054
-659
184
815
971
1275
1913
2234
2162
2403
3032
3351
3232
3208
3289
3072
2792
2930
3181
2962
2478
2230
2053
1615
1206
1156
1136
747
232
-20
-141
-408
-700
-771
-711
-762
-929
-1037
-1051
-1064
-1039
-829
-527
-456
-640
-638
-244
83
-20
-153
101
389
276
87
251
465
351
122
-75
-534
-1034
-802
-99
-281
-1500
-2151
-1569
-1239
-2105
-2790
-2137
-1405
-1989
-2909
-2597
-1667
-1651
-2275
-2107
-1078
-428
-581
-739
-330
369
891
1164
1431
1912
2483
2736
2658
2824
3488
4042
3978
3764
3985
4303
4131
3700
3600
3743
3629
3213
2825
2500
2070
1599
1242
933
549
138
-264
-752
-1299
-1714
-1945
-2194
-2564
-2914
-3201
-3568
-3976
-4145
-4090
-4204
-4463
-4314
-3746
-3573
-4052
-4243
-3539
-2698
-2455
-2331
-1779
-1294
-1285
-1123
-334
458
700
814
1208
1555
1676
1932
2358
2560
2589
2826
3047
2812
2450
2537
2791
2638
2306
2272
2240
1751
1182
1073
1139
864
440
239
72
-314
-636
-618
-535
-675
-846
-847
-855
-982
-1000
-790
-611
-626
-634
-507
-411
-442
-401
-167
39
14
-82
-25
95
77
38
173
240
-179
-812
-835
-178
98
-655
-1542
-1477
-944
-1137
-1871
-1944
-1325
-1210
-1878
-2196
-1643
-1159
-1421
-1700
-1216
-439
-231
-471
-413
138
738
1047
1204
1485
1886
2179
2270
2397
2773
3189
3282
3132
3136
3328
3340
3076
2890
2942
2938
2667
2310
2045
1772
1426
1133
945
715
372
28
-290
-684
-1105
-1366
-1489
-1716
-2061
-2305
-2468
-2790
-3206
-3391
-3387
-3457
-3455
-3232
-3294
-3932
-4228
-3377
-2388
-2574
-3195
-2770
-1771
-1595
-1842
-1251
-282
-132
-322
256
1097
1195
1061
1549
2165
2255
2291
2632
2707
2427
2552
3046
2997
2450
2353
2647
2426
1815
1689
1898
1609
991
803
875
558
52
-76
-34
-283
-585
-589
-592
-890
-1108
-940
-748
-871
-1039
-975
-835
-768
-668
-534
-511
-518
-384
-232
-252
-282
-118
80
95
-7
-183
-502
-715
-443
-21
-220
-928
-1221
-925
-904
-1434
-1668
-1205
-895
-1330
-1811
-1607
-1193
-1295
-1580
-1314
-649
-364
-596
-722
-362
166
453
576
852
1294
1585
1602
1645
1984
2424
2609
2604
2737
2990
3015
2800
2723
2898
2997
2839
2637
2521
2328
1996
1731
1606
1427
1124
833
567
177
-283
-588
-763
-1042
-1437
-1743
-1943
-2209
-2572
-2897
-3089
-3164
-3218
-3386
-3627
-3654
-3402
-3276
-3469
-3505
-3043
-2548
-2475
-2444
-1984
-1432
-1234
-1082
-572
-1
231
343
691
1126
1400
1601
1836
2013
2135
2308
2438
2403
2381
2532
2617
2416
2179
2166
2142
1859
1549
1460
1371
1041
678
527
429
177
-98
-220
-293
-440
-574
-643
-744
-845
-794
-667
-720
-898
-894
-695
-593
-646
-613
-435
-320
-322
-272
-156
-119
-119
24
255
320
112
-200
-349
-163
193
212
-305
-821
-760
-473
-687
-1225
-1288
-907
-904
-1416
-1672
-1389
-1210
-1445
-1526
-1101
-686
-768
-995
-822
-334
30
163
307
596
911
1116
1238
1419
1726
2037
2217
2315
2449
2584
2600
2549
2594
2728
2767
2630
2431
2261
2095
1903
1725
1552
1326
1055
792
512
174
-150
-383
-602
-910
-1246
-1519
-1766
-2054
-2358
-2616
-2786
-2896
-3069
-3324
-3415
-3225
-3094
-3271
-3381
-3087
-2744
-2663
-2446
-1879
-1556
-1719
-1614
-865
-238
-198
-95
436
802
781
978
1517
1784
1741
1944
2325
2349
2175
2324
2579
2483
2299
2387
2401
2048
1749
1775
1710
1332
1042
1000
830
421
142
86
-51
-302
-434
-482
-635
-810
-828
-791
-830
-840
-751
-676
-662
-593
-484
-442
-393
-226
-70
-87
-134
-50
35
-1
15
130
20
-392
-613
-354
-119
-431
-961
-1079
-874
-936
-1327
-1542
-1389
-1257
-1407
-1593
-1553
-1414
-1426
-1504
-1361
-986
-706
-706
-734
-480
-58
202
309
556
969
1264
1353
1477
1757
2028
2183
2325
2506
2618
2631
2638
2682
2697
2669
2638
2569
2408
2215
2062
1897
1643
1361
1134
900
578
229
-61
-320
-619
-943
-1301
-1707
-1982
-1950
-1882
-2280
-2976
-3187
-2759
-2495
-2836
-3139
-2893
-2587
-2685
-2752
-2365
-1937
-1873
-1815
-1426
-1033
-916
-788
-414
-15
246
480
689
789
924
1236
1496
1504
1491
1671
1798
1676
1559
1644
1688
1494
1298
1287
1246
997
747
671
612
414
189
87
34
-72
-215
-324
-385
-404
-398
-405
-425
-430
-391
-330
-255
-142
-22
39
41
77
221
415
524
521
521
589
638
583
507
516
559
514
363
161
-66
-254
-308
-308
-482
-823
-1056
-1074
-1153
-1430
-1615
-1508
-1400
-1564
-1754
-1655
-1455
-1464
-1498
-1241
-867
-740
-763
-591
-245
9
174
426
737
951
1086
1259
1463
1642
1822
1994
2104
2165
2237
2279
2244
2202
2229
2236
2126
1961
1836
1708
1503
1260
1047
850
631
398
165
-93
-431
-822
-1120
-1203
-1205
-1409
-1830
-2135
-2143
-2101
-2237
-2386
-2349
-2256
-2268
-2271
-2154
-2043
-1988
-1822
-1518
-1281
-1189
-1070
-850
-628
-409
-125
134
263
368
588
824
949
1040
1194
1333
1380
1405
1440
1413
1347
1372
1438
1358
1128
964
941
889
705
507
411
357
223
30
-100
-149
-208
-285
-286
-256
-340
-490
-456
-233
-121
-231
-293
-139
25
31
21
122
214
210
197
217
205
172
186
196
120
-14
-149
-285
-362
-328
-351
-620
-915
-895
-738
-903
-1287
-1322
-997
-911
-1212
-1339
-1053
-851
-990
-1027
-673
-331
-334
-381
-140
195
338
407
619
905
1100
1208
1302
1415
1564
1727
1826
1851
1902
1992
2006
1923
1870
1887
1850
1712
1581
1492
1355
1147
965
844
698
481
235
3
-210
-398
-581
-811
-1053
-1192
-1272
-1539
-2002
-2250
-2058
-1853
-2091
-2478
-2504
-2355
-2488
-2639
-2301
-1802
-1822
-2140
-2011
-1503
-1261
-1253
-955
-449
-240
-248
-52
285
481
667
1026
1309
1329
1329
1477
1602
1644
1786
1960
1904
1697
1635
1664
1552
1389
1371
1361
1159
879
714
612
469
360
298
161
-54
-193
-238
-324
-460
-507
-465
-474
-558
-609
-595
-581
-568
-514
-440
-399
-373
-329
-282
-264
-239
-171
-105
-92
-106
-79
-39
-87
-222
-310
-267
-189
-246
-460
-646
-650
-589
-683
-893
-953
-819
-772
-945
-1081
-958
-774
-767
-809
-658
-413
-333
-354
-206
118
348
409
505
746
976
1073
1139
1293
1485
1611
1655
1679
1715
1763
1795
1790
1763
1736
1690
1590
1467
1381
1324
1219
1042
854
692
526
328
126
-49
-209
-376
-560
-832
-1212
-1495
-1440
-1244
-1406
-1950
-2269
-2086
-1923
-2142
-2301
-2035
-1809
-2045
-2263
-1963
-1529
-1478
-1532
-1250
-882
-812
-833
-601
-233
22
197
362
470
566
756
957
1045
1138
1320
1403
1294
1250
1412
1509
1370
1243
1317
1376
1210
989
931
940
849
710
633
566
431
269
158
106
66
0
-95
-177
-217
-255
-323
-374
-364
-330
-313
-313
-324
-349
-345
-287
-223
-193
-170
-140
-145
-169
-154
-115
-126
-163
-153
-148
-246
-395
-456
-417
-414
-518
-669
-758
-758
-762
-856
-970
-954
-831
-800
-904
-939
-813
-690
-684
-636
-437
-241
-200
-178
9
264
398
451
606
853
1024
1079
1142
1282
1435
1540
1608
1672
1716
1726
1709
1688
1683
1680
1637
1522
1383
1266
1147
988
819
674
516
318
129
-57
-329
-631
-761
-740
-878
-1244
-1505
-1505
-1538
-1769
-1901
-1772
-1689
-1861
-1996
-1857
-1665
-1644
-1620
-1419
-1192
-1102
-1043
-884
-662
-444
-244
-85
32
167
329
448
533
682
850
898
853
865
939
951
902
887
892
838
741
676
626
542
442
378
351
305
218
121
57
25
-15
-58
-60
-51
-106
-177
-157
-93
-115
-175
-126
-9
9
-46
-19
74
97
70
117
208
220
171
176
220
214
163
145
153
123
56
-4
-53
-99
-150
-213
-288
-345
-378
-437
-538
-601
-579
-564
-640
-714
-671
-583
-594
-654
-606
-464
-387
-395
-346
-201
-84
-51
6
147
296
378
432
527
647
740
797
851
930
1007
1042
1044
1056
1085
1083
1038
1001
985
940
848
755
689
611
498
382
289
185
55
-64
-177
-318
-449
-525
-591
-711
-833
-886
-920
-1010
-1094
-1086
-1047
-1069
-1102
-1062
-986
-959
-943
-860
-737
-657
-605
-524
-409
-302
-220
-139
-42
73
169
215
242
311
408
449
429
441
507
529
471
424
459
489
431
343
316
325
287
202
148
139
117
49
-25
-55
-54
-76
-131
-167
-157
-146
-172
-195
-166
-119
-111
-114
-74
-14
17
37
90
152
185
205
244
288
302
299
313
319
287
243
222
199
135
59
16
-24
-105
-191
-230
-257
-331
-405
-424
-429
-477
-518
-496
-459
-464
-469
-415
-335
-302
-281
-204
-104
-46
-9
71
178
249
288
351
437
502
539
583
640
686
712
735
758
769
771
768
757
733
697
654
608
548
479
403
332
258
163
63
-22
-100
-199
-309
-389
-447
-517
-606
-671
-698
-738
-798
-834
-832
-829
-845
-854
-824
-782
-751
-723
-679
-602
-529
-477
-418
-338
-247
-177
-124
-51
40
109
147
192
261
313
323
330
368
399
383
357
360
363
335
283
259
251
214
157
118
104
83
42
6
-3
-6
-24
-46
-55
-52
-56
-65
-60
-44
-36
-35
-18
13
31
31
41
70
91
84
79
102
124
124
113
120
140
147
136
127
126
126
118
100
85
76
69
53
25
6
3
-5
-32
-65
-76
-77
-94
-125
-147
-142
-142
-164
-181
-177
-160
-166
-184
-173
-146
-133
-137
-126
-90
-62
-57
-42
-6
32
53
72
110
151
180
197
226
260
285
301
310
323
338
341
340
335
326
323
307
285
262
235
208
173
137
104
67
31
-9
-47
-82
-115
-151
-188
-221
-251
-275
-292
-315
-332
-342
-352
-352
-348
-347
-341
-341
-328
-309
-299
-284
-272
-252
-225
-204
-185
-163
-144
-120
-95
-75
-59
-46
-31
-13
-1
7
16
27
37
43
49
58
67
71
75
81
90
96
97
105
113
118
121
123
126
133
135
131
127
133
140
138
127
122
131
137
127
111
110
118
114
93
81
88
98
92
76
77
92
99
87
74
75
85
80
64
49
44
42
26
-3
-22
-33
-53
-85
-111
-128
-144
-167
-187
-199
-205
-210
-214
-214
-209
-202
-185
-165
-147
-130
-112
-85
-53
-21
5
31
64
93
115
126
140
164
175
173
168
171
171
156
138
129
115
93
69
52
38
16
-9
-25
-34
-45
-62
-73
-74
-74
-82
-89
-87
-82
-81
-86
-83
-75
-65
-59
-56
-47
-38
-34
-29
-25
-23
-22
-25
-22
-24
-28
-31
-32
-33
-37
-37
-31
-27
-26
-24
-22
-22
-24
-33
-39
-43
-52
-61
-70
-73
-76
-82
-86
-86
-87
-87
-86
-83
-77
-69
-60
-50
-41
-29
-18
-5
9
22
37
54
70
92
112
131
147
166
184
195
208
218
224
228
227
231
231
222
213
202
194
183
168
155
138
123
104
87
69
51
32
14
0
-11
-23
-31
-41
-45
-47
-47
-47
-49
-46
-45
-44
-41
-39
-35
-32
-28
-25
-24
-22
-19
-17
-16
-19
-20
-22
-26
-29
-30
-30
-29
-28
-26
-24
-21
-20
-16
-16
-18
-20
-26
-29
-35
-39
-45
-52
-57
-64
-72
-75
-78
-80
-81
-85
-86
-88
-88
-85
-84
-81
-76
-69
-60
-53
-46
-40
-37
-35
-36
-39
-41
-45
-49
-51
-54
-59
-66
-72
-80
-86
-89
-92
-94
-94
-92
-86
-75
-62
-48
-34
-18
-3
10
22
34
47
62
72
82
90
98
105
111
117
121
129
137
143
151
158
164
171
174
178
182
183
188
189
188
185
182
177
174
168
160
150
140
129
114
97
79
58
38
18
-5
-25
-43
-63
-78
-93
-107
-119
-131
-138
-147
-150
-154
-156
-155
-153
-151
-145
-138
-133
-126
-118
-110
-101
-96
-93
-87
-82
-77
-73
-71
-64
-59
-56
-52
-48
-45
-44
-42
-38
-40
-42
-45
-44
-45
-45
-45
-45
-40
-38
-34
-34
-33
-31
-26
-22
-16
-10
-2
5
12
19
25
30
37
41
47
52
53
52
53
54
52
45
40
37
34
28
20
11
1
-11
-21
-28
-36
-45
-53
-60
-67
-71
-74
-74
-71
-65
-58
-50
-39
-29
-15
-2
11
27
43
63
83
107
130
154
173
195
219
235
248
257
265
265
264
261
254
248
232
215
201
184
164
140
114
93
68
43
21
1
-20
-37
-53
-66
-79
-88
-99
-104
-108
-110
-108
-109
-109
-107
-101
-93
-87
-82
-78
-74
-70
-66
-62
-59
-56
-50
-46
-44
-46
-46
-49
-50
-51
-55
-59
-64
-63
-64
-68
-73
-76
-77
-77
-79
-81
-83
-86
-85
-88
-92
-93
-91
-88
-84
-83
-78
-74
-72
-70
-69
-64
-62
-57
-53
-47
-40
-38
-32
-26
-19
-14
-11
-6
-2
0
4
8
11
17
20
22
28
30
32
36
40
46
49
54
60
66
73
79
86
92
97
99
103
107
113
117
120
121
122
121
118
115
110
105
101
98
94
88
83
76
70
65
58
50
42
34
27
22
15
5
-3
-11
-17
-21
-29
-34
-41
-48
-53
-58
-64
-66
-67
-68
-69
-69
-69
-69
-67
-65
-62
-62
-60
-56
-53
-49
-45
-39
-36
-31
-28
-27
-26
-22
-21
-23
-25
-26
-25
-26
-26
-25
-24
-25
-26
-29
-32
-35
-36
-39
-41
-43
-44
-47
-50
-56
-61
-65
-71
-76
-84
-92
-96
-100
-102
-107
-112
-112
-112
-110
-108
-108
-105
-99
-94
-85
-79
-73
-65
-53
-42
-29
-18
-5
7
21
34
47
62
73
89
104
119
135
151
164
178
195
213
228
239
249
257
268
278
280
