3
6
2
-1
0
0
-2
-2
-2
-1
-5
-7
-7
-6
-5
-4
-5
-3
2
7
7
8
11
12
12
10
9
11
11
9
9
8
4
3
3
2
-1
-3
-1
0
-2
-2
0
0
-1
1
1
-1
1
2
4
3
3
4
4
4
5
6
5
4
4
2
0
1
-1
2
3
3
2
2
1
0
2
1
-3
-6
-6
-6
-8
-4
-2
-3
-5
-4
-3
-5
-6
-6
-4
-7
-8
-6
-3
-5
-8
-6
-6
-7
-7
-7
-5
-5
-4
-3
-3
-4
-3
-2
-6
-8
-9
-10
-14
-16
-14
-11
-12
-12
-9
-6
-5
-2
0
3
0
0
0
0
0
-1
-1
0
0
0
-1
-2
-2
3
6
4
7
11
14
15
14
16
13
15
14
14
16
15
13
16
16
19
31
34
33
33
32
40
42
35
34
31
32
39
36
39
41
42
55
55
55
63
63
73
76
73
76
67
62
59
56
50
27
5
0
-1
-21
-51
-62
-60
-73
-102
-122
-108
-105
-127
-139
-128
-110
-115
-139
-138
-119
-117
-131
-142
-130
-122
-148
-177
-185
-192
-223
-278
-301
-300
-353
-435
-490
-491
-499
-598
-685
-681
-687
-737
-820
-852
-819
-844
-861
-837
-840
-838
-819
-753
-672
-628
-577
-493
-408
-347
-271
-172
-76
12
103
198
292
397
505
602
709
838
962
1058
1151
1278
1410
1505
1588
1691
1792
1860
1909
1962
2013
2049
2062
2060
2047
2025
1984
1920
1846
1765
1668
1550
1419
1280
1129
971
805
627
442
260
83
-102
-292
-465
-628
-786
-937
-1078
-1217
-1344
-1450
-1542
-1637
-1714
-1761
-1808
-1849
-1847
-1820
-1831
-1846
-1778
-1672
-1653
-1686
-1628
-1487
-1436
-1489
-1471
-1345
-1249
-1254
-1259
-1197
-1107
-1031
-982
-947
-878
-752
-664
-677
-660
-494
-330
-355
-438
-347
-175
-169
-293
-313
-229
-226
-331
-432
-485
-504
-491
-501
-587
-634
-513
-326
-230
-147
93
415
663
886
1208
1576
1892
2173
2467
2731
2948
3157
3345
3469
3553
3643
3715
3717
3675
3639
3595
3511
3391
3240
3052
2838
2600
2325
2038
1761
1467
1123
769
459
172
-124
-408
-650
-891
-1149
-1372
-1545
-1722
-1935
-2140
-2308
-2440
-2566
-2864
-3394
-3670
-3296
-3044
-3884
-4977
-4666
-3466
-3441
-4588
-4853
-3836
-3196
-3465
-3521
-2963
-2454
-2157
-1843
-1652
-1491
-952
-328
-237
-280
242
845
847
806
1398
2052
2073
1932
2254
2717
2837
2771
2834
2964
3024
3019
2924
2718
2573
2617
2630
2393
2111
2070
2078
1843
1558
1524
1541
1329
1087
1034
938
655
485
527
427
111
-74
-110
-297
-533
-544
-567
-856
-1052
-883
-802
-1088
-1251
-1022
-904
-1156
-1289
-1093
-1134
-1749
-2368
-2297
-1788
-1841
-2881
-3903
-3684
-2679
-2574
-3626
-4074
-2999
-1904
-2197
-2835
-2199
-803
-211
-423
-239
572
1183
1283
1391
1836
2353
2623
2672
2748
3021
3368
3522
3491
3561
3808
3937
3762
3485
3343
3286
3141
2837
2424
2035
1799
1588
1166
662
426
397
205
-167
-514
-866
-1131
-1008
-841
-1393
-2273
-2273
-1624
-1739
-2579
-2721
-2061
-1835
-2214
-2279
-1915
-1689
-1572
-1353
-1304
-1410
-1238
-948
-1058
-1282
-1055
-752
-955
-1257
-1061
-724
-783
-932
-726
-402
-306
-289
-140
19
117
276
441
441
403
537
684
612
526
698
924
923
875
1030
1242
1297
1306
1405
1493
1486
1444
1388
1309
1275
1245
1046
734
619
720
662
319
80
201
375
257
18
14
193
222
43
-71
-34
-122
-540
-1032
-1248
-1301
-1610
-2224
-2730
-2922
-3056
-3345
-3569
-3521
-3369
-3328
-3271
-2994
-2602
-2287
-1963
-1461
-889
-461
-134
280
796
1266
1633
1999
2421
2832
3161
3423
3689
3967
4190
4341
4472
4590
4601
4466
4292
4133
3894
3531
3159
2831
2438
1951
1504
1134
742
322
0
-216
-460
-758
-1018
-1204
-1378
-1575
-1781
-1995
-2226
-2470
-2716
-2945
-3097
-3158
-3259
-3489
-3683
-3608
-3350
-3197
-3171
-3025
-2708
-2430
-2266
-2062
-1752
-1438
-1207
-1037
-899
-788
-666
-502
-337
-206
-62
116
251
340
511
790
1029
1161
1303
1501
1637
1672
1694
1729
1731
1713
1696
1611
1476
1412
1429
1423
1385
1393
1429
1437
1450
1485
1450
1337
1278
1311
1271
1042
763
618
570
426
177
8
-12
-52
-223
-343
-243
-65
-71
-234
-292
-180
-84
-132
-282
-497
-736
-870
-932
-1238
-1819
-2157
-2037
-2112
-2838
-3511
-3356
-2900
-3096
-3683
-3695
-3125
-2824
-2995
-2961
-2386
-1751
-1489
-1355
-941
-311
166
416
742
1331
1941
2281
2485
2875
3414
3782
3954
4195
4541
4747
4778
4821
4859
4734
4523
4398
4248
3884
3432
3121
2847
2382
1830
1446
1179
796
312
-77
-364
-715
-1150
-1512
-1743
-1968
-2254
-2552
-2882
-3313
-3691
-3760
-3658
-3800
-4208
-4438
-4306
-4121
-4099
-4064
-3847
-3515
-3184
-2917
-2741
-2532
-2117
-1606
-1286
-1140
-899
-541
-290
-140
108
425
627
757
993
1279
1439
1517
1674
1896
2061
2165
2225
2205
2154
2211
2310
2230
2017
1946
2025
1974
1750
1617
1657
1678
1580
1464
1375
1297
1285
1310
1216
975
797
769
710
513
314
219
137
-13
-175
-312
-449
-531
-484
-413
-516
-758
-864
-718
-532
-553
-777
-1006
-1061
-924
-805
-1004
-1531
-1954
-1900
-1634
-1779
-2451
-3033
-2987
-2610
-2642
-3203
-3591
-3290
-2712
-2593
-2875
-2847
-2249
-1611
-1365
-1241
-813
-178
301
591
958
1483
1964
2265
2537
2944
3391
3679
3833
4062
4403
4680
4788
4807
4830
4865
4857
4737
4470
4144
3875
3615
3209
2651
2138
1755
1366
872
375
-11
-352
-752
-1182
-1553
-1859
-2163
-2482
-2759
-2956
-3193
-3618
-4093
-4277
-4174
-4198
-4501
-4712
-4623
-4534
-4612
-4543
-4150
-3749
-3557
-3352
-2969
-2539
-2162
-1759
-1316
-877
-442
-67
157
328
664
1092
1349
1439
1607
1880
2047
2091
2192
2385
2542
2596
2597
2588
2587
2587
2548
2455
2368
2317
2202
1973
1766
1716
1713
1552
1292
1165
1190
1133
913
737
736
779
712
577
476
398
314
250
191
81
-62
-136
-120
-147
-315
-507
-500
-302
-197
-357
-578
-599
-521
-586
-757
-855
-930
-1233
-1784
-2243
-2287
-2109
-2340
-3179
-3848
-3609
-3047
-3322
-4231
-4371
-3420
-2728
-3130
-3648
-3203
-2274
-1894
-2003
-1804
-1114
-483
-247
-105
370
1133
1763
2102
2481
3159
3819
4100
4226
4618
5168
5458
5458
5454
5504
5461
5321
5151
4922
4651
4450
4260
3853
3255
2771
2493
2141
1567
1016
667
299
-306
-952
-1390
-1733
-2193
-2699
-3096
-3438
-3825
-4273
-4718
-4980
-4950
-4980
-5459
-5905
-5553
-4841
-4895
-5487
-5314
-4353
-3823
-3953
-3757
-2993
-2360
-2033
-1623
-1126
-690
-126
525
897
1095
1568
2129
2315
2385
2817
3292
3319
3217
3456
3752
3686
3475
3448
3460
3315
3127
2962
2700
2376
2165
1990
1661
1306
1129
992
667
326
222
182
-54
-313
-335
-277
-378
-509
-475
-381
-365
-353
-278
-213
-172
-113
-55
-3
98
213
263
343
516
543
244
-57
46
335
243
-244
-605
-737
-1189
-2069
-2519
-2004
-1550
-2464
-4078
-4448
-3410
-3054
-4394
-5572
-4821
-3397
-3542
-4879
-5183
-3988
-2995
-3102
-3213
-2348
-1204
-824
-909
-419
780
1808
2222
2588
3433
4360
4763
4844
5247
6028
6665
6900
6946
6953
6896
6815
6754
6567
6191
5864
5669
5241
4368
3483
3005
2643
1934
1038
394
-94
-848
-1809
-2512
-2857
-3213
-3774
-4309
-4636
-4907
-5327
-5778
-5974
-5901
-5826
-5841
-5797
-5817
-6191
-6491
-5867
-4646
-4153
-4550
-4509
-3582
-2837
-2701
-2269
-1223
-361
34
440
924
1234
1647
2385
2994
3221
3461
3758
3688
3482
3783
4326
4320
3903
3788
3883
3611
3122
2948
2975
2773
2405
2115
1768
1258
880
780
646
322
77
-24
-276
-659
-795
-651
-592
-674
-632
-487
-470
-528
-458
-325
-234
-65
193
266
54
-127
-7
303
542
550
361
223
335
465
225
-222
-348
-142
-180
-758
-1673
-2661
-3267
-2951
-2219
-2681
-4619
-5859
-4932
-3760
-4716
-6542
-6326
-4373
-3661
-4907
-5695
-4636
-3273
-3059
-3092
-2033
-466
167
-52
307
1780
3256
3775
3965
4898
6251
6868
6686
6779
7580
8358
8603
8624
8632
8363
7854
7518
7314
6836
6151
5657
5196
4261
3016
2098
1544
809
-171
-932
-1441
-2223
-3416
-4447
-4912
-5114
-5507
-6046
-6400
-6540
-6738
-7085
-7297
-7163
-6868
-6665
-6476
-6138
-5773
-5571
-5524
-5426
-4869
-3565
-2102
-1646
-2152
-2067
-728
546
839
1074
1971
2702
2722
2742
3145
3442
3576
3946
4287
4129
3770
3570
3312
3012
3129
3436
3132
2313
1861
1896
1744
1305
1113
1206
1101
700
354
177
-3
-133
-54
77
18
-127
-183
-234
-323
-223
131
449
540
563
634
662
668
829
1126
1330
1336
1244
1138
1020
889
774
728
763
755
489
-28
-466
-576
-582
-888
-1500
-2197
-3119
-4328
-4986
-4366
-3644
-4742
-7057
-7759
-6196
-5252
-6740
-8298
-7277
-5096
-4751
-5920
-5872
-4127
-2824
-2777
-2312
-440
1395
1791
1649
2651
4672
6163
6561
6886
7933
9105
9529
9411
9514
9925
10170
10117
9954
9572
8782
7879
7242
6659
5773
4787
3990
3045
1595
106
-822
-1495
-2560
-3811
-4559
-4886
-5535
-6639
-7462
-7580
-7467
-7632
-7858
-7737
-7440
-7377
-7405
-7048
-6277
-5519
-4983
-4495
-3953
-3430
-2850
-2118
-1459
-1039
-497
437
1229
1346
1294
1802
2559
2885
2963
3246
3459
3255
3008
3036
3023
2779
2581
2449
2084
1605
1326
1113
741
480
527
502
145
-194
-211
-139
-180
-149
46
178
176
255
461
584
631
836
1188
1407
1422
1449
1575
1683
1753
1833
1861
1812
1841
1967
1890
1480
1074
993
1108
1094
844
484
250
257
273
-22
-526
-813
-763
-674
-799
-1140
-1659
-2261
-2731
-3109
-3962
-5460
-6437
-5732
-4515
-5227
-7660
-8739
-7312
-6098
-6998
-7825
-6309
-4251
-4321
-5363
-4502
-2063
-709
-787
-55
2295
4370
4731
4461
5267
7071
8506
9040
9423
10171
10708
10464
9960
9965
10236
10020
9324
8615
7825
6647
5376
4412
3470
2228
1115
461
-424
-2117
-3862
-4701
-5017
-5731
-6650
-6999
-6985
-7423
-8215
-8470
-7969
-7396
-7129
-6775
-6007
-5181
-4721
-4412
-3753
-2721
-1800
-1283
-940
-402
366
1072
1468
1611
1778
2115
2487
2729
2810
2713
2410
2056
1932
1999
1889
1449
907
480
151
-98
-237
-392
-694
-986
-1056
-1011
-1061
-1100
-929
-661
-508
-379
-76
320
596
781
1069
1473
1806
1977
2080
2199
2314
2409
2493
2516
2433
2322
2243
2109
1887
1755
1785
1681
1224
715
569
663
617
422
286
90
-316
-609
-465
-223
-413
-833
-923
-753
-800
-1024
-1078
-1119
-1525
-2081
-2396
-2847
-4088
-5636
-6112
-5206
-4484
-5403
-7124
-7606
-6639
-6065
-6632
-6685
-5143
-3597
-3645
-4057
-2822
-604
487
522
1513
3883
5806
6229
6278
7143
8388
9147
9587
10251
10869
10805
10114
9415
9009
8670
8154
7430
6484
5288
3977
2753
1559
191
-1209
-2211
-2807
-3567
-4763
-5909
-6565
-7013
-7569
-7849
-7469
-6908
-6848
-7071
-6845
-6081
-5309
-4699
-3896
-2782
-1760
-1103
-585
87
836
1433
1942
2537
2963
2682
1831
1422
2060
2845
2501
1207
275
137
-165
-1157
-1991
-1836
-1289
-1479
-2352
-2921
-2847
-2712
-2812
-2622
-1823
-971
-717
-917
-901
-329
547
1314
1869
2407
2981
3322
3308
3326
3756
4335
4567
4487
4438
4384
4015
3351
2770
2484
2350
2110
1661
1077
468
-126
-650
-976
-1041
-965
-997
-1256
-1590
-1680
-1467
-1231
-1069
-776
-472
-515
-596
-54
624
296
-651
-639
350
689
-21
-572
-714
-1525
-3173
-4605
-5346
-5646
-5543
-5447
-6328
-7908
-8462
-7694
-7382
-7992
-7626
-5650
-4127
-4170
-3991
-2219
-208
682
1410
3294
5747
7420
8099
8484
9125
10067
10945
11415
11682
12094
12190
11259
9741
8756
8311
7461
6059
4809
3750
2288
473
-1138
-2533
-3943
-5055
-5627
-6169
-7046
-7790
-8061
-8299
-8678
-8531
-7541
-6438
-5852
-5425
-4641
-3673
-2860
-2025
-865
469
1583
2351
2898
3338
3656
3827
3923
4039
4162
4105
3648
2738
1485
-13
-1514
-2447
-2532
-2509
-3455
-5125
-6254
-6501
-6614
-6689
-6025
-4868
-4306
-4335
-3919
-2820
-1750
-907
120
1364
2551
3583
4367
4729
4870
5221
5771
6246
6651
6996
6909
6158
5193
4607
4382
4102
3591
2963
2211
1237
180
-659
-1213
-1660
-2050
-2315
-2528
-2780
-2947
-2930
-2860
-2734
-2255
-1351
-464
-5
159
415
888
1372
1681
1903
2155
2320
2252
2096
1953
1565
807
97
-292
-824
-2119
-4270
-6847
-8885
-9280
-8291
-7835
-8972
-10315
-10433
-10194
-10566
-10189
-7769
-4967
-3955
-3753
-2048
832
2820
3687
5024
7360
9668
11281
12451
13371
13787
13525
12903
12543
12800
13141
12541
10756
8572
6636
4833
3046
1533
207
-1406
-3258
-4871
-6245
-7677
-8903
-9520
-9811
-10085
-9867
-8819
-7744
-7457
-7392
-6521
-4929
-3374
-1886
-70
1715
2726
3073
3570
4484
5343
5863
6204
6409
6237
5597
4684
3665
2543
1418
300
-1193
-2996
-4149
-4132
-4416
-6341
-8562
-9317
-9281
-9778
-9678
-7915
-6406
-6543
-6616
-4951
-2823
-1538
-90
1838
3269
4200
5578
7075
7543
7587
8014
8245
7907
7786
8167
7709
6043
4523
3867
3386
2504
1800
1386
539
-762
-1762
-2099
-2357
-2783
-3001
-3045
-3144
-3155
-2763
-2291
-2188
-2015
-1341
-472
176
805
1624
2093
2014
1945
2387
3123
3490
3260
2486
1684
1463
1794
2129
1765
833
-222
-1218
-2134
-3099
-3957
-5334
-7991
-11141
-12551
-10975
-8897
-9058
-10719
-11308
-10407
-10025
-9698
-7277
-3320
-793
-672
44
2969
6151
7722
8292
9684
11638
13101
14042
14732
15156
14459
12648
10766
9757
9765
9450
7921
5410
2660
256
-1858
-3388
-4429
-5491
-6672
-7762
-8462
-9021
-9335
-9083
-8703
-8527
-8015
-6235
-3705
-1963
-1149
-321
881
1898
2772
4336
6287
7373
7121
6417
6088
5792
5131
4324
3594
2728
1442
53
-1157
-2421
-3939
-5596
-6923
-7688
-8016
-8219
-8764
-9581
-10612
-11582
-11315
-8865
-5238
-3265
-3287
-2942
-1349
290
1501
3788
6636
7927
7873
8107
9030
9208
8502
7687
6699
5955
5806
5921
5154
3415
1794
273
-1066
-1564
-912
-241
-917
-2160
-2873
-2954
-2883
-2671
-1947
-1291
-1047
-915
-500
97
408
615
847
1167
1724
2493
3148
3183
2925
2758
2392
1622
953
965
975
262
-726
-1246
-1396
-1801
-2328
-2633
-2906
-3361
-3922
-4381
-4877
-5735
-7120
-8742
-9441
-8511
-7055
-6595
-6861
-6340
-5246
-4912
-4829
-3334
-606
1287
1974
3153
5330
7137
7656
7831
8571
9464
9985
10242
10587
10740
10106
8633
6863
5552
4799
4060
2967
1665
412
-946
-2445
-3722
-4593
-5203
-5636
-5720
-5488
-5169
-4719
-4153
-3791
-3659
-3140
-1848
-337
825
1810
2801
3420
3401
3278
3581
4006
4007
3592
3173
2758
2025
946
-205
-1240
-2283
-3298
-4063
-4517
-4852
-5328
-5934
-6501
-6784
-6779
-6801
-6799
-6242
-4822
-3305
-2452
-1844
-880
162
675
1245
2418
3320
3147
2727
3381
4409
4429
3670
3205
3077
2602
2192
2407
2677
2248
1327
660
341
299
494
555
278
12
219
556
605
659
900
992
790
946
1724
2374
2366
2072
2009
1990
1787
1659
1679
1529
1040
532
257
47
-240
-597
-995
-1394
-1603
-1477
-1236
-1184
-1311
-1404
-1426
-1409
-1252
-890
-617
-735
-932
-750
-346
-535
-1493
-2482
-3312
-4625
-6547
-7696
-7223
-6461
-6764
-7497
-7185
-6258
-6044
-6032
-4903
-2831
-1272
-360
1123
3280
5074
5935
6507
7423
8479
9388
10066
10590
10866
10549
9567
8240
7124
6300
5341
4114
2842
1711
541
-784
-2052
-3204
-4255
-5078
-5474
-5439
-5178
-4734
-4241
-3937
-3766
-3315
-2348
-1246
-265
740
1829
2668
3034
3255
3520
3626
3365
2943
2670
2431
1970
1039
-194
-1378
-2251
-2994
-4138
-5457
-6395
-6732
-7029
-7534
-7687
-7445
-7088
-6665
-5514
-3661
-2107
-1148
-353
804
2048
3185
4329
5217
5714
5823
5848
5804
5597
5310
4710
3849
3033
2596
2342
1790
1061
326
-381
-1078
-1492
-1435
-1342
-1505
-1786
-1841
-1707
-1574
-1350
-1045
-754
-509
-112
475
1030
1487
1737
1751
1689
1861
2272
2488
2377
2069
1688
1275
846
435
-91
-655
-1178
-1759
-2262
-2382
-2083
-2032
-2485
-2752
-2446
-2020
-2052
-2007
-1374
-835
-874
-947
-187
-62
-2562
-6163
-7244
-4837
-2978
-3643
-4101
-2613
-1658
-3523
-4647
-2426
216
125
-771
1291
4555
5808
5406
5449
6074
5704
5222
6012
7662
8794
8453
7209
5782
4873
4418
3528
2348
1562
1223
627
-316
-697
-877
-1935
-3641
-4696
-4443
-3808
-3250
-2650
-2230
-2252
-2585
-2520
-1980
-1235
-597
-101
299
779
1251
1398
763
-827
-1929
-1761
-719
-621
-1174
-1192
-1662
-3099
-4568
-3914
-2715
-2782
-3083
-2477
-1316
-1225
-1331
-1026
-831
-850
-669
443
1723
2597
2876
2496
1974
1664
1969
2388
2577
2783
2944
2809
2270
1951
1780
1137
213
-199
76
281
135
-127
-508
-1134
-1730
-1783
-1294
-739
-449
-321
-170
-19
65
132
267
425
590
873
1282
1593
1533
1130
670
332
165
189
344
404
183
-182
-689
-1403
-2039
-2112
-1681
-1341
-1169
-974
-825
-882
-967
-895
-844
-707
-357
37
215
466
933
1130
532
-1014
-2862
-3992
-3631
-2717
-2472
-2551
-2333
-2194
-2755
-2720
-1575
-824
-1060
-950
543
1883
2481
3181
3829
3589
2702
2877
3877
4517
4798
5038
5041
4384
3980
4109
3885
3173
2557
2260
1758
1421
1611
1444
335
-878
-1307
-1545
-1958
-2000
-1732
-1963
-2740
-3023
-2689
-2423
-2434
-2341
-2065
-2270
-2531
-1978
-735
-337
-1354
-1978
-1550
-1016
-1181
-986
-121
-60
-822
-1172
-463
25
-362
-809
-837
-539
-354
-116
173
216
-69
-462
-448
52
722
1028
810
580
729
970
935
902
1080
1044
628
471
839
1032
640
144
17
-3
-115
-81
138
205
-84
-345
-295
-136
-135
-255
-263
-190
-110
-6
137
238
143
-24
-65
118
307
289
215
237
300
234
165
186
202
85
-37
68
256
322
133
-58
-64
-34
-80
-170
-53
64
-44
-159
-17
247
237
119
114
232
228
188
325
539
679
557
557
-54
-1653
-3030
-2900
-2013
-2588
-2996
-1874
-1103
-2204
-3024
-1291
-481
-1823
-2159
-218
1227
705
1244
2575
2366
1224
1265
2279
2439
2570
3172
3207
2706
2657
2869
2340
1740
1811
1755
1095
980
1577
1499
413
-348
-234
-919
-2279
-2548
-1474
-953
-1741
-1639
-735
-532
-1138
-1032
-65
33
-225
47
770
1172
1058
906
526
127
-193
-445
-446
-193
-13
-260
-638
-648
-601
-987
-1464
-1546
-1332
-1428
-1550
-1207
-843
-1010
-1493
-1473
-1111
-972
-968
-732
-299
-140
-207
-104
165
235
21
-83
106
249
191
128
103
-28
-286
-394
-327
-219
-121
-58
57
189
266
191
67
88
184
230
264
445
703
781
636
589
754
865
794
831
1146
1332
1259
1231
1329
1249
969
861
867
741
546
507
556
534
481
436
397
296
89
-143
-198
-103
-89
-136
-57
41
-36
-93
68
178
-20
-222
-94
135
120
-33
-42
-46
-280
-510
-510
-465
-598
-676
-555
-579
-839
-1004
-968
-1084
-1321
-1285
-1073
-1026
-1029
-798
-666
-791
-838
-711
-688
-769
-606
-389
-323
-199
77
267
176
80
199
386
440
451
665
908
909
897
1047
1188
1136
1026
1045
1127
1203
1195
1208
1166
969
795
722
681
533
547
653
565
393
250
82
-131
-135
-73
-208
-409
-438
-363
-390
-585
-697
-656
-803
-1026
-1016
-757
-625
-873
-1100
-1033
-933
-1148
-1344
-1084
-1001
-917
-593
-563
-793
-925
-591
-349
-247
-250
-285
64
204
59
3
141
226
54
-83
-10
76
10
-220
-151
104
71
150
301
203
131
459
789
736
737
881
878
935
827
721
1078
1184
810
703
1083
931
778
1170
1216
777
409
575
683
564
284
267
270
-23
91
253
-102
-327
3
25
-230
-262
-307
-448
-127
14
-354
-537
-565
-501
-298
-170
-691
-847
-397
-281
-635
-504
-46
-338
-594
-378
-304
-535
-423
-295
-137
-407
-722
-501
-295
-344
-912
-469
-99
-492
-476
-292
-242
-572
-375
-97
-196
-53
-172
-177
238
305
-118
-235
168
-19
-264
62
305
272
268
311
68
56
254
285
216
316
286
179
568
653
289
370
668
433
126
342
449
-26
109
395
410
519
278
107
-80
19
202
198
-34
-163
-152
28
98
-57
-112
-483
-424
-331
29
249
-210
-267
88
165
-19
165
252
-53
-173
382
345
-99
-47
3
-56
-316
-380
-384
-328
-501
-562
-177
122
-273
-458
-222
-404
-76
207
139
-240
-73
264
82
120
229
237
207
388
298
286
294
258
413
625
442
155
328
22
-406
-93
364
14
-240
97
-40
-281
-232
-114
-189
-190
198
353
122
-141
-219
-30
137
-117
-444
-386
-215
-269
-439
-356
-232
-651
-575
-264
-437
-686
-280
109
-476
-145
195
-257
-259
163
-38
-654
-44
422
-143
-303
200
348
-238
-260
172
-30
58
326
15
-26
454
507
22
94
234
94
505
674
-33
-258
554
565
-18
333
827
276
-310
297
335
206
605
393
-14
126
463
123
0
139
-161
-396
263
240
-611
-467
178
49
-614
-95
309
-175
-285
-153
-228
-12
62
-71
34
295
202
-56
364
472
88
-99
286
336
279
344
223
-59
-246
-277
-215
-60
-101
-87
-56
22
-410
-315
-58
-8
-236
-428
18
364
-230
-799
-211
293
-67
-494
-18
95
-296
-329
-59
-126
-507
-125
187
-140
-359
-348
-109
-225
-329
-502
-351
-160
-353
-116
94
-43
-360
-239
-28
25
-112
-195
173
146
248
371
418
312
285
339
62
330
581
278
-135
144
702
322
-265
-192
65
-68
246
442
-247
-334
356
484
-44
164
376
60
98
478
218
45
326
404
-33
134
125
-176
30
254
-15
-417
251
232
-129
-187
-106
-418
-515
487
518
-424
-459
323
156
-487
-66
423
-77
-328
255
352
31
-125
-5
-121
284
404
-187
-235
101
-310
-615
335
303
-629
-635
53
-284
-459
17
-138
-798
-241
429
-53
-318
28
104
-415
3
412
86
-91
112
176
-45
13
64
-157
-141
219
125
-176
-333
-514
-330
156
-26
-1053
-506
545
111
-435
159
453
-307
-51
385
723
365
11
321
678
725
-54
275
689
208
-186
341
965
331
-515
-1
658
198
-541
-582
140
268
-358
-355
76
363
-238
-473
41
-64
-431
-594
69
220
-563
-510
276
254
-723
-766
1
57
-168
-121
102
-102
-290
-196
247
297
-336
-698
78
749
10
-226
160
186
46
155
163
-122
296
639
-48
-6
356
322
-133
-79
587
278
-50
42
607
222
-63
361
78
-27
-114
140
230
254
92
-787
-30
399
-440
-701
34
382
-526
-251
-52
-460
-80
588
-125
-896
-161
40
-431
-234
573
167
-187
72
224
94
98
-114
-186
164
-136
21
308
113
-354
-19
439
-94
-172
48
-25
166
-152
-597
-17
630
-61
-419
341
362
-290
-524
-30
3
25
-184
-45
532
293
-274
-393
170
402
0
-417
39
501
56
-28
282
134
-116
197
350
108
124
-33
-164
157
227
-215
-365
299
480
-384
-552
229
662
-312
-452
-46
-291
-202
-99
91
57
18
-180
56
399
-39
-678
-255
510
449
-104
-335
66
-23
-36
166
80
-85
-38
-15
-311
21
119
-198
-181
-90
-468
-547
228
100
-482
-90
362
-39
89
228
85
205
306
87
-148
150
165
389
499
-19
24
423
141
-215
280
757
-51
-699
-214
148
-57
-166
-236
-186
192
36
-230
-179
77
-129
-109
-142
119
651
206
-542
-411
234
-65
-127
-88
77
259
-45
53
417
97
-697
-323
551
292
-290
48
69
-226
-284
-84
97
-108
43
-92
-63
-136
159
319
183
-136
-473
26
153
-134
-188
137
257
-394
-172
356
-56
40
145
294
-154
-5
478
133
222
226
86
-249
-250
-22
375
522
100
-224
-82
84
-115
-134
-126
-16
-73
-98
296
108
-555
-488
-76
-305
-389
247
282
-220
-433
-97
148
-183
-378
-23
284
40
174
436
-47
-112
522
310
-145
119
332
291
188
171
54
207
241
-349
-63
340
-261
-448
246
354
-582
-269
324
-386
-696
24
62
-447
-138
-90
-36
-48
-331
-229
253
111
-617
6
550
25
-80
75
230
78
-251
-64
493
186
-494
4
778
139
-104
212
-211
-243
74
-58
-2
487
350
-228
147
218
-353
-282
44
-104
17
537
161
-375
-28
390
58
-273
-162
-247
-350
-266
302
782
244
-486
-196
248
57
-346
-183
211
-137
-379
5
614
212
-351
-48
89
-64
-182
-145
228
395
-225
-351
371
569
-335
-343
262
-126
-243
195
412
71
-260
-212
-72
376
-147
-375
120
365
-41
-177
171
-159
-61
185
89
-238
-171
450
-98
-306
-11
359
-58
-597
169
73
-264
74
298
294
-64
101
-112
-381
-110
-160
-8
238
208
-55
49
189
0
-333
-15
256
-141
-107
237
419
1
51
-5
-403
-219
165
162
-198
145
261
-317
-207
93
198
-5
-217
-2
6
214
-39
-334
93
70
-82
-116
294
409
-69
-129
230
168
-333
-285
-75
-18
151
-52
-66
-115
-166
-605
-324
302
64
224
657
735
47
-200
40
63
-125
-408
-237
-125
113
28
15
164
-75
130
-92
21
-209
-64
122
-9
57
-83
98
-287
-216
128
196
-44
-99
259
271
85
-36
-44
12
75
-143
-274
-147
252
147
-313
-16
300
277
-107
-64
50
-34
-130
-231
136
277
29
-127
161
132
-309
-203
50
228
115
18
-98
-27
0
-247
-150
76
92
-79
78
216
112
-98
9
167
-189
-270
-181
67
-22
23
132
111
-96
-134
115
232
-114
-71
89
-101
-72
27
26
-101
33
-114
79
192
285
-260
-466
57
267
143
-232
-171
57
274
408
-85
-155
156
-104
-186
-13
46
-130
-153
-30
236
341
156
-230
-99
-102
-91
37
-8
-278
-157
156
80
-39
-161
-25
291
300
-143
-298
125
363
-156
-202
192
444
343
176
135
-265
-409
-358
-346
-11
91
66
27
175
241
-6
-108
-79
-32
-209
-79
151
220
144
34
108
18
-107
-140
-149
-40
-322
-145
129
104
179
-50
-231
-236
-123
143
145
375
493
216
-61
-118
-44
-154
-270
56
98
-173
-81
-259
-83
77
95
-6
-125
347
-191
-173
214
330
216
-29
101
-262
-201
109
-53
-13
25
20
-43
229
235
-177
-349
-62
42
-74
173
155
49
-19
319
65
-439
-445
39
-67
-194
-19
212
86
34
362
194
201
80
-126
-470
-261
81
-42
104
93
40
-184
9
-3
-242
-273
-70
157
-72
217
505
185
-407
-151
170
129
49
334
209
-63
-96
-88
48
-216
-284
-74
6
57
103
136
-62
-171
-76
-18
-97
-107
35
18
66
74
200
81
50
-171
-68
92
62
3
75
147
-108
-26
-73
-47
53
-55
-196
-166
-59
210
60
86
31
114
119
-192
-43
-90
19
-58
30
229
3
-41
38
115
-178
-168
8
9
-1
-8
129
45
206
160
-141
-225
-107
14
-144
-23
216
207
67
33
-21
-89
-258
-112
-94
50
57
-2
120
64
-58
-104
-29
26
48
120
151
-102
-11
5
153
105
-209
-120
67
48
-74
-121
85
9
-31
24
-122
-63
66
73
34
-139
-16
41
-185
-75
80
161
143
-107
-140
5
275
198
-148
-139
-20
-7
2
-111
70
70
46
106
-59
-6
-62
-9
15
-146
-189
-19
189
65
-10
243
167
-142
-158
64
124
-349
-169
92
148
224
61
-12
-184
76
67
-199
-46
83
50
-210
-40
145
-18
-127
40
149
97
-91
-123
70
-40
-113
-57
34
93
145
204
22
132
-10
-216
-45
-44
51
102
391
195
140
321
407
155
-355
-441
-325
-125
12
138
18
-68
-110
-3
-103
-259
-87
-50
32
40
159
156
212
311
103
-65
-183
-202
-85
-47
22
-100
-42
-70
-147
-209
-289
-43
-115
-63
-67
-318
-270
-254
-74
-235
-238
-110
-185
-57
5
1
-211
-195
55
134
251
312
272
111
76
62
120
287
400
293
97
187
239
114
52
260
192
-38
-9
143
113
-96
-119
-58
-121
-148
28
168
81
-4
59
47
-33
-56
5
-34
-120
-75
40
71
136
169
158
117
16
-111
-203
-45
106
79
19
-16
8
7
89
135
-25
-139
-112
-88
-51
-22
10
-59
-153
-180
-209
-168
-96
-89
-151
-243
-301
-336
-324
-230
-155
-163
-158
-112
-79
-83
-47
10
14
-20
15
80
178
230
239
212
140
155
214
277
250
227
223
176
170
215
243
187
99
51
41
46
45
16
-19
-45
-42
-54
-88
-108
-136
-177
-217
-185
-129
-136
-132
-120
-96
-93
-86
-60
-45
5
37
59
82
107
141
113
110
137
179
220
224
233
201
180
152
114
65
21
22
-19
-72
-104
-109
-135
-195
-250
-296
-308
-305
-326
-373
-373
-347
-355
-384
-412
-375
-343
-349
-348
-318
-271
-219
-161
-72
10
73
139
197
251
281
326
349
336
304
274
279
286
309
343
339
322
301
277
275
260
220
181
161
155
138
138
125
67
19
6
-5
-25
11
112
205
228
156
-19
-243
-386
-412
-404
-457
-493
-433
-362
-378
-525
-675
-687
-497
-54
668
1521
2090
2245
2169
2041
1860
1661
1524
1440
1319
1127
926
659
221
-439
-1158
-1612
-1648
-1422
-1246
-1232
-1329
-1540
-1799
-2017
-2158
-2273
-2394
-2508
-2570
-2465
-2196
-1863
-1486
-1009
-496
-94
192
483
834
1164
1349
1334
1215
1089
976
867
763
697
717
939
1394
2008
2688
3365
3929
4244
4204
3773
3051
2241
1476
681
-172
-968
-1644
-2274
-2931
-3585
-4202
-4717
-5081
-5286
-5322
-5217
-5040
-4772
-4327
-3676
-2770
-1575
-167
1372
3119
4949
6451
7297
7285
6297
4671
3038
1484
-106
-1174
-1142
-529
-412
-1171
-1995
-1397
1018
3273
3105
875
-1431
-3028
-4296
-5193
-5250
-4372
-2761
-631
1619
3434
4452
4689
4417
3952
3510
3187
2999
2846
2512
1869
1040
247
-431
-1024
-1481
-1747
-1880
-1974
-2028
-1939
-1555
-814
88
857
1402
1787
2028
2081
1952
1651
1210
669
28
-738
-1580
-2428
-3262
-4042
-4679
-5068
-5106
-4735
-4027
-3117
-2088
-988
105
1060
1760
2172
2371
2427
2338
2111
1819
1536
1312
1198
1179
1177
1122
1001
785
413
-121
-700
-1215
-1656
-2051
-2420
-2847
-3460
-4251
-5037
-5629
-5953
-6021
-5867
-5514
-4868
-3654
-1576
1297
4347
6720
7885
7922
7308
6466
5615
4925
4547
4455
4483
4524
4590
4673
4675
4519
4215
3828
3423
3025
2634
2258
1916
1601
1250
826
397
34
-331
-775
-1255
-1695
-2111
-2545
-3007
-3467
-3864
-4201
-4548
-4865
-4982
-4903
-4796
-4691
-4484
-4222
-4059
-3957
-3782
-3536
-3290
-3002
-2633
-2225
-1779
-1265
-789
-502
-373
-255
-148
-129
-117
22
286
578
919
1395
1978
2528
2965
3344
3710
3978
4024
3840
3500
3072
2608
2171
1812
1591
1519
1524
1538
1598
1763
1959
2057
2035
1958
1848
1671
1406
1071
648
86
-623
-1421
-2204
-2858
-3330
-3697
-4054
-4384
-4628
-4825
-5025
-5142
-5080
-4894
-4708
-4527
-4209
-3648
-2905
-2084
-1212
-276
663
1523
2297
3041
3779
4476
5068
5534
5928
6269
6464
6412
6136
5715
5228
4752
4360
4049
3766
3466
3145
2792
2352
1750
966
127
-567
-1034
-1374
-1709
-2027
-2270
-2485
-2768
-3139
-3517
-3862
-4211
-4557
-4851
-5079
-5267
-5371
-5324
-5171
-5005
-4790
-4433
-3975
-3553
-3163
-2694
-2167
-1711
-1323
-870
-321
210
679
1137
1571
1908
2183
2468
2718
2859
2939
3017
3029
2926
2805
2727
2602
2371
2124
1937
1755
1523
1286
1096
929
736
519
334
219
161
128
124
152
199
268
374
479
522
520
515
487
422
403
483
590
646
695
771
791
695
572
497
381
90
-369
-840
-1225
-1542
-1835
-2069
-2190
-2255
-2382
-2603
-2821
-2942
-2965
-2970
-3018
-3029
-2837
-2441
-2031
-1631
-1073
-396
166
561
938
1355
1765
2159
2540
2892
3221
3502
3680
3800
3957
4104
4108
3956
3727
3440
3082
2688
2298
1905
1483
1022
507
-70
-668
-1222
-1711
-2177
-2642
-3059
-3368
-3580
-3751
-3889
-3954
-3958
-3988
-4079
-4136
-4084
-3983
-3890
-3760
-3538
-3276
-3055
-2843
-2531
-2082
-1578
-1086
-566
33
680
1324
1978
2635
3229
3701
4041
4264
4398
4483
4535
4519
4417
4280
4143
3968
3737
3497
3263
2948
2489
1959
1471
1028
590
183
-166
-487
-799
-1084
-1336
-1576
-1801
-1988
-2163
-2314
-2362
-2270
-2117
-1970
-1805
-1594
-1351
-1100
-829
-561
-336
-151
23
198
385
583
755
835
803
708
583
358
-81
-730
-1419
-1955
-2306
-2584
-2840
-2991
-2997
-3023
-3244
-3548
-3669
-3592
-3573
-3691
-3693
-3376
-2877
-2401
-1894
-1224
-470
142
560
967
1517
2148
2712
3181
3663
4210
4720
5089
5345
5576
5786
5874
5784
5575
5366
5194
5010
4770
4497
4226
3931
3531
3005
2450
1979
1557
1032
350
-373
-984
-1451
-1852
-2239
-2587
-2899
-3242
-3662
-4161
-4688
-5116
-5288
-5247
-5249
-5374
-5358
-5049
-4698
-4518
-4263
-3712
-3122
-2782
-2488
-1933
-1232
-653
-154
392
882
1211
1502
1828
2085
2276
2519
2749
2756
2613
2570
2587
2393
1984
1646
1423
1082
588
191
14
-80
-187
-249
-256
-278
-307
-289
-254
-257
-233
-104
73
235
444
773
1109
1315
1409
1488
1538
1491
1402
1372
1406
1466
1551
1654
1709
1676
1574
1391
1081
624
12
-759
-1576
-2196
-2531
-2778
-3078
-3298
-3336
-3424
-3763
-4145
-4267
-4227
-4300
-4423
-4307
-3909
-3424
-2933
-2349
-1675
-1039
-525
-110
288
787
1449
2188
2853
3424
3972
4484
4852
5088
5316
5549
5686
5664
5537
5368
5167
4929
4667
4350
3954
3497
2972
2331
1604
924
357
-184
-772
-1351
-1875
-2367
-2847
-3289
-3685
-4055
-4392
-4697
-4977
-5173
-5275
-5451
-5779
-5988
-5765
-5278
-4851
-4411
-3722
-2937
-2433
-2140
-1713
-1102
-505
43
640
1243
1827
2473
3095
3459
3563
3673
3807
3738
3533
3543
3803
3939
3782
3559
3409
3174
2733
2240
1817
1386
890
429
98
-145
-370
-596
-848
-1139
-1410
-1566
-1632
-1691
-1688
-1515
-1213
-938
-725
-487
-240
-89
-35
26
126
226
335
508
719
896
1022
1085
1024
809
499
94
-513
-1305
-2027
-2443
-2639
-2815
-3002
-3080
-3082
-3227
-3602
-4014
-4205
-4171
-4094
-4030
-3816
-3347
-2760
-2240
-1768
-1207
-560
-1
388
747
1277
2003
2801
3560
4252
4849
5284
5553
5720
5846
5952
6051
6147
6177
6071
5858
5601
5294
4870
4343
3796
3248
2645
1955
1256
644
122
-400
-1009
-1672
-2288
-2833
-3375
-3896
-4302
-4637
-5109
-5696
-6058
-6026
-5913
-6020
-6145
-5964
-5583
-5292
-5004
-4434
-3624
-2883
-2329
-1852
-1368
-841
-225
427
975
1421
1939
2513
2917
3108
3310
3594
3715
3559
3371
3382
3469
3403
3194
2958
2655
2207
1691
1219
797
433
173
-43
-341
-672
-870
-943
-1076
-1283
-1366
-1258
-1122
-1069
-974
-719
-389
-137
21
167
350
542
710
870
1049
1249
1439
1585
1662
1657
1576
1426
1223
957
584
37
-693
-1489
-2136
-2520
-2763
-3023
-3276
-3437
-3624
-4025
-4537
-4832
-4792
-4642
-4567
-4447
-4075
-3484
-2877
-2332
-1733
-1019
-324
191
581
1087
1834
2717
3564
4326
5012
5549
5854
5963
6039
6177
6359
6508
6549
6419
6119
5735
5348
4927
4401
3787
3167
2551
1864
1105
415
-119
-604
-1198
-1910
-2619
-3248
-3827
-4393
-4897
-5254
-5462
-5658
-5976
-6374
-6657
-6721
-6642
-6467
-6092
-5463
-4758
-4162
-3615
-2963
-2215
-1467
-722
38
754
1383
1984
2593
3148
3601
3964
4201
4254
4178
4129
4149
4132
4015
3838
3636
3374
3048
2699
2321
1887
1410
914
392
-141
-592
-924
-1230
-1588
-1920
-2101
-2156
-2183
-2163
-1993
-1681
-1361
-1123
-919
-669
-367
-91
107
249
419
635
829
959
1087
1265
1429
1480
1415
1301
1130
828
306
-502
-1519
-2427
-2882
-2939
-3010
-3270
-3462
-3508
-3794
-4547
-5270
-5354
-4924
-4549
-4367
-4017
-3354
-2687
-2250
-1877
-1285
-445
420
1126
1762
2573
3637
4716
5551
6163
6705
7143
7359
7443
7628
7956
8241
8316
8137
7700
7058
6361
5710
5050
4322
3586
2890
2116
1149
107
-786
-1502
-2219
-3041
-3879
-4585
-5126
-5580
-6044
-6479
-6762
-6932
-7324
-8135
-8876
-8776
-7825
-6834
-6242
-5665
-4867
-4343
-4346
-4191
-3241
-1838
-660
210
987
1628
2103
2580
3036
3247
3316
3562
3854
3834
3690
3891
4237
4049
3290
2585
2233
1951
1601
1429
1479
1397
957
311
-312
-798
-1048
-1032
-920
-877
-829
-635
-409
-338
-311
-42
472
921
1146
1357
1767
2237
2475
2443
2368
2400
2464
2469
2489
2627
2797
2774
2452
1916
1340
791
169
-735
-2005
-3291
-4029
-4142
-4221
-4711
-5310
-5613
-5971
-6918
-8030
-8247
-7365
-6355
-5965
-5832
-5343
-4651
-4258
-4003
-3199
-1669
-29
1114
1830
2599
3632
4707
5555
6229
6957
7762
8389
8682
8846
9131
9424
9405
8968
8283
7545
6873
6323
5810
5169
4350
3424
2351
1031
-344
-1366
-1919
-2348
-3010
-3891
-4764
-5533
-6262
-6935
-7341
-7426
-7556
-8024
-8462
-8270
-7550
-6916
-6505
-6027
-5601
-5540
-5392
-4379
-2689
-1211
-233
558
1083
1139
1258
2085
3293
4115
4543
4897
4933
4463
4085
4326
4704
4599
4252
4054
3737
3055
2441
2232
2000
1369
670
290
17
-401
-741
-848
-1055
-1599
-2128
-2228
-2028
-1814
-1521
-1045
-658
-632
-710
-513
-88
323
785
1373
1775
1723
1508
1546
1775
1944
2129
2448
2636
2393
1895
1500
1191
643
-377
-1796
-3173
-3861
-3710
-3464
-3907
-4805
-5488
-6161
-7407
-8607
-8365
-6695
-5289
-5215
-5722
-5777
-5475
-5211
-4578
-2970
-701
1189
2040
2147
2397
3365
4808
6124
7208
8387
9511
9959
9697
9536
9954
10429
10362
9911
9469
8990
8309
7539
6747
5721
4418
3137
2007
864
-243
-1026
-1602
-2558
-4100
-5674
-6690
-7160
-7393
-7521
-7573
-7718
-8174
-8937
-9566
-9432
-8563
-7980
-8323
-8542
-7273
-5206
-4209
-4301
-3810
-2464
-1666
-1530
-471
1772
3468
3695
3384
3357
3498
3980
5107
6185
6333
5919
5605
4993
3874
3407
4267
5093
4500
3235
2616
2321
1437
382
107
340
137
-550
-1104
-1390
-1684
-1982
-2159
-2315
-2423
-2163
-1523
-1045
-1007
-954
-508
-34
91
263
977
1821
2008
1607
1365
1530
1722
1830
2130
2525
2498
1909
1169
489
-429
-1771
-3050
-3474
-2960
-2533
-3266
-4869
-6061
-6474
-6958
-7690
-7472
-5878
-4589
-5176
-6679
-7017
-5903
-4635
-3661
-2232
-304
967
967
597
1101
2707
4697
6306
7339
8074
8652
8831
8579
8524
9195
10099
10366
9963
9533
9212
8554
7489
6487
5757
5043
4213
3359
2376
1062
-394
-1608
-2586
-3542
-4306
-4571
-4658
-5304
-6593
-7793
-8413
-8730
-8981
-8828
-8122
-7555
-7807
-8498
-8645
-7955
-6974
-6133
-5276
-4234
-3277
-2711
-2333
-1614
-385
934
1888
2473
2987
3543
3966
4163
4315
4696
5240
5547
5371
4961
4676
4458
4059
3571
3320
3280
3059
2479
1771
1169
679
252
-84
-329
-544
-778
-1062
-1414
-1706
-1712
-1422
-1104
-936
-792
-566
-391
-353
-250
159
781
1277
1452
1416
1402
1513
1650
1724
1814
2015
2191
2097
1721
1301
958
544
-214
-1411
-2690
-3339
-3051
-2593
-3085
-4518
-5741
-6160
-6418
-6925
-6881
-5784
-4806
-5335
-6763
-7185
-6027
-4522
-3625
-2876
-1716
-646
-331
-342
383
2117
3990
5076
5432
5847
6702
7553
7950
8201
8812
9545
9730
9331
8964
8861
8565
7759
6801
6124
5674
5150
4381
3318
1997
656
-392
-1107
-1684
-2241
-2806
-3546
-4633
-5844
-6648
-6788
-6610
-6633
-6935
-7199
-7421
-7983
-8688
-8508
-7057
-5597
-5401
-5866
-5638
-4783
-4202
-3632
-2202
-420
419
314
386
1049
1890
2746
3603
4100
4119
4141
4333
4252
3958
4104
4603
4561
3879
3447
3485
3190
2325
1701
1701
1682
1210
678
357
-65
-708
-1151
-1162
-1026
-999
-1059
-1212
-1503
-1698
-1482
-978
-581
-373
-157
38
35
18
407
1133
1617
1556
1310
1287
1456
1594
1701
1846
1912
1725
1329
913
468
-285
-1391
-2241
-2184
-1608
-1753
-3056
-4447
-4895
-4869
-5245
-5630
-5126
-4259
-4468
-5732
-6351
-5407
-3973
-3279
-3044
-2380
-1369
-753
-599
-148
1072
2570
3541
3902
4341
5262
6169
6468
6467
6928
7822
8360
8231
7927
7781
7459
6753
6075
5801
5692
5288
4466
3386
2253
1289
656
224
-329
-1115
-1944
-2730
-3594
-4488
-5068
-5171
-5163
-5462
-5973
-6285
-6308
-6360
-6565
-6583
-6187
-5699
-5516
-5452
-5272
-5371
-5811
-5394
-3281
-1030
-750
-1827
-2008
-989
-153
612
2336
3995
3724
2243
1860
2827
3743
4373
5041
4986
3820
2939
3277
3683
3346
3163
3460
3045
1777
1225
1724
1722
737
186
636
859
229
-381
-515
-807
-1399
-1478
-833
-318
-447
-817
-1027
-1118
-984
-391
317
483
118
-128
17
279
571
1081
1625
1695
1274
901
886
971
835
390
-377
-1250
-1643
-1282
-943
-1671
-3229
-4244
-4138
-3801
-4019
-4289
-4025
-3837
-4518
-5418
-5169
-3797
-2783
-2946
-3371
-2895
-1768
-1017
-783
-226
984
2079
2468
2698
3525
4618
5112
5040
5295
6199
7029
7134
6767
6515
6471
6359
6119
5926
5782
5425
4716
3839
3094
2614
2269
1797
1042
150
-607
-1172
-1724
-2361
-2960
-3410
-3784
-4233
-4774
-5242
-5507
-5675
-5932
-6197
-6241
-6094
-5979
-5900
-5697
-5366
-5023
-4646
-4183
-3681
-3108
-2362
-1584
-1026
-573
65
770
1214
1524
2057
2688
3023
3134
3400
3758
3880
3796
3770
3784
3692
3572
3509
3359
3012
2614
2280
1929
1515
1157
915
684
381
42
-257
-505
-715
-906
-1076
-1196
-1229
-1192
-1125
-1061
-1023
-993
-901
-704
-466
-289
-149
15
162
241
397
757
1109
1151
998
1083
1449
1681
1561
1277
899
240
-505
-686
-182
122
-595
-1930
-2820
-2952
-2937
-3209
-3469
-3431
-3421
-3846
-4427
-4491
-3938
-3401
-3297
-3258
-2764
-2003
-1575
-1540
-1312
-510
502
1206
1638
2155
2761
3134
3329
3838
4784
5603
5819
5657
5597
5697
5723
5636
5583
5584
5458
5068
4485
3880
3341
2840
2341
1858
1368
797
87
-736
-1587
-2290
-2699
-2917
-3248
-3807
-4384
-4793
-5103
-5381
-5484
-5326
-5081
-5063
-5452
-5970
-5894
-4897
-3834
-3812
-4387
-4083
-2794
-2014
-2212
-2018
-797
185
164
255
1266
2179
2129
1943
2509
3328
3663
3652
3565
3359
3270
3573
3832
3527
3087
3060
2992
2403
1912
2096
2238
1551
678
535
703
305
-429
-727
-660
-775
-1064
-1153
-1058
-1057
-1152
-1143
-995
-791
-622
-533
-493
-359
-66
247
469
638
780
816
815
1005
1402
1680
1608
1371
1216
1015
479
-283
-700
-466
-120
-538
-1737
-2713
-2801
-2622
-3026
-3681
-3706
-3325
-3574
-4478
-4865
-4266
-3645
-3733
-3859
-3196
-2213
-1863
-2039
-1826
-913
128
827
1320
1884
2469
2884
3159
3577
4299
5082
5490
5454
5351
5448
5581
5517
5362
5328
5346
5141
4638
4019
3483
3056
2650
2205
1724
1219
641
-64
-820
-1431
-1793
-2051
-2445
-2996
-3512
-3892
-4237
-4598
-4833
-4842
-4770
-4808
-4985
-5252
-5478
-5368
-4715
-3901
-3597
-3825
-3865
-3298
-2503
-1891
-1336
-732
-330
-157
189
871
1513
1876
2148
2468
2723
2882
3033
3096
3017
3023
3263
3433
3236
2871
2646
2488
2260
2107
2120
2019
1580
1046
749
630
458
207
-13
-209
-447
-665
-796
-883
-967
-962
-822
-677
-666
-725
-683
-472
-166
122
320
422
511
642
790
928
1076
1203
1219
1139
1106
1174
1160
776
-54
-927
-1121
-496
-66
-934
-2591
-3379
-2903
-2591
-3321
-3996
-3627
-3158
-3796
-4759
-4553
-3510
-3144
-3575
-3481
-2425
-1544
-1646
-2007
-1542
-287
816
1249
1440
1966
2684
3042
3113
3586
4596
5325
5232
4918
5136
5589
5556
5149
5052
5320
5327
4785
4066
3521
3100
2680
2305
1959
1480
802
34
-702
-1335
-1769
-2008
-2259
-2724
-3295
-3715
-3973
-4261
-4580
-4673
-4470
-4265
-4328
-4512
-4504
-4289
-4072
-3850
-3534
-3319
-3323
-3076
-2178
-1353
-1503
-1990
-1417
-42
538
172
307
1249
1729
1478
1678
2521
2820
2363
2255
2746
2960
2725
2642
2657
2362
2110
2274
2280
1746
1417
1709
1775
1127
633
801
826
266
-58
264
401
-102
-488
-264
-11
-147
-274
-125
-24
-101
-64
123
196
177
298
475
483
432
539
671
625
539
623
727
615
378
256
285
212
-320
-1327
-2063
-1690
-723
-836
-2452
-3764
-3345
-2428
-2842
-3966
-3929
-2948
-2896
-3988
-4388
-3392
-2530
-2872
-3289
-2463
-1080
-681
-1267
-1371
-245
1159
1656
1498
1804
2742
3323
3154
3193
4118
5059
5005
4499
4641
5201
5143
4488
4213
4530
4622
4087
3417
2997
2640
2215
1897
1670
1280
721
187
-336
-938
-1430
-1602
-1688
-2039
-2553
-2863
-2966
-3207
-3653
-3925
-3793
-3568
-3642
-3897
-3943
-3726
-3529
-3577
-3805
-3726
-2847
-1640
-1460
-2505
-2984
-1768
-377
-391
-708
135
993
433
-205
785
2177
2109
1427
1730
2392
2210
1807
2049
2336
2202
2262
2503
2113
1420
1518
2031
1783
1202
1377
1714
1112
321
586
1230
979
304
316
639
374
-107
-54
241
187
0
59
105
-103
-249
-113
58
86
129
228
195
13
-79
7
70
-25
-133
-118
-107
-232
-428
-753
-1454
-2168
-1877
-633
-334
-2081
-3900
-3392
-1725
-1852
-3496
-3656
-2004
-1520
-3136
-4019
-2594
-1215
-1832
-2656
-1578
85
3
-1207
-1182
402
1708
1737
1434
1841
2636
2916
2663
2754
3585
4362
4259
3725
3736
4177
4122
3543
3380
3852
4037
3434
2667
2317
2136
1826
1577
1453
1124
528
-4
-396
-873
-1333
-1447
-1397
-1710
-2336
-2713
-2761
-2968
-3400
-3520
-3150
-2874
-3133
-3538
-3518
-3189
-3022
-2988
-2694
-2178
-1930
-2055
-2082
-1708
-1218
-942
-715
-301
-29
-299
-594
-32
990
1109
334
251
1222
1652
947
621
1362
1793
1324
1192
1754
1760
1053
958
1581
1714
1316
1298
1429
1018
703
1150
1471
986
679
1153
1340
725
441
938
1106
604
506
1020
1064
457
216
551
646
352
285
453
353
58
6
117
79
-35
-62
-139
-343
-471
-477
-547
-677
-703
-718
-860
-1035
-1321
-1968
-2520
-2039
-935
-1020
-2648
-3675
-2752
-1660
-2304
-3418
-2887
-1558
-1702
-2954
-3005
-1665
-1035
-1730
-1933
-699
400
-13
-863
-438
957
1709
1443
1321
1983
2641
2543
2240
2634
3465
3758
3412
3265
3593
3718
3318
3019
3241
3481
3239
2765
2413
2083
1716
1549
1538
1282
753
364
144
-293
-870
-1075
-935
-1064
-1602
-1982
-1979
-2082
-2530
-2819
-2588
-2280
-2396
-2724
-2775
-2598
-2631
-2871
-2818
-2234
-1631
-1631
-2099
-2312
-1873
-1186
-856
-925
-926
-615
-296
-281
-283
117
684
837
650
726
1086
1166
945
1032
1557
1887
1707
1412
1348
1403
1432
1477
1507
1464
1396
1296
1088
886
906
1030
944
692
591
610
458
185
130
311
406
280
87
-42
-107
-109
-63
-23
4
28
-10
-139
-228
-176
-89
-93
-160
-234
-322
-400
-441
-461
-461
-459
-651
-1130
-1476
-1220
-756
-961
-1751
-2056
-1573
-1299
-1796
-2202
-1816
-1357
-1612
-2032
-1778
-1223
-1167
-1390
-1140
-493
-170
-315
-358
31
561
864
985
1177
1505
1783
1883
1965
2216
2515
2612
2577
2666
2836
2814
2614
2526
2586
2554
2375
2190
1980
1651
1337
1200
1071
753
411
217
-14
-442
-813
-918
-1011
-1324
-1631
-1702
-1744
-1991
-2251
-2269
-2185
-2227
-2320
-2288
-2189
-2148
-2111
-1965
-1752
-1584
-1457
-1314
-1161
-1026
-878
-681
-495
-416
-360
-113
300
398
-121
-603
-110
1004
1247
250
-476
52
761
560
188
542
910
512
93
436
882
724
492
725
1003
948
831
793
748
941
1440
1627
1234
988
1289
1478
1201
1096
1424
1497
1067
807
1004
1082
779
558
633
658
456
217
42
-106
-148
-93
-146
-343
-476
-524
-688
-895
-882
-761
-852
-1102
-1298
-1587
-2036
-2141
-1635
-1317
-1898
-2666
-2552
-1971
-2063
-2622
-2505
-1763
-1569
-2093
-2237
-1645
-1226
-1380
-1306
-574
62
-1
-236
36
628
1012
1185
1442
1775
1967
2011
2082
2276
2527
2719
2807
2811
2775
2713
2627
2536
2480
2483
2496
2380
2061
1679
1463
1411
1292
1025
780
636
400
-22
-389
-505
-543
-749
-1026
-1166
-1261
-1523
-1845
-1941
-1831
-1781
-1881
-1982
-2004
-2022
-2038
-1961
-1803
-1673
-1592
-1507
-1433
-1390
-1319
-1184
-972
-693
-554
-791
-1053
-670
102
158
-518
-644
111
478
-22
-214
379
681
276
159
661
874
523
406
762
997
922
877
888
857
963
1171
1112
873
949
1252
1232
975
1010
1237
1155
881
897
1123
1110
879
761
802
811
738
629
510
440
434
376
216
89
65
1
-174
-315
-326
-353
-505
-673
-733
-744
-816
-938
-1032
-1069
-1124
-1306
-1571
-1669
-1458
-1257
-1465
-1888
-1958
-1645
-1526
-1773
-1829
-1440
-1161
-1366
-1548
-1219
-768
-717
-801
-508
-20
136
28
138
532
840
938
1073
1312
1468
1514
1606
1775
1897
1974
2070
2124
2083
2048
2085
2067
1940
1857
1877
1819
1595
1385
1318
1260
1072
849
701
563
339
99
-57
-177
-364
-582
-736
-840
-973
-1136
-1258
-1316
-1361
-1425
-1491
-1530
-1536
-1533
-1519
-1475
-1403
-1344
-1308
-1278
-1223
-1128
-1026
-948
-859
-742
-650
-601
-541
-554
-737
-792
-328
290
228
-405
-607
-126
198
48
79
457
527
197
133
476
686
651
720
899
945
903
895
872
928
1219
1478
1358
1090
1086
1217
1167
1088
1214
1320
1163
933
875
894
832
726
628
532
457
380
191
-65
-175
-137
-187
-379
-544
-667
-893
-1174
-1302
-1249
-1188
-1268
-1505
-1772
-1878
-1798
-1762
-1886
-1927
-1730
-1583
-1726
-1860
-1642
-1312
-1225
-1191
-881
-527
-498
-570
-319
134
409
542
776
1036
1138
1192
1389
1641
1798
1908
2044
2116
2072
2035
2080
2118
2078
2027
1980
1851
1620
1426
1338
1254
1099
920
747
525
252
34
-100
-230
-388
-527
-652
-821
-1010
-1141
-1215
-1284
-1369
-1446
-1500
-1537
-1573
-1597
-1555
-1481
-1511
-1595
-1460
-1131
-1060
-1342
-1393
-936
-554
-660
-753
-436
-151
-234
-246
110
397
321
256
455
652
659
654
732
788
821
870
839
717
673
744
753
649
597
613
533
370
308
370
372
249
144
140
147
81
-6
-11
44
59
-4
-68
-71
-60
-81
-98
-62
-11
-3
-48
-98
-104
-63
-32
-41
-53
-16
28
10
-31
-19
29
43
28
29
40
30
19
26
34
33
21
-12
-58
-73
-63
-76
-122
-169
-192
-206
-219
-236
-262
-282
-278
-276
-299
-308
-284
-262
-266
-254
-193
-130
-109
-104
-72
-9
47
79
94
119
168
232
275
284
282
292
319
336
325
311
315
319
307
278
238
203
192
203
196
158
124
113
86
28
6
33
41
6
-20
-21
-51
-103
-112
-87
-78
-98
-115
-130
-158
-187
-201
-210
-223
-231
-238
-258
-281
-291
-296
-306
-317
-317
-311
-300
-289
-284
-287
-278
-245
-208
-183
-165
-145
-122
-111
-96
-64
-29
-7
7
31
64
78
67
60
88
141
186
207
215
220
229
256
299
332
348
368
397
406
393
396
421
438
431
418
408
387
341
298
273
258
224
170
112
62
16
-32
-73
-106
-134
-164
-202
-237
-262
-280
-286
-287
-289
-284
-266
-256
-266
-262
-221
-178
-168
-157
-116
-74
-63
-58
-21
28
55
60
73
101
135
154
158
155
164
164
144
126
128
122
83
37
5
-23
-65
-106
-133
-158
-194
-234
-272
-311
-340
-353
-364
-382
-406
-423
-430
-430
-426
-420
-401
-381
-373
-364
-334
-297
-274
-256
-220
-184
-169
-149
-104
-60
-38
-15
24
56
71
100
147
188
218
258
306
331
348
396
459
498
520
557
597
612
618
648
685
698
697
698
689
662
640
625
598
553
509
479
434
367
297
250
215
166
101
57
34
-4
-64
-111
-125
-136
-177
-223
-245
-252
-277
-317
-339
-341
-348
-378
-412
-427
-431
-448
-475
-489
-479
-474
-493
-517
-518
-506
-508
-520
-511
-485
-474
-482
-485
-471
-456
-447
-443
-428
-403
-385
-384
-383
-361
-330
-309
-287
-252
-226
-222
-219
-187
-146
-122
-99
-63
-29
-19
-17
9
48
82
111
139
159
178
201
236
273
315
366
407
440
475
521
574
626
679
730
769
798
830
859
879
898
919
926
910
885
868
849
819
780
736
687
622
546
473
399
327
248
160
66
-31
-124
-210
-291
-369
-443
-515
-591
-668
-736
-789
-827
-860
-893
-922
-938
-946
-961
-961
-947
-922
-886
-858
-826
-780
-729
-668
-608
-544
-474
-407
-343
-278
-212
-140
-72
-11
44
95
147
192
231
263
297
332
355
366
370
376
388
393
389
384
378
374
361
345
333
323
307
286
263
246
229
204
179
154
133
107
81
56
31
10
-8
-25
-45
-62
-71
-74
-80
-88
-90
-89
-86
-87
-83
-72
-54
-43
-37
-31
-18
-6
0
7
18
28
38
44
50
59
66
71
78
82
85
91
92
94
97
102
102
101
97
98
100
100
98
93
92
89
83
73
63
58
53
43
30
18
7
-5
-23
-38
-50
-65
-82
-102
-115
-125
-135
-148
-159
-165
-172
-178
-184
-189
-193
-195
-194
-194
-193
-191
-188
-183
-176
-170
-162
-157
-149
-136
-126
-114
-101
-86
-69
-53
-39
-23
-6
12
27
43
56
72
85
95
106
117
127
135
142
146
155
160
166
169
173
174
176
178
176
174
171
171
171
170
169
170
170
169
165
159
151
143
136
127
114
99
85
71
55
39
24
8
-8
-24
-41
-57
-72
-87
-101
-115
-126
-136
-147
-157
-165
-172
-174
-177
-178
-180
-180
-178
-179
-175
-170
-164
-159
-153
-150
-142
-134
-128
-120
-110
-102
-93
-84
-76
-67
-61
-53
-44
-35
-26
-13
-3
8
22
35
49
60
69
78
88
100
110
123
136
146
153
163
167
171
174
174
175
176
178
179
174
169
163
155
145
132
116
102
90
77
63
50
39
24
8
-8
-21
-34
-50
-64
-74
-83
-88
-94
-98
-100
-104
-105
-105
-102
-101
-99
-93
-88
-83
-79
-76
-70
-65
-58
-53
-50
-44
-35
-30
-26
-22
-18
-15
-13
-12
-12
-11
-8
-4
-1
3
7
11
13
15
17
19
19
20
21
23
25
28
28
28
29
29
30
30
30
32
33
36
37
37
38
37
34
33
29
27
25
24
20
19
14
9
5
-2
-9
-15
-20
-24
-25
-29
-33
-36
-38
-38
-40
-40
-39
-39
-37
-32
-31
-29
-28
-23
-21
-20
-13
-9
-5
