12
11
10
9
6
5
5
6
7
6
3
3
0
-2
-4
-6
-9
-10
-10
-12
-13
-12
-12
-12
-13
-14
-14
-14
-13
-11
-7
-7
-6
-4
-2
-3
0
0
3
2
1
1
1
0
-1
-3
-1
-2
-2
-1
2
3
5
5
5
7
5
6
6
7
9
11
10
12
12
10
10
12
14
12
9
9
6
4
3
2
2
1
3
5
6
7
7
7
6
5
3
3
0
-2
-3
-1
1
1
-1
-2
-2
-1
-3
-2
0
0
-2
-3
-3
-3
-2
0
1
1
3
5
4
2
2
3
3
0
-1
0
0
1
0
1
0
-1
0
0
-3
-5
-8
-11
-16
-21
-21
-19
-24
-29
-32
-26
-23
-24
-25
-25
-22
-21
-19
-22
-19
-18
-18
-20
-18
-14
-14
-18
-17
-13
-13
-13
-16
-12
-7
-4
1
6
8
14
17
17
18
20
24
25
26
28
32
33
35
32
48
76
68
72
71
80
114
120
114
115
110
139
155
146
151
145
153
167
156
161
152
136
139
133
126
107
80
77
74
53
24
2
-9
-31
-64
-86
-97
-120
-162
-180
-181
-196
-222
-259
-277
-286
-316
-325
-328
-353
-391
-439
-420
-374
-414
-486
-502
-458
-440
-513
-537
-481
-473
-507
-553
-561
-506
-465
-480
-573
-643
-527
-413
-507
-636
-601
-472
-507
-643
-592
-479
-548
-679
-645
-492
-461
-550
-575
-488
-395
-358
-345
-304
-216
-127
-74
4
180
349
382
402
614
913
1038
1028
1151
1421
1608
1650
1724
1889
2012
2046
2088
2170
2219
2209
2189
2171
2146
2118
2065
1963
1847
1779
1718
1570
1377
1237
1145
994
777
581
431
272
78
-115
-294
-466
-628
-791
-962
-1103
-1194
-1295
-1451
-1575
-1592
-1600
-1702
-1815
-1813
-1759
-1787
-1863
-1873
-1846
-1854
-1871
-1848
-1823
-1840
-1853
-1822
-1772
-1728
-1676
-1623
-1584
-1529
-1410
-1273
-1172
-1082
-939
-770
-630
-496
-328
-147
8
156
307
439
565
726
890
976
1006
1094
1251
1375
1421
1444
1481
1519
1567
1626
1651
1615
1544
1499
1497
1498
1421
1208
946
816
837
772
442
0
-266
-285
-267
-453
-851
-1183
-1192
-1010
-1012
-1264
-1398
-1194
-929
-894
-912
-708
-399
-250
-177
90
504
766
824
927
1226
1571
1762
1831
1940
2144
2325
2371
2326
2321
2380
2402
2309
2139
1958
1766
1542
1282
1007
740
457
112
-247
-523
-838
-1371
-1860
-1854
-1608
-1931
-2790
-3188
-2815
-2585
-3006
-3371
-3165
-2919
-3072
-3227
-3068
-2848
-2729
-2553
-2332
-2161
-1920
-1587
-1407
-1313
-903
-280
-1
-56
135
649
980
1029
1181
1508
1707
1712
1727
1798
1849
1888
1895
1812
1722
1725
1701
1514
1329
1337
1408
1325
1158
1057
995
907
858
870
848
769
691
632
576
538
491
420
436
537
488
240
129
304
419
267
134
213
250
95
-22
7
9
-92
-208
-363
-579
-687
-694
-898
-1336
-1614
-1587
-1658
-2054
-2415
-2446
-2386
-2533
-2762
-2790
-2605
-2423
-2397
-2419
-2260
-1891
-1559
-1427
-1309
-985
-582
-339
-177
154
613
953
1149
1404
1793
2187
2488
2717
2933
3178
3434
3610
3657
3667
3710
3716
3591
3391
3219
3056
2815
2503
2195
1914
1626
1308
983
676
394
128
-151
-454
-769
-1095
-1414
-1646
-1767
-1965
-2411
-2875
-2998
-2883
-2969
-3308
-3496
-3383
-3282
-3346
-3326
-3082
-2824
-2700
-2563
-2275
-1927
-1646
-1418
-1179
-865
-473
-142
21
150
445
821
1041
1126
1280
1509
1646
1674
1729
1836
1911
1925
1897
1831
1754
1698
1628
1492
1345
1278
1220
1053
826
696
656
571
416
307
276
234
162
115
102
73
49
68
97
112
127
127
97
132
286
389
284
123
164
372
494
426
271
140
55
9
-30
-125
-302
-547
-853
-1177
-1417
-1544
-1679
-1946
-2250
-2428
-2492
-2597
-2789
-2923
-2880
-2722
-2597
-2551
-2505
-2365
-2130
-1876
-1623
-1312
-922
-535
-216
106
505
939
1342
1747
2177
2574
2898
3176
3439
3688
3941
4176
4322
4357
4359
4362
4303
4152
3977
3820
3627
3333
2961
2568
2195
1835
1454
1037
583
91
-419
-881
-1219
-1521
-1974
-2568
-3021
-3160
-3251
-3621
-4115
-4296
-4167
-4145
-4357
-4444
-4240
-4053
-4053
-3956
-3561
-3129
-2896
-2700
-2332
-1879
-1494
-1144
-743
-291
172
581
863
1074
1375
1766
2058
2202
2339
2512
2590
2542
2510
2545
2545
2452
2308
2147
1975
1804
1638
1445
1242
1079
921
709
484
318
206
97
-11
-98
-175
-254
-309
-320
-293
-256
-221
-191
-157
-106
-11
112
200
233
319
519
655
562
453
639
946
917
600
484
617
533
156
-52
8
-138
-656
-1177
-1469
-1689
-1907
-2064
-2340
-2870
-3307
-3326
-3252
-3513
-3852
-3758
-3379
-3243
-3391
-3371
-2984
-2508
-2187
-1895
-1394
-751
-263
19
407
1099
1838
2325
2679
3179
3756
4148
4361
4617
4971
5282
5460
5524
5499
5399
5261
5098
4876
4593
4287
3950
3505
2944
2366
1844
1337
772
179
-367
-886
-1443
-2017
-2562
-3121
-3685
-4049
-4141
-4263
-4690
-5194
-5396
-5331
-5259
-5175
-4976
-4796
-4735
-4598
-4213
-3719
-3292
-2894
-2439
-1940
-1427
-924
-488
-104
358
918
1420
1740
1949
2165
2397
2614
2826
2987
3026
2959
2860
2768
2671
2580
2486
2318
2057
1787
1562
1313
1016
774
633
498
289
43
-158
-289
-356
-382
-409
-436
-420
-367
-333
-288
-155
33
167
239
347
521
677
772
878
1035
1140
1110
1073
1194
1337
1256
1037
971
1038
952
714
509
265
-116
-385
-394
-562
-1248
-2050
-2401
-2391
-2515
-2975
-3591
-4091
-4285
-4252
-4315
-4601
-4797
-4644
-4368
-4247
-4144
-3825
-3388
-3011
-2584
-1938
-1204
-602
-120
428
1140
1955
2719
3306
3781
4332
4966
5462
5758
6032
6382
6640
6691
6632
6551
6390
6113
5779
5404
4950
4426
3847
3176
2448
1798
1234
604
-128
-826
-1440
-2069
-2716
-3272
-3719
-4106
-4442
-4712
-4932
-5225
-5812
-6488
-6315
-4974
-4058
-5096
-6638
-6071
-3959
-3157
-3946
-3902
-2491
-1633
-1823
-1538
-415
379
588
981
1643
2146
2496
2702
2598
2618
3309
4005
3693
2870
2743
3174
3133
2612
2373
2399
2092
1473
1046
880
677
374
61
-265
-513
-567
-625
-931
-1207
-1043
-667
-619
-835
-832
-575
-407
-330
-60
365
652
732
768
892
1151
1481
1681
1677
1626
1641
1610
1495
1436
1423
1332
1243
1249
1124
736
416
383
243
-271
-718
-778
-1013
-2046
-3397
-3977
-3556
-3179
-3896
-5369
-6216
-5826
-5241
-5603
-6343
-6098
-5007
-4505
-4902
-4860
-3717
-2545
-2208
-1888
-620
987
1765
1849
2352
3653
5029
5857
6319
6839
7423
7822
8001
8135
8308
8424
8360
8052
7541
6943
6357
5730
4939
4062
3326
2713
1872
653
-588
-1427
-1978
-2654
-3515
-4272
-4800
-5323
-5977
-6515
-6670
-6593
-6648
-6876
-6987
-6777
-6351
-5925
-5599
-5263
-4690
-3884
-3172
-2720
-2237
-1464
-638
-58
423
1052
1705
2129
2372
2642
2979
3274
3438
3454
3391
3340
3252
3014
2678
2432
2270
1972
1495
1054
769
505
136
-268
-572
-751
-871
-999
-1145
-1240
-1204
-1075
-968
-883
-706
-422
-167
-2
198
525
882
1123
1259
1442
1728
1967
2024
1980
2024
2138
2158
2049
1946
1860
1688
1448
1290
1242
1169
957
647
401
337
360
213
-173
-529
-636
-694
-1055
-1672
-2108
-2211
-2462
-3374
-4681
-5454
-5259
-4833
-5201
-6241
-6811
-6449
-6048
-6297
-6440
-5562
-4291
-3839
-3948
-3336
-1874
-737
-357
236
1695
3298
4164
4536
5177
6186
7085
7681
8198
8754
9115
9082
8798
8557
8426
8217
7777
7128
6324
5394
4424
3478
2472
1374
379
-405
-1241
-2359
-3515
-4343
-4909
-5486
-6017
-6268
-6315
-6461
-6742
-6859
-6622
-6157
-5674
-5202
-4654
-4035
-3420
-2869
-2511
-2383
-2021
-830
788
1554
1140
747
1204
1866
2108
2403
2994
3146
2524
1930
1956
2132
1920
1448
1013
718
589
445
-33
-728
-1111
-1071
-1061
-1250
-1354
-1368
-1604
-1919
-1775
-1123
-526
-330
-336
-274
-81
246
686
1101
1413
1689
1941
2083
2152
2280
2414
2388
2276
2306
2426
2357
2068
1820
1758
1733
1612
1442
1250
954
533
156
-23
4
145
236
58
-448
-906
-853
-408
-193
-446
-758
-819
-848
-1042
-1221
-1303
-1548
-2154
-3071
-4167
-5082
-5265
-4808
-4740
-5617
-6508
-6442
-5982
-6115
-6368
-5643
-4272
-3524
-3443
-2833
-1342
4
592
1202
2662
4505
5699
6143
6606
7458
8253
8667
9029
9577
9894
9549
8814
8204
7741
7159
6443
5683
4778
3653
2477
1351
121
-1214
-2336
-3090
-3770
-4638
-5507
-6109
-6540
-6978
-7249
-7073
-6554
-6083
-5809
-5519
-5023
-4364
-3644
-2932
-2295
-1696
-948
-44
659
953
1192
1743
2356
2616
2671
2845
2929
2574
2020
1735
1613
1262
744
351
39
-407
-934
-1379
-1718
-1944
-2039
-2118
-2302
-2452
-2398
-2258
-2165
-1948
-1444
-869
-510
-303
-3
459
975
1457
1878
2234
2534
2765
2905
2985
3075
3165
3154
2993
2750
2509
2239
1872
1473
1175
992
776
464
171
-14
-178
-371
-462
-353
-200
-175
-179
-20
220
245
-2
-201
-73
298
629
758
679
411
35
-286
-461
-589
-896
-1578
-2765
-4389
-5929
-6664
-6422
-6000
-6275
-7115
-7681
-7660
-7503
-7319
-6571
-5161
-3824
-3031
-2223
-809
814
1978
2842
4132
5948
7651
8794
9515
10020
10236
10182
10197
10466
10690
10395
9478
8234
6907
5603
4390
3291
2184
927
-428
-1756
-3061
-4372
-5543
-6369
-6875
-7222
-7410
-7360
-7188
-7122
-7093
-6741
-5905
-4782
-3620
-2510
-1510
-710
-27
723
1597
2510
3347
3996
4381
4554
4276
3091
1547
1225
2470
3152
1720
-353
-1201
-1608
-2991
-4282
-3958
-3047
-3326
-4385
-4702
-4341
-4255
-4439
-4236
-3403
-2233
-1138
-541
-393
-97
558
1251
1927
2998
4300
4915
4537
3944
3897
4198
4302
4216
4136
3927
3283
2275
1295
619
246
-34
-363
-680
-901
-1177
-1711
-2272
-2397
-1991
-1420
-930
-474
-124
-87
-251
-156
414
1194
1784
2084
2227
2303
2283
2184
2107
2023
1832
1685
1779
1903
1584
854
166
-325
-810
-1320
-1669
-2030
-2804
-4061
-5516
-6818
-7760
-8273
-8536
-8744
-8730
-8339
-7862
-7718
-7601
-6801
-5301
-3694
-2189
-420
1589
3190
4137
4986
6316
7925
9255
10197
10996
11654
11810
11304
10507
9821
9195
8325
7196
6043
4860
3371
1523
-329
-1844
-3030
-4014
-4830
-5530
-6223
-6895
-7389
-7621
-7567
-7119
-6224
-5110
-4062
-3080
-2025
-984
-96
750
1783
2933
3913
4593
5037
5140
4657
3781
3230
3268
3140
2134
738
-191
-919
-2264
-3902
-4782
-4927
-5295
-6004
-6275
-6016
-5951
-6260
-6303
-5712
-4755
-3712
-2632
-1522
-465
456
1150
1721
2516
3627
4612
5071
5214
5362
5318
4853
4236
3898
3704
3283
2634
1952
1309
669
122
-304
-694
-992
-1172
-1309
-1448
-1482
-1384
-1310
-1204
-846
-256
306
673
955
1224
1460
1730
2061
2439
2761
2906
2842
2573
2308
2110
1938
1682
1149
528
156
167
27
-698
-1415
-1693
-1920
-2673
-3546
-3845
-4147
-5139
-6693
-7988
-8649
-8905
-8819
-8554
-8107
-7394
-6698
-6272
-5905
-4748
-2804
-1039
333
2006
4244
6117
7065
7795
8812
9767
10250
10554
11058
11379
11058
10063
8736
7427
6174
4958
3652
2340
1111
-215
-1733
-3249
-4414
-5273
-6038
-6552
-6640
-6365
-5979
-5552
-5033
-4495
-3779
-2786
-1557
-288
974
2198
3129
3680
4054
4413
4682
4683
4516
4279
3887
3257
2377
1326
178
-1051
-2163
-3398
-5035
-6741
-7807
-7657
-7453
-7585
-7855
-7608
-7137
-6956
-6181
-4647
-2823
-1532
-610
761
2141
3314
3981
4455
4985
5335
5719
5878
6037
6002
5420
4464
3420
2910
2579
2010
1293
609
152
-469
-1069
-1361
-1521
-1689
-2000
-1978
-1675
-1333
-1039
-884
-633
-308
205
825
1392
1934
2289
2433
2431
2517
2725
2728
2490
2234
2133
1924
1445
885
438
-89
-698
-1111
-1264
-1498
-1886
-1937
-1679
-1684
-2134
-2553
-2765
-3170
-3691
-3924
-4196
-5432
-7548
-9004
-8671
-7286
-6426
-6327
-6012
-5107
-4472
-4294
-3350
-1163
995
1976
2830
4873
7324
8575
8560
8620
9124
9376
9343
9628
10246
10123
8789
6962
5440
4327
3215
2010
823
-282
-1285
-2226
-3079
-3866
-4635
-5325
-5778
-5751
-5163
-4185
-3185
-2542
-2244
-1920
-1250
-321
633
1595
2549
3264
3550
3607
3691
3617
3019
1917
885
351
184
-224
-1121
-2260
-3354
-4408
-5385
-5879
-5816
-5663
-5814
-6017
-5758
-5144
-4512
-3996
-3381
-2576
-1787
-945
67
1179
1968
2273
2485
2889
3467
3904
4077
3985
3677
3303
2918
2626
2362
2017
1467
839
447
285
136
-170
-476
-646
-707
-631
-396
5
362
565
694
907
1256
1564
1740
1796
1828
1888
1959
2033
2015
1785
1357
920
678
632
553
336
3
-298
-540
-789
-967
-1124
-1333
-1644
-1837
-1576
-1103
-703
-627
-732
-824
-888
-708
-532
-701
-1445
-2502
-3379
-4608
-6403
-7937
-7935
-6802
-6405
-6775
-6472
-5141
-4361
-4664
-4178
-2199
-128
911
2077
4469
6799
7711
7655
8006
8829
9215
9221
9441
9924
9855
8811
7383
6095
4903
3442
1830
574
-272
-989
-1805
-2608
-3346
-4195
-5045
-5606
-5641
-5215
-4507
-3660
-2899
-2243
-1575
-826
-150
391
1027
1809
2518
2979
3346
3629
3476
2821
1923
1159
548
-41
-626
-1261
-1887
-2904
-4446
-5868
-6510
-6620
-7098
-7320
-6515
-5310
-4754
-4571
-3666
-2651
-2192
-1724
-383
1386
2387
2885
3434
4067
4204
3850
3617
3572
3608
3478
3376
3321
3113
2620
1782
1062
675
528
286
-1
11
79
-116
-487
-552
-388
-437
-490
-123
579
1032
1162
1323
1480
1474
1405
1554
1865
2013
1944
1770
1572
1238
686
159
-119
-372
-741
-984
-880
-817
-1207
-1528
-1603
-1696
-1963
-2060
-1668
-1394
-1247
-1152
-1060
-974
-979
-802
-687
-450
-239
-778
-2246
-3874
-4655
-5050
-5706
-6071
-5598
-4935
-4916
-4912
-4067
-3056
-2761
-2655
-1726
-74
1448
2863
4350
5603
6211
6366
6631
7046
7470
7713
7772
7762
7674
7382
6674
5604
4382
3151
1990
999
301
-116
-534
-1203
-2068
-2790
-3254
-3594
-3829
-3786
-3410
-2945
-2472
-1975
-1368
-888
-653
-468
-103
536
1095
1484
1681
1747
1376
375
-526
-787
-753
-1300
-1940
-1989
-1976
-2544
-3413
-3909
-4522
-5308
-5612
-5128
-4235
-3481
-2710
-2035
-1442
-870
-327
250
801
1513
2264
2926
3506
3944
4099
3722
3134
2753
2554
2332
2100
2058
1953
1576
1101
712
331
-139
-483
-614
-623
-552
-438
-423
-580
-745
-769
-687
-500
-149
308
661
883
1110
1334
1401
1326
1313
1369
1311
1147
1022
915
674
329
0
-303
-574
-784
-902
-1062
-1151
-1231
-1333
-1442
-1496
-1384
-1315
-1170
-1087
-1153
-1177
-1091
-760
-776
-1047
-1288
-1305
-1250
-2359
-4136
-5284
-4700
-3832
-4260
-4321
-3098
-1809
-2087
-2287
-594
795
678
376
1910
3882
4532
4881
5530
5989
5537
4979
5120
5403
5590
5341
4858
4513
4422
4178
3200
2172
1660
1103
210
-353
-65
5
-818
-1650
-1838
-1843
-2253
-2521
-2289
-2040
-1977
-1821
-1334
-867
-682
-698
-753
-651
-387
-254
-412
-584
-671
-977
-1678
-2060
-1898
-1808
-2273
-2892
-2957
-2935
-3125
-3297
-3053
-2623
-2579
-2392
-1820
-1014
-550
-396
-67
296
672
971
1394
1814
2011
2097
2127
2264
2340
2224
1954
1727
1695
1658
1540
1418
1304
1068
652
329
201
106
-120
-327
-335
-270
-296
-366
-359
-328
-331
-255
3
333
505
512
497
530
512
447
427
425
326
175
117
112
57
-108
-316
-482
-544
-508
-478
-432
-399
-422
-475
-446
-284
-202
-212
-148
49
250
294
367
465
433
235
47
67
85
-34
-175
-196
-115
-109
-138
-146
-189
-294
-426
-475
-425
-277
-121
-114
-135
-32
-171
-1015
-1949
-1976
-1489
-1479
-1619
-980
-280
-468
-809
-405
-7
-479
-871
-524
139
585
970
1323
1326
1246
1099
919
906
1206
1473
1383
1496
1932
2187
1957
1645
1463
1170
843
791
1048
1248
1183
874
580
424
203
-177
-441
-316
-123
-53
81
289
298
-36
-380
-553
-596
-598
-636
-562
-445
-417
-556
-673
-644
-758
-950
-982
-801
-608
-510
-453
-571
-699
-777
-892
-999
-978
-950
-1087
-1114
-895
-708
-805
-986
-1021
-903
-872
-896
-663
-383
-432
-646
-484
-208
-221
-308
-295
-241
-199
-79
-84
-101
14
-16
-174
-164
84
158
226
608
875
673
325
466
829
892
678
577
718
896
937
887
982
1103
983
831
1029
1221
989
809
1046
1125
871
866
1007
822
525
642
729
582
637
841
681
259
51
169
326
130
-188
-148
138
26
-274
-343
-151
-121
-312
-442
-366
-69
-88
-349
-428
-274
-174
-502
-731
-613
-328
-495
-743
-779
-764
-832
-935
-939
-1132
-1098
-966
-813
-837
-875
-887
-883
-894
-890
-676
-515
-509
-500
-300
-52
54
44
107
88
-20
70
327
498
409
366
365
304
282
256
192
155
46
-55
128
432
278
-94
39
357
373
241
314
347
410
550
577
684
861
803
493
440
562
636
703
610
377
254
292
155
-65
-98
-92
-145
-490
-445
-18
79
-298
-428
-214
-186
-104
105
-142
-522
-413
-279
-108
-198
-73
-218
-367
-339
-481
-271
137
111
-368
-493
17
-88
-424
-219
-13
80
11
-2
-95
202
272
44
247
687
277
-313
102
712
375
-87
250
541
381
-19
-52
-52
27
-98
-225
-31
165
3
-325
-189
213
91
-290
-352
-144
-61
-90
196
219
-15
-219
-44
167
-13
-277
-133
333
358
-57
-89
190
-20
-215
-186
-30
-240
-359
-320
-451
-228
-352
-503
-376
-8
-96
-563
-456
-150
-57
-59
-20
260
341
36
-133
257
673
318
-17
239
625
455
127
198
462
488
137
164
264
278
111
34
276
135
13
-176
21
18
-125
6
11
31
-57
16
-387
-289
98
125
-52
197
273
-485
-459
318
383
-334
-536
-184
-154
-153
-114
-187
-248
-124
-108
-88
46
-269
-428
26
361
-318
-530
103
336
-158
-523
-392
-41
269
-105
-648
-340
306
200
-378
-177
120
-137
-221
241
605
124
-288
44
509
598
389
196
494
478
159
163
666
700
8
-30
443
629
267
47
-161
85
208
-79
-152
242
324
-296
-159
198
-117
-624
-123
305
-115
-390
-88
219
-207
-610
-527
194
395
-349
-612
12
64
-540
-329
-75
-243
-387
-242
-516
-476
-29
-472
-733
-314
-49
-495
-210
89
-125
-156
163
32
18
330
-27
53
505
418
-80
432
506
-268
-222
568
581
-57
-36
161
157
75
129
127
8
104
299
389
269
256
384
393
460
484
546
120
121
580
832
463
315
430
199
65
130
-26
-207
-150
-441
-461
-70
46
-669
-474
-53
-623
-1114
-326
192
-469
-589
50
73
-172
-17
-46
-218
-179
-88
-41
5
-205
-364
-104
-54
-429
-545
-304
-273
-456
-558
-584
-343
-135
-61
-414
-678
-88
625
186
-249
111
763
189
167
840
970
441
140
638
512
379
290
458
331
129
273
187
-11
-48
170
169
-226
-44
282
88
-217
49
294
-25
-214
26
123
47
-2
-56
338
297
-231
-319
198
-39
-291
114
360
-154
-434
-166
-191
-551
-837
-453
270
-28
-470
-384
-176
-415
-717
-142
68
101
-177
9
220
341
30
-150
239
213
66
20
466
195
-57
76
194
59
-260
-309
57
218
166
48
96
16
-119
-44
-6
31
138
244
151
169
207
368
65
-191
-138
263
466
118
233
375
-27
-235
132
529
166
36
-60
-77
149
-144
-516
-134
320
-254
-600
-61
-99
-459
-302
88
-15
-132
-200
-194
171
210
-175
-362
123
244
-270
-448
189
282
-225
-373
107
168
-162
-237
-85
2
-542
-713
-28
538
40
-578
-4
366
-31
-473
-33
534
505
274
306
701
605
186
-54
530
613
16
90
408
163
-15
300
-1
-528
-189
-63
-494
-53
357
-295
-531
154
196
-458
-400
-149
-132
-2
77
37
-32
-7
68
490
491
130
56
426
494
159
-225
-207
-109
-396
-368
-188
-496
-1070
-825
-87
-19
-710
-751
-119
258
76
-303
-277
11
452
386
102
494
583
280
188
229
-86
119
637
490
-6
-130
-78
-233
-149
-286
-69
325
325
-223
-314
170
348
113
-317
103
497
404
-9
-38
336
414
449
325
245
-67
-221
147
335
-103
-416
-129
-38
-96
-140
-286
-401
-446
-403
-348
-108
-233
-259
143
61
-273
-306
-72
-271
-205
241
212
205
-39
-163
-215
-48
75
49
-102
-314
240
360
-246
-561
167
375
-207
-282
351
862
263
-147
-9
300
428
445
197
-62
386
642
194
-130
-94
-9
-130
-356
-174
308
357
-24
-186
-18
-59
-178
-300
-385
15
80
9
235
176
-165
-414
-270
-213
-256
-122
103
366
-47
-334
123
186
-279
-414
-57
88
80
-144
156
375
-22
-550
-219
316
-37
-89
-91
223
146
-364
-259
293
255
-864
-711
513
650
-154
-453
201
478
-78
-229
120
344
-15
-333
99
487
697
218
-154
-3
177
-124
-334
209
384
-143
-279
213
399
-45
-434
-171
79
-49
-248
126
211
33
-15
-368
-227
316
370
-338
-96
575
-48
-458
236
573
19
-395
34
285
19
-385
-471
255
486
-131
-397
-69
71
-227
-85
52
-200
-262
70
298
97
-140
-65
-118
59
210
-136
-157
253
468
-87
-348
86
161
46
-208
35
235
-38
6
-8
84
-185
-180
90
290
153
-414
-244
211
61
-88
-10
92
194
3
40
-105
1
-128
-411
-33
463
523
-56
-219
385
274
-464
-692
-166
352
306
11
41
69
-386
-668
114
521
-118
-549
-100
322
406
422
57
186
177
-108
61
566
129
-625
-96
587
216
-373
-451
-334
-176
-357
-712
-437
117
178
-75
-255
-87
-3
74
-116
119
651
280
-54
62
432
572
-61
-253
179
423
187
-305
3
197
-359
-462
58
216
-246
-644
-270
289
86
-55
-68
137
45
-263
56
155
216
166
-111
134
322
99
-412
-119
343
-38
-335
59
303
110
-72
-108
127
110
-151
-325
-46
287
164
-107
-141
194
175
-159
-256
-102
-78
-209
135
412
236
-513
-406
267
226
-255
-265
264
317
23
-170
102
70
-109
-201
100
350
276
-83
-428
-55
312
380
-37
-287
-153
306
209
-94
-4
-82
-192
-472
40
496
84
-275
-231
136
-100
-21
114
-219
-413
-253
242
386
474
107
-303
-251
7
111
-255
-68
303
93
-47
239
431
-200
-604
-120
121
-167
-112
254
280
131
-13
-95
-148
-98
-150
-189
24
262
350
189
-203
-105
65
-217
-343
107
453
94
-111
121
152
-49
-336
-254
167
126
-18
-3
161
98
-104
-108
-95
-16
-24
-168
28
211
329
-1
-237
34
82
-79
-111
95
106
-122
-85
60
92
156
-64
-174
-42
51
-175
-229
220
176
-154
-36
236
223
-58
-84
-102
-161
-140
-89
259
258
25
2
-5
-11
-224
-160
-52
-39
23
-42
-9
170
311
263
-144
-295
107
74
-103
-97
144
220
-155
-252
-58
233
169
-233
-113
45
9
-13
252
96
-180
-104
67
64
-36
39
-60
-49
-23
-21
42
-35
-123
-121
-144
131
363
252
-44
-172
-51
-27
14
114
-256
-226
177
328
50
-304
-98
-39
-69
84
10
21
164
54
134
-90
-100
21
154
120
-216
-212
-39
-23
-89
-59
178
189
-151
-68
91
-40
-158
-158
81
236
150
9
-59
-34
-57
35
102
-11
-43
-28
-6
9
-23
-26
-67
58
95
64
110
144
194
-121
-274
-129
-43
-100
-117
137
215
144
122
5
26
-5
-238
-273
-101
153
165
-26
175
179
90
21
-190
-157
-173
49
42
-151
3
-71
-116
-16
143
69
-67
52
25
-112
-219
-130
58
206
251
143
49
-77
-111
-20
115
133
115
200
241
202
24
-174
-266
-216
-161
-96
38
71
9
-73
-177
-150
-60
-211
-340
-201
-21
103
193
251
83
93
104
9
-26
58
143
69
75
178
207
35
-101
-82
-95
-136
11
64
29
69
126
-48
-122
-58
-95
-167
-12
178
35
-101
-57
124
51
-87
-63
0
-27
-68
-4
53
133
140
50
-44
-29
-18
-67
-115
-108
-78
-31
-13
26
74
24
-85
-131
-95
-49
-36
-14
32
52
26
38
120
140
56
-47
-30
43
67
8
9
117
167
126
25
-36
-26
-36
-82
-49
44
-7
-95
-61
0
-24
-108
-132
-104
-19
38
19
30
40
31
1
-3
59
62
32
42
115
169
146
90
-17
-62
-13
-5
-2
-10
26
6
-63
-61
-125
-130
-129
-86
-41
-41
-26
3
48
35
-34
-31
-33
0
80
77
10
-22
60
110
84
65
9
-76
-100
-54
-7
-17
11
7
-22
-9
2
14
-33
-119
-109
-6
19
-28
53
134
52
-69
-50
6
22
17
10
8
1
42
63
51
7
-8
-18
-47
3
55
21
-44
-19
36
17
22
47
25
-35
-53
-47
-34
16
34
38
35
38
6
-31
-43
-47
-10
19
31
18
5
-20
-12
22
6
-48
-68
-26
-1
17
29
7
-31
-15
27
-3
-33
-33
-19
-6
37
64
43
37
-21
-58
-46
8
18
-11
-10
-18
-10
-13
-11
-8
-23
-37
-53
-57
-11
29
29
-15
-52
-60
-37
-6
-22
-43
-30
-43
-65
-70
-64
-69
-93
-88
-74
-53
-72
-88
-60
-55
-77
-82
-52
-46
-40
-8
10
-2
-18
11
25
21
31
34
34
26
57
102
125
129
104
113
131
159
197
197
206
237
256
248
244
265
266
241
233
240
233
213
210
216
179
131
133
144
131
117
113
108
84
77
77
76
81
77
52
38
32
7
4
22
27
-41
-99
-100
-110
-111
-114
-133
-184
-204
-195
-218
-223
-217
-233
-295
-300
-263
-261
-283
-293
-266
-280
-275
-247
-209
-183
-168
-150
-159
-148
-127
-112
-105
-89
-58
-49
-73
-89
-65
-34
-60
-116
-125
-80
-71
-130
-152
-94
-60
-131
-195
-159
-101
-115
-148
-113
-76
-106
-150
-148
-130
-150
-160
-164
-195
-205
-186
-195
-238
-228
-141
-88
-105
-56
95
227
255
301
439
579
669
723
831
961
1058
1156
1233
1293
1346
1346
1348
1381
1392
1394
1349
1291
1273
1213
1096
927
748
613
449
237
14
-148
-265
-395
-561
-713
-803
-916
-1071
-1177
-1210
-1251
-1304
-1348
-1335
-1293
-1271
-1252
-1273
-1278
-1178
-1080
-998
-859
-658
-546
-557
-522
-451
-415
-459
-487
-509
-533
-554
-551
-498
-428
-382
-422
-474
-463
-376
-284
-211
-108
37
155
252
386
556
654
667
664
708
774
811
853
899
950
947
912
873
873
895
890
850
789
717
629
543
452
342
215
81
-106
-352
-599
-804
-1037
-1321
-1582
-1752
-1874
-1993
-2081
-2085
-2040
-2037
-2083
-2092
-2016
-1896
-1744
-1505
-1173
-802
-413
-2
411
818
1191
1507
1769
2031
2321
2626
2946
3252
3513
3723
3885
3957
3931
3870
3783
3619
3373
3124
2896
2635
2312
1951
1556
1092
566
35
-477
-978
-1440
-1821
-2136
-2436
-2715
-2920
-3078
-3259
-3452
-3598
-3689
-3763
-3778
-3692
-3533
-3347
-3107
-2806
-2516
-2270
-2000
-1667
-1341
-1036
-693
-303
63
393
730
1043
1273
1436
1573
1661
1671
1654
1672
1690
1647
1566
1480
1360
1177
981
812
656
493
360
284
234
174
127
108
103
88
71
77
110
166
230
287
338
405
486
545
577
623
701
775
808
827
858
867
828
762
721
704
675
617
548
466
336
130
-132
-409
-706
-1071
-1485
-1841
-2077
-2248
-2424
-2581
-2663
-2708
-2806
-2956
-3046
-3017
-2923
-2827
-2694
-2450
-2095
-1720
-1379
-1034
-653
-269
66
383
758
1218
1706
2166
2599
3032
3440
3764
3982
4135
4260
4339
4328
4238
4135
4040
3912
3720
3474
3178
2803
2343
1835
1308
789
303
-137
-556
-975
-1366
-1685
-1969
-2287
-2628
-2913
-3134
-3356
-3571
-3667
-3592
-3440
-3322
-3212
-3048
-2864
-2734
-2624
-2430
-2116
-1761
-1430
-1091
-701
-294
66
361
626
868
1068
1224
1374
1540
1705
1827
1874
1829
1698
1507
1294
1064
819
584
387
218
49
-119
-248
-326
-386
-446
-479
-453
-385
-310
-220
-90
67
213
329
432
532
622
696
769
846
922
988
1043
1070
1060
1034
1021
1023
1013
980
939
898
832
702
505
266
4
-310
-706
-1161
-1573
-1872
-2088
-2285
-2455
-2538
-2556
-2612
-2770
-2933
-2989
-2957
-2927
-2896
-2747
-2432
-2041
-1690
-1360
-978
-554
-189
84
356
724
1182
1641
2061
2484
2934
3353
3666
3869
4024
4167
4270
4299
4262
4203
4134
4031
3854
3585
3253
2877
2453
1964
1434
916
449
13
-421
-851
-1257
-1631
-2000
-2380
-2748
-3062
-3308
-3501
-3656
-3753
-3771
-3733
-3674
-3606
-3505
-3356
-3178
-2976
-2732
-2429
-2083
-1716
-1340
-955
-565
-177
198
546
856
1149
1427
1668
1859
2015
2152
2241
2263
2226
2158
2065
1926
1741
1525
1288
1029
741
427
119
-155
-382
-576
-743
-855
-901
-911
-908
-874
-780
-634
-473
-309
-143
14
152
279
414
547
687
847
1015
1146
1214
1244
1262
1268
1257
1233
1195
1147
1101
1041
929
738
494
212
-160
-669
-1233
-1689
-1973
-2172
-2362
-2519
-2609
-2698
-2904
-3200
-3418
-3448
-3376
-3310
-3195
-2921
-2510
-2099
-1739
-1362
-929
-515
-186
115
494
996
1580
2171
2711
3202
3650
4016
4255
4405
4561
4733
4838
4839
4784
4710
4592
4396
4118
3753
3311
2811
2271
1688
1089
525
19
-485
-1034
-1591
-2102
-2562
-3005
-3424
-3766
-4010
-4193
-4345
-4447
-4468
-4420
-4325
-4204
-4053
-3855
-3589
-3257
-2891
-2510
-2095
-1641
-1187
-763
-337
123
577
971
1308
1628
1930
2169
2357
2524
2658
2716
2694
2623
2508
2350
2157
1948
1703
1416
1118
828
533
220
-68
-300
-501
-698
-860
-943
-964
-971
-962
-906
-815
-717
-606
-459
-296
-151
-9
157
335
502
671
855
1015
1098
1131
1196
1309
1415
1473
1491
1477
1418
1302
1132
911
630
284
-143
-663
-1232
-1733
-2070
-2277
-2459
-2651
-2837
-3031
-3286
-3586
-3821
-3889
-3809
-3661
-3478
-3207
-2824
-2379
-1941
-1519
-1082
-626
-182
243
717
1299
1963
2615
3186
3659
4044
4349
4585
4780
4960
5129
5252
5298
5232
5060
4817
4532
4197
3777
3288
2780
2285
1776
1220
645
103
-424
-1018
-1682
-2313
-2813
-3216
-3599
-3949
-4196
-4356
-4522
-4711
-4854
-4909
-4887
-4791
-4609
-4350
-4018
-3594
-3110
-2668
-2299
-1902
-1421
-928
-488
-26
525
1082
1524
1856
2156
2443
2663
2791
2862
2914
2959
2972
2913
2769
2581
2374
2094
1695
1238
860
597
355
79
-173
-350
-514
-733
-963
-1122
-1184
-1171
-1118
-1057
-972
-814
-588
-390
-268
-152
29
233
386
523
738
1017
1260
1406
1476
1501
1503
1499
1491
1470
1448
1454
1462
1367
1106
726
312
-151
-725
-1388
-2001
-2421
-2653
-2826
-3045
-3285
-3489
-3705
-4028
-4388
-4571
-4461
-4180
-3908
-3644
-3260
-2740
-2227
-1811
-1412
-902
-289
320
898
1540
2295
3071
3713
4183
4552
4881
5165
5386
5568
5743
5917
6034
6017
5816
5459
5032
4592
4129
3613
3078
2584
2110
1546
835
59
-663
-1323
-2006
-2717
-3334
-3764
-4077
-4401
-4744
-5009
-5152
-5246
-5355
-5425
-5346
-5096
-4758
-4409
-4033
-3569
-3031
-2514
-2091
-1712
-1268
-747
-225
250
720
1226
1715
2094
2332
2501
2667
2815
2890
2883
2845
2805
2730
2551
2264
1939
1632
1333
1016
703
440
228
13
-246
-526
-773
-947
-1046
-1096
-1111
-1084
-1012
-926
-854
-780
-639
-422
-186
13
199
415
641
825
946
1046
1165
1292
1400
1496
1623
1787
1936
1999
1959
1858
1757
1661
1512
1248
862
404
-118
-757
-1498
-2181
-2632
-2900
-3196
-3632
-4080
-4405
-4679
-5022
-5327
-5352
-5053
-4642
-4315
-4016
-3582
-3013
-2438
-1918
-1359
-643
190
1000
1730
2459
3270
4082
4740
5202
5577
5951
6294
6560
6759
6917
6992
6901
6591
6093
5513
4954
4429
3872
3245
2581
1904
1150
276
-631
-1430
-2087
-2697
-3323
-3910
-4381
-4767
-5146
-5519
-5815
-5991
-6071
-6080
-5996
-5770
-5398
-4936
-4487
-4078
-3640
-3105
-2511
-1919
-1302
-619
71
646
1106
1539
1980
2379
2706
2988
3232
3406
3494
3502
3430
3270
3032
2748
2429
2078
1717
1379
1052
690
292
-101
-444
-744
-1004
-1196
-1296
-1342
-1375
-1389
-1346
-1229
-1065
-878
-685
-484
-266
-31
196
386
566
777
1020
1266
1508
1730
1895
1984
2029
2069
2120
2198
2293
2345
2284
2136
1980
1796
1427
817
98
-639
-1483
-2464
-3269
-3552
-3497
-3707
-4430
-5269
-5844
-6299
-6822
-7064
-6580
-5631
-4967
-4861
-4851
-4478
-3811
-3091
-2265
-1158
139
1267
2017
2565
3246
4155
5086
5845
6470
7096
7684
8083
8261
8330
8344
8226
7930
7513
7061
6622
6181
5647
4878
3845
2720
1684
724
-229
-1093
-1786
-2491
-3463
-4602
-5544
-6129
-6524
-6862
-7062
-7060
-7006
-7051
-7132
-7041
-6694
-6174
-5607
-5028
-4384
-3652
-2897
-2219
-1626
-1004
-275
490
1167
1768
2375
2938
3319
3487
3591
3761
3953
4065
4060
3942
3690
3303
2844
2402
2029
1731
1445
1065
543
-46
-564
-971
-1300
-1546
-1669
-1712
-1784
-1907
-1981
-1920
-1747
-1533
-1314
-1049
-699
-283
100
355
540
791
1141
1500
1822
2128
2381
2495
2499
2527
2635
2750
2829
2873
2823
2616
2337
2097
1790
1197
319
-705
-1836
-2928
-3527
-3423
-3244
-3850
-5150
-6285
-6891
-7356
-7713
-7357
-6229
-5318
-5429
-6058
-6142
-5373
-4211
-3014
-1759
-480
540
1081
1381
2040
3379
5014
6248
6907
7403
7974
8410
8585
8777
9168
9494
9432
9035
8542
8027
7412
6629
5696
4683
3719
2878
2070
1121
-15
-1205
-2353
-3480
-4537
-5328
-5757
-6053
-6554
-7314
-8020
-8376
-8407
-8293
-8075
-7671
-7165
-6801
-6635
-6375
-5714
-4693
-3623
-2703
-1900
-1148
-483
77
676
1450
2337
3096
3562
3803
4003
4247
4469
4599
4663
4697
4633
4368
3928
3446
3018
2612
2165
1668
1176
715
241
-295
-842
-1268
-1510
-1659
-1796
-1911
-1956
-1957
-1957
-1917
-1745
-1397
-950
-532
-221
-4
187
427
777
1218
1636
1917
2052
2086
2079
2151
2398
2698
2784
2613
2436
2410
2381
2140
1680
1069
256
-825
-2009
-2815
-2837
-2399
-2536
-3833
-5513
-6371
-6368
-6388
-6584
-6241
-5412
-5263
-6204
-6941
-6220
-4551
-3284
-2700
-2081
-1126
-297
170
777
2018
3644
4912
5473
5750
6341
7209
7821
8008
8190
8649
9048
8998
8638
8288
7903
7251
6399
5633
5063
4550
3885
2892
1549
122
-989
-1676
-2218
-2932
-3835
-4760
-5636
-6484
-7182
-7488
-7378
-7230
-7435
-7881
-8094
-7844
-7332
-6790
-6202
-5548
-4980
-4571
-4117
-3375
-2387
-1397
-575
94
694
1302
1936
2538
3057
3519
3952
4278
4434
4495
4562
4570
4402
4109
3870
3701
3442
3002
2453
1902
1384
932
590
329
27
-382
-850
-1260
-1521
-1604
-1557
-1484
-1468
-1497
-1477
-1338
-1073
-719
-336
-33
127
237
463
833
1199
1429
1547
1666
1823
1977
2087
2167
2236
2253
2218
2194
2152
1878
1238
435
-301
-1046
-1849
-2298
-2108
-1958
-2849
-4529
-5634
-5599
-5341
-5608
-5847
-5469
-5115
-5594
-6329
-6068
-4765
-3580
-3163
-2928
-2177
-1113
-352
90
780
1985
3235
3986
4381
4986
5881
6531
6677
6822
7438
8198
8451
8146
7755
7470
7105
6618
6221
5933
5484
4686
3636
2536
1550
778
156
-525
-1368
-2251
-3099
-3987
-4879
-5528
-5810
-5968
-6285
-6703
-6996
-7156
-7288
-7310
-7038
-6532
-6069
-5737
-5367
-4878
-4350
-3764
-2974
-2011
-1117
-417
183
740
1240
1782
2469
3159
3612
3815
3918
3971
3976
4038
4191
4228
3977
3577
3214
2858
2442
2079
1833
1538
1070
563
178
-163
-550
-886
-1068
-1170
-1287
-1370
-1376
-1381
-1415
-1353
-1122
-824
-590
-417
-240
-55
143
403
743
1068
1269
1356
1461
1648
1835
1924
1972
2087
2242
2284
2128
1792
1337
853
412
-91
-755
-1341
-1495
-1461
-2012
-3288
-4357
-4486
-4234
-4489
-5059
-5140
-4815
-4912
-5486
-5594
-4776
-3791
-3451
-3472
-3048
-2097
-1258
-844
-386
602
1859
2747
3157
3595
4344
5065
5417
5669
6263
7036
7405
7215
6911
6839
6828
6617
6258
5915
5530
4929
4124
3293
2568
1948
1331
585
-318
-1225
-1990
-2664
-3392
-4118
-4648
-4969
-5300
-5765
-6234
-6512
-6549
-6426
-6255
-6097
-5910
-5634
-5279
-4867
-4337
-3652
-2946
-2377
-1888
-1314
-651
-35
507
1060
1636
2136
2491
2750
2973
3174
3340
3462
3529
3527
3439
3245
2966
2679
2451
2257
2009
1667
1289
939
604
263
-52
-294
-483
-690
-909
-1088
-1201
-1264
-1280
-1217
-1084
-929
-783
-655
-545
-438
-252
65
429
682
815
976
1229
1477
1671
1879
2061
2089
2048
2153
2310
2155
1685
1321
1214
944
214
-595
-962
-986
-1228
-1971
-2878
-3455
-3632
-3804
-4225
-4604
-4578
-4377
-4514
-4876
-4792
-4129
-3557
-3477
-3376
-2710
-1785
-1214
-950
-441
457
1336
1905
2372
3000
3692
4175
4445
4789
5335
5859
6058
5964
5859
5877
5854
5643
5339
5077
4780
4306
3694
3099
2559
1998
1360
665
-26
-651
-1250
-1945
-2689
-3239
-3533
-3894
-4503
-5041
-5225
-5318
-5633
-5883
-5670
-5247
-5134
-5237
-5056
-4546
-4069
-3687
-3159
-2494
-1932
-1477
-943
-325
261
820
1370
1805
2115
2474
2904
3170
3221
3329
3570
3640
3405
3161
3091
2966
2623
2274
2091
1877
1437
937
590
336
38
-257
-466
-654
-889
-1107
-1227
-1267
-1270
-1233
-1178
-1142
-1087
-942
-754
-604
-444
-193
87
276
413
628
898
1110
1273
1460
1607
1626
1610
1677
1713
1552
1294
1158
1076
782
236
-302
-625
-811
-1076
-1535
-2105
-2591
-2884
-3089
-3341
-3568
-3633
-3627
-3754
-3923
-3840
-3468
-3133
-2979
-2746
-2233
-1632
-1207
-870
-382
274
925
1493
2027
2560
3065
3499
3853
4186
4574
4966
5192
5200
5155
5179
5173
5020
4765
4493
4180
3761
3267
2767
2270
1745
1148
469
-176
-674
-1139
-1752
-2414
-2877
-3189
-3622
-4123
-4379
-4427
-4605
-4910
-4978
-4749
-4558
-4518
-4376
-4057
-3740
-3443
-3009
-2491
-2061
-1660
-1158
-655
-262
149
670
1126
1414
1705
2093
2374
2441
2512
2724
2866
2780
2629
2571
2482
2251
1993
1811
1619
1333
1039
803
569
277
0
-194
-333
-471
-610
-734
-852
-937
-960
-931
-901
-867
-795
-699
-609
-498
-309
-76
93
191
343
613
898
1069
1167
1303
1480
1586
1583
1566
1609
1601
1400
1076
849
752
529
55
-449
-742
-941
-1285
-1754
-2143
-2416
-2677
-2918
-3050
-3118
-3223
-3347
-3382
-3288
-3092
-2823
-2559
-2340
-2100
-1722
-1270
-868
-498
-37
505
1007
1446
1894
2338
2701
3005
3332
3702
4032
4263
4380
4411
4407
4397
4346
4198
3968
3703
3414
3068
2666
2228
1766
1271
744
179
-373
-805
-1100
-1468
-2092
-2778
-3134
-3166
-3282
-3632
-3913
-3970
-4040
-4196
-4161
-3862
-3630
-3596
-3496
-3184
-2827
-2515
-2133
-1705
-1356
-1004
-544
-126
137
444
931
1352
1526
1671
1950
2142
2095
2072
2270
2433
2307
2058
1935
1878
1729
1528
1367
1207
1000
788
605
419
237
89
-48
-207
-334
-364
-373
-468
-596
-595
-480
-415
-439
-419
-325
-254
-178
20
261
343
326
453
702
838
864
960
1080
1037
926
957
995
776
426
270
227
-42
-502
-797
-877
-1071
-1532
-1992
-2190
-2199
-2262
-2468
-2683
-2739
-2662
-2635
-2681
-2574
-2222
-1888
-1775
-1659
-1264
-757
-457
-271
131
732
1203
1454
1725
2125
2504
2765
3002
3291
3544
3676
3714
3725
3736
3729
3653
3483
3271
3071
2843
2506
2095
1712
1355
968
553
105
-406
-875
-1125
-1304
-1772
-2447
-2805
-2754
-2824
-3208
-3445
-3361
-3405
-3708
-3764
-3391
-3102
-3142
-3101
-2759
-2422
-2236
-1952
-1541
-1228
-962
-527
-61
179
357
738
1140
1307
1423
1724
1989
1968
1878
1988
2134
2061
1886
1814
1749
1550
1337
1242
1142
905
659
531
416
221
50
-26
-125
-279
-358
-345
-386
-487
-491
-403
-368
-391
-328
-170
-77
-57
24
191
320
373
465
628
754
785
787
804
811
804
804
763
606
373
172
14
-191
-456
-712
-913
-1089
-1308
-1612
-1952
-2185
-2224
-2204
-2308
-2477
-2483
-2340
-2286
-2318
-2166
-1790
-1469
-1322
-1126
-743
-344
-77
164
532
989
1395
1685
1911
2165
2462
2739
2954
3145
3333
3452
3449
3385
3358
3344
3245
3043
2825
2616
2359
2012
1620
1229
845
495
205
-76
-462
-964
-1439
-1761
-1961
-2145
-2350
-2564
-2804
-3056
-3212
-3194
-3091
-3048
-3075
-3045
-2906
-2724
-2531
-2293
-2008
-1730
-1476
-1208
-945
-696
-394
-18
302
476
623
846
1058
1183
1319
1501
1585
1540
1530
1592
1575
1458
1396
1389
1293
1124
1010
919
755
593
529
459
298
172
150
101
-61
-186
-169
-122
-143
-164
-130
-100
-103
-86
-10
99
200
258
268
304
444
587
587
515
548
636
601
494
513
567
392
62
-97
-70
-192
-543
-805
-823
-873
-1187
-1578
-1724
-1659
-1681
-1898
-2081
-2018
-1861
-1882
-2004
-1912
-1558
-1291
-1272
-1189
-809
-381
-204
-121
202
691
1032
1187
1388
1720
2013
2176
2314
2511
2725
2859
2894
2869
2836
2826
2785
2654
2456
2286
2147
1925
1591
1261
997
697
299
-58
-249
-445
-859
-1384
-1711
-1800
-1909
-2150
-2392
-2554
-2704
-2832
-2823
-2696
-2624
-2656
-2659
-2529
-2320
-2096
-1877
-1673
-1460
-1212
-962
-748
-514
-187
141
323
430
626
870
1006
1062
1200
1388
1460
1405
1360
1367
1358
1315
1281
1243
1157
1031
897
775
685
634
567
447
327
255
187
84
-2
-18
-19
-66
-112
-99
-70
-85
-103
-46
68
132
125
137
231
339
376
377
428
501
494
414
377
427
450
311
84
-55
-75
-132
-368
-687
-869
-878
-916
-1161
-1506
-1681
-1658
-1653
-1792
-1909
-1842
-1727
-1766
-1850
-1713
-1382
-1144
-1090
-979
-657
-299
-103
37
337
770
1109
1290
1468
1747
2022
2198
2336
2524
2727
2827
2806
2763
2762
2771
2703
2547
2365
2189
1983
1727
1428
1110
805
543
307
-52
-592
-1063
-1161
-1080
-1360
-2038
-2488
-2405
-2290
-2546
-2799
-2681
-2565
-2810
-3004
-2701
-2265
-2207
-2302
-2080
-1668
-1446
-1350
-1138
-844
-576
-275
46
227
320
539
813
929
996
1228
1478
1470
1344
1409
1562
1531
1395
1393
1442
1327
1120
1014
983
895
749
622
495
357
244
142
26
-64
-99
-141
-249
-342
-343
-333
-353
-334
-251
-186
-187
-174
-103
-20
68
193
304
321
320
407
527
559
516
526
600
598
488
376
336
303
168
-49
-216
-288
-387
-644
-961
-1101
-1088
-1204
-1522
-1766
-1743
-1685
-1832
-2013
-1956
-1770
-1735
-1807
-1700
-1390
-1133
-1041
-927
-631
-258
18
206
460
823
1162
1380
1564
1834
2137
2337
2449
2593
2772
2874
2870
2848
2844
2802
2696
2561
2404
2204
1969
1719
1437
1118
817
582
331
-61
-567
-956
-1077
-1122
-1404
-1930
-2331
-2398
-2358
-2503
-2727
-2780
-2742
-2830
-2928
-2773
-2474
-2356
-2384
-2250
-1919
-1635
-1473
-1273
-977
-666
-371
-86
141
301
488
737
976
1170
1346
1462
1457
1414
1462
1578
1623
1552
1440
1339
1236
1120
1009
911
813
700
567
427
308
209
124
45
-20
-61
-99
-153
-216
-252
-229
-191
-185
-183
-136
-65
-30
-10
47
128
190
259
358
442
466
481
534
584
607
657
725
683
528
433
453
426
263
97
-7
-196
-478
-646
-686
-854
-1208
-1436
-1397
-1406
-1702
-2019
-2043
-1895
-1879
-1981
-1953
-1785
-1701
-1720
-1608
-1266
-919
-767
-690
-453
-77
222
393
610
958
1285
1472
1627
1863
2101
2235
2325
2473
2624
2681
2650
2607
2570
2513
2435
2337
2172
1936
1696
1481
1224
917
670
490
230
-149
-506
-834
-1210
-1450
-1340
-1259
-1752
-2488
-2631
-2235
-2150
-2484
-2535
-2243
-2299
-2672
-2575
-1982
-1707
-1889
-1841
-1401
-1117
-1122
-985
-621
-339
-147
133
377
446
529
764
981
1086
1239
1408
1371
1210
1240
1431
1465
1303
1181
1147
1059
904
782
709
619
523
421
277
130
52
8
-79
-158
-140
-121
-213
-315
-280
-175
-145
-149
-89
-14
0
19
119
221
259
294
381
452
461
467
505
534
527
528
558
559
497
413
357
321
265
179
101
17
-100
-240
-379
-512
-643
-747
-821
-931
-1123
-1341
-1464
-1471
-1466
-1559
-1711
-1776
-1724
-1676
-1698
-1682
-1533
-1344
-1237
-1153
-961
-700
-500
-338
-84
262
546
724
915
1184
1451
1662
1856
2051
2204
2299
2364
2421
2461
2474
2447
2375
2276
2166
2019
1820
1586
1339
1115
955
806
528
115
-240
-449
-637
-845
-936
-1004
-1334
-1812
-1958
-1744
-1678
-1905
-2021
-1893
-1882
-2050
-1990
-1650
-1467
-1554
-1524
-1231
-990
-930
-831
-602
-386
-236
-76
76
167
259
393
506
587
697
780
728
630
670
804
819
690
580
554
532
469
404
352
287
224
183
131
57
2
-6
-6
-29
-45
-50
-66
-92
-80
-9
66
92
97
134
201
266
329
406
482
543
589
613
613
632
698
752
734
676
636
591
520
481
482
427
285
151
83
14
-102
-231
-340
-421
-501
-617
-765
-889
-966
-1034
-1105
-1135
-1171
-1298
-1444
-1453
-1345
-1299
-1331
-1315
-1244
-1220
-1210
-1089
-893
-782
-729
-575
-343
-213
-176
-25
262
483
583
729
958
1093
1121
1239
1470
1633
1676
1727
1806
1818
1784
1797
1836
1807
1709
1596
1488
1367
1226
1095
988
796
432
85
57
206
8
-583
-972
-851
-699
-935
-1308
-1431
-1353
-1283
-1302
-1408
-1510
-1475
-1320
-1221
-1153
-999
-889
-1003
-1084
-791
-356
-261
-452
-467
-226
-39
-26
11
155
252
226
215
307
402
379
298
296
377
425
365
240
153
156
196
184
109
40
-6
-63
-119
-116
-67
-64
-126
-169
-142
-96
-85
-73
-14
74
129
139
168
247
337
406
472
550
605
624
644
683
716
728
729
713
680
643
605
540
460
398
340
259
165
100
58
-11
-122
-226
-281
-306
-343
-402
-471
-556
-639
-664
-637
-647
-711
-760
-771
-801
-834
-803
-739
-743
-790
-768
-692
-664
-669
-605
-504
-471
-476
-407
-284
-229
-224
-159
-46
16
29
80
166
224
266
339
413
449
482
555
633
685
734
792
819
820
851
919
958
934
906
913
920
880
828
808
787
723
648
603
553
470
394
349
293
206
132
88
38
-33
-100
-158
-222
-280
-318
-363
-429
-487
-520
-566
-635
-686
-698
-715
-763
-809
-817
-822
-854
-882
-876
-839
-812
-806
-807
-785
-741
-694
-646
-590
-522
-468
-424
-361
-276
-201
-147
-81
4
67
103
158
232
279
281
292
344
396
411
400
396
404
417
421
425
432
440
445
454
454
440
433
460
498
496
456
436
443
444
436
431
403
342
296
277
248
190
141
99
48
10
-33
-134
-247
-236
-139
-165
-325
-398
-312
-265
-342
-366
-262
-215
-307
-352
-251
-158
-198
-255
-207
-134
-139
-179
-160
-103
-82
-112
-134
-114
-78
-65
-86
-103
-94
-74
-80
-94
-76
-37
-33
-72
-84
-37
10
-2
-23
4
55
81
79
93
131
174
206
234
260
284
318
351
380
395
401
414
418
418
408
385
353
320
299
279
230
166
109
69
33
-16
-66
-118
-155
-186
-218
-245
-270
-299
-329
-342
-329
-318
-337
-361
-363
-337
-315
-321
-327
-316
-295
-282
-276
-262
-242
-238
-236
-220
-198
-178
-167
-157
-149
-139
-102
-56
-46
-63
-49
14
69
72
71
106
149
177
201
227
242
245
251
272
299
307
285
250
240
267
275
239
190
164
159
149
133
120
95
56
29
30
47
52
28
-8
-19
9
43
34
-10
-26
7
39
29
7
6
18
16
13
18
20
3
-12
-5
5
-11
-46
-58
-51
-52
-77
-97
-106
-121
-138
-139
-134
-154
-189
-204
-192
-185
-198
-214
-220
-210
-193
-181
-178
-180
-160
-120
-98
-98
-88
-51
-18
-5
15
54
84
90
103
146
185
196
198
213
236
245
245
252
258
257
253
253
256
248
235
228
219
200
175
154
141
127
104
80
52
30
10
-10
-27
-46
-71
-97
-112
-116
-125
-142
-161
-164
-162
-171
-176
-176
-167
-166
-175
-176
-164
-150
-146
-143
-134
-126
-126
-123
-114
-98
-90
-93
-97
-93
-84
-73
-63
-61
-60
-61
-58
-49
-37
-24
-16
-16
-17
-10
7
18
19
24
31
33
27
34
49
65
66
64
70
79
79
84
96
105
106
104
103
102
109
123
133
126
114
113
126
134
136
132
120
108
105
112
116
102
78
65
63
61
48
30
9
-9
-21
-27
-32
-46
-70
-88
-89
-84
-86
-96
-102
-102
-109
-117
-112
-102
-100
-107
-111
-101
-93
-88
-80
-73
-70
-71
-67
-59
-54
-51
-40
-30
-29
-32
-28
-15
-2
3
4
10
18
27
32
40
51
56
58
57
59
71
79
82
81
82
82
82
84
83
81
77
72
69
64
61
55
50
47
43
36
30
27
26
22
12
6
1
-4
-10
-17
-21
-24
-28
-35
-41
-45
-50
-57
-62
-63
-64
-67
-71
-77
-78
-77
-77
-78
-82
-83
-84
-88
-92
-95
-94
-95
-98
-97
-90
-84
-78
-71
-62
-52
-43
-32
-19
-6
5
10
14
24
34
48
57
66
74
83
87
92
99
106
108
102
99
99
102
100
96
92
88
85
82
78
76
72
68
60
53
51
48
43
33
27
18
11
5
-3
-7
-13
-17
-24
-28
-28
-34
-36
-38
-40
-40
-39
-38
-41
-43
-42
-40
-42
-44
-43
-43
-41
-42
-39
-36
-37
-38
-42
-42
-43
-48
-49
-50
-47
-46
-46
-44
-42
-38
-37
-37
-34
-32
-28
-25
-17
-10
-3
6
10
20
26
31
37
41
50
54
63
68
76
81
83
87
84
85
84
81
81
77
74
68
63
60
55
51
44
41
35
29
23
16
10
-1
-9
-17
-27
-35
-47
-56
-61
-70
-81
-90
-94
-99
-104
-110
-116
-119
-122
-122
-116
-109
-101
-101
-99
-92
-80
-68
-58
-51
-41
-30
-21
-7
7
23
29
33
39
47
53
55
56
58
56
52
51
54
55
52
49
48
47
43
41
43
46
43
41
48
53
55
54
56
56
53
51
54
55
54
48
44
44
45
45
42
39
33
28
24
25
29
24
15
5
-1
-1
-2
-6
-12
-24
-35
-41
-43
-45
-47
-55
-65
-69
-70
-65
-61
-60
-61
-63
-62
-54
-48
-45
-43
-44
-43
-39
-30
-20
-13
-5
0
5
9
14
20
23
25
24
24
24
25
27
30
31
30
28
24
25
22
24
24
22
18
13
11
9
7
6
5
3
-3
-6
-6
-6
-4
-4
-4
-7
-6
-4
-4
-4
-7
-8
-8
-10
-10
-8
-7
-6
-7
-7
-8
-11
-10
-10
-8
-8
-7
-9
-9
-11
-9
-8
-9
-10
-13
-15
-17
-18
-16
-13
-12
-12
-11
-10
-9
-4
1
5
5
6
9
11
16
17
18
20
21
24
21
21
19
15
11
8
6
4
0
-3
-5
-6
-2
-1
0
0
3
6
10
14
16
