12
9
7
7
7
4
4
5
7
3
-2
-4
-3
-7
-11
-10
-9
-8
-7
-7
-6
-6
-5
-2
0
1
0
4
4
3
4
6
8
7
6
7
9
9
10
13
12
11
11
10
11
11
12
13
13
15
16
16
15
13
13
12
11
9
9
8
6
2
1
-3
-4
-2
-7
-9
-12
-11
-13
-17
-20
-17
-18
-21
-22
-21
-19
-18
-17
-17
-18
-17
-15
-16
-17
-20
-17
-32
-39
-34
-43
-41
-48
-61
-63
-67
-61
-61
-75
-66
-50
-45
-41
-31
-12
3
9
24
46
66
88
118
125
125
163
199
206
196
194
228
232
210
212
204
179
149
128
113
71
15
-37
-83
-121
-161
-210
-291
-340
-344
-376
-420
-454
-463
-451
-469
-447
-393
-374
-357
-308
-222
-135
-84
-27
63
173
263
339
430
525
628
694
753
868
959
1000
1023
1045
1149
1209
1196
1183
1167
1160
1142
1107
1051
994
940
872
785
703
627
533
411
298
208
111
-24
-170
-284
-376
-486
-625
-755
-858
-946
-1035
-1125
-1209
-1289
-1347
-1372
-1382
-1421
-1480
-1506
-1466
-1412
-1392
-1384
-1357
-1308
-1255
-1206
-1140
-1050
-962
-905
-863
-782
-672
-585
-510
-404
-268
-157
-80
-18
49
175
366
509
515
534
688
821
796
787
955
1093
1039
1002
1121
1187
1072
1023
1135
1158
1011
930
941
794
507
382
406
252
-115
-367
-405
-515
-877
-1258
-1320
-1085
-987
-1303
-1694
-1588
-1060
-822
-1083
-1160
-606
-3
25
-128
221
863
1133
1080
1297
1827
2139
2059
1993
2229
2551
2662
2586
2513
2540
2572
2449
2198
1997
1933
1809
1492
1111
691
172
-276
-370
-393
-967
-1850
-2205
-1979
-2038
-2624
-2930
-2699
-2564
-2787
-2857
-2554
-2362
-2367
-2207
-1873
-1655
-1573
-1387
-1192
-1093
-859
-507
-357
-458
-389
-39
157
124
167
347
410
326
365
440
350
231
242
282
136
-57
-113
-148
-198
-198
-137
-171
-302
-258
-35
143
154
140
294
509
673
765
814
867
901
978
1077
1119
1097
1040
1010
966
919
966
1045
1021
849
735
817
911
871
745
681
666
601
547
538
522
428
320
327
380
348
228
155
220
306
272
104
-68
-119
-106
-183
-416
-688
-874
-1024
-1234
-1475
-1688
-1904
-2189
-2438
-2508
-2480
-2561
-2783
-2902
-2783
-2553
-2392
-2304
-2154
-1873
-1512
-1182
-922
-642
-264
157
525
858
1237
1607
1867
2078
2366
2721
2987
3095
3143
3218
3306
3339
3299
3223
3113
2954
2743
2513
2258
1954
1637
1357
1056
650
228
-38
-229
-580
-1032
-1288
-1337
-1494
-1831
-2049
-2036
-2050
-2210
-2305
-2216
-2103
-2083
-2054
-1956
-1857
-1736
-1522
-1307
-1210
-1134
-940
-734
-637
-543
-345
-169
-141
-114
41
183
186
148
192
273
316
335
336
297
250
258
287
284
287
322
317
242
188
230
290
292
287
331
372
355
351
426
511
541
577
665
728
718
717
762
774
749
801
908
889
732
632
653
648
588
584
620
568
454
397
355
283
295
406
378
114
-109
-107
-94
-277
-523
-713
-960
-1291
-1505
-1614
-1921
-2487
-2892
-2819
-2583
-2712
-3189
-3466
-3215
-2757
-2552
-2535
-2296
-1786
-1366
-1171
-875
-270
358
691
908
1389
2076
2534
2627
2740
3157
3660
3932
4021
4140
4287
4312
4225
4161
4149
4081
3873
3540
3171
2819
2452
2010
1513
1058
674
299
-124
-585
-1043
-1444
-1760
-2027
-2315
-2637
-2917
-3119
-3309
-3492
-3576
-3686
-4122
-4595
-4235
-3136
-2839
-3950
-4692
-3615
-2115
-2085
-2747
-2377
-1387
-1080
-1099
-511
209
288
217
617
1131
1370
1507
1543
1351
1377
1934
2320
1918
1386
1539
1973
1950
1669
1660
1759
1588
1352
1383
1495
1364
1092
929
867
807
760
671
425
180
229
433
372
75
-37
118
224
209
279
394
355
249
304
423
406
345
416
511
459
315
214
153
115
159
284
333
192
-41
-136
24
265
240
-147
-532
-592
-517
-686
-1118
-1584
-2042
-2517
-2844
-2933
-3083
-3541
-4012
-4092
-3949
-3994
-4166
-4069
-3701
-3417
-3289
-3004
-2457
-1940
-1654
-1351
-696
207
924
1302
1695
2410
3234
3799
4189
4723
5346
5712
5814
5990
6304
6440
6268
6036
5919
5761
5379
4856
4319
3759
3173
2622
2094
1480
773
75
-561
-1156
-1708
-2214
-2711
-3187
-3585
-3909
-4252
-4630
-4915
-5001
-4985
-5042
-5113
-5016
-4781
-4617
-4517
-4226
-3693
-3185
-2846
-2471
-1893
-1302
-925
-643
-199
377
817
1017
1134
1350
1649
1878
1948
1950
2009
2071
2018
1910
1890
1913
1808
1581
1392
1283
1149
937
702
514
385
280
139
-14
-108
-125
-127
-133
-92
6
113
200
276
358
486
667
816
881
929
1042
1170
1225
1230
1239
1234
1208
1191
1177
1124
1053
992
903
770
632
520
451
426
340
87
-134
-69
60
-171
-565
-571
-355
-604
-1232
-1451
-1237
-1451
-2322
-3020
-3112
-3183
-3674
-4181
-4290
-4269
-4474
-4825
-5034
-4976
-4691
-4362
-4145
-3883
-3314
-2597
-2119
-1762
-1047
20
939
1574
2283
3166
3920
4472
5072
5768
6339
6737
7055
7245
7244
7194
7189
7081
6784
6433
6098
5606
4899
4135
3430
2713
1949
1198
444
-363
-1164
-1891
-2600
-3300
-3848
-4221
-4600
-5037
-5357
-5496
-5564
-5621
-5695
-5847
-5894
-5411
-4493
-3934
-4086
-4212
-3619
-2694
-2074
-1584
-874
-250
-41
129
696
1386
1767
1921
2110
2336
2500
2550
2373
2031
1905
2142
2270
1918
1397
1102
880
535
340
447
460
65
-441
-665
-665
-661
-646
-596
-600
-634
-542
-344
-206
-82
176
486
694
866
1105
1267
1263
1313
1559
1782
1795
1741
1724
1611
1415
1388
1521
1488
1222
1017
972
867
618
406
298
173
-5
-163
-303
-398
-345
-228
-331
-626
-747
-620
-664
-1059
-1426
-1509
-1600
-2009
-2618
-3218
-3767
-4225
-4483
-4558
-4552
-4576
-4809
-5304
-5630
-5235
-4323
-3686
-3496
-3126
-2306
-1539
-1084
-452
682
1884
2721
3403
4274
5194
5821
6149
6474
7008
7649
8093
8150
7939
7662
7340
6909
6477
6146
5722
4960
3934
2920
2009
1123
251
-558
-1353
-2180
-2948
-3589
-4198
-4841
-5351
-5578
-5647
-5720
-5752
-5680
-5593
-5509
-5282
-4930
-4619
-4261
-3602
-2827
-2369
-2113
-1571
-819
-383
-183
349
1164
1641
1678
1728
1891
1918
1890
2044
2180
1999
1650
1387
1150
876
710
639
413
40
-187
-223
-335
-579
-708
-663
-652
-720
-670
-488
-399
-409
-274
50
344
538
749
959
1066
1163
1402
1694
1863
1925
1951
1904
1780
1701
1701
1672
1580
1500
1389
1127
784
581
553
487
302
151
98
8
-201
-424
-529
-499
-427
-443
-523
-433
-114
42
-277
-705
-711
-487
-576
-916
-1054
-1164
-1877
-3134
-4110
-4372
-4338
-4481
-4770
-5011
-5280
-5677
-6008
-5900
-5249
-4398
-3755
-3305
-2684
-1812
-989
-313
555
1806
3129
4213
5140
6023
6717
7130
7501
8044
8633
9023
9123
8936
8457
7786
7124
6559
5993
5306
4452
3421
2226
959
-253
-1332
-2243
-2995
-3656
-4307
-4934
-5492
-5994
-6431
-6644
-6517
-6173
-5825
-5504
-5138
-4760
-4382
-3845
-3063
-2305
-1858
-1509
-807
186
897
1095
1164
1434
1736
1895
2061
2309
2340
1960
1439
1169
1172
1146
848
296
-275
-659
-851
-1007
-1229
-1439
-1569
-1675
-1782
-1759
-1560
-1413
-1483
-1514
-1165
-551
-58
207
401
601
833
1215
1738
2171
2374
2441
2467
2476
2533
2636
2609
2343
2001
1803
1740
1644
1400
1040
672
389
219
146
84
-98
-395
-617
-600
-398
-170
-33
-60
-209
-237
-6
283
460
651
884
863
583
551
948
1213
951
538
356
148
-375
-1050
-1770
-2758
-3972
-4954
-5497
-5862
-6209
-6463
-6711
-7166
-7630
-7609
-6959
-6067
-5282
-4553
-3643
-2509
-1313
-173
1028
2431
3904
5136
6118
7179
8330
9105
9306
9388
9759
10141
10092
9692
9207
8540
7486
6256
5221
4352
3348
2096
736
-601
-1889
-3069
-4098
-4960
-5657
-6196
-6592
-6837
-6930
-6918
-6837
-6571
-6062
-5370
-4568
-3664
-2743
-1960
-1290
-540
340
1232
2008
2656
3179
3370
2917
1952
1345
1822
2711
2683
1574
434
-279
-1155
-2153
-2358
-1748
-1524
-2262
-3094
-3292
-3245
-3361
-3421
-3098
-2502
-1845
-1244
-865
-671
-384
65
554
1167
2177
3267
3681
3338
2975
3122
3520
3749
3857
3912
3692
3068
2307
1757
1379
1014
635
273
-56
-341
-632
-1066
-1634
-1942
-1795
-1485
-1307
-1124
-841
-737
-860
-715
-56
707
1169
1438
1658
1671
1493
1415
1564
1769
1947
2131
2115
1710
1215
948
644
-74
-860
-1256
-1755
-3189
-5245
-6733
-7218
-7465
-7999
-8386
-8156
-7788
-7995
-8464
-8143
-6768
-5228
-4170
-3058
-1244
821
2259
3140
4306
5993
7568
8668
9668
10861
11746
11730
11096
10603
10430
10113
9394
8489
7481
6154
4472
2738
1188
-252
-1646
-2900
-3992
-5030
-6019
-6829
-7445
-7959
-8271
-8128
-7519
-6750
-6049
-5322
-4463
-3591
-2771
-1797
-492
942
2126
2925
3427
3690
3778
3952
4310
4466
4017
3303
2900
2570
1626
255
-717
-1255
-2121
-3406
-4298
-4406
-4327
-4670
-5246
-5487
-5238
-4817
-4459
-3973
-3128
-2177
-1550
-1126
-405
626
1448
1853
2231
2900
3640
4106
4286
4366
4380
4217
3902
3607
3391
3122
2647
1985
1310
782
381
-39
-505
-883
-1108
-1296
-1516
-1653
-1623
-1528
-1462
-1327
-974
-472
-51
186
386
722
1173
1636
2076
2451
2633
2568
2418
2363
2421
2463
2319
1886
1328
980
898
798
492
100
-323
-909
-1670
-2399
-3004
-3682
-4690
-6021
-7315
-8136
-8458
-8587
-8603
-8293
-7784
-7566
-7520
-6859
-5373
-3809
-2632
-1305
578
2478
3865
5043
6467
7851
8745
9338
10088
10936
11353
11105
10431
9651
8833
7868
6785
5719
4660
3394
1820
218
-1141
-2339
-3557
-4700
-5518
-6065
-6483
-6719
-6692
-6517
-6329
-5943
-5196
-4222
-3172
-2045
-846
166
920
1661
2513
3335
3902
4279
4539
4628
4439
3999
3473
2644
1042
-873
-1739
-1121
-900
-2484
-4627
-5559
-5801
-6608
-7102
-6168
-4992
-5057
-5548
-4830
-3304
-2308
-1978
-1689
-985
152
1608
2835
3502
3892
4098
3947
3791
4369
5367
5520
4597
3650
3356
3107
2390
1633
1214
791
71
-504
-584
-625
-1165
-1985
-2482
-2471
-2075
-1533
-1147
-1070
-1038
-791
-453
-103
453
1132
1520
1606
1908
2500
2802
2550
2212
2213
2318
2235
2059
1908
1626
1175
762
508
306
132
-68
-383
-738
-907
-1057
-1573
-2351
-2983
-3511
-4394
-5710
-7089
-8192
-8668
-8291
-7488
-7062
-7090
-6848
-6170
-5546
-4897
-3518
-1464
276
1413
2716
4562
6267
7180
7622
8220
9038
9727
10110
10340
10406
9982
8837
7308
6082
5308
4482
3208
1772
561
-600
-1944
-3240
-4180
-4918
-5678
-6186
-6157
-5749
-5299
-4888
-4493
-4136
-3655
-2802
-1633
-440
601
1566
2389
2927
3265
3606
3921
3846
3288
2645
2281
2098
1684
977
105
-930
-2122
-3243
-4002
-4526
-5032
-5435
-5571
-5473
-5306
-5030
-4667
-4329
-3930
-3278
-2309
-1232
-171
787
1507
2016
2483
3030
3495
3765
3975
4118
4084
3863
3639
3384
2853
2147
1589
1285
980
545
100
-419
-1082
-1759
-2215
-2461
-2547
-2308
-1824
-1453
-1284
-1060
-737
-567
-388
144
880
1417
1787
2235
2540
2433
2157
2016
1946
1784
1690
1741
1686
1402
1036
739
413
32
-196
-204
-155
-198
-234
-174
-159
-265
-355
-322
-211
-42
279
678
955
985
647
-97
-954
-1506
-1877
-2548
-3424
-4154
-4960
-6171
-7171
-7133
-6632
-6715
-7089
-6655
-5521
-4699
-4133
-2970
-1288
-15
772
1981
3826
5536
6561
7157
7744
8287
8653
8820
8848
8774
8417
7634
6551
5575
4794
3792
2430
1054
-24
-979
-1960
-2768
-3378
-4004
-4681
-5140
-5225
-5073
-4770
-4351
-3876
-3354
-2686
-1797
-862
-66
610
1258
1860
2325
2724
3090
3240
3049
2653
2275
1898
1406
812
103
-708
-1589
-2650
-3995
-5228
-5712
-5630
-5796
-6168
-5991
-5236
-4671
-4347
-3602
-2493
-1580
-815
294
1694
2830
3528
3912
4162
4410
4636
4713
4603
4494
4382
3986
3325
2755
2361
1766
858
129
-140
-320
-747
-1211
-1461
-1702
-2070
-2287
-2166
-1912
-1755
-1595
-1271
-825
-351
82
461
804
1179
1608
2016
2317
2490
2531
2425
2241
2144
2136
1982
1546
1045
761
588
270
-199
-620
-935
-1298
-1642
-1721
-1477
-1266
-1385
-1596
-1585
-1425
-1566
-2242
-3343
-4647
-5863
-6743
-6995
-6584
-5879
-5431
-5355
-5122
-4511
-3810
-3251
-2534
-1413
-150
1206
2786
4494
5736
6257
6412
6547
6828
7244
7738
8059
8006
7686
7151
6382
5443
4458
3430
2274
1236
604
249
-177
-840
-1573
-2351
-3168
-3745
-3899
-3695
-3422
-3116
-2697
-2237
-1749
-1350
-1003
-739
-446
-24
471
966
1185
1166
1093
1074
861
378
-34
-324
-728
-1263
-1544
-1624
-1943
-2519
-3027
-3372
-3747
-4036
-4017
-3725
-3267
-2696
-2085
-1538
-981
-419
-31
246
716
1381
1897
2212
2555
2877
2906
2713
2554
2397
2072
1664
1431
1304
1119
836
545
211
-200
-545
-785
-963
-1109
-1122
-1028
-962
-915
-816
-677
-603
-516
-283
59
426
775
1135
1383
1489
1574
1652
1682
1637
1647
1704
1628
1438
1222
1073
872
605
346
121
-101
-288
-390
-466
-590
-794
-979
-1045
-922
-718
-744
-923
-1143
-1284
-1399
-1553
-1600
-1773
-1888
-1676
-1039
-358
-934
-2544
-4069
-4136
-3548
-3622
-3514
-2580
-1473
-1559
-1725
-674
320
6
-824
-418
938
2001
2852
3670
4254
4177
3725
3427
3469
3836
3955
3572
3333
3790
4318
3979
3125
2579
2030
1126
423
658
1157
1036
524
237
200
-105
-587
-1047
-1324
-1460
-1440
-1230
-874
-487
-460
-956
-1474
-1527
-1273
-1316
-1527
-1588
-1663
-1959
-2158
-1849
-1607
-1833
-2218
-2139
-1766
-1507
-1368
-1266
-1296
-1486
-1604
-1542
-1321
-1102
-957
-937
-757
-301
131
318
357
524
658
718
887
1189
1358
1218
995
912
933
908
791
667
593
580
588
652
687
613
359
129
96
212
308
280
260
280
358
412
458
481
445
344
266
377
568
690
644
572
517
471
490
543
596
499
377
302
314
334
227
53
-115
-128
-105
-115
-140
-163
-196
-266
-227
-178
-190
-300
-355
-355
-363
-372
-433
-477
-503
-478
-530
-599
-546
-443
-432
-495
-410
-279
-292
-393
-388
-272
-262
-313
-260
-126
-67
-165
-210
-158
-178
-356
-475
-416
-457
-660
-752
-611
-492
-520
-556
-497
-473
-537
-541
-379
-148
9
146
308
524
716
816
861
1003
1221
1375
1535
1720
1787
1686
1635
1663
1672
1666
1642
1566
1458
1389
1243
1113
1050
891
543
235
145
-6
-191
-289
-390
-682
-959
-961
-944
-1008
-1033
-984
-1061
-1269
-1235
-1039
-1054
-1233
-1242
-970
-826
-942
-1138
-1135
-941
-813
-918
-1069
-1152
-1013
-745
-748
-930
-1037
-742
-639
-692
-677
-730
-783
-787
-432
-459
-518
-297
-68
-148
-322
30
271
471
493
592
865
1061
972
809
1101
1283
1382
1583
1674
1310
936
921
949
1129
1235
1062
812
881
944
526
265
351
489
399
341
391
256
143
60
16
-130
-45
193
290
210
200
235
44
-42
-17
55
-59
-214
-202
-34
56
-137
-329
-354
-458
-550
-416
-187
-198
-334
-286
-306
-602
-713
-328
-164
-547
-682
-285
-382
-748
-544
-269
-522
-832
-597
-384
-404
-468
-599
-598
-419
-366
-355
-263
-93
-202
-170
-11
-101
-270
-156
70
131
289
354
207
266
411
121
50
371
472
92
93
402
498
263
-134
-28
391
298
-290
-81
496
244
-114
31
340
176
167
416
368
143
-127
140
552
452
134
201
409
90
2
383
432
-32
188
510
59
-325
-103
136
16
51
-121
-268
3
67
-250
-371
-413
-594
-290
157
-11
-467
-391
-154
-100
-232
-146
-6
-82
-259
-152
186
147
99
-153
60
469
261
-108
-91
280
255
115
107
-144
-125
226
233
-219
-417
-81
274
19
-225
-329
-60
57
-151
-248
-154
213
213
169
-89
-174
34
261
-25
-355
-214
102
13
-351
-279
-67
-71
-454
-639
-219
-147
-469
-494
-100
86
-70
-160
-207
51
393
99
-257
168
661
196
-167
416
763
478
124
285
294
235
164
80
242
245
-101
-416
-153
156
242
-114
-275
37
61
-89
-35
274
10
-198
172
325
324
372
405
285
241
247
247
419
336
-56
18
510
443
-285
-278
212
131
-219
-274
-258
-390
-211
-215
-447
-276
-106
-435
-345
40
-145
-688
-575
-123
-38
14
-146
-238
-147
-206
-396
-380
47
-67
-464
-236
179
192
-130
-345
-130
168
126
-40
-9
357
147
51
289
86
-155
123
510
391
149
7
60
205
339
89
100
470
165
-137
99
333
-46
-238
195
228
-158
-185
-21
-151
-185
81
3
-109
52
62
-178
75
256
-129
-208
317
438
-77
-131
-98
173
199
-25
-203
-49
206
-203
-293
28
-240
-531
-225
56
-210
-419
-263
-327
-334
-259
-221
-108
67
-58
-167
113
335
169
-72
165
263
139
202
396
243
-1
64
126
63
-10
-101
-116
23
49
-2
42
19
-101
43
273
2
-239
5
261
66
-5
184
178
170
278
331
216
68
53
228
453
362
218
283
257
129
172
215
-83
-212
-109
182
18
-176
-2
-108
-288
-357
-333
-535
-353
132
2
-249
-142
-159
-273
-10
69
-200
-206
-34
-151
-99
155
-159
-483
-30
326
-190
-563
-296
-26
-99
-309
-271
-185
40
10
-87
54
37
62
210
312
103
-62
148
384
182
53
197
320
76
-160
307
424
-93
-354
-15
159
-135
-244
-187
-42
-86
-56
15
88
-75
-209
115
324
128
88
316
207
75
100
493
459
164
72
137
139
-39
66
153
-123
-369
-317
-203
-154
-218
-363
-369
-268
-312
-281
-136
-212
-228
40
130
10
105
307
47
4
366
369
177
223
199
-39
-6
215
88
-34
136
-156
-272
-215
-326
-221
118
-96
-533
-20
212
-270
-310
204
35
16
216
165
30
262
116
-259
249
582
310
-98
90
316
140
129
55
70
6
-46
-127
-75
53
-185
-321
-6
97
-300
-361
41
158
-242
-269
157
258
-246
-293
168
106
-147
71
106
-197
-41
225
140
16
101
-76
-226
-128
58
155
12
24
137
4
-237
-32
127
-194
-229
95
216
42
36
72
-71
-52
192
106
-74
23
108
-233
-145
487
284
-235
-123
177
41
-305
-175
-70
-20
-202
-253
255
280
-174
-456
25
44
-290
-40
205
-12
-105
226
398
309
282
143
-18
139
-55
-60
68
211
158
77
142
-86
-189
-187
-122
-436
-523
-191
15
-154
-380
-42
325
135
-137
-187
-165
-128
140
251
186
300
519
377
102
-169
-240
300
457
-200
-403
405
498
-224
-406
-174
-29
-39
-114
-342
-169
249
-151
-480
-120
210
141
-108
-29
131
-20
23
97
86
0
121
244
203
195
104
-214
-233
126
158
-69
-128
163
134
-435
-402
251
127
-314
-12
372
-8
-230
201
162
-205
-116
140
182
40
-160
104
389
46
-462
-341
371
61
-397
-329
-52
140
-93
10
13
111
85
-83
-128
-9
38
-16
165
308
289
76
16
-31
-20
60
-224
-274
-135
-43
234
77
-197
-151
93
-333
-415
282
76
-384
-84
419
74
-155
46
251
157
-110
-95
195
331
-113
61
325
244
266
274
77
-43
250
-64
-391
-11
281
-37
-152
-36
-179
-237
-246
-313
-308
-268
-290
-227
-77
11
119
290
9
-307
-337
2
141
127
332
382
169
369
262
-297
-88
304
62
-379
-10
435
186
-131
-225
-20
171
-156
-346
-121
208
-22
-194
154
462
-78
-374
196
330
-53
-371
-210
52
330
174
-57
-138
-234
-168
-142
38
118
287
81
-78
56
-144
-168
6
-24
-141
166
334
170
-39
2
-318
-207
182
67
-87
50
103
-48
17
-48
12
93
8
-115
126
90
-192
-125
-9
-81
47
124
9
90
79
-77
-195
-31
143
6
-103
-21
149
-2
-137
87
115
-195
-264
-176
-12
-58
16
109
210
207
82
67
-150
-97
-39
28
8
129
63
-4
117
98
-29
-287
-119
-6
154
97
107
90
158
155
-77
-251
-116
82
-210
-178
47
101
74
10
45
33
-10
-61
-201
108
-152
-80
132
87
1
-177
93
27
-62
-134
-188
22
135
27
195
114
-11
-107
-147
77
129
165
110
27
-76
-144
25
-10
-30
60
-62
-23
46
19
-11
30
119
-52
-85
-160
-237
-34
119
162
275
19
110
-16
-173
-171
34
237
30
35
16
8
-35
34
34
115
-186
-138
-18
-2
-86
-163
266
-3
-245
63
142
-122
-393
-82
132
-6
-96
135
156
6
-226
-69
241
-188
-120
128
187
153
14
167
-4
-44
291
143
-25
-3
174
59
-166
7
220
90
-129
38
-87
-95
-22
22
12
13
-161
-369
-204
116
-133
-158
-35
-191
-191
-98
-52
-190
-32
58
82
-61
119
44
-20
44
256
192
17
130
-26
169
121
134
184
199
73
-67
-5
60
-396
-121
85
149
113
-97
-105
-89
-43
37
-227
-227
-71
-92
7
96
200
132
-104
-25
-12
-84
-50
-32
122
176
79
-31
198
92
-26
54
202
-230
-333
109
420
76
-90
-24
-111
-59
-85
-14
-214
4
66
11
61
-30
-176
-140
-27
-187
-144
208
315
46
-102
200
35
36
48
78
-136
-150
103
106
76
-48
-48
-199
18
-73
74
-180
-97
59
-73
83
28
37
-142
-144
-55
1
-78
104
-10
152
-3
62
150
-62
64
157
184
120
100
156
55
22
-30
-69
50
147
-106
-104
104
-6
12
21
177
42
24
-5
-178
-166
-227
-358
-266
-183
-115
-47
-145
38
-39
91
91
-41
37
67
226
37
-26
19
-210
-42
2
109
-206
-144
59
138
140
105
165
113
18
101
87
-149
-23
-14
56
-11
-55
-19
-67
-3
-19
-23
258
132
-16
-26
122
-32
-240
-42
134
-5
-220
-23
70
86
-144
-204
-65
42
229
1
-154
-7
69
-52
47
235
92
-129
-25
-42
-23
112
183
65
-40
117
96
-10
-53
-62
-105
-8
126
156
-128
-139
-50
-55
-67
-75
57
-100
-104
-65
84
-23
0
-78
-89
42
33
73
-113
-4
42
-32
-84
-65
44
18
-23
134
69
18
-5
-66
-67
49
59
-108
-42
276
216
-43
14
3
81
-65
-161
-135
-96
-40
-102
31
152
105
43
-40
-37
-6
-21
45
155
214
152
13
13
146
119
-57
-78
25
110
75
-12
-16
-209
-172
-75
-27
-92
-97
-76
-154
-119
30
8
-101
18
4
29
-109
-50
-34
-58
77
94
87
15
17
3
-14
-84
-34
-40
82
126
148
117
-20
62
23
-43
-62
-77
-100
-101
30
73
27
18
24
46
-38
-87
-140
-110
-18
86
111
60
123
138
74
-13
13
-44
-23
10
86
133
59
46
36
19
-110
-19
-27
-150
-113
-5
49
-26
28
101
42
-72
-170
-115
-30
38
74
55
-16
-12
-38
-6
13
0
-92
-79
-16
17
34
49
40
-15
-34
-35
58
-1
-46
-27
64
78
24
80
24
-51
-27
24
-34
-46
28
88
-30
-56
107
120
-19
-99
8
-9
-83
-40
-10
-10
5
42
44
31
16
-39
-65
-34
8
12
-29
1
76
21
-22
-43
23
5
-19
15
-18
-15
-32
11
11
22
27
8
6
18
22
-49
-75
-22
17
28
19
37
47
40
-22
-77
-7
31
18
-27
-20
-11
-7
12
21
26
-13
-28
-10
-5
-2
-10
-37
-32
14
46
20
-23
-17
9
28
30
5
23
29
7
-39
-47
-23
-23
-10
14
45
38
-7
-53
-51
-24
-53
-54
20
81
57
25
23
6
-45
-56
-42
-16
15
39
28
8
12
12
-11
-24
12
35
28
2
3
14
13
20
48
43
14
-12
-19
-22
-24
0
7
13
20
12
2
-8
-14
-32
-50
-38
0
25
9
1
0
3
-18
-23
1
-3
-2
2
5
-6
-2
23
25
13
-5
-9
-22
-19
-23
-15
-7
-7
-10
-26
-13
-3
-9
-18
-26
-17
-13
5
33
35
23
1
2
18
17
9
2
16
18
9
8
-1
-7
-16
-16
-24
-27
-20
-13
-11
-10
-3
8
15
28
27
26
21
0
-3
1
10
7
7
6
1
3
4
2
-3
-6
-3
0
0
9
14
8
-1
-6
-10
-13
-12
-11
-17
-19
-20
-13
-6
0
-9
-19
-23
-20
-12
-16
-14
-3
4
1
-2
-4
-8
-1
10
8
9
28
42
39
32
26
23
24
32
33
23
10
8
6
-3
-18
-27
-29
-35
-34
-32
-28
-20
-18
-13
-10
-8
-7
-4
-3
-3
-8
-7
0
8
4
0
5
3
0
1
3
5
5
8
9
8
4
2
-3
-7
-4
2
1
3
9
10
4
-2
-6
-2
0
2
3
1
1
5
4
-5
-4
6
9
10
13
12
12
11
16
14
4
-3
-5
-6
-14
-13
-4
-3
-5
2
10
13
12
11
9
5
1
-4
-5
-9
-10
-8
-4
-3
-2
0
-3
-11
-21
-21
-20
-17
-16
-8
1
-1
-6
-12
-15
-19
-21
-21
-23
-22
-19
-16
-14
-12
-10
-9
-11
-13
-9
-1
3
7
13
20
21
20
21
22
21
23
23
23
23
22
24
23
22
27
28
28
32
40
44
40
42
53
62
62
58
61
68
64
56
53
52
52
47
40
32
21
15
8
0
-8
-7
-11
-21
-25
-21
-20
-30
-39
-31
-19
-24
-33
-34
-28
-25
-34
-39
-38
-35
-41
-51
-53
-46
-44
-49
-49
-50
-52
-60
-71
-79
-91
-100
-113
-136
-151
-162
-180
-202
-225
-235
-244
-274
-288
-293
-306
-309
-318
-305
-297
-314
-308
-288
-266
-240
-229
-208
-175
-141
-100
-55
-6
47
98
145
185
248
317
382
440
506
610
709
777
858
931
1029
1126
1160
1198
1210
1214
1252
1238
1197
1145
1059
1005
916
791
661
512
373
239
93
-54
-198
-327
-462
-588
-703
-803
-867
-962
-1051
-1118
-1168
-1178
-1188
-1201
-1161
-1119
-1056
-1006
-998
-970
-921
-861
-785
-704
-595
-460
-360
-277
-231
-214
-236
-255
-237
-178
-112
-43
52
162
242
256
234
210
227
275
339
379
407
428
434
383
296
207
115
15
-94
-192
-302
-429
-579
-769
-1064
-1415
-1696
-1823
-1884
-1957
-1969
-1832
-1611
-1475
-1420
-1281
-1027
-801
-685
-543
-211
246
705
1134
1605
2117
2537
2813
2984
3152
3347
3512
3619
3694
3817
3981
4070
4064
3987
3882
3680
3317
2876
2456
2115
1767
1347
900
464
40
-454
-1038
-1587
-2025
-2385
-2817
-3245
-3509
-3645
-3798
-4005
-4081
-4029
-4009
-4032
-3989
-3813
-3623
-3433
-3146
-2791
-2426
-2059
-1632
-1209
-867
-529
-182
98
285
508
826
1102
1286
1450
1628
1748
1749
1713
1667
1569
1421
1260
1108
954
827
740
625
470
331
231
132
15
-68
-93
-112
-139
-113
-6
113
197
282
412
549
643
713
803
915
1040
1160
1252
1318
1380
1442
1444
1364
1273
1248
1234
1155
1059
1023
1018
966
839
620
272
-149
-562
-975
-1429
-1868
-2189
-2443
-2720
-2966
-3093
-3155
-3281
-3443
-3563
-3661
-3740
-3692
-3464
-3154
-2819
-2390
-1886
-1419
-988
-501
30
483
871
1303
1783
2251
2701
3187
3659
4023
4284
4458
4538
4528
4496
4460
4343
4143
3924
3704
3430
3097
2747
2362
1878
1292
658
41
-499
-935
-1316
-1702
-2092
-2446
-2765
-3072
-3337
-3535
-3681
-3811
-3896
-3879
-3731
-3469
-3155
-2857
-2627
-2438
-2249
-2037
-1791
-1470
-1061
-626
-218
168
558
931
1256
1502
1651
1735
1792
1854
1911
1966
2004
1983
1866
1652
1396
1113
809
490
183
-96
-333
-500
-599
-655
-692
-722
-749
-762
-727
-642
-536
-428
-301
-152
22
229
469
708
911
1073
1173
1214
1235
1284
1336
1362
1383
1414
1429
1396
1351
1330
1301
1190
957
639
289
-73
-496
-985
-1468
-1862
-2180
-2506
-2821
-3038
-3143
-3253
-3459
-3693
-3828
-3842
-3816
-3766
-3598
-3253
-2813
-2384
-1971
-1512
-999
-486
-16
438
951
1544
2153
2714
3241
3775
4275
4667
4933
5121
5266
5362
5385
5328
5206
5052
4853
4567
4187
3748
3287
2783
2220
1617
999
400
-194
-800
-1415
-1970
-2427
-2827
-3219
-3600
-3914
-4151
-4354
-4534
-4655
-4656
-4564
-4444
-4299
-4077
-3746
-3352
-2958
-2586
-2225
-1862
-1515
-1185
-841
-439
9
428
784
1116
1457
1779
2023
2201
2344
2449
2483
2459
2423
2386
2309
2148
1903
1600
1267
924
578
240
-68
-315
-497
-651
-791
-893
-935
-952
-977
-978
-902
-731
-503
-256
12
290
550
749
897
1009
1086
1135
1165
1206
1269
1339
1401
1419
1387
1320
1251
1189
1113
1047
1016
1001
909
675
342
-30
-466
-1024
-1651
-2182
-2553
-2833
-3105
-3316
-3387
-3397
-3493
-3710
-3905
-3974
-3959
-3915
-3793
-3476
-2975
-2416
-1898
-1411
-906
-404
37
415
811
1320
1929
2547
3124
3679
4220
4681
5000
5187
5310
5398
5426
5376
5288
5186
5058
4854
4542
4147
3692
3184
2618
1997
1358
740
150
-449
-1053
-1602
-2058
-2458
-2875
-3305
-3693
-4010
-4295
-4556
-4739
-4794
-4750
-4667
-4571
-4446
-4275
-4053
-3784
-3464
-3091
-2650
-2152
-1647
-1167
-695
-213
246
642
1000
1357
1700
1985
2230
2467
2666
2766
2763
2719
2648
2519
2323
2094
1859
1598
1300
980
663
353
56
-225
-484
-717
-889
-976
-999
-1000
-977
-901
-774
-626
-460
-261
-41
183
404
623
824
992
1140
1283
1390
1450
1494
1525
1511
1446
1373
1322
1259
1171
1112
1105
1086
964
717
380
-23
-514
-1108
-1753
-2311
-2668
-2883
-3117
-3393
-3572
-3645
-3810
-4169
-4496
-4553
-4429
-4330
-4212
-3857
-3252
-2620
-2100
-1632
-1126
-617
-170
242
723
1369
2162
2969
3666
4247
4766
5193
5468
5614
5728
5850
5936
5951
5911
5825
5681
5460
5120
4633
4037
3414
2799
2172
1536
938
365
-262
-965
-1650
-2236
-2759
-3283
-3799
-4239
-4598
-4908
-5171
-5344
-5412
-5405
-5348
-5247
-5092
-4858
-4510
-4073
-3635
-3249
-2847
-2355
-1812
-1299
-813
-284
260
712
1075
1447
1853
2202
2448
2653
2841
2961
3001
3006
2992
2904
2722
2478
2177
1815
1431
1084
746
366
2
-258
-430
-618
-846
-1028
-1123
-1183
-1241
-1261
-1193
-1042
-812
-521
-219
53
313
585
815
945
1046
1223
1468
1681
1816
1915
1982
1988
1962
1943
1917
1846
1758
1700
1641
1498
1222
816
313
-305
-1066
-1913
-2650
-3093
-3312
-3537
-3846
-4093
-4241
-4481
-4921
-5312
-5375
-5199
-5037
-4883
-4501
-3841
-3127
-2538
-2019
-1451
-859
-329
159
748
1547
2509
3440
4190
4764
5232
5609
5867
6048
6246
6492
6706
6795
6732
6545
6264
5895
5411
4803
4126
3461
2834
2212
1580
961
326
-411
-1264
-2122
-2859
-3458
-3974
-4423
-4788
-5076
-5336
-5590
-5799
-5912
-5909
-5821
-5684
-5486
-5170
-4716
-4215
-3766
-3351
-2867
-2276
-1663
-1074
-445
257
910
1395
1737
2062
2418
2736
2967
3138
3284
3395
3428
3366
3230
3058
2867
2620
2284
1903
1561
1265
940
534
102
-275
-593
-889
-1149
-1326
-1419
-1487
-1577
-1661
-1661
-1531
-1305
-1048
-786
-488
-155
151
377
573
832
1149
1436
1648
1828
2030
2223
2334
2363
2390
2469
2551
2561
2515
2445
2265
1821
1098
217
-754
-1778
-2666
-3162
-3316
-3487
-3885
-4376
-4838
-5404
-6117
-6637
-6617
-6186
-5748
-5435
-5033
-4436
-3817
-3341
-2913
-2317
-1518
-668
140
1004
2051
3185
4146
4797
5273
5757
6254
6708
7166
7687
8185
8453
8369
8000
7479
6932
6408
5893
5336
4720
4068
3364
2559
1648
710
-194
-1089
-2067
-3102
-3962
-4442
-4678
-5041
-5605
-6106
-6427
-6771
-7190
-7369
-7086
-6580
-6200
-5949
-5620
-5159
-4649
-4144
-3648
-3095
-2375
-1495
-655
47
750
1524
2145
2410
2523
2827
3331
3755
3986
4166
4317
4276
3971
3563
3224
2980
2763
2491
2113
1653
1207
819
396
-103
-529
-748
-873
-1078
-1310
-1412
-1403
-1439
-1546
-1572
-1408
-1107
-769
-451
-167
84
306
499
690
950
1306
1650
1864
1973
2071
2205
2335
2426
2502
2614
2763
2806
2538
1915
1071
20
-1311
-2628
-3278
-3093
-2822
-3225
-4145
-5001
-5813
-6903
-7888
-7920
-6957
-5948
-5593
-5621
-5482
-5136
-4817
-4427
-3610
-2299
-880
216
971
1733
2734
3785
4578
5162
5855
6752
7612
8250
8758
9217
9460
9291
8790
8254
7919
7790
7673
7302
6543
5469
4256
3047
1929
1008
346
-200
-956
-2161
-3688
-5025
-5749
-5996
-6278
-6780
-7175
-7325
-7593
-8160
-8508
-8151
-7452
-7036
-6829
-6307
-5447
-4686
-4177
-3675
-3023
-2261
-1406
-470
459
1358
2227
2871
3084
3114
3466
4166
4736
4945
5034
5102
4898
4350
3816
3573
3474
3243
2803
2225
1592
993
469
-41
-531
-872
-1045
-1256
-1615
-1935
-2016
-1973
-1995
-2025
-1862
-1500
-1126
-866
-690
-501
-232
136
555
980
1413
1833
2094
2108
2058
2249
2681
3027
3127
3179
3311
3225
2586
1460
119
-1237
-2304
-2615
-2187
-1887
-2547
-3979
-5429
-6624
-7629
-8043
-7336
-5981
-5284
-5845
-6883
-7346
-6995
-6125
-4846
-3172
-1510
-483
-272
-294
257
1639
3374
4841
5917
6829
7588
7981
8122
8470
9170
9816
10034
9952
9856
9727
9324
8553
7534
6470
5534
4773
4089
3357
2466
1309
-147
-1752
-3227
-4294
-4777
-4812
-4992
-5901
-7359
-8541
-9023
-9138
-9088
-8613
-7829
-7507
-7947
-8405
-8100
-7127
-5985
-4866
-3846
-3117
-2653
-2128
-1379
-461
640
1865
2816
3216
3438
3935
4504
4733
4779
5025
5330
5303
4995
4718
4455
3999
3405
2906
2549
2228
1881
1415
731
-58
-633
-886
-1032
-1200
-1303
-1372
-1586
-1895
-1958
-1631
-1164
-787
-516
-370
-392
-408
-122
443
991
1368
1635
1765
1696
1671
2000
2547
2876
2910
2905
2848
2423
1569
480
-762
-1941
-2419
-1907
-1380
-2114
-3973
-5626
-6411
-6822
-7070
-6584
-5425
-4910
-5968
-7657
-8236
-7226
-5583
-4216
-3172
-2268
-1706
-1656
-1630
-755
1209
3399
4758
5206
5547
6257
6986
7431
7944
8873
9824
10169
9933
9629
9463
9147
8492
7729
7186
6866
6418
5525
4204
2755
1450
376
-461
-1113
-1797
-2749
-3954
-5143
-6135
-6933
-7450
-7582
-7557
-7804
-8354
-8748
-8737
-8526
-8207
-7563
-6643
-6005
-5926
-5902
-5304
-4164
-2955
-1889
-941
-174
321
715
1338
2256
3224
3957
4321
4384
4367
4488
4722
4851
4792
4660
4494
4167
3656
3166
2821
2488
2014
1498
1083
692
169
-446
-933
-1175
-1251
-1278
-1318
-1362
-1413
-1462
-1441
-1262
-921
-552
-290
-120
67
346
702
1084
1395
1575
1691
1892
2217
2498
2623
2654
2674
2554
2084
1264
204
-867
-1524
-1390
-875
-1167
-2732
-4535
-5312
-5246
-5321
-5552
-5346
-5009
-5607
-6996
-7588
-6585
-5019
-4216
-4064
-3695
-2946
-2289
-1870
-1171
133
1648
2721
3232
3774
4699
5632
6065
6261
6953
8118
8950
8929
8483
8209
8083
7855
7582
7506
7447
6923
5804
4468
3436
2823
2342
1704
839
-185
-1448
-2821
-3772
-4009
-4098
-4846
-6003
-6681
-6818
-7146
-7740
-7835
-7377
-7195
-7492
-7472
-6808
-6211
-6055
-5783
-4994
-4086
-3431
-2805
-2044
-1341
-719
50
932
1646
2210
2779
3206
3352
3544
4080
4599
4624
4334
4189
4147
3900
3545
3374
3274
2889
2233
1639
1242
892
514
202
-3
-192
-422
-656
-814
-852
-796
-698
-588
-454
-334
-314
-347
-234
131
548
761
781
834
1017
1224
1389
1555
1712
1771
1730
1636
1418
1003
433
-262
-1036
-1530
-1275
-713
-1152
-2917
-4458
-4426
-3703
-3885
-4709
-4814
-4369
-4742
-5843
-6006
-4747
-3582
-3614
-3998
-3524
-2429
-1756
-1702
-1437
-345
1137
2136
2478
2819
3607
4411
4755
5086
6093
7366
7785
7214
6735
7032
7519
7452
7034
6782
6549
5880
4891
4142
3784
3401
2664
1737
890
71
-841
-1660
-2184
-2661
-3415
-4196
-4583
-4798
-5368
-6124
-6457
-6376
-6399
-6576
-6528
-6266
-6145
-6157
-5942
-5378
-4703
-4158
-3764
-3390
-2846
-2082
-1304
-668
-59
621
1192
1535
1885
2452
3019
3295
3380
3529
3717
3756
3665
3599
3574
3483
3284
3014
2686
2329
1973
1611
1241
916
663
395
42
-273
-417
-457
-527
-604
-575
-482
-472
-538
-530
-357
-102
123
274
384
530
738
937
1042
1126
1343
1599
1542
1107
730
678
460
-410
-1328
-1246
-451
-545
-2127
-3645
-3579
-2719
-2841
-3884
-4237
-3592
-3448
-4450
-5163
-4413
-3227
-3121
-3706
-3460
-2233
-1401
-1616
-1799
-827
776
1657
1604
1689
2535
3458
3751
3904
4744
5899
6267
5765
5480
5968
6486
6309
5843
5794
5932
5549
4671
3982
3728
3472
2891
2228
1725
1129
132
-922
-1384
-1349
-1709
-2822
-3861
-4115
-4158
-4770
-5486
-5467
-5113
-5349
-5932
-5964
-5518
-5357
-5449
-5163
-4525
-4085
-3931
-3717
-3316
-2744
-1964
-1211
-822
-594
-61
639
1055
1344
1931
2555
2681
2547
2753
3177
3284
3131
3157
3315
3210
2847
2556
2414
2262
2042
1806
1567
1320
1057
738
409
248
268
214
-17
-196
-200
-232
-373
-372
-126
71
6
-119
-44
211
471
604
578
519
625
838
849
592
391
370
110
-607
-1137
-822
-244
-676
-2132
-3076
-2622
-1940
-2450
-3559
-3689
-2918
-2797
-3675
-4116
-3347
-2511
-2663
-3063
-2545
-1502
-1172
-1563
-1446
-292
937
1255
1041
1333
2257
2977
3095
3249
3991
4807
4921
4564
4617
5182
5468
5142
4842
5009
5099
4545
3735
3383
3399
3147
2478
1798
1275
688
30
-420
-721
-1306
-2122
-2583
-2588
-2832
-3629
-4314
-4373
-4250
-4459
-4732
-4722
-4702
-4901
-4962
-4602
-4149
-3957
-3871
-3611
-3175
-2669
-2168
-1759
-1420
-969
-394
59
324
656
1157
1574
1775
1976
2295
2514
2503
2483
2635
2811
2794
2618
2454
2337
2190
1996
1827
1670
1446
1155
916
788
696
560
393
240
108
3
-40
-11
50
101
117
122
155
222
285
343
436
544
571
486
414
438
457
359
154
-161
-643
-1108
-1139
-783
-819
-1731
-2765
-2861
-2290
-2272
-3032
-3454
-2998
-2592
-3008
-3536
-3232
-2495
-2294
-2522
-2300
-1536
-1055
-1177
-1182
-433
642
1191
1155
1297
2045
2857
3126
3155
3633
4437
4778
4529
4421
4804
5108
4873
4518
4545
4642
4236
3496
3059
2989
2765
2164
1532
1131
717
55
-675
-1109
-1245
-1475
-2069
-2793
-3196
-3280
-3487
-3961
-4248
-4084
-3921
-4198
-4587
-4543
-4199
-4028
-3971
-3668
-3224
-3025
-2995
-2701
-2078
-1486
-1133
-869
-511
-46
429
795
1054
1356
1767
2093
2168
2171
2316
2476
2436
2332
2381
2431
2222
1879
1723
1728
1601
1301
1058
946
798
543
325
256
255
168
-18
-180
-216
-157
-97
-51
27
121
155
154
238
408
520
513
525
642
743
663
434
246
194
86
-317
-831
-946
-652
-725
-1603
-2489
-2434
-1876
-2004
-2810
-3140
-2660
-2394
-2908
-3353
-2940
-2227
-2116
-2364
-2118
-1373
-924
-991
-867
-86
811
1117
1040
1352
2190
2878
3011
3056
3531
4145
4296
4082
4107
4467
4630
4363
4091
4106
4069
3632
3056
2790
2725
2418
1801
1228
858
430
-217
-783
-999
-1131
-1628
-2363
-2790
-2833
-2990
-3466
-3833
-3802
-3717
-3902
-4114
-4065
-3931
-3916
-3811
-3442
-3073
-2954
-2894
-2619
-2169
-1726
-1341
-1006
-706
-362
58
428
695
1004
1409
1710
1809
1891
2088
2238
2211
2154
2199
2211
2053
1841
1749
1716
1579
1349
1159
1047
932
777
618
495
409
332
242
147
75
31
11
28
95
172
195
177
182
245
292
270
253
330
426
419
326
213
16
-287
-541
-628
-668
-788
-980
-1287
-1785
-2220
-2228
-2017
-2145
-2570
-2691
-2437
-2414
-2779
-2893
-2445
-1960
-1872
-1852
-1519
-1084
-859
-674
-198
482
1002
1230
1407
1785
2314
2752
3009
3267
3656
3980
4002
3877
3956
4213
4289
4099
3926
3866
3639
3140
2682
2471
2284
1880
1356
926
546
12
-662
-1174
-1316
-1345
-1747
-2520
-3064
-3068
-3018
-3370
-3770
-3745
-3561
-3682
-3914
-3848
-3624
-3552
-3460
-3112
-2765
-2660
-2563
-2226
-1808
-1462
-1083
-683
-421
-211
174
621
883
1078
1421
1737
1800
1787
1949
2132
2124
2063
2119
2123
1910
1656
1579
1593
1507
1321
1143
988
817
642
525
490
463
375
251
180
158
99
16
29
169
291
276
191
169
243
332
359
303
220
196
223
227
164
1
-313
-714
-915
-772
-615
-881
-1488
-1912
-1920
-1844
-2030
-2345
-2448
-2319
-2280
-2464
-2613
-2482
-2203
-2011
-1871
-1602
-1271
-1086
-971
-651
-78
456
762
985
1322
1732
2055
2294
2595
2996
3349
3504
3520
3554
3655
3739
3747
3734
3706
3566
3263
2925
2687
2491
2229
1892
1535
1159
749
327
-76
-464
-863
-1288
-1646
-1808
-1902
-2312
-3059
-3507
-3259
-2909
-3196
-3780
-3839
-3489
-3439
-3646
-3504
-3068
-2872
-2837
-2521
-2067
-1870
-1756
-1350
-813
-450
-183
104
318
539
970
1408
1512
1496
1720
1972
1922
1834
2028
2200
2028
1792
1793
1782
1544
1336
1332
1280
1018
782
719
656
481
334
285
219
93
10
4
13
1
-11
-10
-5
16
60
97
95
61
51
101
147
91
-36
-75
-14
-71
-377
-717
-801
-678
-676
-935
-1267
-1471
-1586
-1712
-1823
-1856
-1865
-1931
-2020
-2048
-2018
-1984
-1936
-1794
-1523
-1218
-1027
-951
-805
-461
-26
328
618
951
1309
1590
1818
2099
2454
2785
3018
3176
3296
3378
3407
3426
3467
3482
3383
3181
2959
2734
2477
2207
1955
1676
1325
943
578
220
-133
-460
-778
-1115
-1441
-1764
-2112
-2370
-2425
-2478
-2850
-3312
-3341
-3054
-3078
-3425
-3452
-3078
-2927
-3104
-3004
-2522
-2228
-2226
-1990
-1464
-1126
-1018
-733
-263
58
257
547
834
989
1186
1486
1640
1606
1670
1846
1852
1723
1751
1845
1712
1464
1399
1422
1259
1022
946
923
747
526
451
433
315
163
95
67
1
-49
-23
3
-45
-112
-102
-28
20
17
32
92
141
144
140
148
124
82
90
156
183
65
-231
-561
-627
-346
-177
-579
-1223
-1380
-1064
-1033
-1488
-1767
-1540
-1368
-1665
-1979
-1844
-1558
-1551
-1623
-1387
-1019
-930
-1033
-881
-368
123
317
399
658
1063
1359
1499
1713
2106
2455
2550
2527
2643
2827
2860
2796
2835
2916
2800
2507
2281
2175
2010
1742
1498
1307
1039
661
301
38
-174
-430
-748
-1072
-1307
-1446
-1627
-1926
-2224
-2345
-2328
-2384
-2553
-2681
-2670
-2615
-2627
-2620
-2488
-2291
-2156
-2080
-1934
-1700
-1448
-1193
-933
-683
-469
-244
17
274
529
780
974
1077
1176
1359
1514
1546
1561
1632
1656
1551
1442
1421
1376
1254
1143
1057
903
706
597
550
442
290
190
133
37
-48
-55
-57
-124
-192
-189
-154
-150
-143
-125
-131
-126
-54
16
-13
-60
7
95
55
-22
10
69
8
-66
-57
-145
-413
-557
-396
-269
-492
-823
-932
-936
-1050
-1157
-1117
-1098
-1222
-1309
-1245
-1200
-1289
-1300
-1076
-794
-671
-662
-582
-387
-145
87
310
559
818
1010
1115
1249
1507
1786
1937
2007
2137
2287
2312
2250
2283
2395
2385
2222
2065
1975
1839
1624
1433
1273
1046
755
504
274
-23
-334
-543
-699
-956
-1301
-1541
-1603
-1653
-1889
-2223
-2362
-2251
-2173
-2304
-2434
-2356
-2232
-2245
-2221
-1980
-1720
-1657
-1610
-1361
-1054
-897
-778
-510
-194
0
136
313
501
682
881
1032
1078
1136
1295
1396
1339
1296
1390
1428
1285
1166
1187
1167
1007
877
847
760
586
472
439
368
248
164
77
-54
-122
-85
-101
-255
-356
-252
-142
-236
-388
-357
-207
-179
-237
-183
-35
12
-49
-40
72
144
143
167
243
265
206
171
169
98
-50
-120
-67
-72
-263
-511
-638
-678
-784
-936
-1000
-990
-1048
-1206
-1303
-1256
-1184
-1201
-1212
-1069
-853
-759
-763
-659
-391
-140
-6
136
390
646
775
865
1064
1320
1485
1570
1681
1819
1887
1896
1932
2003
2033
1988
1919
1849
1761
1634
1510
1411
1274
1050
819
662
495
212
-71
-207
-316
-608
-977
-1163
-1198
-1342
-1603
-1767
-1809
-1904
-2062
-2115
-2039
-1970
-1967
-1959
-1914
-1829
-1695
-1536
-1390
-1210
-960
-761
-686
-586
-328
-71
39
155
413
610
598
579
735
910
933
913
963
993
937
891
894
872
818
778
724
613
516
489
459
375
297
254
183
74
9
5
-18
-84
-127
-126
-134
-165
-178
-166
-144
-93
-9
50
61
96
192
281
318
368
465
539
542
542
580
599
562
524
498
424
299
207
173
89
-107
-339
-490
-535
-547
-660
-914
-1144
-1165
-1075
-1139
-1340
-1393
-1255
-1205
-1324
-1343
-1139
-966
-970
-942
-720
-485
-420
-380
-160
152
347
426
558
799
1023
1161
1287
1478
1671
1759
1776
1835
1943
2006
1979
1931
1913
1866
1695
1441
1280
1267
1185
827
374
173
192
29
-419
-766
-816
-881
-1182
-1453
-1469
-1472
-1667
-1841
-1789
-1695
-1747
-1806
-1715
-1562
-1468
-1409
-1343
-1241
-1055
-837
-715
-651
-489
-266
-155
-113
47
268
354
356
465
632
671
636
685
787
808
762
730
715
694
674
634
551
469
426
363
257
188
167
102
-16
-66
-44
-73
-168
-184
-110
-91
-155
-163
-73
4
20
60
144
182
167
223
396
549
538
416
401
581
765
738
591
566
654
648
527
468
485
424
269
148
77
-53
-232
-359
-443
-569
-743
-917
-1093
-1243
-1303
-1309
-1418
-1617
-1710
-1640
-1582
-1635
-1643
-1503
-1335
-1269
-1216
-1015
-726
-513
-369
-137
187
433
569
768
1097
1397
1548
1648
1814
1990
2071
2097
2166
2247
2259
2174
1985
1739
1651
1802
1800
1300
745
722
880
542
19
-5
104
-344
-917
-854
-585
-866
-1318
-1281
-1111
-1346
-1637
-1540
-1360
-1417
-1468
-1364
-1345
-1448
-1386
-1141
-954
-884
-837
-798
-721
-523
-302
-223
-193
-53
94
107
109
228
340
332
326
403
426
322
229
249
292
270
210
140
49
-35
-53
-34
-43
-82
-120
-157
-158
-92
-74
-197
-258
-12
294
207
-107
-85
269
438
342
377
551
532
419
562
835
868
738
757
879
896
866
890
889
842
837
813
678
566
597
572
369
202
197
130
-114
-287
-271
-304
-520
-726
-773
-789
-901
-1022
-1056
-1061
-1111
-1158
-1159
-1149
-1141
-1099
-1027
-977
-938
-859
-763
-704
-650
-537
-396
-302
-248
-175
-77
11
88
174
268
347
406
454
495
544
617
684
720
732
751
766
770
786
806
808
792
784
770
732
695
685
674
635
592
572
540
486
439
398
351
306
274
231
160
92
45
-6
-69
-122
-164
-218
-284
-347
-393
-428
-469
-514
-555
-604
-660
-695
-707
-729
-784
-818
-797
-776
-786
-801
-799
-787
-760
-709
-662
-634
-589
-524
-477
-439
-361
-257
-183
-139
-73
9
63
118
212
297
326
349
413
480
504
508
528
558
586
609
600
564
543
552
559
535
507
483
430
374
358
369
340
255
174
155
161
133
67
11
-15
-33
-52
-67
-82
-109
-140
-151
-138
-122
-115
-122
-126
-112
-89
-73
-70
-60
-38
-14
-9
-19
-29
-39
-44
-43
-33
-32
-72
-134
-165
-150
-152
-197
-240
-257
-264
-273
-274
-288
-320
-304
-230
-202
-259
-292
-219
-136
-126
-127
-77
-32
-34
-17
67
151
162
149
184
262
313
321
327
356
397
416
421
437
444
429
409
406
419
393
333
294
288
269
201
125
89
76
34
-39
-100
-126
-153
-212
-282
-304
-293
-322
-388
-431
-412
-374
-384
-414
-419
-388
-343
-328
-327
-290
-247
-229
-222
-176
-103
-84
-111
-95
-17
41
34
17
43
89
110
110
106
113
120
121
102
93
105
111
96
67
71
84
73
54
72
83
57
43
82
112
78
48
80
110
93
71
81
86
70
68
83
73
63
76
80
60
46
66
78
59
41
42
52
54
40
20
21
33
32
9
-9
-6
-2
-15
-32
-40
-49
-58
-54
-54
-82
-105
-88
-71
-98
-129
-124
-104
-106
-119
-125
-124
-123
-112
-100
-99
-99
-84
-63
-57
-50
-37
-19
-15
-13
-2
23
38
28
18
31
59
63
45
35
52
81
88
61
39
55
90
88
47
22
45
70
57
33
29
38
51
63
75
72
64
68
87
101
94
80
71
75
85
88
76
50
41
63
78
48
8
18
46
36
-2
-20
-20
-40
-65
-81
-97
-127
-153
-158
-170
-194
-196
-191
-206
-224
-218
-194
-206
-228
-194
-154
-164
-180
-137
-82
-98
-117
-53
18
14
-7
26
80
106
117
121
123
140
170
179
158
156
176
180
167
146
142
159
164
136
106
100
95
88
98
85
13
-30
31
92
23
-76
-53
26
23
-39
-44
-13
-20
-43
-30
-3
-1
-29
-46
-25
15
28
-4
-43
-38
12
40
-4
-61
-32
36
17
-53
-33
37
12
-63
-39
39
23
-41
-28
18
9
-14
-5
-14
-33
-3
29
-18
-77
-46
10
-21
-84
-75
-35
-49
-88
-74
-44
-55
-78
-56
-16
-18
-38
-24
17
44
54
61
63
65
94
126
120
93
95
123
119
96
98
110
88
55
57
75
51
-3
-17
14
24
-13
-60
-67
-44
-30
-51
-84
-91
-79
-76
-90
-102
-97
-84
-82
-95
-101
-92
-81
-82
-76
-57
-51
-59
-52
-29
-17
-15
-1
11
8
5
27
50
53
46
46
61
69
64
55
53
56
59
54
39
27
25
28
25
13
-3
-12
-13
-13
-18
-30
-31
-29
-29
-29
-28
-28
-30
-29
-20
-10
-10
-12
-6
6
13
8
4
14
26
25
20
25
30
26
25
33
35
24
21
26
35
36
28
20
18
27
31
23
7
-2
3
12
15
-1
-17
-17
-4
-3
-14
-19
-20
-24
-28
-22
-11
-9
-25
-34
-22
-8
-7
-16
-16
-11
-2
7
12
7
1
5
12
15
11
8
6
3
0
0
-6
-18
-27
-25
-18
-21
-33
-36
-32
-31
-31
-32
-28
-28
-25
-17
-12
-12
-12
-7
1
8
14
16
15
15
19
30
34
32
30
32
35
39
40
41
38
33
32
38
38
32
28
26
23
21
18
14
10
5
2
0
-1
-3
-9
-14
-18
-22
-24
-27
-29
-30
-29
-33
-38
-39
-36
-34
-39
-45
-44
-36
-28
-27
-25
-25
-21
-15
-11
-8
-8
-6
-2
6
9
7
2
5
12
18
15
14
14
18
21
20
18
14
13
16
19
20
14
10
9
8
8
7
2
0
3
5
4
1
0
-2
-3
-2
-2
-1
-1
-2
2
5
6
5
5
8
10
12
11
9
9
11
13
10
