3
2
4
3
3
4
3
2
2
2
1
1
1
2
2
0
0
1
1
-1
0
0
-1
0
0
2
1
2
3
3
2
0
-1
1
1
0
2
3
3
2
2
3
2
-1
-1
-2
-2
-1
-2
0
1
2
4
3
3
3
3
3
2
2
0
-1
-2
-3
-4
-4
-3
-4
-4
-5
-5
-4
-4
-4
-3
-3
-3
-4
-3
-3
-3
-2
-3
-4
-3
-4
-4
-4
-4
-3
-4
-2
-1
-1
-2
0
0
0
0
0
2
3
4
4
5
7
7
7
7
8
8
10
10
10
7
5
4
1
0
-2
-1
-2
-3
-1
-2
-3
-2
-2
-3
-3
-4
-3
-3
-4
-3
-1
-1
0
1
2
2
-2
0
0
1
1
-1
-1
-1
0
0
-2
1
1
-2
-2
-1
0
0
2
1
0
1
-1
0
-2
-2
-2
-1
0
2
3
4
4
0
0
0
0
1
1
2
1
1
3
4
3
2
1
1
2
1
1
2
1
-1
0
-1
-1
-2
-4
-3
-3
-3
-3
-1
0
-1
-1
0
0
1
1
1
0
2
4
1
1
0
1
0
-1
1
1
3
3
1
0
1
0
-2
-3
-3
-4
-4
-4
-6
-7
-6
-4
-4
-4
-5
-5
-4
-5
-4
-3
-3
-2
-4
-2
-2
-3
-1
-1
1
-1
0
0
0
1
1
2
2
4
5
5
4
4
3
2
2
3
5
4
4
4
5
3
3
5
6
4
5
5
6
9
6
6
5
6
4
3
3
3
1
3
3
2
1
0
1
0
0
-1
0
-2
-2
-2
-5
-3
-3
-3
-2
-2
-3
-5
-4
-3
-5
-3
-1
-2
-4
-4
-6
-5
-4
-5
-6
-5
-6
-5
-5
-3
-3
-2
0
-1
-2
-2
-3
-2
-2
-2
-1
-2
-1
0
0
0
-1
-3
-2
-2
-1
-1
0
0
-1
1
2
2
0
1
-2
-1
-2
-3
-1
-2
-1
-3
-2
-2
-3
-1
1
2
2
4
2
4
4
4
2
1
1
2
3
3
3
3
3
2
1
2
2
3
4
2
2
2
1
2
3
3
2
4
6
4
5
8
8
7
8
10
11
11
10
10
12
12
11
13
11
11
9
6
3
2
0
-1
-2
-4
-5
-6
-7
-8
-9
-9
-7
-7
-6
-5
-5
-5
-6
-6
-7
-9
-7
-10
-10
-13
-13
-11
-12
-11
-10
-10
-11
-11
-11
-10
-9
-8
-6
-7
-5
-5
-7
-5
-6
-6
-6
-7
-6
-4
-6
-7
-6
-6
-4
-5
-6
-7
-7
-8
-8
-8
-9
-10
-11
-13
-14
-13
-15
-14
-15
-14
-12
-11
-10
-8
0
5
5
10
18
25
30
35
46
56
62
69
75
84
94
96
104
107
109
122
126
125
126
124
130
133
126
123
116
116
116
107
99
89
82
76
65
57
47
36
29
20
9
-1
-13
-24
-36
-48
-58
-67
-78
-91
-102
-110
-118
-126
-138
-149
-151
-157
-156
-163
-177
-173
-170
-167
-164
-171
-167
-158
-151
-140
-143
-140
-128
-122
-113
-110
-106
-101
-97
-97
-102
-117
-130
-154
-184
-221
-286
-360
-431
-518
-599
-710
-839
-915
-990
-1045
-1091
-1164
-1153
-1102
-1025
-904
-795
-631
-418
-193
45
290
554
795
1023
1222
1406
1617
1745
1821
1875
1882
1938
1937
1858
1789
1682
1616
1559
1440
1335
1229
1143
1105
1034
965
915
871
872
865
839
829
806
800
791
742
682
605
510
391
260
109
-60
-246
-441
-639
-836
-1029
-1212
-1382
-1533
-1664
-1777
-1867
-1933
-1970
-1985
-1974
-1939
-1883
-1811
-1724
-1634
-1543
-1449
-1352
-1247
-1143
-1040
-936
-836
-739
-655
-573
-490
-394
-294
-179
-51
83
205
312
402
477
542
598
665
747
822
880
930
974
1021
1061
1099
1130
1148
1128
1050
916
732
512
258
-30
-368
-768
-1239
-1777
-2347
-2922
-3399
-3664
-3666
-3456
-3095
-2615
-2062
-1499
-972
-456
113
770
1440
2050
2584
3053
3427
3655
3738
3721
3649
3525
3341
3116
2897
2705
2512
2275
1993
1698
1410
1133
873
655
495
399
338
288
242
222
242
287
332
392
494
637
751
750
613
419
254
74
-245
-687
-1090
-1497
-2179
-3165
-3973
-4172
-4084
-4210
-4405
-4192
-3753
-3731
-4052
-3993
-3336
-2688
-2437
-2176
-1554
-852
-463
-277
21
413
677
785
887
1052
1242
1434
1572
1556
1415
1328
1340
1282
1088
971
1079
1220
1160
987
949
1033
1024
909
918
1149
1422
1562
1622
1718
1820
1842
1793
1741
1692
1610
1519
1419
1277
1093
922
768
522
170
-150
-336
-467
-657
-838
-889
-880
-967
-1134
-1183
-1030
-834
-762
-787
-775
-665
-524
-465
-546
-716
-998
-1652
-2876
-4265
-4950
-4655
-4102
-3956
-3853
-3207
-2429
-2343
-2633
-2172
-829
297
646
994
1991
3092
3536
3496
3587
3816
3763
3373
3013
2922
2989
2958
2687
2230
1793
1480
1178
782
419
253
217
158
64
0
-55
-123
-154
-142
-93
121
611
1141
1377
1451
1706
1971
1825
1428
1243
981
60
-1038
-1255
-855
-1180
-2309
-2928
-2733
-2906
-3779
-4119
-3360
-2596
-2621
-2752
-2282
-1584
-1245
-1140
-927
-627
-348
-89
118
269
494
803
916
716
551
703
921
856
648
628
722
639
363
155
92
-8
-203
-361
-389
-306
-169
-20
91
175
339
608
844
982
1146
1431
1684
1709
1610
1628
1732
1681
1411
1167
1117
1118
981
733
513
353
195
-5
-245
-456
-503
-352
-184
-211
-375
-470
-457
-461
-530
-625
-771
-1096
-1831
-3289
-5274
-6601
-6243
-4996
-4572
-4937
-4440
-2986
-2500
-3378
-3357
-1287
755
966
794
2178
4221
5003
4782
4996
5563
5402
4577
4019
3931
3895
3806
3617
3000
2033
1401
1251
896
121
-335
-116
81
-266
-647
-503
-175
-244
-589
-685
-360
169
663
1052
1408
1799
2093
2026
1668
1449
1471
1293
685
35
-338
-663
-1225
-1953
-2657
-3250
-3859
-4808
-5917
-6169
-5132
-4131
-4340
-4716
-3929
-2923
-2999
-3220
-2208
-729
-218
-240
388
1444
2058
2160
2147
2075
1880
1740
1743
1740
1682
1641
1529
1109
486
96
120
191
-60
-330
-131
316
455
342
493
910
1061
901
982
1511
2062
2278
2318
2422
2509
2414
2212
2100
2119
2113
1953
1680
1414
1217
1048
820
492
129
-174
-407
-628
-805
-881
-927
-1057
-1227
-1278
-1208
-1129
-1106
-1114
-1092
-1085
-1245
-1653
-2151
-2700
-3964
-6298
-8229
-7901
-6088
-5480
-6362
-6064
-3957
-3039
-4558
-5182
-2510
576
740
-125
1564
4825
6068
5249
5316
6757
7164
5809
4732
5120
5792
5604
4917
4277
3538
2660
1951
1385
743
241
153
142
-219
-631
-592
-314
-371
-808
-1119
-933
-315
448
1077
1542
2015
2448
2468
2031
1728
1943
2136
1681
931
624
607
95
-979
-1886
-2427
-3195
-4304
-4989
-4995
-5147
-5802
-6051
-5359
-4756
-5091
-5447
-4751
-3693
-3363
-3250
-2252
-780
-49
59
590
1597
2196
2176
2230
2624
2860
2692
2478
2432
2281
1873
1446
1136
806
412
162
87
-51
-234
-192
70
233
216
333
714
1047
1163
1323
1727
2146
2278
2248
2365
2602
2663
2485
2323
2287
2196
1930
1653
1509
1393
1168
871
586
281
-79
-447
-735
-895
-951
-986
-1035
-1010
-909
-893
-1011
-1070
-979
-912
-1003
-1151
-1326
-1596
-2030
-3089
-5326
-7957
-8852
-7353
-5785
-6151
-6944
-5825
-3896
-3912
-5358
-5046
-2330
-76
44
-33
1842
4752
6424
6473
6397
7035
7524
6971
5972
5812
6597
7112
6498
5235
4245
3635
2894
1844
871
287
-91
-574
-1069
-1265
-1192
-1225
-1530
-1846
-1996
-2062
-1902
-1197
-85
749
991
1142
1619
2044
1968
1696
1808
2160
2101
1551
1097
1018
825
33
-1143
-2166
-2876
-3484
-4110
-4683
-5178
-5568
-5731
-5640
-5503
-5599
-5799
-5690
-5167
-4468
-3789
-3015
-1974
-909
-164
296
761
1409
2057
2505
2818
3127
3427
3602
3612
3465
3184
2848
2494
2138
1751
1350
1087
936
766
524
269
151
163
172
165
224
430
723
983
1181
1386
1643
1883
2035
2128
2219
2295
2315
2306
2307
2289
2190
2023
1834
1605
1298
951
614
264
-106
-419
-607
-739
-906
-1102
-1273
-1423
-1600
-1808
-1998
-2087
-2103
-2233
-2582
-2995
-3517
-4803
-7226
-9565
-9786
-7737
-5806
-5886
-6841
-6408
-4671
-3726
-4205
-4340
-2866
-893
89
579
2045
4536
6667
7596
7758
7764
7648
7370
7292
7672
8145
8081
7372
6568
6157
5905
5137
3710
2289
1450
877
-20
-1019
-1342
-981
-923
-1791
-2952
-3479
-3396
-3311
-3309
-2974
-2300
-1790
-1554
-1107
-230
582
826
700
735
1047
1331
1419
1475
1629
1692
1337
538
-301
-793
-1034
-1412
-2017
-2565
-2997
-3702
-4777
-5608
-5625
-5154
-5016
-5362
-5569
-5224
-4529
-3812
-3131
-2494
-2069
-1821
-1333
-335
870
1735
2161
2512
3003
3407
3521
3554
3756
3978
3893
3512
3241
3238
3224
2990
2644
2346
1993
1458
968
831
947
919
588
225
101
138
173
226
368
507
523
518
674
970
1193
1233
1195
1182
1172
1101
1012
984
971
809
427
-31
-358
-500
-604
-814
-1107
-1365
-1509
-1542
-1507
-1502
-1607
-1761
-1837
-1878
-2053
-2377
-2719
-3180
-4072
-5286
-6055
-5741
-4659
-3746
-3518
-3712
-3867
-3790
-3445
-2814
-2078
-1618
-1540
-1386
-550
1036
2819
4141
4747
4844
4806
4892
5156
5512
5867
6133
6224
6153
6075
6096
6060
5674
4885
3942
3067
2261
1508
977
801
786
574
38
-643
-1277
-1842
-2320
-2630
-2748
-2795
-2879
-2911
-2695
-2204
-1652
-1331
-1370
-1644
-1906
-1958
-1759
-1401
-1023
-768
-720
-829
-934
-908
-833
-906
-1198
-1576
-1857
-1954
-1856
-1593
-1267
-1086
-1222
-1624
-2016
-2145
-1963
-1615
-1283
-1080
-1027
-1019
-863
-469
9
292
245
22
-93
54
432
920
1383
1645
1590
1321
1131
1213
1486
1734
1848
1815
1656
1498
1558
1873
2166
2150
1871
1571
1380
1311
1400
1616
1764
1636
1251
837
633
697
856
873
646
297
25
-87
-88
-27
15
-98
-408
-712
-753
-544
-353
-371
-521
-625
-623
-578
-563
-584
-628
-672
-684
-652
-594
-546
-525
-533
-539
-524
-511
-538
-624
-734
-842
-961
-1160
-1520
-2044
-2574
-2859
-2746
-2349
-1950
-1779
-1862
-2069
-2221
-2178
-1938
-1675
-1586
-1666
-1682
-1365
-661
252
1108
1687
1893
1825
1744
1889
2296
2788
3175
3401
3538
3687
3885
4064
4081
3819
3303
2688
2147
1801
1685
1731
1773
1650
1350
993
678
398
97
-238
-577
-879
-1098
-1190
-1146
-1027
-941
-955
-1076
-1263
-1472
-1661
-1802
-1866
-1836
-1721
-1578
-1449
-1366
-1324
-1323
-1359
-1427
-1520
-1608
-1640
-1565
-1407
-1232
-1073
-906
-733
-624
-612
-629
-608
-647
-913
-1339
-1579
-1338
-674
77
611
816
749
561
465
596
857
981
819
508
363
586
1088
1592
1835
1724
1363
971
761
806
1017
1214
1277
1242
1237
1341
1496
1569
1457
1178
852
612
534
574
649
677
627
520
395
281
184
75
-73
-243
-383
-465
-505
-531
-551
-573
-620
-724
-859
-954
-989
-1003
-1027
-1027
-953
-830
-722
-622
-481
-299
-145
-82
-89
-88
-33
77
194
293
378
453
490
431
248
-21
-306
-634
-1142
-1936
-2873
-3566
-3712
-3356
-2808
-2370
-2168
-2171
-2267
-2299
-2137
-1833
-1594
-1525
-1425
-947
45
1312
2469
3272
3702
3858
3855
3803
3808
3903
4030
4103
4132
4203
4333
4378
4175
3723
3157
2551
1851
1031
249
-280
-518
-618
-734
-890
-1086
-1379
-1773
-2153
-2382
-2491
-2618
-2806
-2902
-2731
-2292
-1756
-1318
-1049
-914
-869
-901
-971
-980
-860
-675
-547
-427
-164
174
105
-775
-2165
-3098
-2865
-1708
-503
101
112
-110
-206
5
428
649
288
-461
-865
-394
658
1521
1783
1670
1575
1577
1542
1421
1255
1071
928
954
1181
1384
1310
1033
877
972
1033
739
153
-356
-552
-518
-438
-382
-366
-421
-500
-445
-198
52
87
-48
-97
39
190
204
176
291
553
804
950
1029
1050
960
780
651
640
630
490
304
264
390
524
567
590
632
599
432
229
27
-309
-865
-1515
-2258
-3557
-5824
-8461
-9996
-9587
-8036
-6905
-6715
-6671
-5971
-4790
-3768
-3063
-2426
-1760
-1134
-319
1121
3219
5451
7329
8895
10348
11458
11701
11022
10108
9703
9734
9455
8449
7162
6311
5967
5562
4659
3318
1726
-151
-2270
-4204
-5521
-6295
-6914
-7444
-7570
-7216
-6795
-6647
-6554
-6077
-5249
-4581
-4348
-4187
-3530
-2245
-700
712
1899
2916
3697
4121
4233
4202
4064
3655
2953
2255
1850
1562
911
-246
-1454
-2201
-2552
-3018
-3929
-5130
-6148
-6691
-6680
-6202
-5516
-4823
-4106
-3166
-1908
-644
262
819
1350
2048
2730
3203
3555
4066
4777
5423
5801
5823
5540
5063
4507
4022
3529
2810
1917
1130
695
481
156
-316
-725
-962
-1194
-1579
-2015
-2307
-2341
-2160
-1795
-1267
-712
-203
322
978
1708
2235
2418
2441
2544
2732
2814
2712
2576
2526
2477
2274
1919
1482
971
385
-218
-744
-1233
-1774
-2351
-2945
-3582
-4288
-5111
-6517
-9118
-12576
-15193
-15397
-13750
-12314
-11912
-11219
-8965
-5976
-3947
-2987
-1746
345
2340
3413
4097
5434
7671
10312
12873
15076
16598
17149
16823
16057
15162
14034
12298
9925
7539
5857
4816
3613
1885
302
-517
-1223
-2995
-5775
-8162
-9266
-9715
-10435
-11219
-11177
-10138
-8733
-7369
-5836
-4006
-2274
-1031
-166
659
1504
2217
2870
3758
4960
6059
6544
6439
6279
6350
6187
5126
3298
1513
190
-1110
-2799
-4447
-5377
-5664
-6032
-6840
-7843
-8814
-9738
-10415
-10436
-9769
-8945
-8257
-7284
-5571
-3372
-1344
358
2136
4054
5531
6116
6188
6446
7001
7389
7308
7021
6799
6531
6120
5640
5173
4535
3513
2327
1300
417
-491
-1331
-1723
-1613
-1448
-1556
-1672
-1365
-746
-321
-290
-316
-53
347
604
826
1301
2058
2776
3237
3540
3777
3855
3685
3355
2926
2320
1508
683
80
-306
-652
-964
-1137
-1181
-1292
-1633
-2082
-2415
-2603
-2931
-3630
-4543
-5409
-6586
-8909
-12219
-14664
-14623
-12909
-11867
-12066
-11419
-8571
-5204
-3664
-3392
-1853
1384
3888
3994
3309
4358
7218
9927
11381
12438
14095
15869
16563
15870
14643
13654
12676
10938
8335
5690
3698
2162
639
-696
-1460
-2017
-3137
-4731
-5916
-6495
-7321
-8770
-9856
-9656
-8819
-8465
-8267
-6876
-4108
-1466
-27
881
2353
4141
5054
4807
4432
4795
5495
5535
4782
4142
4253
4560
4076
2767
1493
634
-459
-2350
-4471
-5929
-6798
-7748
-8842
-9388
-9107
-8597
-8320
-8124
-7796
-7426
-7095
-6471
-5356
-4160
-3173
-2042
-319
1733
3427
4705
6104
7701
8695
8513
7751
7292
7126
6458
5069
3830
3310
3062
2443
1597
1244
1395
1339
736
31
-334
-550
-947
-1372
-1454
-1198
-877
-525
45
789
1427
1866
2273
2668
2804
2594
2330
2275
2299
2149
1915
1904
2111
2146
1777
1286
1034
887
397
-491
-1300
-1711
-1981
-2399
-2737
-2612
-2192
-1979
-2076
-2200
-2285
-2581
-3332
-4872
-7540
-10874
-13272
-13726
-13364
-13792
-14287
-12638
-9003
-6233
-5550
-4425
-707
3468
4646
3368
3371
5860
8074
8071
7788
9793
13229
15141
14767
14197
14994
16046
15321
12679
9822
7880
6085
3228
-201
-2450
-2934
-3087
-4252
-5748
-6151
-5653
-5674
-6555
-7210
-7108
-7074
-7600
-7888
-7210
-5982
-4707
-2976
-511
1846
3288
4332
5824
7265
7518
6737
6148
6025
5305
3518
1782
1205
1257
654
-720
-1802
-2078
-2376
-3598
-5357
-6535
-6925
-7489
-8845
-10176
-10277
-9296
-8499
-8448
-8213
-6850
-4897
-3540
-2825
-1660
413
2386
3294
3649
4622
6238
7336
7342
7048
7302
7683
7203
5913
4821
4401
3982
2895
1561
795
595
293
-348
-836
-796
-548
-557
-789
-842
-560
-168
83
206
411
791
1203
1434
1478
1612
1983
2363
2430
2246
2203
2423
2539
2247
1785
1590
1574
1251
499
-215
-519
-696
-1153
-1737
-1974
-1805
-1663
-1797
-1927
-1712
-1304
-1221
-1654
-2224
-2605
-3375
-5526
-8734
-11152
-11707
-11745
-12925
-14189
-13117
-10082
-8003
-7630
-6130
-1928
2127
3102
2625
4038
6808
7759
6761
6925
9299
11292
11256
11010
12307
13920
14126
13468
13151
12576
10614
7890
5637
3590
927
-1711
-3152
-3893
-5277
-6992
-7465
-6585
-5999
-6453
-6748
-5981
-5134
-5367
-6087
-5823
-4435
-3140
-2584
-2032
-613
1362
2899
3768
4682
6044
7143
7073
6075
5153
4584
3666
2043
369
-764
-1693
-2890
-4057
-4681
-4912
-5185
-5465
-5594
-5845
-6413
-6823
-6659
-6417
-6733
-7181
-6934
-6167
-5669
-5266
-3934
-1624
456
1698
2930
4803
6535
7214
7251
7552
7878
7315
5933
4748
4167
3577
2584
1678
1317
1174
818
413
317
422
388
191
-14
-255
-604
-887
-921
-827
-738
-486
56
612
903
1167
1755
2413
2608
2392
2285
2361
2180
1664
1329
1421
1508
1239
915
901
1008
853
476
156
-94
-471
-1001
-1494
-1844
-2109
-2282
-2290
-2205
-2230
-2362
-2429
-2707
-3946
-6245
-8421
-9454
-10105
-11643
-13361
-13273
-11436
-10107
-9865
-8414
-4514
-519
1243
2109
4388
7208
8184
7749
8280
9881
10533
9932
9842
10717
11171
10937
11281
12149
11936
10474
9389
8888
7217
4094
1610
589
-915
-4037
-6806
-7432
-7277
-8209
-9286
-8640
-6933
-6184
-6323
-5690
-4137
-3048
-2759
-2265
-1346
-790
-616
22
1148
1969
2529
3614
4988
5507
5161
5135
5659
5505
4127
2590
1680
674
-1173
-3182
-4318
-4784
-5445
-6368
-6909
-6828
-6537
-6352
-6118
-5622
-4970
-4525
-4487
-4612
-4490
-4061
-3626
-3236
-2552
-1406
-74
1213
2594
4181
5746
6988
7776
8075
7908
7406
6633
5493
4062
2702
1619
612
-409
-1077
-1108
-795
-548
-314
136
658
914
902
876
908
805
481
93
-168
-253
-194
6
369
845
1332
1752
2091
2365
2570
2665
2609
2375
2006
1597
1196
777
335
-35
-261
-422
-620
-800
-879
-896
-924
-907
-864
-1009
-1423
-1898
-2540
-4021
-6427
-8614
-9688
-10524
-12232
-13861
-13666
-12144
-11322
-11102
-9275
-5470
-2137
-560
989
3771
6265
7044
7319
8530
9765
9780
9409
9847
10421
10227
10175
11169
12009
11420
10417
10346
10172
8304
5667
4148
3200
902
-2456
-4765
-5684
-6842
-8610
-9523
-9066
-8496
-8448
-7998
-6702
-5420
-4570
-3508
-2132
-1310
-1174
-723
342
1057
1092
1456
2643
3648
3741
3751
4527
5447
5521
4988
4636
4332
3390
1847
363
-872
-2196
-3663
-4959
-5997
-6905
-7526
-7562
-7201
-6876
-6490
-5699
-4803
-4454
-4458
-3989
-3083
-2629
-2669
-2253
-1144
-209
279
1211
2895
4451
5323
6068
7004
7546
7424
7060
6631
5779
4478
3221
2082
796
-374
-941
-1094
-1366
-1600
-1265
-579
-187
-36
403
1029
1208
890
630
605
456
65
-203
-178
-103
-73
92
453
866
1294
1788
2194
2317
2318
2431
2489
2170
1614
1214
929
412
-311
-818
-1013
-1239
-1576
-1657
-1356
-1090
-1116
-1151
-1148
-1807
-3537
-5543
-6878
-7989
-9854
-11967
-12864
-12526
-12390
-12626
-11626
-8776
-5700
-3630
-1586
1399
4321
5999
7110
8692
10100
10346
10029
10105
10118
9397
8749
9093
9606
9169
8469
8692
9172
8503
7108
6393
6082
4655
2072
-195
-1708
-3498
-5850
-7690
-8530
-9140
-9883
-10048
-9278
-8206
-7159
-5669
-3732
-2173
-1281
-324
1006
1952
2101
2168
2693
3081
2741
2223
2327
2823
3018
2927
3046
3361
3408
3065
2607
2121
1418
428
-750
-2091
-3590
-5039
-6138
-6878
-7478
-7917
-7897
-7363
-6767
-6384
-5842
-4726
-3419
-2591
-2074
-1253
-174
558
938
1579
2612
3509
4015
4454
4988
5428
5700
5848
5781
5448
5028
4581
3845
2839
2040
1597
1052
201
-472
-635
-665
-900
-1030
-744
-333
-180
-147
47
331
502
558
593
574
490
434
399
337
350
584
911
1085
1163
1427
1856
2115
2072
1957
1910
1750
1329
792
351
-32
-493
-958
-1253
-1413
-1635
-1922
-2111
-2428
-3414
-4999
-6335
-7074
-8071
-9830
-11341
-11595
-11367
-11821
-12168
-10838
-8248
-6183
-4764
-2566
519
3045
4648
6460
8664
10086
10471
10861
11437
11257
10450
10258
10647
10252
9004
8389
8682
8399
7088
6157
6161
5690
3890
1910
731
-434
-2403
-4446
-5760
-6838
-8258
-9440
-9737
-9561
-9364
-8692
-7247
-5720
-4647
-3454
-1617
224
1317
2025
3004
3912
4025
3575
3407
3619
3572
3064
2601
2482
2407
2119
1818
1697
1561
1148
494
-262
-1138
-2150
-3156
-4030
-4890
-5840
-6686
-7165
-7301
-7360
-7387
-7057
-6281
-5401
-4681
-3895
-2694
-1290
-140
754
1773
2955
3933
4542
5003
5482
5836
5911
5743
5450
5133
4821
4417
3814
3140
2650
2299
1815
1200
769
611
426
68
-215
-242
-196
-280
-406
-412
-329
-275
-256
-225
-139
10
160
225
251
388
636
796
808
892
1171
1445
1500
1433
1431
1451
1344
1111
874
661
406
88
-223
-480
-728
-1013
-1312
-1643
-2321
-3616
-5177
-6334
-7152
-8424
-10174
-11304
-11365
-11401
-11968
-11848
-10044
-7639
-6032
-4605
-2148
765
2856
4422
6480
8568
9610
9974
10618
11160
10848
10335
10583
10877
10069
8921
8778
9073
8382
7074
6569
6577
5559
3539
1946
1023
-371
-2478
-4287
-5531
-6949
-8573
-9549
-9740
-9839
-9846
-9090
-7731
-6615
-5708
-4182
-2076
-404
548
1530
2808
3656
3722
3648
3936
4182
3921
3410
3085
2898
2637
2363
2187
1996
1640
1183
662
-12
-859
-1694
-2410
-3227
-4289
-5393
-6231
-6728
-7125
-7484
-7589
-7359
-6918
-6429
-5805
-4829
-3561
-2255
-1052
120
1342
2562
3679
4615
5380
5999
6437
6668
6606
6362
6128
5848
5338
4624
3964
3415
2817
2116
1534
1190
888
480
102
-101
-205
-345
-493
-591
-659
-721
-767
-775
-769
-709
-566
-430
-364
-284
-76
219
481
736
1089
1484
1745
1830
1909
2079
2208
2140
1920
1675
1396
1047
665
264
-197
-721
-1318
-2310
-3957
-5783
-7052
-7966
-9445
-11356
-12445
-12425
-12517
-13112
-12783
-10708
-8279
-6792
-5349
-2811
46
2055
3708
5879
7920
8943
9528
10428
11051
10863
10762
11393
11689
10812
9895
10053
10293
9366
8079
7700
7511
6108
3948
2418
1398
-234
-2412
-4173
-5506
-7066
-8644
-9505
-9759
-9983
-9963
-9187
-8041
-7182
-6283
-4662
-2674
-1232
-315
800
2138
2990
3211
3443
3991
4391
4276
3927
3756
3724
3600
3361
3111
2822
2392
1816
1141
354
-529
-1411
-2274
-3261
-4425
-5540
-6343
-6861
-7305
-7710
-7898
-7758
-7399
-6967
-6412
-5550
-4346
-3081
-2017
-1013
257
1732
2990
3919
4823
5809
6523
6754
6792
6893
6900
6556
5930
5253
4601
3935
3237
2544
1919
1427
1043
656
250
-16
-75
-97
-278
-543
-677
-701
-782
-954
-1063
-1007
-939
-968
-975
-805
-470
-114
219
611
1087
1540
1842
2001
2140
2333
2480
2408
2127
1805
1542
1285
919
448
-13
-428
-1049
-2292
-4086
-5715
-6744
-7804
-9579
-11418
-12205
-12216
-12601
-13134
-12345
-10095
-7987
-6681
-5008
-2329
319
2170
3937
6071
7751
8542
9195
10025
10336
10126
10370
11078
11024
10075
9669
10204
10245
9170
8229
8125
7630
5837
3780
2471
1247
-741
-2962
-4661
-6143
-7788
-9085
-9620
-9846
-10035
-9677
-8610
-7564
-6846
-5746
-3926
-2235
-1322
-615
531
1664
2123
2231
2666
3331
3671
3637
3650
3861
4086
4216
4263
4172
3887
3475
2948
2182
1168
125
-827
-1864
-3146
-4463
-5446
-6061
-6551
-7020
-7295
-7269
-7089
-6864
-6475
-5817
-4965
-4072
-3195
-2329
-1405
-320
903
2074
3065
3999
4929
5649
6048
6321
6631
6768
6462
5877
5313
4760
4049
3232
2543
2002
1434
830
349
67
-102
-224
-320
-428
-559
-661
-730
-835
-982
-1066
-1078
-1153
-1300
-1317
-1083
-753
-471
-139
365
940
1407
1745
2049
2334
2535
2598
2495
2245
1925
1584
1221
814
375
-61
-477
-1005
-2002
-3555
-5119
-6147
-7037
-8567
-10366
-11260
-11252
-11559
-12241
-11793
-9732
-7633
-6503
-5172
-2671
-39
1636
3066
5083
6902
7726
8236
9080
9614
9486
9636
10431
10695
9959
9539
10114
10344
9319
8251
8113
7727
5920
3653
2229
1079
-882
-3180
-4793
-5972
-7399
-8692
-9175
-9160
-9160
-8831
-7837
-6783
-6141
-5302
-3785
-2311
-1604
-1126
-141
922
1291
1313
1842
2792
3395
3535
3791
4377
4891
5054
5023
4943
4711
4191
3393
2377
1223
51
-1077
-2205
-3386
-4526
-5382
-5845
-6151
-6600
-7030
-6986
-6529
-6257
-6274
-5907
-4900
-3960
-3518
-2919
-1616
-169
791
1629
2845
4091
4890
5425
5971
6330
6360
6260
6005
5385
4631
4138
3677
2823
1931
1590
1510
1033
376
215
385
183
-363
-656
-655
-853
-1303
-1600
-1665
-1765
-1923
-1928
-1771
-1559
-1214
-674
-131
296
818
1529
2102
2294
2389
2678
2915
2760
2391
2163
1986
1598
1121
807
541
138
-323
-989
-2365
-4308
-5818
-6620
-7814
-9854
-11373
-11422
-11261
-12030
-12342
-10571
-7871
-6319
-5419
-3367
-526
1365
2393
3984
5985
7085
7412
8064
8892
9116
9283
10258
11242
11128
10709
11221
11856
11165
9761
9145
8811
7143
4392
2245
926
-827
-3239
-5156
-6171
-7073
-8163
-8805
-8735
-8419
-8055
-7432
-6703
-6248
-5864
-5111
-4210
-3703
-3407
-2690
-1610
-810
-356
430
1829
3230
4058
4561
5253
6014
6251
5824
5234
4811
4216
3059
1604
395
-526
-1496
-2507
-3263
-3759
-4216
-4636
-4958
-5390
-6013
-6415
-6424
-6560
-7054
-7211
-6557
-5719
-5233
-4410
-2630
-615
755
1886
3493
5134
6039
6432
6877
7171
6900
6319
5811
5272
4632
4165
3890
3492
3035
2932
3050
2819
2281
1960
1785
1164
142
-610
-968
-1468
-2190
-2581
-2470
-2315
-2269
-1980
-1358
-761
-329
147
655
990
1245
1599
1833
1718
1577
1772
1988
1819
1571
1662
1773
1462
1051
942
748
48
-822
-1795
-3568
-6088
-7993
-8870
-10134
-12240
-13352
-12556
-11802
-12293
-11978
-9232
-6126
-4940
-4276
-2030
572
1445
1606
3060
5026
5748
5937
7139
8721
9497
10281
12048
13584
13658
13366
13851
13872
12171
10023
8925
7833
5246
2156
363
-554
-2077
-3945
-4818
-4784
-5067
-5877
-6386
-6367
-6412
-6756
-7084
-7278
-7459
-7506
-7177
-6549
-5763
-4664
-3095
-1344
149
1398
2766
4268
5387
5741
5644
5628
5567
4909
3786
3046
2924
2625
1727
958
872
825
120
-819
-1455
-2238
-3709
-5430
-6748
-7776
-8763
-9408
-9462
-9169
-8597
-7455
-5856
-4292
-2775
-1011
674
1690
2272
3064
3902
4161
4053
4282
4763
4928
4888
5205
5798
6082
5995
5895
5725
5176
4328
3491
2638
1625
645
-78
-687
-1261
-1533
-1408
-1272
-1321
-1244
-921
-755
-945
-1076
-877
-700
-776
-745
-316
261
737
1287
2002
2594
2895
3110
3310
3239
2852
2412
1969
1334
617
138
-206
-775
-1515
-2267
-3476
-5461
-7444
-8551
-9375
-10866
-12308
-12342
-11526
-11422
-11534
-10020
-7163
-5163
-4418
-3113
-785
879
1350
2209
4134
5784
6512
7416
9017
10423
11277
12386
13741
14214
13734
13348
13050
11776
9625
7956
6951
5327
2868
922
45
-813
-2297
-3594
-4090
-4480
-5511
-6803
-7639
-8064
-8516
-9036
-9284
-9074
-8512
-7742
-6758
-5487
-3958
-2351
-877
345
1312
2116
2878
3535
3854
3870
4001
4398
4604
4350
4119
4263
4152
3121
1669
633
-267
-1751
-3476
-4602
-5177
-5893
-6698
-6889
-6433
-5850
-5324
-4714
-4047
-3429
-2804
-2191
-1749
-1297
-515
398
996
1524
2593
3941
4833
5276
5927
6714
6895
6413
5996
5858
5412
4499
3676
3204
2725
2064
1488
1082
621
70
-426
-940
-1573
-2099
-2318
-2468
-2717
-2743
-2300
-1736
-1416
-1089
-451
205
483
560
794
1096
1159
1028
1004
1150
1275
1266
1193
1154
1169
1153
962
551
78
-288
-746
-1701
-3123
-4472
-5579
-7002
-8951
-10491
-10730
-10258
-10145
-10021
-8746
-6652
-5175
-4426
-3112
-1043
426
804
1224
2390
3615
4438
5418
6859
8265
9328
10219
10882
11118
11188
11263
10808
9562
8272
7495
6616
5154
3854
3356
2940
1784
391
-471
-1159
-2352
-3782
-4828
-5572
-6359
-7039
-7323
-7266
-6946
-6290
-5468
-4817
-4237
-3416
-2566
-2114
-1852
-1242
-431
2
107
413
933
1226
1274
1440
1719
1787
1617
1438
1254
988
750
604
359
-58
-405
-597
-868
-1271
-1497
-1444
-1446
-1654
-1743
-1507
-1214
-1101
-970
-615
-218
-17
106
367
714
957
1086
1209
1358
1493
1592
1631
1600
1543
1482
1311
969
621
421
262
-26
-330
-449
-464
-587
-786
-876
-860
-895
-991
-1007
-919
-811
-686
-522
-350
-184
2
214
387
501
630
780
864
862
859
918
968
940
885
892
910
833
676
568
554
520
408
282
172
48
-54
-88
-129
-225
-311
-477
-1037
-1947
-2616
-2748
-2809
-3092
-3090
-2513
-2054
-2218
-2352
-1812
-1135
-1002
-1025
-641
-177
-66
52
584
1249
1734
2209
2692
2902
2943
3174
3422
3261
2941
2972
3111
2833
2434
2522
2844
2712
2195
1863
1697
1262
579
15
-397
-904
-1542
-2201
-2780
-3100
-3025
-2777
-2664
-2564
-2216
-1852
-1848
-1956
-1654
-1079
-808
-844
-672
-215
84
107
228
574
806
737
608
635
728
754
733
681
591
485
376
205
-15
-146
-194
-387
-788
-1137
-1257
-1340
-1567
-1745
-1656
-1466
-1429
-1436
-1225
-844
-537
-348
-126
154
364
460
534
651
804
955
1060
1108
1143
1219
1292
1251
1125
1029
958
781
475
237
188
160
-19
-257
-389
-468
-633
-805
-802
-652
-562
-625
-753
-876
-980
-1057
-1094
-1070
-946
-739
-557
-440
-265
68
451
733
929
1161
1463
1791
2143
2571
3110
3667
4015
4006
3817
3750
3804
3732
3467
3156
2728
1884
635
-629
-1666
-2597
-3531
-4371
-5035
-5565
-5942
-6092
-6031
-5816
-5426
-4882
-4329
-3815
-3261
-2733
-2519
-2752
-3214
-3640
-3973
-4172
-4102
-3757
-3374
-3132
-2925
-2537
-1857
-861
475
2111
3856
5495
6897
8013
8838
9426
9860
10169
10324
10334
10238
9995
9485
8704
7797
6856
5850
4825
3984
3419
2935
2308
1545
725
-215
-1335
-2493
-3488
-4274
-4896
-5333
-5522
-5462
-5186
-4739
-4182
-3642
-3244
-3083
-3247
-3747
-4465
-5231
-5958
-6619
-7174
-7582
-7838
-7968
-7970
-7840
-7582
-7196
-6684
-6064
-5357
-4586
-3810
-3091
-2438
-1791
-1137
-531
47
661
1312
1935
2517
3087
3593
3959
4227
4510
4824
5102
5363
5698
6120
6551
6920
7232
7492
7654
7698
7658
7579
7425
7106
6516
5568
4195
2415
306
-2121
-4821
-7377
-9093
-9448
-8453
-6509
-4069
-1507
942
3163
4966
6068
6437
6339
5886
4937
3580
2177
867
-367
-1146
-1060
-470
-112
-9
263
547
380
-79
-424
-838
-1614
-2401
-2802
-3078
-3472
-3587
-3179
-2749
-2697
-2729
-2613
-2682
-3128
-3562
-3745
-3999
-4596
-5340
-6076
-6917
-7749
-8163
-8074
-7857
-7708
-7408
-6810
-5966
-4714
-2768
-290
2110
4051
5574
6701
7356
7703
8057
8448
8659
8634
8511
8309
7972
7595
7366
7263
7119
6933
6793
6619
6218
5582
4857
4058
3131
2220
1450
604
-560
-1860
-3127
-4552
-6074
-7407
-9204
-12700
-17229
-19902
-19109
-16243
-13013
-9458
-5357
-1445
1653
4126
6156
7614
8614
9444
10116
10519
10753
10889
10816
10485
10009
9432
8654
7553
6075
4287
2450
884
-253
-1055
-1750
-2552
-3585
-4898
-6469
-8151
-9711
-11078
-12415
-13782
-15134
-16791
-19105
-21143
-20702
-16663
-10547
-4743
-142
3722
7176
10041
12177
13675
14666
15043
14380
12567
10541
9493
9215
8440
6855
5358
4199
2714
1197
961
2037
2753
2140
971
2
-1011
-2089
-2587
-2382
-2146
-2293
-2722
-3351
-3868
-3574
-2351
-1086
-356
301
1117
1433
1052
878
1405
1926
1904
1841
2090
2016
1165
192
-191
-197
-335
-544
-640
-872
-1478
-2226
-2789
-3100
-3164
-3040
-3007
-3291
-3690
-3932
-4119
-4343
-4272
-3717
-3120
-2926
-2933
-2753
-2456
-2252
-1949
-1298
-532
-37
161
285
446
685
1068
1561
2035
2403
2636
2687
2574
2534
2734
3000
3095
3071
3074
3030
2811
2563
2528
2639
2673
2616
2600
2551
2300
1893
1584
1472
1443
1397
1319
1149
788
292
-104
-228
-153
-71
-88
-213
-412
-593
-658
-583
-420
-213
-49
-29
-127
-198
-204
-215
-206
-119
-29
-55
-219
-485
-763
-936
-970
-928
-845
-997
-1981
-3588
-4261
-3184
-1991
-2365
-3357
-3466
-3506
-4532
-5023
-3576
-1940
-2094
-3006
-3060
-2767
-2713
-2054
-841
-426
-695
-369
208
19
28
1309
2371
1839
1314
2306
3344
2982
2503
3047
3447
2896
2570
3083
3300
2703
2148
1830
1116
401
648
1324
1090
106
-430
-471
-716
-871
-324
267
-84
-937
-1246
-1034
-847
-586
-136
-6
-330
-453
-94
303
614
1174
1795
2005
2056
2522
3218
3575
3682
3937
4214
4235
4176
4245
4205
3855
3414
3094
2805
2464
2118
1666
979
215
-351
-749
-1134
-1496
-1804
-2215
-2819
-3382
-3685
-3821
-3972
-4144
-4320
-4587
-4930
-5169
-5256
-5354
-5585
-5901
-6217
-6469
-6552
-6380
-6007
-5558
-5066
-4468
-3760
-3010
-2236
-1423
-636
2
527
1099
1754
2354
2791
3050
3180
3325
3392
2825
1511
716
1551
2828
2543
1099
397
356
-455
-1375
-689
706
566
-696
-1066
-589
-463
-296
581
1216
1033
1164
1975
2264
2039
2647
3736
3808
3467
4314
5531
5351
4528
4767
5527
5534
5378
5864
6049
5157
4167
3862
3608
3015
2607
2353
1578
435
-335
-826
-1596
-2414
-2748
-2881
-3333
-3906
-4237
-4521
-4925
-5072
-4768
-4437
-4409
-4489
-4498
-4504
-4375
-3859
-3158
-2719
-2547
-2372
-2168
-1983
-1621
-1027
-539
-376
-318
-178
-62
19
204
421
446
330
239
124
-82
-226
-257
-368
-581
-669
-624
-697
-891
-964
-902
-888
-885
-733
-547
-512
-540
-429
-194
34
259
484
610
632
741
1028
1309
1453
1607
1862
2039
2038
2066
2219
2326
2321
2362
2502
2591
2339
1322
-306
-1167
-240
1059
561
-1162
-1926
-1909
-2831
-3879
-2957
-1185
-1437
-3238
-3833
-3091
-2812
-2831
-2066
-1314
-1514
-1595
-807
-268
-308
339
1555
1844
1663
2716
4282
4342
3524
3885
5071
5450
5369
5909
6309
5571
4581
4435
4683
4679
4552
4117
2998
1817
1267
787
-44
-381
-98
-636
-2334
-3501
-3438
-3486
-4165
-4359
-3944
-4131
-5011
-5483
-5324
-5103
-4805
-4315
-4059
-4059
-3780
-3342
-3233
-3008
-2060
-1063
-849
-848
-288
322
351
359
935
1588
1734
1615
1575
1469
1217
1051
1031
989
924
832
506
-41
-358
-235
-82
-199
-327
-293
-379
-648
-681
-294
135
304
355
471
631
809
1030
1256
1433
1614
1834
2006
2063
2116
2188
1684
-48
-2093
-2179
31
1527
-22
-2690
-3514
-3183
-3831
-4462
-3106
-1433
-2365
-4821
-5437
-3980
-2869
-2826
-2677
-2092
-1583
-1078
-406
90
491
1314
2308
2904
3588
4941
6019
5688
4826
5208
6763
7883
7882
7523
7323
6897
6102
5622
5927
6339
5803
4314
2939
2356
2073
1374
406
-290
-810
-1620
-2598
-3334
-4143
-5500
-6766
-6908
-6298
-6254
-7073
-8006
-8627
-8830
-8248
-6983
-6013
-5869
-5985
-5852
-5463
-4546
-3004
-1752
-1496
-1447
-746
147
718
1426
2432
3052
3214
3654
4397
4743
4667
4660
4726
4721
4875
5104
4826
3994
3224
2774
2447
2257
2214
1914
1125
291
-119
-160
-88
-76
-280
-636
-830
-769
-660
-550
-335
-151
-167
-211
-106
-133
-788
-2325
-4269
-5087
-3532
-1054
-982
-3960
-6602
-6443
-5329
-5493
-5569
-3911
-2571
-3986
-6280
-5968
-3464
-2002
-2399
-2430
-858
883
1286
894
1152
2329
3502
4235
5227
6783
7791
7297
6205
6184
7473
8922
9608
9417
8612
7648
6995
6666
6391
6203
6138
5637
4260
2686
1862
1515
655
-680
-1456
-1392
-1506
-2598
-4107
-5034
-5331
-5601
-5896
-5776
-5419
-5649
-6670
-7682
-7918
-7430
-6795
-6497
-6556
-6582
-6380
-6243
-6178
-5530
-4125
-2972
-2744
-2636
-1840
-890
-390
171
1250
2297
2789
2990
3204
3404
3689
4146
4526
4738
5025
5219
4814
4093
3899
4212
4259
3913
3640
3390
2781
2023
1637
1618
1605
1433
1088
618
221
26
-114
-263
-223
-7
31
-224
-397
-270
-178
-472
-911
-1057
-1324
-2643
-4429
-4416
-2123
-756
-2930
-6201
-6466
-4436
-4144
-5845
-5894
-3698
-3018
-5252
-6730
-4776
-2047
-2032
-3570
-3054
-275
1450
599
-372
894
3088
3802
3585
4589
6473
6909
5666
5077
6315
7905
8357
7976
7583
7249
6829
6462
6144
5737
5404
5240
4775
3617
2325
1700
1428
545
-782
-1316
-895
-1062
-2705
-4484
-4794
-4236
-4465
-5400
-5590
-5005
-5193
-6522
-7336
-6594
-5493
-5525
-6392
-6794
-6235
-5286
-4703
-4669
-4585
-3839
-2828
-2364
-2097
-1050
295
548
109
773
2529
3465
3072
2870
3565
4208
4293
4409
4753
4835
4536
4170
3921
3927
4171
4069
3236
2405
2348
2471
1892
1100
946
985
434
-272
-348
-139
-399
-956
-1146
-946
-798
-855
-928
-914
-829
-660
-436
-246
-35
257
60
-1502
-3709
-3970
-1319
1059
-319
-3855
-5024
-3369
-2764
-4363
-4731
-2421
-1104
-3344
-5879
-4780
-1813
-1442
-3591
-3964
-1064
1424
531
-1474
-974
1333
2188
1555
2360
4893
5931
4164
2513
3525
5774
6674
6233
5995
6203
5979
5243
4741
4756
4933
4931
4577
3786
2854
2252
1808
875
-353
-722
-27
152
-1331
-3269
-3874
-3498
-3739
-4580
-4551
-3638
-3687
-5359
-6726
-6137
-4809
-4873
-5913
-5735
-4146
-3373
-4321
-5064
-4106
-2613
-2077
-1856
-811
393
462
-223
-90
1379
3059
3675
3265
2950
3356
3812
3664
3564
4271
4976
4489
3408
3209
3749
3656
2803
2342
2576
2580
1886
1054
614
450
271
4
-195
-182
-182
-632
-1385
-1590
-973
-388
-485
-731
-548
-263
-339
-906
-2297
-4212
-4608
-2132
575
-369
-4085
-5905
-4604
-3773
-4959
-5034
-2544
-1247
-3843
-6839
-5810
-2453
-1648
-3585
-3874
-979
1343
278
-1593
-751
1713
2501
1916
3011
5799
6801
4789
2972
4101
6648
7768
7397
7213
7394
6816
5543
4915
5373
5900
5631
4757
3802
2934
2134
1325
350
-574
-785
-256
-209
-1606
-3537
-4383
-4225
-4389
-4925
-4617
-3633
-3821
-5654
-7104
-6669
-5449
-4993
-5019
-4668
-4282
-4448
-4661
-4210
-3328
-2538
-1884
-1279
-753
-229
256
408
446
1156
2515
3400
3332
3137
3282
3203
2870
3200
4247
4742
4099
3223
2872
2734
2503
2447
2592
2484
1949
1287
733
378
274
258
51
-254
-345
-379
-754
-1255
-1291
-883
-627
-689
-656
-386
-236
-363
-345
31
-19
-1422
-3381
-3557
-1324
577
-525
-3285
-4384
-3559
-3367
-4276
-3932
-1944
-1329
-3550
-5598
-4496
-1963
-1544
-3003
-3070
-951
539
-212
-1091
-20
1631
1730
1230
2446
4840
5633
4222
3052
3842
5437
6154
6167
6380
6540
5889
4762
4261
4662
5127
4898
4049
3126
2492
2054
1416
428
-452
-694
-567
-904
-1893
-2807
-3200
-3581
-4418
-5081
-4681
-3714
-3752
-5167
-6337
-5962
-4951
-4733
-4856
-4140
-3193
-3455
-4355
-3979
-2285
-1126
-1142
-1033
-117
682
723
703
1330
2261
2798
2855
2909
3295
3692
3539
3017
3003
3705
4159
3729
3076
2896
2773
2180
1634
1774
2121
1792
866
171
26
-26
-316
-584
-537
-434
-715
-1265
-1518
-1292
-1003
-985
-1040
-802
-417
-655
-2110
-4027
-4487
-2732
-679
-696
-2393
-3525
-3625
-4170
-5157
-4532
-2013
-502
-1923
-4114
-4064
-2366
-1729
-2379
-1984
53
1384
604
-345
614
2270
2316
1405
2120
4558
6006
5194
3979
4107
4775
4712
4590
5579
6904
6748
4998
3390
3085
3478
3599
3408
3251
2935
2027
673
-483
-992
-951
-839
-1111
-1733
-2238
-2483
-3030
-4138
-4921
-4526
-3671
-3694
-4412
-4600
-4300
-4678
-5558
-5379
-3882
-2729
-2837
-3143
-2731
-2258
-2352
-2267
-1197
276
1051
1021
931
1242
1722
2020
2259
2845
3661
3965
3441
2853
2946
3291
3142
2791
2940
3272
2905
1967
1391
1361
1201
685
353
441
458
18
-610
-1001
-1115
-1167
-1262
-1303
-1204
-1093
-1171
-1411
-1530
-1335
-1040
-1080
-1680
-2545
-2976
-2546
-1688
-1265
-1460
-1741
-1935
-2447
-3150
-3076
-1892
-746
-735
-1363
-1494
-1130
-1086
-1267
-743
512
1335
1120
739
1099
1769
1899
1711
2036
2824
3235
3060
2987
3360
3633
3352
2899
2831
3071
3162
2991
2811
2702
2444
1926
1348
997
910
899
766
465
74
-309
-657
-986
-1242
-1310
-1239
-1297
-1621
-1964
-2045
-1995
-2109
-2331
-2377
-2264
-2287
-2480
-2521
-2271
-2018
-2013
-2108
-2035
-1827
-1681
-1595
-1409
-1122
-913
-844
-767
-572
-330
-139
17
196
382
510
574
643
771
936
1076
1174
1253
1306
1288
1224
1215
1280
1319
1256
1132
1041
989
940
876
794
691
561
430
330
265
205
122
20
-63
-101
-98
-104
-155
-222
-273
-306
-328
-296
-191
-95
-99
-161
-173
-121
-83
-94
-85
-30
-5
-52
-107
-94
-48
-49
-91
-114
-114
-138
-190
-223
-226
-234
-260
-270
-251
-244
-278
-328
-355
-348
-316
-268
-239
-241
-250
-241
-210
-173
-119
-50
8
43
75
123
174
210
240
296
377
434
441
419
412
431
437
432
450
482
463
359
247
215
235
234
200
175
150
80
-17
-64
-40
-16
-30
-54
-59
-69
-104
-133
-120
-75
-43
-33
-39
-65
-100
-114
-94
-57
-48
-78
-130
-177
-211
-223
-223
-247
-308
-376
-415
-434
-465
-505
-534
-555
-595
-641
-652
-626
-603
-606
-612
-589
-548
-504
-451
-395
-337
-281
-227
-168
-94
10
130
213
240
257
330
447
545
595
630
683
730
757
789
846
888
867
813
803
848
883
848
775
717
671
624
572
536
492
418
334
270
225
173
117
75
43
-1
-50
-75
-88
-119
-153
-141
-95
-91
-150
-201
-193
-169
-188
-223
-225
-232
-298
-409
-481
-502
-530
-597
-665
-705
-762
-861
-942
-961
-946
-951
-966
-950
-918
-902
-891
-852
-762
-656
-552
-445
-341
-262
-201
-124
-10
125
255
362
430
455
465
507
564
600
617
622
641
642
596
554
513
461
403
366
381
400
350
253
168
126
103
81
89
128
139
84
7
-20
8
41
55
73
95
96
71
47
69
107
126
135
149
176
178
154
140
149
170
183
180
180
178
172
154
121
96
90
87
75
52
34
22
-13
-73
-116
-114
-99
-104
-136
-163
-174
-192
-218
-223
-197
-166
-163
-185
-185
-165
-149
-144
-144
-135
-124
-122
-122
-119
-113
-116
-131
-149
-155
-155
-158
-173
-189
-193
-198
-207
-212
-211
-199
-193
-197
-186
-163
-132
-111
-96
-79
-53
-25
5
40
77
103
121
137
163
196
218
235
242
246
256
265
275
284
274
264
255
251
253
236
214
191
169
153
136
126
118
94
58
22
0
-13
-20
-23
-32
-48
-71
-90
-94
-95
-97
-97
-94
-88
-91
-96
-93
-88
-85
-80
-66
-50
-40
-47
-60
-62
-54
-41
-33
-24
-22
-30
-42
-48
-42
-30
-26
-28
-33
-30
-26
-28
-31
-27
-21
-21
-25
-18
-6
1
-4
-11
-13
-2
9
16
16
17
19
18
16
16
21
25
23
18
17
22
20
12
6
5
7
6
0
-6
-7
-11
-19
-24
-21
-16
-17
-22
-23
-22
-18
-17
-15
-10
-6
-4
-4
-1
7
14
17
21
26
32
35
38
40
42
47
51
52
48
50
54
54
47
42
42
42
35
24
17
12
7
0
-5
-6
-11
-21
-36
-41
-38
-34
-37
-45
-50
-55
-58
-60
-59
-51
-48
-51
-56
-55
-51
-49
-48
-42
-34
-27
-24
-25
-22
-17
-15
-15
-9
-1
7
10
9
9
15
19
20
21
26
30
29
25
26
28
29
29
30
31
34
34
30
26
25
25
28
30
31
30
25
21
20
19
21
20
17
11
9
5
4
2
1
1
-2
-6
-12
-16
-16
-16
-19
-24
-24
-25
-29
-30
-31
-29
-29
-31
-31
-32
-29
-28
-30
-29
-27
-23
-19
-17
-14
-10
-7
-5
-4
0
4
4
3
5
10
15
16
16
18
21
22
21
20
23
22
19
19
17
15
15
13
11
11
9
7
5
2
1
0
-3
-5
-5
-5
-7
-6
-8
-9
-11
-9
-8
-7
-8
-9
-8
-8
-6
-6
-5
-7
-5
-2
-1
-3
-2
0
1
-1
-3
-3
0
0
-2
-3
-3
-2
-2
1
1
4
4
3
3
3
4
6
7
6
4
5
6
7
6
6
5
5
4
2
1
2
2
1
0
2
2
-1
-3
-2
-2
1
-2
-2
0
-3
-6
-6
-8
-7
-9
-11
-12
-13
-11
-15
-17
-18
-16
-15
-15
-12
-10
-8
-10
-9
-8
-4
0
3
4
7
9
11
10
11
14
16
17
16
17
15
15
14
13
13
14
13
11
8
8
7
8
9
8
8
4
3
0
-3
-1
1
-1
-4
-6
-4
-6
-8
-8
-7
-7
-8
-6
-6
-5
-4
-6
-5
-5
-6
-7
-6
-6
-7
-9
-9
-8
-7
-8
-9
-8
-8
-9
-9
-9
-7
-4
-4
-2
0
-1
-3
-3
-1
1
3
5
5
5
6
6
5
9
11
10
11
11
11
12
10
9
10
8
7
8
7
6
3
1
2
0
0
-1
-3
-3
-4
-4
-8
-7
-7
-9
-10
-10
-10
-9
-12
-13
-12
-12
-10
-11
-12
-11
