1
2
0
1
1
2
3
2
3
4
4
3
4
3
3
2
2
3
1
2
2
-1
0
1
0
-1
0
-1
-1
-2
-1
-3
-3
-4
-3
-4
-4
-3
-2
0
-1
0
0
-1
0
0
0
0
0
0
0
-2
-3
-2
-3
-3
-2
-1
-2
-2
0
0
1
0
-1
-2
-1
-2
-2
-5
-4
-4
-4
-4
-3
-2
0
0
0
3
4
3
2
3
5
6
4
5
4
4
3
1
1
1
1
0
0
2
1
1
1
1
3
4
3
4
5
7
6
5
6
5
5
3
4
3
3
1
0
-3
-2
-6
-6
-6
-6
-4
-3
-3
-3
-2
-3
-2
-2
0
0
0
0
0
0
-1
-1
-2
-4
-3
-5
-5
-3
-2
-3
-4
-4
-4
-3
-5
-6
-4
-4
-4
-2
-3
-2
-1
-1
2
2
3
4
5
4
2
1
2
2
1
1
0
1
0
2
2
4
5
6
5
4
7
8
9
9
6
5
3
2
2
3
3
1
1
-1
-2
-3
-4
-3
-3
-1
-1
-2
-4
-4
-3
-5
-4
-3
-3
-3
-3
-2
-5
-4
-4
-3
-4
-3
-3
-2
-2
-2
-2
-3
-3
-3
-4
-3
-2
-3
-1
0
0
0
0
2
2
2
4
2
3
3
2
4
4
4
4
4
3
3
2
1
3
3
3
2
1
3
2
1
1
-1
-1
-2
-2
1
1
-2
-1
0
1
1
1
2
1
2
0
0
1
-2
-1
0
1
1
-1
-2
-1
-1
-2
-1
0
0
1
-2
-1
0
1
0
1
1
-1
0
0
-2
-2
-3
-3
-2
-3
-2
-3
-2
0
-1
0
0
0
1
2
1
1
-1
-2
-4
-6
-5
-3
-3
-3
-3
-2
-1
-1
-2
-3
-2
-1
0
0
2
2
2
2
-1
0
1
2
3
3
4
4
5
3
1
0
-1
-1
0
1
2
2
1
1
0
-1
0
-1
1
1
2
1
1
2
2
3
4
4
4
3
2
1
0
0
-1
-1
-1
-1
0
1
0
0
2
2
0
1
2
1
1
0
2
1
0
0
-1
-2
-3
-2
-3
-1
-2
-2
-4
-6
-5
-5
-5
-4
-5
-4
-2
-3
-2
-3
-2
-3
-5
-4
-3
-3
-3
-3
-2
-2
-2
-1
0
-1
-3
-3
-1
-1
0
0
-1
-2
-2
-1
-1
0
2
5
3
4
6
7
8
9
10
10
10
10
8
8
8
6
3
3
4
3
1
2
3
-1
-3
-2
-1
-1
-4
-4
-5
-4
-4
-4
-4
-4
-3
-2
-1
0
0
1
-1
-2
-3
-2
0
-1
-1
1
1
-1
-1
-2
-1
-3
-3
-2
-1
1
0
-1
0
-2
-3
-1
-1
0
0
0
1
0
-3
-3
-2
-5
-4
-3
-2
0
0
1
1
1
1
1
3
6
5
4
4
3
2
1
1
0
-1
-1
-2
-3
-1
0
-1
-2
-4
-2
-1
-2
-2
-2
-1
-2
-3
-3
-2
0
-1
-1
0
2
1
1
2
4
2
2
5
6
6
4
5
4
3
2
1
0
1
2
0
0
2
1
1
3
2
3
6
6
6
6
6
6
4
2
3
3
2
1
2
1
-2
-2
-2
-2
-2
-1
-1
-1
-1
-2
-1
-1
0
-2
-2
-3
-1
-2
-3
-1
-2
-2
-3
-2
-2
-1
-1
-2
-1
-2
-3
-1
-2
-2
-3
-3
-4
-4
-5
-7
-7
-7
-6
-6
-5
-6
-5
-6
-5
-4
-4
-3
-5
-6
-7
-8
-9
-9
-9
-7
-7
-5
-3
-5
-4
-5
-3
-2
-2
-1
1
3
1
0
2
1
1
2
2
6
7
7
5
7
9
9
8
9
12
14
16
27
30
30
30
28
40
48
45
45
43
49
58
53
52
50
51
60
61
57
53
47
48
49
43
36
30
30
29
24
16
11
9
0
-11
-16
-17
-20
-31
-42
-44
-49
-63
-80
-87
-76
-76
-84
-86
-81
-75
-78
-80
-69
-62
-69
-78
-74
-57
-52
-65
-80
-83
-84
-96
-117
-123
-126
-154
-199
-264
-314
-348
-408
-481
-583
-701
-785
-880
-952
-1010
-1115
-1173
-1220
-1239
-1210
-1153
-1079
-992
-877
-741
-598
-437
-247
-41
161
336
501
668
833
980
1108
1225
1327
1398
1441
1477
1511
1531
1528
1513
1489
1451
1401
1351
1299
1240
1170
1096
1026
957
892
832
777
723
670
619
572
536
511
485
446
402
360
315
255
185
110
31
-59
-158
-253
-354
-456
-563
-682
-814
-944
-1058
-1154
-1226
-1270
-1286
-1286
-1284
-1274
-1255
-1223
-1187
-1141
-1059
-928
-784
-676
-603
-518
-402
-274
-170
-86
-9
58
111
170
243
299
302
269
225
166
75
-21
-105
-252
-512
-805
-1012
-1164
-1380
-1642
-1843
-2010
-2278
-2645
-2993
-3273
-3441
-3324
-2881
-2396
-2074
-1705
-1109
-572
-313
27
810
1725
2315
2780
3539
4377
4762
4781
4943
5255
5267
4953
4785
4889
4870
4512
4073
3737
3313
2660
1981
1495
1142
754
347
18
-251
-551
-880
-1182
-1426
-1607
-1711
-1725
-1654
-1508
-1324
-1181
-1107
-1062
-1020
-974
-902
-795
-700
-607
-599
-1012
-1855
-2372
-1988
-1448
-1762
-2481
-2568
-2385
-3002
-3985
-3989
-3164
-2894
-3374
-3373
-2492
-1805
-1937
-2062
-1434
-666
-561
-632
39
1119
1611
1529
1700
2192
2347
2105
2087
2452
2709
2607
2482
2554
2559
2264
1882
1683
1535
1236
949
897
926
791
600
517
392
113
-96
-25
165
244
265
380
520
512
392
371
475
479
320
225
330
436
353
208
153
72
-183
-468
-571
-570
-667
-829
-902
-924
-1036
-1194
-1276
-1305
-1418
-1697
-2141
-2613
-2826
-2654
-2383
-2307
-2274
-2020
-1733
-1754
-1861
-1567
-951
-537
-371
56
852
1507
1757
1965
2366
2655
2599
2499
2681
3002
3138
3048
2935
2848
2640
2252
1854
1593
1372
1070
766
573
429
223
-49
-348
-673
-990
-1226
-1340
-1359
-1365
-1478
-1689
-1787
-1656
-1480
-1403
-1293
-1054
-851
-762
-598
-254
92
290
405
552
708
791
791
757
741
696
566
409
317
259
144
-49
-259
-452
-618
-735
-780
-772
-760
-780
-807
-795
-738
-671
-602
-517
-434
-391
-362
-277
-144
-40
6
52
116
147
155
217
346
434
409
341
337
378
397
398
415
409
315
164
44
6
57
133
141
57
-38
-81
-99
-123
-109
-42
11
11
6
50
122
171
176
147
59
-190
-690
-1332
-1795
-1864
-1683
-1562
-1586
-1573
-1472
-1441
-1540
-1572
-1388
-1114
-892
-625
-161
456
1055
1567
1995
2285
2392
2406
2495
2717
2979
3199
3364
3467
3467
3343
3132
2874
2569
2206
1809
1452
1186
1002
831
609
304
-94
-557
-1033
-1449
-1745
-1924
-2037
-2120
-2173
-2193
-2188
-2156
-2107
-2074
-2055
-2019
-1916
-1742
-1508
-1246
-1055
-1027
-1128
-1186
-1105
-976
-913
-894
-840
-772
-746
-730
-671
-635
-718
-859
-909
-851
-766
-675
-510
-264
-38
101
199
339
521
682
791
883
993
1110
1218
1357
1530
1653
1663
1603
1562
1541
1484
1401
1341
1298
1229
1140
1059
981
877
729
555
382
247
158
100
67
52
38
2
-56
-129
-208
-266
-267
-214
-173
-188
-210
-173
-92
-40
-42
-73
-120
-181
-233
-237
-200
-165
-161
-148
-85
-4
45
40
-24
-217
-647
-1301
-1977
-2380
-2398
-2179
-1989
-1963
-2035
-2106
-2147
-2163
-2160
-2155
-2178
-2180
-2020
-1602
-994
-339
271
789
1143
1308
1382
1512
1769
2113
2469
2773
3009
3206
3395
3559
3644
3598
3383
2998
2548
2197
2030
1978
1917
1784
1561
1235
836
447
112
-214
-601
-1009
-1332
-1518
-1589
-1579
-1523
-1478
-1510
-1648
-1850
-2021
-2074
-1999
-1863
-1733
-1616
-1487
-1341
-1181
-1001
-837
-749
-768
-826
-840
-775
-633
-426
-197
-80
-185
-464
-690
-697
-538
-416
-457
-622
-791
-851
-737
-488
-265
-227
-367
-499
-464
-261
17
290
530
707
812
897
1042
1248
1430
1517
1532
1530
1537
1581
1694
1850
1934
1866
1686
1503
1382
1325
1307
1286
1193
995
754
584
524
487
359
129
-113
-298
-423
-494
-514
-514
-551
-643
-751
-827
-843
-790
-684
-588
-558
-604
-650
-612
-483
-334
-235
-173
-108
-32
30
99
201
306
350
305
100
-453
-1442
-2550
-3170
-3048
-2577
-2344
-2491
-2740
-2868
-2894
-2863
-2768
-2716
-2835
-2991
-2822
-2165
-1242
-325
521
1300
1875
2124
2174
2325
2730
3284
3789
4146
4398
4625
4874
5131
5313
5265
4839
4072
3242
2658
2372
2199
1968
1656
1270
760
130
-499
-1010
-1461
-1970
-2531
-3000
-3263
-3301
-3145
-2850
-2537
-2391
-2479
-2668
-2741
-2603
-2311
-1972
-1641
-1329
-1022
-696
-330
68
386
414
20
-654
-1223
-1336
-978
-430
-11
141
74
-57
-92
-5
72
-17
-255
-447
-414
-128
303
743
1075
1199
1097
864
673
637
741
908
1061
1176
1252
1326
1463
1641
1728
1581
1234
849
573
455
468
563
629
574
396
176
0
-156
-312
-479
-607
-669
-676
-618
-483
-274
-91
-6
-35
-118
-184
-208
-165
-107
-60
-20
74
234
367
420
396
370
347
313
278
252
282
366
506
467
-216
-1755
-3616
-4740
-4715
-4161
-3940
-4130
-4229
-4049
-3796
-3630
-3435
-3206
-3107
-3118
-2935
-2307
-1293
-25
1451
2977
4134
4608
4596
4655
5089
5684
6067
6156
6170
6291
6495
6660
6710
6559
6052
5092
3833
2619
1667
961
415
-5
-416
-1035
-1893
-2720
-3260
-3624
-4103
-4767
-5386
-5746
-5798
-5542
-4965
-4181
-3450
-2982
-2735
-2498
-2148
-1685
-1163
-590
-45
379
702
1083
1562
1846
1676
1127
574
184
-154
-511
-720
-626
-388
-223
-217
-267
-367
-532
-707
-822
-884
-956
-913
-619
-99
397
728
963
1195
1378
1410
1387
1441
1622
1822
1993
2162
2319
2409
2393
2316
2156
1860
1432
1016
726
519
304
78
-70
-162
-293
-510
-700
-778
-812
-885
-960
-909
-741
-572
-441
-276
-30
229
462
664
842
936
947
960
1039
1155
1235
1328
1543
1847
1938
1538
660
-518
-2072
-4135
-6298
-7637
-7772
-7403
-7376
-7576
-7345
-6693
-6300
-6403
-6456
-6058
-5503
-5078
-4437
-3064
-1007
1259
3413
5348
6871
7789
8254
8649
9151
9550
9666
9644
9765
10047
10189
9989
9540
8946
7983
6368
4288
2352
905
-244
-1368
-2401
-3154
-3757
-4468
-5260
-5907
-6389
-6946
-7629
-8158
-8260
-7961
-7347
-6390
-5100
-3753
-2674
-1854
-1067
-210
534
1082
1540
2055
2568
2967
3339
3833
4373
4654
4480
3965
3284
2495
1655
830
78
-922
-2163
-3349
-3882
-3866
-3933
-4477
-5406
-6093
-6558
-6681
-6580
-5963
-4925
-3774
-2641
-1597
-328
902
2092
2954
3546
3804
3887
4159
4668
5342
5718
5910
5953
5947
5691
5213
4736
4293
3757
2925
2047
1341
920
565
204
-206
-644
-1156
-1703
-2136
-2418
-2562
-2685
-2719
-2647
-2458
-2157
-1703
-1037
-369
125
398
665
1022
1357
1615
1830
2095
2337
2452
2535
2607
2772
2827
2767
2414
1671
254
-2205
-5225
-7910
-9084
-9326
-9634
-10407
-10695
-9889
-9054
-8891
-9023
-8167
-6799
-6132
-6335
-6056
-4221
-1610
872
2919
5181
7420
9139
10119
10838
11778
12548
12799
12385
11859
11473
11228
10943
10586
10063
9041
7417
5411
3542
1812
47
-1728
-3300
-4574
-5914
-7203
-8019
-8079
-7871
-8001
-8406
-8594
-8379
-8068
-7663
-6883
-5532
-4081
-2922
-1900
-616
984
2433
3474
4170
4692
4941
4892
4733
4786
4966
4935
4517
3876
3268
2530
1599
520
-389
-1330
-2566
-4273
-5942
-7072
-7558
-7688
-7870
-7910
-7725
-7101
-6340
-5435
-4337
-3037
-1726
-778
-2
836
2023
3260
4286
4994
5524
5966
6219
6368
6392
6436
6298
5927
5313
4620
4046
3562
3112
2510
1804
1056
346
-351
-1017
-1554
-1954
-2281
-2638
-2934
-3042
-2898
-2577
-2223
-1892
-1621
-1378
-1114
-761
-244
367
969
1468
1874
2276
2625
2891
3005
2974
2840
2607
2356
2118
1973
1877
1676
1178
331
-968
-2893
-5301
-7553
-8891
-9640
-10446
-11389
-11656
-10907
-10037
-9500
-8829
-7294
-5530
-4609
-4327
-3495
-1659
367
1905
3357
5400
7591
9247
10252
11343
12771
13787
13840
13132
12445
11912
11083
9851
8624
7692
6719
5244
3477
1976
795
-451
-2065
-3735
-5160
-6457
-7700
-8735
-9200
-9225
-9169
-9104
-8823
-8166
-7295
-6322
-5213
-3947
-2737
-1688
-710
380
1595
2699
3665
4428
5016
5351
5424
5453
5436
5308
4833
4065
3187
2302
1397
422
-482
-1321
-2160
-3261
-4459
-5473
-6115
-6562
-7185
-7791
-8195
-8187
-8014
-7690
-6967
-5737
-4174
-2732
-1346
140
1828
3381
4563
5455
6177
6736
6950
6943
6903
6906
6793
6471
6024
5580
5122
4622
4055
3417
2704
1900
1076
263
-463
-1077
-1582
-2013
-2404
-2702
-2865
-2871
-2752
-2578
-2365
-2125
-1868
-1587
-1298
-936
-491
-48
383
758
1228
1731
2195
2557
2799
2925
2896
2728
2504
2255
2086
1944
1788
1570
1063
105
-1861
-4270
-6564
-8004
-9111
-10542
-11722
-12186
-11740
-11547
-11291
-10144
-8088
-6240
-5372
-4496
-3091
-1444
-248
1081
2849
4764
6245
7432
8995
10609
12156
13251
13973
14149
13729
13046
12104
10995
9807
8667
7277
5514
3676
2299
1157
-212
-1657
-2881
-3873
-5206
-6726
-7798
-8253
-8533
-9019
-9301
-9114
-8609
-8042
-7218
-5916
-4406
-3025
-1881
-727
541
1787
2878
3721
4349
4800
5055
5116
5054
5004
5001
4783
4192
3391
2642
1904
1019
-30
-1029
-2016
-3190
-4489
-5772
-6686
-7390
-7894
-8274
-8484
-8339
-7994
-7344
-6536
-5430
-4105
-2760
-1475
-263
1104
2464
3675
4643
5497
6226
6703
6926
7039
7140
7080
6789
6273
5737
5186
4587
3909
3210
2548
1855
1079
280
-373
-904
-1354
-1841
-2231
-2498
-2662
-2726
-2718
-2519
-2251
-1930
-1598
-1220
-780
-343
97
535
960
1300
1529
1672
1876
2118
2306
2360
2296
2231
2067
1809
1510
1317
1186
980
772
580
142
-1342
-3654
-5839
-7027
-7917
-9589
-11175
-11589
-11004
-11089
-11545
-10456
-7851
-5805
-5370
-4624
-2507
-442
244
904
2859
5023
5953
6252
7535
9381
10704
11438
12236
12925
12826
12299
11756
11041
9877
8636
7453
5756
3523
1736
823
-139
-1715
-3142
-3737
-4328
-5601
-6810
-7032
-6800
-7261
-8073
-8282
-7786
-7328
-7024
-6202
-4794
-3377
-2311
-1300
-25
1408
2692
3670
4297
4664
4920
4985
4806
4483
4259
4074
3551
2687
1900
1426
953
193
-735
-1517
-2288
-3261
-4332
-5363
-6144
-6946
-7631
-8186
-8468
-8328
-7902
-7113
-6200
-4931
-3422
-1836
-340
1078
2603
3919
4885
5475
6006
6438
6611
6513
6382
6296
6074
5658
5158
4840
4514
4041
3384
2729
2165
1490
725
-43
-641
-1152
-1678
-2178
-2496
-2599
-2582
-2513
-2395
-2153
-1838
-1524
-1211
-857
-406
30
409
733
1163
1646
2001
2212
2337
2593
2755
2750
2633
2561
2502
2239
1917
1636
1518
1084
397
-997
-2938
-5087
-6814
-7796
-9243
-10782
-11892
-11819
-11621
-11994
-11414
-9456
-7072
-6064
-5453
-3690
-1369
-37
643
2153
4302
5674
5990
6950
8635
10189
11069
11754
12623
12837
12583
12202
11743
10855
9553
8278
6687
4586
2541
1249
227
-1259
-2933
-3973
-4579
-5588
-6732
-7254
-7054
-7166
-7798
-8177
-7936
-7401
-7050
-6482
-5414
-4139
-3023
-2033
-814
694
2168
3365
4218
4788
5247
5507
5550
5344
5013
4683
4127
3314
2402
1736
1251
624
-262
-1251
-2117
-2974
-3911
-5006
-5983
-6755
-7388
-7970
-8424
-8337
-7794
-7008
-6202
-5134
-3661
-2092
-673
615
2051
3427
4402
4957
5418
5911
6198
6164
6002
5922
5767
5418
4952
4628
4394
4025
3458
2801
2205
1565
851
115
-546
-1120
-1660
-2159
-2538
-2702
-2707
-2588
-2458
-2239
-1888
-1476
-1036
-640
-170
303
665
917
1134
1488
1819
2066
2228
2374
2522
2490
2341
2184
2115
1989
1773
1448
1268
1131
847
162
-1497
-3443
-5352
-6522
-7788
-9615
-11027
-11564
-11335
-11752
-11951
-10658
-8320
-6589
-5955
-4686
-2381
-432
408
1479
3422
5283
5940
6351
7645
9152
10295
10919
11688
12276
12269
12118
11805
11260
10303
9233
7996
6138
3994
2299
1129
-271
-2039
-3479
-4256
-5057
-6196
-7026
-7099
-6942
-7341
-7910
-7992
-7569
-7114
-6776
-6111
-5089
-4006
-3039
-2045
-732
762
2172
3254
4009
4613
5140
5469
5483
5239
4953
4583
3879
2935
2053
1511
969
210
-717
-1540
-2186
-2920
-3778
-4994
-6097
-7023
-7608
-8236
-8834
-8732
-8125
-7194
-6488
-5236
-3290
-1292
339
1633
3303
4838
5721
6048
6410
6893
6922
6408
5906
5779
5601
5175
4634
4419
4296
3901
3348
2753
2319
1696
906
58
-731
-1408
-2106
-2690
-3132
-3296
-3282
-3152
-2980
-2667
-2163
-1605
-1083
-632
-21
591
1063
1337
1626
2080
2449
2665
2777
2961
3105
3101
2986
2882
2821
2712
2451
1923
1215
426
-762
-2809
-5374
-7405
-8510
-9903
-11936
-13408
-13278
-12673
-12929
-12771
-10839
-8091
-6643
-6022
-4233
-1571
217
947
2344
4552
6169
6821
7785
9482
11016
11999
12857
13704
13926
13750
13582
13190
12089
10607
9366
7865
5629
3269
1727
573
-1145
-3149
-4459
-5115
-6068
-7289
-8003
-7961
-7997
-8501
-8879
-8708
-8149
-7687
-7147
-6245
-5068
-3814
-2666
-1391
49
1589
2976
4001
4709
5281
5797
6062
5949
5587
5243
4765
3995
3005
2175
1571
891
-76
-1116
-1951
-2659
-3533
-4904
-6209
-7188
-7736
-8479
-9353
-9518
-9029
-8228
-7744
-6712
-4791
-2714
-1085
182
1978
3838
5058
5615
6182
6941
7259
6946
6542
6526
6518
6143
5533
5220
5108
4799
4192
3521
3055
2453
1625
600
-270
-918
-1592
-2283
-2909
-3190
-3247
-3257
-3234
-3016
-2559
-2045
-1629
-1222
-651
-26
544
972
1480
2106
2632
3030
3267
3538
3686
3619
3439
3247
3088
2799
2410
2039
1659
1000
64
-1145
-2901
-5264
-7698
-9235
-10455
-12160
-13868
-14343
-13670
-13466
-13435
-12040
-9338
-7229
-6390
-5003
-2426
-186
889
2084
4256
6309
7245
8070
9673
11430
12607
13357
14202
14664
14525
14165
13674
12781
11387
9965
8433
6365
4033
2232
922
-621
-2500
-3985
-4853
-5821
-7044
-7970
-8192
-8322
-8846
-9341
-9285
-8750
-8220
-7633
-6660
-5335
-4020
-2827
-1541
-10
1535
2826
3826
4576
5165
5569
5777
5748
5544
5270
4865
4205
3372
2641
2035
1314
370
-623
-1522
-2401
-3429
-4590
-5751
-6789
-7712
-8638
-9406
-9710
-9430
-8807
-8109
-7072
-5507
-3667
-1961
-412
1291
2978
4214
4953
5582
6287
6720
6710
6560
6560
6549
6300
5943
5750
5622
5268
4666
4011
3394
2678
1793
868
30
-722
-1425
-2062
-2521
-2774
-2834
-2813
-2740
-2531
-2190
-1765
-1367
-936
-448
23
417
777
1153
1534
1948
2383
2807
3057
3143
3154
3044
2827
2460
2113
1803
1396
904
383
44
-198
-591
-1222
-2079
-3285
-5233
-7885
-10301
-11605
-12163
-12774
-13425
-13096
-11815
-10658
-9783
-8200
-5438
-2974
-1773
-889
788
2765
3938
4739
6151
7843
8818
9160
9836
11084
12092
12413
12327
12114
11693
10829
9685
8504
7384
6195
4697
3012
1494
385
-496
-1476
-2500
-3358
-4055
-4818
-5674
-6224
-6328
-6307
-6489
-6718
-6492
-5864
-5150
-4441
-3518
-2330
-1324
-610
74
965
1891
2473
2745
2888
2954
2843
2544
2243
2015
1650
1025
227
-482
-1063
-1695
-2319
-2889
-3317
-3819
-4376
-4738
-4790
-4639
-4548
-4380
-4053
-3598
-3145
-2581
-1795
-952
-250
305
931
1573
2136
2612
3083
3504
3730
3813
3865
3923
3897
3782
3606
3391
3102
2754
2408
2086
1768
1356
920
471
75
-311
-622
-818
-968
-1038
-1073
-983
-850
-639
-369
-92
204
460
683
860
1053
1233
1348
1379
1424
1477
1461
1406
1310
1253
1115
933
734
513
299
10
-255
-506
-710
-885
-1078
-1189
-1204
-1176
-1227
-1467
-1882
-2869
-4334
-5754
-6513
-6915
-7626
-8092
-7860
-7184
-6944
-6646
-5435
-3899
-2983
-2631
-1827
-736
-36
435
1335
2570
3475
4018
4662
5595
6488
7221
7738
8093
8178
8022
7745
7368
7024
6626
6180
5525
4754
4081
3557
3016
2288
1569
952
227
-753
-1662
-2194
-2552
-3038
-3554
-3766
-3761
-3743
-3696
-3432
-2986
-2651
-2428
-2184
-1787
-1373
-1052
-762
-510
-318
-329
-472
-721
-1037
-1312
-1524
-1705
-1972
-2159
-2192
-2219
-2384
-2535
-2461
-2331
-2347
-2381
-2151
-1783
-1552
-1442
-1156
-713
-377
-163
184
739
1215
1505
1759
2106
2396
2522
2572
2661
2727
2661
2527
2400
2304
2148
1907
1634
1352
1110
853
574
303
83
-87
-267
-427
-519
-515
-452
-376
-307
-220
-105
37
189
352
536
703
800
820
853
967
1117
1232
1273
1261
1168
997
788
598
421
211
-35
-277
-409
-485
-512
-557
-567
-566
-565
-620
-613
-578
-610
-1230
-2473
-3663
-4278
-4545
-5207
-5582
-5260
-4681
-4766
-4966
-4272
-3253
-2793
-2808
-2351
-1584
-1113
-792
-37
1105
2047
2638
3129
3795
4458
5028
5411
5741
6028
6152
6148
6000
5891
5804
5672
5315
4682
4034
3528
2987
2260
1542
1012
520
-222
-960
-1395
-1579
-1860
-2328
-2671
-2876
-3191
-3679
-4061
-4046
-3874
-3774
-3685
-3431
-3035
-2789
-2648
-2426
-2126
-1917
-1926
-1921
-1811
-1676
-1589
-1544
-1424
-1292
-1203
-1113
-943
-616
-215
134
429
687
958
1183
1330
1495
1665
1808
1855
1882
1972
2062
2080
2023
1949
1893
1787
1652
1524
1420
1319
1160
992
837
691
526
338
204
119
46
-39
-91
-102
-140
-204
-239
-248
-276
-329
-356
-365
-408
-483
-575
-680
-753
-773
-740
-680
-587
-460
-349
-223
-55
131
300
495
773
1092
1360
1569
1789
2022
2169
2166
2124
2088
1999
1805
1588
1419
1241
968
315
-975
-2512
-3534
-3929
-4327
-4792
-4680
-4064
-3867
-4273
-4361
-3811
-3487
-3788
-4027
-3663
-3160
-3020
-2832
-2119
-1226
-755
-666
-403
158
705
1158
1747
2524
3218
3663
3909
4005
4030
3999
3807
3409
2997
2826
2794
2617
2317
2041
1662
915
-89
-892
-1228
-1277
-1274
-1162
-811
-354
-24
158
399
766
1050
1151
1259
1551
1881
2024
1983
1946
1912
1707
1355
1050
913
870
823
790
852
957
976
854
679
552
434
225
-124
-551
-1011
-1498
-2014
-2499
-2832
-3012
-3106
-3141
-3015
-2682
-2291
-1990
-1753
-1504
-1284
-1152
-1094
-992
-839
-686
-532
-353
-162
-15
93
182
264
315
392
573
870
1204
1503
1809
2179
2579
2872
3016
3022
2852
2472
1909
1238
461
-422
-1326
-2140
-2852
-3430
-3847
-4057
-4070
-3907
-3574
-3110
-2619
-2213
-1907
-1695
-1627
-1665
-1748
-1849
-2032
-2275
-2523
-2751
-2906
-3085
-3822
-5076
-5836
-5346
-4369
-3856
-3214
-1854
-721
-844
-1309
-852
40
349
501
1291
2425
3064
3307
3743
4362
4744
4866
5099
5747
6661
7788
9016
10097
10766
11051
11069
10728
10082
9649
9529
9296
8772
8349
8192
7715
6625
5340
4122
2614
552
-1528
-2984
-3892
-4415
-4397
-3687
-2861
-2665
-3126
-3831
-4577
-5336
-5980
-6373
-6723
-7194
-7645
-7907
-7943
-7743
-7180
-6351
-5660
-5289
-5112
-5059
-5324
-6001
-6736
-7277
-7647
-7838
-7616
-6872
-5862
-4812
-3674
-2399
-1109
14
988
1886
2630
3145
3434
3574
3626
3663
3823
4161
4628
5128
5515
5641
5461
5143
4900
4733
4523
4189
3696
2920
1690
25
-1854
-3798
-5721
-7433
-8622
-9081
-8781
-7819
-6372
-4544
-2626
-1433
-1642
-2654
-3033
-2206
-846
423
1603
2733
3557
3982
4316
4897
5744
6732
7979
9737
11766
13353
13996
13799
13083
12011
10708
9244
7697
6003
3826
960
-1848
-3554
-4299
-5108
-5979
-6130
-5917
-6387
-7215
-7084
-6051
-5273
-4950
-4366
-3518
-3095
-3158
-3138
-2865
-2672
-2680
-2612
-2239
-1565
-675
291
1075
1563
1923
2250
2317
2057
1884
1942
1719
857
-176
-795
-1074
-1297
-1307
-914
-435
-342
-603
-836
-925
-1037
-1142
-1024
-712
-469
-371
-326
-358
-519
-738
-955
-1244
-1581
-1809
-1917
-2078
-2351
-2601
-2773
-2941
-3068
-2973
-2611
-2201
-1924
-1726
-1498
-1296
-1164
-961
-600
-205
63
213
282
263
236
330
561
821
1062
1307
1549
1734
1877
2073
2344
2593
2762
2924
3096
3197
3175
3107
3034
2921
2756
2609
2536
2503
2461
2376
2224
2004
1804
1746
1826
1990
2209
2431
2457
2243
2016
1900
1777
1499
1178
879
589
291
53
-17
23
103
72
-32
-233
-530
-942
-1443
-1896
-2185
-2183
-2115
-2055
-1977
-2103
-2926
-4067
-4190
-3200
-2599
-3292
-4154
-4639
-5728
-7550
-8316
-7200
-5906
-5624
-5556
-4888
-4357
-4285
-3768
-2349
-787
212
944
1627
2110
2312
2551
2903
3115
3189
3380
3744
3914
3831
3829
3985
3978
3852
4122
4757
5107
4831
4348
3900
3291
2585
2237
2324
2280
1799
1133
525
-138
-844
-1270
-1338
-1385
-1636
-1874
-1998
-2129
-2230
-2070
-1662
-1279
-934
-483
-14
263
462
842
1302
1616
1871
2232
2527
2546
2446
2467
2544
2479
2328
2241
2109
1790
1405
1105
812
420
62
-194
-490
-920
-1330
-1645
-2032
-2503
-2851
-3030
-3276
-3673
-4047
-4286
-4531
-4868
-5065
-5008
-4951
-5049
-5024
-4640
-4143
-3860
-3684
-3312
-2838
-2490
-2156
-1579
-870
-320
-4
281
678
1076
1396
1756
2185
2527
2683
2737
2783
2851
2976
3145
3357
3542
3612
3527
3453
3343
2609
959
-279
234
1667
1889
933
336
34
-1293
-2799
-2243
-202
579
-285
-867
-767
-1135
-1605
-943
481
1185
1092
1012
1028
977
1222
1904
2363
2471
2659
2858
2697
2318
2304
2514
2405
1997
1973
2373
2467
2046
1533
1194
838
533
497
746
836
424
-228
-712
-972
-979
-769
-605
-718
-1026
-1389
-1609
-1584
-1293
-865
-563
-586
-739
-785
-792
-815
-757
-628
-626
-894
-1301
-1598
-1841
-2201
-2542
-2687
-2740
-2850
-2993
-3160
-3383
-3643
-3783
-3702
-3487
-3325
-3213
-3137
-3134
-3095
-2839
-2390
-1894
-1409
-981
-627
-340
-53
335
874
1410
1773
1955
2086
2219
2355
2544
2849
3087
3097
2950
2793
2637
2555
2604
2677
2612
2423
2226
2096
2027
1975
1919
1871
1876
1921
1956
2014
2082
2170
2379
2196
605
-1568
-1748
311
1618
585
-811
-1137
-1995
-4035
-4442
-1992
-174
-1428
-3286
-3457
-3277
-3798
-3467
-1754
-679
-1182
-1690
-1407
-1149
-789
378
1462
1551
1698
2686
3362
3069
3018
3863
4456
4199
4221
4901
4895
3641
2450
2170
2025
1424
839
469
-315
-1754
-3044
-3517
-3549
-3648
-3824
-4117
-4675
-5218
-5321
-5078
-4726
-4203
-3553
-3159
-3117
-2956
-2342
-1665
-1231
-698
143
856
1130
1307
1692
2068
2208
2358
2830
3343
3444
3250
3095
2975
2811
2738
2786
2756
2476
1959
1395
1012
847
765
626
404
162
-34
-142
-114
23
228
434
546
566
592
627
614
576
639
762
705
378
58
-5
21
-31
-127
-196
-269
-358
-422
-375
-291
-231
-126
-65
-112
-68
-496
-2710
-5612
-5948
-3333
-1774
-3433
-5448
-5469
-5974
-8661
-9748
-6599
-3632
-4956
-7444
-7040
-5557
-5879
-6074
-3803
-1355
-1174
-1504
-407
818
1270
2330
4019
4751
5258
6981
8510
7976
7104
8147
9554
9303
9110
10641
11612
9987
7990
8087
8800
8208
7243
6965
6163
4089
2240
1685
1387
499
-478
-1368
-2675
-4082
-4652
-4728
-5164
-5653
-5575
-5464
-5856
-6104
-5680
-5238
-5305
-5178
-4299
-3371
-3019
-2889
-2445
-1964
-1737
-1304
-520
106
240
168
229
402
639
1020
1360
1297
918
548
345
198
118
130
32
-297
-771
-1096
-1341
-1610
-1753
-1716
-1717
-1885
-1943
-1770
-1606
-1638
-1623
-1424
-1062
-768
-490
-203
-22
46
211
699
1280
1770
1997
2174
2354
2651
3058
3282
1484
-2204
-3920
-1199
2404
1875
-1583
-3554
-3589
-5264
-7578
-5978
-1579
-963
-4801
-7233
-5774
-4180
-4560
-4189
-1797
-243
-739
-978
423
1778
2377
3299
4441
5411
6915
8737
9255
8067
7609
9156
10624
10717
11049
12092
11662
9016
7193
7943
8891
8091
6610
5741
4561
2190
185
-393
-726
-1896
-3445
-4755
-6137
-7576
-8400
-8848
-9437
-9831
-9840
-10015
-10564
-10793
-10241
-9780
-9703
-9079
-7638
-6506
-6304
-6112
-5233
-4194
-3286
-2082
-658
418
781
1005
1558
2330
3173
4058
4685
4835
4678
4548
4529
4530
4639
4717
4597
4166
3626
3158
2714
2270
1907
1605
1302
1080
854
550
127
-167
-132
123
347
401
419
465
527
701
1167
1704
2248
2530
2702
2581
1550
-1763
-5449
-5185
-411
3171
600
-4642
-6958
-6329
-7351
-9050
-6729
-2046
-2089
-7299
-10333
-7829
-4931
-5554
-6358
-3740
-709
-709
-2166
-1481
512
1257
1345
2814
5818
8171
8473
7325
6205
6354
8035
10181
11494
11824
11399
10166
8042
6659
7350
8974
9241
7473
5456
4399
3378
1560
-80
-463
-365
-1135
-2640
-3732
-4512
-5862
-8054
-9495
-8863
-7248
-6989
-8619
-10412
-10884
-10465
-10144
-9393
-7643
-6195
-6480
-7514
-7268
-5461
-3700
-2660
-1669
-293
738
1019
1233
2064
3322
4434
5225
5783
6330
6575
6253
5670
5506
6056
6676
6579
5783
4923
4134
3273
2565
2510
2808
2481
1333
71
-577
-793
-918
-906
-765
-803
-1128
-1507
-1543
-1291
-932
-571
-229
47
251
-85
-734
-2585
-5248
-5901
-3059
513
-94
-4197
-7364
-6910
-6285
-7516
-7381
-3901
-1857
-4837
-8784
-8081
-4308
-3198
-4821
-4109
-500
1556
32
-1104
704
2825
2980
3031
5475
8764
9437
7539
6122
6823
8437
9699
10683
11517
11318
9825
7932
6980
7261
7933
8073
7284
5787
4232
2978
1699
263
-820
-1077
-1037
-1853
-3533
-5120
-6032
-6775
-7660
-7937
-7264
-6828
-7641
-9050
-9882
-9795
-9237
-8264
-7026
-6210
-6229
-6673
-6634
-5841
-4463
-2750
-1360
-604
-181
320
911
1491
2382
3648
4712
5183
5374
5577
5600
5346
5266
5687
6113
6156
5679
4848
3881
3119
2816
2799
2740
2349
1567
508
-468
-915
-836
-649
-671
-907
-1174
-1495
-1857
-2051
-1911
-1354
-446
452
632
-380
-3518
-6889
-6815
-2372
1504
255
-4041
-6231
-5528
-6131
-8051
-6660
-1985
-506
-4610
-8099
-6136
-2732
-3466
-5783
-3863
960
2615
210
-874
1216
2715
1643
1686
5613
9796
9645
6364
4662
5891
7528
8267
9341
10979
11182
9080
6480
5667
6465
7237
7173
6455
5508
4469
3099
1323
-384
-1198
-951
-708
-1397
-2646
-3739
-5062
-7092
-8640
-8106
-6396
-5905
-7180
-8686
-9299
-9625
-9686
-8662
-6688
-5300
-5432
-6098
-6142
-5353
-4101
-2644
-1230
38
952
1248
1203
1477
2546
3893
4842
5533
6189
6407
5816
5070
5117
5762
6265
6322
5972
5150
3999
3038
2644
2597
2623
2432
1688
600
-335
-727
-823
-934
-1169
-1212
-1277
-1500
-1742
-1567
-1375
-1911
-4194
-7298
-7537
-3788
-145
-1553
-6011
-8264
-6926
-6254
-7715
-7065
-3019
-1413
-5461
-9321
-7040
-2259
-1725
-4352
-3530
805
2600
155
-923
2120
4775
3815
2829
5833
9964
9968
6702
5363
7379
9309
9339
9452
10731
10881
8667
6145
5852
7192
7801
6925
5633
4553
3453
2197
901
-158
-783
-934
-1268
-2284
-3542
-4346
-5058
-6431
-7944
-7834
-6399
-6112
-7792
-9424
-9289
-8752
-8947
-8851
-7370
-5890
-6140
-7033
-6565
-4949
-3792
-3123
-2091
-701
208
437
747
1583
2809
3859
4555
5206
5935
6382
6108
5639
5850
6627
7072
6873
6490
5999
5081
4027
3630
3807
3839
3257
2293
1384
728
344
135
-152
-385
-636
-949
-1272
-1382
-1181
-1458
-2889
-6124
-8508
-7193
-2912
-943
-3791
-7806
-8906
-7860
-8480
-9370
-6722
-2569
-3185
-8237
-10174
-6439
-2948
-4062
-5321
-2201
1804
1429
-1270
-215
3561
4680
2916
3636
8190
11193
9435
6551
6820
8861
9405
9093
10466
12429
11595
8258
5870
6255
7461
7480
6622
5808
4837
3131
1102
-249
-724
-851
-1162
-1965
-3008
-3806
-4465
-5570
-7146
-7959
-7124
-5835
-5724
-6914
-8029
-8431
-9053
-9768
-8869
-6147
-4334
-5132
-6601
-6466
-5343
-4513
-3447
-1325
647
646
-315
-216
1090
2340
3179
4175
5107
5369
5107
4752
4668
5052
5689
6152
6263
6269
5992
4973
3727
3199
3553
3973
3839
3463
2901
1724
377
-148
291
763
719
337
-149
-714
-1131
-1358
-1706
-3300
-6069
-7204
-5096
-2064
-2363
-5476
-7829
-7977
-8233
-9478
-8559
-4654
-2521
-5609
-9572
-8910
-5460
-4259
-5046
-3505
-109
711
-1626
-2087
1391
4291
3732
2910
5330
8664
9025
7490
7495
9038
9338
8347
8844
11194
12263
10475
7902
6845
6872
6667
6328
6364
6084
4573
2189
179
-774
-1029
-1130
-1636
-2671
-3781
-4519
-5159
-6203
-7112
-7017
-6457
-6825
-7819
-7937
-7135
-7089
-8152
-8478
-7360
-6156
-5840
-5404
-4245
-3553
-3983
-4180
-2877
-954
239
740
1253
1685
1787
2009
2810
4069
5096
5364
5055
4836
5006
5177
5186
5333
5627
5558
4872
4184
3971
3840
3254
2647
2478
2416
1949
1338
1014
657
43
-504
-646
-445
-350
-420
-650
-1422
-3845
-6667
-7085
-4464
-2021
-2531
-4445
-5538
-6222
-8335
-10088
-8006
-3594
-2165
-4896
-6936
-5875
-4864
-6008
-5992
-2478
911
620
-1362
-566
2064
2605
1332
2062
5320
7307
6791
6538
7940
8732
7367
6005
7014
9302
10143
9470
8768
8207
6766
4832
4056
4673
5434
5175
3952
2258
398
-1137
-2028
-2297
-2255
-2083
-2237
-3247
-4884
-6034
-6133
-6026
-6353
-6338
-5552
-5261
-6307
-7310
-6939
-6078
-6024
-6169
-5278
-3939
-3564
-3927
-3687
-2784
-2321
-2251
-1497
46
1229
1519
1523
1748
2077
2292
2677
3522
4564
5012
4635
4094
3961
4026
3957
4001
4331
4483
3933
3100
2656
2492
2112
1634
1457
1449
1129
525
120
-66
-357
-764
-935
-853
-905
-1594
-2994
-4100
-4034
-3231
-2942
-3185
-3154
-2902
-3466
-4970
-5664
-4576
-3105
-2993
-3440
-2841
-1921
-2299
-3328
-2899
-1231
-301
-575
-379
1037
2089
1845
1479
2268
3306
3362
3149
3892
5131
5516
5003
4667
4885
4904
4456
4207
4555
4844
4424
3634
3009
2555
2026
1483
1117
912
655
181
-469
-1074
-1399
-1510
-1595
-1818
-2076
-2228
-2400
-2735
-2989
-2774
-2339
-2303
-2673
-2871
-2747
-2689
-2823
-2764
-2314
-1940
-2012
-2274
-2245
-2025
-2004
-2053
-1823
-1361
-1066
-1047
-1050
-917
-815
-831
-756
-411
26
294
353
355
399
496
650
853
1142
1402
1546
1515
1408
1382
1464
1618
1722
1796
1832
1789
1570
1321
1278
1409
1497
1393
1270
1204
1118
912
741
749
816
786
679
609
500
305
100
17
-16
-56
-59
-71
-190
-472
-733
-855
-866
-863
-847
-826
-872
-1021
-1230
-1331
-1298
-1184
-1095
-1041
-950
-888
-965
-1103
-1062
-821
-586
-476
-353
-196
-170
-312
-400
-230
27
159
200
304
385
301
101
20
144
356
516
565
612
636
561
375
288
445
686
776
699
656
661
577
423
439
657
821
766
591
503
485
419
299
255
318
341
250
131
107
98
-16
-200
-256
-140
-33
-47
-121
-127
-114
-163
-228
-185
-42
20
-83
-240
-282
-231
-223
-295
-335
-293
-315
-483
-640
-622
-532
-565
-672
-675
-574
-558
-685
-780
-728
-631
-607
-591
-505
-456
-533
-654
-700
-666
-619
-571
-480
-392
-389
-455
-465
-386
-316
-280
-206
-75
19
34
31
64
112
164
287
511
721
789
768
779
828
874
969
1159
1346
1417
1388
1341
1295
1233
1206
1280
1385
1391
1284
1155
1035
900
786
744
736
698
621
524
382
191
7
-101
-137
-159
-208
-299
-429
-584
-725
-805
-817
-809
-831
-879
-921
-975
-1066
-1143
-1154
-1113
-1080
-1067
-1038
-1005
-1010
-1064
-1089
-1000
-848
-749
-725
-671
-564
-511
-531
-490
-332
-197
-206
-234
-116
56
92
13
8
109
155
88
69
192
302
239
118
134
249
278
208
195
291
368
357
367
464
555
561
559
630
712
720
707
746
790
767
729
754
797
766
674
616
583
504
401
375
420
392
253
122
90
82
23
-31
-15
2
-75
-182
-186
-114
-108
-196
-257
-242
-237
-285
-290
-218
-186
-288
-415
-419
-346
-327
-371
-379
-347
-378
-495
-577
-544
-484
-516
-590
-580
-514
-524
-604
-611
-504
-403
-398
-417
-375
-304
-280
-291
-261
-165
-67
-36
-58
-49
30
115
134
122
170
273
338
325
323
415
532
564
531
560
671
731
676
638
729
834
788
652
614
673
644
480
355
374
394
271
104
57
65
-36
-219
-298
-233
-199
-291
-382
-372
-342
-378
-415
-369
-290
-272
-283
-255
-202
-177
-184
-179
-149
-123
-113
-119
-143
-193
-237
-221
-166
-140
-167
-208
-232
-250
-268
-237
-165
-134
-168
-185
-123
-47
-39
-72
-75
-46
-33
-29
25
112
128
41
-40
-18
53
64
31
54
117
119
48
12
67
122
108
76
105
164
170
114
88
132
183
189
176
182
183
140
87
74
114
177
213
193
124
62
35
23
8
28
96
134
76
-14
-31
14
33
8
7
53
73
14
-55
-35
47
65
-8
-48
-4
16
-56
-111
-49
34
12
-61
-62
-26
-53
-115
-100
-15
12
-50
-112
-114
-93
-101
-114
-101
-81
-88
-114
-133
-133
-136
-137
-114
-72
-39
-35
-54
-91
-134
-140
-81
2
37
8
-29
-49
-67
-79
-41
34
63
27
8
57
101
73
18
31
90
104
82
116
203
216
117
38
85
166
158
100
109
160
135
36
1
74
122
49
-47
-43
9
-19
-101
-96
-7
17
-62
-118
-69
-13
-38
-76
-35
47
65
23
1
16
17
-6
-12
13
46
51
13
-66
-140
-145
-86
-36
-40
-62
-85
-159
-267
-287
-153
5
21
-75
-132
-123
-132
-158
-102
36
110
60
4
43
104
86
42
67
148
185
161
153
183
189
136
89
103
159
179
142
90
62
43
12
-13
-1
25
19
-39
-96
-110
-98
-90
-89
-87
-94
-118
-136
-133
-117
-96
-79
-89
-126
-140
-97
-41
-31
-42
-22
-1
-31
-68
-25
79
123
78
45
82
113
84
67
125
195
170
83
61
121
161
128
100
129
140
72
6
38
121
136
78
42
49
36
-8
-15
31
60
38
6
-2
-18
-56
-73
-47
-24
-28
-27
-13
-45
-136
-199
-166
-110
-115
-152
-148
-144
-216
-304
-286
-186
-157
-228
-265
-203
-150
-195
-231
-161
-70
-78
-126
-84
17
46
2
17
118
183
146
106
139
195
197
178
203
246
236
173
133
148
167
150
115
105
113
106
79
49
30
15
6
5
26
62
73
42
-12
-39
-25
6
24
30
27
8
-31
-70
-69
-28
4
-8
-39
-47
-34
-50
-84
-80
-27
6
-17
-41
-12
10
-39
-107
-87
7
55
24
-8
-3
-27
-103
-139
-65
48
76
18
-28
-38
-59
-103
-104
-27
46
45
0
-19
-20
-44
-75
-52
20
71
65
32
-4
-44
-68
-40
26
76
74
41
2
-41
-73
-50
12
49
32
7
11
19
-4
-24
7
64
90
89
105
135
126
76
64
118
176
180
163
166
163
118
66
66
97
95
51
20
22
2
-61
-114
-118
-106
-122
-140
-139
-140
-174
-218
-225
-200
-184
-185
-184
-175
-172
-175
-169
-147
-135
-132
-120
-91
-60
-42
-27
-15
-18
-24
-5
45
80
81
72
76
73
54
55
99
132
111
62
52
72
65
33
33
68
69
17
-21
2
30
6
-25
-5
40
32
-15
-24
11
29
14
23
75
106
73
35
45
78
87
89
117
143
114
57
36
66
80
68
68
80
61
7
-25
-9
6
-13
-30
-15
-4
-40
-82
-80
-57
-55
-65
-48
-18
-27
-67
-81
-53
-34
-38
-32
-6
2
-25
-46
-35
-9
-5
-10
-7
-3
-10
-23
-24
-11
-3
-10
-21
-29
-29
-32
-39
-44
-41
-31
-31
-46
-64
-69
-69
-68
-64
-50
-29
-24
-37
-48
-40
-18
-1
11
38
72
87
75
63
82
116
130
133
148
172
171
131
101
112
130
113
78
67
69
40
-23
-63
-51
-42
-75
-119
-123
-108
-131
-175
-177
-138
-123
-151
-162
-124
-93
-107
-120
-90
-46
-36
-41
-19
15
23
9
14
47
72
73
70
76
81
69
64
79
98
94
73
62
63
63
58
59
62
58
39
27
32
40
38
24
14
12
7
2
3
6
-4
-26
-40
-33
-18
-19
-32
-35
-31
-33
-43
-37
-17
-9
-18
-26
-14
1
-1
-9
-9
-4
-3
-4
1
5
-4
-21
-35
-39
-29
-18
-11
-15
-21
-23
-25
-33
-26
3
27
26
11
19
37
37
26
35
62
69
43
29
46
57
39
19
29
46
30
-2
-5
18
21
-4
-16
3
11
-16
-36
-23
-4
-14
-36
-29
-9
-11
-38
-51
-41
-32
-36
-36
-19
-9
-27
-57
-61
-41
-25
-19
-12
-8
-18
-41
-49
-37
-24
-23
-20
-16
-21
-36
-50
-43
-32
-30
-28
-18
-7
-7
-14
-12
0
8
17
32
51
58
46
38
46
65
79
83
78
74
72
65
60
65
74
76
69
59
55
48
38
33
37
45
41
26
11
6
4
-4
-11
-14
-9
-7
-17
-28
-33
-33
-38
-42
-36
-28
-29
-41
-44
-38
-32
-38
-39
-32
-21
-20
-27
-28
-24
-22
-26
-27
-20
-12
-15
-27
-30
-22
-14
-22
-33
-29
-13
-15
-27
-30
-19
-15
-27
-30
-18
-6
-8
-10
2
10
3
-7
5
29
40
34
28
36
48
48
45
51
55
54
51
53
57
49
30
21
28
32
23
14
12
11
-1
-19
-25
-15
-5
-8
-16
-19
-27
-36
-40
-28
-14
-15
-23
-27
-24
-22
-23
-19
-13
-11
-11
-7
-1
-4
-13
-13
-3
2
0
-2
0
-4
-14
-20
-18
-11
-15
-22
-27
-29
-37
-43
-41
-31
-25
-28
-34
-37
-37
-31
-19
-4
9
16
20
20
19
27
40
55
68
78
83
79
70
64
68
80
87
83
75
69
56
38
23
24
31
29
24
20
15
-2
-21
-23
-12
-6
-11
-13
-9
-11
-26
-34
-29
-21
-23
-29
-25
-23
-30
-44
-49
-42
-38
-42
-45
-43
-41
-49
-62
-64
-57
-51
-49
-46
-44
-44
-50
-55
-50
-38
-23
-14
-11
-10
-11
-14
-15
-5
9
25
29
28
25
20
13
14
25
38
44
45
41
32
20
16
24
37
43
45
44
36
22
17
25
39
45
45
45
42
31
20
23
34
36
30
26
25
18
7
2
4
3
-3
-7
-8
-11
-20
-27
-31
-33
-37
-35
-29
-27
-30
-35
-39
-37
-37
-34
-25
-18
-21
-26
-26
-24
-22
-21
-14
-5
-1
-3
-5
-4
0
2
1
5
11
13
10
9
10
10
7
6
5
10
9
5
6
10
12
9
5
4
4
0
-1
2
5
6
2
3
3
2
-2
-2
2
5
3
0
4
4
1
0
1
