3
1
2
0
-1
-1
-1
-3
-3
-3
-3
-5
-4
-4
-3
-3
-2
0
1
3
4
5
6
5
5
3
5
6
5
5
5
4
2
2
1
1
-1
0
0
-4
-6
-6
-5
-6
-3
-1
1
0
-1
-1
-3
-3
-4
-3
-3
-3
-4
-4
-5
-4
-4
-4
-2
-3
-1
-2
-3
-2
-2
-1
1
0
2
1
3
4
3
2
3
3
2
1
-1
0
0
0
2
2
1
0
0
2
2
4
2
3
4
2
1
3
3
1
0
0
1
1
0
2
1
3
3
2
3
2
2
2
1
3
3
1
-1
-1
1
1
1
1
1
1
2
1
-1
0
0
-3
-3
-5
-4
-4
-5
-5
-5
-5
-4
-2
-2
-1
0
0
-1
-2
-2
-2
-2
-1
-2
-2
-3
-3
-3
-2
-3
-6
-5
-4
-5
-5
-3
-3
-4
-2
-1
0
1
2
3
4
5
4
5
4
4
3
2
3
3
4
6
6
5
6
6
5
6
4
5
5
4
5
5
4
4
4
3
0
3
3
3
2
0
0
1
0
-2
-1
-1
-2
-3
-4
-5
-6
-6
-7
-6
-6
-5
-4
-3
-6
-6
-5
-6
-6
-4
-4
-4
-1
-2
-2
-4
-5
-5
-5
-4
-3
-5
-5
-4
-6
-5
-2
1
0
0
2
2
1
0
0
0
2
1
1
1
0
1
1
3
2
4
5
5
3
4
4
3
4
7
7
7
8
8
7
7
7
7
5
4
5
5
5
8
7
5
5
3
1
1
0
1
0
-1
-2
-4
-4
-6
-6
-6
-5
-1
2
3
5
5
3
0
1
-2
-3
-2
-2
-3
-4
-5
-8
-9
-11
-14
-13
-13
-12
-10
-11
-11
-11
-10
-9
-8
-6
-4
-3
-2
-1
1
-1
-1
1
1
2
3
3
3
3
4
4
3
4
4
3
1
2
4
5
6
8
6
8
7
7
8
9
10
8
9
7
5
6
8
7
5
4
2
1
-1
0
-2
0
0
-1
-1
-2
-2
-3
-3
-4
-4
-2
-1
0
0
-1
0
0
0
4
4
3
1
-1
-1
-2
-2
-6
-5
-2
-5
-5
-3
-2
-2
-3
-3
-4
-4
-4
-4
-4
-5
-7
-6
-3
-3
-4
-2
-1
-1
0
3
3
4
3
4
4
5
4
2
5
4
3
4
3
1
-1
1
0
-1
-2
-4
-4
-3
-2
-2
1
1
-2
-3
0
2
2
1
6
6
4
2
2
2
2
3
3
3
1
3
2
3
2
2
2
0
-1
-5
-6
-6
-6
-4
-5
-2
0
-1
-1
-1
-1
-2
-1
-1
-3
-3
-4
-4
-3
-3
-4
-3
-3
-2
-2
-2
1
2
4
3
5
4
5
2
2
5
7
7
6
5
5
3
1
2
3
2
1
0
0
0
1
0
2
2
1
0
1
4
3
3
5
4
3
2
2
3
2
3
3
2
1
1
1
-2
-3
-4
-4
-4
-3
-2
-2
-2
-3
-4
-3
-3
-3
-4
-3
-4
-5
-4
-3
-3
-1
-4
-3
-3
-1
-2
-4
-5
-5
-4
-6
-5
-5
-6
-7
-7
-6
-6
-6
-6
-7
-7
-6
-4
-5
-2
0
0
1
2
2
1
-1
-3
-5
-3
-1
-2
-1
0
2
4
4
5
6
4
5
7
8
9
10
10
9
10
11
12
12
14
14
16
15
13
15
16
13
12
12
11
8
7
6
5
4
3
4
4
0
-3
-3
-2
-4
-4
-4
-4
-4
-6
-6
-9
-10
-11
-11
-8
-9
-8
-7
-7
-8
-8
-8
-10
-10
-9
-7
-8
-7
-7
-7
-9
-11
-11
-8
-8
-7
-8
-9
-8
-6
-5
-5
-5
-8
-12
-12
-9
-7
-7
-6
-3
-4
-6
-7
-6
-4
0
4
7
8
5
2
-2
-3
-5
-5
-3
-1
0
2
3
5
5
1
5
7
8
10
15
19
19
17
17
18
18
20
26
33
34
30
28
33
36
32
33
36
43
45
42
44
46
46
42
38
39
39
38
37
37
38
35
29
23
21
20
19
18
19
19
16
13
6
0
-2
-3
-8
-14
-17
-14
-15
-24
-34
-37
-42
-55
-67
-69
-57
-48
-58
-64
-59
-58
-68
-89
-91
-73
-59
-56
-56
-47
-43
-65
-88
-97
-102
-106
-108
-90
-57
-43
-61
-87
-101
-110
-134
-164
-157
-131
-124
-153
-203
-237
-276
-339
-399
-451
-466
-467
-499
-519
-549
-591
-618
-650
-640
-597
-566
-507
-430
-337
-240
-172
-107
-20
93
211
330
469
604
734
821
883
969
1026
1069
1101
1130
1176
1221
1245
1234
1212
1185
1150
1103
1058
1035
1037
1039
1019
985
950
905
844
768
708
671
635
591
542
499
438
350
250
151
61
-34
-127
-218
-311
-412
-525
-644
-756
-859
-950
-1029
-1100
-1162
-1205
-1235
-1257
-1260
-1229
-1181
-1138
-1083
-992
-894
-824
-770
-691
-583
-472
-361
-244
-150
-118
-133
-154
-157
-153
-112
-25
47
57
23
-19
-87
-241
-482
-757
-998
-1151
-1242
-1351
-1507
-1680
-1896
-2227
-2595
-2827
-2963
-3191
-3384
-3120
-2394
-1761
-1461
-1050
-271
376
522
741
1643
2785
3386
3597
4115
4856
5097
4791
4626
4806
4767
4267
3836
3819
3812
3396
2781
2334
1964
1425
851
531
448
365
212
77
-34
-159
-281
-369
-424
-442
-417
-371
-298
-146
26
48
-116
-301
-414
-558
-860
-1266
-1625
-1849
-2013
-2265
-2618
-2913
-3081
-3309
-3700
-3972
-3850
-3522
-3321
-3197
-2891
-2459
-2157
-1981
-1715
-1316
-942
-665
-389
-25
354
640
809
920
1012
1077
1132
1228
1358
1456
1494
1500
1468
1380
1278
1199
1091
925
790
761
761
714
689
720
725
674
672
764
862
919
991
1069
1062
1003
1021
1117
1165
1113
1016
905
768
593
384
192
84
32
-108
-356
-534
-545
-560
-700
-826
-832
-846
-989
-1129
-1145
-1152
-1312
-1691
-2280
-2913
-3187
-2868
-2329
-2104
-2093
-1838
-1422
-1336
-1487
-1213
-399
293
537
831
1572
2371
2732
2812
2978
3105
2886
2502
2411
2637
2788
2672
2438
2193
1849
1394
961
636
371
97
-182
-391
-462
-440
-481
-670
-921
-1110
-1251
-1367
-1356
-1182
-1054
-1192
-1440
-1451
-1175
-901
-810
-782
-698
-638
-647
-577
-315
1
170
181
162
167
145
93
70
62
-9
-149
-235
-179
-62
-37
-133
-250
-317
-352
-356
-272
-100
51
111
131
185
254
281
272
261
235
170
107
97
120
102
25
-75
-171
-259
-311
-294
-229
-179
-152
-110
-39
32
84
139
203
233
207
168
174
228
290
332
354
340
297
253
231
219
192
166
173
201
217
200
161
82
-112
-457
-861
-1143
-1222
-1192
-1178
-1199
-1213
-1214
-1219
-1201
-1131
-1025
-913
-789
-625
-404
-140
148
437
721
987
1185
1264
1254
1261
1349
1477
1578
1641
1691
1728
1746
1765
1794
1793
1717
1571
1408
1277
1191
1120
1026
909
781
634
464
305
179
49
-129
-327
-483
-592
-688
-765
-789
-778
-797
-866
-945
-1015
-1091
-1177
-1259
-1330
-1395
-1445
-1462
-1444
-1406
-1383
-1429
-1564
-1727
-1823
-1828
-1820
-1844
-1851
-1763
-1584
-1381
-1177
-975
-811
-721
-651
-508
-281
-57
116
284
495
726
912
1054
1162
1219
1212
1183
1199
1273
1360
1434
1518
1616
1703
1760
1791
1792
1732
1613
1485
1388
1314
1237
1165
1102
1035
935
802
666
539
426
321
221
130
58
-3
-73
-145
-193
-215
-255
-350
-465
-543
-596
-657
-744
-835
-911
-960
-973
-956
-923
-897
-871
-842
-827
-864
-960
-1094
-1230
-1320
-1345
-1325
-1301
-1284
-1278
-1289
-1317
-1327
-1292
-1240
-1207
-1163
-1048
-846
-591
-312
-17
265
495
674
834
994
1134
1244
1340
1442
1533
1590
1628
1682
1739
1749
1688
1594
1500
1407
1325
1280
1264
1236
1181
1126
1073
1004
916
818
697
532
350
194
88
15
-42
-94
-157
-241
-333
-416
-483
-552
-639
-746
-860
-954
-1014
-1031
-1023
-1038
-1124
-1258
-1367
-1393
-1352
-1314
-1328
-1356
-1343
-1294
-1259
-1246
-1210
-1134
-1049
-962
-848
-702
-566
-445
-314
-192
-119
-72
12
133
241
328
415
501
586
681
750
758
761
831
912
931
950
1035
1107
1101
1080
1091
1058
966
928
966
955
849
770
781
784
719
664
665
641
547
444
364
278
208
182
144
80
25
-18
-70
-108
-132
-195
-282
-336
-369
-423
-459
-448
-449
-489
-527
-535
-529
-512
-492
-496
-549
-615
-652
-712
-897
-1203
-1444
-1480
-1359
-1240
-1204
-1234
-1281
-1296
-1244
-1134
-1032
-1003
-1041
-1033
-850
-503
-128
185
438
638
781
895
1032
1198
1341
1435
1499
1571
1664
1762
1850
1901
1889
1805
1657
1454
1259
1146
1107
1069
983
861
705
518
351
228
99
-101
-348
-552
-651
-672
-670
-650
-622
-642
-751
-896
-999
-1030
-1010
-986
-970
-944
-907
-872
-808
-683
-569
-601
-800
-999
-1038
-911
-709
-496
-308
-187
-140
-84
50
210
277
228
161
173
275
415
545
627
633
569
480
417
383
359
336
318
302
277
260
269
308
357
367
300
183
83
33
50
135
218
218
151
105
120
164
193
191
151
93
72
119
173
185
178
201
236
225
175
128
106
87
56
12
-33
-75
-88
-50
29
95
91
-6
-153
-276
-360
-428
-517
-650
-896
-1322
-1857
-2255
-2322
-2125
-1911
-1832
-1840
-1856
-1830
-1706
-1414
-1040
-791
-734
-663
-343
227
873
1458
1943
2281
2452
2523
2618
2804
3010
3147
3177
3140
3086
3030
2956
2847
2678
2397
1947
1356
772
349
102
-83
-304
-575
-896
-1262
-1616
-1861
-1992
-2112
-2303
-2507
-2594
-2518
-2319
-2058
-1791
-1565
-1416
-1366
-1443
-1632
-1822
-1857
-1670
-1350
-1026
-765
-551
-332
-69
214
438
530
493
433
478
694
1013
1293
1433
1450
1417
1361
1289
1212
1137
1051
958
895
900
940
970
982
967
876
683
444
251
132
59
8
-16
-28
-57
-105
-133
-137
-168
-258
-385
-491
-538
-506
-386
-219
-110
-134
-225
-250
-184
-128
-170
-271
-308
-218
-57
63
75
36
49
138
220
180
0
-194
-234
-55
223
421
456
304
-150
-1059
-2310
-3417
-3922
-3842
-3572
-3404
-3301
-3141
-2919
-2666
-2362
-2057
-1904
-1911
-1816
-1326
-427
688
1878
3077
4116
4763
4967
4958
5004
5179
5361
5420
5353
5245
5165
5103
4998
4772
4309
3504
2403
1248
278
-468
-1076
-1562
-1909
-2215
-2640
-3165
-3596
-3841
-4035
-4318
-4634
-4821
-4793
-4537
-4015
-3253
-2418
-1727
-1247
-890
-542
-166
166
276
37
-396
-622
-388
151
630
859
924
923
853
691
502
364
281
217
166
161
222
377
638
933
1077
929
592
344
357
535
703
829
982
1156
1284
1348
1393
1413
1330
1122
844
578
374
284
329
430
444
293
41
-199
-379
-514
-617
-711
-801
-869
-846
-677
-420
-215
-177
-255
-321
-281
-179
-84
-4
89
164
170
151
196
315
409
451
519
606
422
-404
-1868
-3411
-4349
-4577
-4569
-4725
-4852
-4610
-4110
-3776
-3668
-3429
-2925
-2464
-2262
-2061
-1493
-498
765
2208
3706
4955
5715
6129
6518
6947
7209
7194
7059
6941
6777
6443
6003
5644
5388
4993
4175
2957
1663
570
-349
-1243
-2094
-2785
-3339
-3874
-4357
-4621
-4667
-4741
-4999
-5345
-5590
-5692
-5602
-5157
-4278
-3161
-2096
-1172
-321
423
909
1140
1286
1450
1530
1464
1409
1592
2012
2419
2602
2540
2307
1907
1243
255
-931
-2001
-2691
-3117
-3659
-4439
-5058
-5073
-4580
-4051
-3689
-3219
-2433
-1513
-755
-139
580
1471
2315
2895
3239
3526
3868
4237
4533
4661
4586
4406
4267
4178
4004
3669
3282
2955
2602
2052
1350
738
361
59
-365
-887
-1316
-1531
-1640
-1758
-1905
-1968
-1942
-1901
-1885
-1872
-1758
-1459
-967
-471
-122
134
418
724
933
1067
1205
1375
1500
1486
1446
1516
1739
1460
-92
-2845
-5384
-6402
-6508
-7161
-8597
-9209
-8435
-7651
-8067
-8521
-7202
-4759
-3278
-3423
-3385
-2023
-52
1294
2258
3761
5579
6909
7459
8087
9172
10482
11412
11716
11522
10994
10259
9206
8209
7435
6608
5155
3409
2083
1151
133
-1055
-1816
-2290
-3180
-4857
-6460
-7065
-7030
-7319
-8008
-8150
-7591
-7060
-6900
-6313
-4780
-2988
-1840
-1342
-704
281
1230
1826
2341
3015
3566
3638
3371
3308
3584
3853
3709
3283
2804
2244
1398
444
-181
-549
-1118
-2119
-3096
-3890
-4762
-5854
-6556
-6509
-6277
-6484
-6886
-6555
-5522
-4404
-3587
-2559
-1066
356
1251
1894
2968
4261
5181
5462
5630
5945
6149
6047
5845
5853
5738
5283
4587
4050
3661
3214
2741
2345
1965
1319
547
-58
-375
-721
-1234
-1661
-1839
-1918
-2144
-2280
-2086
-1704
-1560
-1656
-1592
-1208
-769
-508
-246
194
620
744
678
758
1100
1403
1438
1299
1231
1204
1010
733
655
659
-177
-2296
-4885
-6377
-6713
-7345
-8908
-10198
-9882
-9131
-9447
-10091
-8809
-5692
-3473
-3365
-3384
-1608
749
1676
1674
2928
5366
6925
6780
6653
8174
10339
11458
11353
11293
11778
11828
10778
9325
8517
8155
7050
4843
2624
1264
425
-753
-2133
-2968
-3469
-4323
-5614
-6464
-6516
-6468
-6771
-7107
-7144
-7144
-7249
-6924
-5810
-4458
-3456
-2623
-1472
-162
816
1613
2650
3804
4376
4158
3789
3787
3958
3760
3226
2794
2592
2168
1247
349
28
-15
-673
-2040
-3296
-3955
-4535
-5563
-6528
-6787
-6573
-6704
-7112
-6908
-5747
-4287
-3242
-2336
-1125
256
1282
1980
2893
4105
5094
5459
5498
5584
5701
5627
5440
5339
5269
5042
4606
4170
3788
3364
2847
2277
1673
992
309
-223
-609
-1017
-1487
-1889
-2105
-2232
-2334
-2234
-1896
-1525
-1378
-1361
-1137
-748
-391
-158
123
545
869
1037
1154
1361
1588
1686
1710
1690
1666
1547
1386
1243
1212
963
-200
-2320
-4529
-5601
-6196
-7559
-9588
-10654
-10180
-10129
-11114
-11312
-8959
-5870
-4814
-5010
-3723
-792
1030
1019
1563
4104
6387
6441
5692
6647
9023
10344
10266
10412
11624
12533
11938
10736
10284
10394
9674
7631
5268
3669
2473
864
-1143
-2609
-3232
-3967
-5321
-6619
-6915
-6593
-6642
-7116
-7350
-7193
-7147
-7238
-6961
-6166
-5283
-4487
-3595
-2598
-1580
-396
1162
2654
3537
4013
4566
5135
5164
4782
4619
4667
4245
3098
1952
1407
1105
480
-457
-1218
-1763
-2483
-3511
-4507
-5016
-5279
-5728
-6496
-7079
-7092
-6779
-6384
-5841
-4787
-3421
-2169
-1146
18
1546
3072
4149
4784
5357
5925
6202
6050
5860
5886
5879
5453
4762
4306
4176
3984
3511
3013
2686
2355
1697
894
295
-95
-577
-1322
-1996
-2387
-2599
-2804
-2932
-2771
-2446
-2144
-1912
-1584
-1081
-553
-115
156
441
751
1077
1259
1332
1466
1615
1727
1642
1566
1505
1514
1422
1285
1148
981
513
-779
-2574
-4273
-5222
-6205
-7831
-9558
-10390
-10363
-10823
-11450
-10878
-8689
-6631
-5828
-4957
-2777
-238
1047
1735
3322
5532
6578
6427
6702
8020
9271
9579
9816
10560
11280
11292
10926
10808
10723
10233
9243
7905
6241
4435
2744
1167
-591
-2403
-3818
-4881
-5988
-7160
-7727
-7560
-7301
-7464
-7646
-7305
-6675
-6259
-6057
-5540
-4670
-3848
-3380
-2930
-2020
-722
501
1314
2075
3046
4022
4517
4641
4926
5279
5180
4354
3435
2812
2213
1227
25
-870
-1532
-2284
-3333
-4243
-4730
-4920
-5219
-5719
-5970
-5853
-5539
-5408
-5170
-4483
-3511
-2678
-2075
-1178
109
1413
2361
3181
4152
5062
5569
5724
5945
6194
6169
5712
5180
4827
4459
3921
3286
2851
2499
2034
1430
888
540
207
-239
-763
-1215
-1576
-1932
-2282
-2519
-2569
-2511
-2419
-2270
-1981
-1526
-1000
-466
17
531
1047
1498
1784
1969
2181
2338
2287
2055
1825
1645
1374
1034
771
618
437
121
-366
-1320
-2680
-4123
-5106
-6095
-7547
-9103
-10035
-10308
-10896
-11405
-10913
-9227
-7669
-6838
-5620
-3429
-1107
352
1693
3708
5739
6702
6992
7713
8769
9388
9523
9884
10388
10489
10279
10253
10379
10149
9652
9161
8390
6970
5328
4033
2791
1001
-1023
-2560
-3791
-5285
-6840
-7625
-7719
-7886
-8305
-8357
-7799
-7169
-6729
-6196
-5303
-4394
-3751
-3244
-2614
-1820
-978
-158
542
1159
1788
2499
3085
3486
3878
4324
4579
4366
3936
3577
3194
2431
1348
327
-542
-1526
-2730
-3754
-4401
-4880
-5474
-6000
-6110
-5911
-5639
-5335
-4745
-3891
-3064
-2346
-1564
-559
469
1318
2035
2730
3388
3878
4258
4615
4960
5182
5211
5138
5017
4868
4621
4279
3883
3461
2988
2408
1786
1207
721
244
-281
-799
-1244
-1595
-1884
-2079
-2147
-2108
-2043
-1982
-1877
-1641
-1275
-900
-570
-226
220
652
976
1237
1584
1917
2047
2028
2003
2053
1954
1762
1593
1455
1221
820
335
-582
-1952
-3453
-4519
-5495
-6988
-8634
-9716
-10115
-10770
-11475
-11233
-9904
-8563
-7831
-6665
-4597
-2450
-953
518
2572
4455
5501
6167
7201
8243
8816
9265
9887
10322
10250
10252
10581
10687
10306
9971
9854
9167
7670
6255
5398
4259
2289
286
-1062
-2397
-4295
-6008
-6765
-7122
-7862
-8570
-8566
-8183
-8034
-7786
-6960
-5978
-5377
-4861
-3985
-3126
-2584
-1928
-867
37
400
855
1797
2685
3021
3354
4098
4643
4495
4136
4172
4087
3365
2394
1737
1065
-163
-1529
-2488
-3185
-4137
-5080
-5558
-5716
-5906
-6004
-5614
-4991
-4429
-3834
-2945
-1962
-1155
-318
660
1556
2096
2571
3180
3695
3946
4141
4506
4714
4594
4430
4512
4587
4330
3955
3731
3509
2986
2344
1875
1463
866
162
-392
-863
-1381
-1829
-2050
-2154
-2279
-2297
-2148
-1976
-1835
-1532
-1019
-577
-274
112
653
1080
1290
1580
1992
2237
2190
2140
2262
2282
2071
1865
1794
1697
1360
898
130
-1135
-2684
-4012
-5033
-6493
-8299
-9761
-10495
-11185
-12139
-12286
-11200
-9757
-8933
-7991
-5975
-3583
-1839
-363
1772
4070
5416
6070
7065
8293
8984
9261
9823
10432
10444
10252
10530
10935
10779
10399
10373
10127
8936
7422
6482
5588
3810
1602
-13
-1365
-3313
-5405
-6586
-7094
-7931
-8946
-9236
-8895
-8708
-8569
-7829
-6714
-5998
-5509
-4644
-3600
-2959
-2436
-1418
-386
52
283
1117
2185
2674
2953
3650
4491
4624
4359
4442
4558
4086
3119
2384
1647
403
-1012
-2089
-2883
-3937
-4925
-5448
-5727
-6025
-6123
-5623
-4969
-4482
-3867
-2858
-1793
-1086
-380
595
1471
1887
2185
2779
3373
3589
3687
4033
4399
4420
4313
4439
4609
4469
4149
3933
3689
3176
2550
2066
1591
904
156
-433
-946
-1506
-1955
-2139
-2219
-2326
-2317
-2061
-1728
-1463
-1101
-601
-139
190
550
1055
1421
1633
1848
2139
2312
2219
2233
2315
2362
2198
2062
2102
1920
1412
226
-1202
-2694
-3950
-5213
-7093
-8925
-10319
-11079
-12130
-13171
-12910
-11564
-10250
-9706
-8487
-6091
-3716
-2090
-391
2120
4285
5311
6010
7274
8467
9030
9517
10318
10787
10635
10787
11385
11590
11172
11072
11339
10684
9078
7834
7291
6027
3605
1503
216
-1451
-3970
-5969
-6685
-7357
-8666
-9601
-9501
-9187
-9249
-8887
-7800
-6863
-6418
-5722
-4549
-3720
-3285
-2387
-1097
-417
-313
354
1624
2388
2568
3238
4414
4962
4676
4655
5167
5235
4491
3540
2783
1705
294
-1023
-2142
-3277
-4492
-5390
-6170
-6825
-7072
-6731
-6173
-5881
-5350
-4348
-3220
-2469
-1718
-461
764
1366
1619
2279
3139
3563
3659
4040
4628
4867
4785
4862
5196
5318
5167
4939
4689
4269
3693
3152
2563
1858
1134
476
-241
-1012
-1569
-1813
-2034
-2399
-2573
-2420
-2176
-2099
-1896
-1335
-744
-422
-204
282
879
1208
1348
1601
1978
2162
2077
2092
2242
2372
2294
2259
2331
2148
1488
191
-1284
-2812
-4166
-5649
-7512
-9275
-10648
-11495
-12463
-13083
-12587
-11215
-9921
-9094
-7619
-5358
-3201
-1607
131
2357
4129
5028
5774
6887
7897
8515
9173
9982
10432
10590
11043
11688
11863
11678
11735
11701
10724
9119
7918
6946
5216
2799
833
-671
-2599
-4869
-6408
-7023
-7732
-8704
-9211
-9028
-8818
-8738
-8228
-7354
-6684
-6277
-5639
-4848
-4279
-3708
-2699
-1602
-976
-445
589
1828
2606
3215
4222
5258
5583
5416
5437
5532
5087
4186
3353
2537
1394
23
-1119
-2116
-3134
-4097
-4775
-5352
-5943
-6195
-6042
-5776
-5694
-5328
-4555
-3808
-3317
-2698
-1588
-568
53
639
1593
2576
3133
3604
4333
5057
5358
5427
5631
5855
5775
5485
5244
4951
4462
3830
3267
2713
2047
1405
806
202
-450
-993
-1342
-1726
-2129
-2350
-2342
-2315
-2405
-2308
-1949
-1565
-1284
-976
-442
83
461
798
1216
1647
1899
2035
2131
2245
2243
2213
2168
2114
2030
1780
1373
200
-1526
-3275
-4464
-5558
-7471
-9365
-10536
-11044
-12105
-13208
-12683
-10890
-9437
-8923
-7657
-5181
-3088
-1981
-522
1909
3905
4577
5130
6466
7639
8247
9012
10263
11049
11137
11647
12495
12678
12248
12263
12443
11299
9143
7697
6917
5189
2473
491
-504
-2168
-4626
-6170
-6362
-6700
-7841
-8506
-8236
-8124
-8530
-8493
-7715
-7183
-7130
-6787
-6041
-5508
-5023
-3847
-2354
-1394
-683
575
2033
2838
3321
4328
5417
5549
4999
4783
4931
4396
3141
2194
1715
914
-585
-1762
-2150
-2544
-3361
-4127
-4214
-4133
-4337
-4417
-4121
-3626
-3321
-3057
-2625
-2164
-1606
-937
-266
285
841
1638
2365
2780
3213
3921
4574
4709
4573
4751
5015
4837
4337
4012
3914
3469
2662
2037
1699
1317
633
-1
-374
-745
-1218
-1663
-1860
-1934
-2042
-2093
-2065
-1946
-1769
-1470
-1090
-730
-385
8
360
512
593
788
1124
1227
1151
1189
1357
1441
1251
1272
1507
1675
1573
1269
975
271
-1038
-2713
-4465
-6125
-7828
-9271
-10089
-10584
-10963
-11103
-10457
-9127
-7752
-6173
-4191
-2150
-707
232
1423
2665
3432
3915
4591
5388
5812
6176
7050
8127
8987
9676
10457
11101
11180
10996
10765
10218
9120
7639
6163
4563
2772
1167
-66
-1104
-2201
-3166
-3738
-4218
-4808
-5311
-5480
-5453
-5683
-6035
-6154
-6055
-5974
-5895
-5379
-4443
-3525
-2770
-1896
-793
237
923
1417
1851
2049
1951
1600
1246
920
553
162
-296
-626
-766
-796
-849
-945
-921
-858
-1005
-1329
-1616
-1748
-1921
-2256
-2471
-2469
-2333
-2236
-2009
-1471
-803
-190
349
967
1606
2091
2416
2666
2865
2960
2908
2825
2736
2664
2595
2481
2378
2222
2108
1961
1745
1496
1239
1033
709
326
33
-132
-273
-474
-580
-506
-419
-367
-293
-86
156
226
251
298
414
408
335
334
391
397
294
127
-203
-614
-907
-893
-823
-774
-706
-547
-556
-764
-1105
-1723
-2544
-3392
-3860
-4519
-5349
-5980
-6089
-6129
-6476
-6294
-5386
-4306
-3699
-2992
-1814
-685
-104
418
1290
2145
2682
3051
3715
4360
4927
5446
6022
6574
6952
7295
7502
7547
7446
7284
6943
6314
5470
4698
3968
3158
2295
1571
1057
448
-278
-942
-1378
-1792
-2349
-2870
-3192
-3470
-3858
-4217
-4353
-4310
-4274
-4152
-3888
-3511
-3103
-2719
-2330
-2070
-1831
-1587
-1417
-1365
-1332
-1141
-1014
-1104
-1230
-1135
-948
-932
-975
-825
-586
-574
-726
-761
-635
-637
-805
-876
-788
-723
-763
-700
-461
-219
-67
97
339
584
763
945
1155
1336
1487
1596
1681
1722
1791
1901
1982
2001
1993
2025
2030
1935
1814
1736
1666
1492
1266
1123
1062
967
825
778
826
846
708
557
481
505
521
494
465
407
379
300
268
252
293
272
150
25
-5
87
105
115
126
215
213
190
234
378
463
241
-392
-1611
-3074
-4371
-5212
-5929
-6588
-6866
-6722
-6684
-6998
-6910
-6082
-5128
-4631
-4054
-2988
-1930
-1378
-839
236
1342
1941
2286
2912
3695
4396
5115
6053
6976
7555
7818
7931
7894
7673
7387
7027
6548
5883
5185
4541
3858
3051
2260
1503
559
-597
-1707
-2483
-3074
-3664
-4161
-4358
-4488
-4749
-4937
-4837
-4523
-4286
-4076
-3816
-3446
-3113
-2711
-2432
-2415
-2362
-1922
-1259
-933
-621
60
1047
1477
1467
1706
2199
2251
1725
1445
1607
1745
1395
1129
1247
1291
840
231
-58
-200
-468
-864
-1028
-1034
-1103
-1258
-1335
-1345
-1390
-1430
-1522
-1649
-1873
-2123
-2379
-2606
-2676
-2354
-1602
-773
-28
638
1229
1614
1760
1804
1899
1924
1736
1510
1444
1507
1548
1540
1586
1789
2022
2288
2740
3439
4240
4998
5590
6035
6353
6497
6468
6213
5759
5072
4216
3129
2056
1131
353
-302
-914
-1265
-1535
-1814
-2893
-4767
-6595
-7247
-6919
-6877
-6956
-6549
-5991
-6999
-9125
-10427
-10304
-10343
-10983
-10703
-9076
-7449
-6769
-5847
-4208
-2699
-2204
-2231
-1965
-1528
-984
-221
980
2280
3328
3990
4553
5212
6315
7833
9345
10414
10893
11224
11280
10765
9696
8680
7914
6870
5398
4197
3652
3325
2716
1954
1449
768
-366
-1730
-2708
-3085
-3254
-3338
-3296
-3056
-2875
-2909
-3038
-3032
-2853
-2498
-2147
-1707
-1136
-497
38
231
253
199
183
148
200
524
1070
1572
1756
1620
1437
1235
880
533
389
525
602
475
313
198
50
-329
-771
-1088
-1311
-1496
-1676
-1795
-1837
-1970
-2258
-2623
-2914
-3016
-2979
-2831
-2572
-2285
-2021
-1928
-1882
-1800
-1700
-1541
-1438
-1327
-1213
-1128
-1120
-1167
-1187
-1127
-1038
-864
-621
-239
216
515
691
760
897
1060
1141
1238
1469
1712
1738
1533
1262
963
613
400
460
800
699
162
117
1322
3084
3945
3913
3790
3329
1414
-1305
-2880
-3053
-3487
-4624
-5138
-4515
-3827
-3696
-3134
-1687
-122
939
1855
3029
4114
4889
5444
5858
6097
6203
6393
6713
7010
7290
7469
7208
6136
4418
2714
1365
195
-916
-1790
-2376
-3228
-4636
-5989
-6597
-6527
-6304
-5962
-5253
-4502
-4217
-4282
-4070
-3404
-2755
-2303
-1838
-1314
-921
-728
-411
119
579
822
987
1221
1424
1533
1664
1818
1750
1449
1132
995
858
590
306
-36
-621
-1439
-2098
-2315
-2302
-2276
-2183
-1957
-1793
-1877
-1932
-1685
-1235
-875
-636
-370
-117
-40
-35
75
303
465
531
600
737
877
998
1147
1318
1441
1488
1587
1710
1797
1819
1855
1889
1890
1954
2188
2531
2823
2998
3099
3171
3202
3188
3125
3026
2901
2671
2343
2007
1770
1618
1479
1356
1210
995
765
525
344
127
-183
-1205
-3274
-5221
-5452
-4124
-3560
-4417
-5347
-5685
-6950
-9161
-9751
-7605
-5438
-5458
-6290
-6317
-6311
-7141
-7289
-5516
-3313
-2231
-2027
-1653
-1208
-811
68
1454
2712
3626
4443
5191
5577
5803
6367
7068
7375
7325
7517
8139
8428
7958
7236
6869
6696
6178
5688
5738
5736
4876
3367
2185
1554
972
456
241
-13
-906
-2243
-3181
-3457
-3437
-3227
-2889
-2695
-3024
-3604
-3832
-3689
-3473
-3262
-2978
-2804
-3005
-3256
-3125
-2662
-2209
-1819
-1349
-909
-777
-808
-730
-558
-548
-681
-677
-556
-586
-811
-1042
-1137
-1199
-1172
-915
-507
-204
-121
-137
-143
-131
6
376
814
1106
1171
1136
1098
1032
1074
1276
1562
1698
1548
1286
1110
1078
1096
1116
1173
1242
1160
983
872
877
882
750
609
531
437
326
219
115
-46
-243
-355
-417
-498
-593
-663
-756
-1221
-2486
-3904
-4188
-2927
-1770
-2175
-3288
-3759
-3971
-4856
-5336
-3933
-1948
-1783
-3079
-3681
-3097
-2615
-2333
-1260
175
713
418
363
952
1694
2543
3518
4154
4389
4710
5272
5606
5564
5811
6413
6703
6567
6533
6784
6642
5776
4967
4779
4872
4573
3785
3013
2284
1393
408
-267
-443
-643
-1362
-2406
-3258
-3639
-3845
-4100
-4241
-4239
-4292
-4624
-5015
-5059
-4760
-4421
-4246
-4075
-3728
-3396
-3260
-3172
-2889
-2395
-1917
-1538
-1175
-844
-610
-532
-461
-237
126
488
650
609
550
538
538
533
634
843
939
788
552
446
511
587
665
782
903
923
824
749
805
929
1045
1165
1302
1388
1272
1031
871
945
1106
1122
965
779
712
686
595
476
477
506
404
187
87
100
87
-81
-232
-323
-286
-299
-272
-316
-625
-1706
-3168
-3509
-2182
-816
-1399
-2929
-3545
-3416
-4034
-4576
-3411
-1613
-1774
-3370
-3809
-2766
-2104
-1992
-1186
60
387
234
715
1633
2149
2628
3518
4136
4311
4835
5714
5839
5270
5350
6251
6736
6545
6549
6713
6138
4981
4453
4793
5004
4483
3501
2516
1595
812
257
-141
-549
-1160
-2078
-3150
-3968
-4304
-4435
-4768
-5265
-5606
-5759
-5948
-6188
-6217
-5988
-5782
-5686
-5491
-5018
-4512
-4239
-4056
-3655
-2987
-2318
-1771
-1303
-866
-521
-201
224
783
1348
1697
1772
1679
1703
1925
2180
2295
2300
2265
2120
1856
1677
1723
1830
1746
1499
1298
1173
1014
782
618
589
628
619
555
417
223
98
179
357
436
504
629
672
518
480
796
1214
1404
1439
1521
1551
1464
1465
1674
1912
1957
1898
1790
1424
424
-945
-1452
-591
416
-183
-1780
-2646
-2703
-3361
-4310
-3947
-2697
-2809
-4369
-5124
-4447
-4004
-4347
-4168
-3150
-2573
-2639
-2391
-1728
-1302
-1018
-205
744
1375
2123
3026
3329
2989
3304
4563
5485
5570
5769
6259
6139
5366
5157
5779
6072
5584
4933
4352
3554
2654
2252
2083
1551
736
-42
-793
-1695
-2377
-2660
-2985
-3590
-4044
-4124
-4229
-4634
-4963
-4920
-4776
-4713
-4480
-4054
-3717
-3688
-3646
-3334
-2802
-2207
-1705
-1320
-1099
-910
-601
-177
301
748
1099
1211
1182
1249
1502
1717
1745
1711
1724
1700
1544
1380
1330
1293
1142
895
714
619
481
271
68
-21
-50
-65
-132
-281
-441
-438
-249
-69
8
118
295
382
357
458
766
1109
1308
1434
1633
1836
1959
2004
1861
1138
-256
-1057
-215
1321
1216
-667
-2124
-2216
-2377
-3226
-3180
-1936
-1726
-3414
-4702
-4013
-3021
-3288
-3702
-3066
-2302
-2289
-2248
-1710
-1273
-1227
-708
323
1120
1764
2514
2848
2341
2182
3406
4803
5073
4843
5107
5263
4644
4232
4918
5603
5230
4373
3952
3733
3192
2580
2216
1742
1233
871
495
-283
-1238
-1787
-2102
-2561
-2853
-2755
-2773
-3390
-4169
-4362
-4191
-4091
-3971
-3681
-3506
-3650
-3806
-3526
-3059
-2593
-2189
-1852
-1618
-1391
-1011
-573
-211
217
762
1207
1403
1515
1749
1966
2043
2126
2330
2506
2438
2148
1863
1639
1452
1252
1044
813
458
32
-358
-576
-698
-845
-1074
-1342
-1546
-1596
-1553
-1509
-1504
-1454
-1341
-1212
-1015
-701
-348
-119
23
221
246
-70
-654
-1366
-1555
-773
490
538
-981
-2373
-2364
-1914
-2193
-2413
-1476
-780
-1727
-3002
-2658
-1414
-1154
-1507
-1007
29
488
370
562
1183
1565
1979
2750
3576
4122
4456
4651
4489
4359
5125
6225
6586
6216
6017
6095
5712
5018
5019
5490
5372
4445
3622
3316
2858
2000
1310
927
410
-408
-1190
-1769
-2446
-3208
-3754
-4138
-4566
-5094
-5596
-6027
-6438
-6686
-6710
-6746
-6796
-6726
-6554
-6457
-6400
-6060
-5485
-4970
-4443
-3786
-3109
-2612
-2204
-1585
-820
-86
624
1279
1836
2256
2618
3045
3458
3822
4157
4355
4384
4290
4219
4221
4112
3911
3698
3427
3082
2682
2293
1985
1691
1411
1140
899
641
338
111
-27
-110
-103
-27
61
87
108
230
246
-101
-615
-868
-1223
-2169
-2803
-1935
-646
-1226
-3378
-4470
-3780
-3478
-4404
-4514
-3050
-2462
-3976
-5241
-4274
-2783
-2764
-3147
-2306
-961
-581
-842
-386
649
1323
1726
2461
3488
4233
4618
4790
4713
4791
5540
6517
6866
6550
6367
6393
5950
5210
5132
5705
5742
4719
3637
3240
2896
2013
1114
818
680
29
-933
-1695
-2321
-3090
-3870
-4347
-4527
-4657
-5012
-5700
-6437
-6739
-6639
-6618
-6673
-6375
-5910
-5871
-6107
-5837
-4959
-4160
-3675
-3111
-2349
-1741
-1389
-929
-158
738
1539
2172
2687
3133
3475
3687
3865
4191
4650
4956
4917
4651
4367
4129
3877
3617
3430
3270
2933
2315
1657
1237
971
645
277
-54
-425
-831
-1022
-958
-949
-1143
-1321
-1316
-1263
-1187
-924
-571
-414
-503
-893
-1901
-3192
-3324
-1748
-267
-746
-2345
-3097
-3124
-3808
-4596
-3696
-1657
-1144
-2748
-3999
-3389
-2441
-2559
-2604
-1329
116
186
-458
-222
813
1382
1341
1722
2861
3934
4311
4256
4194
4208
4341
4664
5120
5626
6059
6046
5270
4171
3674
3962
4256
4006
3574
3289
2671
1379
179
-43
302
166
-523
-1037
-1354
-2199
-3497
-4153
-3783
-3435
-3893
-4473
-4447
-4382
-4983
-5679
-5560
-4848
-4376
-4282
-4111
-3741
-3499
-3513
-3417
-2783
-1699
-768
-386
-250
105
563
821
1140
1939
2908
3318
3111
2874
2905
2979
2998
3129
3348
3358
3001
2440
1979
1766
1670
1476
1190
984
831
498
-31
-428
-508
-496
-603
-726
-726
-726
-886
-1135
-1213
-1040
-827
-742
-689
-615
-794
-1485
-2299
-2418
-1715
-1070
-1141
-1507
-1631
-1841
-2556
-3131
-2682
-1620
-1128
-1330
-1383
-1123
-1174
-1523
-1343
-428
443
769
944
1317
1624
1667
1740
2115
2651
3112
3475
3742
3826
3759
3701
3656
3516
3388
3457
3592
3458
3065
2711
2414
1906
1248
856
830
773
416
-51
-397
-724
-1194
-1627
-1736
-1617
-1686
-2073
-2420
-2446
-2368
-2487
-2651
-2589
-2433
-2466
-2585
-2481
-2189
-2001
-2006
-2025
-1921
-1730
-1562
-1437
-1274
-1044
-878
-863
-848
-664
-411
-270
-194
-49
114
177
193
290
466
625
736
820
880
909
912
925
984
1094
1195
1216
1153
1071
1008
970
942
917
879
819
743
651
547
470
445
435
400
377
391
378
298
217
214
252
263
245
222
166
45
-110
-220
-240
-216
-219
-284
-376
-461
-559
-682
-787
-809
-761
-731
-768
-823
-828
-812
-825
-825
-738
-606
-517
-466
-386
-267
-171
-103
-9
144
310
437
518
589
657
700
740
829
947
1020
1017
968
906
846
813
812
813
788
738
658
545
436
370
328
274
216
179
133
37
-84
-165
-194
-214
-259
-306
-340
-394
-511
-644
-694
-643
-584
-570
-568
-563
-620
-731
-782
-718
-611
-544
-509
-480
-470
-484
-488
-444
-367
-293
-223
-152
-106
-119
-154
-126
-19
87
144
174
182
134
55
21
53
90
107
132
163
158
129
120
143
181
230
284
336
386
425
438
434
439
449
458
487
524
508
435
366
326
297
262
240
214
149
49
-69
-188
-276
-314
-319
-335
-385
-460
-549
-645
-731
-768
-741
-689
-645
-614
-593
-585
-589
-561
-457
-308
-181
-100
-29
43
101
158
241
356
477
575
618
614
611
636
656
661
694
757
773
705
625
583
561
530
502
492
484
449
382
303
240
205
183
179
192
193
143
59
6
-13
-22
-39
-44
-52
-106
-204
-282
-302
-298
-327
-381
-423
-444
-477
-533
-576
-577
-560
-549
-541
-539
-559
-585
-591
-587
-585
-563
-510
-482
-510
-559
-582
-589
-605
-593
-527
-438
-388
-381
-370
-330
-283
-224
-130
-6
99
165
219
291
374
452
525
592
658
700
715
712
711
720
718
699
678
665
644
591
509
429
377
353
339
314
278
231
163
73
0
-22
-2
14
14
7
-13
-38
-42
-10
37
73
98
122
140
149
162
178
179
172
165
153
131
110
82
29
-37
-79
-101
-143
-208
-270
-321
-372
-427
-469
-504
-541
-574
-599
-615
-625
-618
-598
-589
-596
-590
-559
-510
-447
-375
-305
-255
-215
-166
-107
-50
11
93
185
251
283
311
348
382
408
436
480
514
520
507
486
453
415
384
376
366
331
270
197
125
60
10
-32
-76
-118
-156
-192
-226
-240
-239
-253
-279
-283
-245
-199
-159
-109
-58
-37
-33
0
59
105
138
184
232
242
222
220
239
242
224
226
246
243
196
140
109
97
91
78
64
40
2
-45
-84
-99
-97
-82
-71
-82
-122
-166
-173
-149
-131
-129
-126
-122
-142
-180
-199
-180
-159
-168
-198
-216
-219
-222
-238
-255
-251
-242
-246
-256
-250
-231
-221
-220
-203
-172
-144
-128
-107
-76
-48
-30
-12
14
42
72
98
120
129
127
135
156
177
186
199
220
222
207
211
244
265
239
201
207
238
252
254
266
282
263
220
209
229
243
235
222
220
209
180
158
148
132
99
66
49
42
30
14
-10
-42
-77
-108
-132
-148
-151
-150
-155
-171
-191
-208
-225
-231
-219
-204
-187
-174
-165
-172
-185
-176
-135
-97
-83
-76
-60
-50
-66
-74
-51
-22
-20
-29
-30
-35
-62
-97
-101
-92
-89
-86
-79
-79
-100
-121
-123
-111
-93
-67
-40
-28
-36
-41
-34
-23
-17
-5
9
17
14
14
21
30
33
33
27
24
34
46
52
59
73
83
79
79
92
108
114
127
149
167
173
174
182
187
175
168
178
191
190
167
141
123
101
73
52
40
33
19
-5
-37
-61
-73
-79
-86
-83
-73
-73
-91
-105
-101
-91
-88
-85
-76
-78
-91
-97
-89
-82
-88
-94
-91
-92
-103
-105
-96
-86
-88
-92
-93
-94
-91
-74
-57
-51
-51
-44
-28
-20
-12
4
28
39
32
34
58
82
89
93
108
121
121
117
126
148
159
152
147
149
151
144
139
145
150
139
118
104
100
92
75
58
49
34
10
-16
-36
-50
-71
-95
-118
-132
-146
-166
-186
-202
-215
-226
-231
-232
-230
-231
-238
-241
-236
-219
-194
-179
-163
-148
-137
-125
-108
-77
-43
-17
1
21
40
57
72
89
107
125
141
151
163
175
183
185
181
184
191
196
193
191
193
189
173
152
141
139
136
124
111
102
88
65
42
35
40
38
22
7
2
-3
-19
-33
-32
-25
-30
-46
-61
-66
-76
-90
-105
-105
-99
-102
-116
-127
-131
-134
-139
-142
-130
-113
-103
-106
-107
-99
-81
-69
-61
-44
-25
-13
-14
-11
1
15
23
29
40
50
54
52
50
58
68
76
80
85
92
88
77
76
84
92
91
87
87
82
67
53
47
52
53
43
27
14
1
-18
-30
-35
-36
-45
-61
-75
-85
-89
-93
-94
-95
-93
-94
-95
-95
-88
-77
-67
-62
-54
-39
-25
-18
-10
-2
5
11
16
24
32
34
32
29
23
21
23
25
27
25
24
20
12
10
14
19
22
21
21
20
18
21
23
33
40
41
39
38
42
45
46
45
49
52
47
38
33
33
26
19
12
13
9
-4
-20
-31
-38
-48
-50
-53
-54
-57
-65
-70
-73
-73
-66
-57
-52
-46
-43
-41
-40
-36
-31
-24
-15
-7
0
3
3
5
10
11
16
23
30
31
29
31
31
31
34
36
41
41
39
38
39
34
30
31
32
31
27
25
22
21
18
13
8
4
-2
-5
-9
-14
-19
-21
-23
-26
-28
-30
-27
-27
-29
-26
-24
-21
-17
-16
-13
-9
-8
-6
-4
-1
1
3
3
3
4
3
3
3
3
3
2
0
-3
-4
-5
-7
-8
-9
-8
-11
-10
-11
-10
-7
-7
-9
-12
-12
-10
-8
-3
1
1
2
1
1
2
5
7
7
7
8
8
7
6
7
6
3
-2
-1
-2
-2
0
-1
0
-1
-4
-5
-3
-1
1
2
3
3
4
5
8
10
14
17
18
20
21
22
25
26
30
32
34
33
33
32
33
33
35
38
39
38
34
29
25
22
18
11
4
-2
-10
-20
-29
-39
-51
-59
-66
-74
-82
-87
-93
-94
-95
-96
-97
-93
-85
-80
-71
-62
-53
-43
-33
-23
-12
1
11
21
29
35
43
47
53
58
63
61
63
62
60
58
57
55
52
48
45
42
39
36
31
29
24
22
20
20
18
15
17
15
13
10
9
10
9
10
9
7
4
0
-5
-10
-14
-18
-24
-27
-31
-32
-37
-39
-41
-43
-42
-43
-43
-41
-41
-40
-39
-38
-36
-34
-31
-28
-26
-24
-21
-20
-17
-13
-13
-11
-7
-5
-2
0
6
9
13
16
19
23
24
26
28
30
33
32
34
33
33
34
33
31
27
25
24
21
15
12
9
5
2
0
-2
-4
-7
-11
-11
-11
-12
-12
-14
-11
-11
-11
-8
-6
-4
-2
-1
-1
4
3
3
2
2
3
1
0
1
1
-2
-2
-5
-5
-5
-5
-8
-9
-8
-12
-15
-14
-14
-13
-15
-15
-12
-10
-8
-7
-6
-3
-1
1
3
5
7
6
7
7
7
7
7
8
10
10
8
6
8
8
9
9
8
8
7
3
4
6
6
6
4
4
3
4
2
1
2
2
3
2
1
2
2
3
1
-1
-1
-4
-5
-6
-7
-8
-8
-9
-10
-10
-11
-10
-10
-9
-7
-6
-7
-6
-5
-5
-6
-6
-2
-1
-2
-1
0
1
2
1
3
4
4
4
3
3
4
3
1
0
-1
0
-2
-2
-2
-2
-3
-4
-5
-6
-5
-5
-4
-2
0
-2
-1
2
2
2
3
3
2
3
3
3
3
4
3
4
2
3
4
6
7
5
5
5
4
5
4
4
4
4
3
4
5
6
5
5
3
4
1
0
-1
-4
-5
-5
-7
-8
-7
-6
-8
-8
-7
-7
-7
-7
-6
-5
-3
-3
-2
-2
-1
0
1
1
1
3
3
3
4
3
4
4
5
4
5
5
5
3
2
1
2
3
1
1
0
-1
-2
-2
0
-1
0
0
1
0
1
2
2
4
3
3
3
1
1
-1
-1
-2
-1
-1
-3
-5
-6
-6
-7
-7
-8
-7
-8
-9
-9
-11
-9
-9
-9
-8
-7
-7
-7
-8
-7
-5
-6
-7
-7
-7
-6
-6
-7
-5
-3
-2
-2
2
4
5
6
7
9
9
10
11
13
16
17
18
20
20
22
20
20
17
17
16
14
14
13
10
7
4
2
1
1
-2
-2
-4
-7
-9
-10
-10
-13
-13
-12
-13
-14
-15
-13
-11
-12
-12
-10
-9
-8
-7
-6
-6
-4
-4
-1
0
1
1
1
4
4
5
6
7
6
6
6
7
7
8
7
9
9
8
8
7
6
6
4
3
2
-1
-4
-5
-6
-6
-8
-9
-10
-11
-10
-10
-9
-9
-10
-9
-8
-8
-5
-6
-5
-4
-2
0
1
2
