-5
-6
-8
-8
-7
-8
-8
-8
-8
-7
-5
-4
-4
-4
-3
-2
-2
-1
0
1
2
2
1
3
4
4
4
4
6
8
9
8
9
9
8
6
6
7
6
6
5
4
2
2
1
2
4
4
6
5
6
5
3
3
3
1
1
0
1
1
0
-1
0
1
2
2
1
1
2
1
-2
-2
-2
-4
-5
-5
-4
-3
-3
-5
-5
-6
-7
-8
-8
-6
-5
-6
-7
-8
-8
-10
-8
-9
-8
-7
-5
-4
-2
-1
1
2
2
4
7
7
6
6
4
4
2
-1
-1
0
1
1
3
3
4
3
0
0
0
2
2
5
6
6
5
2
4
4
3
3
2
2
3
2
0
-1
2
3
5
3
2
3
3
2
3
4
4
5
2
2
2
0
-2
-5
-4
-3
-3
-5
-6
-5
-4
-6
-7
-6
-5
-6
-6
-3
-2
-1
0
-1
-2
-2
-3
-2
-1
1
2
1
1
2
-1
-1
0
1
1
-1
-1
-1
0
-1
-2
-2
0
-2
-2
-1
0
2
1
0
0
2
1
1
3
6
8
7
7
6
5
4
3
3
4
5
3
3
2
0
-2
-3
-4
-3
-2
-1
-1
-3
-4
-5
-4
-3
-3
-3
-1
2
-1
1
2
4
5
4
4
5
5
4
2
2
2
-1
-4
-5
-3
-3
-4
-3
-3
-2
-2
-4
-4
-2
-1
-2
-2
-2
-3
-6
-7
-7
-8
-9
-6
-6
-5
-5
-4
-4
-2
-3
-1
1
1
2
3
1
2
1
0
1
1
2
2
6
6
9
8
9
10
11
11
11
13
11
11
9
9
7
5
5
6
4
2
2
1
2
1
0
0
-2
-3
-3
-4
-6
-6
-6
-6
-5
-4
-5
-2
-2
-3
-4
-5
-5
-3
-3
-3
-3
-2
-3
-3
-4
-4
-6
-6
-5
-5
-5
-6
-7
-7
-6
-5
-5
-4
-1
0
0
-2
-2
0
1
-2
0
0
-2
-2
-2
-2
-1
-3
-3
-2
0
0
3
4
4
4
5
3
4
4
5
4
4
2
1
2
1
2
2
2
3
3
5
7
9
7
10
11
12
12
12
13
12
13
13
12
13
14
14
15
14
11
10
8
8
7
7
4
1
0
-1
-6
-9
-11
-12
-15
-18
-21
-22
-19
-20
-21
-19
-16
-17
-19
-21
-21
-18
-16
-19
-20
-16
-15
-15
-15
-14
-14
-17
-19
-20
-20
-21
-18
-16
-12
-9
-8
-5
-4
-6
-10
-11
-9
-8
-11
-8
0
8
11
12
15
15
10
3
4
16
28
31
33
34
30
20
12
16
23
31
34
38
40
39
37
35
37
36
34
36
39
43
44
41
34
27
17
10
8
11
15
16
16
19
20
10
3
0
-2
-4
-5
-3
1
0
-7
-16
-21
-26
-26
-25
-21
-19
-18
-17
-20
-26
-32
-33
-37
-43
-48
-42
-32
-29
-35
-42
-41
-47
-61
-66
-55
-41
-44
-65
-75
-63
-60
-65
-67
-55
-34
-41
-58
-62
-55
-43
-43
-40
-23
-14
-15
-18
-7
8
15
15
16
17
20
28
50
67
69
62
65
74
79
86
105
122
127
125
123
138
144
135
134
139
147
150
148
171
195
189
164
142
149
165
158
144
136
133
133
125
123
126
122
112
96
78
70
72
81
81
58
37
40
56
57
40
27
24
6
-29
-53
-39
-21
-41
-99
-139
-134
-129
-148
-166
-159
-164
-217
-290
-327
-328
-347
-384
-389
-356
-339
-367
-398
-407
-429
-496
-553
-540
-483
-448
-433
-398
-359
-369
-422
-439
-404
-373
-368
-339
-264
-199
-192
-196
-161
-119
-117
-124
-82
1
64
104
156
221
256
248
243
278
331
371
413
482
551
587
588
587
592
586
570
573
606
643
666
672
675
669
646
608
578
558
553
554
569
590
602
595
567
524
472
424
388
363
347
340
332
310
264
196
121
47
-29
-95
-136
-166
-214
-292
-379
-453
-519
-582
-634
-672
-706
-761
-840
-927
-986
-1007
-1006
-1008
-1016
-1010
-986
-977
-1002
-1029
-1009
-949
-907
-888
-834
-723
-629
-609
-619
-585
-520
-498
-512
-478
-377
-294
-278
-278
-240
-202
-217
-256
-246
-185
-124
-79
-24
53
115
151
185
242
317
404
510
629
742
840
936
1030
1111
1176
1254
1359
1468
1550
1613
1680
1737
1759
1741
1717
1704
1686
1639
1576
1517
1460
1376
1261
1130
1005
876
728
568
419
301
197
94
-16
-113
-205
-325
-469
-605
-687
-732
-791
-875
-947
-987
-1031
-1106
-1186
-1230
-1239
-1262
-1314
-1361
-1382
-1408
-1471
-1556
-1599
-1579
-1541
-1513
-1469
-1398
-1346
-1368
-1438
-1467
-1401
-1274
-1141
-988
-792
-602
-482
-443
-413
-346
-265
-204
-139
-44
38
61
23
-70
-247
-539
-853
-1059
-1115
-1073
-955
-751
-525
-403
-392
-356
-182
89
404
815
1349
1915
2377
2735
3064
3351
3505
3531
3545
3609
3673
3677
3638
3565
3398
3095
2712
2333
1978
1624
1287
1015
800
584
333
72
-170
-417
-685
-940
-1125
-1222
-1258
-1262
-1241
-1214
-1205
-1219
-1225
-1189
-1124
-1062
-994
-900
-789
-705
-671
-680
-733
-841
-1003
-1164
-1278
-1356
-1435
-1532
-1630
-1731
-1853
-1992
-2099
-2135
-2106
-2036
-1927
-1758
-1535
-1306
-1116
-975
-866
-760
-643
-501
-313
-86
139
300
392
456
529
595
625
627
635
663
689
689
638
419
-144
-995
-1708
-1850
-1486
-1115
-1027
-1018
-846
-678
-753
-888
-660
-25
620
1052
1514
2266
3150
3804
4129
4279
4350
4303
4186
4189
4409
4698
4794
4589
4170
3657
3095
2490
1902
1408
971
487
-24
-433
-689
-955
-1392
-1974
-2576
-3166
-3721
-4060
-3986
-3577
-3180
-3028
-3027
-2991
-2910
-2853
-2758
-2476
-2014
-1550
-1180
-804
-324
145
389
365
222
104
43
51
186
424
588
538
307
46
-177
-392
-594
-713
-726
-689
-638
-526
-315
-93
-3
-69
-170
-188
-99
66
301
575
815
952
1020
1079
1150
1198
1219
1239
1266
1286
1313
1386
1482
1508
1396
1192
962
706
407
155
81
180
285
245
79
-115
-261
-401
-759
-1689
-3244
-4749
-5206
-4404
-3298
-2908
-3153
-3271
-3109
-3216
-3704
-3847
-3116
-1971
-1149
-614
206
1485
2776
3645
4060
4157
4024
3856
4003
4667
5610
6345
6568
6343
5896
5330
4630
3866
3256
2882
2496
1850
1126
746
719
513
-272
-1423
-2477
-3300
-3953
-4310
-4170
-3716
-3432
-3529
-3753
-3798
-3680
-3553
-3400
-3130
-2814
-2595
-2398
-1942
-1136
-305
126
66
-201
-379
-385
-248
40
429
750
857
781
678
633
567
373
42
-331
-638
-800
-746
-451
-37
227
155
-157
-438
-527
-445
-244
64
418
693
859
1040
1307
1542
1582
1429
1241
1135
1136
1255
1493
1764
1901
1810
1558
1305
1144
1048
966
881
798
703
597
541
579
660
645
454
143
-127
-247
-202
-56
114
227
201
37
-147
-206
-150
-123
-210
-351
-431
-404
-363
-616
-1606
-3399
-5214
-5921
-5248
-4190
-3851
-4215
-4483
-4348
-4255
-4466
-4575
-4176
-3488
-2899
-2327
-1397
-46
1396
2654
3620
4150
4125
3784
3731
4408
5618
6705
7174
7089
6870
6745
6519
5966
5200
4489
3836
3047
2208
1698
1620
1554
1031
68
-1059
-2219
-3341
-4150
-4349
-4109
-3982
-4210
-4493
-4451
-4110
-3789
-3659
-3675
-3736
-3741
-3516
-2872
-1817
-681
164
565
650
638
664
794
1065
1420
1723
1853
1853
1858
1879
1783
1459
963
458
44
-239
-354
-283
-126
-87
-285
-629
-950
-1176
-1325
-1395
-1334
-1175
-1012
-874
-670
-357
-59
76
52
4
38
166
391
727
1129
1457
1620
1648
1637
1609
1523
1381
1238
1147
1090
1037
999
1003
1016
962
817
625
438
280
177
161
195
189
119
63
105
202
250
218
190
215
259
299
290
-102
-1455
-3790
-5959
-6458
-5150
-3579
-3256
-4017
-4647
-4616
-4442
-4524
-4558
-4254
-3850
-3540
-2938
-1624
181
1856
3114
4036
4591
4558
4075
3854
4561
6071
7470
7978
7681
7312
7305
7357
6990
6162
5135
3990
2731
1686
1308
1491
1507
836
-325
-1521
-2691
-3950
-5028
-5445
-5243
-5064
-5345
-5757
-5700
-5081
-4356
-3926
-3802
-3824
-3896
-3912
-3581
-2675
-1372
-205
434
660
842
1130
1407
1611
1804
1986
1998
1831
1748
1979
2388
2586
2361
1776
970
44
-772
-1145
-960
-556
-403
-621
-941
-1098
-1106
-1094
-1118
-1183
-1339
-1537
-1530
-1090
-318
400
786
870
831
764
718
792
1066
1444
1720
1811
1840
1953
2121
2216
2141
1910
1561
1139
768
613
712
884
890
690
430
229
74
-75
-184
-258
-374
-531
-579
-379
-31
224
247
119
5
-27
6
77
186
322
439
502
445
-134
-1741
-4281
-6554
-7128
-5976
-4582
-4347
-5041
-5501
-5211
-4725
-4544
-4532
-4425
-4293
-4159
-3541
-2075
-26
1890
3395
4627
5570
5906
5570
5205
5570
6743
7941
8425
8211
8000
8197
8506
8380
7605
6382
4830
3109
1634
898
838
778
201
-737
-1638
-2531
-3661
-4923
-5806
-6135
-6284
-6625
-6966
-6777
-5916
-4780
-3872
-3367
-3183
-3226
-3369
-3286
-2648
-1502
-335
435
890
1375
2006
2545
2776
2737
2514
2101
1551
1125
1095
1403
1707
1722
1402
821
36
-795
-1420
-1722
-1874
-2113
-2407
-2491
-2221
-1743
-1310
-1045
-943
-997
-1159
-1243
-1012
-434
259
841
1299
1717
2071
2271
2336
2386
2441
2377
2146
1915
1885
2057
2253
2318
2226
1988
1605
1149
759
537
411
249
29
-149
-206
-187
-166
-150
-134
-182
-331
-487
-471
-228
124
414
568
608
618
678
823
993
1096
1101
1040
1001
979
770
-192
-2371
-5372
-7752
-8233
-7137
-6081
-6170
-6848
-7046
-6588
-6187
-6156
-6135
-5860
-5510
-5166
-4373
-2812
-648
1610
3775
5710
7045
7413
7031
6820
7430
8700
9686
9844
9451
9296
9649
9982
9730
8775
7461
5820
3895
1971
623
-36
-482
-1112
-1927
-2728
-3720
-4966
-6142
-6693
-6763
-6993
-7678
-8319
-8159
-7144
-5725
-4474
-3496
-2761
-2210
-1819
-1416
-732
199
1074
1502
1630
1845
2419
3152
3731
4042
4006
3555
2648
1667
982
718
541
143
-517
-1308
-2009
-2477
-2527
-2336
-2248
-2633
-3309
-3799
-3748
-3245
-2621
-2001
-1443
-923
-554
-209
251
886
1495
1868
2020
2063
2172
2368
2739
3206
3610
3672
3341
2845
2465
2285
2111
1834
1454
1094
754
464
276
237
233
68
-291
-718
-1028
-1175
-1143
-951
-660
-420
-324
-280
-97
305
785
1115
1169
1039
895
882
1006
1238
1490
1680
1725
1639
1528
1450
1365
1072
256
-1514
-4237
-7113
-8832
-8849
-7995
-7563
-7873
-8140
-7804
-7175
-6850
-6721
-6344
-5682
-5128
-4723
-3919
-2224
296
3107
5707
7676
8809
9172
9255
9586
10251
10810
10772
10222
9696
9637
9821
9758
9214
8355
7203
5465
3095
643
-1133
-2158
-2933
-3903
-4958
-5843
-6481
-6911
-7090
-7065
-7150
-7625
-8306
-8631
-8231
-7188
-5817
-4280
-2668
-1159
-31
709
1346
2186
3124
3739
3751
3313
2925
2929
3369
3924
4257
4063
3323
2274
1222
320
-546
-1431
-2328
-3127
-3894
-4603
-5080
-5096
-4671
-4174
-3914
-3952
-4008
-3846
-3332
-2538
-1620
-758
-45
628
1400
2350
3289
4037
4472
4653
4631
4459
4266
4179
4267
4324
4172
3740
3218
2757
2370
1946
1396
760
49
-642
-1248
-1630
-1773
-1768
-1728
-1733
-1738
-1747
-1691
-1553
-1291
-980
-726
-518
-291
71
491
967
1426
1861
2151
2249
2237
2150
2079
1945
1871
1792
1734
1618
1497
1409
1143
391
-1323
-3836
-6574
-8513
-9349
-9572
-9913
-10414
-10386
-9666
-8693
-8113
-7592
-6675
-5420
-4516
-4143
-3585
-2143
244
2872
5300
7304
8979
10297
11312
12102
12657
12929
12726
12154
11340
10581
9876
9207
8548
7879
6989
5475
3412
1271
-376
-1691
-3133
-4865
-6481
-7581
-8279
-8770
-9051
-8873
-8378
-7952
-7833
-7768
-7347
-6476
-5327
-4130
-2909
-1671
-449
738
1950
3223
4389
5187
5475
5402
5211
5007
4766
4397
3908
3251
2441
1518
588
-285
-1187
-2145
-3172
-4171
-5163
-6092
-6816
-7127
-6992
-6654
-6293
-5942
-5397
-4638
-3715
-2696
-1570
-354
806
1842
2770
3701
4593
5353
5876
6150
6204
6065
5844
5619
5433
5164
4724
4130
3500
2909
2312
1684
1031
403
-228
-899
-1557
-2051
-2306
-2413
-2475
-2513
-2457
-2316
-2130
-1898
-1568
-1138
-709
-325
34
430
862
1310
1756
2157
2465
2643
2716
2714
2627
2439
2148
1829
1523
1245
975
720
504
256
-180
-1126
-2858
-5295
-7781
-9474
-10215
-10649
-11399
-12127
-12073
-11148
-10072
-9243
-8136
-6275
-4145
-2704
-1984
-1043
806
3163
5168
6606
7891
9370
10825
11933
12723
13480
14208
14482
13959
12796
11514
10375
9232
7866
6295
4615
2816
954
-723
-2011
-3082
-4240
-5519
-6669
-7575
-8355
-8996
-9241
-8977
-8579
-8476
-8552
-8204
-7096
-5556
-4044
-2639
-1105
545
1976
2979
3759
4617
5467
5908
5755
5328
5027
4881
4592
4043
3401
2708
1773
494
-838
-1866
-2661
-3593
-4789
-5976
-6875
-7526
-8079
-8438
-8384
-7939
-7414
-6961
-6326
-5207
-3671
-2087
-686
608
1879
3077
4139
5145
6137
6961
7424
7523
7410
7210
6931
6554
6100
5545
4835
3994
3176
2511
1955
1341
613
-132
-802
-1419
-2004
-2449
-2653
-2688
-2738
-2848
-2850
-2616
-2206
-1788
-1407
-996
-534
-81
344
813
1378
1966
2438
2752
2952
3086
3130
3070
2958
2781
2470
1942
1296
743
419
256
73
-189
-590
-1356
-2944
-5415
-8047
-9767
-10394
-10911
-12091
-13367
-13488
-12480
-11437
-10828
-9596
-6997
-4079
-2360
-1695
-399
2176
4890
6405
7087
8106
9714
11069
11645
12117
13181
14517
14993
14222
12983
12167
11649
10584
8717
6604
4740
2835
568
-1707
-3330
-4308
-5277
-6518
-7690
-8404
-8753
-8908
-8824
-8467
-8111
-7982
-7836
-7268
-6212
-4971
-3699
-2297
-729
770
1997
3127
4436
5849
6854
7100
6800
6434
6104
5513
4566
3576
2819
2007
778
-673
-1752
-2334
-2994
-4125
-5409
-6313
-6922
-7638
-8422
-8801
-8669
-8506
-8548
-8369
-7459
-6017
-4568
-3190
-1542
384
2116
3403
4550
5865
7054
7636
7639
7536
7536
7386
6915
6333
5880
5415
4703
3834
3124
2632
2091
1341
556
-65
-605
-1211
-1794
-2140
-2262
-2398
-2628
-2741
-2566
-2207
-1860
-1504
-997
-389
100
412
769
1280
1757
1950
1955
2040
2231
2350
2321
2323
2393
2347
2014
1539
1178
952
674
229
-228
-545
-727
-928
-1244
-1859
-3134
-5133
-7302
-8755
-9471
-10222
-11414
-12371
-12269
-11533
-10996
-10471
-8841
-5992
-3332
-1925
-1021
730
3236
5260
6237
7087
8503
9966
10590
10562
11008
12222
13310
13300
12449
11742
11460
10901
9516
7699
6095
4592
2526
-52
-2317
-3686
-4550
-5614
-6826
-7667
-7955
-8017
-8070
-7919
-7442
-6909
-6570
-6331
-5885
-5078
-4013
-2786
-1532
-357
731
1832
3074
4350
5439
6162
6521
6555
6254
5591
4729
3893
3110
2138
806
-608
-1738
-2481
-3163
-3894
-4552
-5012
-5425
-5983
-6690
-7365
-7720
-7812
-7652
-7620
-7477
-6981
-5994
-4665
-3330
-1768
-26
1889
3512
4785
5883
6988
7901
8233
8003
7511
7143
6591
5828
4977
4320
3861
3202
2434
1734
1360
1122
700
127
-445
-848
-1189
-1630
-2033
-2192
-2234
-2205
-2206
-2055
-1637
-1119
-588
-150
294
754
1202
1580
1857
2064
2205
2198
2088
1952
1810
1696
1591
1531
1466
1256
982
739
524
250
-135
-388
-606
-780
-1100
-1532
-2258
-3738
-5726
-7721
-8808
-9470
-10378
-11634
-12409
-12068
-11392
-10761
-9848
-7746
-5044
-2914
-1686
-409
1665
3915
5629
6634
7678
8846
9835
10350
10657
11390
12417
13176
13014
12290
11699
11356
10675
9246
7484
5792
4040
1803
-574
-2471
-3679
-4677
-5851
-6959
-7725
-8038
-8067
-7897
-7598
-7258
-6882
-6450
-5998
-5481
-4710
-3581
-2319
-1262
-335
776
2130
3464
4567
5471
6140
6405
6213
5750
5177
4515
3699
2679
1452
62
-1201
-2208
-2981
-3705
-4395
-4897
-5303
-5751
-6449
-7086
-7439
-7434
-7388
-7543
-7585
-7272
-6386
-5240
-3885
-2278
-461
1351
2874
4246
5618
6946
7829
8146
8013
7698
7202
6467
5684
4935
4308
3580
2805
2157
1751
1564
1318
942
474
30
-403
-878
-1370
-1719
-1945
-2150
-2353
-2444
-2186
-1726
-1166
-642
-134
422
909
1343
1700
2008
2252
2310
2170
1920
1682
1562
1450
1275
1060
859
688
458
186
-54
-237
-440
-739
-1142
-1497
-1703
-1711
-1705
-1854
-2242
-3068
-4350
-5935
-7178
-7904
-8581
-9574
-10543
-10731
-10314
-9785
-9011
-7361
-4967
-2903
-1600
-270
1695
3758
5214
6240
7456
8633
9259
9489
9911
10692
11302
11507
11474
11270
10869
10289
9656
8829
7551
5948
4230
2385
361
-1571
-3012
-4084
-5204
-6384
-7251
-7569
-7569
-7476
-7249
-6819
-6270
-5813
-5441
-4977
-4231
-3228
-2226
-1371
-590
367
1489
2560
3458
4243
4942
5335
5290
4933
4513
4016
3294
2295
1114
-75
-1190
-2134
-2979
-3820
-4637
-5321
-5842
-6391
-6952
-7258
-7181
-6998
-6992
-6938
-6400
-5387
-4265
-3186
-1887
-235
1410
2713
3798
5006
6221
6988
7151
7048
6961
6739
6185
5435
4806
4295
3694
2958
2306
1919
1662
1331
866
413
53
-300
-739
-1226
-1614
-1872
-2063
-2240
-2295
-2102
-1669
-1153
-705
-261
264
842
1312
1649
1941
2150
2180
2041
1900
1807
1672
1461
1213
958
654
332
32
-223
-416
-581
-798
-1131
-1440
-1615
-1663
-1652
-1550
-1358
-1316
-1569
-2266
-3412
-4867
-6178
-7054
-7896
-9048
-10181
-10559
-10270
-9899
-9343
-7932
-5698
-3658
-2221
-762
1238
3269
4759
5938
7150
8254
8942
9436
9990
10584
11120
11589
11856
11663
11223
10884
10530
9647
8223
6732
5250
3403
1179
-813
-2268
-3519
-4882
-6130
-6950
-7406
-7639
-7630
-7366
-7010
-6657
-6250
-5789
-5323
-4705
-3789
-2735
-1863
-1110
-155
994
2012
2815
3639
4464
4940
4919
4644
4329
3865
3143
2207
1081
-221
-1595
-2826
-3938
-4942
-5739
-6241
-6619
-7056
-7325
-7210
-6752
-6279
-5771
-5062
-4159
-3212
-2277
-1189
29
1260
2349
3300
4135
4882
5523
5985
6229
6254
6137
5852
5409
4879
4395
3941
3399
2783
2196
1701
1218
709
215
-221
-660
-1119
-1537
-1840
-2005
-2083
-2067
-1952
-1706
-1332
-876
-364
174
725
1220
1618
1951
2254
2486
2571
2527
2455
2336
2081
1736
1423
1168
861
455
52
-318
-665
-1015
-1361
-1629
-1870
-2085
-2239
-2312
-2313
-2298
-2188
-1925
-1631
-1509
-1597
-2163
-3487
-5350
-6781
-7326
-7949
-9099
-9964
-9629
-8836
-8471
-7612
-5376
-2632
-836
312
1889
3619
4677
5403
6360
7181
7406
7486
7917
8199
8325
8938
9935
10329
9855
9600
9790
9444
8206
6699
5247
3396
1236
-542
-2003
-3460
-4618
-5020
-5038
-5248
-5191
-4430
-3558
-3214
-3048
-2516
-2040
-2167
-2492
-2458
-2215
-2182
-2202
-1870
-1294
-731
-213
365
926
1268
1391
1279
885
286
-362
-981
-1705
-2512
-3149
-3528
-3754
-3921
-3898
-3626
-3329
-3103
-2842
-2443
-2008
-1681
-1371
-983
-574
-170
264
803
1383
1915
2416
2863
3226
3455
3559
3539
3354
3037
2664
2247
1798
1382
1077
828
558
315
188
128
55
-40
-92
-132
-201
-299
-400
-426
-374
-265
-138
60
337
664
966
1281
1597
1827
1949
1977
1960
1845
1686
1464
1141
731
331
2
-323
-589
-727
-753
-773
-784
-709
-627
-623
-734
-765
-738
-736
-811
-777
-570
-495
-564
-866
-1555
-3152
-4936
-5955
-6166
-6649
-7446
-7414
-6624
-6126
-6145
-5134
-3055
-1304
-614
127
1372
2172
2330
2728
3766
4508
4758
5087
5702
6176
6567
7265
7867
7899
7560
7387
7113
6342
5453
4854
4251
3074
1717
820
364
-219
-965
-1453
-1715
-2163
-2927
-3484
-3637
-3668
-3885
-4124
-4155
-4089
-3986
-3800
-3407
-2940
-2456
-2012
-1641
-1315
-943
-494
-221
-205
-307
-326
-395
-610
-812
-816
-756
-894
-1143
-1283
-1242
-1212
-1221
-1174
-1052
-961
-939
-859
-667
-390
-118
140
385
663
982
1288
1537
1758
1998
2139
2107
1960
1849
1758
1588
1327
1061
859
675
483
304
203
123
-16
-211
-360
-433
-527
-631
-679
-622
-575
-561
-542
-459
-312
-142
19
141
316
536
754
922
1119
1366
1547
1597
1567
1572
1576
1502
1369
1283
1239
1098
841
627
556
488
287
34
-130
-248
-438
-657
-805
-868
-951
-1080
-1202
-1236
-1171
-1056
-886
-697
-546
-480
-465
-613
-1224
-2172
-2945
-3255
-3580
-4086
-4275
-3867
-3415
-3305
-2935
-1929
-778
-98
455
1243
1968
2277
2399
2703
3004
3112
3080
3113
3194
3348
3665
4055
4360
4529
4669
4662
4342
3754
3127
2451
1465
179
-1030
-1894
-2630
-3414
-4060
-4369
-4596
-5051
-5571
-5821
-5822
-5872
-5958
-5827
-5438
-4972
-4483
-3828
-2965
-2059
-1278
-635
-61
488
993
1423
1811
2199
2560
2796
2918
3024
3157
3247
3214
3081
2940
2840
2739
2579
2422
2358
2343
2268
2151
2134
2236
2303
2266
2222
2255
2239
2048
1755
1524
1392
1249
1059
910
828
711
481
174
-129
-413
-728
-1114
-1551
-1949
-2271
-2561
-2857
-3088
-3146
-3044
-2834
-2470
-1809
-827
320
1418
2358
3100
3633
4037
4493
5150
5839
6185
5892
4901
3363
1510
-323
-1869
-3065
-4044
-4919
-5684
-6320
-6915
-7658
-8627
-9608
-10125
-9831
-8758
-7284
-5797
-4494
-3429
-2614
-2118
-1936
-1971
-2017
-1892
-1466
-764
19
720
1304
1693
1576
950
349
214
190
-74
-160
323
861
857
766
1159
1655
1661
1533
1879
2502
2935
3355
4122
5021
5619
5929
6238
6547
6711
6787
6909
6977
6803
6465
6093
5542
4722
3901
3284
2631
1779
1121
1020
1226
1415
1788
2636
3638
4298
4652
4963
5053
4443
3083
1356
-543
-2652
-4759
-6354
-7176
-7437
-7418
-7181
-6704
-6056
-5303
-4400
-3359
-2309
-1374
-620
-112
135
238
302
247
-21
-351
-586
-814
-1187
-1674
-2340
-3483
-5254
-7374
-9301
-10615
-11208
-11131
-10442
-9379
-8406
-7850
-7735
-7901
-8037
-7832
-7281
-6537
-5738
-5215
-5013
-4202
-1658
2435
6536
9246
10513
11114
11319
10816
9819
9107
9008
9320
9914
10512
10650
10602
11411
13332
15054
14991
12847
9535
5941
2259
-1615
-5623
-9568
-13092
-15625
-16609
-15864
-13724
-10837
-7776
-4789
-1936
670
2912
4793
6380
7686
8689
9365
9705
9744
9575
9208
8590
7745
6782
5752
4655
3470
2013
162
-1711
-2984
-3643
-4243
-4854
-4957
-4679
-4905
-5768
-6390
-6435
-6587
-7167
-7568
-7348
-6888
-6521
-5918
-4861
-3734
-2948
-2461
-2033
-1614
-1255
-854
-380
-34
127
270
371
225
-43
-88
86
103
-66
-34
229
339
254
332
624
780
649
571
795
1106
1296
1531
1916
2238
2351
2394
2525
2689
2791
2867
2959
2996
2986
3022
3064
2982
2797
2620
2404
2026
1582
1311
1192
1010
747
551
396
104
-360
-792
-1078
-1394
-1863
-2322
-2623
-2873
-3174
-3439
-3547
-3566
-3611
-3642
-3575
-3408
-3178
-2888
-2563
-2280
-2049
-1812
-1588
-1451
-1353
-1168
-918
-735
-596
-376
-61
234
435
630
915
1212
1397
1547
1858
2316
2728
3034
3336
3598
3718
3829
4036
4192
4218
4250
4294
4157
3873
3672
3552
3292
2887
2559
2319
1963
1471
1018
690
365
-89
-620
-1125
-1568
-2038
-2871
-4286
-5805
-6580
-6593
-6663
-6917
-6673
-6043
-6136
-7179
-7858
-7485
-6933
-6736
-6187
-4759
-3181
-2202
-1462
-412
808
1768
2555
3599
4928
6363
7726
8777
9234
8839
7669
5850
3639
1866
1287
1795
2480
2847
3225
3616
3608
3069
2530
2448
2412
2067
1616
1400
1273
732
-160
-1055
-1877
-2726
-3554
-3933
-3676
-2818
-1470
60
1466
2436
2981
3179
3042
2747
2439
2049
1291
170
-934
-1899
-2916
-4018
-4923
-5442
-5829
-6253
-6650
-6903
-7106
-7471
-7938
-8286
-8375
-8293
-8141
-7953
-7934
-8317
-8964
-9526
-9574
-8427
-5256
-241
4935
8753
11014
12218
12542
12112
11369
10647
9868
9053
8342
7822
7345
6827
6485
6478
6713
6819
6785
6831
6953
6717
6063
5297
4614
3819
2892
2241
1918
1616
1081
497
8
-516
-1040
-1411
-1489
-1396
-1181
-986
-946
-1380
-2262
-3372
-4547
-6146
-8536
-10768
-11712
-11329
-11336
-11948
-12098
-11565
-12002
-13534
-13928
-12126
-9833
-8435
-6909
-4738
-3019
-2646
-2402
-1372
4
1203
2367
3690
4726
5596
6486
7248
7517
7799
8620
9657
10098
10160
10541
10715
9676
7522
5802
4901
4059
3013
2692
3283
3689
3238
2587
2420
2417
2270
2145
2292
2353
2067
1580
979
331
-231
-493
-703
-1136
-1471
-1404
-1279
-1556
-1939
-1890
-1635
-1696
-1810
-1452
-759
-432
-573
-750
-868
-1209
-1737
-2049
-2012
-1977
-2168
-2543
-3069
-3676
-4252
-4597
-4787
-4889
-4800
-4520
-4201
-3975
-3623
-3065
-2656
-2578
-2571
-2324
-2061
-2030
-1992
-1581
-929
-388
12
512
1141
1597
1810
1906
2122
2336
2411
2393
2431
2568
2692
2729
2645
2565
2471
2286
1961
1796
1955
2273
2434
2518
2845
3322
3647
3883
4133
4207
3764
2606
433
-2022
-3362
-2937
-2211
-2550
-3463
-4022
-5278
-8026
-10111
-9289
-6925
-5582
-5057
-3991
-3026
-3504
-4342
-3446
-1244
681
2267
4137
5622
6317
7066
8092
8674
8646
8887
9349
8997
7900
7416
7475
6653
5014
3888
3453
2660
1388
382
-206
-1210
-2904
-4360
-5048
-5326
-5302
-4900
-4466
-4576
-5166
-5901
-6530
-6937
-6641
-5470
-4168
-3610
-3382
-2914
-2546
-2516
-2218
-1111
246
1000
1317
1853
2398
2460
2316
2543
2985
3273
3386
3507
3538
3217
2627
2044
1469
992
865
999
935
550
46
-520
-1264
-1967
-2156
-1839
-1574
-1723
-1986
-2235
-2618
-3077
-3160
-2693
-2023
-1528
-1259
-1078
-986
-967
-837
-396
218
824
1318
1620
1713
1743
1790
1889
2007
2227
2520
2798
2759
2546
2454
2386
2272
2135
2256
2514
2758
2453
1526
-264
-3098
-5670
-6295
-4671
-3269
-3332
-4426
-5396
-7376
-10588
-12258
-10155
-6580
-4947
-4855
-4610
-4568
-5983
-7081
-5332
-1608
1338
2914
4276
4992
4777
4839
6225
8012
9491
11072
12664
13030
12201
12016
12710
12559
11343
10926
11543
11289
9799
8574
7958
6520
3931
1786
904
234
-836
-1905
-3070
-4882
-7004
-8647
-9690
-10252
-10074
-9472
-9478
-10518
-11526
-11630
-11419
-11247
-10461
-8949
-7755
-7431
-7208
-6415
-5320
-4337
-3241
-1897
-684
155
908
1663
2296
2928
3593
4110
4352
4586
5029
5333
5189
4856
4709
4503
3972
3549
3530
3541
3054
2218
1485
970
408
-65
-165
-105
-291
-748
-1213
-1548
-1644
-1452
-1012
-535
-237
-118
-71
-53
162
676
1362
1951
2479
2872
3029
2999
2983
3304
3753
4173
4397
4523
4404
4011
3471
2693
1568
-658
-3353
-4970
-4247
-2973
-3212
-4878
-6307
-7621
-10356
-13201
-12963
-9545
-6987
-7195
-8135
-8175
-8584
-9919
-9604
-6143
-1886
365
1047
1529
1819
1935
2957
5327
7976
9993
11437
12111
11616
10870
11297
12430
12761
12399
12549
12887
11991
10105
8820
8348
7299
5326
3674
3000
2363
991
-759
-2404
-4026
-5741
-7258
-8141
-8201
-7920
-8024
-8924
-10207
-11162
-11476
-11356
-10878
-9976
-8996
-8441
-8427
-8410
-7832
-6670
-5345
-4212
-3279
-2355
-1335
-364
547
1633
2909
3900
4331
4575
5181
6029
6597
6795
6927
6949
6602
6014
5635
5605
5559
5093
4219
3264
2388
1618
1002
612
395
85
-585
-1460
-2098
-2344
-2325
-2250
-2152
-2042
-2009
-2134
-2202
-1952
-1449
-903
-511
-267
44
415
635
825
1273
1904
2387
2524
2465
2557
2686
2667
2598
2791
3114
3070
1465
-1770
-4331
-3957
-1909
-1220
-2327
-3124
-3332
-5557
-9684
-11184
-7991
-4275
-3920
-5258
-5432
-5394
-7156
-8741
-6804
-2296
776
1197
777
624
515
705
1946
4245
6760
8540
9065
8320
7337
7441
8561
9294
9265
9481
10113
9991
8595
7113
6620
6543
5582
3947
3001
3094
2912
1478
-530
-1932
-2786
-4023
-5442
-5791
-4966
-4659
-5905
-7760
-8871
-9144
-9196
-8936
-8144
-7294
-7303
-7972
-8489
-8298
-7478
-6215
-4859
-3804
-3116
-2647
-2248
-1810
-921
622
2221
3128
3510
4034
4582
4770
4864
5412
6128
6392
6188
5998
5918
5693
5276
4829
4405
4007
3683
3290
2710
2118
1654
1030
168
-508
-654
-627
-854
-1251
-1545
-1860
-2314
-2618
-2439
-1932
-1498
-1338
-1410
-1562
-1555
-1262
-823
-361
94
430
472
313
279
629
1092
1029
27
-1380
-2224
-2003
-1366
-1064
-1147
-1391
-2285
-4096
-5737
-5708
-4184
-2781
-2436
-2731
-3260
-4157
-5091
-4974
-3363
-1185
306
678
295
-197
-194
507
1762
3315
4836
5750
5688
5060
4828
5391
6215
6783
7163
7475
7449
6925
6204
5708
5461
5168
4627
3965
3452
3104
2561
1551
294
-759
-1541
-2239
-2797
-2949
-2920
-3351
-4453
-5702
-6534
-7013
-7403
-7446
-6755
-5946
-6090
-7104
-7754
-7453
-6782
-6109
-5013
-3519
-2586
-2664
-2899
-2427
-1348
-81
1223
2390
3169
3515
3578
3566
3849
4703
5750
6253
6140
5949
5782
5300
4690
4508
4686
4614
4104
3471
2873
2183
1402
729
293
64
-114
-463
-1022
-1556
-1936
-2316
-2723
-2814
-2449
-2059
-2106
-2394
-2497
-2423
-2442
-2393
-1951
-1215
-743
-731
-926
-1250
-2081
-3136
-3328
-2236
-1085
-1016
-1641
-2054
-2561
-3643
-4402
-3571
-1837
-949
-1250
-1647
-1750
-2017
-2312
-1792
-410
925
1568
1710
1637
1542
1725
2353
3155
3927
4738
5442
5596
5239
4987
5175
5455
5552
5682
6014
6166
5761
4933
4146
3629
3290
2967
2662
2433
2107
1334
105
-1065
-1765
-2171
-2563
-2908
-3168
-3647
-4486
-5367
-5872
-5975
-5888
-5812
-5865
-6005
-6091
-6114
-6148
-5945
-5208
-4247
-3663
-3391
-2914
-2249
-1797
-1428
-667
410
1276
1803
2271
2739
3037
3213
3481
3889
4324
4657
4758
4598
4352
4170
3955
3639
3403
3327
3155
2669
2066
1575
1189
758
391
162
19
-209
-533
-917
-1173
-1265
-1323
-1480
-1599
-1543
-1459
-1545
-1690
-1648
-1436
-1387
-1827
-2913
-4030
-4191
-3191
-2309
-2446
-3005
-3193
-3634
-4859
-5520
-4230
-2154
-1532
-2267
-2614
-2278
-2352
-2622
-1668
444
1940
1957
1532
1669
2122
2542
3224
4329
5335
5812
5826
5676
5574
5682
5976
6198
6183
6157
6269
6195
5583
4695
4017
3611
3184
2682
2367
2260
1837
689
-777
-1758
-2063
-2167
-2415
-2722
-3184
-4104
-5421
-6303
-6227
-5545
-5100
-5269
-5859
-6413
-6596
-6421
-5922
-5046
-4025
-3471
-3636
-3818
-3335
-2324
-1485
-837
-89
640
942
1018
1413
2158
2867
3272
3486
3723
4015
4197
4152
4096
4170
4265
4108
3818
3655
3543
3154
2526
2076
1867
1675
1389
1111
808
391
-99
-566
-858
-915
-845
-944
-1308
-1684
-1873
-1972
-2116
-2108
-1846
-1715
-2318
-3611
-4637
-4548
-3628
-3013
-3157
-3526
-3737
-4279
-5210
-5400
-4122
-2483
-2027
-2611
-2993
-2724
-2311
-1831
-797
711
1841
2091
1884
1980
2697
3743
4562
5011
5457
6102
6519
6394
6156
6390
6771
6628
6124
6077
6467
6395
5460
4322
3626
3223
2707
2179
1902
1666
927
-450
-1978
-3005
-3321
-3250
-3271
-3598
-4171
-4936
-5798
-6385
-6335
-5840
-5496
-5503
-5500
-5290
-5094
-4974
-4611
-3926
-3222
-2688
-2159
-1521
-896
-421
-52
349
913
1624
2286
2690
2878
2991
3019
2947
3042
3455
3873
3875
3509
3060
2653
2274
2055
2088
2172
2009
1549
974
479
168
36
-7
-30
-76
-273
-671
-1094
-1277
-1187
-1022
-970
-1000
-1028
-1125
-1667
-2968
-4515
-4977
-3836
-2399
-2145
-2826
-3397
-3959
-5086
-5924
-4958
-2762
-1646
-2290
-2955
-2609
-2242
-2425
-2012
-346
1374
1852
1623
1936
2787
3275
3370
3848
4884
5882
6435
6611
6596
6446
6152
5817
5756
6166
6790
6974
6267
4949
3775
3089
2629
2283
2262
2330
1755
273
-1385
-2323
-2541
-2662
-2891
-3012
-3319
-4396
-5808
-6372
-5879
-5375
-5491
-5742
-5750
-5850
-6157
-6029
-5221
-4377
-3962
-3662
-3204
-2738
-2236
-1565
-904
-383
241
1061
1723
2104
2517
3034
3300
3319
3621
4289
4742
4647
4363
4153
3910
3608
3452
3510
3509
3137
2411
1679
1210
951
754
557
327
-39
-610
-1215
-1552
-1624
-1673
-1757
-1772
-1832
-2097
-2355
-2389
-2635
-3583
-4630
-4611
-3627
-2986
-3236
-3620
-3746
-4271
-5256
-5430
-4074
-2416
-1935
-2360
-2522
-2273
-2198
-2084
-1109
595
1838
2037
1919
2222
2808
3298
3796
4529
5345
5897
6065
6036
6017
6051
6045
5899
5788
5951
6232
6083
5344
4471
3840
3313
2701
2288
2261
2145
1336
-25
-1200
-1891
-2497
-3324
-3923
-3865
-3670
-4145
-5145
-5828
-6058
-6331
-6667
-6390
-5401
-4607
-4651
-5036
-4993
-4596
-4143
-3478
-2377
-1167
-455
-354
-442
-181
468
1235
1987
2749
3424
3723
3601
3385
3498
3932
4278
4400
4481
4526
4226
3591
3043
2820
2718
2456
2105
1819
1504
949
243
-302
-590
-787
-1009
-1171
-1223
-1330
-1629
-1981
-2377
-3330
-4977
-6035
-5237
-3524
-3044
-3983
-4755
-5112
-6262
-7684
-6975
-4012
-1952
-2576
-3757
-3489
-3089
-3766
-3586
-925
2038
2560
1624
1754
2828
3136
3011
4103
6061
7018
6742
6675
7198
7361
6949
6679
6759
6795
6785
6897
6785
6079
5049
4093
3072
1979
1485
1832
1986
1023
-448
-1481
-2318
-3440
-4215
-3864
-3078
-3197
-4314
-5382
-5916
-6262
-6393
-5869
-4923
-4448
-4721
-5169
-5327
-5179
-4755
-4039
-3233
-2582
-2110
-1752
-1474
-1172
-680
-46
502
935
1497
2211
2745
2946
3063
3222
3249
3139
3174
3454
3742
3761
3489
3084
2649
2201
1832
1697
1757
1739
1446
975
537
193
-131
-387
-463
-449
-556
-789
-985
-1105
-1236
-1369
-1438
-1503
-1743
-2203
-2622
-2672
-2408
-2231
-2299
-2365
-2323
-2450
-2818
-2976
-2604
-2079
-1900
-1900
-1647
-1247
-1090
-1058
-721
-111
333
490
714
1202
1698
1984
2241
2662
3045
3136
3072
3168
3428
3609
3627
3607
3593
3488
3238
2935
2723
2606
2470
2240
1965
1710
1430
1054
630
293
84
-99
-326
-553
-748
-977
-1262
-1509
-1630
-1654
-1693
-1809
-1941
-2028
-2127
-2277
-2381
-2329
-2204
-2149
-2162
-2147
-2106
-2101
-2128
-2104
-1970
-1783
-1641
-1549
-1432
-1277
-1144
-1060
-980
-859
-704
-543
-375
-183
10
159
271
389
520
650
772
899
1057
1236
1391
1482
1524
1560
1591
1598
1595
1620
1657
1670
1649
1602
1523
1405
1265
1135
1048
1000
957
889
809
711
560
361
188
91
40
-25
-108
-210
-372
-602
-814
-917
-925
-926
-965
-1016
-1074
-1166
-1280
-1358
-1353
-1284
-1202
-1134
-1058
-962
-894
-882
-862
-757
-577
-419
-303
-172
-21
84
132
200
325
469
594
718
832
876
837
799
837
908
942
949
963
939
817
658
586
590
574
533
532
541
469
329
222
175
135
98
103
119
78
-23
-120
-197
-285
-383
-443
-451
-457
-494
-552
-611
-662
-692
-684
-651
-613
-571
-516
-467
-438
-418
-373
-304
-236
-169
-96
-30
3
15
33
50
52
62
95
139
164
159
122
70
37
40
68
93
106
102
68
5
-59
-92
-87
-63
-47
-63
-115
-185
-258
-315
-340
-330
-313
-309
-308
-306
-322
-355
-363
-310
-224
-156
-109
-52
-6
-8
-38
-17
77
184
266
346
424
447
406
389
452
558
654
736
809
824
754
668
644
675
720
764
799
789
718
628
561
521
501
510
528
516
467
390
299
204
127
72
28
12
16
-21
-139
-300
-433
-522
-588
-616
-613
-630
-706
-821
-937
-1029
-1073
-1057
-1014
-993
-1006
-1037
-1073
-1106
-1102
-1040
-945
-857
-787
-713
-641
-584
-533
-458
-348
-235
-130
-28
79
177
256
312
353
396
459
526
575
610
655
696
702
676
659
670
674
653
634
638
641
603
535
482
460
440
402
369
346
310
249
182
144
138
141
128
96
55
22
7
2
6
26
49
29
-30
-72
-63
-30
-23
-42
-57
-71
-107
-140
-135
-105
-90
-110
-137
-149
-158
-175
-186
-159
-120
-119
-157
-186
-178
-175
-178
-164
-123
-90
-96
-109
-97
-70
-61
-63
-43
1
33
42
40
39
25
10
2
-4
-14
-18
-15
-35
-81
-125
-139
-147
-160
-156
-116
-71
-78
-124
-143
-116
-85
-67
-33
37
88
76
35
18
32
37
29
39
66
78
43
-22
-75
-94
-99
-113
-132
-125
-115
-143
-202
-225
-186
-143
-138
-133
-95
-59
-59
-64
-17
61
113
142
186
225
230
226
256
301
323
339
373
391
353
297
280
271
230
189
194
215
190
139
106
83
46
13
22
63
90
86
63
32
17
23
41
51
57
53
20
-37
-74
-62
-53
-86
-135
-160
-175
-213
-247
-245
-233
-248
-274
-272
-247
-235
-240
-254
-263
-264
-249
-219
-187
-163
-153
-167
-187
-193
-170
-135
-112
-107
-92
-62
-42
-48
-55
-32
7
24
33
81
155
186
154
129
161
209
222
225
261
297
277
216
188
212
233
223
197
173
147
104
62
49
58
61
31
-23
-65
-76
-73
-66
-44
-18
-10
-29
-49
-38
-3
31
62
98
128
143
143
139
136
130
123
118
116
120
117
80
15
-48
-81
-96
-115
-131
-135
-153
-213
-279
-306
-280
-252
-243
-238
-223
-217
-230
-235
-208
-152
-101
-79
-58
-22
13
17
3
13
47
75
79
81
82
68
35
6
-3
5
13
11
-12
-46
-66
-59
-43
-28
-6
23
29
7
-4
24
57
69
77
100
119
110
95
99
113
107
88
85
98
107
102
94
88
86
79
66
57
66
81
84
70
65
68
61
42
35
48
56
49
40
37
29
12
-3
-9
-11
-18
-32
-45
-52
-63
-79
-98
-112
-116
-120
-127
-126
-112
-106
-120
-128
-118
-108
-107
-98
-67
-39
-38
-48
-48
-39
-38
-28
1
36
49
41
31
22
17
17
31
56
69
63
49
32
14
-5
-15
-6
7
2
-17
-32
-43
-55
-66
-60
-31
-3
7
6
14
35
52
64
91
139
174
180
175
179
185
170
159
168
178
163
121
76
42
4
-30
-44
-44
-51
-83
-121
-156
-179
-194
-191
-167
-140
-129
-140
-159
-169
-174
-172
-151
-117
-93
-92
-102
-97
-88
-88
-81
-56
-25
-9
-3
18
42
50
51
63
77
83
92
114
138
143
131
120
106
88
82
93
107
106
86
63
45
35
32
29
27
25
19
6
4
13
13
6
3
3
-3
-10
-5
10
19
16
9
1
-6
-12
-19
-27
-21
-2
-2
-23
-30
-21
-28
-55
-60
-30
-15
-35
-44
-32
-29
-44
-45
-19
-6
-17
-28
-24
-22
-23
-13
4
12
12
7
-1
-5
-2
8
18
24
27
28
25
18
17
21
26
28
27
23
22
17
12
9
9
8
4
-5
-12
-12
-14
-19
-24
-24
-28
-36
-42
-39
-33
-34
-38
-37
-37
-39
-39
-30
-23
-24
-22
-16
-10
-10
-5
6
14
16
16
19
22
24
29
35
37
40
36
31
28
31
33
31
25
18
15
14
8
4
1
-2
-8
-15
-15
-10
-10
-16
-19
-18
-19
-24
-19
-9
-3
-4
-10
-10
-8
-6
-3
7
12
12
8
4
4
6
11
15
17
20
21
20
16
17
22
25
24
23
22
21
15
8
7
7
3
-3
-10
-14
-18
-24
-28
-32
-36
-41
-45
-47
-46
-45
-42
-43
-42
-40
-36
-29
-22
-14
-6
3
3
3
9
17
23
31
39
43
45
43
42
45
47
50
52
51
47
41
36
29
25
23
20
18
12
5
-5
-11
-18
-22
-27
-31
-32
-32
-36
-41
-46
-49
-50
-48
-43
-34
-33
-35
-35
-36
-33
-30
-25
-20
-11
-10
-10
-6
-4
0
4
6
11
13
14
15
19
20
17
15
15
17
19
18
18
21
17
11
11
10
9
10
12
14
15
10
6
7
8
10
12
11
13
14
8
6
8
9
6
7
6
5
4
4
5
7
6
6
5
2
2
6
5
5
4
1
-2
-5
-7
-8
-10
-8
-8
-13
-16
-21
-27
-33
-32
-31
-30
-28
-28
-29
-32
-32
-27
-21
-11
-4
3
4
6
9
12
18
24
31
31
31
31
32
30
30
31
28
25
21
17
14
9
3
-5
-6
-7
-10
-14
-15
-16
-23
-28
-26
-22
-24
-26
-23
-20
-22
-25
-22
-15
-12
-10
-6
-4
-3
0
4
8
12
17
20
20
21
23
24
23
27
31
34
32
31
28
25
24
24
23
22
19
13
4
-2
-8
-16
-22
-25
-29
-36
-44
-49
-53
-59
-62
-60
-54
-52
-53
-51
-45
-42
-38
-29
-16
-5
4
12
20
27
29
32
41
49
52
55
60
60
55
51
50
48
44
38
36
34
27
18
10
5
-2
-9
-13
-13
-15
-21
-26
-30
-32
-36
-36
-30
-26
-23
-23
-19
-14
-11
-6
2
11
18
20
24
30
35
35
35
38
40
38
36
36
33
29
20
15
11
5
-1
-5
-9
-15
-23
-32
-39
-44
-49
-51
-48
-49
-49
-52
-53
-56
-56
-54
-48
-39
-34
-29
-24
-22
-18
-11
-5
4
14
22
28
35
39
42
45
46
49
50
52
52
50
47
41
39
32
27
25
20
14
8
1
-6
-13
-17
-24
-28
-35
-38
-41
-43
-45
-45
-45
-42
-40
-37
-34
-29
-22
-16
-10
-4
6
11
18
23
26
27
27
29
31
34
34
32
29
22
17
13
11
9
7
9
7
4
-2
-6
-10
-13
-12
-11
-7
-6
-10
-13
-16
-15
-14
-10
-4
1
2
-1
0
-2
-5
-3
4
8
11
12
8
4
3
3
3
8
10
9
7
4
1
-1
-1
-1
2
3
3
3
-2
-3
-4
-4
-2
1
2
3
-1
-3
-5
-7
-5
0
2
2
1
-1
-5
-8
-7
-6
-3
-1
-1
0
2
-1
-3
-2
2
5
6
5
5
5
2
0
4
4
4
5
5
3
2
0
-1
-1
-2
-3
-5
-7
-9
-12
-17
-17
-16
-16
-19
-19
-18
-18
-19
-20
-19
-16
-15
-14
-9
-6
-5
-3
1
5
8
10
15
17
20
21
22
21
23
22
22
24
24
22
20
19
19
15
13
13
13
13
9
7
5
1
-3
-7
-9
-9
-11
-13
-14
-17
-21
-22
-22
-20
-18
-17
-14
-13
-11
-9
-9
-4
-1
1
4
7
10
11
12
11
10
11
9
10
10
9
10
8
7
6
4
3
1
-1
-2
-3
-3
-4
-4
-3
-5
-8
-10
-11
-11
-9
-8
-6
-4
-4
-5
-5
-3
0
2
3
6
7
6
7
8
9
10
12
9
9
7
4
1
