-2
-3
-2
-4
-4
-2
-3
-1
2
4
3
1
-1
-1
-2
0
-1
-1
-1
-2
-1
-3
-3
-3
-2
-2
-3
-3
-1
0
2
1
2
1
3
3
2
3
3
5
4
5
5
5
6
7
5
5
7
5
6
5
5
4
3
2
2
0
1
-2
-1
-1
-1
-2
-3
-3
-4
-4
-5
-5
-5
-4
-3
-3
-3
-3
-5
-4
-3
-3
-2
-2
1
-1
-1
-1
1
0
0
0
-1
2
1
2
1
0
0
-1
-2
-1
-1
-2
-1
-1
0
1
1
0
-2
-3
-2
-1
0
-2
-2
-2
-3
-4
-2
0
0
1
2
2
3
3
3
1
1
3
2
2
1
2
2
3
1
1
2
2
2
1
1
3
4
3
4
3
1
3
3
2
3
2
1
0
-2
-1
-2
-2
-2
-3
-4
-3
-3
-3
-4
-3
-1
0
-2
-1
-2
0
0
-2
-2
-2
0
0
0
-1
1
-1
-2
-3
-3
-2
-2
-2
-1
-1
0
0
1
0
0
1
2
2
2
2
2
2
2
1
2
1
2
3
2
4
1
2
3
2
1
0
1
2
1
1
3
3
2
2
4
3
2
3
2
4
5
3
3
1
-1
-1
-2
-4
-7
-6
-6
-5
-4
-5
-4
-3
-3
-3
-4
-4
-5
-5
-4
-5
-3
-4
-2
-2
-4
-3
-3
-3
-2
-2
-1
-1
1
3
2
2
3
3
2
4
3
1
2
3
4
4
4
4
3
3
4
3
4
3
3
3
4
2
2
1
0
-1
0
1
0
3
2
3
2
3
5
4
2
1
0
1
2
1
0
-2
-1
-1
-1
-1
-1
-2
-2
0
-1
0
-3
-3
-3
-3
-3
-3
-3
-2
-3
-3
-2
-2
-1
-1
-1
-2
-2
-2
-3
-3
-4
-5
-3
-2
-1
-1
-2
-2
-2
-3
-3
-1
-1
0
-1
-1
0
-1
0
-1
0
-1
0
0
-2
-1
-2
-1
-2
-2
-1
1
0
-2
0
1
1
1
2
2
3
2
3
4
2
4
4
4
4
5
6
6
9
10
8
6
5
4
6
6
6
6
5
6
5
3
2
1
-1
-1
0
1
3
1
0
-3
-6
-4
-2
-2
-2
-4
-5
-4
-5
-4
-6
-7
-7
-7
-6
-7
-5
-4
-6
-6
-6
-5
-7
-6
-4
-3
-2
-3
-1
-2
-3
-1
0
1
1
0
1
4
2
0
0
-1
2
1
2
0
0
-1
0
-1
-1
-2
-2
-3
-5
-4
-3
0
-3
-4
-2
-1
-2
-2
0
2
2
2
2
3
3
2
2
1
3
3
3
3
2
2
2
1
0
1
2
2
4
3
2
3
4
3
2
3
5
6
5
4
5
6
5
6
5
6
7
7
5
3
2
-2
-2
-3
-4
-2
-2
-2
-2
-1
-1
0
-1
0
1
4
4
5
3
4
4
3
3
6
9
8
6
2
0
2
2
-4
-11
-12
-13
-12
-10
-11
-11
-16
-22
-20
-16
-12
-13
-17
-20
-19
-16
-13
-18
-32
-43
-52
-53
-59
-76
-87
-103
-118
-139
-165
-169
-170
-189
-208
-237
-248
-238
-247
-245
-256
-274
-270
-259
-229
-196
-182
-162
-141
-108
-62
-8
46
85
119
160
223
292
336
378
412
440
484
513
551
586
588
603
614
606
608
593
591
587
549
530
516
492
448
403
360
320
287
263
246
218
178
144
119
97
67
31
-3
-31
-48
-51
-53
-76
-116
-161
-191
-212
-226
-240
-258
-287
-317
-333
-333
-337
-362
-391
-408
-410
-395
-368
-339
-329
-334
-329
-307
-284
-258
-224
-210
-218
-229
-209
-178
-187
-232
-266
-258
-239
-237
-236
-231
-250
-305
-359
-368
-341
-321
-312
-305
-295
-289
-299
-361
-494
-646
-746
-781
-796
-820
-835
-843
-890
-973
-1012
-962
-872
-797
-697
-515
-274
-48
132
284
430
566
703
866
1058
1255
1428
1553
1634
1681
1722
1758
1763
1743
1739
1777
1820
1815
1767
1710
1639
1510
1344
1213
1153
1099
1002
888
776
654
494
315
161
40
-59
-142
-207
-250
-289
-336
-405
-515
-639
-740
-805
-850
-910
-974
-1038
-1113
-1203
-1303
-1372
-1412
-1462
-1529
-1582
-1581
-1553
-1524
-1482
-1420
-1367
-1335
-1300
-1220
-1101
-983
-856
-715
-570
-441
-324
-188
-60
35
140
287
448
550
583
621
661
676
686
743
847
908
914
931
972
998
978
948
923
887
886
904
760
352
-128
-410
-584
-923
-1428
-1921
-2408
-2948
-3294
-3192
-2884
-2777
-2823
-2671
-2283
-1878
-1474
-932
-301
254
770
1406
2150
2795
3207
3446
3611
3732
3831
3960
4108
4133
3980
3766
3588
3363
3023
2655
2322
1947
1505
1137
927
743
430
-13
-487
-938
-1360
-1681
-1796
-1759
-1783
-1936
-2005
-1871
-1743
-1798
-1874
-1775
-1576
-1394
-1149
-793
-506
-471
-612
-740
-824
-927
-1034
-1087
-1117
-1179
-1239
-1257
-1284
-1391
-1523
-1581
-1575
-1544
-1429
-1180
-910
-774
-724
-614
-434
-276
-152
14
222
407
556
716
899
1031
1067
1050
1050
1077
1118
1178
1242
1248
1170
1063
987
912
806
724
703
700
670
664
713
757
749
727
725
718
731
818
924
941
929
1019
1137
1101
967
915
941
909
816
707
432
-145
-819
-1239
-1568
-2446
-3939
-5071
-5072
-4577
-4631
-5062
-5014
-4577
-4522
-4744
-4449
-3559
-2711
-2067
-1211
-2
1233
2254
3074
3650
3924
4084
4444
5042
5583
5849
5946
5989
5838
5370
4781
4305
3841
3188
2473
1975
1692
1375
911
341
-323
-1085
-1805
-2291
-2534
-2675
-2787
-2830
-2775
-2664
-2562
-2509
-2496
-2469
-2361
-2110
-1676
-1113
-591
-247
-75
-9
-25
-104
-189
-246
-290
-322
-336
-351
-398
-511
-708
-958
-1185
-1333
-1375
-1290
-1146
-1068
-1075
-1043
-901
-705
-537
-406
-283
-144
43
276
509
688
811
908
986
1043
1087
1139
1188
1206
1175
1121
1082
1068
1048
987
871
734
611
518
459
424
385
323
271
252
267
311
377
437
472
504
558
626
715
812
863
827
783
815
897
941
928
903
882
876
917
972
941
728
284
-363
-1010
-1498
-2120
-3317
-4789
-5535
-5178
-4557
-4534
-4946
-5190
-5175
-5108
-4931
-4506
-3936
-3318
-2492
-1345
-86
989
1841
2588
3230
3636
3827
4108
4746
5572
6141
6289
6219
6112
5920
5584
5171
4687
4066
3393
2895
2639
2403
1943
1257
484
-307
-1108
-1834
-2345
-2639
-2856
-3080
-3248
-3295
-3263
-3206
-3122
-3003
-2887
-2761
-2526
-2096
-1555
-1108
-837
-638
-397
-156
-36
-42
-70
-40
40
136
216
226
134
-15
-130
-201
-313
-493
-634
-641
-569
-530
-550
-582
-644
-770
-888
-882
-752
-603
-490
-358
-172
20
163
266
357
431
482
555
704
902
1065
1145
1164
1151
1101
1020
957
933
911
861
817
815
829
815
776
716
606
467
372
363
387
381
340
297
256
209
161
100
0
-146
-293
-358
-305
-210
-185
-259
-367
-447
-483
-461
-395
-346
-367
-416
-387
-242
-64
43
43
-44
-229
-550
-975
-1353
-1504
-1381
-1111
-895
-862
-995
-1168
-1252
-1191
-1041
-959
-1042
-1174
-1109
-723
-149
375
683
757
700
673
807
1101
1409
1584
1617
1627
1734
1943
2160
2267
2184
1916
1591
1369
1322
1382
1402
1300
1090
838
610
432
286
124
-119
-443
-749
-930
-970
-952
-951
-992
-1061
-1157
-1283
-1425
-1549
-1609
-1593
-1524
-1420
-1286
-1144
-1034
-975
-927
-874
-839
-845
-853
-793
-650
-451
-236
-51
63
102
114
158
228
279
300
329
396
472
528
575
620
630
579
500
450
460
492
488
451
423
451
498
511
471
401
329
267
229
233
286
338
350
314
281
279
283
256
212
181
145
97
68
113
186
208
162
121
137
151
97
-11
-71
-36
52
102
102
79
45
-7
-66
-84
-39
27
34
-14
-57
-39
4
5
-74
-253
-558
-993
-1433
-1717
-1765
-1669
-1572
-1577
-1695
-1879
-2038
-2071
-1968
-1826
-1758
-1746
-1640
-1307
-750
-105
469
862
1070
1192
1376
1698
2107
2484
2753
2921
3057
3215
3390
3508
3473
3249
2890
2505
2193
1996
1869
1717
1473
1131
726
300
-128
-536
-923
-1291
-1634
-1910
-2088
-2176
-2204
-2193
-2163
-2146
-2177
-2256
-2338
-2362
-2284
-2105
-1869
-1627
-1396
-1155
-907
-688
-538
-464
-433
-404
-323
-154
81
308
451
503
522
554
593
591
526
425
336
317
392
525
633
652
595
525
481
450
412
364
322
307
350
459
604
727
773
726
631
565
566
607
636
641
653
681
695
674
625
576
529
459
351
223
123
78
89
129
160
141
48
-87
-190
-222
-230
-284
-379
-434
-398
-304
-222
-181
-174
-158
-131
-130
-184
-278
-329
-268
-122
-23
-69
-235
-511
-1003
-1801
-2703
-3289
-3319
-2961
-2587
-2430
-2506
-2709
-2862
-2799
-2506
-2192
-2071
-2087
-1927
-1336
-356
744
1693
2337
2660
2792
2927
3212
3627
4029
4318
4527
4746
4974
5108
5062
4833
4441
3899
3234
2548
1945
1469
1104
819
561
218
-319
-1025
-1727
-2273
-2659
-2967
-3236
-3430
-3498
-3422
-3196
-2866
-2541
-2353
-2341
-2386
-2302
-2020
-1650
-1382
-1267
-1135
-788
-228
328
640
638
418
166
55
151
349
459
393
267
236
299
310
163
-119
-428
-669
-775
-735
-605
-476
-361
-198
21
206
249
165
76
94
231
447
689
908
1083
1219
1352
1476
1524
1445
1269
1102
1030
1078
1188
1273
1268
1160
999
843
704
540
334
145
55
57
81
91
79
44
-40
-149
-242
-310
-373
-414
-370
-235
-84
-10
-31
-101
-161
-177
-156
-138
-143
-159
-153
-96
11
89
-155
-1058
-2604
-4182
-5006
-4846
-4181
-3653
-3521
-3668
-3863
-3874
-3549
-3009
-2648
-2669
-2766
-2411
-1434
-108
1251
2508
3589
4354
4740
4846
4874
4984
5235
5605
5988
6245
6261
6044
5749
5539
5335
4828
3810
2480
1274
449
-21
-298
-559
-1027
-1816
-2746
-3488
-3906
-4173
-4450
-4698
-4784
-4684
-4446
-4084
-3603
-3053
-2550
-2138
-1802
-1479
-1110
-633
-41
562
1026
1249
1293
1277
1297
1372
1488
1575
1506
1247
896
637
505
408
226
-57
-424
-866
-1310
-1606
-1645
-1518
-1393
-1369
-1385
-1366
-1262
-1026
-665
-251
69
256
393
611
933
1286
1603
1827
1939
1927
1875
1863
1900
1917
1863
1750
1563
1316
1048
847
713
565
349
95
-126
-288
-366
-348
-263
-223
-320
-547
-773
-831
-624
-193
263
542
578
476
370
369
510
753
969
1038
1007
986
1084
1196
1030
96
-1916
-4595
-6785
-7501
-6987
-6317
-6263
-6553
-6677
-6493
-6133
-5600
-4877
-4223
-3752
-3246
-2329
-1048
389
1986
3873
5838
7250
7811
7848
8080
8801
9712
10258
10160
9587
8826
8121
7551
7109
6543
5558
4110
2550
1202
3
-1191
-2309
-3134
-3823
-4743
-5936
-6993
-7500
-7495
-7253
-7023
-6872
-6802
-6653
-6167
-5206
-3951
-2818
-1993
-1368
-641
237
1133
1952
2743
3502
3986
4065
3878
3767
3801
3842
3706
3282
2510
1459
457
-323
-949
-1662
-2440
-3141
-3742
-4302
-4780
-4978
-4871
-4574
-4290
-4052
-3792
-3409
-2845
-2111
-1239
-356
437
1092
1731
2437
3181
3834
4349
4746
4990
5048
4940
4821
4739
4608
4313
3867
3366
2841
2316
1827
1420
1012
503
-105
-662
-1062
-1340
-1545
-1691
-1753
-1777
-1794
-1773
-1624
-1313
-894
-442
-6
388
692
850
897
967
1144
1387
1555
1599
1527
1441
1389
1369
1273
889
-112
-2176
-5138
-8045
-9553
-9604
-9345
-9763
-10428
-10340
-9609
-8879
-8350
-7361
-5876
-4508
-3682
-3019
-1985
-500
1459
3804
6315
8238
9355
10053
11045
12458
13618
14006
13563
12858
12098
11094
9703
8371
7519
6846
5644
3730
1784
198
-1067
-2312
-3511
-4667
-6094
-7701
-9008
-9498
-9383
-9134
-8846
-8293
-7486
-6728
-6089
-5252
-3886
-2279
-930
-118
488
1341
2415
3506
4396
5154
5672
5713
5364
4941
4671
4347
3760
3014
2201
1157
-158
-1449
-2281
-2750
-3317
-4182
-5350
-6604
-7786
-8534
-8493
-7903
-7328
-7063
-6813
-6050
-4848
-3546
-2246
-871
637
1869
2646
3287
4087
5124
6021
6587
6837
6790
6590
6431
6474
6552
6320
5667
4830
4032
3242
2382
1634
1126
766
239
-533
-1187
-1512
-1559
-1563
-1680
-1816
-1965
-2132
-2138
-1949
-1519
-1030
-595
-132
268
652
1008
1481
2057
2533
2695
2586
2396
2244
2145
1975
1833
1608
1347
970
537
-250
-2154
-5089
-8178
-9725
-10102
-10695
-12146
-13351
-12841
-11642
-10960
-10760
-9530
-7015
-4743
-3714
-3236
-2061
-96
2071
3886
5691
7399
8989
10442
11753
13161
14196
14784
14854
14516
13741
12224
10345
8820
7931
6881
4922
2502
797
-116
-1190
-2826
-4435
-5287
-6027
-7295
-8805
-9700
-9591
-9174
-8855
-8576
-7986
-7006
-5840
-4481
-2860
-1120
413
1593
2605
3653
4531
5113
5630
6250
6686
6375
5580
5063
4973
4740
3833
2645
1677
764
-511
-2091
-3428
-4246
-4937
-5855
-6885
-7727
-8186
-8559
-8767
-8729
-8392
-7900
-7433
-6674
-5630
-4296
-2939
-1528
4
1455
2701
3699
4690
5680
6463
6867
7096
7304
7485
7388
7039
6571
5868
4947
3865
3038
2456
1983
1474
941
527
118
-356
-905
-1299
-1517
-1624
-1768
-1874
-1829
-1778
-1652
-1511
-1172
-733
-302
158
538
914
1154
1355
1562
1776
1893
1911
1882
1906
1913
1765
1566
1290
1196
1095
1059
953
865
525
-1069
-3972
-7211
-8638
-8731
-9389
-11505
-13218
-12599
-11272
-10903
-10998
-8969
-5192
-2575
-2304
-2533
-1049
1360
3090
3806
4845
6522
8152
8995
9433
10613
12344
13864
14098
13393
12527
11471
10135
8537
7115
5584
3430
1064
-644
-1749
-2930
-4231
-4859
-4811
-5378
-6832
-8076
-8047
-7426
-7567
-8238
-8407
-7603
-6595
-5956
-5071
-3236
-764
1201
2169
2947
4349
5907
6746
6727
6642
6661
6171
5141
4191
3824
3542
2830
1937
1135
314
-716
-1688
-2335
-2989
-4061
-5414
-6582
-7401
-8050
-8595
-8771
-8496
-8031
-7540
-6954
-5901
-4477
-3011
-1638
-385
911
2036
2987
3902
4795
5585
6041
6258
6402
6467
6391
6215
6028
5763
5218
4403
3600
2904
2214
1415
612
-19
-595
-1188
-1714
-1983
-1966
-1870
-1835
-1804
-1734
-1589
-1423
-1229
-922
-610
-351
-200
1
377
823
1227
1518
1794
2006
2103
2086
2070
2117
2081
1879
1552
1281
1120
991
910
823
860
804
625
-429
-2642
-5347
-7282
-7809
-8751
-10707
-12753
-12896
-11746
-11389
-11429
-9979
-6343
-3293
-2488
-2430
-751
2041
3776
4050
4528
6286
7942
8468
8345
9290
11455
13163
13446
12757
12437
12397
11545
9784
7948
6574
4954
2470
-142
-1989
-3199
-4261
-5265
-5905
-6412
-7151
-7608
-7547
-7208
-7267
-7533
-7384
-6981
-6730
-6591
-5814
-4129
-2249
-862
223
1681
3648
5282
6083
6499
7071
7515
6930
5599
4588
4220
3695
2373
954
187
-222
-949
-1915
-2540
-2762
-3214
-4181
-5271
-6033
-6423
-6820
-7331
-7696
-7758
-7542
-7169
-6509
-5290
-3792
-2253
-884
405
1734
2910
4060
5037
5791
6218
6341
6401
6374
6226
5949
5621
5266
4792
4098
3432
2896
2432
1819
998
286
-307
-863
-1493
-1995
-2154
-2115
-2141
-2209
-2066
-1635
-1136
-799
-503
-159
159
340
411
594
859
1112
1218
1249
1354
1566
1818
1977
2038
2044
1972
1695
1264
821
560
340
56
-352
-647
-694
-552
-680
-2048
-4308
-6449
-7067
-7420
-9020
-11235
-12054
-10831
-10412
-11227
-11010
-7832
-3996
-2807
-2976
-1520
1842
4042
4115
4322
6328
8420
8650
7819
8107
10107
11721
11863
11229
11240
11870
11505
10007
8427
7610
6701
4520
1713
-433
-1764
-3065
-4561
-5677
-6268
-6823
-7258
-7261
-7006
-6835
-6687
-6129
-5663
-5785
-5935
-5248
-3802
-2729
-2191
-1329
294
2056
3132
3876
4962
6306
6963
6441
5525
5126
4992
4137
2512
1155
551
-148
-1501
-2787
-3114
-2969
-3363
-4250
-4833
-4922
-5108
-5635
-6113
-6195
-6136
-6196
-6509
-6660
-6241
-5099
-3654
-2578
-1674
-470
1241
2745
3684
4506
5583
6580
6701
6151
5813
6043
6187
5600
4696
4263
4169
3741
2873
2244
2229
2154
1467
501
-59
-163
-438
-1051
-1535
-1613
-1479
-1532
-1628
-1384
-857
-367
-180
-119
81
368
582
609
519
498
554
603
562
482
651
951
1122
999
787
832
885
691
242
-134
-276
-509
-921
-1203
-1223
-1605
-3035
-5018
-6225
-6543
-7210
-8740
-9967
-9810
-9310
-9617
-9801
-8329
-5644
-3880
-3343
-2312
-87
2046
3011
3754
5326
6989
7607
7481
7817
8927
9944
10330
10421
10544
10623
10277
9572
8847
8110
7140
5638
3814
1985
274
-1240
-2501
-3506
-4488
-5461
-6121
-6304
-6383
-6556
-6518
-6022
-5537
-5578
-5662
-5100
-4044
-3295
-2894
-2125
-819
385
1155
1981
3234
4461
5010
4985
4887
4920
4725
4070
3174
2364
1649
721
-379
-1306
-1843
-2263
-2842
-3479
-3951
-4253
-4585
-4904
-5107
-5205
-5373
-5847
-6395
-6599
-6188
-5429
-4837
-4192
-3216
-1824
-497
649
2047
3595
4906
5437
5588
5870
6239
6309
5901
5486
5196
4807
4122
3516
3295
3259
3004
2497
2027
1636
1234
752
323
-31
-447
-916
-1338
-1555
-1547
-1414
-1158
-912
-739
-560
-304
51
287
416
526
619
561
328
214
317
487
452
320
302
453
516
362
191
154
121
-224
-645
-920
-802
-686
-513
-807
-2103
-3950
-5418
-5538
-6150
-7721
-9242
-9208
-8459
-9207
-9875
-8561
-5432
-3600
-3707
-2974
-533
1757
2248
2599
4313
6257
6648
6195
6547
7841
9057
9459
9726
9982
10208
10237
9805
9236
8548
7890
6850
5011
2941
1234
61
-1021
-2367
-3649
-4562
-5094
-5496
-6016
-6360
-6125
-5607
-5520
-6036
-6253
-5555
-4679
-4332
-4124
-3175
-1795
-908
-395
561
2153
3460
4010
4173
4390
4648
4553
4093
3446
2814
2227
1382
290
-611
-1016
-1176
-1640
-2350
-2871
-3114
-3402
-3919
-4434
-4756
-5004
-5565
-6237
-6573
-6231
-5578
-5095
-4514
-3606
-2274
-1064
68
1339
2661
3822
4385
4699
4945
5233
5416
5296
5111
4918
4734
4465
4186
4010
3914
3740
3382
2853
2263
1763
1256
697
80
-454
-862
-1259
-1531
-1645
-1494
-1242
-1105
-1017
-913
-643
-411
-332
-262
-140
-32
-71
-154
-48
275
590
823
911
1047
1213
1264
1258
1126
986
680
271
-63
-269
-408
-515
-473
-388
-889
-2469
-4303
-5384
-5761
-6857
-8671
-9732
-9660
-9695
-10558
-10350
-8295
-6006
-5002
-4352
-2533
-510
669
1643
3320
5016
5765
6148
6936
7712
8298
9299
10564
11162
10908
11001
11475
11108
9960
9158
8808
7438
4868
2735
1576
298
-1581
-3061
-3674
-4400
-5611
-6404
-6488
-6480
-6699
-6731
-6601
-6835
-7026
-6586
-5830
-5343
-4814
-3579
-2192
-1372
-578
923
2631
3593
3995
4591
5158
5060
4537
4198
3966
3376
2462
1680
1055
425
-121
-531
-892
-1427
-2007
-2544
-3209
-4137
-5127
-5790
-6237
-6724
-7272
-7347
-6861
-6227
-5575
-4623
-3142
-1672
-528
527
1783
2967
3742
4248
4743
5209
5373
5369
5381
5482
5561
5492
5412
5257
5047
4756
4296
3699
2926
2196
1490
676
-132
-793
-1184
-1533
-1896
-2030
-1919
-1766
-1730
-1700
-1483
-1287
-1270
-1306
-1218
-941
-738
-589
-356
33
475
861
1243
1674
2062
2278
2335
2216
2082
1871
1578
1153
701
391
141
-92
-419
-1138
-2713
-4688
-6156
-6789
-7807
-9526
-10626
-10507
-10282
-11126
-11176
-9156
-6661
-5655
-5294
-3412
-1040
34
523
2263
4650
5761
6021
7006
8508
9367
10130
11522
12717
12694
12325
12606
12396
11015
9633
9191
8334
5868
3331
2130
1245
-653
-2628
-3329
-3658
-4961
-6536
-7134
-7100
-7525
-8220
-8427
-8376
-8473
-8400
-7720
-6770
-5841
-4640
-3095
-1764
-786
455
2064
3357
3856
4148
4648
4902
4558
4042
3980
4086
3703
2911
2281
2014
1671
982
284
-234
-810
-1843
-3355
-4838
-5823
-6297
-6715
-7352
-7694
-7369
-6819
-6470
-5994
-4631
-2896
-1775
-1226
-437
942
2079
2693
3326
4331
5242
5520
5518
5837
6423
6783
6718
6456
6260
5967
5428
4650
3886
3313
2706
1828
794
26
-318
-624
-1145
-1637
-1815
-1858
-2151
-2556
-2623
-2316
-2107
-2152
-2099
-1661
-1123
-753
-381
219
908
1404
1702
1935
2205
2424
2481
2312
2005
1829
1647
1321
879
557
509
234
-529
-2395
-4796
-6761
-7633
-8325
-9984
-11253
-11145
-10341
-11033
-11914
-10450
-7476
-5898
-6223
-5318
-2906
-1442
-1463
-372
2637
5078
5863
6666
8506
9949
10725
11822
13202
13567
13012
12990
12911
11697
10203
9936
9973
8173
5519
4243
3861
2289
-251
-1555
-1789
-3064
-5522
-7190
-7422
-7593
-8433
-8975
-8796
-8611
-8654
-8432
-7648
-6663
-5578
-4297
-3243
-2609
-1814
-397
1105
1944
2495
3432
4329
4441
4068
4213
4859
4987
4310
3569
3253
2809
1728
301
-625
-1147
-1765
-2906
-4072
-4620
-4844
-5141
-5854
-6175
-5959
-5652
-5685
-5762
-5061
-3902
-2940
-2393
-1609
-315
937
1756
2430
3409
4385
4899
4926
5038
5428
5756
5762
5502
5391
5338
5105
4567
3986
3655
3345
2743
1802
987
490
15
-678
-1340
-1624
-1683
-1898
-2252
-2339
-2087
-1782
-1744
-1741
-1483
-1048
-670
-414
21
690
1254
1430
1432
1619
1971
2035
1883
1760
1837
1708
1342
972
886
842
370
-1234
-4069
-6627
-7779
-7967
-9127
-10466
-10384
-9281
-9683
-11360
-11003
-8296
-6283
-6407
-5991
-3840
-2120
-2056
-1454
1104
3791
5185
6208
7801
9189
10230
11602
12959
13339
12993
13000
12744
11407
10071
10162
10620
9506
7414
6166
5550
3935
1581
125
-327
-1467
-3682
-5622
-6531
-7028
-7792
-8376
-8524
-8530
-8750
-8989
-8852
-8277
-7387
-6557
-5995
-5560
-4679
-3331
-1895
-671
573
1919
2786
2945
2828
3102
3592
3808
3710
3585
3467
3090
2456
1825
1395
984
390
-433
-1244
-1798
-2118
-2364
-2647
-2836
-2973
-3218
-3631
-3870
-3618
-3051
-2555
-2197
-1712
-1077
-528
-131
370
1072
1727
2088
2296
2607
3063
3485
3764
3931
4029
4011
3826
3518
3251
3170
3137
2950
2528
2082
1690
1277
782
358
114
-78
-395
-769
-974
-968
-910
-930
-935
-874
-804
-863
-895
-783
-475
-241
-191
-211
-163
-33
-38
-31
-6
124
58
-287
-816
-1419
-2088
-3153
-4164
-4725
-4591
-4570
-4818
-4895
-4623
-4650
-5361
-5800
-5510
-4939
-4750
-4302
-3195
-1910
-1033
-279
740
1627
2207
2654
3294
3944
4654
5611
6594
7259
7559
7844
7945
7614
7054
6797
6791
6550
5979
5493
5247
4786
3900
2852
2017
1173
70
-1011
-1709
-2088
-2510
-2958
-3282
-3590
-4042
-4466
-4750
-4946
-5079
-4894
-4478
-4133
-3846
-3343
-2777
-2575
-2637
-2446
-1966
-1651
-1479
-1092
-429
-3
84
130
276
264
51
-79
-5
83
67
108
180
157
25
-70
-159
-398
-604
-591
-446
-400
-331
-33
279
324
222
293
478
565
621
856
1205
1426
1542
1661
1794
1819
1749
1702
1664
1621
1605
1632
1646
1584
1522
1474
1294
1003
772
731
716
578
514
564
642
505
289
230
201
93
-172
-240
-112
11
-19
0
227
445
462
483
649
565
82
-575
-1184
-2456
-4288
-5518
-5382
-4876
-5097
-5395
-5137
-5173
-6470
-7851
-7855
-6870
-6182
-5586
-4311
-2830
-2027
-1687
-984
-76
679
1483
2635
3861
5007
6388
7842
8698
8811
8832
8969
8811
8384
8464
9175
9608
9155
8273
7504
6529
5096
3718
2963
2524
1800
822
-90
-1006
-2142
-3303
-4232
-5005
-5738
-6229
-6385
-6433
-6456
-6282
-5975
-5945
-6157
-6145
-5741
-5378
-5094
-4562
-3654
-2904
-2501
-2146
-1617
-1144
-883
-539
15
596
1029
1409
1720
1876
1823
1737
1597
1390
1233
1285
1413
1385
1216
1051
800
395
-24
-201
-168
-183
-240
-282
-269
-322
-368
-324
-225
-111
80
350
592
792
1067
1391
1553
1588
1657
1871
2027
2107
2238
2409
2478
2339
2174
2064
1984
1873
1764
1652
1533
1338
1088
752
450
245
100
-3
-122
-185
-251
-267
-350
-429
-469
-367
-278
-194
-66
179
385
105
-1025
-3400
-5599
-6251
-5039
-3986
-3761
-3573
-3403
-4858
-7840
-9592
-8550
-6631
-5488
-4362
-2954
-2425
-3461
-4232
-3664
-2424
-892
903
2692
3613
4127
5064
5771
5822
5923
6844
7851
8124
8404
9413
10206
9789
8485
7459
6850
6206
5827
5952
6235
5719
4181
2230
383
-1025
-1782
-1871
-1793
-2086
-2784
-3722
-4898
-6086
-6632
-6463
-6168
-6354
-6392
-5941
-5460
-5496
-5662
-5402
-4978
-4778
-4483
-3626
-2452
-1549
-1091
-817
-744
-700
-434
199
1025
1791
2404
2642
2331
1920
1854
2213
2494
2623
2768
2760
2324
1588
1086
987
927
743
611
484
230
-214
-552
-737
-855
-894
-871
-840
-817
-699
-462
-344
-361
-272
27
360
634
986
1465
1755
1754
1668
1745
1934
2106
2311
2468
2462
2200
1880
1619
1498
1521
1594
1559
1303
996
672
421
230
254
335
330
275
241
241
-143
-1116
-2878
-4693
-5660
-5233
-4319
-3869
-4051
-4662
-6011
-8095
-9548
-9093
-7184
-5427
-4416
-4039
-4346
-5264
-5837
-5082
-3205
-938
1069
2362
2654
2441
2703
3640
4830
6177
7788
9087
9450
9173
9075
9236
9283
9207
9218
9264
9022
8492
7769
6820
5715
4557
3457
2486
1800
1349
737
-338
-1802
-3299
-4529
-5434
-5905
-5859
-5539
-5541
-6263
-7404
-8185
-8219
-7670
-6817
-5834
-4992
-4696
-4878
-5107
-4793
-3797
-2529
-1394
-612
-123
138
261
414
832
1582
2357
2793
2874
2857
2834
2747
2519
2358
2375
2378
2235
1971
1765
1491
1081
543
86
-150
-251
-325
-462
-671
-964
-1272
-1519
-1566
-1345
-958
-627
-502
-512
-533
-400
-118
282
716
1061
1265
1343
1385
1435
1604
1941
2319
2553
2534
2336
2080
1875
1774
1770
1822
1848
1731
1464
1071
765
617
661
792
977
937
258
-1512
-4002
-5654
-5282
-3569
-2632
-3064
-4124
-5443
-7523
-9452
-9219
-6655
-4157
-3403
-3954
-4880
-5921
-6425
-5402
-3026
-524
1312
2071
1712
889
1173
2947
4950
6394
7671
8820
8900
8018
7671
8525
9515
9867
9924
10011
9638
8673
7640
6776
5999
5312
4745
3977
2883
1836
801
-681
-2517
-3787
-4181
-4438
-5108
-5856
-6393
-7084
-8118
-8917
-8804
-8015
-7291
-7108
-7244
-7373
-7283
-6960
-6276
-5171
-3856
-2848
-2513
-2555
-2337
-1568
-538
440
1378
2238
2693
2610
2397
2552
3092
3601
3832
3828
3678
3355
2850
2365
2104
2085
2023
1697
1175
668
202
-284
-737
-958
-923
-833
-885
-1056
-1189
-1225
-1177
-1064
-785
-299
243
578
677
751
1045
1476
1843
2151
2536
2911
3024
2904
2820
2927
3070
3111
3074
2957
2680
2285
1944
1773
1738
1721
1594
1414
1212
921
209
-1138
-3236
-5242
-5868
-4594
-3067
-3209
-4943
-6733
-8152
-9648
-10286
-8557
-5525
-4134
-5205
-6824
-7433
-7199
-6155
-3854
-1011
845
1210
849
588
1031
2848
5534
7532
8213
8457
8771
8647
8233
8742
10166
11005
10581
9835
9479
8947
7882
6812
6068
5401
4582
3658
2594
1281
-124
-1514
-3035
-4448
-5186
-5271
-5602
-6732
-8033
-8721
-8911
-9013
-8923
-8358
-7738
-7687
-8003
-7976
-7275
-6188
-5121
-4232
-3567
-3019
-2477
-1927
-1197
-127
1110
1990
2285
2454
2877
3388
3742
4054
4529
4864
4753
4349
3979
3776
3603
3393
3164
2853
2459
1947
1316
707
317
189
61
-228
-521
-704
-909
-1204
-1340
-1133
-782
-545
-455
-417
-321
-149
92
400
795
1256
1603
1789
1911
2056
2253
2495
2732
2984
3161
3223
3108
2926
2792
2755
2774
2784
2903
2965
2318
826
-1393
-4070
-5982
-5589
-3346
-2294
-4172
-7376
-9559
-10833
-12090
-11927
-9119
-6391
-6773
-9329
-10895
-10508
-9222
-7302
-4523
-1945
-865
-1000
-941
-239
1302
4037
6944
8464
8823
9415
10381
10662
10523
11346
12971
13760
13232
12654
12434
11652
10224
9082
8529
8063
7304
6164
4508
2413
430
-1069
-2320
-3349
-3924
-4394
-5586
-7518
-9160
-9944
-10195
-10099
-9686
-9255
-9324
-9877
-10399
-10384
-9543
-8083
-6643
-5665
-5147
-4663
-4037
-3314
-2233
-675
900
1868
2287
2632
3123
3683
4241
4870
5533
5876
5802
5455
5052
4703
4444
4209
3899
3492
3005
2322
1477
649
108
-186
-470
-800
-1126
-1466
-1863
-2206
-2279
-2069
-1750
-1499
-1386
-1282
-1082
-701
-226
241
664
1050
1437
1819
2196
2664
3138
3483
3569
3586
3709
3965
4265
4552
4729
4461
3513
1956
-491
-3313
-4478
-2617
-90
-731
-4509
-7756
-8778
-9574
-10857
-10000
-6632
-5035
-7578
-11021
-11499
-9733
-8183
-6796
-4659
-2697
-2274
-2732
-2454
-1163
905
3460
5579
6572
7140
8346
9548
9584
9293
10331
12291
13239
12867
12591
12642
11754
9814
8430
8611
9272
8826
7077
4871
2733
806
-817
-1780
-2070
-2342
-3483
-5682
-7977
-9324
-9645
-9605
-9652
-9706
-9759
-10248
-11165
-11743
-11342
-10123
-8711
-7563
-6755
-6193
-5763
-5354
-4609
-3185
-1229
642
1750
2195
2534
3012
3566
4291
5389
6549
7128
6924
6331
5881
5673
5573
5584
5604
5394
4718
3631
2481
1604
1127
856
534
58
-543
-1261
-2023
-2633
-2805
-2547
-2183
-2023
-2053
-2092
-2102
-2010
-1695
-1049
-233
573
1273
1681
1741
1810
2303
3085
3763
4251
4665
4654
3985
2989
2096
472
-1821
-2579
-441
1667
69
-4186
-6793
-6904
-7404
-8806
-8017
-4984
-4195
-7515
-10944
-10719
-8425
-7057
-6287
-4548
-2757
-2636
-3465
-3175
-1460
761
2818
4510
5566
6243
7105
7961
8167
8211
9288
11244
12392
12100
11506
11294
10629
9076
7988
8486
9450
8950
6851
4606
3013
1587
55
-899
-985
-1230
-2662
-4940
-6929
-8016
-8476
-8762
-8969
-9028
-9169
-9809
-10953
-11808
-11485
-10124
-8819
-8133
-7593
-6928
-6502
-6312
-5553
-3771
-1629
-57
800
1441
2128
2790
3473
4430
5714
6971
7636
7528
7091
6872
6887
6878
6870
6996
6948
6246
4940
3636
2803
2352
1974
1533
1009
328
-636
-1797
-2730
-3021
-2778
-2616
-2810
-3074
-3247
-3612
-3942
-3578
-2652
-2086
-1966
-1631
-1006
-736
-790
-444
543
1444
2031
2736
3238
2112
-588
-2585
-1970
472
2173
1753
-64
-1891
-3656
-5366
-5793
-3918
-1393
-963
-3007
-5144
-5628
-5141
-4781
-4015
-2303
-727
-617
-1253
-1294
-532
300
1038
2063
3472
4926
5900
6094
5620
5120
5386
6425
7564
8397
8990
8909
7613
5691
4708
5212
6137
6265
5541
4521
3132
1228
-476
-1002
-576
-445
-1253
-2744
-4412
-5996
-7135
-7337
-6778
-6332
-6697
-7584
-8354
-8802
-8906
-8485
-7525
-6451
-5681
-5224
-4888
-4574
-4097
-3332
-2258
-983
338
1530
2260
2492
2565
2937
3697
4632
5600
6352
6550
6132
5464
5040
5086
5450
5690
5496
4822
3904
2954
2172
1682
1497
1368
894
103
-707
-1230
-1402
-1398
-1625
-2126
-2328
-2038
-1858
-2117
-2293
-1997
-1731
-1933
-2032
-1361
-1034
-2688
-5102
-5210
-2806
-1270
-2240
-3642
-3601
-3493
-4781
-5768
-4271
-1800
-1524
-3222
-3930
-2833
-1766
-1631
-1203
59
1178
1363
1326
1949
3064
3929
4247
4335
4628
5398
6415
6944
6702
6262
6224
6230
5933
5854
6501
7039
6250
4512
3391
3374
3355
2678
2059
1945
1468
-42
-1613
-2066
-1797
-2037
-2892
-3538
-3720
-4030
-4839
-5823
-6381
-6272
-5833
-5599
-5664
-5674
-5569
-5754
-6188
-6022
-4865
-3548
-2966
-2843
-2496
-2002
-1769
-1509
-662
612
1551
1861
1926
2171
2532
2767
2938
3375
4020
4377
4219
3908
3797
3732
3438
3102
3065
3214
3094
2578
1991
1554
1140
682
391
385
449
281
-133
-548
-773
-932
-1186
-1373
-1229
-913
-813
-1021
-1219
-1182
-1223
-1966
-3308
-4076
-3401
-2144
-1865
-2625
-3144
-3158
-3839
-5237
-5457
-3612
-1772
-1949
-3040
-2935
-2086
-2200
-2749
-1803
356
1515
1158
1083
2166
3146
3121
3066
3911
4984
5376
5438
5856
6362
6344
5903
5510
5283
5194
5285
5346
4994
4286
3588
2856
1822
857
626
868
586
-391
-1214
-1563
-2105
-3069
-3632
-3360
-3044
-3407
-3941
-3885
-3600
-3956
-4785
-5051
-4453
-3793
-3612
-3469
-2953
-2519
-2725
-3162
-2970
-2095
-1266
-849
-491
41
388
286
150
491
1134
1517
1523
1532
1734
1854
1674
1418
1363
1402
1281
1026
873
886
883
729
514
380
318
222
88
19
80
200
256
231
215
221
172
63
31
149
286
311
279
298
320
241
123
125
261
386
362
163
-126
-347
-422
-440
-479
-454
-317
-270
-524
-905
-1059
-980
-942
-990
-883
-608
-470
-575
-641
-477
-250
-147
-82
89
292
379
384
457
631
801
909
1003
1108
1155
1109
1045
1052
1116
1180
1217
1215
1159
1073
975
849
703
619
613
570
400
203
82
-11
-146
-262
-269
-220
-244
-360
-452
-465
-454
-481
-487
-426
-383
-450
-574
-640
-642
-644
-637
-577
-517
-542
-623
-671
-660
-639
-630
-624
-610
-595
-585
-568
-539
-505
-485
-474
-457
-447
-460
-487
-517
-534
-523
-488
-442
-427
-466
-541
-602
-610
-568
-494
-390
-264
-170
-155
-175
-138
-21
124
273
435
578
653
677
736
876
1076
1286
1450
1525
1510
1455
1440
1485
1538
1566
1573
1539
1419
1213
1012
889
826
759
665
559
428
238
16
-168
-276
-349
-446
-558
-649
-728
-833
-947
-990
-949
-908
-936
-995
-1017
-1012
-998
-946
-836
-728
-687
-698
-700
-656
-572
-470
-362
-300
-306
-346
-367
-369
-369
-343
-267
-197
-194
-237
-258
-256
-257
-230
-167
-110
-95
-85
-46
-11
-6
6
56
124
200
286
376
430
451
493
580
684
764
810
832
846
864
894
946
1014
1051
1018
930
851
805
769
733
700
638
517
376
268
208
159
92
5
-111
-256
-404
-516
-589
-646
-711
-786
-860
-937
-996
-1004
-973
-945
-943
-909
-812
-694
-611
-559
-497
-434
-368
-276
-139
0
94
146
182
211
224
251
312
388
417
369
293
228
179
119
65
35
-1
-90
-215
-317
-382
-432
-470
-475
-457
-456
-468
-470
-438
-399
-347
-269
-171
-72
10
83
144
201
276
378
485
560
603
638
668
675
670
688
724
725
665
608
602
606
567
508
482
459
381
261
177
150
138
118
108
113
95
40
-40
-101
-102
-51
2
24
23
11
-37
-104
-126
-84
-33
-19
-41
-89
-157
-213
-236
-252
-284
-316
-347
-405
-477
-511
-506
-526
-599
-659
-642
-598
-610
-667
-694
-670
-653
-666
-639
-542
-457
-460
-488
-446
-340
-249
-183
-103
-21
15
27
103
270
448
552
576
585
624
685
754
840
936
1000
986
924
884
874
851
803
764
722
633
501
382
306
235
156
82
9
-93
-206
-288
-344
-403
-448
-449
-439
-477
-547
-577
-568
-573
-580
-528
-420
-358
-384
-416
-389
-336
-303
-269
-201
-149
-145
-150
-109
-56
-49
-75
-83
-64
-53
-53
-45
-21
-14
-35
-59
-60
-35
-1
29
43
44
63
121
184
208
199
202
231
262
294
355
435
466
422
363
360
400
431
443
455
459
425
361
304
297
319
319
268
202
165
138
79
1
-45
-64
-112
-198
-254
-260
-285
-379
-488
-535
-540
-553
-571
-571
-575
-632
-694
-679
-584
-490
-441
-419
-400
-394
-373
-286
-143
-14
58
97
122
139
162
215
290
355
395
410
408
384
357
340
335
338
345
354
345
299
228
168
157
180
197
193
176
139
70
-8
-31
17
70
70
27
-17
-61
-116
-149
-121
-70
-64
-107
-151
-172
-192
-213
-210
-177
-150
-155
-172
-171
-156
-152
-168
-167
-129
-86
-80
-92
-88
-81
-100
-118
-91
-34
-12
-39
-71
-78
-78
-80
-67
-31
-13
-33
-51
-32
10
32
43
59
76
74
76
120
190
232
242
256
272
271
266
288
325
339
334
344
363
361
335
307
286
251
212
188
181
163
114
44
-19
-62
-93
-120
-133
-141
-172
-233
-292
-308
-297
-297
-301
-286
-252
-241
-260
-271
-251
-219
-206
-194
-155
-97
-62
-69
-84
-70
-39
-23
-9
25
69
81
54
28
30
59
81
78
50
20
2
-11
-28
-24
1
10
-37
-115
-155
-133
-105
-113
-133
-130
-131
-173
-224
-221
-166
-132
-144
-146
-110
-75
-88
-106
-75
-2
57
92
137
188
209
190
188
243
326
374
383
376
359
331
297
296
319
320
288
240
197
151
92
46
26
5
-37
-87
-110
-118
-139
-165
-171
-163
-173
-195
-187
-149
-115
-106
-93
-70
-62
-74
-68
-26
12
17
10
21
25
-8
-44
-39
-3
7
-8
-8
8
-5
-52
-79
-58
-32
-29
-33
-18
-8
-27
-57
-65
-48
-33
-20
-5
5
5
2
-1
-1
-3
13
45
68
69
67
84
94
77
58
77
121
140
128
123
137
132
95
74
99
127
115
76
52
41
18
-20
-39
-33
-38
-78
-127
-151
-161
-180
-202
-212
-208
-217
-240
-261
-270
-271
-268
-260
-240
-216
-203
-196
-186
-176
-155
-118
-60
2
49
76
97
122
146
180
230
290
328
332
319
315
317
304
286
280
279
252
205
169
141
99
49
22
23
16
-11
-39
-53
-68
-91
-105
-84
-57
-55
-79
-103
-115
-128
-141
-133
-114
-103
-119
-145
-157
-155
-141
-124
-102
-85
-77
-77
-71
-54
-32
-13
-2
8
15
20
26
37
48
56
54
52
50
50
45
42
45
49
49
45
42
36
28
29
40
53
62
71
81
81
69
70
90
107
103
97
105
113
97
71
63
66
59
46
47
53
47
19
-10
-20
-20
-20
-19
-17
-24
-51
-86
-113
-126
-128
-131
-138
-150
-172
-202
-228
-234
-223
-206
-190
-180
-173
-164
-157
-144
-118
-82
-50
-27
-7
15
31
36
43
62
87
105
113
116
115
107
100
101
110
122
127
121
106
92
87
88
90
91
94
91
84
76
77
87
88
81
72
72
74
68
58
51
47
38
18
1
-6
-9
-19
-37
-52
-62
-72
-83
-95
-103
-101
-100
-102
-104
-100
-91
-91
-96
-91
-74
-55
-46
-43
-35
-32
-36
-39
-35
-19
-8
-3
-6
-7
-6
-8
-9
-3
13
30
37
36
38
45
57
62
65
76
85
86
81
78
83
86
78
64
57
55
43
23
14
7
-3
-23
-41
-43
-42
-48
-59
-63
-64
-69
-76
-75
-58
-47
-41
-37
-31
-29
-28
-24
-9
13
27
32
34
33
31
30
34
46
56
60
51
43
35
33
30
28
31
33
24
6
-9
-12
-10
-18
-27
-27
-29
-37
-50
-52
-41
-38
-40
-43
-40
-38
-44
-52
-47
-35
-24
-21
-22
-25
-27
-32
-35
-27
-13
-3
-5
-13
-22
-22
-19
-17
-12
-1
4
5
-2
-1
4
9
14
17
26
32
35
36
36
41
45
47
46
50
56
58
57
56
57
59
59
57
60
61
58
59
62
64
61
52
51
47
43
39
38
37
22
2
-11
-20
-34
-44
-44
-45
-60
-78
-86
-94
-106
-115
-111
-100
-97
-94
-86
-81
-88
-94
-88
-70
-50
-33
-17
-7
-7
-13
-13
-3
16
31
37
37
31
21
13
12
22
35
37
28
15
8
4
3
7
21
30
30
19
15
16
19
20
26
35
42
42
36
31
26
23
21
25
33
38
35
27
20
16
18
21
27
29
29
20
8
2
2
7
10
9
2
-9
-19
-28
-32
-34
-32
-34
-36
-41
-48
-53
-60
-64
-65
-59
-52
-49
-50
-54
-56
-54
-47
-36
-26
-20
-17
-18
-18
-13
-4
6
12
15
17
19
20
26
30
33
32
29
27
28
32
34
35
31
29
26
22
23
25
23
22
17
15
12
10
7
10
12
14
12
10
11
11
9
7
10
12
14
11
6
3
-1
-7
-8
-7
-3
-4
-9
-13
-13
-12
-14
-15
-11
-9
-11
-12
-12
-7
-2
-2
-3
-1
1
-1
-3
-2
1
2
3
0
-2
-2
-1
-3
-5
-6
-6
-5
-8
-7
-4
-3
-5
-10
-11
-11
-6
-3
-1
-2
-1
-1
-4
-4
-1
3
3
3
3
5
5
2
1
1
5
4
5
6
6
3
-1
-3
-2
-4
-3
0
1
-2
-5
-7
-6
-5
-4
-2
1
2
0
-1
-2
-2
-4
-2
0
3
4
2
4
3
7
6
5
5
6
5
2
2
1
1
-1
-2
-1
-1
-1
-2
-2
-2
-3
-4
-6
-6
-7
-5
-6
-7
-7
-8
-6
-4
-5
-3
-1
-1
-2
-1
2
5
7
6
7
9
12
13
12
15
15
15
14
15
19
18
15
11
8
6
6
6
4
2
-2
-6
-11
-9
-9
-10
-15
-17
-18
-18
-19
-22
-21
-21
-22
-22
-18
-17
-14
-12
-12
-10
-9
-5
-1
5
9
12
12
13
14
21
27
30
31
29
25
21
19
21
23
23
18
12
