4
5
5
4
3
2
1
3
2
4
2
2
2
1
2
1
1
1
0
1
0
0
-2
-2
-2
0
-1
0
0
-2
1
-1
1
-2
-2
-1
-2
-2
-4
-5
-3
-3
-5
-3
-2
-1
-1
-1
-2
-3
-1
-3
-3
-3
-3
-3
-3
-3
-1
0
0
-1
0
1
1
0
1
4
2
0
1
1
0
0
2
2
2
2
4
4
3
3
4
3
4
2
4
2
0
1
0
0
0
0
1
2
0
0
0
1
1
0
1
1
1
0
-1
-1
-1
-1
-1
-1
0
0
0
0
-1
-2
-1
-1
-1
1
0
-1
-2
-2
-1
-4
-5
-3
-4
-3
-2
-3
-2
-3
-1
-1
1
-2
-2
-2
-1
-1
0
0
1
2
2
1
0
1
2
3
0
1
2
3
1
2
3
4
4
1
3
4
0
0
-1
-2
-2
-1
1
3
3
2
1
-1
0
1
0
0
0
-1
0
1
0
2
2
1
0
-2
-1
0
-2
-2
0
-1
-1
-1
-1
0
-4
-5
-3
-2
-5
-7
-4
-2
-3
-2
0
1
2
2
2
3
2
2
2
1
0
1
1
2
1
0
0
-1
-1
1
2
2
0
-2
1
1
-1
1
0
1
-1
-1
-1
-2
-4
-5
-4
-2
-1
0
0
0
-4
-3
-4
-3
-4
-4
-2
-2
-1
1
2
3
2
1
4
6
4
5
5
3
2
1
4
5
3
3
3
2
-1
0
3
1
0
0
1
1
-2
-1
1
0
-2
-2
-1
0
-3
-4
-3
-3
-3
-3
-1
-1
-1
0
-2
1
3
2
3
4
6
5
5
3
4
4
0
0
2
4
1
-1
2
1
-1
-3
-2
-1
-2
-2
0
0
-2
-4
-5
-2
-1
0
2
1
0
1
0
0
-4
-2
-1
-4
-7
-6
-2
-7
-10
-9
-6
-7
-11
-10
-5
-6
-8
-8
-3
-2
-3
-1
0
2
2
3
3
3
4
4
4
3
4
6
4
3
3
4
4
3
3
6
6
4
4
3
5
2
2
4
4
3
5
4
4
6
6
7
6
7
8
8
6
6
6
5
5
4
4
3
2
1
2
2
0
-3
-3
-3
-5
-6
-4
-5
-6
-6
-6
-5
-6
-7
-8
-6
-6
-6
-5
-4
-3
-2
-1
-1
0
0
0
-2
-4
-3
-1
-2
-3
-2
-2
-3
-6
-5
-6
-3
-3
-2
0
2
0
-3
-2
-1
1
1
-1
-1
0
0
-1
2
1
-1
-1
1
0
-2
-2
0
0
0
-1
-1
-1
-4
-2
-1
-4
-6
-4
-1
-4
-8
-5
-5
-10
-11
-6
-3
-5
-6
-2
2
2
2
4
7
3
4
9
10
12
16
19
16
15
22
26
25
25
30
37
33
30
37
38
38
43
49
50
44
45
54
51
42
40
43
42
34
33
39
34
24
20
19
10
-5
-5
1
-2
-15
-20
-16
-24
-40
-43
-40
-44
-56
-59
-47
-48
-65
-72
-73
-77
-90
-88
-69
-68
-85
-94
-88
-87
-103
-109
-92
-85
-92
-92
-84
-74
-80
-88
-80
-85
-94
-85
-65
-49
-53
-58
-57
-61
-64
-53
-39
-32
-31
-30
-30
-43
-51
-43
-39
-56
-70
-59
-37
-38
-53
-59
-61
-74
-91
-93
-81
-77
-74
-65
-68
-65
-51
-23
-4
6
42
98
148
194
261
335
380
432
513
595
661
695
770
869
893
890
877
877
905
894
878
867
832
834
821
762
694
622
582
535
452
393
345
281
202
125
76
24
-58
-157
-241
-297
-351
-415
-484
-545
-594
-651
-712
-756
-777
-810
-870
-915
-924
-923
-950
-965
-929
-863
-810
-764
-695
-611
-525
-431
-347
-298
-250
-144
-15
65
126
250
381
381
259
115
-115
-617
-1337
-1931
-2287
-2931
-4439
-6332
-7184
-6382
-5196
-5121
-5647
-5159
-3759
-3165
-3545
-2837
-186
2300
2814
2739
4247
6646
7600
6901
6539
7359
7991
7395
6510
6584
7156
6772
5134
3497
2931
2966
2440
1270
487
504
439
-419
-1398
-1546
-1179
-1250
-1748
-1789
-1030
-88
396
470
596
949
1050
396
-511
-584
137
325
-479
-1101
-900
-1023
-2252
-3408
-3414
-3142
-3612
-4130
-3771
-3191
-3330
-3792
-3835
-3653
-3600
-3354
-2703
-2066
-1671
-1255
-821
-644
-522
-34
606
952
1209
1767
2322
2366
2130
2086
2070
1724
1304
1211
1251
1035
677
456
270
-36
-258
-172
87
326
595
964
1294
1483
1616
1777
1931
2069
2223
2372
2443
2421
2341
2202
2001
1763
1471
1053
523
-85
-796
-1536
-2218
-3393
-5943
-9237
-10799
-9462
-7597
-7854
-9048
-8365
-6478
-6408
-7739
-6761
-2799
325
521
689
3619
7405
8737
7987
7938
9195
9856
9077
8369
9069
10226
9884
7695
5344
4327
4105
3171
1441
322
344
231
-999
-2418
-2765
-2544
-3098
-4346
-4855
-3979
-2616
-1758
-1322
-727
41
486
502
651
1422
2480
3027
2839
2505
2471
2357
1582
313
-786
-1547
-2380
-3357
-3979
-4092
-4275
-4992
-6033
-7093
-8025
-8461
-8182
-7840
-8044
-8015
-6670
-4661
-3443
-2847
-1719
-340
253
636
2091
4099
5193
5512
6034
6427
5931
5202
5148
5155
4404
3506
3237
3077
2400
1668
1319
879
91
-420
-236
210
497
683
788
705
588
638
758
863
1107
1468
1689
1791
2022
2312
2366
2262
2292
2393
2340
2239
2269
2217
1799
1169
649
225
-297
-830
-1140
-1297
-1594
-2073
-2467
-2720
-3122
-3761
-4340
-5040
-6824
-9751
-11751
-10743
-7819
-6300
-7379
-8608
-7751
-6045
-5851
-6612
-5623
-2384
478
1201
1424
3438
6618
8396
7921
6944
7185
8314
8986
8913
8967
9488
9475
8030
5870
4498
4165
3732
2595
1539
1272
1187
444
-624
-1152
-1306
-2041
-3356
-4019
-3335
-2144
-1534
-1361
-878
-173
18
-335
-342
490
1555
2051
2075
2308
2893
3184
2676
1699
897
339
-386
-1298
-1861
-1846
-1844
-2494
-3574
-4373
-4752
-5175
-5769
-6168
-6425
-7056
-7878
-7810
-6471
-5035
-4636
-4821
-4463
-3462
-2440
-1480
-252
992
1719
2136
2930
4075
4842
4954
4883
4909
4775
4424
4289
4535
4647
4159
3308
2634
2283
2059
1857
1704
1501
1129
753
674
867
942
693
370
226
177
99
134
410
707
759
669
694
835
937
1018
1158
1213
1029
753
619
574
394
41
-351
-717
-1062
-1322
-1436
-1522
-1785
-2214
-2553
-2695
-2813
-3032
-3252
-3537
-4276
-5552
-6577
-6404
-5147
-3977
-3762
-4201
-4453
-4182
-3611
-2953
-2243
-1608
-1208
-854
-57
1346
2881
3907
4255
4234
4215
4369
4686
5065
5404
5635
5674
5430
5019
4756
4741
4660
4217
3525
2921
2542
2291
2136
2120
2097
1789
1150
469
26
-174
-310
-491
-713
-944
-1135
-1213
-1165
-1067
-1043
-1187
-1492
-1825
-1981
-1893
-1695
-1574
-1590
-1692
-1857
-2079
-2286
-2371
-2356
-2384
-2507
-2606
-2550
-2362
-2173
-2035
-1926
-1851
-1868
-1940
-1917
-1683
-1314
-997
-832
-782
-765
-709
-622
-600
-744
-986
-1084
-849
-360
134
430
489
401
331
416
650
902
1057
1118
1162
1277
1521
1854
2090
2063
1836
1638
1631
1805
2059
2270
2326
2213
2040
1949
1977
2031
1976
1757
1464
1282
1295
1386
1382
1221
940
603
313
168
143
120
33
-103
-237
-328
-342
-317
-335
-433
-570
-678
-715
-674
-615
-619
-710
-841
-965
-1078
-1150
-1157
-1136
-1143
-1159
-1139
-1114
-1114
-1097
-1025
-969
-1003
-1077
-1116
-1113
-1101
-1082
-1104
-1233
-1432
-1587
-1642
-1632
-1564
-1438
-1334
-1359
-1454
-1448
-1285
-1086
-957
-883
-787
-644
-457
-203
137
511
811
998
1129
1300
1535
1806
2054
2228
2333
2422
2528
2634
2707
2752
2760
2699
2556
2380
2217
2095
2018
1935
1783
1575
1376
1198
1027
864
708
528
304
82
-101
-300
-510
-626
-677
-807
-1024
-1215
-1337
-1424
-1512
-1584
-1643
-1731
-1816
-1818
-1783
-1805
-1853
-1873
-1876
-1852
-1796
-1752
-1687
-1565
-1411
-1277
-1259
-1384
-1519
-1578
-1531
-1318
-1017
-779
-602
-420
-193
87
332
435
407
379
466
620
781
1031
1343
1492
1411
1280
1313
1501
1593
1483
1379
1429
1538
1586
1577
1553
1496
1400
1279
1095
947
954
981
991
986
763
514
542
495
266
170
47
-134
-164
-266
-336
-154
-230
-616
-756
-777
-886
-883
-868
-892
-874
-943
-988
-866
-810
-823
-702
-533
-427
-350
-246
-146
-125
-96
38
138
143
137
139
155
157
96
-36
-256
-485
-577
-623
-791
-1059
-1344
-1572
-1734
-1867
-1902
-1815
-1714
-1637
-1536
-1394
-1209
-1018
-837
-599
-316
-61
171
410
691
1017
1336
1637
1931
2166
2293
2351
2402
2489
2579
2602
2562
2505
2449
2390
2310
2152
1926
1686
1418
1108
811
602
462
305
80
-179
-430
-679
-879
-982
-1067
-1235
-1443
-1570
-1585
-1541
-1461
-1347
-1285
-1335
-1387
-1335
-1241
-1209
-1229
-1190
-1055
-927
-981
-1263
-1584
-1691
-1493
-1124
-885
-1005
-1346
-1498
-1155
-390
351
686
588
240
-31
121
661
1111
1086
706
406
491
920
1404
1589
1281
749
485
556
634
514
272
103
297
1015
1849
2088
1595
999
864
1074
1219
1145
950
769
759
941
989
565
-127
-595
-654
-483
-357
-445
-719
-1025
-1117
-853
-522
-513
-822
-1099
-1015
-602
-245
-169
-275
-380
-324
-88
168
315
368
429
582
720
676
489
368
438
604
664
503
175
-198
-488
-698
-1061
-1836
-2966
-4117
-4928
-5194
-4984
-4569
-4243
-4089
-3955
-3673
-3250
-2775
-2306
-1841
-1343
-751
25
1057
2281
3505
4565
5387
5930
6170
6184
6170
6269
6433
6510
6405
6124
5752
5392
5056
4628
3967
3049
1966
860
-112
-845
-1365
-1812
-2296
-2808
-3268
-3637
-3951
-4230
-4405
-4434
-4391
-4373
-4308
-4020
-3464
-2814
-2219
-1704
-1260
-931
-700
-513
-407
-456
-558
-514
-388
-477
-839
-1073
-839
-285
166
310
213
11
-144
-113
53
92
-124
-366
-337
-45
286
528
708
846
932
996
1082
1168
1234
1342
1548
1781
1896
1847
1759
1758
1800
1714
1439
1123
909
778
640
485
355
233
78
-64
-129
-179
-301
-457
-487
-348
-190
-140
-128
-21
181
370
485
559
624
695
815
990
1150
1206
1158
1067
962
834
693
593
582
649
708
667
522
315
-3
-555
-1336
-2208
-3344
-5353
-8469
-11642
-13095
-12229
-10445
-9561
-9702
-9508
-8200
-6519
-5472
-4888
-3933
-2426
-928
289
1731
3949
6814
9700
12089
13740
14569
14626
14245
13930
13903
13787
12992
11505
10039
9214
8717
7718
6000
4158
2553
700
-1902
-4758
-6789
-7648
-8045
-8724
-9582
-10055
-9941
-9503
-8969
-8307
-7530
-6841
-6333
-5717
-4607
-3006
-1307
215
1674
3176
4421
5014
5110
5303
5765
5923
5259
4105
3226
2792
2231
1122
-277
-1507
-2578
-3820
-5264
-6526
-7301
-7745
-8314
-9309
-10490
-11155
-10626
-8849
-6499
-4352
-2613
-928
976
2905
4468
5552
6343
6970
7365
7454
7368
7401
7705
8091
8176
7677
6695
5649
4869
4301
3600
2574
1435
512
-127
-668
-1222
-1694
-2013
-2274
-2600
-2957
-3190
-3166
-2837
-2281
-1677
-1132
-559
253
1319
2377
3153
3609
3896
4089
4123
3926
3568
3188
2839
2425
1877
1289
820
460
30
-540
-1188
-1944
-2934
-4162
-5684
-8093
-12010
-16692
-19835
-19890
-18146
-17189
-17392
-16558
-13398
-9644
-7565
-6625
-4516
-857
2121
2868
2848
4629
8653
13018
16083
18061
19973
21888
22854
22320
20922
19555
18180
16048
12991
9861
7452
5624
3890
2273
905
-749
-3335
-6429
-8813
-10150
-11388
-13155
-14661
-14867
-14051
-13268
-12589
-10949
-7914
-4654
-2587
-1660
-626
1177
3059
4154
4714
5629
7018
8050
8191
8023
8326
8834
8536
7076
5115
3249
1322
-964
-3200
-4813
-6011
-7399
-8950
-10155
-11264
-12996
-15122
-16102
-15171
-13534
-12522
-11642
-9538
-6319
-3203
-665
2036
5083
7474
8588
8997
9481
10001
10223
10161
9968
9447
8549
7787
7504
7259
6439
5187
4086
3173
1882
170
-1171
-1699
-1970
-2649
-3469
-3700
-3289
-2864
-2676
-2407
-1920
-1496
-1257
-909
-267
518
1332
2309
3383
4168
4560
4924
5471
5794
5467
4716
4040
3463
2621
1528
609
74
-413
-1165
-1956
-2397
-2524
-2711
-3059
-3348
-3544
-3952
-4719
-5729
-7364
-10396
-14570
-17883
-18595
-17631
-17327
-17859
-16805
-13038
-8819
-6621
-5324
-2089
2780
5801
5379
4366
6100
9902
12502
12988
13816
16819
20349
21581
20444
19494
20104
20378
17857
13075
8972
6944
5211
1912
-1845
-3619
-3451
-3873
-6079
-8259
-8573
-8018
-8718
-10719
-12145
-12124
-11697
-11690
-11335
-9595
-6807
-4080
-1801
460
2866
4947
6330
7165
7696
7808
7335
6547
5924
5542
5008
4165
3392
2976
2466
1198
-659
-2254
-3362
-4785
-7039
-9330
-10575
-11063
-12105
-13913
-15039
-14356
-12701
-11529
-10662
-8752
-5645
-2844
-1166
412
2947
5712
7322
7836
8404
9430
10189
10200
9852
9625
9402
8830
7869
6766
5757
4918
4119
3116
1877
716
-43
-519
-1121
-1880
-2342
-2275
-2104
-2283
-2519
-2206
-1432
-923
-900
-739
-19
803
1197
1440
2081
2984
3539
3643
3758
4078
4235
3941
3394
2884
2391
1766
1032
321
-311
-888
-1420
-1918
-2379
-2718
-2841
-2825
-2892
-3078
-3107
-2842
-2621
-2836
-3392
-4130
-5661
-8659
-12289
-14554
-14892
-15122
-16526
-17457
-15712
-12275
-9974
-8880
-6081
-770
3707
4692
4296
6064
9483
11122
10343
10298
12834
15673
16137
15238
15885
18308
19747
18476
15983
14409
13408
10988
6778
2813
687
-623
-2985
-6159
-8111
-8089
-7672
-8291
-9172
-8904
-7872
-7642
-8440
-8877
-8137
-7014
-6361
-5798
-4573
-2789
-989
762
2683
4617
6219
7415
8185
8272
7566
6520
5586
4538
2902
893
-745
-1789
-2800
-4111
-5193
-5502
-5470
-5985
-7121
-8072
-8369
-8512
-9200
-10509
-11904
-12678
-12486
-11564
-10385
-8726
-5918
-2246
884
3057
5591
9049
11741
12134
11420
11474
11685
10250
7681
6241
6239
5705
3920
2691
3241
4156
3757
2708
2576
3046
2473
655
-831
-1185
-1465
-2556
-3632
-3562
-2734
-2216
-1969
-1192
105
1095
1504
1844
2350
2662
2581
2396
2335
2331
2340
2403
2415
2275
2180
2321
2411
2069
1445
943
481
-342
-1448
-2312
-2773
-3192
-3725
-4018
-3804
-3325
-2954
-2729
-2494
-2411
-3120
-5191
-8243
-10980
-12618
-13948
-15987
-17886
-17775
-15771
-13995
-12977
-10504
-5409
-180
2512
3821
6445
9919
11483
10924
10992
12790
14117
13419
12374
13010
14614
15359
15236
15414
15832
15369
13782
11809
9782
7417
4708
1928
-1014
-4236
-7153
-8993
-9934
-10684
-11232
-10932
-9806
-8740
-8148
-7408
-5982
-4392
-3494
-3298
-3060
-2374
-1584
-1078
-597
444
2061
3513
4268
4763
5723
6892
7256
6546
5600
4889
3706
1490
-982
-2671
-3787
-5226
-6971
-8168
-8527
-8619
-8812
-8738
-8068
-7301
-7321
-8152
-8726
-8266
-7441
-7215
-7039
-5663
-3395
-1717
-512
1846
5452
8299
9474
10394
11856
12515
11455
9947
9145
8191
6070
3619
2162
1521
803
89
54
617
1057
1102
1101
1275
1373
1105
503
-203
-891
-1579
-2214
-2587
-2538
-2138
-1549
-840
24
1023
2046
2973
3703
4180
4379
4280
3865
3222
2566
2004
1410
692
44
-340
-594
-928
-1219
-1256
-1173
-1263
-1498
-1641
-1684
-1798
-1987
-2164
-2365
-2701
-3366
-4775
-7091
-9566
-11186
-12181
-13675
-15547
-16215
-15236
-14215
-13930
-12670
-9073
-4825
-2188
-482
2352
5963
8255
9087
10327
12421
13725
13538
13186
13600
14072
14035
14078
14447
14402
13695
13042
12564
11419
9500
7790
6448
4292
954
-2178
-4116
-5749
-8034
-10179
-11033
-11036
-11330
-11739
-11179
-9544
-7803
-6500
-5308
-3941
-2580
-1425
-500
211
854
1648
2445
2817
2844
3180
4020
4704
4772
4662
4825
4875
4246
3156
2204
1401
257
-1368
-3090
-4596
-5913
-7112
-8127
-8886
-9408
-9746
-9922
-9917
-9616
-8872
-7749
-6517
-5359
-4129
-2659
-1058
466
1967
3604
5177
6319
7024
7667
8330
8646
8468
8125
7793
7139
6018
4893
4141
3479
2573
1682
1156
813
348
-73
-152
-32
-42
-192
-312
-423
-615
-799
-896
-962
-1021
-978
-826
-651
-368
176
887
1512
2017
2534
3013
3266
3297
3277
3212
2918
2353
1690
1058
443
-184
-737
-1135
-1438
-1742
-2011
-2106
-2006
-1810
-1624
-1488
-1441
-1606
-2286
-3793
-5933
-7959
-9478
-11057
-13199
-15162
-15890
-15728
-15738
-15539
-13686
-10215
-6902
-4491
-1755
2007
5591
7940
9781
11953
13772
14349
14158
14060
13935
13441
12979
12867
12618
11934
11437
11474
11319
10469
9577
9099
8183
6048
3397
1258
-674
-3250
-6164
-8436
-10000
-11520
-12984
-13632
-13199
-12204
-11014
-9518
-7705
-5809
-3922
-2017
-288
1068
2171
3118
3619
3498
3208
3240
3376
3149
2718
2599
2779
2778
2529
2449
2648
2697
2252
1460
575
-408
-1605
-2988
-4414
-5762
-6969
-8056
-9086
-9976
-10493
-10488
-10112
-9536
-8659
-7309
-5620
-3917
-2187
-207
1965
3885
5346
6590
7770
8647
9005
9041
8980
8672
7932
6955
6058
5225
4293
3367
2664
2154
1660
1225
1005
959
903
779
639
454
167
-190
-555
-929
-1304
-1608
-1836
-2024
-2099
-1930
-1550
-1124
-651
-5
771
1476
2041
2587
3114
3433
3463
3329
3104
2694
2061
1326
610
-105
-827
-1444
-1866
-2120
-2236
-2203
-2051
-1880
-1806
-2061
-2977
-4545
-6248
-7693
-9262
-11389
-13532
-14794
-15338
-15985
-16456
-15514
-13022
-10298
-7974
-5160
-1351
2493
5526
8262
11231
13794
15215
15836
16240
16280
15759
15074
14491
13629
12363
11308
10757
10143
9166
8419
8185
7657
6230
4496
3156
1796
-272
-2750
-4927
-6852
-8976
-11131
-12711
-13535
-13848
-13728
-13096
-12012
-10538
-8605
-6299
-3980
-1835
260
2259
3744
4533
4997
5450
5635
5221
4448
3801
3317
2705
1994
1562
1518
1521
1304
989
777
613
279
-319
-1111
-1984
-2951
-4171
-5714
-7304
-8518
-9342
-10100
-10742
-10739
-9933
-8809
-7600
-5822
-3254
-567
1680
3818
6182
8238
9437
10099
10689
10879
10196
8976
7811
6655
5252
3822
2743
1954
1236
722
578
659
787
982
1201
1244
1083
864
562
21
-661
-1249
-1804
-2499
-3140
-3386
-3304
-3168
-2899
-2229
-1257
-338
490
1445
2478
3278
3738
4008
4142
4026
3645
3120
2502
1768
956
160
-583
-1258
-1776
-2076
-2227
-2327
-2359
-2368
-2690
-3655
-5036
-6267
-7315
-8780
-10784
-12541
-13510
-14224
-15169
-15597
-14580
-12550
-10589
-8630
-5792
-2121
1414
4485
7614
10828
13430
15104
16211
16950
17136
16844
16356
15577
14300
12874
11798
10902
9755
8588
7925
7509
6619
5267
4097
3205
1964
134
-1813
-3578
-5427
-7540
-9577
-11149
-12247
-12985
-13346
-13282
-12753
-11656
-9994
-8034
-6012
-3848
-1504
643
2215
3382
4507
5457
5786
5484
5003
4554
3906
2955
2007
1370
959
500
-51
-482
-658
-722
-886
-1215
-1619
-2079
-2745
-3731
-4899
-6000
-6976
-7963
-8950
-9672
-9946
-9820
-9322
-8305
-6720
-4803
-2757
-556
1827
4174
6237
7990
9446
10463
10905
10847
10442
9741
8775
7643
6446
5222
4045
3054
2307
1757
1392
1235
1232
1262
1281
1301
1260
1066
741
338
-171
-806
-1448
-1967
-2373
-2696
-2840
-2726
-2406
-1937
-1272
-426
459
1292
2109
2884
3479
3818
3959
3928
3673
3185
2535
1785
974
160
-595
-1248
-1812
-2294
-2658
-2936
-3425
-4479
-5932
-7184
-8112
-9388
-11291
-12979
-13778
-14338
-15356
-16004
-15114
-13176
-11529
-10060
-7589
-4156
-966
1700
4667
8016
10780
12595
14035
15305
16004
16145
16155
15904
14994
13770
12867
12084
10844
9461
8665
8196
7165
5612
4386
3596
2465
725
-1029
-2508
-4131
-6107
-8014
-9501
-10650
-11563
-12147
-12380
-12278
-11640
-10353
-8731
-7080
-5225
-2982
-765
918
2268
3737
5133
5868
5913
5801
5716
5334
4537
3694
3120
2665
2068
1392
898
646
461
189
-167
-582
-1116
-1829
-2720
-3773
-4944
-6110
-7160
-8168
-9152
-9817
-9871
-9471
-8904
-8000
-6432
-4435
-2519
-642
1569
3902
5746
7058
8245
9256
9624
9374
8981
8524
7692
6539
5479
4615
3733
2857
2231
1861
1556
1284
1122
1009
854
691
500
148
-353
-850
-1342
-1939
-2537
-2915
-3100
-3273
-3335
-3040
-2433
-1765
-1048
-120
935
1850
2590
3312
3971
4346
4384
4236
3965
3501
2841
2074
1284
518
-160
-757
-1342
-1879
-2280
-2736
-3677
-5101
-6441
-7422
-8566
-10279
-11946
-12836
-13338
-14180
-14889
-14356
-12707
-11086
-9685
-7578
-4567
-1570
986
3683
6710
9359
11221
12664
13884
14608
14853
14949
14806
14095
13100
12365
11739
10749
9634
8973
8536
7607
6241
5102
4233
3035
1323
-441
-2027
-3748
-5737
-7654
-9182
-10348
-11234
-11811
-12052
-11917
-11277
-10142
-8749
-7238
-5466
-3435
-1541
-58
1246
2632
3865
4558
4772
4856
4882
4652
4164
3689
3406
3185
2838
2403
2071
1904
1731
1377
852
195
-678
-1824
-3091
-4326
-5551
-6804
-7956
-8863
-9515
-9842
-9666
-8961
-7887
-6519
-4828
-2931
-1030
860
2765
4474
5742
6640
7314
7652
7562
7280
7012
6611
5963
5326
4920
4586
4173
3860
3747
3592
3222
2797
2433
1975
1311
566
-179
-989
-1854
-2628
-3254
-3768
-4113
-4207
-4107
-3890
-3467
-2773
-1953
-1147
-293
655
1525
2177
2719
3250
3614
3682
3566
3397
3112
2660
2154
1695
1228
732
296
-22
-254
-462
-683
-981
-1519
-2552
-4098
-5746
-7122
-8529
-10386
-12245
-13305
-13770
-14422
-14873
-13954
-11761
-9655
-7948
-5531
-2165
948
3267
5644
8392
10547
11619
12310
13039
13364
13168
12992
12901
12420
11690
11325
11219
10791
10191
9984
9863
9001
7498
6138
4927
3167
803
-1480
-3487
-5660
-8034
-10041
-11357
-12174
-12657
-12729
-12367
-11606
-10420
-8915
-7378
-5861
-4190
-2511
-1290
-575
125
992
1603
1726
1756
2028
2320
2378
2439
2824
3418
3868
4035
4019
3876
3522
2848
1856
667
-620
-2051
-3641
-5154
-6301
-7060
-7573
-7768
-7453
-6705
-5782
-4695
-3290
-1687
-239
941
2000
2944
3612
3988
4259
4493
4600
4569
4536
4583
4692
4854
5057
5242
5343
5335
5198
4898
4442
3864
3150
2250
1230
224
-706
-1570
-2321
-2870
-3223
-3462
-3577
-3485
-3217
-2885
-2522
-2074
-1564
-1099
-693
-265
206
634
965
1236
1491
1710
1847
1914
1946
1921
1795
1598
1401
1188
879
502
184
-46
-273
-514
-701
-867
-1234
-2041
-3343
-4867
-6294
-7627
-9138
-10740
-11907
-12450
-12796
-13081
-12608
-10947
-8766
-6854
-4950
-2455
267
2446
4170
6038
7923
9152
9657
9980
10362
10613
10738
10909
11081
11170
11280
11431
11398
11161
10976
10768
10019
8571
6899
5274
3399
1098
-1229
-3238
-5108
-7050
-8817
-10026
-10623
-10784
-10651
-10247
-9516
-8456
-7251
-6126
-5026
-3739
-2419
-1491
-965
-393
413
1149
1654
2203
2976
3711
4121
4311
4562
4868
4927
4552
3899
3181
2318
1137
-186
-1278
-2146
-3104
-4139
-4837
-5059
-5132
-5208
-5017
-4439
-3823
-3420
-2985
-2289
-1536
-1013
-612
-91
481
888
1192
1624
2162
2585
2830
3046
3281
3403
3336
3179
3003
2738
2299
1731
1165
655
136
-435
-979
-1397
-1726
-2069
-2388
-2543
-2544
-2533
-2534
-2412
-2113
-1780
-1494
-1135
-613
-57
393
831
1383
1950
2374
2674
2959
3204
3316
3340
3355
3321
3178
2962
2695
2288
1758
1285
964
666
348
154
107
-9
-359
-957
-1832
-2954
-4141
-5290
-6548
-7843
-8753
-9146
-9402
-9535
-8932
-7462
-5861
-4514
-2886
-782
1039
2176
3246
4589
5543
5721
5762
6155
6479
6442
6537
7091
7698
8036
8356
8783
9027
8932
8638
8109
7164
5919
4596
3115
1407
-231
-1547
-2723
-3892
-4774
-5194
-5432
-5676
-5717
-5455
-5190
-5110
-5039
-4873
-4781
-4848
-4881
-4735
-4468
-4160
-3762
-3178
-2402
-1557
-770
-14
776
1446
1773
1841
1912
1923
1620
1108
739
490
76
-425
-666
-696
-839
-1091
-1203
-1232
-1442
-1819
-2168
-2512
-2995
-3538
-3974
-4285
-4501
-4544
-4374
-4077
-3695
-3203
-2652
-2134
-1598
-956
-297
294
968
1879
2904
3914
5037
6347
7567
8438
9079
9658
10031
10060
9937
9875
9747
9342
8749
8136
7449
6547
5478
4377
3226
1906
423
-1126
-2728
-4411
-6100
-7601
-8762
-9502
-9726
-9374
-8547
-7491
-6414
-5422
-4562
-3848
-3200
-2551
-1948
-1494
-1217
-1105
-1146
-1256
-1319
-1330
-1341
-1332
-1372
-1779
-2642
-3503
-4011
-4553
-5453
-6111
-5951
-5539
-5528
-5229
-3832
-2079
-1093
-419
942
2463
3085
3304
4270
5674
6482
6933
7900
9118
9767
10073
10736
11502
11693
11415
11116
10657
9764
8641
7540
6362
5126
4083
3198
2250
1372
797
230
-737
-1974
-3236
-4740
-6626
-8448
-9834
-11020
-12155
-12840
-12812
-12402
-11866
-10997
-9742
-8512
-7563
-6691
-5785
-5077
-4663
-4345
-4033
-3821
-3663
-3343
-2777
-2024
-1096
-17
1080
2129
3190
4219
5010
5391
5256
4455
2970
1209
-214
-915
-780
121
1239
1652
929
-369
-1321
-1432
-589
1042
2897
4379
5648
7375
9634
11737
13131
13798
13866
13443
12791
12163
11505
10596
9284
7508
5397
3374
1851
806
-36
-810
-1626
-2714
-4053
-5197
-5805
-6014
-6059
-5970
-5824
-5825
-5972
-6069
-6049
-6006
-5940
-5780
-5576
-5437
-5374
-5386
-5548
-5872
-6242
-6533
-6682
-6603
-6177
-5426
-4522
-3589
-2619
-1648
-799
-145
328
650
796
590
-261
-1671
-2937
-3599
-4182
-5197
-5959
-5757
-5391
-5813
-6091
-4950
-3320
-2828
-2847
-1793
-274
86
-89
953
2762
3588
3683
4674
6433
7530
8017
9035
10397
10932
10642
10474
10583
10489
10257
10231
10202
9806
9056
7891
6067
3769
1499
-748
-3135
-4988
-5373
-4424
-2874
-763
1981
4299
5121
5060
5332
5750
5467
4801
4584
4523
3926
3102
2616
2045
739
-883
-1968
-2545
-3475
-5250
-7245
-8167
-7328
-5405
-3530
-1901
-55
1900
3244
3640
3298
2242
118
-3100
-6873
-10737
-14518
-17705
-19334
-19048
-17558
-15523
-12800
-9401
-6206
-3956
-2441
-1347
-975
-1511
-2439
-3164
-3565
-3631
-3171
-2153
-835
507
1688
2650
3531
4525
5574
6459
7154
7751
8119
8045
7621
7123
6571
5794
4874
4117
3586
3071
2501
2088
1955
1951
1950
2041
2298
2599
2806
2962
3170
3401
3551
3598
3621
3678
3707
3615
3427
3211
2968
2637
2080
940
-900
-2692
-3556
-3813
-4431
-5118
-4840
-4133
-4559
-5619
-5239
-3582
-2880
-3317
-2821
-1246
-810
-1708
-1536
240
1398
1225
1535
2904
3760
3554
3608
4441
4956
4714
4491
4583
4598
4551
4616
4502
4043
3537
3005
2073
980
495
394
-325
-1547
-2313
-2740
-3744
-5159
-5921
-6063
-6736
-8076
-9053
-9483
-10042
-10554
-10094
-8607
-6926
-5378
-3542
-1320
793
2510
3877
4816
5258
5304
4901
3961
2813
1875
1047
135
-539
-664
-778
-1649
-2793
-2975
-2105
-955
549
2973
5918
8114
8746
7933
5509
1020
-4277
-8395
-11130
-13136
-14912
-16994
-17946
-14971
-8629
-2275
2659
6641
9631
11223
11380
10531
9562
9032
8837
8951
9495
10119
10291
10054
9765
9400
8825
8263
7824
7219
6326
5342
4349
3239
1927
492
-997
-2685
-4555
-6118
-6967
-7125
-6696
-5864
-4935
-4008
-3000
-1950
-964
-87
741
1517
1764
621
-1768
-3729
-3990
-3511
-3924
-4722
-4562
-4581
-6803
-9679
-9846
-7801
-6955
-7657
-7228
-5668
-5916
-7991
-8459
-6393
-4591
-4275
-3526
-1556
-81
57
215
1275
2385
2967
3526
4395
5460
6679
7775
8205
8067
8056
8250
8053
7587
7752
8386
8200
6857
5424
4574
3811
2804
2258
2581
2740
1798
418
-354
-662
-1101
-1476
-1335
-1011
-1108
-1485
-1646
-1561
-1414
-1223
-1079
-1040
-882
-561
-486
-795
-1008
-997
-1299
-1978
-2265
-1953
-1837
-2303
-2834
-3180
-3774
-4674
-5246
-5251
-5186
-5340
-5406
-5229
-5004
-4677
-3985
-2973
-1868
-738
341
1137
1654
2154
2628
2806
2728
2699
2654
2311
1827
1692
1966
2321
2750
3514
4517
5289
5453
4878
3634
2084
848
352
467
803
1176
1566
1976
2493
3217
4062
4889
5610
6049
6017
5517
4736
3880
3122
2440
1785
1349
824
-1232
-5343
-8916
-9092
-7281
-7210
-8901
-9367
-9046
-11315
-14994
-14642
-9723
-6015
-6277
-6948
-5847
-5777
-7899
-8495
-5297
-1379
-8
-228
195
1233
1879
2330
3469
5420
7380
8394
8386
8398
9117
9714
9240
8372
8300
8789
8811
8248
7665
7065
5928
4228
2642
1918
2123
2371
1574
-417
-2719
-4395
-5147
-5159
-4691
-4055
-3904
-4864
-6480
-7200
-6162
-4310
-2944
-2109
-1396
-1161
-1567
-1627
-559
994
2053
2521
2717
2758
2767
2844
2891
2914
3125
3415
3344
2967
2753
2586
1919
894
295
291
240
-235
-908
-1587
-2388
-3254
-3801
-3765
-3383
-3157
-3323
-3698
-3928
-3818
-3463
-3007
-2444
-1792
-1328
-1200
-1061
-588
28
501
895
1367
1765
1875
1920
2207
2510
2609
2678
2730
2635
2505
2400
2269
2112
1960
1874
1760
1507
1402
1498
1456
1281
145
-3387
-7602
-8298
-5095
-2700
-4216
-6901
-7688
-8875
-12426
-13897
-9698
-4375
-3837
-6891
-8504
-7554
-6668
-6187
-3772
335
2925
2533
1112
1495
4188
6840
7870
8670
10471
12025
12004
11439
12064
13286
13266
12331
12228
12904
13012
12156
10617
8640
6810
5731
5185
4513
3611
2584
763
-2224
-4873
-5539
-5045
-5231
-6269
-7369
-8608
-10524
-12692
-13541
-12066
-9581
-8563
-9681
-11167
-11438
-10893
-10168
-8400
-5335
-3105
-3242
-4182
-3870
-2357
-613
972
2334
3300
3762
3778
3598
3832
4891
5989
5999
5507
5756
6130
5378
4105
3670
3914
3835
3367
3087
2799
1835
407
-625
-859
-457
-6
-188
-976
-1736
-2231
-2579
-2562
-1878
-908
-506
-902
-1361
-1268
-861
-433
229
1028
1462
1496
1429
1435
1664
2083
2548
2984
3225
3312
3395
3339
3382
3380
1085
-4345
-8251
-5859
-173
1101
-3812
-8567
-9159
-9669
-12546
-12615
-7116
-2368
-4846
-11466
-13833
-10074
-6140
-5641
-5407
-2487
414
-277
-2565
-1142
4192
7443
6243
5613
9069
13084
13243
11214
11273
13208
13936
13467
14325
16329
16498
13754
10272
8700
9305
10104
9655
8092
5933
3358
534
-1703
-2543
-2481
-2927
-4671
-7147
-9323
-10588
-11042
-11459
-12167
-12580
-12420
-12319
-12951
-13989
-14606
-14553
-13697
-11770
-9357
-7804
-7640
-7991
-7807
-6562
-4025
-730
1754
2368
1948
1895
2625
4109
6259
8205
8752
7941
7061
6945
7353
7957
8545
8573
7858
7010
6410
5816
5133
4557
4000
3278
2680
2416
1963
859
-429
-1184
-1348
-1191
-848
-669
-1156
-2164
-2861
-2689
-1807
-640
272
382
-144
-474
-219
435
1326
2225
2728
2613
2230
2296
2864
3368
3555
2223
-2319
-7445
-7211
-1411
2271
-1658
-8691
-11027
-9310
-9741
-11797
-9821
-4973
-4711
-10769
-15549
-12711
-6431
-4881
-7881
-8349
-4095
-647
-1818
-3540
-705
3895
4384
2490
4708
10851
13859
10875
7441
8815
12865
14913
14870
15370
16167
14793
11451
9550
10968
13190
12778
9867
7193
5971
5018
3425
1802
777
-50
-1245
-2708
-4086
-5342
-6606
-7985
-9419
-10264
-9814
-8714
-8729
-10513
-12525
-13022
-12375
-12000
-11573
-9863
-7949
-8194
-9928
-9874
-7247
-4736
-3764
-2717
-907
-36
-392
113
2171
4109
5012
5498
5827
5865
6041
6478
6553
6433
6977
7635
7064
5833
5496
5505
4475
3286
3436
3941
3090
1469
555
188
-398
-838
-668
-520
-967
-1606
-2021
-2231
-1978
-1118
-359
-250
-284
30
352
462
822
1659
2465
2838
3022
3255
3406
3180
1782
-1406
-4439
-3811
144
2164
-1117
-6337
-8279
-7191
-7085
-8305
-7552
-4895
-4687
-8461
-11773
-10333
-6303
-5055
-7028
-7383
-3962
-769
-1501
-3706
-2776
788
2719
2500
3892
7679
9636
7437
4833
6258
10517
13115
12726
11876
12085
11941
10431
9157
9802
11266
11104
9018
7019
6276
5698
4076
2000
838
814
816
-199
-2166
-4262
-5857
-6914
-7548
-7602
-7100
-6957
-8254
-10603
-12358
-12522
-11640
-10625
-9704
-9028
-9196
-10105
-10386
-9107
-6984
-5178
-3903
-2852
-2083
-1638
-1021
173
1691
3185
4528
5456
5741
5711
5814
6075
6479
7247
8176
8398
7520
6330
5653
5357
5139
5119
5105
4461
3104
1704
779
319
120
12
-201
-679
-1301
-1810
-2138
-2214
-1831
-1160
-739
-680
-652
-502
-274
100
708
1363
1596
1306
775
-415
-2705
-4374
-3100
-176
212
-3251
-6752
-6734
-5130
-5687
-7408
-6739
-4376
-4366
-7282
-8972
-6927
-4245
-4670
-6475
-5264
-1285
736
-1094
-2981
-1296
2037
3187
2835
4377
7426
8209
6035
4786
7068
10443
11319
10088
9699
10681
10795
9199
7866
8352
9379
8923
7248
6094
5734
4803
2823
1090
748
1213
1010
-480
-2501
-4051
-4931
-5512
-6046
-6496
-6821
-7397
-8697
-10239
-10684
-9730
-8834
-9138
-9761
-9338
-8331
-8061
-8160
-7260
-5619
-4621
-4217
-3203
-1626
-706
-606
-149
1235
2826
3873
4396
4666
4869
5163
5571
6013
6508
6931
6819
6071
5412
5401
5513
5054
4317
3898
3547
2740
1750
1152
857
438
-53
-294
-348
-583
-1015
-1249
-1082
-737
-478
-327
-228
-143
12
261
389
214
-109
-691
-2114
-3885
-4007
-1920
-476
-2418
-6016
-7159
-5410
-4401
-5773
-6773
-5426
-4131
-5490
-7579
-6842
-3944
-2801
-4300
-4844
-2172
856
688
-1368
-1237
1687
4007
3991
3910
5631
7296
6648
5179
6012
8912
10555
9480
7954
8199
9201
8838
7397
6850
7500
7608
6307
4833
4301
4002
2823
1152
275
446
555
-406
-2155
-3587
-4170
-4494
-5221
-6032
-6317
-6473
-7319
-8506
-8879
-8316
-7911
-8129
-8131
-7405
-6711
-6708
-6786
-6085
-4834
-3812
-3155
-2435
-1580
-958
-615
-71
1006
2273
3124
3430
3597
3957
4406
4718
4961
5320
5655
5605
5168
4772
4619
4423
3961
3472
3213
2956
2358
1551
949
652
443
256
149
3
-359
-780
-915
-711
-419
-253
-186
-90
49
58
-183
-545
-1048
-2107
-3538
-3899
-2377
-852
-1932
-4994
-6653
-5612
-4361
-4880
-5628
-4777
-3763
-4784
-6644
-6299
-3773
-2255
-3102
-3795
-2052
474
837
-527
-557
1647
3727
4078
4151
5517
6986
6672
5423
5798
8100
9830
9354
8002
7693
8141
7869
6859
6404
6801
6810
5641
4111
3287
2919
2052
673
-236
-237
-178
-1032
-2629
-4029
-4783
-5191
-5612
-6071
-6428
-6642
-6933
-7530
-8162
-8206
-7636
-7132
-6941
-6494
-5655
-5236
-5469
-5286
-3999
-2471
-1647
-1165
-432
194
383
747
1806
3036
3707
3892
3986
4077
4167
4392
4714
4912
4951
4891
4586
3988
3424
3133
2872
2440
2059
1833
1400
607
-87
-314
-343
-495
-606
-547
-616
-991
-1268
-1067
-617
-262
50
361
233
-549
-1426
-1933
-2397
-2918
-2676
-1526
-1112
-2733
-4961
-5438
-4374
-3943
-4573
-4524
-3388
-3106
-4562
-5713
-4702
-2785
-2214
-2681
-2096
-239
809
99
-600
458
2425
3478
3685
4440
5758
6155
5263
4768
5956
7806
8540
8061
7604
7605
7318
6448
5832
6078
6503
6082
4880
3767
3064
2300
1219
270
-118
-204
-569
-1462
-2735
-4074
-5054
-5447
-5575
-5869
-6176
-6217
-6450
-7362
-8260
-8060
-7037
-6374
-6176
-5653
-4950
-4940
-5260
-4608
-2976
-1679
-1129
-508
371
788
794
1317
2527
3549
3942
4156
4442
4490
4246
4133
4368
4704
4825
4614
4072
3370
2777
2352
1953
1603
1436
1249
654
-218
-779
-869
-950
-1232
-1337
-1133
-1100
-1488
-1813
-1653
-1280
-1040
-804
-464
-461
-1288
-2659
-3566
-3206
-1909
-974
-1313
-2447
-3301
-3646
-3946
-4015
-3153
-1708
-1180
-2131
-3209
-3046
-2086
-1549
-1415
-743
488
1197
956
705
1247
2059
2330
2402
3174
4514
5291
5011
4433
4377
4737
5030
5291
5793
6264
6049
5033
3935
3461
3526
3578
3347
2984
2578
1933
942
-67
-637
-733
-782
-1102
-1577
-2018
-2520
-3212
-3899
-4291
-4410
-4424
-4325
-4108
-4052
-4365
-4779
-4857
-4532
-4005
-3365
-2712
-2332
-2353
-2436
-2200
-1708
-1226
-791
-349
-35
67
123
293
498
632
794
1058
1277
1312
1253
1255
1296
1297
1298
1394
1526
1558
1479
1380
1309
1230
1144
1087
1026
914
804
749
679
520
349
243
144
0
-91
-67
-55
-160
-267
-236
-142
-131
-175
-158
-109
-137
-239
-295
-238
-125
-40
-12
-4
8
20
26
41
56
60
63
78
85
58
14
-16
-49
-118
-171
-157
-140
-189
-251
-235
-159
-105
-72
-16
17
-25
-71
-13
128
250
307
324
327
331
362
442
553
646
664
613
558
554
577
567
511
454
420
374
303
227
167
93
-21
-135
-202
-228
-279
-390
-524
-631
-707
-781
-848
-882
-892
-911
-938
-936
-877
-791
-729
-694
-656
-582
-450
-269
-90
16
41
58
137
281
441
563
609
577
513
496
565
672
718
641
486
362
315
302
266
202
106
-43
-221
-343
-366
-358
-421
-546
-637
-654
-660
-699
-705
-623
-529
-523
-561
-517
-372
-249
-209
-180
-82
43
124
182
283
420
513
529
538
605
697
745
737
711
680
633
567
501
441
371
278
184
118
68
-12
-130
-222
-233
-200
-220
-313
-398
-394
-328
-280
-269
-243
-179
-139
-158
-155
-41
133
227
224
235
314
386
397
401
460
532
537
491
461
457
427
351
259
190
142
84
-4
-107
-180
-231
-302
-384
-430
-422
-420
-464
-515
-511
-466
-436
-446
-456
-420
-353
-312
-295
-253
-174
-113
-106
-95
-39
18
36
49
106
146
110
35
17
69
109
93
62
62
58
-1
-77
-107
-101
-122
-184
-235
-254
-287
-350
-409
-435
-443
-464
-490
-492
-457
-408
-382
-371
-349
-284
-185
-68
43
122
177
252
384
527
614
657
733
844
907
901
917
993
1033
967
879
866
889
830
677
545
502
485
411
289
196
164
128
29
-89
-137
-124
-148
-225
-258
-217
-202
-287
-394
-404
-348
-325
-354
-363
-345
-352
-402
-431
-394
-340
-343
-405
-450
-432
-403
-442
-524
-565
-541
-531
-592
-655
-644
-602
-618
-678
-685
-619
-554
-538
-519
-437
-325
-260
-245
-205
-90
49
149
218
318
439
507
506
523
620
734
781
780
803
846
840
763
686
666
681
679
654
623
563
446
292
190
202
265
262
157
32
-41
-89
-150
-196
-186
-156
-187
-280
-347
-351
-358
-401
-419
-353
-256
-226
-268
-302
-272
-204
-143
-76
24
124
154
110
72
115
210
280
303
316
326
293
208
138
144
197
207
155
86
44
8
-52
-121
-164
-163
-143
-147
-177
-211
-240
-282
-328
-342
-295
-228
-211
-267
-336
-353
-327
-308
-317
-322
-306
-299
-333
-378
-378
-337
-311
-324
-336
-308
-269
-260
-263
-226
-147
-84
-68
-74
-47
18
70
101
143
214
276
283
274
310
385
440
446
457
505
548
537
505
516
557
574
550
531
525
503
461
413
387
369
333
291
258
226
177
103
29
-24
-52
-65
-77
-105
-151
-220
-295
-343
-333
-292
-268
-295
-357
-391
-393
-391
-382
-352
-304
-281
-297
-317
-301
-257
-228
-225
-202
-140
-89
-86
-103
-90
-51
-20
-3
23
73
115
109
81
84
121
143
153
174
192
184
166
145
128
122
137
158
157
146
130
114
102
84
60
57
90
105
69
28
13
2
-11
-23
-56
-61
-8
-32
-172
-211
-94
-101
-252
-247
-117
-167
-313
-272
-167
-218
-273
-205
-173
-209
-166
-81
-94
-123
-49
23
11
24
113
171
145
128
164
209
230
225
213
207
214
209
179
161
176
179
146
106
97
99
84
58
46
50
46
24
-3
-19
-22
-32
-51
-53
-33
-24
-53
-94
-110
-102
-95
-93
-90
-78
-72
-104
-156
-159
-108
-88
-118
-118
-85
-84
-101
-108
-132
-103
10
8
-134
-76
155
86
-180
-68
259
164
-110
30
279
134
-63
82
233
131
53
136
157
92
94
125
99
70
87
103
87
73
70
61
50
37
46
65
65
39
14
6
5
1
0
-5
-19
-44
-67
-84
-98
-104
-106
-115
-135
-154
-165
-174
-191
-191
-169
-161
-168
-179
-174
-154
-145
-136
-113
-86
-63
-50
-40
-21
-3
15
31
49
70
87
92
91
98
100
101
108
111
107
102
100
91
76
66
67
67
62
55
46
36
23
15
14
13
8
6
9
0
-11
-15
-12
-10
-12
-11
-7
-7
-15
-18
-19
-15
-12
-5
-3
-8
-8
-6
-7
-10
-6
-2
-2
-3
-3
-3
-9
-15
-17
-15
-17
-21
-24
-27
-30
-37
-43
-43
-37
-34
-35
-37
-37
-33
-31
-32
-25
-12
-7
-8
-2
6
11
13
17
29
39
44
46
43
43
44
38
38
40
41
38
28
22
15
7
0
-2
-3
-9
-17
-22
-26
-31
-35
-37
-40
-38
-38
-38
-37
-33
-30
-29
-26
-19
-10
-5
-4
0
6
8
13
18
23
26
32
31
29
28
31
35
31
29
28
28
22
17
16
17
13
9
4
-2
-6
-11
-15
-19
-18
-18
-20
-25
-29
-30
-31
-29
-25
-21
-23
-23
-24
-25
-21
-15
-8
-6
-8
-8
-6
-5
-3
-4
0
2
4
3
7
11
7
2
-2
2
3
5
5
6
3
-2
-7
-5
2
6
4
2
0
-3
-5
-3
2
4
4
4
1
0
4
5
9
10
12
12
12
12
13
15
16
17
16
14
12
13
10
8
5
7
6
2
-4
-10
-11
-12
-12
-15
-15
-18
-21
-22
-23
-22
-19
-18
-17
-15
-12
-11
-12
-10
-8
-7
-3
0
2
5
5
5
7
8
12
14
13
15
15
13
12
12
11
10
8
8
5
3
2
3
2
0
-2
-3
-3
-5
-6
-4
-4
-4
-4
-3
-3
-4
-4
-1
-2
-4
-4
-4
-4
-4
-5
-4
-3
-2
-2
-2
-3
-4
-5
-3
-2
-4
-4
-6
-7
-4
-4
-5
-2
-3
-2
-4
-2
0
2
2
0
1
5
5
4
3
3
2
1
2
3
5
5
4
3
3
5
5
3
4
3
4
3
2
2
1
0
-3
-4
-2
-6
-8
-9
-10
-9
-9
-9
-9
-9
-11
-12
-12
-10
-8
-8
-6
-5
-4
-4
-2
-1
2
2
3
5
7
7
7
8
10
9
11
12
