-1
-1
-2
-5
-3
-1
-1
-1
-2
-4
-3
-3
-4
-5
-4
-4
-3
-1
-1
0
0
0
0
0
1
0
0
0
1
-1
1
1
2
3
5
6
3
1
-1
0
-1
-2
0
0
1
0
-1
-1
0
0
-2
-1
0
0
0
1
-2
-3
-3
-2
-3
-1
-1
0
2
0
1
2
1
2
3
4
4
4
4
3
1
-1
-3
-2
-1
-3
-4
-4
-3
-4
-6
-6
-4
-3
-1
0
-1
-2
0
-1
-2
0
0
-1
-2
-1
-1
0
2
4
4
2
4
4
4
5
5
5
4
2
0
-1
-2
-3
-3
-2
0
3
4
4
4
4
5
7
9
6
5
2
0
-1
-2
-3
-4
-4
-3
-4
-5
-5
-4
-4
-4
-3
-2
-3
-2
-2
-2
0
1
2
2
2
0
-1
-2
-3
-4
-5
-6
-4
-4
-5
-4
-2
0
0
-1
1
-1
2
3
4
5
6
4
3
3
0
-1
-2
-2
-1
-1
0
0
0
-1
-3
-3
-2
-1
0
-1
1
2
4
4
7
6
5
6
7
7
4
5
4
3
3
2
0
1
2
4
2
-3
-2
-3
-4
-6
-5
-4
-4
-2
-2
-1
-1
0
1
0
-1
-3
-4
-3
-4
-3
-3
-4
-6
-8
-8
-7
-7
-5
-5
-5
-5
-3
-2
-1
-1
1
1
2
3
4
3
4
3
3
4
4
5
6
8
7
4
2
4
3
3
5
5
3
3
4
4
2
2
2
0
-1
0
0
1
0
1
3
3
2
0
-1
-3
-3
-6
-5
-5
-6
-6
-5
-4
-5
-1
1
1
2
1
1
-1
-1
-1
2
1
1
0
-1
-1
-1
-1
-1
-2
-4
-5
-4
-2
-3
-3
-1
-1
-1
-1
-1
-2
-2
-4
-4
-3
-2
1
3
2
2
1
2
2
3
2
0
1
1
2
1
3
5
4
5
4
2
1
0
0
0
0
-1
-2
-2
0
-1
3
3
4
5
5
3
1
4
4
3
3
2
1
0
0
-2
-1
-3
-2
1
0
-1
-1
0
-1
0
0
0
1
-3
-3
-3
-3
-3
-3
-4
-4
-2
-2
-2
-2
-3
-4
-3
-3
0
2
3
3
2
1
0
0
0
-1
-3
-4
-4
-3
-3
-2
-1
0
-1
-1
1
0
0
0
1
2
3
6
7
6
5
6
7
6
4
3
1
-2
-2
-1
-3
-2
0
0
2
1
-3
-1
0
1
1
2
2
3
2
3
2
2
3
1
1
0
1
-1
-3
-3
-5
-5
-7
-7
-7
-6
-6
-6
-6
-4
-3
-6
-5
-6
-4
-3
-1
1
3
6
6
5
3
1
1
2
1
2
2
1
1
-1
0
-1
-2
-2
-2
1
1
2
2
5
4
2
2
2
3
3
5
6
5
4
5
4
6
6
6
4
4
1
0
0
-2
-3
-4
-3
-2
-3
-2
-4
-2
-2
-2
-1
1
1
3
4
2
1
-4
-3
-1
0
0
0
-2
-2
-3
-2
-1
-1
-3
-3
-2
-1
0
1
-1
-3
-2
-3
-3
-3
-2
-4
-6
-7
-5
-5
-4
-4
-4
-3
-3
-2
-3
-3
-2
-3
-2
-1
1
0
2
2
2
1
1
2
2
2
3
3
2
3
5
3
3
5
5
5
3
4
6
6
7
7
5
6
5
4
3
1
1
1
-1
-3
-2
-2
-1
0
0
2
3
3
3
4
2
0
1
0
-1
-1
0
0
-2
-1
-1
0
-2
-2
-2
-3
-1
1
4
4
3
3
2
2
2
2
2
-1
0
-2
-2
-4
-5
-6
-5
-6
-4
-2
-1
-1
-3
-4
-4
-5
-5
-2
-3
-3
-3
-5
-4
-5
-5
-5
-4
-5
-5
-6
-7
-6
-6
-6
-7
-8
-7
-6
-7
-8
-9
-8
-5
-4
-3
-1
1
0
1
4
3
4
4
6
8
8
10
11
11
12
13
13
12
12
13
14
14
13
10
8
10
9
8
9
5
4
4
3
4
4
6
6
7
6
7
6
4
4
3
0
0
-1
-1
-1
-3
-3
-4
-7
-5
-4
-7
-8
-7
-6
-6
-7
-9
-9
-10
-10
-10
-12
-11
-9
-11
-11
-12
-11
-12
-10
-10
-10
-11
-9
-7
-4
-3
-3
-1
0
0
-2
-1
2
2
0
-2
-1
-3
-1
1
1
1
2
5
4
3
4
5
2
-2
-2
-4
-4
-3
0
0
1
-2
-2
-5
-6
-5
-5
-5
-3
1
4
7
9
10
11
8
8
10
14
18
23
26
25
25
22
21
21
23
31
39
44
48
50
49
44
38
36
40
47
56
60
62
60
52
46
38
32
31
34
41
50
53
52
40
25
11
-1
-6
-2
4
8
10
4
-10
-24
-41
-53
-58
-55
-46
-38
-36
-39
-49
-65
-82
-103
-110
-98
-81
-62
-52
-57
-66
-87
-108
-118
-121
-111
-98
-90
-82
-89
-105
-114
-122
-127
-133
-136
-123
-103
-87
-81
-89
-104
-123
-139
-144
-135
-113
-90
-75
-69
-73
-87
-115
-148
-178
-208
-244
-270
-287
-303
-315
-349
-371
-367
-357
-328
-300
-265
-208
-157
-106
-67
-39
-13
13
44
90
151
224
304
389
469
563
669
754
845
938
1039
1160
1229
1278
1317
1313
1329
1326
1300
1271
1210
1158
1117
1055
969
889
844
827
792
749
720
698
645
562
472
381
290
180
62
-35
-139
-258
-408
-572
-706
-820
-930
-1028
-1097
-1140
-1184
-1238
-1297
-1325
-1336
-1389
-1452
-1452
-1376
-1301
-1277
-1204
-1040
-885
-811
-713
-529
-379
-332
-316
-206
-44
11
-8
51
181
235
154
88
127
133
-70
-357
-516
-700
-1174
-1779
-2111
-2525
-3900
-6001
-7096
-6108
-4693
-4626
-4934
-3865
-2243
-2315
-3391
-2649
106
2116
2264
2717
4726
6635
7098
7074
7574
7951
7576
7035
6880
6848
6755
6731
6416
5296
3803
2840
2391
1728
799
239
177
4
-607
-1249
-1477
-1430
-1577
-2025
-2325
-2033
-1290
-660
-458
-481
-351
-10
220
116
-22
224
595
408
-341
-963
-1241
-1670
-2441
-3201
-3878
-4621
-5118
-4990
-4631
-4606
-4684
-4458
-4229
-4345
-4348
-3717
-2810
-2243
-1911
-1365
-673
-210
42
418
898
1180
1278
1512
1910
2205
2336
2415
2338
2014
1710
1674
1715
1570
1372
1314
1233
935
578
425
436
379
247
257
495
811
1096
1379
1638
1792
1886
2032
2191
2304
2465
2707
2836
2714
2489
2343
2219
1978
1630
1285
1037
890
725
467
216
75
-56
-315
-688
-1217
-2047
-3001
-3550
-3769
-4766
-7176
-9565
-9875
-8468
-7711
-8199
-7882
-5927
-4616
-5438
-6142
-4250
-1169
258
400
1745
4446
6315
6622
6878
7859
8483
7983
7123
6829
7034
7192
6980
6268
5139
3946
2920
1905
800
-81
-506
-770
-1292
-1980
-2413
-2459
-2435
-2694
-3159
-3335
-2856
-2010
-1320
-741
166
1264
1830
1736
1764
2375
2973
2952
2662
2642
2683
2336
1660
920
131
-787
-1785
-2723
-3580
-4693
-6290
-7543
-7355
-6402
-6423
-7246
-7092
-5932
-5401
-5473
-4539
-2662
-1432
-993
-133
1249
2245
2753
3284
3720
3745
3706
3993
4288
4185
3914
3819
3660
3048
2243
1785
1594
1173
543
197
208
164
-110
-371
-465
-521
-588
-536
-306
-8
280
595
982
1376
1720
2026
2297
2482
2599
2754
2948
3018
2909
2771
2686
2509
2131
1643
1191
790
362
-128
-574
-841
-978
-1185
-1542
-1919
-2244
-2675
-3327
-3958
-4277
-4638
-5997
-8631
-11150
-11684
-10244
-8811
-8566
-8391
-7132
-5808
-5807
-6195
-5090
-2638
-540
614
1701
3582
6131
8264
9138
9258
9463
9555
9272
9086
9280
9524
9580
9345
8521
7082
5579
4457
3469
2260
989
-49
-721
-986
-1147
-1662
-2381
-2870
-3323
-4034
-4556
-4293
-3329
-2260
-1539
-1056
-478
137
564
877
1231
1561
1780
1909
2047
2257
2401
2271
1798
960
-191
-1353
-2203
-2709
-3039
-3357
-3732
-4169
-4654
-5167
-5620
-6023
-6676
-7713
-8457
-7947
-6298
-4842
-4500
-4723
-4442
-3455
-2300
-1266
-228
860
1849
2733
3607
4412
5014
5426
5663
5549
5000
4416
4361
4772
4947
4425
3518
2784
2333
1962
1582
1235
900
603
497
588
680
701
762
853
801
586
415
521
919
1359
1553
1521
1507
1596
1697
1780
1831
1735
1519
1420
1533
1640
1479
1066
594
142
-362
-865
-1144
-1193
-1292
-1574
-1825
-1934
-2082
-2384
-2740
-3096
-3517
-3991
-4576
-5607
-7349
-9306
-10341
-9839
-8496
-7537
-7373
-7437
-7190
-6658
-6025
-5277
-4363
-3333
-2146
-624
1253
3237
5054
6618
7885
8695
8952
8884
8952
9459
10280
10942
11021
10512
9789
9133
8457
7552
6404
5125
3806
2598
1722
1212
773
83
-872
-1915
-2976
-4038
-4901
-5280
-5157
-4809
-4482
-4229
-3993
-3701
-3305
-2824
-2359
-2016
-1819
-1611
-1135
-342
506
1113
1366
1268
899
437
69
-151
-273
-397
-616
-935
-1248
-1513
-1800
-2151
-2543
-2975
-3419
-3789
-4146
-4642
-5112
-5062
-4351
-3548
-3297
-3584
-3862
-3629
-2717
-1278
198
1079
1173
1023
1380
2400
3543
4198
4195
3786
3386
3363
3830
4481
4743
4286
3394
2678
2461
2576
2714
2672
2376
1929
1570
1408
1341
1264
1182
1054
828
571
363
188
51
34
104
95
-91
-378
-600
-639
-529
-399
-328
-339
-405
-468
-490
-487
-485
-487
-510
-569
-632
-620
-529
-457
-475
-549
-636
-703
-710
-658
-633
-722
-879
-1011
-1174
-1514
-2084
-2807
-3497
-3908
-3894
-3584
-3285
-3224
-3389
-3630
-3756
-3647
-3334
-3014
-2877
-2865
-2690
-2090
-1091
52
1057
1750
2103
2249
2425
2848
3529
4280
4882
5283
5591
5907
6220
6434
6431
6126
5553
4873
4279
3867
3645
3509
3280
2832
2204
1542
927
319
-315
-925
-1458
-1885
-2187
-2339
-2360
-2334
-2380
-2563
-2851
-3148
-3365
-3472
-3467
-3356
-3155
-2892
-2599
-2332
-2152
-2075
-2043
-1980
-1878
-1760
-1617
-1422
-1178
-917
-657
-411
-208
-105
-139
-256
-325
-262
-103
44
146
225
277
228
28
-330
-795
-1218
-1381
-1197
-827
-517
-386
-410
-498
-507
-290
137
563
807
925
1115
1481
1976
2470
2802
2857
2663
2412
2304
2396
2589
2728
2712
2566
2418
2390
2438
2401
2167
1790
1418
1133
926
773
653
501
260
-42
-334
-622
-932
-1219
-1401
-1471
-1485
-1477
-1468
-1460
-1420
-1311
-1199
-1167
-1196
-1193
-1137
-1070
-966
-766
-486
-195
66
248
280
189
122
190
341
472
545
555
462
252
-2
-252
-560
-1064
-1892
-3062
-4376
-5438
-5891
-5725
-5272
-4910
-4812
-4934
-5081
-5016
-4605
-3964
-3376
-2973
-2564
-1827
-625
914
2511
3884
4843
5388
5723
6111
6660
7270
7778
8115
8319
8443
8461
8303
7930
7373
6674
5844
4889
3879
2906
2000
1161
414
-233
-882
-1685
-2670
-3665
-4431
-4870
-5065
-5159
-5232
-5304
-5337
-5236
-4895
-4364
-3849
-3510
-3303
-3045
-2618
-2019
-1337
-675
-139
230
484
709
943
1152
1287
1317
1270
1192
1110
999
833
624
407
147
-241
-809
-1522
-2260
-2899
-3350
-3592
-3692
-3752
-3810
-3786
-3566
-3107
-2468
-1750
-1027
-328
332
954
1573
2225
2888
3463
3857
4068
4174
4248
4327
4414
4480
4466
4317
4036
3694
3380
3108
2820
2442
1965
1446
964
545
179
-160
-493
-845
-1218
-1559
-1802
-1924
-1958
-1936
-1857
-1726
-1550
-1336
-1090
-835
-593
-340
-52
233
429
524
611
767
942
1035
998
879
750
659
639
673
683
598
404
132
-192
-556
-953
-1412
-2065
-3114
-4668
-6564
-8334
-9457
-9724
-9360
-8806
-8346
-7974
-7531
-6849
-5858
-4662
-3537
-2688
-1999
-1077
327
2129
4099
6088
8006
9667
10872
11574
11915
12068
12102
12004
11729
11251
10554
9688
8794
8015
7326
6481
5198
3449
1486
-390
-2035
-3445
-4653
-5693
-6611
-7396
-7928
-8102
-7983
-7757
-7528
-7266
-6935
-6566
-6135
-5514
-4573
-3373
-2101
-889
227
1225
2078
2780
3368
3820
4030
3933
3625
3298
3064
2880
2634
2270
1762
1086
249
-657
-1543
-2392
-3194
-3946
-4753
-5811
-7072
-8054
-8263
-7765
-7100
-6618
-6168
-5415
-4240
-2748
-1166
213
1207
1956
2800
3870
4947
5770
6341
6795
7141
7287
7216
6986
6627
6155
5644
5152
4587
3867
3118
2572
2232
1835
1172
339
-417
-982
-1392
-1714
-1993
-2261
-2508
-2622
-2497
-2199
-1900
-1650
-1323
-844
-324
95
431
783
1154
1447
1607
1655
1625
1579
1607
1738
1833
1702
1340
925
583
281
-53
-410
-769
-1209
-1807
-2488
-3165
-4035
-5553
-7919
-10616
-12727
-13714
-13802
-13515
-13031
-12159
-10783
-9072
-7245
-5379
-3544
-1896
-506
768
2126
3644
5373
7467
9978
12570
14655
15927
16611
17068
17303
17012
15998
14409
12557
10680
8892
7268
5829
4508
3163
1693
87
-1664
-3559
-5486
-7216
-8594
-9706
-10714
-11520
-11762
-11207
-10046
-8689
-7358
-6033
-4716
-3505
-2435
-1403
-338
694
1633
2530
3435
4261
4901
5404
5864
6174
6060
5369
4285
3119
1994
815
-482
-1797
-2990
-4028
-4941
-5689
-6195
-6508
-6784
-7072
-7269
-7353
-7609
-8293
-9141
-9412
-8647
-7135
-5476
-3887
-2131
-35
2258
4469
6348
7686
8412
8692
8758
8623
8175
7549
7078
6851
6554
5929
5147
4554
4195
3792
3110
2149
1070
68
-681
-1128
-1407
-1660
-1833
-1758
-1445
-1109
-889
-681
-362
-27
121
68
24
175
547
1053
1586
2030
2333
2568
2799
2944
2856
2537
2133
1699
1143
442
-219
-672
-949
-1196
-1449
-1638
-1814
-2136
-2666
-3305
-4147
-5727
-8517
-12038
-14879
-16063
-16087
-16101
-16200
-15356
-13105
-10355
-8091
-6054
-3485
-618
1513
2559
3262
4367
5922
7762
9921
12280
14360
15890
17151
18426
19367
19350
18262
16592
14736
12536
9730
6652
4133
2556
1356
-235
-2149
-3658
-4508
-5279
-6464
-7803
-8865
-9731
-10662
-11438
-11567
-10960
-9892
-8466
-6591
-4449
-2479
-807
888
2745
4332
5136
5261
5270
5437
5482
5133
4636
4412
4397
4106
3322
2366
1552
726
-431
-1929
-3511
-5055
-6595
-8028
-9081
-9645
-9874
-9878
-9520
-8702
-7677
-6773
-5897
-4717
-3425
-2797
-3113
-3489
-2867
-1383
22
1090
2463
4429
6397
7844
8938
9930
10580
10529
9806
8629
7138
5573
4309
3448
2653
1661
745
335
346
281
-58
-350
-370
-424
-879
-1544
-1913
-1856
-1648
-1467
-1215
-798
-252
385
1067
1644
1978
2143
2304
2395
2205
1810
1578
1656
1740
1576
1353
1404
1669
1782
1590
1249
854
335
-290
-862
-1288
-1639
-2010
-2429
-2852
-3248
-3841
-5249
-7833
-10816
-12748
-13373
-14023
-15445
-16292
-15074
-12648
-10956
-9876
-7422
-3235
467
2086
2809
4489
6861
8385
8834
9454
10929
12555
13485
13880
14454
15399
16160
16146
15332
14071
12484
10392
7833
5228
2818
428
-1988
-4024
-5464
-6697
-7983
-8785
-8630
-8146
-8330
-8987
-9003
-8176
-7545
-7630
-7474
-6173
-4352
-3145
-2391
-954
1424
3715
5124
6031
7115
8166
8453
7837
6945
6251
5496
4229
2585
1130
92
-811
-1815
-2715
-3330
-3898
-4709
-5606
-6294
-6899
-7680
-8412
-8660
-8558
-8568
-8567
-7922
-6678
-5643
-5031
-4081
-2471
-1052
-411
233
1723
3486
4503
4990
5897
7199
7976
7964
7862
8029
7923
7094
5910
4907
4019
2926
1733
785
63
-656
-1277
-1519
-1476
-1485
-1505
-1217
-729
-527
-636
-542
-111
131
-81
-239
104
601
753
772
1191
1928
2424
2548
2739
3202
3561
3513
3325
3310
3270
2868
2237
1750
1395
936
434
127
-40
-297
-618
-877
-1181
-1745
-2740
-4471
-7100
-9959
-11948
-13097
-14556
-16471
-17254
-16021
-14278
-13493
-12472
-9248
-4726
-1693
-584
959
4011
6586
7034
6809
8076
10283
11255
10724
10636
12099
13869
14363
13857
13727
14156
13807
11844
9241
7386
6043
3844
545
-2463
-4231
-5533
-7306
-8959
-9381
-8847
-8561
-8726
-8445
-7406
-6362
-5755
-5122
-4148
-3270
-2776
-2218
-1210
-44
985
2162
3688
5102
5960
6542
7297
7965
7923
7146
6206
5342
4150
2336
362
-1094
-2073
-3224
-4729
-5915
-6283
-6329
-6756
-7318
-7222
-6524
-6201
-6678
-7152
-6833
-6192
-6237
-6811
-6694
-5420
-3957
-3107
-2130
3
2793
4808
5863
7095
8888
10127
9962
9128
8647
8279
7122
5274
3760
3008
2374
1322
307
8
252
307
-29
-264
-116
15
-306
-906
-1324
-1467
-1624
-1947
-2202
-2094
-1634
-1129
-769
-371
309
1126
1676
1870
2045
2420
2738
2677
2384
2276
2393
2339
1928
1515
1443
1461
1117
520
166
116
-98
-702
-1316
-1605
-1886
-2905
-4987
-7522
-9497
-10710
-12085
-14127
-15711
-15525
-14326
-13878
-13786
-11798
-7655
-4072
-2551
-1025
2416
6019
7226
7067
8420
11109
12265
11234
10617
11949
13451
13297
12520
12960
14130
14116
12614
11132
10469
9662
7641
4806
2263
242
-1969
-4682
-7152
-8577
-9190
-9804
-10524
-10681
-9972
-8912
-7975
-6997
-5757
-4480
-3468
-2679
-1992
-1389
-719
215
1191
1799
2232
3106
4339
5121
5263
5547
6292
6566
5670
4381
3691
3157
1717
-400
-1987
-2838
-3961
-5739
-7190
-7547
-7405
-7648
-8070
-7925
-7287
-6923
-6998
-6871
-6193
-5458
-5105
-4805
-4008
-2766
-1493
-240
1285
3117
4874
6275
7369
8317
9079
9460
9340
8779
7956
6977
5808
4449
3116
2072
1280
510
-235
-676
-697
-587
-622
-698
-593
-449
-591
-982
-1256
-1314
-1474
-1860
-2120
-1965
-1626
-1404
-1134
-494
394
1132
1653
2224
2889
3332
3395
3307
3265
3126
2708
2142
1667
1272
827
392
114
-33
-177
-337
-489
-658
-895
-1376
-2521
-4492
-6648
-8214
-9517
-11461
-13659
-14628
-14229
-14043
-14481
-13688
-10638
-7206
-5226
-3492
-162
3691
5733
6378
7947
10502
11773
11161
10690
11484
12150
11586
10890
11260
11977
11844
11140
10783
10659
10048
8871
7479
5817
3684
1295
-1061
-3444
-5857
-7866
-9231
-10296
-11303
-11830
-11425
-10379
-9286
-8176
-6670
-4835
-3290
-2354
-1601
-531
606
1180
1217
1423
2085
2635
2662
2708
3403
4338
4655
4403
4370
4680
4564
3648
2542
1730
772
-836
-2708
-4174
-5254
-6344
-7402
-8047
-8211
-8111
-7906
-7688
-7423
-6863
-5918
-5049
-4595
-4061
-2930
-1673
-951
-256
1225
3065
4224
4866
5999
7533
8399
8389
8431
8841
8779
7763
6509
5733
5070
3886
2471
1559
1128
540
-271
-692
-523
-340
-520
-720
-627
-516
-701
-1022
-1210
-1324
-1534
-1796
-1963
-1959
-1772
-1431
-1008
-522
109
844
1482
1925
2321
2754
3017
2926
2621
2328
2004
1452
740
157
-215
-602
-1089
-1407
-1416
-1382
-1518
-1683
-1972
-2966
-4749
-6434
-7486
-8738
-10845
-12730
-13194
-13124
-13887
-14475
-12890
-9758
-7524
-6252
-3686
382
3449
4678
6271
9266
11533
11600
11173
11932
12697
12011
10950
11040
11536
11083
10263
10219
10421
9858
9018
8673
8070
6290
4092
2506
872
-1769
-4568
-6220
-7299
-9095
-11036
-11547
-10777
-10253
-10143
-9123
-6983
-5137
-4215
-3177
-1347
361
1065
1298
1862
2493
2556
2245
2209
2514
2721
2693
2708
2915
3149
3259
3263
3168
2855
2266
1464
450
-853
-2311
-3609
-4718
-5912
-7148
-7968
-8294
-8604
-8981
-8815
-7922
-6993
-6373
-5451
-3902
-2423
-1459
-386
1243
2780
3622
4264
5279
6274
6698
6856
7235
7564
7359
6802
6377
6041
5432
4597
3869
3267
2553
1742
1087
638
212
-234
-572
-819
-1106
-1379
-1502
-1563
-1723
-1885
-1871
-1787
-1798
-1758
-1458
-1049
-771
-488
40
656
1078
1406
1906
2430
2626
2557
2556
2619
2441
1998
1589
1315
969
469
14
-258
-459
-711
-969
-1156
-1393
-2071
-3435
-5092
-6379
-7372
-8857
-10824
-12145
-12382
-12650
-13520
-13569
-11684
-9169
-7651
-6257
-3385
133
2400
3801
6093
8946
10463
10582
10991
11971
12181
11478
11190
11527
11340
10497
10103
10236
9861
8984
8616
8535
7456
5460
3894
2818
903
-1893
-4030
-5177
-6739
-9078
-10635
-10659
-10429
-10773
-10606
-9119
-7360
-6342
-5383
-3626
-1696
-509
209
1097
1914
2179
2167
2349
2572
2554
2521
2708
2866
2801
2826
3164
3427
3213
2769
2454
2016
1030
-290
-1387
-2279
-3444
-4893
-6096
-6815
-7368
-7983
-8414
-8359
-7917
-7380
-6822
-6008
-4760
-3315
-2053
-945
398
1950
3224
4070
4928
5998
6806
7039
7092
7347
7512
7178
6564
6124
5797
5189
4297
3535
3059
2575
1877
1188
759
456
16
-506
-853
-1026
-1247
-1593
-1910
-2086
-2203
-2349
-2465
-2424
-2204
-1907
-1604
-1232
-708
-108
419
854
1312
1793
2132
2251
2275
2292
2196
1892
1497
1136
763
284
-198
-533
-747
-972
-1239
-1433
-1542
-1801
-2542
-3769
-5063
-6131
-7264
-8818
-10412
-11339
-11671
-12110
-12565
-12052
-10337
-8427
-6888
-4983
-2198
630
2709
4565
6859
9014
10195
10739
11390
11972
11961
11636
11554
11525
11129
10626
10415
10206
9645
9051
8714
8118
6797
5216
3902
2444
318
-1986
-3734
-5204
-7041
-8920
-9983
-10250
-10423
-10558
-10075
-8921
-7691
-6623
-5386
-3865
-2421
-1296
-377
418
994
1343
1589
1764
1832
1895
2062
2238
2306
2408
2734
3124
3252
3115
2951
2733
2176
1259
267
-671
-1708
-2932
-4244
-5539
-6674
-7483
-8013
-8438
-8593
-8147
-7300
-6554
-5740
-4296
-2464
-1000
129
1545
3108
4091
4582
5267
6101
6430
6257
6183
6268
6089
5643
5329
5183
4892
4421
3975
3582
3142
2683
2233
1696
1057
446
-114
-727
-1351
-1799
-2086
-2416
-2786
-2945
-2825
-2658
-2518
-2175
-1568
-998
-612
-141
579
1242
1615
1912
2330
2642
2640
2535
2558
2540
2282
1921
1641
1347
920
497
228
31
-227
-531
-815
-1133
-1663
-2624
-4026
-5514
-6771
-8018
-9622
-11213
-12064
-12299
-12671
-13004
-12223
-10249
-8290
-6812
-4833
-1959
704
2494
4262
6559
8470
9296
9756
10510
11046
10950
10841
11128
11263
10963
10803
10973
10821
10185
9727
9501
8617
6885
5204
3886
2116
-367
-2619
-4141
-5672
-7662
-9304
-9912
-10004
-10184
-10088
-9249
-8072
-7116
-6211
-4993
-3672
-2618
-1777
-987
-368
9
365
827
1232
1521
1918
2483
2960
3259
3631
4167
4557
4544
4263
3911
3388
2497
1311
135
-916
-2050
-3430
-4793
-5794
-6567
-7401
-8083
-8166
-7812
-7530
-7226
-6390
-5133
-4024
-3036
-1721
-199
988
1853
2844
3915
4684
5168
5654
6090
6256
6249
6248
6179
5955
5704
5454
5021
4419
3901
3486
2906
2165
1555
1085
462
-330
-943
-1299
-1702
-2245
-2646
-2793
-2922
-3108
-3092
-2761
-2359
-2054
-1707
-1194
-628
-113
415
1001
1534
1906
2154
2337
2449
2472
2415
2285
2076
1802
1495
1159
810
513
303
88
-244
-651
-1037
-1583
-2642
-4139
-5551
-6679
-7972
-9615
-10938
-11410
-11522
-11840
-11786
-10530
-8533
-6853
-5389
-3254
-593
1540
2995
4617
6540
7920
8488
8950
9640
10115
10224
10419
10819
11039
11039
11142
11244
10952
10383
9908
9270
7927
6053
4307
2687
665
-1681
-3638
-5033
-6411
-7932
-8997
-9238
-9099
-9005
-8728
-7979
-7036
-6318
-5750
-5025
-4160
-3434
-2929
-2484
-1972
-1420
-854
-246
445
1227
2045
2789
3381
3840
4216
4480
4497
4174
3572
2861
2067
1058
-130
-1199
-2034
-2948
-4106
-5092
-5589
-5969
-6538
-6842
-6501
-6017
-5906
-5675
-4772
-3643
-2896
-2152
-872
509
1397
2116
3198
4334
5026
5473
6019
6461
6532
6442
6421
6314
6002
5638
5268
4742
4148
3696
3273
2638
1927
1416
944
213
-569
-1038
-1356
-1903
-2539
-2856
-2905
-3035
-3168
-2954
-2445
-2002
-1647
-1086
-343
273
735
1273
1838
2149
2214
2285
2374
2278
2013
1782
1585
1274
910
655
447
132
-195
-370
-512
-836
-1284
-1675
-2123
-2985
-4355
-5878
-7164
-8294
-9597
-10918
-11626
-11553
-11319
-11226
-10539
-8731
-6565
-4962
-3526
-1448
824
2283
3151
4415
6014
7010
7344
7867
8804
9551
9960
10539
11350
11907
12073
12112
11949
11306
10360
9410
8191
6363
4316
2571
917
-1044
-2925
-4098
-4792
-5667
-6622
-7014
-6842
-6741
-6889
-6815
-6353
-5958
-5941
-5963
-5596
-4930
-4322
-3784
-3010
-1911
-766
214
1180
2303
3402
4149
4517
4706
4763
4548
4053
3414
2646
1695
651
-352
-1328
-2257
-2953
-3380
-3790
-4265
-4501
-4381
-4253
-4282
-4121
-3632
-3232
-3121
-2871
-2226
-1585
-1198
-707
99
839
1286
1770
2478
3096
3427
3692
4007
4164
4086
3968
3865
3634
3273
2923
2556
2072
1575
1184
783
250
-270
-645
-1003
-1452
-1796
-1876
-1857
-1912
-1891
-1621
-1237
-944
-641
-161
365
724
992
1365
1748
1943
2021
2163
2285
2246
2159
2178
2179
2000
1758
1593
1394
1077
783
552
227
-182
-438
-588
-1015
-1752
-2410
-3008
-4133
-5838
-7259
-7979
-8802
-10290
-11436
-11155
-10127
-9591
-9029
-7073
-4206
-2262
-1364
179
2682
4424
4697
5019
6342
7440
7349
7204
8183
9506
10008
10122
10751
11504
11518
10948
10390
9697
8451
6834
5163
3344
1401
-245
-1512
-2815
-4144
-4940
-5209
-5647
-6372
-6697
-6487
-6529
-7134
-7553
-7330
-7049
-7154
-7078
-6251
-5095
-4219
-3392
-2104
-601
518
1261
1994
2608
2711
2394
2026
1607
991
402
72
-184
-490
-559
-325
-215
-338
-285
-55
-211
-790
-1179
-1282
-1642
-2228
-2356
-1946
-1609
-1399
-742
373
1320
1957
2705
3548
4017
4074
4115
4186
4036
3744
3588
3504
3321
3176
3204
3192
2969
2719
2513
2099
1399
719
169
-495
-1289
-1861
-2133
-2401
-2700
-2730
-2483
-2303
-2247
-2061
-1745
-1592
-1611
-1539
-1368
-1287
-1253
-1107
-892
-693
-410
-26
267
421
604
808
826
681
592
510
259
-34
-132
-132
-255
-400
-461
-701
-1295
-1927
-2354
-2932
-3936
-4962
-5578
-6051
-6673
-7003
-6584
-5794
-5197
-4587
-3511
-2233
-1290
-559
380
1370
1983
2337
2897
3678
4391
5061
5911
6844
7603
8201
8765
9191
9337
9297
9139
8723
8031
7340
6767
6098
5266
4532
3967
3268
2317
1411
689
-130
-1189
-2201
-2947
-3630
-4405
-5044
-5308
-5335
-5379
-5411
-5263
-4985
-4830
-4895
-4956
-4803
-4611
-4638
-4725
-4541
-4191
-4017
-3894
-3443
-2791
-2388
-2214
-1911
-1503
-1284
-1207
-980
-641
-432
-343
-210
-42
79
182
292
331
315
325
311
184
55
45
41
-75
-150
-30
147
225
332
612
920
1095
1251
1539
1852
2032
2139
2312
2507
2601
2623
2679
2753
2764
2718
2667
2615
2558
2517
2478
2415
2365
2383
2399
2349
2308
2352
2385
2315
2220
2169
2091
1945
1817
1732
1589
1382
1211
1072
858
605
437
289
-1
-394
-697
-903
-1176
-1520
-1803
-2013
-2251
-2498
-2645
-2736
-2971
-3519
-4478
-5718
-6829
-7510
-7932
-8283
-8304
-7835
-7370
-7270
-6962
-5941
-4811
-4268
-3888
-3067
-2243
-1938
-1582
-522
796
1726
2534
3613
4633
5308
5922
6626
7102
7281
7439
7506
7265
6980
6956
6818
6156
5301
4629
3820
2596
1442
808
347
-325
-863
-861
-633
-653
-755
-580
-386
-607
-995
-1022
-837
-993
-1420
-1590
-1448
-1357
-1297
-932
-372
-62
-92
-223
-342
-511
-745
-1046
-1450
-1883
-2240
-2532
-2782
-2828
-2563
-2216
-2011
-1799
-1335
-755
-357
-80
335
805
1026
1069
1269
1614
1781
1740
1768
1923
1994
1955
1985
2119
2221
2239
2244
2260
2246
2178
2056
1873
1653
1428
1187
912
631
389
144
-151
-435
-628
-802
-1070
-1382
-1635
-1892
-2249
-2590
-2775
-2904
-3134
-3417
-3631
-3820
-4048
-4221
-4240
-4164
-4061
-3884
-3617
-3323
-2996
-2582
-2073
-1509
-946
-432
22
413
706
922
1106
1263
1406
1615
1876
2023
1862
1162
-34
-1094
-1390
-1252
-1285
-1096
-188
632
489
265
1080
2145
2313
2235
2871
3495
3243
2905
3277
3610
3204
2696
2605
2414
1968
1861
2036
1849
1498
1632
1916
1732
1587
2056
2349
1590
491
85
76
-162
-202
449
1200
1379
1349
1646
1957
1769
1222
721
335
30
-69
85
368
722
1060
1156
980
884
1055
1163
988
848
932
813
181
-546
-966
-1339
-1943
-2450
-2550
-2523
-2699
-2971
-3167
-3426
-3878
-4402
-4851
-5195
-5392
-5445
-5467
-5508
-5470
-5358
-5339
-5402
-5295
-4933
-4534
-4221
-3837
-3315
-2873
-2629
-2383
-1945
-1430
-982
-512
90
692
1141
1478
1792
2041
2171
2242
2317
2364
2357
2336
2323
2273
2165
2024
1860
1691
1582
1564
1614
1679
1727
1742
1719
1705
1760
1899
2125
2449
2846
3264
3684
4135
4580
4918
5147
5360
5585
5742
5863
6072
6330
6452
6414
6321
6147
5788
5237
4526
3594
2198
-108
-3401
-6594
-8164
-7943
-7042
-5873
-4133
-2646
-2738
-3686
-3504
-2313
-1839
-2047
-1583
-817
-1175
-2213
-2472
-2175
-2322
-2510
-1957
-1175
-726
-122
714
892
307
-95
-221
-838
-1701
-1855
-1611
-1970
-2570
-2362
-1718
-1691
-2026
-1941
-1894
-2635
-3635
-4126
-4514
-5272
-5802
-5634
-5301
-5091
-4440
-3250
-2254
-1643
-874
74
691
1121
1914
2865
3396
3692
4212
4692
4726
4632
4797
4905
4615
4245
4077
3810
3241
2700
2377
2012
1518
1189
1048
734
202
-239
-587
-1111
-1699
-2020
-2185
-2476
-2753
-2791
-2790
-2931
-2985
-2799
-2534
-2213
-1613
-725
126
422
-244
-1471
-1864
-498
1798
3547
4447
5197
6169
7100
7773
8266
8655
8864
8871
8830
8873
8898
8685
8079
6941
5208
3122
1157
-559
-2333
-4264
-5944
-7029
-7594
-7669
-6987
-5567
-4036
-2950
-2276
-1809
-1645
-1891
-2390
-2970
-3619
-4329
-5061
-5816
-6499
-6889
-6977
-7042
-7208
-7353
-7510
-7795
-7936
-7563
-6765
-5671
-4039
-1954
-312
277
272
87
-609
-1656
-1943
-1185
-503
-336
288
1636
2577
2774
3347
4662
5682
5921
5954
5831
5024
3879
3303
3354
3597
4153
5115
5839
5891
5760
5874
5962
5914
6194
6849
7215
6976
6538
6154
5603
4906
4428
4166
3696
2891
2017
1124
97
-858
-1471
-1884
-2323
-2677
-2905
-3265
-3801
-4177
-4282
-4379
-4513
-4451
-4273
-4320
-4563
-4670
-4582
-4475
-4307
-3958
-3604
-3502
-3571
-3583
-3536
-3482
-3315
-3028
-2816
-2752
-2709
-2665
-2671
-2641
-2417
-2070
-1768
-1501
-1203
-980
-889
-752
-446
-70
290
677
1064
1294
1346
1429
1685
2022
2371
2776
3077
3057
2877
2851
2920
2898
2937
3200
3362
3074
2641
2446
2203
1715
1476
1684
1726
1281
769
427
46
-330
-385
-241
-370
-759
-1018
-1145
-1315
-1360
-1165
-992
-987
-930
-667
-311
33
474
1024
1432
1631
1820
1991
1978
1788
1325
382
-539
-499
217
194
-821
-1511
-1495
-1863
-2565
-2105
-598
49
-443
-339
858
1946
2750
4064
5317
5262
4227
3160
1667
-791
-3313
-5185
-7108
-9226
-10267
-9885
-9097
-7767
-4797
-1039
1278
1978
2614
3248
2742
1576
1203
1408
1108
621
685
768
390
307
914
1460
1700
2302
3178
3429
3200
3437
3962
3901
3498
3497
3499
2800
1903
1553
1430
1021
663
645
499
-24
-468
-650
-885
-1069
-841
-488
-518
-752
-829
-987
-1445
-1787
-1758
-1818
-2256
-2641
-2686
-2744
-2974
-3006
-2726
-2515
-2518
-2449
-2269
-2222
-2280
-2173
-1913
-1698
-1501
-1278
-1143
-1040
-777
-465
-266
48
521
623
277
288
897
1246
1030
1040
1506
1665
1422
1548
2005
1985
1551
1458
1691
1714
1611
1636
1506
1097
901
1101
1249
1183
1209
1296
1141
948
1116
1402
1273
868
644
246
-965
-2165
-1648
196
730
-926
-2364
-2012
-1643
-2467
-2427
-429
713
-940
-2781
-2225
-888
-855
-968
14
654
-35
-483
290
1035
1149
1559
2143
1901
1474
2106
2919
2586
2081
2604
3031
2378
1984
2654
2806
1692
972
1401
1585
1005
732
757
87
-877
-1033
-804
-1087
-1491
-1587
-2028
-2922
-3214
-2730
-2575
-2978
-3053
-2792
-3009
-3445
-3180
-2520
-2403
-2614
-2398
-2006
-1969
-1903
-1423
-1023
-972
-731
-194
41
-16
234
643
611
408
627
927
742
429
461
482
208
143
498
685
458
302
378
369
351
611
834
616
317
393
579
521
470
631
665
385
161
246
397
393
323
297
291
329
448
615
780
900
917
871
958
1251
1537
1632
1623
1648
1718
1892
2177
2299
2114
1872
1371
-149
-2077
-2119
134
1500
-277
-2862
-3315
-2868
-3719
-4242
-2301
-328
-1662
-4501
-4862
-3067
-2237
-2634
-2317
-1390
-1394
-2023
-1818
-834
-65
439
988
1439
1980
3025
3948
3821
3334
3874
5144
5769
5642
5675
5784
5132
4024
3638
4103
4370
3715
2436
1172
290
-226
-573
-837
-1074
-1573
-2581
-3746
-4303
-4092
-3825
-4076
-4559
-4802
-4943
-5260
-5491
-5251
-4724
-4392
-4277
-4035
-3608
-3214
-2899
-2501
-1894
-1136
-429
10
244
571
1079
1576
2006
2513
2998
3124
2856
2615
2671
2840
2841
2667
2434
2130
1708
1292
1072
1035
946
673
316
11
-191
-285
-309
-346
-405
-408
-342
-272
-182
-13
189
328
431
613
893
1150
1308
1429
1589
1748
1882
2061
2289
2398
2451
2512
1585
-1481
-4740
-4112
177
2125
-1504
-5942
-6245
-5088
-6598
-7946
-5112
-1934
-4227
-9140
-9563
-5760
-3854
-5164
-5519
-3527
-2156
-2646
-2747
-1183
532
1086
1165
2178
4357
6341
6661
5680
5400
6898
8986
10209
10542
10550
10135
9103
8179
8350
9442
10062
8950
6594
4739
4193
4028
3208
1955
898
-150
-1498
-2834
-3801
-4524
-5272
-6089
-6866
-7478
-7837
-8254
-8961
-9445
-9083
-8222
-7738
-7717
-7551
-7140
-6743
-6168
-5054
-3718
-2828
-2451
-2092
-1450
-549
473
1448
2199
2718
3124
3429
3644
3973
4451
4752
4647
4413
4340
4200
3722
3180
2955
2856
2473
1887
1382
921
369
-132
-348
-326
-330
-500
-723
-861
-911
-870
-604
-172
185
320
379
532
771
1096
1611
2171
2519
2662
2832
2785
1628
-1067
-3793
-3788
-562
2032
91
-4797
-7614
-6866
-6075
-6971
-6842
-4688
-4290
-7755
-10988
-9547
-5883
-5022
-6743
-6729
-3864
-1744
-2449
-3272
-1694
902
2005
2347
4393
7465
8372
6684
5680
7726
10956
12559
12592
12502
12404
11587
10599
10807
11961
12469
11513
9727
8202
7285
6570
5563
4204
3061
2400
1609
149
-1688
-3242
-4357
-5318
-6407
-7929
-9541
-10060
-9560
-9976
-11951
-13203
-12247
-11166
-11730
-12091
-10759
-9748
-10514
-10737
-8605
-6192
-5519
-5433
-4568
-3387
-2270
-839
621
1602
2495
3408
3759
4015
5259
6696
6681
5887
6173
7071
6891
6070
6008
6203
5498
4461
4139
4115
3528
2587
1836
1331
1014
852
547
-18
-443
-472
-482
-662
-630
-305
-147
-239
-88
550
1270
1636
1639
1569
1651
1968
2153
1174
-1598
-4231
-3387
680
2766
-612
-5813
-7014
-4651
-3992
-5762
-5569
-2894
-2875
-7166
-10039
-7175
-2832
-2948
-6068
-6182
-2384
-13
-1840
-3816
-2062
1308
2175
1373
2885
6299
7023
4184
2575
5519
9724
10732
9228
8480
8986
8805
7686
7644
9077
9909
8712
6575
5403
5319
4985
3836
2531
1916
1835
1352
22
-1830
-3372
-4061
-4284
-4608
-5117
-5859
-7322
-9625
-11244
-10592
-8634
-7917
-9178
-10606
-10725
-10132
-9506
-8385
-6733
-5728
-5935
-6113
-5017
-3206
-1849
-1110
-355
789
2074
3033
3531
3986
4822
5778
6453
7073
7856
8159
7429
6524
6631
7408
7638
7021
6159
5307
4327
3470
3131
3087
2745
1884
808
-65
-541
-704
-824
-1003
-1105
-1174
-1444
-1825
-1887
-1516
-1112
-916
-716
-353
-115
-332
-845
-1307
-2011
-3384
-4434
-3426
-1010
-576
-3644
-7025
-7114
-5102
-4586
-5622
-5416
-4005
-4445
-7091
-8192
-5723
-2783
-2802
-4403
-3915
-1287
26
-1187
-1975
-11
2825
3721
3418
4420
6335
6586
5139
5021
7592
10300
10520
9064
8319
8670
8743
8208
8160
8857
9009
7714
5858
4823
4637
4283
3314
2310
1800
1444
555
-975
-2573
-3584
-3840
-3941
-4834
-6626
-7961
-7772
-7190
-7922
-9292
-9350
-8413
-8384
-9013
-8370
-6840
-6655
-7543
-7013
-4873
-3450
-3398
-3153
-2181
-1312
-547
657
1854
2458
2834
3276
3597
4146
5287
6068
5621
5000
5388
5918
5469
4820
4879
4783
3774
2849
2816
2772
1918
955
607
478
116
-234
-419
-658
-908
-923
-835
-872
-833
-547
-341
-392
-294
73
62
-547
-946
-874
-1460
-3113
-3980
-2572
-789
-1665
-4641
-6153
-5009
-3961
-4868
-5722
-4538
-3249
-4495
-6765
-6428
-3578
-1962
-3025
-3842
-2087
241
300
-877
-202
2383
3997
3689
3800
5706
7387
6890
5706
6423
8685
9928
9303
8452
8543
8698
7959
7101
7260
7871
7399
5691
4154
3613
3363
2559
1420
600
98
-670
-1996
-3400
-4225
-4629
-5338
-6286
-6601
-6363
-6907
-8454
-9328
-8616
-7700
-7752
-7880
-7260
-6797
-7117
-7075
-5809
-4306
-3613
-3315
-2737
-2006
-1324
-518
419
1319
2197
2931
3230
3345
3853
4531
4707
4628
5017
5535
5260
4421
4003
4008
3722
3195
2994
2902
2276
1272
606
450
446
368
193
-107
-398
-485
-495
-631
-686
-375
16
56
-120
-198
-313
-648
-1084
-1692
-2684
-3439
-2899
-1559
-1455
-3330
-5268
-5423
-4584
-4451
-4744
-4132
-3166
-3679
-5468
-6021
-4222
-2144
-1897
-2558
-1995
-411
212
-341
-40
1904
3635
3755
3621
4878
6572
6763
5859
5983
7616
9008
9007
8512
8533
8513
7651
6633
6645
7353
7270
5914
4311
3372
2828
2086
1227
570
-133
-1384
-2956
-4016
-4301
-4519
-5296
-6333
-6995
-7205
-7361
-7655
-7924
-8006
-7919
-7740
-7420
-6844
-6154
-5722
-5631
-5332
-4361
-3071
-2128
-1540
-888
-163
384
956
1921
3021
3654
3762
3798
4029
4345
4600
4752
4764
4626
4333
3879
3392
3087
2915
2567
1993
1510
1200
765
145
-300
-443
-561
-757
-834
-822
-951
-1132
-1083
-885
-805
-763
-570
-459
-722
-1139
-1452
-1964
-2808
-3130
-2240
-1138
-1441
-2984
-4040
-3949
-3755
-3994
-3690
-2418
-1638
-2593
-4107
-4114
-2625
-1430
-1242
-950
95
859
523
132
1063
2795
3709
3617
3879
5023
5887
5647
5224
5748
6764
7130
6917
7039
7486
7281
6197
5252
5173
5428
5187
4469
3718
2939
1884
684
-259
-837
-1251
-1713
-2336
-3145
-4041
-4864
-5532
-5959
-6002
-5734
-5637
-6050
-6617
-6791
-6586
-6315
-5902
-5169
-4445
-4137
-4021
-3612
-2941
-2326
-1728
-952
-128
466
832
1156
1526
1916
2282
2590
2837
3056
3169
3032
2702
2461
2404
2331
2141
1980
1894
1650
1142
644
448
458
387
169
-25
-157
-383
-720
-901
-783
-599
-581
-635
-600
-544
-562
-588
-596
-683
-849
-969
-1028
-1127
-1231
-1193
-1021
-922
-1030
-1191
-1177
-1006
-910
-935
-836
-511
-232
-225
-265
-48
307
490
536
750
1162
1471
1534
1583
1826
2118
2238
2264
2423
2710
2882
2853
2799
2849
2885
2766
2551
2390
2283
2119
1850
1526
1227
965
692
402
170
46
-78
-326
-631
-851
-1000
-1201
-1432
-1544
-1530
-1567
-1749
-1947
-2015
-2014
-2098
-2252
-2320
-2284
-2301
-2409
-2461
-2382
-2307
-2322
-2322
-2204
-2048
-1961
-1893
-1728
-1462
-1217
-1052
-916
-712
-445
-207
-22
182
441
670
801
906
1066
1244
1370
1460
1556
1628
1635
1597
1568
1570
1600
1602
1516
1349
1199
1133
1074
946
791
686
590
424
223
90
41
-16
-125
-243
-325
-383
-451
-512
-527
-498
-485
-515
-554
-548
-500
-444
-385
-312
-249
-223
-196
-125
-48
-21
5
93
201
239
238
288
354
343
280
281
342
348
275
224
228
200
106
19
1
7
-26
-68
-87
-104
-139
-176
-178
-155
-126
-88
-34
23
56
74
106
157
198
229
275
322
318
276
267
311
336
286
192
114
55
-8
-70
-115
-160
-238
-348
-442
-479
-490
-534
-609
-653
-648
-632
-614
-562
-482
-421
-390
-354
-306
-254
-185
-98
-32
8
73
173
249
282
311
342
339
315
347
437
491
451
368
315
292
262
241
250
247
162
17
-87
-116
-143
-219
-295
-334
-387
-489
-583
-618
-617
-625
-634
-615
-570
-525
-491
-465
-418
-338
-245
-153
-43
89
180
200
229
342
487
586
647
710
751
733
684
664
690
716
680
572
465
411
378
293
165
87
84
62
-27
-104
-111
-114
-190
-273
-244
-134
-87
-158
-230
-208
-142
-107
-76
3
74
65
26
63
179
270
273
234
226
252
271
253
216
192
163
104
27
-15
-23
-73
-185
-280
-301
-301
-345
-400
-400
-379
-395
-440
-455
-427
-394
-383
-383
-368
-324
-277
-250
-238
-221
-183
-148
-124
-84
-22
24
26
15
32
68
84
74
67
84
104
101
78
63
63
50
17
1
30
61
37
-26
-69
-66
-44
-38
-48
-53
-50
-55
-71
-68
-25
33
61
58
78
137
194
217
220
249
305
363
406
426
423
409
406
415
434
448
442
404
339
284
257
240
207
162
129
103
59
-4
-59
-88
-102
-119
-134
-138
-142
-156
-177
-200
-210
-195
-170
-161
-169
-173
-167
-174
-199
-217
-210
-198
-210
-245
-265
-256
-252
-281
-329
-355
-346
-331
-329
-327
-322
-335
-378
-407
-376
-307
-264
-272
-287
-260
-211
-172
-146
-98
-31
18
35
57
117
197
244
250
268
316
361
373
366
379
420
441
418
375
353
367
382
367
338
314
296
273
240
222
210
182
130
83
65
62
41
3
-32
-61
-88
-107
-101
-80
-80
-113
-144
-144
-128
-120
-117
-99
-75
-77
-105
-113
-76
-35
-27
-46
-58
-58
-57
-58
-59
-51
-45
-45
-45
-52
-58
-57
-57
-60
-63
-55
-43
-50
-74
-83
-62
-39
-31
-35
-30
-18
-10
-6
7
28
45
47
43
51
71
86
80
63
64
80
82
60
27
9
1
-25
-61
-79
-76
-88
-132
-175
-188
-179
-186
-209
-216
-206
-202
-210
-207
-175
-135
-118
-111
-91
-52
-13
14
41
77
110
123
138
167
196
216
218
223
236
235
233
224
216
205
187
177
169
148
122
95
73
57
46
33
16
-5
-21
-29
-37
-49
-58
-60
-69
-78
-87
-81
-70
-73
-81
-87
-80
-67
-64
-70
-69
-57
-53
-57
-57
-44
-29
-30
-36
-34
-24
-21
-29
-36
-27
-13
-13
-20
-24
-22
-26
-33
-31
-18
-4
2
0
2
3
3
9
27
49
64
66
67
74
72
68
74
92
106
99
77
68
68
60
45
40
46
42
12
-21
-30
-25
-31
-54
-71
-74
-74
-90
-108
-114
-110
-114
-129
-136
-128
-116
-112
-120
-122
-111
-98
-85
-75
-61
-43
-27
-21
-10
11
35
54
66
75
85
95
103
111
119
127
129
122
116
111
108
101
92
81
70
59
50
40
30
19
3
-12
-18
-21
-27
-36
-39
-38
-37
-41
-47
-46
-41
-40
-41
-35
-24
-21
-28
-34
-28
-20
-18
-21
-19
-11
-9
-18
-23
-16
-9
-8
-9
-4
4
1
-3
-4
3
15
15
14
17
20
21
18
18
23
22
16
12
14
17
13
5
-2
-2
2
3
3
2
2
0
-2
3
13
18
17
11
10
16
18
17
16
13
7
0
-6
-7
-8
-18
-29
-35
-36
-41
-51
-57
-56
-57
-64
-66
-59
-53
-53
-56
-48
-37
-28
-19
-10
3
12
17
22
32
43
49
49
51
52
53
50
48
49
52
51
48
41
38
37
32
29
28
26
23
13
4
-3
-4
-2
-7
-12
-16
-22
-26
-28
-29
-30
-31
-36
-40
-40
-35
-33
-31
-33
-33
-28
-22
-16
-11
-6
-6
-6
-2
4
12
15
15
15
17
20
21
19
15
15
16
13
11
8
7
5
-2
-5
-3
0
-1
-6
-6
-4
-3
-5
-6
-4
0
-1
-2
-2
1
5
8
7
7
9
9
10
12
18
22
23
23
21
21
21
17
13
12
11
8
1
-7
-13
-18
-24
-26
-27
-26
-28
-34
-39
-41
-39
-37
-33
-26
-22
-19
-15
-13
-10
-6
2
9
13
18
24
27
28
27
29
32
34
33
31
31
31
29
26
23
22
22
18
14
12
8
3
0
-5
-9
-12
-16
-23
-25
-29
-29
-29
-28
-28
-31
-34
-35
-34
-31
-30
-28
-25
-21
-18
-17
-13
-6
-4
-2
-1
4
6
3
4
7
9
11
11
12
14
14
13
10
10
8
9
5
5
6
7
9
8
9
9
10
10
12
16
17
16
16
18
18
19
16
15
14
12
11
8
6
4
3
1
-1
-3
-4
-5
-8
-7
-10
-10
-11
-13
-14
-16
-19
-21
-19
-22
-23
-24
-21
-20
-20
-19
-17
-12
-8
-6
-2
2
5
5
5
5
5
3
4
5
6
8
7
9
12
14
13
13
13
13
14
14
13
12
12
9
8
7
6
5
5
5
5
5
3
2
-1
-3
-4
-4
-2
-3
-3
-4
-5
-4
-5
-5
-3
-5
-6
-6
-8
-8
-10
-10
-8
-8
-7
-7
-6
-6
-6
-5
-4
-2
-1
-1
0
0
1
2
2
5
7
5
4
4
3
2
2
2
3
3
4
3
2
1
0
0
-1
0
-1
0
-1
-2
-1
-1
1
1
-1
0
3
1
0
0
0
0
-2
-1
1
0
-2
-2
-2
-3
-3
-2
-2
-1
-3
-1
-1
-1
-1
-2
-1
-1
2
3
3
4
6
4
5
6
4
6
7
5
6
8
7
6
7
8
8
8
8
5
4
4
4
3
2
4
2
3
3
3
2
1
-2
-2
-4
-6
-8
-9
-9
-7
-9
-11
-13
-12
-13
-14
-13
-13
-11
-11
-11
-9
-6
-3
-2
-1
2
2
2
4
2
4
6
6
6
5
