-4
-3
-3
-4
-4
-4
-6
-6
-4
-3
-6
-5
-5
-4
-4
-4
-4
-4
-4
-3
-2
-1
-1
-4
-2
-1
0
1
2
2
5
4
6
7
5
5
5
5
5
6
6
4
3
3
4
3
4
5
4
3
2
2
3
1
3
1
-1
0
-1
-1
-2
-4
-3
-2
-4
-4
-2
-1
-4
-5
-5
-4
-4
-5
-5
-4
-4
-5
-5
-5
-4
-3
-3
-3
-2
0
0
-1
-2
0
1
0
0
0
0
0
1
0
-1
1
0
0
0
2
2
2
2
2
3
5
5
8
7
8
7
7
9
7
5
4
5
5
4
3
4
2
1
-1
-2
-4
-4
-4
-6
-6
-6
-6
-9
-9
-7
-6
-5
-4
-2
-3
-1
2
1
2
2
3
0
1
2
1
-3
-3
-2
-2
-5
-3
0
0
-3
-4
-2
-1
-3
0
2
3
1
2
4
5
6
6
5
5
5
5
3
3
4
5
4
3
3
3
1
0
-1
0
-3
-4
-4
-4
-6
-5
-4
-4
-5
-2
-2
-4
-3
-3
-1
-2
-3
-2
-3
-2
-1
-2
-2
-1
0
0
-2
-4
-1
1
0
-1
1
1
0
1
4
2
1
1
2
5
5
3
4
5
5
4
5
3
5
5
3
1
2
3
-1
-1
-1
-1
-3
-4
-3
-1
-1
-3
-1
0
-1
-1
0
0
0
-1
-3
-3
-2
-4
-3
-2
-3
-4
-6
-8
-6
-3
-4
-6
-4
-1
0
1
1
3
5
6
7
8
7
6
4
5
6
5
6
5
6
4
1
-2
-2
-1
-2
-3
-3
-4
-3
-2
-2
-3
-4
-3
-2
-3
-2
-2
-1
0
1
0
-1
0
-1
-2
-3
-2
-2
-1
-3
-3
-3
-3
-2
-3
-2
-1
0
0
3
3
3
4
3
3
1
1
0
0
0
-1
-2
-1
0
-1
-1
0
-1
-4
-1
0
0
-1
0
-2
-3
-2
-1
0
1
2
4
3
3
2
5
5
3
2
3
1
0
0
0
0
0
2
1
1
0
1
2
2
1
3
3
0
-1
0
1
0
-3
0
0
1
0
1
1
2
2
2
5
5
3
1
0
0
-2
-2
-1
-1
-3
-5
-3
-2
-3
-7
-6
-4
-2
-2
0
-2
-1
0
-3
-3
-5
-3
-5
-6
-6
-5
-7
-10
-10
-8
-5
-6
-5
-2
0
-1
-2
2
4
3
0
3
5
4
2
5
6
5
3
3
5
4
3
6
9
7
5
7
10
4
3
6
9
4
3
9
12
4
2
8
9
4
2
6
9
4
0
2
3
-1
-4
-2
-1
-3
-5
-5
-6
-7
-9
-12
-12
-11
-8
-9
-10
-11
-8
-6
-6
-3
0
1
-2
-4
-3
0
-1
-3
1
5
5
3
3
8
4
-2
-6
-4
-3
-4
-6
-5
-3
-3
-3
-3
-2
-1
0
0
3
4
5
6
7
7
3
5
7
8
5
5
3
2
0
-4
-1
-2
-2
-1
-2
-2
-3
-4
-4
-4
-4
0
2
2
1
1
-1
-4
-5
-3
0
0
0
1
2
2
1
4
9
8
7
4
6
6
2
0
1
3
1
-2
4
5
1
-2
-1
1
-2
-2
0
1
-1
-2
-1
2
1
-3
-3
-1
1
-1
-2
3
1
-5
-8
-3
-1
-3
-3
-2
0
-3
-3
-4
-3
-6
-6
-1
2
1
2
3
0
-3
-3
-1
-2
-3
1
0
-1
-1
2
2
-3
-4
-1
1
0
0
4
4
0
-4
-2
4
5
1
-1
3
5
-2
-8
-5
-3
-4
-8
-1
9
7
-2
-5
2
3
0
-2
9
15
11
3
6
11
4
-9
-10
4
8
-1
-2
8
11
-2
-18
-15
-4
-4
-16
-15
9
24
5
-16
-9
2
-16
-36
-14
21
20
-6
-3
19
6
-28
-22
8
8
-6
14
43
26
-5
1
10
-14
-27
10
28
-7
-26
13
27
-21
-39
15
44
0
-19
26
45
2
-16
23
31
-1
12
43
2
-62
-32
32
-7
-77
-32
60
31
-62
-44
37
22
-52
-33
46
46
-12
-11
24
8
-31
-26
-7
-16
-20
3
10
-7
-3
9
-15
-46
-26
11
-14
-54
-34
8
-15
-66
-50
-8
-31
-76
-58
-6
-4
-32
-17
22
22
-3
1
21
16
5
19
33
28
28
33
18
-8
-7
3
-12
-22
7
28
5
-17
8
25
-2
-18
15
49
40
24
42
60
45
24
29
45
47
44
48
55
61
59
50
44
48
54
50
47
56
70
70
57
56
60
59
55
59
73
83
79
85
92
84
58
37
40
35
14
5
16
23
1
-27
-32
-26
-38
-55
-49
-26
-24
-53
-68
-37
-14
-46
-87
-85
-60
-62
-78
-52
-23
-73
-143
-143
-99
-82
-100
-109
-127
-179
-200
-165
-130
-138
-157
-167
-195
-210
-127
13
83
66
71
109
84
28
48
164
239
203
201
272
268
82
-161
-289
-353
-484
-649
-721
-758
-934
-1250
-1502
-1638
-1810
-2061
-2233
-2255
-2230
-2195
-2037
-1741
-1448
-1221
-961
-601
-205
206
695
1252
1766
2186
2553
2887
3138
3302
3430
3530
3571
3561
3527
3450
3307
3112
2877
2590
2263
1947
1671
1404
1137
882
636
382
121
-133
-361
-558
-729
-877
-982
-1034
-1059
-1071
-1063
-1021
-1005
-1022
-1014
-962
-936
-958
-955
-923
-970
-1103
-1183
-1195
-1291
-1501
-1633
-1596
-1557
-1625
-1660
-1513
-1313
-1294
-1419
-1449
-1315
-1193
-1154
-988
-561
-128
7
-50
6
135
79
-49
82
335
217
-287
-668
-752
-983
-1730
-2928
-4408
-5835
-6486
-5952
-4935
-4398
-4203
-3674
-3128
-3325
-3666
-2751
-742
693
1120
2035
4244
6430
7332
7653
8518
9405
9181
8325
8361
9506
10373
10077
9254
8663
7992
6673
5023
3817
3124
2317
1061
-213
-960
-1285
-1812
-2855
-4052
-4938
-5593
-6213
-6497
-6104
-5476
-5323
-5465
-5180
-4488
-4042
-3837
-3264
-2363
-1846
-1807
-1571
-849
-121
241
419
590
614
380
85
-23
-9
-136
-475
-815
-1007
-1161
-1371
-1542
-1642
-1812
-2065
-2174
-2008
-1705
-1426
-1155
-880
-686
-576
-407
-81
310
639
888
1133
1409
1682
1926
2137
2277
2275
2159
2064
2062
2094
2100
2099
2063
1906
1659
1457
1333
1206
1046
915
827
726
643
651
739
806
795
724
640
567
527
548
621
672
637
541
483
489
448
198
-320
-959
-1480
-2046
-3377
-5766
-7984
-8244
-6610
-5237
-5530
-6319
-5959
-4986
-5005
-5795
-5572
-3899
-2316
-1787
-1245
539
3061
4963
5911
6470
6831
6764
6566
6994
8175
9317
9714
9518
9246
8976
8334
7187
5932
4948
4023
2714
1204
248
85
-32
-866
-2260
-3596
-4734
-5881
-6817
-7030
-6589
-6207
-6271
-6307
-5832
-5125
-4718
-4522
-4144
-3634
-3292
-3014
-2485
-1853
-1435
-934
154
1439
1889
1293
609
642
1121
1440
1538
1598
1525
1272
1157
1382
1535
1111
270
-367
-528
-456
-361
-160
168
341
186
-62
-101
16
76
119
293
511
597
666
938
1294
1358
1047
689
539
532
542
620
787
856
692
453
362
356
248
59
-57
-101
-165
-161
38
311
416
310
147
56
37
42
48
65
88
80
56
82
151
168
101
52
44
-30
-181
-241
-98
110
188
144
108
136
188
194
106
-93
-340
-538
-684
-909
-1346
-1979
-2608
-2966
-2902
-2512
-2110
-1985
-2162
-2410
-2496
-2334
-2000
-1648
-1416
-1327
-1210
-806
-26
932
1751
2246
2456
2526
2609
2827
3198
3615
3905
4002
3986
3966
3967
3933
3789
3489
3044
2503
1955
1509
1211
1015
809
528
158
-280
-728
-1103
-1359
-1542
-1718
-1904
-2086
-2234
-2298
-2230
-2058
-1877
-1781
-1821
-1951
-2050
-1989
-1779
-1545
-1397
-1356
-1378
-1399
-1340
-1176
-1023
-1066
-1331
-1648
-1797
-1695
-1404
-1056
-787
-684
-728
-773
-658
-373
-51
157
204
185
233
424
741
1075
1259
1228
1081
992
1017
1106
1224
1350
1398
1323
1232
1255
1366
1460
1484
1395
1210
1067
1072
1135
1121
1046
954
824
709
707
773
746
628
581
618
592
476
372
288
135
-46
-121
-82
-71
-157
-282
-376
-413
-396
-373
-418
-526
-603
-586
-508
-426
-393
-441
-536
-556
-454
-319
-257
-233
-161
-52
36
89
131
148
112
10
-142
-313
-482
-645
-862
-1235
-1821
-2566
-3303
-3844
-4050
-3909
-3584
-3325
-3272
-3336
-3316
-3115
-2772
-2382
-2014
-1705
-1391
-885
-35
1107
2277
3195
3752
4024
4180
4375
4672
5024
5322
5497
5546
5517
5463
5401
5266
4951
4403
3674
2876
2116
1462
938
506
90
-348
-825
-1332
-1839
-2292
-2633
-2868
-3061
-3252
-3392
-3402
-3260
-3000
-2678
-2355
-2097
-1947
-1872
-1784
-1609
-1343
-1053
-849
-819
-937
-1043
-984
-770
-574
-530
-631
-806
-967
-1012
-902
-749
-721
-820
-856
-690
-377
-67
149
243
227
177
203
346
521
625
672
764
936
1119
1250
1345
1438
1498
1492
1440
1366
1265
1151
1089
1115
1165
1151
1051
899
738
607
545
552
587
583
501
310
29
-218
-217
129
610
844
660
296
138
305
568
655
532
376
352
481
628
628
435
171
60
172
312
233
-45
-264
-224
28
276
314
98
-227
-440
-465
-492
-766
-1306
-1887
-2389
-3035
-4179
-5837
-7472
-8358
-8191
-7341
-6502
-6069
-5918
-5680
-5092
-4177
-3174
-2373
-1849
-1321
-353
1210
3090
4901
6482
7858
8974
9640
9776
9559
9307
9222
9268
9243
8959
8384
7656
6949
6300
5531
4369
2700
739
-1081
-2449
-3380
-4080
-4667
-5126
-5454
-5733
-6017
-6249
-6332
-6255
-6067
-5786
-5390
-4844
-4107
-3102
-1820
-465
622
1251
1547
1765
2033
2313
2497
2438
2032
1403
924
810
777
371
-446
-1282
-1876
-2358
-2908
-3415
-3690
-3707
-3542
-3222
-2806
-2452
-2207
-1888
-1358
-787
-444
-277
29
628
1369
2046
2616
3101
3478
3741
3915
3967
3815
3497
3192
2985
2767
2400
1948
1573
1309
1037
647
165
-328
-758
-1076
-1246
-1299
-1311
-1290
-1169
-912
-594
-319
-96
147
430
678
837
941
1049
1161
1273
1405
1571
1679
1641
1489
1331
1196
1013
781
609
523
402
160
-99
-238
-292
-425
-726
-1206
-1841
-2562
-3357
-4500
-6456
-9155
-11555
-12429
-11733
-10618
-9998
-9563
-8549
-6969
-5495
-4436
-3406
-2089
-669
586
1806
3311
5246
7531
10022
12385
14063
14668
14425
14006
13791
13529
12758
11486
10195
9203
8236
6878
5182
3608
2293
824
-1171
-3456
-5429
-6797
-7668
-8241
-8636
-9023
-9496
-9816
-9569
-8684
-7555
-6511
-5447
-4137
-2734
-1591
-741
210
1504
2848
3742
4098
4297
4661
5115
5356
5254
4818
4074
3044
1880
665
-711
-2331
-3966
-5301
-6391
-7476
-8485
-8959
-8752
-8229
-7799
-7353
-6555
-5330
-3912
-2525
-1236
-79
950
1925
2951
3938
4741
5361
5990
6622
7008
6984
6746
6585
6437
6030
5287
4449
3716
3070
2418
1777
1154
495
-201
-818
-1304
-1754
-2208
-2513
-2523
-2360
-2235
-2121
-1798
-1205
-526
61
591
1132
1625
1986
2240
2469
2663
2735
2658
2470
2197
1844
1471
1165
924
638
257
-132
-448
-729
-1043
-1352
-1571
-1716
-1918
-2282
-2799
-3417
-4293
-5900
-8530
-11528
-13489
-13691
-12990
-12680
-12679
-11772
-9576
-7216
-5629
-4214
-2005
601
2310
2842
3310
4694
6803
8975
10974
12829
14367
15398
16046
16502
16610
16035
14744
13039
11134
8978
6588
4361
2810
1919
999
-577
-2551
-4093
-4953
-5789
-7148
-8611
-9487
-9877
-10371
-10894
-10645
-9254
-7336
-5637
-4192
-2693
-1158
185
1354
2496
3480
4025
4170
4278
4534
4788
4893
4944
5017
4882
4193
2946
1579
474
-519
-1840
-3525
-5070
-6181
-7245
-8688
-10162
-10878
-10719
-10380
-10310
-10079
-9078
-7401
-5579
-3825
-1972
-10
1814
3350
4657
5773
6646
7312
7854
8146
7989
7522
7186
7137
6994
6395
5543
4881
4405
3728
2746
1821
1196
650
-108
-955
-1573
-1870
-2010
-2099
-2143
-2158
-2130
-1944
-1522
-1015
-585
-171
415
1122
1698
2056
2418
2929
3376
3455
3194
2893
2659
2318
1753
1158
714
350
-115
-596
-914
-1090
-1306
-1574
-1699
-1675
-1713
-1995
-2404
-2807
-3308
-4377
-6456
-9339
-11939
-13184
-13317
-13521
-14152
-14014
-12211
-9669
-7860
-6513
-4178
-805
1787
2500
2589
3808
6048
7847
8764
9786
11625
13606
14789
15271
15822
16586
16793
15797
13827
11625
9545
7452
5226
3109
1320
-235
-1753
-3149
-4217
-5034
-5830
-6606
-7182
-7719
-8555
-9533
-9917
-9369
-8475
-7827
-7094
-5575
-3464
-1647
-393
984
2864
4558
5254
5186
5224
5581
5662
5078
4260
3756
3458
2837
1806
833
233
-288
-1191
-2460
-3717
-4766
-5783
-6911
-8050
-9009
-9756
-10301
-10588
-10522
-10038
-9091
-7709
-6091
-4458
-2815
-979
1037
2942
4460
5658
6719
7599
8080
8155
8091
8030
7798
7212
6435
5759
5232
4647
3920
3195
2581
1989
1313
626
66
-355
-727
-1094
-1429
-1681
-1797
-1744
-1570
-1372
-1176
-896
-497
-68
302
677
1176
1755
2235
2530
2751
3009
3227
3240
3026
2731
2446
2097
1584
960
389
-64
-479
-945
-1394
-1701
-1843
-1916
-1971
-2022
-2117
-2330
-2730
-3605
-5451
-8238
-10914
-12346
-12859
-13739
-15107
-15363
-13640
-11331
-9977
-8686
-5581
-1279
1534
2035
2538
4836
7482
8261
7822
8575
10862
12524
12436
12205
13565
15680
16408
15364
14110
13608
12867
10687
7596
5119
3563
1762
-968
-3668
-5104
-5518
-6091
-7106
-7717
-7508
-7211
-7481
-7894
-7715
-7080
-6635
-6444
-6023
-5218
-4298
-3277
-1839
-47
1560
2786
3975
5238
6052
6107
5871
5812
5549
4467
2842
1558
845
49
-1186
-2283
-2708
-2891
-3587
-4684
-5390
-5485
-5673
-6480
-7494
-8068
-8349
-8906
-9642
-9739
-8843
-7546
-6455
-5331
-3566
-1219
1093
3037
4836
6624
8036
8700
8776
8721
8668
8338
7535
6482
5553
4865
4278
3711
3273
3043
2890
2589
2095
1582
1190
841
362
-264
-842
-1208
-1405
-1546
-1601
-1427
-1016
-565
-218
115
584
1138
1578
1851
2100
2394
2599
2595
2495
2479
2512
2399
2078
1684
1302
856
283
-321
-818
-1205
-1588
-2018
-2396
-2598
-2660
-2758
-2983
-3278
-3803
-5067
-7232
-9495
-10857
-11557
-12672
-14225
-14802
-13762
-12369
-11670
-10528
-7464
-3504
-983
9
1646
4644
7041
7498
7576
9083
11064
11474
10650
10801
12459
13809
13672
13147
13467
13929
13147
11289
9670
8647
7240
4799
1960
-372
-2184
-4006
-5867
-7244
-7887
-8164
-8476
-8728
-8569
-7948
-7139
-6387
-5750
-5185
-4643
-4036
-3309
-2496
-1632
-645
489
1562
2359
3043
3970
5069
5757
5708
5342
5117
4751
3713
2242
1120
435
-575
-2212
-3692
-4336
-4600
-5238
-6031
-6234
-5890
-5786
-6200
-6618
-6665
-6601
-6707
-6845
-6756
-6353
-5657
-4671
-3424
-1863
60
2173
4085
5630
6995
8281
9189
9411
9094
8588
7938
6919
5579
4349
3510
2822
2003
1267
1012
1127
1128
923
872
1027
937
387
-235
-580
-877
-1434
-2048
-2298
-2201
-2086
-1987
-1608
-870
-85
515
1056
1704
2337
2729
2883
2947
2919
2672
2224
1737
1296
834
334
-126
-494
-798
-1037
-1157
-1172
-1176
-1235
-1343
-1505
-1761
-2230
-3179
-4833
-6906
-8681
-9881
-11042
-12528
-13627
-13502
-12620
-11990
-11319
-9352
-6163
-3395
-1778
-79
2595
5134
6284
6795
8072
9740
10362
9969
10010
10970
11809
11896
11913
12434
12899
12649
11931
11248
10488
9263
7597
5677
3461
1008
-1286
-3206
-5010
-6809
-8172
-8793
-9069
-9420
-9501
-8775
-7542
-6603
-6078
-5369
-4281
-3362
-2940
-2561
-1776
-874
-345
-42
555
1526
2474
3165
3751
4372
4892
5084
4899
4460
3894
3191
2221
920
-529
-1829
-2904
-3925
-4932
-5675
-5978
-6075
-6271
-6445
-6255
-5765
-5475
-5574
-5624
-5265
-4781
-4555
-4299
-3491
-2268
-1211
-341
906
2643
4267
5396
6356
7420
8224
8360
8045
7717
7332
6549
5397
4272
3373
2554
1718
1046
716
646
601
481
388
416
476
382
89
-271
-595
-949
-1407
-1840
-2041
-1998
-1871
-1708
-1368
-778
-75
582
1208
1860
2441
2772
2816
2701
2523
2225
1743
1152
588
82
-420
-907
-1267
-1434
-1463
-1421
-1349
-1281
-1267
-1317
-1522
-2187
-3550
-5301
-6811
-8012
-9444
-11179
-12391
-12546
-12295
-12273
-11797
-9897
-7125
-4883
-3228
-988
1973
4349
5589
6737
8465
9849
10056
9793
10057
10572
10606
10399
10608
11065
11181
11017
10967
10868
10326
9462
8515
7167
5086
2713
652
-1272
-3520
-5771
-7333
-8294
-9287
-10231
-10353
-9512
-8510
-7824
-7003
-5664
-4271
-3374
-2726
-1836
-864
-326
-222
-76
309
725
1059
1469
2022
2568
3008
3392
3720
3921
3983
3895
3508
2688
1592
511
-542
-1764
-3090
-4174
-4900
-5535
-6229
-6672
-6547
-6081
-5758
-5642
-5363
-4779
-4208
-3890
-3577
-2937
-2112
-1477
-975
-176
1038
2290
3311
4291
5422
6457
7046
7274
7457
7584
7329
6591
5672
4842
4011
3021
2018
1293
864
480
48
-236
-227
-100
-92
-201
-281
-336
-531
-889
-1224
-1411
-1530
-1700
-1850
-1801
-1509
-1128
-738
-271
336
976
1478
1829
2124
2379
2463
2282
1917
1513
1097
576
-36
-562
-878
-1089
-1326
-1490
-1445
-1290
-1222
-1284
-1567
-2356
-3675
-5041
-6118
-7306
-8945
-10475
-11197
-11427
-11841
-11997
-10903
-8762
-6766
-5159
-3048
-213
2352
4116
5744
7691
9295
9950
10078
10303
10543
10489
10309
10260
10218
10032
9847
9761
9583
9219
8814
8326
7396
5895
4168
2516
775
-1259
-3362
-5144
-6604
-8002
-9267
-9956
-9871
-9351
-8785
-8099
-7030
-5667
-4386
-3319
-2273
-1190
-326
128
325
521
762
972
1133
1291
1479
1748
2123
2503
2790
3050
3330
3425
3091
2442
1777
1118
210
-973
-2117
-3038
-3918
-4889
-5683
-6032
-6057
-6047
-5990
-5721
-5323
-4964
-4562
-3917
-3155
-2503
-1892
-1136
-307
488
1401
2517
3582
4406
5159
5903
6418
6656
6836
6916
6588
5913
5250
4622
3794
2893
2228
1711
1076
460
152
38
-123
-254
-218
-193
-348
-551
-678
-842
-1106
-1322
-1441
-1605
-1803
-1813
-1577
-1266
-940
-477
115
648
1052
1446
1849
2119
2172
2061
1833
1483
1049
606
178
-226
-569
-806
-955
-1036
-1061
-1033
-985
-1084
-1647
-2784
-4116
-5203
-6241
-7712
-9356
-10385
-10760
-11219
-11756
-11344
-9657
-7727
-6251
-4534
-2016
565
2462
4133
6158
8010
8993
9422
9900
10284
10265
10140
10214
10177
9814
9529
9554
9448
8954
8513
8307
7713
6325
4689
3347
1949
14
-2121
-3870
-5309
-6821
-8277
-9166
-9353
-9149
-8787
-8211
-7317
-6176
-4998
-3915
-2880
-1831
-909
-320
-35
193
486
760
950
1126
1349
1618
1949
2320
2660
2958
3278
3519
3396
2877
2293
1803
1105
-10
-1205
-2120
-2948
-4023
-5100
-5662
-5759
-5929
-6296
-6382
-5939
-5363
-4992
-4530
-3610
-2510
-1700
-1055
-93
1168
2263
3043
3797
4647
5338
5682
5813
5914
5973
5836
5401
4780
4229
3805
3277
2551
1926
1601
1296
746
203
6
-37
-318
-764
-1023
-1100
-1292
-1630
-1852
-1875
-1871
-1940
-1956
-1775
-1401
-941
-484
-36
472
1035
1510
1803
2010
2224
2322
2151
1822
1550
1325
979
547
235
70
-119
-370
-524
-511
-472
-518
-584
-668
-1023
-1923
-3247
-4555
-5653
-6828
-8263
-9553
-10226
-10461
-10662
-10539
-9469
-7607
-5776
-4189
-2309
-22
2048
3611
5090
6647
7801
8303
8563
8871
9042
9036
9157
9425
9496
9350
9333
9440
9262
8746
8225
7650
6536
4814
3021
1434
-252
-2217
-4095
-5543
-6711
-7804
-8621
-8850
-8541
-8011
-7429
-6740
-5885
-4933
-4034
-3276
-2619
-1991
-1461
-1142
-959
-680
-222
308
823
1344
1906
2479
3010
3437
3707
3844
3870
3630
2977
2078
1246
468
-521
-1700
-2717
-3436
-4073
-4712
-5160
-5315
-5328
-5299
-5166
-4863
-4429
-3883
-3282
-2696
-2052
-1211
-252
611
1422
2391
3420
4196
4731
5281
5806
5991
5842
5650
5470
5076
4442
3815
3286
2739
2159
1647
1235
877
561
273
-42
-361
-610
-852
-1205
-1592
-1832
-1954
-2117
-2269
-2209
-1942
-1658
-1359
-882
-239
371
857
1308
1748
2054
2165
2151
2069
1870
1514
1079
662
270
-126
-497
-776
-948
-1042
-1080
-1065
-1004
-909
-813
-791
-894
-1099
-1435
-2108
-3251
-4593
-5732
-6710
-7821
-8904
-9439
-9379
-9199
-8939
-8046
-6386
-4595
-3106
-1606
173
1855
3083
4098
5194
6184
6806
7210
7632
8064
8455
8908
9420
9812
10021
10157
10185
9893
9257
8469
7539
6245
4551
2751
1081
-527
-2158
-3646
-4767
-5543
-6158
-6642
-6829
-6631
-6232
-5898
-5636
-5268
-4783
-4391
-4150
-3838
-3321
-2768
-2314
-1813
-1114
-304
484
1275
2059
2707
3160
3472
3600
3452
3112
2725
2218
1446
529
-305
-1064
-1859
-2603
-3171
-3641
-4149
-4602
-4860
-4958
-4962
-4853
-4612
-4273
-3826
-3209
-2448
-1622
-712
269
1195
1994
2735
3455
4032
4383
4573
4669
4612
4400
4148
3935
3710
3436
3164
2914
2630
2294
1959
1616
1203
712
189
-329
-832
-1289
-1651
-1911
-2059
-2072
-1936
-1688
-1351
-913
-409
78
487
847
1194
1472
1624
1693
1745
1753
1670
1534
1414
1287
1093
839
591
347
79
-198
-459
-719
-995
-1251
-1449
-1580
-1661
-1701
-1683
-1567
-1378
-1253
-1288
-1440
-1726
-2399
-3574
-4852
-5798
-6576
-7557
-8462
-8678
-8291
-7887
-7409
-6214
-4329
-2599
-1364
-81
1501
2834
3612
4301
5231
6046
6480
6869
7491
8157
8722
9345
10006
10404
10463
10377
10109
9390
8282
7118
5885
4284
2397
698
-641
-1887
-3131
-4080
-4587
-4912
-5316
-5684
-5784
-5674
-5639
-5786
-5914
-5829
-5627
-5459
-5208
-4635
-3786
-2921
-2107
-1194
-185
731
1439
1973
2321
2446
2383
2156
1749
1240
750
243
-358
-890
-1182
-1392
-1706
-1950
-1938
-1914
-2135
-2367
-2323
-2206
-2288
-2362
-2124
-1713
-1396
-1076
-518
186
808
1342
1887
2406
2804
3071
3235
3310
3313
3257
3117
2918
2757
2650
2476
2195
1929
1711
1402
952
518
187
-188
-683
-1107
-1323
-1445
-1578
-1584
-1358
-1039
-774
-497
-136
232
517
740
925
1048
1105
1112
1059
978
940
947
910
814
745
714
608
391
144
-87
-348
-661
-977
-1267
-1531
-1733
-1828
-1833
-1790
-1686
-1499
-1340
-1373
-1625
-1938
-2173
-2346
-2512
-2626
-2661
-2741
-3009
-3424
-3791
-3992
-3990
-3782
-3427
-2979
-2405
-1634
-764
83
982
2004
2900
3425
3764
4242
4748
4991
5101
5381
5697
5734
5635
5745
5976
5978
5743
5472
5112
4488
3700
2949
2217
1407
584
-156
-860
-1513
-1979
-2256
-2508
-2781
-2977
-3121
-3342
-3583
-3667
-3622
-3610
-3617
-3520
-3370
-3276
-3148
-2859
-2488
-2199
-1958
-1651
-1347
-1160
-1032
-855
-688
-633
-660
-663
-617
-549
-459
-343
-221
-101
9
82
127
212
352
461
505
565
687
807
883
985
1147
1277
1324
1359
1415
1433
1393
1364
1360
1317
1223
1140
1077
982
865
779
717
624
489
344
198
46
-100
-219
-301
-344
-350
-316
-252
-155
-36
76
166
245
319
362
371
386
415
429
422
417
432
442
421
369
303
236
148
25
-129
-289
-444
-603
-770
-941
-1093
-1201
-1279
-1370
-1455
-1457
-1367
-1257
-1153
-1009
-830
-659
-491
-289
-83
77
200
324
453
592
721
784
743
570
145
-553
-1202
-1477
-1557
-1757
-1865
-1570
-1248
-1384
-1583
-1232
-710
-720
-960
-746
-340
-340
-397
132
917
1296
1467
1908
2395
2546
2607
2851
3039
3007
2979
3019
2951
2886
3013
3057
2735
2354
2153
1763
1017
488
435
241
-408
-920
-998
-1214
-1781
-2075
-1850
-1730
-2001
-2160
-1975
-1844
-1930
-1879
-1587
-1358
-1280
-1141
-894
-678
-506
-341
-271
-320
-353
-345
-394
-446
-349
-204
-231
-356
-350
-284
-395
-601
-649
-614
-725
-915
-933
-812
-783
-843
-800
-647
-548
-519
-422
-217
-12
133
263
423
576
664
685
690
727
774
782
757
763
800
811
782
774
803
819
805
797
803
770
705
673
667
629
579
587
617
576
502
490
511
479
443
480
520
469
370
292
214
108
29
-2
-34
-78
-77
-17
60
131
209
272
290
289
327
389
451
525
615
651
529
170
-510
-1424
-2206
-2522
-2486
-2406
-2228
-1840
-1609
-1917
-2394
-2462
-2323
-2451
-2573
-2196
-1631
-1430
-1346
-918
-453
-415
-542
-396
-85
222
734
1501
2174
2577
2809
2815
2528
2249
2194
2115
1878
1819
1992
1907
1426
1041
912
575
-54
-428
-357
-287
-402
-344
-27
154
56
-19
83
213
331
566
901
1201
1397
1457
1347
1155
1043
1003
944
946
1132
1349
1359
1214
1089
898
476
-48
-416
-641
-911
-1201
-1395
-1567
-1867
-2259
-2586
-2830
-3052
-3250
-3388
-3482
-3565
-3646
-3723
-3783
-3794
-3743
-3645
-3493
-3253
-2940
-2634
-2375
-2086
-1716
-1308
-884
-352
316
1010
1659
2321
3016
3666
4260
4846
5386
5833
6248
6599
6676
6464
6188
5831
5130
4168
3318
2589
1685
678
-99
-648
-1170
-1572
-1650
-1479
-1276
-1182
-1368
-1973
-2865
-3802
-4743
-5630
-6084
-5731
-4561
-2758
-576
1473
2725
2773
1635
-209
-1812
-2373
-2065
-1613
-1141
-414
123
-31
-116
900
2462
3317
3585
4080
4401
3714
2585
2075
1931
1389
749
667
897
988
1138
1445
1488
1169
896
694
291
-34
79
158
-415
-1274
-1853
-2516
-3766
-5110
-5906
-6504
-7464
-8406
-8696
-8557
-8491
-8293
-7547
-6475
-5549
-4742
-3834
-2915
-2107
-1250
-201
995
2335
3826
5241
6342
7216
7989
8488
8634
8749
9072
9363
9365
9238
9133
8828
8151
7361
6725
6121
5347
4490
3657
2728
1614
445
-623
-1585
-2452
-3189
-3826
-4421
-4955
-5392
-5782
-6135
-6342
-6336
-6205
-6015
-5713
-5311
-4949
-4650
-4259
-3709
-3106
-2520
-1893
-1241
-727
-400
-106
279
690
1040
1329
1566
1705
1728
1683
1624
1580
1547
1512
1453
1368
1237
1040
837
723
664
578
507
506
484
375
296
314
314
252
230
264
258
237
285
354
377
264
-382
-1711
-2760
-2417
-1295
-977
-1417
-1417
-1386
-2634
-4137
-3615
-1681
-968
-1543
-1362
-561
-947
-1929
-1395
234
905
713
1092
1780
1788
1692
2250
2739
2655
2816
3438
3544
3129
3213
3541
2972
1992
2044
2797
2822
2235
2086
2061
1305
446
580
1260
1426
1140
913
541
-164
-692
-780
-864
-1175
-1497
-1906
-2612
-3235
-3311
-3125
-3088
-2906
-2291
-1723
-1623
-1583
-1242
-989
-1102
-1133
-759
-383
-310
-262
-42
129
176
354
663
847
836
763
611
353
167
147
119
9
-13
85
131
140
322
666
989
1296
1684
2035
2173
2166
2161
2144
2081
2030
1971
1768
1404
998
573
55
-479
-883
-1205
-1632
-2143
-2546
-2835
-3184
-3595
-3874
-3984
-4120
-4374
-4654
-4897
-5142
-5330
-5278
-4898
-4235
-3368
-2372
-1321
-205
974
2096
3081
3870
3992
2868
1298
1263
3089
4431
3793
2748
2680
2171
433
-32
2272
4394
3622
1900
1831
2220
1395
898
2105
3085
2173
875
702
770
453
639
1278
1256
935
1482
2235
1943
1414
1804
2150
1478
1064
1914
2524
1607
318
-128
-358
-880
-941
-512
-743
-1816
-2709
-3082
-3306
-3148
-2456
-2176
-2890
-3633
-3599
-3387
-3424
-3067
-2259
-2015
-2501
-2650
-2122
-1710
-1626
-1287
-716
-471
-416
-68
358
426
389
610
860
954
1149
1402
1250
769
577
754
830
766
837
840
416
-119
-201
45
164
180
280
238
-97
-359
-231
47
194
305
483
540
454
490
673
778
839
1085
1406
1540
1557
1620
1596
1394
1325
1614
1906
1841
1608
1436
1192
836
704
908
1065
908
638
459
328
349
392
-732
-3489
-5548
-4395
-1706
-1353
-3387
-4557
-4515
-5988
-8189
-6961
-2814
-1261
-3784
-5805
-4785
-3578
-3840
-3097
-403
1272
387
-513
494
2091
2978
3558
4277
4882
5416
6196
6744
6633
6488
6736
6813
6541
6803
7602
7439
5765
3958
3346
3508
3303
2637
2014
1295
-89
-1978
-3205
-3165
-2720
-3060
-4120
-4953
-5472
-6248
-6945
-6702
-5718
-5149
-5363
-5592
-5357
-4921
-4614
-4192
-3304
-2163
-1340
-1056
-892
-364
265
588
904
1681
2528
2717
2421
2293
2432
2549
2635
2869
3060
2847
2290
1721
1355
1206
1174
1084
813
417
3
-400
-735
-867
-764
-680
-837
-1054
-1045
-878
-798
-725
-419
-21
147
169
383
760
966
994
1122
1399
1664
1855
2006
2081
2056
2020
2057
2121
2218
2319
2388
2362
1692
-728
-4183
-5485
-3088
-413
-1383
-4701
-6369
-6541
-8094
-9851
-8105
-4398
-4003
-7244
-9037
-7269
-5265
-5187
-4811
-2545
-447
-222
-339
991
3081
4261
4446
5145
7158
9389
10382
10071
9602
9650
9920
10242
10971
11843
11696
10085
8027
6625
6114
6048
5763
4742
3021
1228
-222
-1557
-2800
-3510
-3846
-4705
-6196
-7300
-7580
-7896
-9012
-10302
-10421
-9280
-8322
-8573
-9288
-9422
-9204
-9126
-8290
-5941
-3582
-3173
-4008
-3983
-2705
-1205
212
1739
2855
2981
2623
2691
3401
4458
5432
5743
5374
5106
5248
5149
4598
4271
4407
4346
3820
3354
3151
2589
1463
562
472
800
903
545
-83
-712
-1221
-1484
-1294
-722
-244
-258
-643
-834
-572
-138
254
671
1033
1191
1171
1214
1502
1896
2081
2102
2138
2232
2295
2313
2266
1314
-1735
-5382
-5712
-2056
661
-1504
-5960
-7802
-7411
-8370
-9718
-7728
-4030
-4028
-8052
-10436
-8181
-4946
-4535
-5274
-3849
-1067
47
-513
-127
2149
4050
3923
3883
6346
9757
10723
9030
7759
8522
9828
10351
10846
11806
11733
9692
7238
6229
6588
6859
6212
4957
3438
1806
305
-910
-1915
-2822
-3560
-4156
-4887
-5782
-6573
-7142
-7798
-8617
-8850
-7970
-6797
-6693
-7719
-8394
-7975
-7293
-6830
-5880
-4165
-2928
-3112
-3588
-2920
-1429
-236
559
1499
2381
2671
2550
2635
3233
4051
4594
4674
4476
4374
4263
3731
3102
3058
3415
3322
2651
2118
1814
1208
404
65
299
417
68
-443
-891
-1199
-1285
-1147
-852
-490
-200
-200
-411
-366
114
688
1066
1379
1746
1923
1826
1812
2091
2437
2603
2593
2516
2373
2194
1863
853
-1255
-3599
-4222
-2552
-906
-1906
-4922
-7083
-7388
-7508
-8061
-7442
-5434
-4708
-6677
-8777
-8053
-5499
-4128
-4334
-3870
-1850
-41
185
47
1219
3158
4151
4388
5721
8307
9823
8973
7551
7779
9228
10146
10275
10476
10499
9332
7289
5953
5942
6207
5662
4434
3116
1837
471
-825
-1857
-2671
-3387
-3970
-4509
-5229
-6162
-7024
-7659
-8106
-8264
-7799
-6886
-6463
-7221
-8301
-8277
-7154
-6266
-5822
-4798
-3299
-2847
-3439
-3161
-1417
56
441
1011
2320
3091
2862
2791
3452
4114
4477
4860
5097
4864
4511
4236
3732
3256
3473
3885
3423
2401
1879
1605
815
75
220
553
94
-699
-990
-1059
-1332
-1398
-965
-577
-566
-590
-444
-311
-121
291
701
886
1093
1498
1811
1831
1838
2025
2126
1825
1297
802
4
-1574
-3167
-3189
-1732
-1250
-3303
-5975
-6624
-5924
-6245
-7215
-6581
-4838
-4859
-6877
-7725
-5867
-3734
-3595
-4104
-2902
-550
626
306
463
2078
3718
4149
4489
6210
8352
8780
7549
6867
7833
9145
9458
9192
9190
9025
7918
6365
5565
5674
5641
4740
3395
2282
1384
316
-925
-1994
-2701
-3154
-3591
-4212
-5054
-5918
-6557
-6997
-7353
-7365
-6781
-6187
-6467
-7388
-7759
-7187
-6407
-5744
-4817
-3772
-3340
-3396
-3003
-1960
-921
-86
818
1630
2033
2325
2820
3231
3406
3746
4304
4563
4425
4342
4262
3774
3186
3170
3483
3345
2747
2228
1786
1138
562
457
555
364
-89
-514
-860
-1117
-1158
-1018
-906
-859
-749
-632
-580
-431
-98
175
303
615
1229
1698
1733
1669
1816
1889
1389
133
-1571
-2725
-2258
-668
-195
-2061
-4621
-5681
-5560
-5825
-6147
-5140
-3676
-4153
-6381
-7331
-5650
-3599
-3367
-3824
-2795
-732
184
-272
-110
1499
2970
3144
3381
5243
7535
7880
6407
5609
6660
8103
8522
8456
8755
8717
7368
5509
4834
5454
5786
4863
3429
2458
1754
668
-615
-1419
-1728
-2125
-2835
-3543
-4076
-4624
-5343
-6095
-6557
-6440
-5803
-5248
-5496
-6481
-7292
-7210
-6359
-5228
-4202
-3592
-3546
-3750
-3552
-2643
-1360
-214
537
918
1158
1538
2071
2546
2898
3256
3620
3866
3996
4074
3934
3438
2948
2935
3270
3431
3183
2617
1842
1033
552
623
940
978
555
-123
-763
-1115
-1077
-801
-548
-486
-608
-748
-783
-650
-364
-100
37
237
599
951
1177
1306
1522
1683
470
-2678
-4954
-3171
761
1642
-1693
-4891
-4941
-4557
-6269
-6958
-3695
-423
-2219
-6731
-7630
-4244
-1891
-3085
-4014
-1604
1235
855
-904
-84
2764
3675
2053
1868
5204
8580
8193
5535
4639
5992
6898
6565
7001
8768
9312
6904
3717
2892
4204
4896
3927
2782
2400
1785
126
-1627
-2224
-1992
-2165
-3014
-3711
-3775
-3740
-4373
-5634
-6642
-6666
-5929
-5162
-4849
-5005
-5357
-5687
-5900
-5648
-4476
-2711
-1508
-1504
-1884
-1595
-889
-422
259
1678
2892
2871
2347
2519
3065
3086
2933
3372
4010
4006
3507
3116
2814
2350
1920
1821
1946
2014
1773
1068
158
-376
-420
-404
-481
-397
-294
-649
-1317
-1576
-1231
-857
-786
-746
-546
-405
-433
-410
-192
54
26
-341
-490
260
1200
546
-1719
-3130
-2311
-1229
-1872
-2849
-2114
-1159
-2670
-5329
-5413
-2947
-1707
-2996
-3865
-2483
-1136
-2002
-3272
-2209
250
1104
236
355
2314
3750
3107
2135
2960
4802
5556
5197
5433
6557
6905
5708
4497
4819
5957
6183
5287
4483
4235
3666
2322
1148
1042
1407
1033
-167
-1231
-1690
-2070
-2832
-3602
-3824
-3619
-3664
-4308
-5080
-5259
-4977
-5099
-5716
-5746
-4772
-4022
-4311
-4483
-3491
-2465
-2616
-2810
-1577
58
377
34
634
1741
1947
1646
2174
3264
3633
3252
3077
3326
3451
3266
3067
3057
3137
3022
2485
1791
1477
1441
1024
260
-62
81
-208
-1071
-1536
-1258
-1134
-1648
-2020
-1704
-1355
-1577
-1833
-1478
-926
-870
-1062
-788
-141
219
296
454
48
-1633
-3254
-2761
-758
141
-678
-1376
-1330
-2140
-4103
-4729
-2694
-530
-858
-2318
-2263
-1210
-1354
-2322
-1883
36
1153
635
355
1614
3019
2921
2074
2187
3250
3997
4153
4574
5501
5962
5208
3941
3490
4107
4786
4772
4419
4218
3814
2687
1295
643
829
920
360
-366
-703
-946
-1629
-2530
-3012
-3002
-3013
-3295
-3557
-3537
-3425
-3593
-4068
-4438
-4368
-4032
-3775
-3542
-3066
-2505
-2324
-2467
-2302
-1602
-916
-579
-202
456
945
968
967
1337
1785
1940
1941
2044
2153
2102
1954
1823
1702
1568
1395
1146
883
745
698
528
193
-91
-228
-388
-624
-748
-724
-789
-987
-1072
-976
-918
-979
-994
-884
-767
-720
-657
-506
-302
-126
-1
98
198
305
408
500
574
607
596
613
695
762
775
798
848
831
711
573
472
366
234
132
113
123
87
6
-62
-116
-195
-285
-327
-309
-277
-272
-273
-241
-174
-110
-65
-1
103
189
200
185
251
401
530
583
619
671
672
594
529
546
557
474
366
325
305
197
32
-69
-95
-124
-189
-247
-269
-294
-390
-532
-610
-592
-568
-613
-654
-619
-568
-598
-656
-639
-552
-488
-467
-441
-387
-330
-296
-268
-210
-103
7
41
6
-17
6
25
38
106
195
180
44
-70
-79
-43
-32
-56
-107
-180
-241
-257
-238
-208
-190
-208
-256
-285
-259
-203
-145
-92
-42
-5
42
126
236
340
429
512
580
631
681
746
815
886
959
1007
1003
959
913
872
816
751
703
667
603
487
330
180
53
-47
-137
-226
-313
-421
-567
-719
-833
-900
-952
-1005
-1044
-1069
-1108
-1159
-1171
-1137
-1079
-1021
-944
-828
-695
-594
-546
-505
-408
-263
-127
-1
149
279
307
270
296
417
534
573
571
579
587
560
514
503
554
605
580
498
456
485
498
435
349
337
394
453
480
496
518
520
477
429
444
519
574
548
474
431
413
357
257
197
201
178
69
-60
-123
-159
-236
-349
-419
-424
-438
-512
-613
-698
-772
-864
-947
-981
-979
-996
-1063
-1143
-1179
-1162
-1120
-1084
-1047
-976
-867
-774
-707
-613
-464
-321
-238
-156
-1
187
314
378
464
595
719
809
905
1003
1045
1024
1011
1036
1043
1008
971
939
849
713
620
579
499
361
233
155
95
31
-17
-54
-105
-173
-234
-260
-244
-201
-175
-189
-198
-169
-126
-97
-60
-1
36
29
29
78
144
177
175
168
168
163
139
103
62
4
-72
-126
-135
-140
-204
-299
-374
-433
-493
-524
-502
-496
-559
-646
-682
-657
-602
-534
-458
-387
-340
-318
-293
-228
-122
-17
51
102
166
239
286
295
292
324
386
421
406
390
403
398
333
269
284
322
292
207
150
111
22
-86
-127
-101
-104
-165
-228
-255
-273
-308
-341
-341
-294
-238
-201
-174
-127
-69
-35
-10
64
182
263
272
288
365
442
453
457
527
612
629
618
645
655
573
469
445
478
465
400
340
267
151
25
-47
-78
-115
-174
-242
-321
-406
-470
-505
-526
-549
-562
-555
-540
-548
-577
-591
-564
-527
-514
-511
-475
-414
-395
-417
-406
-338
-284
-287
-288
-238
-185
-194
-226
-198
-127
-88
-111
-125
-75
-18
-19
-44
-4
82
135
130
134
186
244
266
271
313
379
417
411
404
441
494
520
516
510
515
516
505
496
502
514
510
472
423
389
366
332
289
260
237
186
97
16
-22
-49
-114
-190
-231
-252
-306
-381
-421
-415
-422
-468
-504
-487
-450
-454
-480
-474
-430
-386
-361
-328
-278
-234
-217
-205
-168
-106
-46
-3
31
61
77
81
98
142
187
201
198
202
213
210
209
224
241
230
197
182
194
200
183
151
123
104
86
61
27
2
-4
-8
-32
-68
-88
-88
-103
-141
-159
-126
-84
-95
-141
-157
-138
-139
-173
-176
-125
-95
-129
-177
-172
-135
-126
-146
-144
-118
-107
-118
-114
-78
-42
-28
-27
-12
24
66
93
97
91
105
147
181
188
194
214
217
183
151
174
227
231
180
141
145
151
120
91
104
117
88
52
55
80
66
7
-32
-22
2
2
-9
-17
-43
-91
-125
-114
-94
-97
-117
-129
-128
-140
-156
-149
-129
-131
-149
-148
-106
-70
-71
-78
-65
-50
-57
-60
-26
26
49
28
5
4
11
18
36
70
83
59
33
35
54
69
74
84
92
82
73
84
105
110
98
89
92
88
76
72
78
77
56
34
23
13
-4
-19
-22
-24
-35
-55
-73
-83
-89
-94
-94
-89
-88
-95
-111
-115
-108
-98
-90
-85
-78
-74
-74
-67
-54
-44
-37
-32
-19
-4
7
17
29
41
44
43
51
66
74
72
70
72
70
64
59
60
57
46
36
26
18
12
12
10
2
-9
-16
-12
-11
-12
-14
-12
-11
-12
-13
-7
3
9
7
4
4
12
15
14
11
13
18
18
12
6
3
-3
-11
-14
-8
-3
-8
-16
-24
-25
-23
-22
-19
-16
-19
-22
-28
-30
-26
-19
-18
-20
-19
-14
-13
-14
-12
0
12
12
8
16
29
32
24
30
48
61
59
57
59
62
57
48
45
50
53
45
30
18
10
5
-7
-22
-32
-39
-44
-55
-69
-78
-82
-90
-98
-103
-97
-93
-89
-87
-82
-72
-63
-60
-52
-37
-17
1
11
18
26
32
36
43
60
78
86
89
89
89
86
81
79
80
81
80
74
68
60
48
33
21
16
11
4
-3
-6
-11
-17
-26
-32
-35
-40
-46
-46
-39
-30
-29
-35
-42
-42
-37
-30
-23
-15
-10
-14
-20
-19
-12
-5
-4
-9
-6
-4
-1
0
-1
-1
-4
-9
-16
-13
-10
-12
-15
-21
-26
-29
-28
-26
-22
-22
-21
-20
-15
-9
-3
0
5
14
23
28
32
40
48
48
48
53
63
68
64
59
58
58
53
46
43
41
34
19
10
9
6
-5
-19
-28
-33
-40
-50
-54
-52
-52
-63
-75
-77
-70
-60
-56
-52
-47
-44
-45
-40
-31
-17
-6
-4
-2
2
14
23
29
35
40
44
47
50
53
58
62
58
53
50
47
42
33
26
24
20
13
4
0
-4
-12
-19
-25
-23
-22
-27
-30
-27
-23
-24
-27
-30
-26
-20
-16
-10
-3
2
0
-3
-3
1
13
21
27
25
20
17
13
13
17
21
18
9
-2
-8
-12
-14
-18
-20
-22
-29
-38
-41
-40
-39
-40
-42
-37
-29
-26
-21
-16
-10
-5
-3
4
13
22
26
28
30
33
33
37
39
44
44
40
36
34
32
29
25
25
22
14
4
-3
-5
-10
-20
-25
-26
-28
-35
-44
-43
-38
-38
-43
-43
-39
-35
-36
-34
-26
-16
-9
-9
-5
3
9
16
22
29
38
43
42
38
38
40
44
44
45
45
44
36
25
20
18
20
20
16
11
4
-3
-12
-20
-21
-19
-22
-28
-33
-34
-35
-39
-40
-40
-36
-35
-35
-34
-30
-26
-24
-22
-20
-12
-3
1
3
4
8
10
10
12
18
25
25
25
25
26
29
28
24
25
27
26
21
17
15
10
7
5
4
2
1
1
-1
-3
-2
-3
-2
-4
-2
-2
-4
-6
-9
-7
-6
-4
-7
-7
-6
-7
-9
-12
-13
-10
-10
-14
-17
-20
-17
-20
-25
-25
-23
-22
-25
-26
-23
-22
-21
-22
-20
-18
-11
-10
-8
-5
-1
1
3
7
11
16
18
21
22
24
25
26
28
31
29
32
30
30
29
30
32
31
31
28
24
24
23
22
18
16
14
10
6
2
-1
-2
-4
-7
-12
-15
-18
-22
-23
-22
-22
-20
-23
-22
-21
-21
-21
-19
-17
-17
-15
-14
-14
-12
-10
-9
-8
-4
-3
-2
2
1
1
2
1
2
3
4
3
3
3
2
1
3
4
5
4
4
3
4
6
4
4
4
5
5
5
6
5
5
5
5
5
2
3
4
3
2
0
1
2
0
-1
-1
-2
-1
-2
-1
-2
-1
-3
-3
-3
-3
-3
-3
-4
-5
-5
-6
-4
-4
-3
-4
-5
-4
-4
-5
-5
