-3
-2
-3
-2
-2
-3
-3
-3
-2
-1
-2
0
0
1
1
2
2
2
1
0
1
0
0
1
1
2
1
2
4
4
4
5
6
5
4
3
1
3
1
0
1
-2
-2
-3
-4
-3
-5
-6
-4
-4
-4
-5
-5
-4
-5
-6
-5
-4
-2
0
0
2
3
3
2
1
3
3
2
4
3
4
3
4
5
4
4
4
6
5
6
4
3
2
0
-1
1
1
-1
-1
0
-1
-1
-3
-3
-2
-2
-1
-2
-2
-4
-4
-5
-5
-3
-4
-5
-3
-3
-4
-4
-4
-5
-3
-2
-4
-1
-2
-2
-2
-2
0
0
0
0
1
-1
2
3
2
2
1
2
3
3
3
3
5
6
8
7
7
7
8
7
6
5
6
6
4
3
1
1
0
-1
-5
-4
-2
-2
-1
-1
-1
-1
-1
-2
0
0
-1
0
0
-1
-1
-2
-3
-3
-3
-6
-6
-6
-4
-4
-5
-3
-3
-2
-3
-4
-3
-3
-3
-3
-4
-3
-3
-3
-2
-2
0
1
1
2
4
2
2
1
0
0
-1
-1
-1
-1
0
0
-1
0
1
1
0
2
3
4
4
3
3
2
4
1
2
4
4
6
5
6
5
6
4
4
4
4
4
1
1
0
0
1
0
1
1
1
1
-1
-1
-1
0
1
2
1
1
1
0
0
1
0
-3
-4
-4
-5
-4
-4
-5
-8
-7
-7
-8
-8
-8
-7
-8
-6
-6
-4
-6
-6
-6
-5
-5
-5
-4
-2
1
3
2
1
4
4
4
4
5
5
4
4
2
2
1
2
1
1
2
5
6
5
5
5
3
6
4
6
5
7
7
5
6
5
4
3
4
2
2
1
2
0
-3
-5
-5
-5
-3
-4
-5
-5
-6
-6
-4
-5
-5
-3
-2
-1
-2
-3
-3
-5
-5
-5
-5
-3
-3
-3
-1
1
-2
-3
-2
-1
0
1
3
3
3
3
3
3
5
5
2
2
4
5
5
4
3
3
4
5
3
3
2
2
2
1
3
2
0
-3
-2
-1
-1
0
-2
-3
-3
-4
-4
-2
-3
-2
-2
-4
-3
-1
1
-1
-1
0
1
0
2
4
4
5
3
2
4
2
0
-1
-1
-1
-1
-3
-3
-3
-2
-2
-2
-1
1
-1
1
-1
-1
-1
-1
-2
-3
-2
-2
-2
-1
-1
-2
-2
-2
-4
-3
-1
-1
0
-1
-1
-2
-2
-1
-1
0
-1
1
2
-1
0
-1
0
-2
-2
1
3
4
4
2
2
1
0
3
2
3
3
4
4
5
5
3
3
2
2
2
4
4
5
5
2
0
0
0
-2
-1
0
0
1
1
0
2
0
-3
-1
-2
-1
1
1
-2
-2
-3
-2
-2
-3
-1
2
5
3
2
2
2
1
-1
0
-1
-1
-2
-2
-2
-3
-2
-3
-4
-4
-5
-4
-5
-6
-5
-5
-7
-8
-8
-6
-6
-5
-3
-3
-3
-2
-2
-1
0
0
2
1
0
1
3
3
3
4
2
1
-1
0
0
2
3
2
2
1
4
3
2
3
2
3
5
4
3
3
2
1
0
0
1
2
3
3
4
5
4
4
3
1
2
2
3
2
3
2
1
0
-3
-3
-2
-4
-2
-1
-1
-1
-2
-1
-1
-2
-2
-1
-1
-1
0
1
-1
0
-1
0
2
2
3
1
1
-1
0
0
-2
-2
0
-2
-1
0
-1
0
-2
-4
-3
-1
1
1
2
3
3
2
1
0
0
2
2
3
1
0
0
-1
-2
-1
-2
-2
-2
0
-1
0
0
-3
-3
-2
-1
0
-1
-1
-1
-3
-5
-4
-4
-3
-2
-1
-1
-4
-8
-7
-9
-11
-13
-19
-20
-19
-20
-20
-25
-29
-26
-25
-19
-19
-22
-16
-10
-7
-4
-2
3
9
13
15
24
34
38
42
45
53
63
66
69
73
77
90
91
93
93
94
103
106
103
103
102
104
108
104
100
93
90
93
88
79
76
67
64
59
52
47
39
35
31
25
19
13
7
4
0
-5
-8
-12
-17
-21
-24
-29
-34
-41
-48
-54
-59
-66
-72
-78
-80
-84
-89
-89
-90
-91
-93
-93
-91
-87
-88
-87
-85
-87
-87
-92
-98
-102
-106
-115
-127
-139
-152
-166
-188
-213
-237
-260
-288
-320
-356
-387
-417
-451
-489
-522
-549
-570
-589
-608
-614
-611
-608
-595
-571
-533
-484
-437
-377
-306
-226
-138
-53
37
133
233
333
426
521
610
693
769
833
895
943
984
1015
1033
1048
1053
1044
1030
1006
977
949
916
878
839
800
761
722
682
641
600
560
518
476
430
383
336
287
232
171
106
40
-24
-87
-154
-221
-289
-357
-428
-494
-553
-608
-661
-712
-760
-795
-823
-843
-861
-885
-899
-896
-881
-854
-821
-786
-757
-730
-704
-656
-570
-479
-422
-410
-406
-371
-310
-258
-231
-210
-183
-168
-169
-161
-121
-69
-44
-56
-68
-61
-41
-4
37
75
92
96
112
113
19
-187
-409
-505
-483
-505
-638
-790
-860
-900
-1012
-1163
-1235
-1203
-1196
-1293
-1342
-1142
-700
-247
46
225
427
683
953
1250
1613
2019
2382
2663
2898
3102
3257
3348
3371
3313
3175
3010
2913
2878
2795
2578
2252
1895
1509
1072
637
278
-15
-349
-735
-1060
-1243
-1368
-1551
-1792
-2005
-2139
-2194
-2168
-2079
-1967
-1859
-1708
-1482
-1256
-1114
-1043
-962
-852
-786
-764
-709
-595
-486
-467
-533
-639
-762
-876
-955
-987
-1006
-1036
-1037
-976
-889
-846
-847
-840
-792
-704
-575
-398
-200
-25
94
172
239
300
367
453
551
648
735
842
976
1097
1158
1149
1105
1055
1006
990
1021
1069
1078
1015
921
838
774
707
617
521
431
365
340
349
378
407
421
410
368
325
288
194
-31
-359
-630
-722
-704
-749
-952
-1268
-1607
-1930
-2251
-2585
-2910
-3120
-3080
-2774
-2371
-2070
-1891
-1717
-1471
-1182
-884
-536
-78
489
1122
1757
2312
2742
3049
3289
3488
3630
3717
3805
3953
4133
4242
4190
3975
3649
3271
2860
2416
1946
1483
1061
689
336
-49
-495
-982
-1464
-1908
-2307
-2656
-2918
-3059
-3106
-3099
-3084
-3102
-3176
-3286
-3361
-3327
-3170
-2928
-2630
-2298
-1967
-1680
-1442
-1235
-1047
-874
-693
-467
-173
158
480
755
953
1044
1042
998
982
1015
1067
1117
1167
1213
1231
1202
1121
999
852
695
572
514
512
523
520
493
443
361
263
188
161
167
180
200
240
295
326
310
274
264
290
331
354
337
296
276
315
384
393
306
194
168
235
259
119
-107
-198
-35
230
330
181
-38
-107
-12
59
-13
-148
-167
-12
181
246
159
36
-14
15
57
34
-75
-219
-347
-430
-499
-605
-779
-1009
-1239
-1435
-1611
-1809
-2068
-2347
-2535
-2527
-2341
-2104
-1937
-1852
-1779
-1650
-1436
-1146
-808
-456
-100
303
781
1310
1801
2188
2469
2689
2880
3047
3201
3340
3459
3535
3542
3471
3328
3118
2843
2509
2134
1752
1387
1037
695
370
74
-203
-492
-811
-1143
-1443
-1670
-1819
-1913
-1981
-2029
-2043
-2015
-1975
-1953
-1961
-1989
-2014
-1998
-1898
-1682
-1397
-1148
-1002
-947
-909
-840
-746
-650
-570
-494
-395
-234
-18
190
311
310
233
159
146
202
298
383
435
453
471
513
566
588
554
481
418
397
424
482
548
589
583
539
478
436
410
386
353
327
328
358
395
407
387
346
310
284
254
218
192
196
228
257
259
236
200
159
120
81
46
14
-12
-37
-66
-92
-106
-98
-72
-48
-48
-78
-126
-160
-167
-141
-94
-36
13
48
64
65
57
36
-4
-65
-125
-160
-165
-159
-185
-263
-373
-474
-542
-595
-669
-795
-962
-1125
-1230
-1238
-1159
-1041
-941
-882
-854
-823
-760
-642
-482
-292
-101
70
232
411
623
860
1072
1216
1277
1284
1286
1316
1378
1446
1486
1470
1403
1307
1219
1153
1085
981
831
657
498
384
318
274
216
121
-18
-172
-303
-385
-436
-488
-563
-644
-699
-714
-720
-752
-810
-876
-931
-992
-1074
-1165
-1200
-1131
-977
-824
-747
-755
-793
-790
-722
-606
-487
-406
-372
-347
-271
-115
92
262
321
284
235
256
352
461
531
564
591
613
616
607
618
660
681
619
491
383
362
408
450
441
395
344
290
230
179
163
175
172
121
48
14
39
87
87
28
-39
-59
-26
4
-8
-57
-92
-93
-79
-85
-125
-170
-184
-159
-109
-57
-25
-18
-40
-70
-82
-58
-10
24
9
-42
-85
-85
-52
-16
-10
-47
-107
-171
-212
-213
-183
-157
-176
-248
-337
-397
-406
-385
-387
-438
-540
-674
-808
-906
-934
-874
-750
-615
-522
-473
-427
-340
-194
-27
113
198
259
357
526
749
973
1135
1216
1231
1212
1196
1205
1236
1265
1260
1206
1114
1026
962
913
847
740
587
402
206
-2
-221
-434
-623
-777
-874
-903
-869
-808
-763
-767
-813
-864
-881
-857
-806
-743
-660
-546
-433
-381
-433
-540
-586
-500
-315
-151
-95
-107
-65
106
358
558
629
614
631
737
880
956
912
785
660
588
538
449
296
117
-22
-97
-144
-227
-365
-527
-655
-709
-702
-675
-665
-678
-688
-667
-595
-489
-393
-349
-352
-354
-298
-170
-10
125
213
265
300
308
282
232
201
230
308
386
419
423
437
479
527
524
440
314
214
180
209
255
275
262
243
240
256
272
259
210
135
56
-9
-48
-70
-91
-128
-183
-255
-340
-473
-716
-1084
-1517
-1859
-1981
-1865
-1615
-1384
-1250
-1189
-1113
-954
-719
-481
-318
-215
-76
203
645
1172
1669
2061
2330
2487
2551
2545
2500
2440
2376
2301
2206
2084
1938
1774
1575
1297
874
278
-450
-1166
-1724
-2043
-2160
-2190
-2233
-2305
-2343
-2285
-2131
-1956
-1834
-1776
-1709
-1537
-1204
-732
-199
298
699
991
1193
1329
1416
1472
1505
1511
1486
1429
1355
1280
1195
1068
875
608
284
-67
-397
-671
-871
-1005
-1100
-1184
-1266
-1319
-1320
-1270
-1205
-1164
-1140
-1084
-958
-760
-528
-300
-86
99
228
289
312
360
463
598
714
773
771
756
757
757
702
558
357
171
62
36
43
18
-64
-156
-162
-36
149
269
261
179
133
187
327
479
566
572
550
573
661
781
846
727
269
-596
-1693
-2646
-3127
-3125
-2904
-2729
-2680
-2670
-2578
-2327
-1947
-1576
-1384
-1387
-1387
-1140
-560
261
1190
2126
2964
3588
3945
4108
4205
4298
4355
4321
4179
3973
3765
3613
3553
3538
3412
2971
2166
1185
291
-406
-973
-1500
-1990
-2418
-2793
-3089
-3238
-3231
-3202
-3288
-3477
-3650
-3735
-3713
-3521
-3105
-2611
-2326
-2314
-2282
-1878
-1111
-303
241
467
488
472
588
880
1179
1247
1080
950
1070
1355
1562
1581
1477
1311
1074
772
484
280
170
148
207
294
300
200
125
187
314
322
142
-84
-186
-124
45
240
395
465
455
445
478
515
476
356
247
209
215
199
167
188
274
350
341
259
177
125
105
121
155
181
193
261
437
652
794
843
882
954
996
949
848
789
839
991
1199
1408
1570
1554
949
-744
-3452
-6141
-7563
-7558
-7171
-7334
-7826
-7841
-7148
-6181
-5292
-4530
-3987
-3812
-3799
-3429
-2469
-1089
580
2632
4936
6926
8113
8642
9118
9869
10558
10582
9772
8612
7740
7355
7217
7064
6772
6174
5079
3594
2081
708
-687
-2190
-3558
-4622
-5572
-6566
-7279
-7255
-6605
-5979
-5850
-6064
-6199
-6041
-5615
-4964
-4122
-3220
-2382
-1554
-542
717
2023
3094
3817
4221
4299
3991
3436
3003
2930
3000
2742
1994
1086
427
43
-391
-1084
-1959
-2806
-3564
-4234
-4758
-5038
-5092
-5020
-4873
-4651
-4328
-3864
-3146
-2154
-1055
-141
484
1014
1687
2528
3332
3935
4332
4609
4787
4863
4854
4790
4651
4374
3952
3421
2842
2251
1735
1348
1026
629
103
-416
-795
-1029
-1222
-1421
-1602
-1721
-1761
-1713
-1568
-1345
-1079
-783
-471
-150
160
469
818
1184
1501
1663
1721
1748
1841
1906
1931
1895
1831
1726
1560
1495
1519
1664
1657
1261
-226
-3080
-6611
-9191
-9940
-9891
-10442
-11677
-12053
-11070
-9574
-8616
-7754
-6298
-4626
-3682
-3597
-3337
-2207
-164
2250
4729
6840
8431
9706
11121
12781
14069
14412
13742
12679
11664
10642
9319
7962
7127
6793
6063
4288
2131
599
-180
-1140
-2788
-4714
-6417
-7831
-9000
-9637
-9545
-9032
-8506
-8009
-7396
-6613
-5756
-4739
-3415
-2005
-932
-413
-18
883
2335
3794
4718
5211
5634
5922
5746
5169
4659
4401
3894
2772
1325
57
-914
-1828
-2626
-3201
-3767
-4709
-5929
-6835
-7055
-6905
-6805
-6780
-6588
-6167
-5683
-4979
-3852
-2347
-974
-18
756
1709
2863
3971
4949
5800
6419
6615
6564
6552
6696
6722
6408
5855
5192
4461
3609
2840
2292
1855
1227
385
-404
-902
-1181
-1410
-1569
-1634
-1680
-1826
-1944
-1835
-1497
-1140
-860
-614
-331
-76
119
353
672
976
1084
1028
996
1085
1164
1156
1088
1059
921
593
203
-43
-88
-178
-301
-378
-234
-62
-346
-1822
-4520
-7431
-9080
-9504
-10201
-11814
-13128
-12522
-10918
-9952
-9642
-8231
-5382
-2950
-2277
-2321
-1348
728
2753
4076
5302
6855
8646
10230
11504
12760
13961
14843
14948
14264
13112
11766
10359
9049
7896
6567
4719
2638
1188
409
-454
-1905
-3321
-4090
-4793
-6141
-7753
-8468
-8148
-7809
-8082
-8351
-7846
-6627
-5351
-4223
-2884
-1261
291
1309
1947
2679
3642
4471
4820
4831
4783
4621
4235
3865
3689
3444
2678
1577
626
-201
-1274
-2670
-3854
-4712
-5659
-6945
-8078
-8481
-8246
-7921
-7699
-7290
-6555
-5622
-4736
-3714
-2450
-1094
46
877
1656
2543
3509
4417
5222
5848
6243
6383
6420
6428
6287
5905
5284
4595
3828
2950
2083
1419
993
524
-122
-746
-1120
-1315
-1528
-1774
-1887
-1898
-1995
-2171
-2212
-1958
-1579
-1270
-1022
-734
-386
-35
326
715
1077
1327
1474
1605
1775
1951
2078
2174
2247
2223
2065
1865
1768
1774
1797
1766
1646
1344
817
-83
-1687
-4095
-6640
-8245
-8996
-9972
-11580
-12547
-11799
-10328
-9538
-9044
-7280
-4382
-2250
-1651
-1112
680
2998
4408
5002
6041
7812
9506
10423
11036
12076
13322
13980
13537
12523
11638
10818
9499
7575
5601
3921
2176
157
-1667
-2965
-3983
-5160
-6275
-7031
-7709
-8539
-9190
-9205
-8930
-8971
-9149
-8789
-7814
-6750
-5813
-4560
-2736
-834
617
1683
2897
4387
5638
6213
6273
6331
6437
6151
5337
4505
4067
3682
2785
1549
588
-34
-804
-1901
-2919
-3702
-4577
-5709
-6729
-7330
-7729
-8113
-8220
-7785
-7053
-6367
-5564
-4266
-2602
-1083
126
1349
2748
3966
4696
5179
5793
6417
6623
6409
6219
6229
6109
5604
4952
4457
3995
3299
2422
1662
1069
440
-281
-924
-1371
-1705
-1996
-2145
-2100
-1997
-1968
-1919
-1671
-1290
-985
-757
-416
45
416
657
1001
1553
2073
2357
2532
2803
3092
3183
3103
3010
2923
2666
2191
1697
1349
1063
709
320
12
-312
-839
-1520
-2418
-3990
-6476
-9053
-10503
-11154
-12344
-14201
-15006
-13909
-12520
-12155
-11601
-9060
-5450
-3288
-2743
-1576
1203
3916
4974
5362
6795
8998
10431
10643
10985
12427
14077
14607
13913
13223
13115
12726
11264
9181
7489
6143
4218
1673
-534
-1890
-2950
-4300
-5571
-6341
-6891
-7481
-7890
-7807
-7586
-7603
-7552
-7117
-6477
-5952
-5275
-3970
-2297
-892
144
1308
2891
4452
5433
5931
6358
6814
6790
6011
5041
4449
4081
3161
1656
396
-277
-901
-2000
-3144
-3737
-4067
-4767
-5800
-6632
-7028
-7428
-8051
-8562
-8659
-8262
-7693
-6931
-5890
-4582
-3048
-1482
137
1671
3067
4350
5435
6227
6616
6763
6858
6813
6476
5891
5305
4899
4473
3877
3223
2714
2364
1856
1156
507
90
-242
-771
-1335
-1671
-1767
-1824
-1934
-1872
-1574
-1226
-966
-746
-373
88
449
733
1018
1382
1715
1942
2167
2393
2628
2774
2818
2828
2792
2684
2440
2089
1733
1366
938
497
87
-336
-888
-1477
-2181
-3601
-5973
-8430
-9671
-10167
-11409
-13410
-14341
-13309
-12196
-12206
-11854
-9278
-5697
-3821
-3433
-2048
1067
3805
4725
5206
6935
9146
10208
10135
10508
12101
13619
13953
13309
12911
13117
12844
11531
9760
8429
7262
5251
2581
394
-984
-2212
-3850
-5354
-6251
-6990
-7695
-8129
-8071
-7906
-7988
-7871
-7405
-6925
-6549
-5896
-4607
-3190
-2226
-1375
-123
1538
2996
3922
4728
5621
6338
6396
5841
5369
5195
4811
3711
2231
1222
640
-209
-1450
-2462
-2878
-3325
-4304
-5338
-5814
-5854
-6159
-6857
-7361
-7364
-7143
-7129
-7156
-6703
-5692
-4522
-3534
-2495
-1064
694
2320
3573
4628
5690
6641
7167
7250
7157
7076
6830
6242
5429
4710
4171
3632
2996
2336
1827
1437
1052
599
139
-206
-464
-766
-1160
-1483
-1561
-1462
-1401
-1403
-1344
-1088
-775
-566
-361
-45
436
849
1120
1411
1780
2193
2393
2423
2483
2606
2692
2506
2203
1998
1884
1667
1274
894
635
261
-325
-1136
-2589
-4800
-7333
-8825
-9599
-10989
-13107
-14449
-13771
-12955
-13135
-12976
-10628
-7147
-5346
-4928
-3428
-197
2559
3488
4067
5945
8145
9107
9097
9693
11543
13147
13550
13135
13092
13678
13659
12616
11145
10096
9074
7073
4430
2270
860
-550
-2458
-4257
-5459
-6445
-7332
-7897
-7996
-8036
-8279
-8269
-7958
-7692
-7482
-6850
-5604
-4447
-3749
-2927
-1494
270
1664
2668
3786
4991
5856
6051
5890
5932
6029
5675
4612
3370
2575
1928
914
-356
-1272
-1744
-2479
-3616
-4539
-4906
-5091
-5619
-6306
-6825
-7177
-7478
-7612
-7538
-7304
-6879
-6098
-4968
-3867
-2722
-1253
605
2304
3424
4363
5502
6654
7158
7067
6993
7088
6875
6045
5186
4803
4621
4051
3137
2520
2334
2094
1518
893
614
434
-17
-658
-1105
-1214
-1280
-1468
-1635
-1621
-1438
-1260
-1083
-807
-426
-15
310
624
926
1269
1569
1853
2050
2147
2270
2391
2501
2381
2210
2106
2009
1726
1351
1065
850
365
-309
-1230
-2903
-5253
-7582
-8655
-9551
-11298
-13374
-14072
-13173
-12908
-13234
-12415
-9514
-6693
-5758
-5081
-2794
364
2261
2924
4174
6365
7984
8489
8857
10219
12049
13077
13262
13157
13488
13832
13424
12413
11251
10280
8876
6659
4372
2564
1072
-660
-2569
-4099
-5353
-6524
-7336
-7736
-7953
-8334
-8603
-8389
-8246
-8228
-7892
-6862
-5626
-4937
-4312
-3076
-1398
100
1209
2404
3806
4873
5398
5517
5664
5931
5857
5277
4326
3485
2869
2009
942
-6
-606
-1210
-2195
-3140
-3746
-4112
-4641
-5291
-5893
-6417
-6932
-7228
-7271
-7345
-7343
-7009
-5985
-4922
-3990
-2852
-1169
752
2022
3008
4185
5606
6548
6664
6721
6986
7095
6603
5835
5497
5340
4834
4011
3366
3155
2886
2302
1711
1305
1013
487
-158
-617
-883
-1094
-1413
-1663
-1760
-1745
-1678
-1536
-1275
-970
-632
-279
124
478
826
1232
1651
1964
2106
2280
2563
2761
2730
2566
2513
2438
2144
1744
1422
1115
523
-201
-1218
-3040
-5631
-7938
-8942
-9988
-11941
-14002
-14279
-13365
-13406
-13759
-12455
-9230
-6878
-6368
-5393
-2634
262
1518
2192
4055
6395
7596
7940
8817
10693
12408
13179
13488
13769
14206
14228
13589
12644
11618
10556
8871
6577
4392
2628
1093
-641
-2399
-3866
-5197
-6332
-7096
-7608
-8063
-8535
-8596
-8509
-8756
-8905
-8304
-7026
-6089
-5609
-4637
-2929
-1263
-94
1115
2853
4446
5228
5501
5831
6327
6457
6096
5508
4889
4289
3442
2433
1525
897
338
-550
-1599
-2453
-3082
-3735
-4508
-5243
-5903
-6615
-7185
-7593
-7898
-8029
-7835
-7109
-6326
-5554
-4526
-3035
-1301
80
1276
2569
3950
4948
5395
5784
6336
6691
6443
5930
5698
5609
5197
4508
4016
3792
3437
2771
2163
1764
1395
806
115
-372
-759
-1116
-1487
-1729
-1790
-1832
-1804
-1703
-1522
-1272
-975
-583
-181
158
517
975
1455
1831
2031
2302
2663
2964
3084
3075
3127
3020
2730
2313
2013
1761
1463
965
361
-265
-846
-1996
-4205
-6803
-8585
-9331
-10755
-12832
-14195
-13698
-12982
-13397
-13290
-11257
-8267
-6705
-6205
-4648
-2067
-24
931
2040
4038
5929
7055
7878
9003
10662
12218
13257
13682
13745
13976
13890
13141
11904
10760
9752
8109
5920
3903
2348
1020
-453
-1801
-2995
-4171
-5122
-5878
-6554
-7229
-7603
-7561
-7747
-8198
-8182
-7328
-6200
-5429
-4524
-3061
-1485
-274
815
2203
3616
4589
5126
5422
5470
5390
5278
5081
4612
3981
3434
2791
1926
1015
382
-183
-1063
-2164
-3165
-4055
-5144
-6284
-7105
-7534
-8166
-8989
-9453
-9103
-8332
-7685
-6745
-5383
-3750
-2481
-1307
211
1798
3078
3802
4448
5061
5470
5695
5829
6017
6028
5788
5450
5095
4821
4500
4068
3536
2835
2077
1259
484
-172
-747
-1213
-1643
-1985
-2147
-2147
-1985
-1726
-1432
-1128
-901
-633
-287
136
601
1056
1537
1952
2314
2669
2990
3269
3422
3520
3474
3290
3038
2727
2396
1991
1651
1310
908
514
51
-377
-954
-1465
-2696
-5023
-7726
-9356
-9841
-11163
-12915
-13492
-12072
-11380
-12099
-11606
-8631
-5715
-5352
-5165
-2969
-392
162
286
2428
5453
6864
7290
8786
10958
12327
12952
13981
14802
14510
13697
12991
12044
10382
8965
8176
6860
4605
2550
1579
682
-1031
-2668
-3481
-4192
-5739
-7568
-8523
-8710
-8951
-9476
-9769
-9372
-8645
-7963
-7251
-6034
-4228
-2622
-1642
-891
291
1647
2553
3123
3859
4607
4887
4734
4646
4737
4691
4476
4019
3303
2370
1510
699
-439
-1734
-2735
-3436
-4554
-6117
-7169
-7261
-7072
-7348
-7447
-6702
-5605
-4995
-4610
-3442
-1741
-496
50
704
1854
2859
3374
3787
4478
5131
5293
5151
5102
5250
5338
5215
4924
4567
4199
3800
3312
2752
2248
1833
1320
587
-91
-452
-600
-909
-1295
-1449
-1358
-1340
-1466
-1404
-1044
-648
-456
-282
73
534
893
1141
1446
1770
1896
1770
1656
1713
1705
1409
1052
787
484
-80
-634
-958
-1320
-1819
-2180
-2066
-2185
-3049
-4145
-4618
-5066
-6767
-8945
-9673
-8850
-8681
-9381
-8814
-6429
-4709
-4769
-4345
-2205
-281
-204
-323
927
2527
3114
3456
4743
6409
7458
7924
8468
9010
9259
9199
8950
8500
7806
7159
6573
5892
5042
4396
4089
3595
2518
1326
707
274
-712
-2022
-2708
-2868
-3420
-4344
-4703
-4247
-3918
-4068
-4060
-3494
-2898
-2737
-2591
-2065
-1342
-850
-522
-118
357
724
947
1071
1066
915
677
400
-14
-490
-941
-1296
-1709
-2195
-2683
-3124
-3477
-3737
-3834
-3862
-3795
-3684
-3543
-3402
-3138
-2679
-2166
-1679
-1200
-583
47
614
1118
1665
2217
2608
2838
2989
3187
3366
3504
3590
3620
3588
3489
3371
3192
2975
2758
2565
2302
1910
1455
939
295
-503
-1233
-1696
-1892
-1959
-1956
-1882
-1806
-1767
-1695
-1454
-1099
-749
-468
-188
74
238
335
471
695
862
930
987
1137
1313
1420
1459
1505
1573
1604
1583
1573
1642
1740
1793
1780
1743
1703
1667
1642
1595
1445
1013
14
-1618
-3439
-4844
-5777
-6588
-7200
-7249
-6925
-6893
-7185
-7115
-6556
-6119
-6063
-5864
-5154
-4293
-3495
-2457
-970
589
1733
2562
3332
4089
4718
5287
5987
6698
7274
7707
8078
8346
8396
8343
8177
7738
6975
6093
5321
4537
3656
2822
2103
1339
337
-737
-1619
-2310
-2956
-3609
-4113
-4441
-4726
-4982
-5093
-4959
-4775
-4713
-4691
-4611
-4471
-4320
-4040
-3639
-3304
-3015
-2590
-1898
-1033
47
1438
2880
3989
4582
4826
4789
4403
3773
3048
2339
1573
772
65
-550
-1124
-1730
-2279
-2709
-3046
-3234
-3203
-2866
-2306
-1529
-500
429
585
-194
-951
-560
947
2644
3904
4728
5162
5078
4573
3813
2804
1558
241
-984
-2225
-3521
-4703
-5621
-6244
-6600
-6693
-6657
-6621
-6490
-6090
-5438
-4658
-3731
-2515
-1077
376
1750
3123
4569
5900
6934
7619
8087
8425
8532
8397
8073
7621
6977
6093
5127
4186
3335
2521
1669
811
-87
-1031
-2164
-3538
-4804
-5429
-5011
-4141
-3700
-3745
-3684
-3354
-3473
-3850
-3651
-3048
-3046
-3766
-3874
-3133
-2550
-2495
-2368
-1829
-1721
-2286
-2946
-3321
-3451
-3452
-2760
-1231
794
2974
5038
6847
7879
8166
8069
7741
7177
6376
5819
5450
4860
3956
2974
2152
1062
-426
-1953
-3148
-4027
-4977
-5779
-6096
-5964
-5742
-5558
-5073
-4378
-3777
-3334
-2821
-2079
-1352
-724
-156
342
637
582
414
393
647
1228
2072
3096
4076
4975
5802
6293
6215
5526
4533
3601
3131
3473
4366
5257
5742
5804
5433
4431
2969
1458
265
-613
-1438
-2261
-3027
-3558
-3684
-3336
-2800
-2662
-3060
-3644
-4118
-4580
-5290
-6430
-7886
-8819
-8135
-5755
-2967
-1131
-480
-398
-354
-298
-370
-678
-1247
-2063
-2923
-3514
-3763
-3817
-3821
-3579
-2864
-1783
-863
-771
-1914
-4344
-7089
-8258
-6767
-3772
-1177
845
3183
5714
7470
8222
8518
8797
9113
9482
9766
9615
8565
5958
2420
-108
-158
1375
2631
3694
4881
5365
4121
2131
1216
882
38
-1422
-2537
-3196
-4111
-4861
-5069
-4688
-4235
-3767
-2867
-1777
-449
981
2333
3129
3080
2858
2776
2807
2715
2821
3471
3932
3603
2681
1990
1587
1023
522
378
441
183
-293
-626
-958
-1494
-2155
-2645
-3119
-3678
-4050
-4074
-4026
-4245
-4441
-4329
-4068
-3851
-3337
-2165
-764
335
1139
1943
2564
2708
2638
2645
2615
2218
1537
807
30
-884
-1923
-2987
-4011
-4723
-4730
-3793
-2252
-852
-163
-359
-1094
-1771
-1801
-1242
-689
-390
-123
245
382
212
140
351
564
392
-33
-492
-1071
-1774
-2290
-2234
-1665
-779
339
1425
2100
2279
2282
2218
2081
2247
3097
4258
4772
4243
2957
1312
-446
-2075
-3144
-3548
-3426
-2948
-2165
-965
493
2108
3681
5081
5920
5622
4942
5217
6606
7263
6199
4900
3956
2060
-1490
-4448
-5037
-4886
-5454
-6065
-5714
-5490
-6211
-6439
-5426
-3918
-2793
-1661
-392
92
64
401
1131
1364
1106
1558
2575
3127
2975
3061
3790
4016
3375
2839
3120
3535
3230
2734
2482
1930
725
-540
-1175
-1590
-2161
-2563
-2830
-3437
-4557
-5489
-5899
-6276
-6641
-6601
-6079
-5808
-5984
-5777
-4868
-3668
-2516
-903
1316
3332
4740
5864
7000
7771
8087
8459
8968
9168
8876
8425
7876
6898
5610
4493
3594
2559
1409
505
-250
-1327
-2599
-3575
-4177
-4755
-5286
-5403
-5295
-5422
-5776
-5895
-5707
-5548
-5336
-4830
-4145
-3691
-3452
-3114
-2754
-2497
-2217
-1716
-1171
-913
-770
-501
-196
-35
135
617
1189
1513
1732
2084
2415
2485
2484
2727
3057
3171
3178
3234
3014
1487
-1467
-3829
-3627
-1617
-797
-1788
-2658
-3324
-5422
-8509
-9074
-6423
-4056
-3855
-4498
-4556
-4983
-5692
-4620
-1608
1813
4419
6451
7763
7895
8197
9525
11093
11789
12174
13303
14027
13377
12213
11900
12056
11277
10023
9494
9551
8922
7199
5370
3843
2236
623
-361
-685
-1157
-2297
-3866
-5639
-7510
-8998
-9676
-9690
-9714
-10042
-10525
-11199
-11995
-12538
-12274
-11306
-10357
-9773
-9463
-9243
-9130
-8937
-8222
-7044
-5817
-4811
-3978
-3236
-2635
-1958
-992
145
1263
2274
3166
3717
3842
3859
4002
4208
4307
4437
4665
4722
4407
3896
3566
3397
3302
3391
3698
4020
4016
3776
3499
3271
3207
3366
3751
4092
4177
4061
3730
3354
3166
3336
3719
3909
3859
3647
3282
2784
2352
2324
2545
2588
2411
2250
2095
1805
1280
420
-1724
-5136
-7312
-6188
-3399
-3083
-5412
-7272
-8374
-10743
-13772
-13062
-8670
-5917
-6963
-8927
-9168
-9404
-10003
-8446
-4827
-1800
-1017
-866
-591
-762
-80
2353
5173
6442
7193
9059
10498
10287
10010
11428
13024
12881
12327
13008
13857
13051
11220
9858
8849
7556
6384
5908
5420
4172
2200
-93
-2420
-4324
-5100
-5183
-5661
-7043
-8823
-10372
-11778
-12907
-13293
-12825
-12167
-12132
-12522
-12709
-12408
-11804
-10949
-9675
-8119
-6630
-5431
-4450
-3647
-2825
-1798
-588
679
1978
3406
4563
5092
5296
5818
6823
7734
8432
9081
9519
9333
8573
8002
7861
7775
7457
6928
6287
5301
4124
3066
2312
1799
1421
1127
634
-58
-618
-821
-790
-711
-410
40
301
230
232
623
1172
1595
1909
2340
2710
2867
3030
3201
3248
2782
1826
-418
-4051
-6474
-5019
-1328
-996
-4892
-8269
-9075
-10511
-13944
-13948
-8840
-5226
-7798
-12256
-12422
-10649
-10693
-10286
-6695
-2588
-2247
-3597
-3098
-1423
1
1751
4523
6227
6474
7664
9713
10250
9187
9574
11533
11922
10771
11104
13065
13052
10161
7686
7306
7202
6159
5458
5494
4639
2047
-937
-2878
-3720
-3790
-3628
-3989
-5237
-6811
-7962
-8841
-9324
-8863
-7635
-6828
-7147
-7677
-7786
-7872
-7957
-7104
-5036
-3347
-2925
-2843
-2171
-1412
-1134
-368
1319
2978
3803
4186
4655
4762
4610
4861
5590
6195
6383
6501
6271
5361
4262
3798
3919
3827
3443
3068
2555
1465
127
-553
-559
-508
-747
-1006
-1284
-1904
-2585
-2807
-2496
-2090
-1817
-1490
-1236
-1256
-1340
-1122
-601
-119
288
809
1295
1584
1754
1939
2007
1585
1011
95
-1928
-4209
-4300
-1656
-305
-2879
-6360
-7208
-6885
-8766
-10393
-7854
-3947
-4382
-8477
-9806
-7434
-5954
-6408
-5280
-1656
329
-752
-1375
427
2568
3418
4465
6364
7734
8352
9293
10289
10175
9585
10113
11348
11588
11224
11732
12286
10907
8173
6835
7361
7586
6496
5199
4501
3150
426
-2038
-2712
-2252
-2554
-3907
-5188
-6097
-7136
-8448
-9135
-8762
-8216
-8173
-8485
-8626
-8596
-8760
-8842
-8518
-7669
-6735
-6113
-5413
-4533
-3810
-3663
-3568
-2689
-1237
185
1204
1952
2314
2270
2363
3024
4104
5064
5636
5608
5024
4359
4113
4358
4644
4707
4475
3956
3204
2389
1887
1779
1764
1525
1056
631
306
-79
-476
-632
-520
-428
-434
-366
-282
-330
-330
12
540
898
1106
1380
1684
1854
2012
2173
1998
1404
237
-1607
-3225
-2831
-473
411
-2057
-5147
-5854
-5665
-7377
-8608
-6199
-3045
-4099
-8084
-9038
-6600
-5459
-6346
-5498
-2096
-401
-1795
-2476
-477
1701
1999
2249
4054
5902
6585
6944
7645
7900
7529
7793
8898
9605
9680
9937
10045
8740
6550
5725
6537
6898
5818
4541
3953
2728
243
-1708
-1737
-1006
-1624
-3282
-4296
-4685
-5561
-7004
-7566
-6868
-6344
-6701
-7196
-7004
-6694
-7078
-7601
-7495
-6701
-5668
-4702
-3940
-3622
-3609
-3564
-3354
-2632
-1036
938
2010
1758
1318
1540
2069
2671
3709
4991
5474
4860
4013
3625
3679
3986
4329
4356
3963
3460
2959
2305
1707
1588
1728
1520
973
675
621
237
-492
-959
-834
-454
-243
-243
-447
-866
-1278
-1267
-749
-133
314
572
609
379
183
497
1284
2166
1852
-911
-4465
-4851
-1117
1624
-349
-3477
-3587
-3228
-6655
-9829
-6383
-359
-582
-6218
-8050
-4625
-3494
-6177
-5993
-915
2017
-741
-3052
-522
2719
2302
1004
2570
5061
5660
5499
6402
7279
6769
6008
6210
6781
7291
8370
9257
8029
5263
3892
4613
4963
4053
3753
4452
3672
391
-2304
-2015
-713
-1276
-2958
-3241
-2767
-3876
-6141
-6868
-5537
-4746
-5627
-6335
-5514
-4675
-5604
-7021
-6801
-5326
-4516
-4523
-3864
-2632
-2354
-3249
-3679
-2598
-854
429
1065
1439
1621
1517
1313
1589
2738
4119
4649
4162
3617
3512
3375
3167
3398
3977
4079
3520
2933
2506
2075
1713
1569
1501
1289
1117
950
502
-84
-406
-394
-465
-529
-208
106
-155
-852
-1204
-930
-607
-410
-31
541
775
423
255
-87
-2245
-5307
-5482
-1532
1393
-746
-4131
-4240
-3693
-6941
-10024
-6397
-184
-248
-5619
-7282
-3984
-3407
-6465
-5880
-143
3113
247
-2135
352
3110
2184
1014
3399
6526
6819
6021
6597
7447
6854
5880
6089
6884
7575
8454
8782
7345
4911
3759
4001
3700
3011
3572
4541
3299
-128
-2351
-2064
-1612
-2446
-3064
-2200
-1813
-3697
-6022
-6376
-5261
-4935
-5519
-5238
-4050
-3778
-5208
-6568
-6118
-4794
-4297
-4348
-3616
-2323
-2139
-3252
-3828
-2803
-1183
-362
-40
781
1637
1430
448
386
1825
3237
3477
3294
3677
3928
3098
2147
2455
3528
3859
3353
3061
3112
2715
1814
1268
1472
1853
1821
1482
1213
1028
646
50
-281
-9
476
500
58
-320
-478
-733
-1044
-890
-271
58
-251
-689
-1118
-2207
-3764
-4184
-2867
-1700
-2117
-2968
-3078
-3624
-5561
-6707
-5106
-2791
-2576
-3609
-3334
-2509
-3329
-4506
-3341
-620
487
-135
213
1730
2226
1488
1717
3444
4569
4425
4667
5816
6417
5794
5205
5358
5433
5208
5405
5990
5953
5003
4035
3366
2534
1793
1831
2280
1949
798
-67
-496
-1284
-2316
-2551
-1968
-1841
-2601
-3201
-3130
-3178
-3788
-4186
-3768
-3229
-3419
-3955
-3941
-3399
-3179
-3486
-3496
-2967
-2619
-2771
-2748
-2028
-1260
-1081
-1147
-887
-366
-17
197
625
1264
1693
1624
1397
1581
2092
2299
2161
2282
2662
2615
2065
1816
2080
2151
1787
1525
1640
1635
1241
882
815
801
569
296
212
175
63
-78
-135
-150
-228
-353
-509
-598
-578
-515
-481
-486
-517
-843
-1660
-2514
-2708
-2235
-1837
-1845
-1814
-1636
-1940
-2922
-3622
-3267
-2495
-2240
-2204
-1655
-1010
-1155
-1723
-1569
-672
-27
146
600
1501
2083
2060
2066
2512
2997
3143
3221
3544
3940
4107
4033
3860
3638
3401
3187
2952
2700
2532
2393
2015
1384
896
743
572
122
-293
-395
-490
-892
-1289
-1278
-1082
-1171
-1481
-1625
-1602
-1705
-1908
-1889
-1592
-1359
-1405
-1555
-1606
-1629
-1757
-1862
-1702
-1355
-1139
-1167
-1240
-1215
-1214
-1319
-1349
-1158
-901
-800
-810
-747
-642
-649
-717
-646
-421
-237
-182
-150
-51
60
142
256
466
710
835
820
797
870
981
1070
1159
1272
1348
1339
1278
1237
1247
1260
1229
1202
1252
1313
1270
1138
1027
941
815
694
676
740
734
582
343
130
-14
-122
-212
-265
-299
-419
-674
-962
-1140
-1195
-1202
-1201
-1205
-1248
-1359
-1503
-1627
-1682
-1630
-1475
-1325
-1245
-1170
-1026
-909
-915
-907
-698
-358
-105
43
222
399
427
387
493
736
906
957
1015
1091
1072
969
914
936
961
977
1011
1041
1002
893
766
647
567
581
686
784
788
725
645
541
437
421
520
619
608
527
445
338
206
140
168
173
78
-51
-155
-274
-429
-555
-617
-666
-761
-886
-1005
-1104
-1189
-1280
-1380
-1435
-1410
-1384
-1437
-1510
-1489
-1396
-1339
-1314
-1216
-1058
-950
-906
-830
-679
-504
-321
-115
82
234
364
496
617
736
908
1118
1271
1352
1443
1539
1548
1484
1478
1554
1591
1544
1498
1471
1347
1104
892
804
752
638
481
327
127
-139
-381
-509
-557
-594
-645
-726
-875
-1064
-1186
-1183
-1129
-1106
-1083
-1027
-995
-1044
-1074
-972
-814
-753
-753
-647
-451
-344
-346
-282
-123
-35
-69
-47
99
204
170
131
191
260
241
197
211
244
232
209
231
281
299
296
304
332
382
471
574
630
640
672
732
762
767
832
951
1012
977
943
957
946
871
805
798
781
699
593
524
463
348
173
1
-122
-224
-335
-442
-525
-625
-783
-962
-1097
-1177
-1219
-1239
-1247
-1270
-1306
-1331
-1326
-1306
-1269
-1189
-1082
-1004
-958
-864
-701
-552
-470
-387
-245
-115
-60
3
151
322
412
444
510
587
596
571
617
719
754
701
654
646
595
484
414
424
416
321
232
205
146
21
-50
-12
9
-76
-160
-151
-123
-147
-150
-70
13
15
12
87
183
221
249
327
392
384
386
490
616
622
545
531
581
566
478
453
507
492
365
259
257
259
161
38
-11
-37
-140
-268
-294
-250
-282
-423
-539
-546
-537
-597
-644
-605
-559
-602
-672
-660
-590
-554
-555
-528
-471
-424
-386
-333
-277
-248
-237
-216
-172
-109
-45
-19
-45
-78
-77
-65
-69
-61
-12
13
-52
-150
-171
-116
-89
-115
-121
-78
-53
-82
-96
-32
54
80
67
92
165
235
295
375
454
489
499
533
594
650
700
761
800
788
756
750
749
727
708
711
696
625
537
470
405
319
247
218
189
104
-13
-106
-179
-266
-350
-376
-369
-410
-502
-580
-614
-647
-690
-695
-659
-641
-672
-701
-702
-704
-717
-689
-616
-555
-550
-544
-488
-426
-412
-400
-318
-203
-149
-155
-129
-39
50
74
74
120
200
230
193
184
248
305
272
219
244
295
260
177
161
202
198
157
169
233
237
168
124
149
193
228
279
335
344
311
298
317
333
354
409
463
449
377
321
304
279
224
183
183
170
96
-14
-101
-166
-241
-321
-362
-350
-343
-392
-464
-506
-517
-540
-554
-499
-386
-316
-328
-346
-304
-245
-215
-168
-60
52
88
77
98
164
223
250
278
329
382
412
416
415
423
421
393
357
349
360
360
332
277
203
125
72
31
-6
-32
-43
-81
-171
-269
-316
-332
-363
-395
-401
-395
-419
-466
-500
-513
-516
-507
-481
-445
-405
-373
-367
-380
-372
-311
-222
-153
-96
-35
10
18
25
81
168
230
260
276
281
273
271
295
318
321
319
318
285
223
198
233
260
235
210
240
260
208
149
178
251
265
237
256
311
310
253
227
256
273
245
228
248
249
187
104
57
38
-3
-59
-80
-80
-134
-257
-362
-392
-390
-410
-444
-441
-429
-468
-542
-581
-540
-457
-404
-385
-366
-340
-319
-307
-280
-216
-136
-79
-53
-35
2
56
102
126
146
180
230
264
280
316
376
396
357
313
328
379
390
374
381
389
344
256
209
231
234
184
140
127
94
9
-58
-67
-70
-116
-165
-170
-175
-224
-279
-289
-272
-279
-302
-293
-264
-255
-267
-264
-231
-193
-164
-136
-108
-85
-64
-42
-14
15
50
90
110
106
95
101
119
125
124
135
151
143
103
70
57
49
40
41
57
62
45
21
-3
-24
-33
-15
20
42
45
46
39
9
-19
-7
33
58
54
55
53
21
-22
-29
-3
8
1
-1
-5
-39
-81
-84
-57
-43
-47
-46
-39
-56
-94
-102
-72
-35
-22
-27
-31
-32
-41
-52
-43
-8
27
35
22
18
33
42
38
40
69
97
95
87
99
114
106
85
85
105
113
112
112
108
83
49
33
38
42
39
35
20
-18
-61
-77
-78
-82
-93
-100
-105
-132
-166
-178
-168
-169
-182
-187
-173
-163
-167
-163
-144
-131
-133
-127
-96
-54
-25
-11
7
23
27
44
81
126
151
155
161
163
159
159
175
198
197
179
164
153
131
107
99
101
86
59
40
30
15
-12
-31
-38
-40
-44
-47
-45
-46
-52
-56
-56
-52
-35
-13
-5
-16
-22
-12
-3
-7
-10
7
20
-2
-34
-41
-26
-31
-51
-56
-46
-56
-98
-129
-122
-106
-110
-114
-104
-94
-106
-127
-129
-109
-81
-58
-44
-37
-32
-23
-15
-2
21
59
84
86
82
94
115
123
123
138
166
176
162
154
168
175
159
146
153
162
154
128
110
100
79
51
30
23
15
-10
-48
-78
-93
-106
-124
-145
-153
-158
-176
-198
-196
-176
-164
-171
-174
-156
-136
-127
-113
-80
-53
-45
-45
-34
-10
12
28
41
53
57
56
50
47
55
67
68
57
53
59
55
36
22
32
41
32
25
37
48
40
19
17
33
44
46
51
58
57
45
36
40
51
60
64
52
40
33
27
18
15
19
21
11
-8
-18
-21
-24
-31
-33
-28
-26
-35
-41
-40
-39
-44
-49
-48
-44
-46
-54
-61
-61
-64
-71
-71
-62
-53
-52
-55
-54
-45
-39
-37
-30
-12
4
8
11
22
35
44
46
59
76
87
87
84
86
87
82
79
76
76
70
52
37
23
13
-3
-15
-23
-31
-45
-56
-67
-75
-81
-81
-75
-70
-66
-60
-54
-50
-51
-47
-35
-22
-11
-2
6
9
4
1
2
10
20
28
34
30
25
20
15
12
17
24
29
26
19
15
9
2
0
8
19
18
13
11
11
5
2
6
16
19
16
14
10
6
3
4
8
8
9
9
2
-5
-6
-4
-3
-3
-1
3
1
-5
-5
4
8
10
12
16
15
11
8
11
16
17
15
15
11
3
-6
-7
-7
-9
-12
-11
-15
-24
-34
-37
-35
-36
-36
-31
-26
-27
-33
-34
-28
-24
-22
-15
-3
2
1
2
3
5
5
12
21
24
23
21
18
12
8
12
16
16
10
7
2
-6
-15
-16
-8
-9
-17
-21
-19
-24
-34
-37
-32
-27
-30
-33
-29
-25
-28
-28
-21
-15
-7
-3
0
4
9
16
19
20
30
40
46
46
47
52
54
51
48
55
59
54
46
44
43
36
24
21
23
20
10
4
1
-4
-14
-19
-18
-16
-20
-25
-24
-28
-32
-40
-36
-29
-28
-27
-25
-23
-25
-28
-23
-10
-5
-5
-2
1
3
-3
-2
6
14
13
11
12
10
1
-5
-2
3
3
2
3
2
-5
-11
-9
-6
-4
-2
-1
0
-2
-6
-5
-1
3
6
6
7
8
7
5
6
12
16
14
12
13
14
10
5
5
6
8
6
4
4
0
-3
-6
-6
-3
-3
-5
-6
-8
-11
-13
-14
-16
-17
-17
-17
-21
-26
-27
-26
-26
-30
-31
-27
-28
-30
-30
-25
-20
-18
-17
-10
-1
5
7
12
17
24
24
26
33
38
40
38
39
40
37
32
32
36
33
28
20
18
14
7
5
4
2
-1
-6
-9
-8
-10
-12
-12
-8
-10
-11
-11
