10
9
7
7
5
2
1
0
0
-1
0
3
5
7
7
10
10
10
8
4
2
-1
-3
-6
-8
-10
-10
-9
-7
-6
-3
0
2
2
4
4
1
-1
-2
-5
-7
-9
-10
-12
-12
-14
-14
-12
-9
-8
-8
-5
0
3
2
5
8
6
6
5
5
7
8
8
8
9
9
11
11
11
13
13
14
14
13
11
9
7
7
7
7
8
6
6
3
4
3
1
-2
-4
-5
-5
-6
-6
-5
-4
-7
-5
-1
-1
-3
-3
-5
-3
-5
-9
-8
-10
-10
-10
-9
-8
-10
-9
-8
-5
-6
-5
-4
-5
-7
-6
-7
-8
-6
-10
-9
-10
-9
-8
-10
-7
-4
-4
-4
-4
-1
1
1
2
3
4
4
7
9
8
7
8
8
8
8
9
8
6
6
6
3
3
4
4
3
5
7
11
12
12
12
14
14
13
12
12
13
11
9
9
9
9
5
6
6
4
5
5
4
4
3
3
2
0
-2
-5
-6
-9
-10
-12
-12
-12
-12
-12
-13
-13
-15
-14
-11
-13
-11
-12
-10
-9
-9
-7
-4
-4
-4
-2
-3
-2
-3
-2
-1
0
-1
-1
1
2
2
3
3
3
4
4
4
4
4
4
5
3
3
2
0
0
0
-1
-2
-3
-4
-3
-4
-5
-2
0
3
1
2
2
1
1
-2
-2
-3
-4
-6
-5
-4
-2
-2
-2
-2
-2
-3
-3
-1
-2
-3
-3
-3
-3
-3
-1
2
5
7
7
8
9
10
9
8
8
4
5
4
1
0
1
0
0
0
1
1
2
5
5
6
7
7
5
7
6
3
2
0
-1
-3
-2
-2
-4
-3
-2
-2
0
0
0
1
-1
-2
1
1
3
3
3
3
3
3
3
1
-1
-3
-3
-3
-3
-5
-7
-9
-11
-13
-13
-11
-9
-7
-4
-2
-1
0
0
-2
-5
-6
-8
-9
-10
-10
-9
-10
-12
-11
-10
-8
-7
-8
-4
-4
-3
-2
1
2
0
0
-1
-1
-1
-3
-3
-1
-3
-2
-1
0
3
5
8
10
11
10
9
7
6
3
2
1
1
3
2
6
9
11
11
13
15
16
14
14
14
13
12
12
9
8
6
4
3
3
0
-1
0
0
-1
-2
-1
-3
-4
-4
-5
-6
-8
-9
-9
-9
-11
-13
-11
-12
-13
-13
-12
-12
-13
-13
-13
-10
-8
-6
-5
-2
-2
-1
1
0
-2
-2
-4
-2
-3
-3
-2
0
0
1
2
3
4
3
3
3
4
6
6
7
8
8
6
5
5
5
4
3
4
2
2
0
0
0
-2
0
0
-1
-1
-2
-2
-3
-2
-3
-5
-6
-6
-7
-5
-4
-5
-6
-4
-3
-3
-3
-3
-2
-2
-1
2
5
5
6
7
9
9
7
6
5
5
3
4
2
3
3
2
2
0
0
1
1
1
0
-2
-2
0
1
2
3
3
3
5
6
6
7
6
5
1
1
0
-1
-1
-3
-3
-6
-3
-3
-4
-3
-3
-4
-6
-6
-6
-3
-3
-2
-1
1
0
1
0
0
-1
-4
-8
-8
-9
-9
-8
-5
-1
2
4
2
2
2
1
0
-1
-4
-3
-3
-4
-3
0
2
1
2
2
2
0
-1
-2
0
1
0
1
0
0
3
3
6
8
10
9
9
10
10
9
6
6
4
4
1
0
0
0
-1
-1
-3
-4
-4
-3
-3
-1
3
4
5
7
6
6
3
3
2
0
-4
-6
-4
-4
-2
0
2
1
-1
0
0
0
-1
-1
-2
-4
-6
-5
-7
-10
-10
-10
-8
-6
-5
-2
0
1
2
4
4
5
5
4
7
6
6
4
6
5
4
5
5
6
4
3
5
5
5
6
6
6
6
4
3
2
1
0
-1
-2
-2
-2
-4
-4
-4
-6
-8
-7
-8
-8
-9
-9
-9
-8
-8
-9
-9
-9
-6
-7
-6
-8
-7
-5
-6
-6
-6
-6
-4
-3
-2
-3
-4
-3
0
1
4
4
4
3
2
1
1
2
0
2
2
5
8
10
12
15
15
16
17
16
13
14
12
12
10
10
11
9
10
11
9
11
9
7
7
7
8
9
9
9
7
5
4
2
2
1
-1
-2
-2
-2
-4
-3
-3
-4
-4
-4
-4
-3
-3
-3
-5
-7
-8
-7
-10
-10
-11
-11
-9
-12
-13
-13
-10
-9
-9
-9
-8
-10
-11
-10
-10
-11
-11
-11
-8
-7
-7
-5
-6
-8
-10
-14
-15
-17
-18
-18
-18
-17
-19
-17
-16
-16
-16
-17
-17
-14
-16
-17
-14
-15
-12
-9
-5
-2
2
4
8
15
20
23
30
34
38
41
47
49
52
56
60
62
61
61
61
63
63
60
59
57
58
61
61
60
57
59
58
55
51
48
42
39
33
28
21
13
9
5
0
-4
-6
-9
-15
-20
-25
-30
-33
-41
-46
-52
-56
-59
-64
-68
-70
-71
-72
-71
-82
-83
-82
-82
-79
-88
-91
-89
-90
-87
-91
-96
-94
-93
-92
-93
-96
-95
-95
-95
-93
-99
-104
-102
-104
-105
-111
-123
-125
-132
-136
-142
-158
-162
-163
-164
-160
-166
-168
-157
-149
-133
-122
-108
-82
-56
-24
8
46
85
128
171
215
269
321
361
405
439
484
536
561
587
602
619
656
664
661
660
647
656
651
619
593
557
534
518
475
436
393
351
320
275
228
179
132
79
31
-10
-54
-93
-133
-172
-209
-246
-283
-319
-355
-391
-425
-456
-490
-520
-550
-578
-604
-631
-653
-668
-683
-695
-703
-706
-706
-700
-694
-681
-664
-642
-615
-584
-548
-507
-463
-413
-360
-303
-247
-191
-134
-78
-27
23
73
124
172
216
257
296
334
366
392
414
430
443
455
457
451
441
423
406
380
341
300
249
197
140
77
11
-56
-122
-195
-257
-306
-343
-368
-397
-410
-401
-385
-367
-333
-280
-223
-156
-86
-8
83
171
259
349
443
528
606
677
740
797
840
872
902
918
921
912
881
847
805
750
688
609
522
433
336
237
135
32
-71
-171
-269
-363
-452
-540
-622
-687
-738
-775
-801
-817
-820
-819
-815
-798
-778
-748
-716
-679
-632
-586
-538
-490
-444
-395
-349
-307
-271
-237
-204
-172
-135
-103
-75
-53
-33
-15
-2
7
15
25
34
41
47
56
68
80
92
102
114
127
133
146
161
177
198
211
225
244
262
281
295
304
318
328
338
342
336
336
338
337
334
322
312
305
296
291
276
262
253
240
228
214
196
179
160
137
109
81
48
7
-37
-89
-134
-182
-235
-290
-348
-401
-438
-474
-507
-533
-558
-558
-556
-558
-552
-538
-504
-463
-425
-379
-324
-262
-194
-131
-64
5
74
137
198
257
312
368
411
444
480
507
526
538
527
520
512
500
481
441
405
365
322
274
220
162
110
54
-7
-63
-112
-160
-201
-231
-256
-271
-286
-297
-301
-306
-303
-292
-279
-263
-248
-226
-194
-168
-144
-122
-99
-76
-57
-41
-23
-5
11
24
38
47
54
54
51
49
42
30
20
12
0
-13
-25
-34
-46
-57
-68
-76
-80
-81
-79
-76
-71
-66
-60
-51
-42
-35
-28
-15
-4
6
17
28
38
50
59
67
78
82
89
92
97
106
113
119
127
135
141
146
149
150
152
149
145
138
131
123
114
99
81
61
41
18
-9
-37
-67
-100
-133
-168
-190
-209
-228
-245
-257
-260
-265
-271
-274
-268
-255
-244
-231
-208
-181
-155
-125
-92
-53
-16
21
58
95
133
170
209
241
272
295
312
329
337
339
339
334
328
315
295
276
254
225
194
158
121
84
44
3
-34
-74
-114
-154
-191
-217
-237
-254
-269
-280
-288
-296
-302
-300
-293
-281
-267
-251
-229
-205
-178
-148
-118
-91
-64
-38
-11
14
39
68
95
112
128
142
152
154
149
143
135
127
115
103
91
78
63
49
36
24
10
0
-8
-12
-17
-18
-21
-25
-28
-29
-28
-23
-19
-15
-8
0
8
16
20
27
31
35
40
45
52
56
61
65
69
71
72
73
75
77
81
84
84
81
77
75
72
65
56
47
40
25
8
-10
-29
-48
-70
-95
-117
-140
-167
-192
-215
-228
-239
-251
-260
-266
-266
-261
-259
-252
-237
-218
-193
-168
-138
-103
-65
-25
13
54
92
127
160
191
222
251
279
304
322
336
348
352
352
345
331
316
296
271
247
218
194
164
131
97
60
25
-12
-41
-75
-108
-142
-176
-198
-209
-218
-225
-231
-229
-230
-238
-240
-231
-218
-205
-192
-174
-150
-130
-108
-86
-64
-45
-25
-5
9
28
49
69
88
95
96
97
101
96
87
80
78
73
58
45
38
26
11
-2
-15
-28
-40
-50
-55
-59
-64
-64
-64
-65
-64
-62
-55
-45
-38
-30
-19
-6
4
14
25
39
54
68
80
94
106
114
121
128
135
140
145
150
151
155
164
164
160
148
136
133
126
113
97
83
71
54
26
-1
-26
-56
-90
-122
-157
-193
-232
-277
-314
-340
-360
-376
-403
-418
-420
-424
-418
-411
-393
-356
-319
-275
-223
-162
-103
-39
27
92
155
212
269
324
377
419
457
493
518
532
536
524
512
493
466
437
394
345
300
248
199
147
91
38
-16
-71
-123
-168
-218
-274
-327
-357
-359
-356
-365
-368
-360
-349
-344
-346
-327
-294
-256
-216
-177
-130
-85
-49
-16
14
38
63
91
120
145
170
199
221
227
213
200
189
177
160
145
139
138
117
84
50
18
-16
-49
-73
-86
-90
-93
-92
-95
-100
-115
-129
-139
-153
-151
-144
-124
-88
-65
-48
-35
-30
-37
-44
-33
-6
23
51
80
104
118
131
138
134
130
131
143
172
195
217
235
238
243
230
204
185
165
147
128
104
84
55
18
-21
-71
-130
-202
-280
-375
-463
-521
-561
-566
-577
-600
-599
-613
-630
-653
-684
-654
-584
-497
-392
-288
-169
-51
56
154
254
366
470
583
706
847
1011
1130
1202
1240
1230
1240
1226
1192
1173
1151
1110
1030
929
790
631
457
280
117
-30
-160
-277
-390
-507
-647
-815
-1004
-1152
-1215
-1224
-1204
-1189
-1153
-1099
-1085
-1107
-1098
-1023
-888
-755
-636
-492
-332
-180
-58
33
115
197
275
347
425
525
634
727
752
718
669
629
594
539
479
455
436
381
276
160
81
18
-59
-148
-213
-246
-264
-286
-298
-287
-261
-249
-257
-273
-270
-219
-147
-88
-44
-2
44
70
70
72
109
170
218
236
253
285
329
376
379
380
406
417
443
456
463
500
515
516
492
427
382
346
308
274
209
133
35
-95
-250
-400
-520
-673
-868
-1146
-1426
-1552
-1610
-1631
-1678
-1796
-1830
-1872
-1975
-2028
-2040
-1858
-1556
-1321
-1091
-867
-610
-338
-99
167
491
857
1160
1396
1649
1936
2324
2625
2736
2772
2723
2724
2735
2637
2596
2577
2532
2417
2062
1649
1306
999
700
337
-18
-295
-538
-821
-1131
-1362
-1590
-1930
-2447
-3025
-3241
-3083
-2768
-2477
-2317
-2183
-2109
-2195
-2269
-2117
-1618
-909
-306
127
499
905
1228
1403
1498
1636
1861
2049
2132
2226
2396
2599
2623
2310
1860
1484
1291
1253
1282
1416
1628
1733
1619
1271
884
625
447
267
57
-145
-338
-619
-1081
-1735
-2511
-3401
-4446
-5529
-6526
-6993
-6736
-6005
-5038
-4212
-3677
-3427
-3476
-3519
-3192
-2289
-782
896
2396
3515
4284
4538
4221
3557
2767
2142
1766
1663
1885
2483
3409
4492
5309
5681
5648
5278
4772
4046
3243
2670
2374
2158
1596
458
-1119
-2728
-4065
-5080
-5854
-6413
-6741
-6926
-7127
-7308
-7143
-6311
-4907
-3363
-2009
-811
381
1492
2336
2942
3550
4246
4805
4968
4759
4421
4094
3731
3296
2909
2742
2851
3140
3505
3929
4409
4833
5017
4870
4504
4162
3957
3793
3492
2971
2256
1345
187
-1176
-2538
-3673
-4537
-5232
-5805
-6217
-6455
-6599
-6691
-6629
-6311
-5848
-5465
-5278
-5197
-5091
-4937
-4751
-4475
-4042
-3470
-2830
-2156
-1451
-734
-50
554
1058
1446
1703
1789
1538
766
-476
-1770
-2533
-2416
-1425
115
1618
2488
2485
1913
1199
219
-1418
-3334
-4104
-2627
376
3021
4265
4573
4489
3747
2258
1042
1302
2920
4714
5946
6844
7767
8551
8872
8711
8308
7857
7503
7355
7387
7322
6769
5479
3464
1031
-1310
-2974
-3577
-3228
-2418
-1651
-1169
-935
-873
-947
-1121
-1382
-1737
-2174
-2613
-3022
-3536
-4198
-4806
-5275
-6073
-7591
-9085
-9240
-7964
-6810
-6846
-7235
-6964
-6751
-7752
-9117
-8872
-6974
-5481
-5364
-5309
-4184
-2792
-2206
-1788
-419
1616
3239
4248
5254
6457
7534
8309
8812
8924
8682
8513
8680
8824
8525
7920
7250
6226
4476
2358
746
26
-243
-665
-1360
-2081
-2722
-3483
-4449
-5235
-5355
-4943
-4670
-4829
-4963
-4626
-4097
-3861
-3830
-3555
-2941
-2212
-1414
-417
723
1787
2628
3162
3408
3663
4332
5367
6248
6700
6981
7242
7167
6629
6135
6166
6433
6332
5850
5394
5016
4375
3406
2452
1705
995
181
-602
-1219
-1750
-2324
-2982
-3726
-4523
-5210
-5600
-5734
-5815
-5905
-5905
-5869
-5995
-6240
-6248
-5817
-5196
-4694
-4270
-3728
-3151
-2758
-2488
-2029
-1289
-540
-4
399
856
1383
1873
2269
2554
2711
2769
2816
2899
2971
2985
2945
2813
2530
2154
1833
1577
1263
903
652
402
-258
-1406
-2504
-3299
-4421
-6263
-7724
-7417
-5993
-5541
-6525
-7190
-6669
-6478
-7606
-8212
-6332
-3246
-1685
-1761
-1311
319
1578
1811
2407
4299
6447
7659
8223
8890
9612
10040
10280
10467
10459
10396
10728
11374
11627
11225
10664
10171
9235
7585
5911
4982
4575
3831
2369
572
-1093
-2638
-4306
-5950
-7002
-7237
-7270
-7847
-8827
-9450
-9509
-9553
-9844
-9941
-9529
-8968
-8651
-8394
-7846
-7011
-6108
-5246
-4434
-3582
-2484
-1083
290
1314
2131
2993
3717
3998
4094
4542
5288
5721
5575
5228
4986
4650
4034
3410
3098
2970
2649
2055
1434
931
466
-55
-586
-1053
-1426
-1719
-1973
-2252
-2545
-2754
-2884
-3066
-3325
-3427
-3181
-2763
-2484
-2363
-2172
-1863
-1613
-1456
-1164
-608
19
477
756
980
1202
1405
1596
1782
1965
2171
2386
2522
2522
2487
2500
2466
2314
2218
2344
2525
2452
2105
1742
1521
1351
1059
547
-93
-688
-1446
-2892
-4814
-5810
-4968
-3577
-3588
-4743
-5144
-4658
-5131
-6718
-6859
-4301
-1486
-955
-1638
-1121
365
947
728
1522
3602
5330
5886
6136
6783
7472
7857
8094
8154
7854
7548
7708
7994
7710
6970
6366
5736
4402
2512
1119
731
676
100
-1058
-2319
-3443
-4610
-5933
-7032
-7361
-6998
-6791
-7330
-8133
-8378
-8118
-8040
-8173
-7833
-6856
-5988
-5730
-5613
-5041
-4157
-3445
-2928
-2267
-1312
-236
713
1415
1922
2420
2939
3264
3326
3483
4066
4782
5017
4737
4459
4358
4093
3524
3081
3088
3195
2914
2305
1770
1419
1021
489
25
-209
-322
-488
-735
-982
-1143
-1199
-1254
-1388
-1514
-1414
-1046
-691
-553
-470
-245
14
98
127
412
946
1399
1593
1670
1754
1809
1816
1840
1896
1920
1906
1910
1876
1731
1523
1312
1061
748
506
445
406
183
-169
-442
-614
-907
-1433
-1995
-2411
-2953
-4128
-5783
-6819
-6441
-5420
-5200
-5855
-6178
-5921
-6317
-7685
-8204
-6496
-3998
-2922
-3064
-2622
-1340
-631
-740
-224
1590
3534
4555
5095
5885
6797
7448
7926
8334
8470
8399
8550
8929
9026
8719
8441
8259
7535
5993
4383
3545
3342
2993
2178
1233
391
-622
-2065
-3563
-4402
-4416
-4275
-4635
-5312
-5698
-5749
-5944
-6366
-6465
-5961
-5351
-5130
-5089
-4719
-4009
-3404
-3133
-2974
-2580
-1894
-1128
-503
9
597
1201
1460
1287
1141
1495
2169
2591
2636
2650
2749
2630
2107
1519
1283
1312
1236
916
550
316
111
-253
-774
-1245
-1518
-1659
-1808
-1985
-2037
-1915
-1803
-1878
-2077
-2152
-1962
-1641
-1321
-987
-574
-130
180
326
501
877
1396
1851
2172
2462
2776
3011
3088
3108
3200
3329
3373
3318
3298
3368
3397
3264
2982
2684
2458
2245
1975
1631
1255
908
603
277
-165
-723
-1243
-1743
-2596
-3981
-5259
-5534
-4931
-4579
-4987
-5381
-5207
-5272
-6334
-7396
-6905
-5135
-3827
-3585
-3281
-2232
-1279
-1163
-1151
-246
1259
2414
3034
3646
4485
5302
5933
6390
6612
6590
6554
6668
6747
6635
6539
6620
6511
5714
4352
3107
2389
1936
1346
656
137
-281
-1039
-2285
-3518
-4183
-4378
-4659
-5170
-5513
-5486
-5456
-5721
-5988
-5851
-5439
-5167
-5070
-4850
-4403
-3921
-3506
-3037
-2424
-1725
-1045
-468
-42
326
805
1386
1861
2168
2526
3034
3438
3519
3489
3651
3884
3841
3514
3237
3140
3010
2703
2366
2145
1939
1576
1065
546
116
-208
-455
-691
-956
-1181
-1309
-1424
-1637
-1848
-1871
-1730
-1632
-1631
-1544
-1262
-949
-765
-625
-382
-83
130
265
456
756
1069
1301
1445
1529
1566
1570
1555
1524
1518
1593
1711
1715
1528
1267
1063
902
692
441
241
90
-102
-362
-640
-902
-1160
-1453
-1888
-2547
-3262
-3676
-3652
-3481
-3449
-3447
-3301
-3236
-3582
-4113
-4196
-3656
-2968
-2501
-2055
-1353
-596
-135
126
561
1251
1915
2377
2772
3276
3879
4450
4921
5269
5449
5460
5341
5135
4876
4642
4512
4447
4253
3783
3127
2473
1859
1193
464
-165
-602
-999
-1533
-2138
-2604
-2881
-3133
-3468
-3792
-3981
-4056
-4117
-4175
-4155
-4012
-3795
-3624
-3592
-3651
-3634
-3469
-3259
-3101
-2857
-2355
-1695
-1158
-793
-343
310
1008
1605
2214
2971
3757
4315
4539
4540
4375
4039
3531
2899
2228
1612
1120
683
232
-242
-677
-1084
-1551
-2096
-2587
-2884
-3032
-3120
-3150
-3039
-2801
-2494
-2125
-1695
-1164
-529
223
1043
1894
2708
3427
4013
4441
4760
5092
5557
6104
6585
6865
6863
6577
6012
5209
4193
3057
1806
388
-1185
-2728
-3949
-4647
-4782
-4490
-3946
-3324
-2788
-2454
-2316
-2265
-2198
-2122
-2122
-2251
-2491
-2790
-3132
-3496
-3847
-4144
-4398
-4631
-4798
-4845
-4740
-4515
-4233
-3930
-3657
-3452
-3285
-3104
-2857
-2515
-2074
-1488
-734
173
1203
2311
3454
4541
5459
6128
6528
6687
6625
6361
5935
5393
4771
4078
3336
2604
1939
1378
928
580
325
138
-3
-102
-150
-136
-68
28
129
218
280
315
330
341
339
302
230
113
-33
-189
-334
-434
-481
-494
-475
-447
-416
-367
-300
-197
-57
103
272
443
597
710
763
762
727
657
542
391
236
93
-38
-155
-244
-298
-328
-351
-382
-424
-464
-511
-570
-638
-719
-802
-892
-1001
-1125
-1256
-1373
-1467
-1566
-1670
-1767
-1858
-1933
-2004
-2060
-2073
-2050
-1991
-1915
-1833
-1742
-1648
-1555
-1458
-1361
-1251
-1128
-993
-838
-675
-500
-315
-128
60
245
428
604
769
931
1081
1210
1308
1384
1444
1492
1535
1586
1648
1726
1803
1863
1915
1942
1943
1915
1852
1767
1654
1518
1358
1177
985
794
619
461
309
163
15
-135
-293
-453
-605
-735
-838
-908
-947
-941
-877
-758
-584
-362
-100
189
496
800
1103
1407
1707
1998
2270
2512
2716
2870
2959
2978
2923
2799
2607
2353
2050
1706
1330
929
518
100
-321
-736
-1139
-1529
-1898
-2238
-2542
-2805
-3028
-3210
-3353
-3464
-3546
-3605
-3640
-3645
-3630
-3589
-3521
-3432
-3320
-3180
-3010
-2816
-2608
-2387
-2146
-1905
-1661
-1415
-1157
-892
-629
-362
-97
167
414
647
866
1064
1240
1393
1534
1657
1765
1856
1924
1985
2028
2056
2075
2066
2047
2027
2000
1971
1931
1879
1839
1793
1748
1697
1634
1577
1517
1446
1372
1288
1207
1135
1061
993
924
853
790
724
654
578
496
415
328
238
148
61
-25
-108
-186
-260
-328
-400
-471
-541
-611
-680
-742
-804
-864
-917
-964
-998
-1029
-1063
-1095
-1129
-1163
-1200
-1245
-1290
-1338
-1385
-1425
-1465
-1499
-1522
-1537
-1533
-1521
-1503
-1470
-1429
-1370
-1290
-1198
-1084
-958
-812
-632
-458
-283
-105
76
255
424
588
743
895
1021
1119
1231
1324
1403
1458
1459
1473
1478
1457
1425
1338
1252
1180
1086
993
876
749
645
536
431
330
227
139
58
-15
-83
-140
-188
-231
-267
-300
-319
-327
-338
-334
-322
-302
-268
-238
-211
-178
-148
-117
-88
-59
-32
-9
11
27
41
51
54
51
42
30
16
-5
-28
-51
-74
-99
-123
-150
-174
-193
-220
-246
-269
-287
-292
-306
-320
-329
-338
-338
-339
-341
-338
-330
-318
-298
-284
-266
-244
-222
-197
-172
-143
-113
-82
-51
-16
19
51
82
113
142
172
199
226
250
265
281
295
306
314
311
310
312
311
307
292
276
263
238
211
180
141
101
58
9
-37
-84
-133
-183
-228
-268
-299
-323
-350
-363
-374
-377
-361
-345
-320
-287
-253
-202
-146
-90
-32
28
89
148
208
263
319
366
397
433
462
482
498
488
477
471
451
426
390
349
310
265
214
163
108
54
-3
-57
-109
-156
-204
-255
-299
-338
-366
-390
-418
-438
-457
-465
-452
-446
-434
-413
-388
-350
-317
-288
-249
-207
-167
-127
-86
-43
-7
27
60
94
122
143
164
178
187
196
202
208
204
195
193
184
172
154
134
118
101
83
63
48
32
20
7
-4
-12
-21
-31
-37
-42
-43
-39
-38
-36
-33
-29
-19
-12
-7
1
14
24
32
40
50
62
70
78
86
95
98
99
99
99
99
97
91
89
82
74
65
50
33
12
-10
-35
-65
-95
-125
-159
-192
-226
-257
-284
-302
-321
-333
-341
-342
-342
-338
-331
-316
-290
-260
-229
-186
-138
-86
-35
15
69
124
175
223
271
318
361
403
441
475
498
511
519
515
504
489
467
439
406
369
327
280
228
174
116
60
4
-51
-104
-154
-201
-247
-287
-322
-356
-388
-418
-437
-448
-451
-441
-428
-405
-381
-352
-317
-291
-259
-216
-167
-119
-71
-23
28
74
114
152
187
214
229
247
259
268
279
282
279
265
244
221
188
149
111
77
44
12
-15
-40
-63
-88
-113
-138
-159
-177
-190
-198
-193
-181
-165
-147
-128
-113
-100
-87
-65
-42
-15
16
51
85
113
140
165
191
212
232
256
275
282
288
286
277
263
239
214
188
158
129
91
40
-29
-111
-208
-315
-417
-498
-548
-584
-613
-629
-642
-661
-696
-737
-749
-732
-693
-630
-542
-430
-301
-176
-52
66
179
282
374
462
557
669
783
899
1002
1081
1136
1153
1135
1097
1050
1011
977
928
868
791
701
600
485
358
224
91
-38
-176
-312
-428
-517
-593
-670
-741
-816
-893
-974
-1049
-1090
-1083
-1048
-1011
-990
-977
-946
-887
-801
-706
-600
-475
-363
-278
-206
-111
22
156
273
364
445
505
548
589
636
687
734
740
710
653
614
640
611
558
498
421
354
251
135
57
9
-39
-110
-194
-277
-343
-391
-446
-448
-424
-406
-393
-411
-405
-349
-272
-183
-117
-64
-4
59
125
209
333
462
564
623
645
699
753
787
834
856
885
881
784
666
552
470
425
326
152
-111
-451
-892
-1348
-1695
-1927
-2013
-2118
-2286
-2416
-2619
-2835
-3053
-3286
-3251
-3047
-2776
-2435
-2142
-1755
-1276
-792
-292
187
655
1087
1519
1985
2538
3261
3908
4435
4775
4905
4810
4638
4517
4414
4385
4305
4136
3889
3484
2974
2417
1835
1293
756
234
-245
-677
-1074
-1439
-1734
-2009
-2300
-2643
-3035
-3352
-3566
-3632
-3519
-3348
-3153
-2978
-2867
-2755
-2686
-2606
-2416
-2164
-1891
-1613
-1273
-825
-383
-25
284
582
778
817
835
962
1226
1518
1751
1932
1979
1865
1689
1493
1335
1214
1135
1105
1001
813
646
535
397
168
-47
-177
-277
-422
-548
-524
-421
-387
-440
-509
-538
-557
-567
-484
-330
-179
-59
8
20
12
62
192
313
372
483
689
876
929
924
1075
1252
1220
1033
898
967
1043
917
735
659
680
643
401
21
-410
-917
-1687
-2695
-3535
-3802
-3492
-3233
-3378
-3607
-3790
-4105
-4832
-5646
-5523
-4524
-3445
-2751
-2276
-1554
-757
-276
41
611
1585
2605
3391
4036
4818
5890
6760
7204
7237
6988
6868
6744
6563
6527
6527
6628
6491
5651
4305
2824
1701
1016
397
-334
-1025
-1568
-2254
-3325
-4476
-5239
-5468
-5743
-6293
-6636
-6539
-6122
-5787
-5569
-5232
-4763
-4417
-4254
-3965
-3280
-2293
-1300
-485
112
467
614
716
962
1395
1931
2455
2843
2969
2836
2610
2427
2254
2035
1847
1736
1614
1389
1130
908
633
204
-291
-666
-878
-975
-956
-843
-772
-858
-1054
-1227
-1304
-1251
-1008
-591
-179
61
152
223
303
348
427
650
963
1184
1272
1342
1435
1453
1369
1281
1244
1236
1254
1369
1563
1754
1863
1821
1551
1171
1008
1115
1167
970
774
822
887
633
97
-457
-1084
-2136
-3825
-5768
-6972
-6667
-5430
-4798
-5357
-6113
-6387
-7036
-8563
-9335
-7641
-4627
-2910
-2870
-2563
-1146
75
309
727
2426
4652
6081
6695
7436
8669
9815
10208
9815
9173
8831
8874
9005
9037
8978
8656
7672
5883
3683
1732
556
201
71
-626
-1988
-3351
-4392
-5578
-7025
-7826
-7375
-6598
-6698
-7308
-7163
-6185
-5513
-5560
-5472
-4641
-3566
-2830
-2159
-1024
445
1557
1831
1435
1082
1435
2430
3335
3721
3917
4118
3742
2426
1129
1041
1820
2063
1396
745
545
109
-928
-1843
-2001
-1803
-1906
-2245
-2364
-2171
-1947
-1969
-2326
-2759
-2786
-2264
-1621
-1181
-699
-40
270
-145
-648
-369
537
1245
1521
1777
2090
2066
1647
1334
1450
1777
1955
1871
1667
1551
1607
1659
1490
1223
1229
1601
1996
2124
2087
2092
2079
1844
1482
1360
1569
1754
1629
1379
1166
728
-157
-1217
-2393
-4249
-6570
-7562
-6164
-4285
-4498
-6233
-7019
-6879
-8018
-10044
-9598
-5844
-2469
-2294
-3285
-2341
-140
731
415
1342
4066
6505
7232
7325
8343
9939
10523
9601
8416
8217
8759
9060
8920
8738
8260
6779
4416
2147
606
-268
-559
-532
-1126
-2934
-5049
-6233
-6800
-7785
-8715
-8265
-6905
-6529
-7377
-7594
-6361
-5244
-5455
-5846
-4858
-2878
-1349
-574
227
1348
2103
1815
833
411
1527
3553
4675
4232
3455
3288
2869
1385
193
880
2363
2409
1064
281
596
560
-471
-1330
-1145
-527
-305
-355
-196
187
368
-24
-755
-1000
-156
1168
1747
1484
1304
1412
1084
241
35
996
1946
1800
1043
691
662
275
-410
-726
-509
-238
-243
-459
-682
-799
-841
-974
-1209
-1102
-333
600
938
764
774
1061
1034
716
848
1577
2061
1740
1163
979
953
500
-293
-949
-1637
-3225
-5837
-7847
-7431
-5290
-4312
-5749
-7536
-7761
-7671
-8847
-9500
-7073
-3108
-1540
-2673
-2894
-560
1899
2507
2766
4552
6991
8291
8657
9523
11061
12010
11550
10304
9530
9783
10481
10699
10093
8871
7182
5091
3003
1468
628
181
-316
-1411
-3392
-5567
-6763
-6967
-7376
-8371
-8765
-7954
-7179
-7436
-7720
-6840
-5616
-5489
-5934
-5185
-2962
-805
162
407
724
999
828
702
1621
3458
4703
4326
3117
2421
2275
1919
1388
1267
1404
1070
226
-502
-834
-1060
-1525
-2248
-2890
-2948
-2326
-1694
-1651
-1934
-2037
-2085
-2271
-2051
-963
356
920
740
573
712
918
1167
1631
2196
2524
2478
2229
1997
1904
1908
1804
1509
1228
1177
1263
1213
941
559
179
-123
-238
-32
451
910
1027
858
781
986
1263
1405
1528
1744
1847
1732
1731
2037
2219
1861
1157
476
-176
-922
-1906
-3672
-6309
-8161
-7392
-5195
-4883
-7021
-8571
-8071
-7972
-9653
-10122
-6950
-3023
-2384
-3901
-3415
-419
1753
1698
1818
4045
6958
8317
8377
9052
10739
11656
10569
8849
8672
9991
10801
10088
8781
7635
6097
3849
1801
742
278
-312
-1243
-2653
-4544
-6158
-6745
-6924
-7781
-8753
-8369
-6967
-6411
-6954
-6860
-5587
-4761
-5142
-5078
-3175
-527
1004
1269
1479
2212
2742
2174
1082
1403
3775
5921
5425
3373
2494
2621
1577
-223
-179
1596
2064
292
-1338
-1411
-1305
-2156
-3087
-3077
-2407
-1787
-1547
-1686
-1860
-1773
-1782
-2206
-2183
-762
1114
1654
900
437
728
817
567
987
2172
2880
2427
1591
1229
1199
1009
676
544
699
897
858
523
87
-260
-554
-828
-791
-133
833
1342
1141
788
846
1188
1446
1695
2167
2596
2524
2155
2118
2392
2274
1554
865
561
211
-505
-1563
-3367
-6137
-8337
-7908
-5684
-4996
-6834
-8474
-8254
-8212
-9735
-10208
-7306
-3536
-2671
-3851
-3275
-361
1851
1918
1967
3931
6729
8327
8761
9610
11190
11887
10641
8871
8717
10078
10893
10132
8734
7486
5883
3670
1748
792
299
-439
-1498
-2863
-4533
-5949
-6589
-7015
-8010
-8921
-8462
-7035
-6316
-6598
-6500
-5557
-4974
-5212
-4790
-2649
-37
1225
1126
995
1490
2201
2689
2951
3194
3640
4186
4203
3338
2413
2249
2186
1181
-96
-133
600
227
-1294
-2241
-2165
-2360
-3158
-3286
-2428
-1842
-2177
-2629
-2533
-2146
-1732
-1217
-664
-143
451
1021
1178
1077
1380
1958
2088
1828
2033
2644
2746
2159
1629
1497
1295
890
733
901
915
540
49
-306
-493
-494
-384
-314
-317
-240
-11
220
443
824
1321
1690
1828
1923
2138
2359
2447
2469
2556
2615
2394
1873
1330
879
297
-476
-1275
-2517
-4904
-7632
-8361
-6461
-4789
-5971
-8469
-9145
-8354
-8758
-9949
-8775
-5111
-2765
-3503
-4223
-2072
1185
2406
1978
2734
5377
7813
8643
8947
10071
11257
10856
9146
8311
9407
10827
10634
9024
7365
5988
4344
2566
1345
667
-97
-1218
-2609
-4194
-5619
-6343
-6616
-7366
-8504
-8645
-7353
-6162
-6301
-6796
-6265
-5254
-4964
-4782
-3168
-507
1205
1292
981
1078
1240
1602
2856
4489
5061
4482
3924
3628
2945
2231
2346
2623
1875
720
491
684
-55
-1364
-1983
-2081
-2451
-2653
-2109
-1608
-1992
-2710
-2992
-2944
-2609
-1646
-479
-108
-417
-420
-53
62
120
704
1415
1480
1212
1348
1646
1475
998
745
710
696
840
1149
1189
745
178
-140
-216
-107
226
610
723
513
318
429
783
1198
1591
1936
2144
2186
2169
2203
2254
2270
2261
2160
1831
1384
1030
649
-48
-1026
-2224
-4086
-6497
-7730
-6429
-4414
-4808
-7376
-8880
-8325
-8126
-9114
-8614
-5446
-2711
-2973
-4043
-2655
360
1903
1691
2208
4523
7002
8171
8590
9366
10216
10029
8835
8148
9009
10418
10558
9092
7220
5752
4373
2863
1694
1060
415
-698
-2136
-3632
-5004
-5960
-6463
-7037
-7883
-8139
-7167
-5972
-5940
-6663
-6638
-5749
-5128
-4774
-3429
-1073
576
634
268
675
1462
1854
2126
2894
3932
4527
4383
3739
3003
2460
2104
1770
1558
1703
1894
1389
138
-992
-1428
-1547
-1733
-1737
-1411
-1255
-1658
-2244
-2456
-2279
-1994
-1654
-1180
-636
-218
-60
-150
-282
-191
153
573
992
1420
1646
1392
838
490
508
627
735
954
1133
900
309
-148
-239
-199
-188
-71
176
355
368
312
300
411
726
1195
1627
1950
2225
2388
2303
2140
2195
2361
2260
1898
1627
1453
997
223
-530
-1335
-2774
-4820
-6251
-6037
-4920
-4741
-6069
-7542
-7975
-7899
-8139
-7961
-6321
-4098
-3196
-3585
-3250
-1354
590
1305
1714
3197
5367
6891
7531
8090
8805
9049
8597
8203
8592
9441
9761
9025
7587
6103
4869
3821
2879
2030
1209
282
-877
-2275
-3687
-4769
-5426
-5980
-6639
-7010
-6660
-5979
-5861
-6400
-6718
-6279
-5528
-4848
-3835
-2270
-893
-405
-425
-211
329
986
1780
2627
3249
3664
3947
3674
2711
1999
2292
2792
2530
2040
2033
1772
529
-700
-823
-505
-747
-1151
-1095
-1076
-1580
-2082
-2140
-2079
-2022
-1629
-1032
-740
-713
-626
-640
-866
-773
-59
665
866
858
949
837
431
257
584
978
1068
1014
958
754
394
152
184
340
451
489
513
571
637
597
445
448
838
1439
1898
2120
2190
2034
1658
1466
1767
2175
2076
1546
1097
728
75
-693
-1223
-1992
-3715
-5606
-5918
-4648
-4002
-5293
-7096
-7661
-7487
-7792
-7878
-6348
-3996
-3066
-3771
-3897
-2185
-33
950
1333
2563
4567
6097
6751
7303
8136
8635
8406
8089
8464
9327
9746
9163
7835
6353
5129
4258
3586
2854
1934
869
-337
-1767
-3256
-4334
-4832
-5229
-5956
-6605
-6515
-5943
-5835
-6381
-6722
-6308
-5595
-4996
-4136
-2741
-1466
-1072
-1331
-1355
-687
444
1588
2425
2879
3022
2879
2507
2279
2624
3242
3324
2746
2245
2135
1856
1143
544
373
196
-233
-510
-463
-585
-1177
-1845
-2127
-1993
-1636
-1250
-1055
-1129
-1305
-1421
-1403
-1122
-525
38
168
21
56
303
456
495
646
847
884
835
905
999
880
613
475
583
779
829
692
558
547
504
340
358
823
1399
1584
1480
1509
1612
1501
1388
1581
1790
1580
1185
1020
803
133
-655
-1144
-1895
-3544
-5188
-5249
-3981
-3533
-4949
-6717
-7149
-6780
-6938
-7130
-5902
-3731
-2769
-3499
-3791
-2155
49
918
956
2019
4212
5881
6291
6499
7313
8023
7882
7543
8048
9137
9572
8787
7364
6095
5229
4621
4039
3297
2373
1368
219
-1236
-2760
-3754
-4106
-4491
-5355
-6119
-6085
-5659
-5836
-6619
-6956
-6354
-5519
-5053
-4484
-3314
-2176
-1921
-2173
-1847
-781
259
947
1628
2260
2335
1947
1854
2257
2621
2683
2691
2629
2211
1621
1322
1233
958
572
417
376
119
-269
-579
-881
-1215
-1332
-1128
-877
-760
-727
-815
-1077
-1229
-965
-471
-125
57
226
303
216
176
361
638
829
938
996
971
878
771
675
658
778
866
716
500
558
763
673
339
297
680
1069
1241
1403
1600
1534
1152
896
1099
1475
1522
1210
935
751
281
-501
-1128
-1674
-2946
-4763
-5383
-4048
-2859
-4035
-6426
-7322
-6690
-6640
-7240
-6368
-3914
-2591
-3587
-4521
-3202
-832
335
503
1479
3502
5081
5485
5636
6394
7290
7517
7348
7706
8706
9373
8900
7576
6244
5361
4875
4574
4193
3486
2415
1110
-390
-1952
-3041
-3284
-3244
-3833
-4910
-5442
-5250
-5365
-6239
-6813
-6209
-5194
-4852
-4785
-3986
-2814
-2477
-2900
-2709
-1476
-373
-135
118
1170
2167
1991
1228
1282
2157
2660
2460
2395
2725
2635
1784
1032
1088
1488
1442
963
569
387
106
-407
-841
-856
-604
-565
-877
-1104
-967
-868
-1174
-1471
-1179
-582
-382
-563
-509
-145
9
-159
-136
303
746
830
719
719
800
775
687
753
986
1127
982
720
633
721
736
626
656
971
1321
1386
1236
1201
1361
1458
1355
1197
1096
988
882
865
746
267
-419
-1147
-2393
-4284
-5316
-4072
-2102
-2493
-5235
-7068
-6605
-6157
-7023
-6886
-4293
-2006
-2813
-4822
-4411
-1801
-105
-158
245
2306
4425
4985
4667
5033
6163
6856
6714
6775
7842
9102
9116
7754
6221
5422
5176
4999
4732
4305
3546
2370
799
-969
-2312
-2619
-2315
-2638
-3877
-4849
-4868
-4957
-5998
-6941
-6411
-5113
-4755
-5256
-5007
-3758
-3066
-3549
-3715
-2471
-989
-717
-943
-122
1348
1748
993
798
1797
2668
2533
2299
2755
3113
2513
1609
1514
2084
2296
1795
1165
890
741
315
-223
-324
-1
11
-633
-1219
-1098
-768
-988
-1434
-1316
-834
-783
-1128
-1136
-697
-432
-565
-626
-296
146
331
272
246
415
655
776
816
973
1185
1161
895
784
1012
1251
1204
1029
1026
1164
1248
1267
1344
1478
1478
1251
973
866
896
876
764
592
258
-301
-966
-1785
-2968
-4065
-4042
-2967
-2553
-3843
-5516
-5955
-5749
-6153
-6399
-5027
-2970
-2541
-3748
-4239
-2975
-1410
-729
-139
1321
3000
3766
3741
3958
4823
5759
6229
6486
7048
7810
8084
7531
6610
5955
5684
5501
5191
4733
4116
3257
2058
573
-755
-1368
-1340
-1518
-2453
-3598
-4216
-4544
-5236
-5974
-5850
-4976
-4548
-4981
-5296
-4845
-4345
-4422
-4337
-3311
-1963
-1265
-1088
-979
-1093
-1279
-644
887
2044
2202
2118
2090
1531
859
1381
2819
3425
2828
2248
2026
1479
878
1080
1664
1598
1036
684
375
-184
-521
-391
-336
-541
-557
-443
-716
-1172
-1234
-1076
-1115
-1014
-455
-46
-283
-646
-608
-455
-393
-51
574
870
649
400
370
375
487
907
1323
1305
1034
944
984
955
1079
1515
1848
1719
1453
1430
1418
1102
761
784
1006
1009
717
294
-271
-1127
-2266
-3282
-3513
-2787
-2041
-2468
-3939
-5175
-5589
-5781
-5901
-5120
-3433
-2412
-3066
-4222
-4191
-3015
-1842
-955
223
1644
2469
2394
2213
2760
3910
4954
5584
6075
6609
6883
6603
6009
5636
5665
5807
5740
5407
4892
4193
3223
2027
925
315
208
77
-569
-1612
-2582
-3376
-4205
-4892
-4905
-4300
-3929
-4345
-5055
-5313
-5144
-4961
-4683
-3947
-2965
-2411
-2460
-2550
-2188
-1546
-1049
-700
-164
577
1045
980
820
1091
1587
1756
1718
2017
2498
2445
1853
1556
1871
2166
2013
1815
1869
1759
1154
498
376
680
858
661
311
33
-255
-675
-1002
-866
-395
-185
-475
-825
-856
-789
-859
-783
-321
132
88
-256
-366
-167
35
165
402
715
835
663
411
333
476
750
1036
1217
1236
1136
1016
959
978
1025
991
829
660
580
515
375
234
-19
-835
-2196
-3060
-2562
-1492
-1420
-2455
-3370
-3797
-4537
-5452
-5062
-3110
-1603
-2108
-3560
-4040
-3425
-2764
-2134
-813
900
1707
1186
448
681
1832
3073
3962
4626
5120
5201
4773
4286
4326
4940
5568
5661
5230
4655
4177
3664
2976
2357
2151
2192
1856
926
-30
-522
-908
-1702
-2535
-2654
-2247
-2315
-3131
-3869
-3995
-4011
-4362
-4507
-3882
-3030
-2900
-3427
-3757
-3517
-3077
-2687
-2121
-1303
-670
-642
-1031
-1207
-781
11
695
1125
1445
1571
1256
746
747
1450
2166
2319
2136
1975
1670
1097
773
1146
1784
1913
1465
935
575
257
13
115
541
823
567
-55
-539
-645
-549
-414
-186
95
115
-274
-718
-795
-535
-249
-25
208
335
185
-93
-152
97
438
687
831
877
805
667
580
633
819
1029
1127
1064
865
544
171
-29
78
285
282
105
-109
-616
-1591
-2374
-2121
-1212
-897
-1481
-2075
-2310
-2871
-3765
-3765
-2394
-1102
-1278
-2294
-2739
-2553
-2472
-2304
-1271
265
954
396
-366
-357
281
1028
1844
2787
3440
3341
2686
2183
2300
2935
3689
4185
4207
3786
3146
2530
2093
2012
2348
2743
2595
1767
830
296
18
-317
-497
-261
-58
-551
-1533
-2138
-2122
-2066
-2241
-2224
-1843
-1692
-2166
-2757
-2824
-2509
-2301
-2195
-1893
-1495
-1409
-1672
-1877
-1724
-1332
-946
-639
-350
-108
-44
-179
-281
-61
427
817
934
962
1046
1020
805
698
957
1318
1370
1157
1013
968
799
544
512
728
837
643
350
195
129
19
-60
37
204
195
-29
-241
-264
-171
-96
-22
94
161
64
-112
-150
18
227
333
355
345
283
168
115
221
419
540
504
378
254
159
108
132
225
294
247
96
-68
-182
-237
-240
-204
-178
-229
-346
-467
-564
-632
-656
-623
-570
-577
-654
-727
-762
-774
-778
-741
-646
-560
-541
-566
-578
-531
-447
-352
-246
-142
-67
-38
-29
14
124
267
379
416
415
415
441
487
545
613
660
656
593
528
516
544
565
554
522
475
398
310
259
258
262
231
171
117
65
10
-34
-47
-38
-38
-53
-71
-82
-96
-113
-117
-96
-52
-7
23
29
16
-7
-19
-3
37
86
113
103
54
1
-34
-39
-24
-9
-14
-46
-101
-167
-216
-233
-232
-230
-243
-270
-293
-326
-358
-374
-373
-351
-333
-329
-318
-312
-301
-285
-270
-240
-203
-165
-120
-85
-62
-34
3
48
80
114
152
187
201
205
227
261
281
277
268
285
296
274
247
236
246
243
208
189
183
160
111
68
74
100
86
37
-5
-17
-22
-43
-56
-38
-22
-51
-107
-131
-116
-85
-74
-83
-83
-84
-99
-116
-107
-68
-34
-33
-51
-56
-41
-24
-16
-7
6
19
21
18
20
34
47
41
27
25
34
45
40
29
22
14
-2
-18
-18
-4
2
-11
-34
-47
-52
-58
-59
-45
-27
-25
-46
-64
-68
-59
-45
-30
-13
-4
-9
-22
-27
-19
-3
14
24
28
27
24
16
17
21
32
40
41
35
24
20
16
12
13
16
20
19
13
7
5
-1
-8
-8
1
9
6
-3
-9
-10
-11
-10
-7
3
7
4
-5
-8
-5
1
6
11
16
18
13
3
-3
4
12
14
13
12
12
8
-1
-2
5
12
9
5
2
2
3
-2
-5
0
6
5
-1
-6
-5
-5
-7
-10
-7
-2
-4
-12
-20
-21
-19
-17
-18
-17
-16
-17
-23
-28
-25
-20
-15
-14
-16
-16
-16
-17
-14
-10
-3
0
1
0
0
1
3
4
9
13
14
13
10
10
11
11
11
14
18
16
11
8
7
5
6
10
13
15
13
9
5
6
7
12
16
16
15
11
6
7
9
12
16
16
14
11
8
8
9
11
14
18
14
10
5
2
5
4
2
3
5
1
-5
-9
-9
-11
-14
-16
-13
-13
-16
-19
-21
-23
-23
-22
-23
-20
-17
-18
-19
-19
-16
-13
-10
-8
-6
-3
-2
-2
-1
0
1
4
5
4
5
6
6
7
6
10
11
10
12
13
13
11
11
10
13
15
15
14
13
14
13
11
11
12
14
12
7
6
4
3
1
-2
-4
-6
-8
-10
-12
-12
-11
-14
-18
-19
-20
-19
-18
-17
-16
-16
-15
-14
-13
-13
-10
-8
-5
-2
-2
-1
-2
-1
1
4
5
3
6
6
5
4
6
7
8
6
7
8
9
9
7
5
6
7
8
6
8
10
7
5
3
6
9
10
10
10
10
9
8
8
10
11
10
10
7
7
6
6
6
5
5
3
1
0
0
-1
-4
-6
-6
-4
-8
-11
-11
-13
-12
-13
-14
-13
-11
-12
-12
-10
-7
-8
-8
-7
-7
-4
-4
-3
-2
1
2
1
1
0
1
3
2
2
2
3
3
3
4
4
4
8
8
9
8
9
10
8
9
10
12
11
9
9
7
6
3
1
1
0
-1
-4
-6
-8
-9
-11
-11
-10
-8
-9
-10
-9
-12
-11
-9
-6
-6
-5
-5
-7
-7
-8
-7
-6
-5
-4
-5
-4
-4
-5
-6
-4
-3
-4
-4
-5
-5
-4
-4
-1
0
2
2
2
2
1
3
4
4
4
5
5
6
6
9
9
11
11
10
12
13
14
16
15
16
15
15
15
15
14
12
11
12
11
11
8
6
6
4
2
2
0
-2
-6
-9
-10
-10
-13
-15
-14
-13
-13
-14
-14
-11
-10
-9
-9
-6
-3
-3
-1
-1
1
1
1
2
1
0
0
0
-1
-4
-4
-4
-4
-6
-5
-3
-3
-2
-3
-3
-1
0
1
2
2
3
2
4
5
4
4
4
4
4
4
3
-1
-1
-2
-4
-4
-4
-3
-5
-7
-7
-8
-5
-3
-3
-2
-1
0
-1
0
3
3
6
6
5
4
4
3
1
2
4
4
4
1
-3
-1
2
1
2
4
4
4
0
-3
0
1
-1
-3
-3
-4
-4
-5
-4
-2
-2
-1
-3
-2
-2
-1
-1
1
2
3
2
2
2
2
3
3
5
5
6
6
