-5
-4
-4
-3
-3
-3
-3
-2
0
0
0
0
1
2
2
0
1
1
2
1
0
0
-1
1
0
0
0
1
2
3
3
4
5
4
6
5
4
5
2
2
2
3
2
1
2
2
1
2
2
2
0
1
2
1
-1
-2
-2
-3
0
-2
-1
-1
-2
-2
-2
-3
-4
-4
-3
-3
-4
-4
-4
-4
-4
-5
-7
-7
-6
-6
-5
-5
-4
-3
-4
-4
-5
-3
-2
0
1
0
1
2
2
1
3
4
3
3
3
4
5
5
7
8
6
6
5
5
5
6
4
3
2
4
3
3
1
3
2
3
3
2
2
2
2
2
2
0
1
1
2
1
2
3
3
4
3
3
1
0
-2
-1
-2
-4
-3
-4
-4
-4
-4
-2
-3
-3
-2
-1
-1
0
-1
0
-1
-1
-2
-2
-4
-3
-3
-2
-2
-2
0
0
0
0
0
0
-2
-4
-2
-1
0
0
2
2
3
4
3
1
2
3
2
1
2
3
2
4
5
5
5
5
5
4
5
5
2
3
2
1
1
1
1
0
-2
-2
-2
-3
-3
-3
-3
-4
-2
-5
-4
-4
-4
-4
-6
-7
-5
-7
-7
-6
-6
-8
-7
-6
-7
-8
-8
-6
-5
-5
-4
-3
-1
0
2
1
3
2
3
4
4
5
5
6
5
6
7
8
8
8
8
9
9
8
10
9
9
8
9
9
10
10
11
9
8
10
8
8
8
7
6
6
5
2
2
1
-2
-3
-3
-4
-5
-7
-7
-9
-11
-10
-11
-11
-11
-11
-11
-11
-10
-11
-8
-8
-8
-8
-8
-8
-8
-8
-6
-6
-7
-5
-4
-4
-4
-4
-3
-4
-2
-3
-3
-3
-4
-6
-5
-5
-3
-3
-1
0
2
3
3
3
6
6
5
6
5
5
5
6
6
7
6
7
6
6
4
5
6
7
5
3
4
6
7
7
9
7
7
9
8
7
6
4
4
3
4
3
1
1
1
1
-1
-2
-4
-6
-6
-7
-7
-6
-7
-6
-8
-9
-10
-10
-9
-11
-10
-10
-9
-8
-8
-7
-5
-5
-7
-5
-6
-4
-3
-4
-3
-3
-2
0
-1
1
2
1
2
3
3
2
1
0
2
3
4
4
4
4
3
4
4
5
5
4
3
3
3
1
4
4
5
5
5
5
2
2
3
0
1
1
-1
-1
-4
-5
-4
-1
-4
-3
-4
-5
-5
-7
-6
-6
-6
-6
-5
-5
-7
-7
-7
-5
-6
-5
-4
-4
-3
-1
-1
-1
0
3
2
2
4
2
2
2
2
2
3
2
3
2
2
1
2
2
0
0
0
-2
-1
-1
0
1
0
3
2
0
0
-1
1
1
0
2
2
2
2
3
3
2
2
2
-1
-1
0
0
-2
-2
-3
-2
-5
-4
-4
-4
-4
-4
-4
-5
-4
-5
-5
-5
-4
-3
-3
-3
-3
-1
-1
-2
-2
-2
-2
0
0
1
0
0
0
1
1
2
3
2
2
4
3
2
2
3
3
3
3
6
5
2
4
1
3
1
2
2
1
1
2
2
2
2
3
2
2
4
4
4
2
4
3
1
1
0
0
1
0
0
-1
1
-1
-2
-2
0
1
0
1
0
0
0
0
-2
-2
-2
-2
-2
-1
-1
0
-1
0
-2
-4
-3
-4
-3
-3
-2
-2
-3
-1
-3
-2
-3
-3
-3
-2
-2
-3
-2
-3
-2
-3
-3
-4
-6
-5
-5
-5
-3
-6
-6
-5
-4
-4
-5
-3
-3
-3
-1
-3
-1
0
0
-1
0
2
0
-1
-1
0
1
0
1
0
-1
1
1
1
3
6
7
9
9
11
15
15
17
17
17
20
25
25
27
28
33
40
37
37
36
39
44
47
46
46
47
52
55
50
48
45
47
46
42
40
36
33
32
26
19
11
3
-7
-16
-24
-31
-37
-45
-55
-62
-68
-76
-83
-97
-101
-103
-104
-99
-100
-100
-94
-90
-85
-84
-82
-72
-62
-52
-42
-36
-27
-22
-16
-11
-8
-4
0
1
0
-6
-15
-26
-38
-49
-61
-75
-89
-106
-133
-164
-203
-242
-275
-311
-341
-372
-400
-421
-447
-469
-491
-525
-547
-549
-536
-512
-496
-464
-414
-361
-308
-262
-212
-139
-58
25
110
206
311
412
503
584
686
791
882
969
1048
1141
1235
1285
1324
1351
1379
1415
1407
1379
1347
1299
1261
1197
1108
1021
918
815
705
574
445
317
194
84
-18
-119
-228
-344
-457
-559
-649
-741
-813
-874
-923
-953
-992
-1031
-1075
-1133
-1167
-1189
-1198
-1192
-1172
-1141
-1113
-1105
-1106
-1101
-1078
-1035
-980
-906
-812
-700
-595
-522
-468
-413
-343
-272
-201
-117
-24
56
95
110
142
200
251
275
299
337
360
348
326
322
306
248
184
167
178
155
78
-14
-138
-396
-806
-1148
-1176
-983
-898
-983
-977
-806
-775
-1021
-1169
-883
-420
-209
-182
29
448
769
910
1097
1429
1741
1908
2012
2187
2465
2786
3064
3209
3241
3225
3175
3071
2954
2904
2883
2795
2585
2270
1902
1569
1316
1028
617
195
-165
-636
-1271
-1773
-1952
-2105
-2504
-2905
-3054
-3191
-3554
-3857
-3804
-3654
-3707
-3780
-3639
-3451
-3383
-3264
-2979
-2742
-2651
-2486
-2146
-1822
-1543
-1082
-420
172
622
1158
1834
2430
2850
3248
3682
3978
4037
3993
3955
3862
3641
3330
2987
2603
2168
1716
1283
865
464
90
-284
-672
-1036
-1327
-1556
-1775
-1981
-2122
-2198
-2255
-2301
-2288
-2196
-2078
-1985
-1899
-1783
-1619
-1411
-1178
-950
-724
-467
-185
84
350
657
980
1247
1441
1618
1789
1923
2018
2100
2158
2145
2061
1953
1845
1728
1604
1483
1373
1251
1101
944
788
463
-284
-1329
-2039
-2011
-1726
-1887
-2335
-2388
-2147
-2438
-3332
-3794
-3264
-2563
-2571
-2873
-2590
-1850
-1450
-1503
-1357
-755
-173
0
24
350
1036
1788
2325
2631
2851
3055
3177
3200
3258
3462
3744
3937
3915
3646
3266
2993
2889
2725
2315
1842
1577
1410
954
158
-533
-779
-847
-1217
-1854
-2256
-2273
-2376
-2858
-3308
-3283
-3049
-3118
-3404
-3432
-3119
-2812
-2688
-2586
-2348
-2002
-1653
-1374
-1141
-798
-269
235
475
575
851
1298
1607
1677
1753
1989
2198
2171
1996
1898
1900
1809
1515
1136
846
649
423
110
-196
-386
-488
-640
-883
-1072
-1086
-1004
-1022
-1139
-1151
-987
-822
-792
-792
-664
-449
-304
-248
-139
102
376
540
599
677
816
931
957
948
995
1091
1151
1123
1034
962
931
878
737
562
453
395
269
51
-145
-246
-346
-570
-872
-1116
-1264
-1445
-1763
-2107
-2233
-2060
-1789
-1626
-1504
-1253
-915
-715
-690
-605
-301
83
321
427
564
778
946
990
999
1091
1253
1371
1413
1465
1615
1815
1937
1927
1854
1794
1746
1691
1644
1627
1621
1604
1540
1373
1111
873
755
668
477
261
167
134
-16
-283
-495
-598
-719
-950
-1232
-1480
-1738
-2116
-2602
-2982
-3089
-3049
-3124
-3346
-3505
-3551
-3644
-3792
-3752
-3399
-2948
-2628
-2375
-2020
-1568
-1128
-720
-298
154
616
1096
1583
2053
2512
2973
3343
3488
3457
3440
3505
3525
3419
3266
3134
2931
2557
2080
1644
1276
910
519
174
-80
-278
-470
-668
-852
-982
-1052
-1102
-1152
-1146
-1010
-800
-638
-548
-433
-261
-113
-28
71
237
426
572
699
835
961
1035
1041
980
884
807
766
726
657
575
490
376
232
102
16
-45
-104
-185
-283
-375
-442
-505
-595
-690
-765
-886
-1126
-1434
-1752
-2179
-2772
-3261
-3311
-3060
-2980
-3202
-3378
-3341
-3396
-3717
-3913
-3599
-2999
-2610
-2476
-2235
-1742
-1228
-872
-553
-86
501
1038
1473
1936
2554
3269
3871
4250
4492
4729
4964
5153
5333
5550
5728
5757
5625
5369
5006
4581
4212
3922
3559
3032
2465
1991
1530
941
300
-212
-624
-1136
-1800
-2434
-2920
-3353
-3817
-4182
-4317
-4347
-4495
-4740
-4874
-4828
-4724
-4617
-4436
-4165
-3882
-3597
-3242
-2825
-2411
-1989
-1526
-1085
-713
-315
215
787
1253
1627
1995
2327
2531
2647
2788
2948
3030
3010
2935
2821
2651
2439
2194
1872
1466
1050
693
370
59
-213
-423
-627
-880
-1134
-1299
-1343
-1318
-1279
-1222
-1106
-944
-796
-687
-549
-346
-125
62
249
488
755
991
1172
1310
1400
1439
1445
1455
1497
1552
1572
1518
1404
1259
1101
943
816
726
635
508
367
229
91
-40
-144
-226
-306
-385
-489
-688
-980
-1266
-1579
-2120
-2904
-3522
-3609
-3380
-3349
-3602
-3772
-3748
-3889
-4361
-4711
-4459
-3803
-3308
-3127
-2888
-2353
-1759
-1384
-1106
-597
164
878
1363
1802
2451
3269
3964
4380
4633
4880
5115
5287
5447
5669
5902
6019
5949
5667
5195
4670
4284
4035
3703
3188
2628
2156
1655
993
282
-271
-671
-1146
-1783
-2393
-2759
-2957
-3239
-3669
-4110
-4521
-4989
-5372
-5338
-4899
-4520
-4454
-4445
-4312
-4244
-4266
-3984
-3246
-2485
-2034
-1661
-1121
-594
-232
174
750
1269
1595
1935
2423
2886
3196
3454
3658
3634
3400
3226
3238
3262
3167
3027
2844
2475
1903
1331
904
554
206
-100
-331
-557
-821
-1056
-1210
-1328
-1448
-1518
-1495
-1410
-1308
-1160
-951
-765
-686
-673
-599
-441
-267
-94
98
265
311
243
139
31
-88
-161
-127
-57
-66
-152
-248
-359
-503
-615
-623
-562
-516
-470
-380
-258
-137
-21
96
220
362
500
565
539
489
369
-34
-751
-1363
-1420
-1058
-843
-992
-1171
-1173
-1305
-1811
-2306
-2214
-1590
-1061
-972
-1021
-819
-458
-276
-288
-137
361
922
1207
1336
1702
2365
2947
3191
3263
3390
3555
3671
3808
4035
4250
4300
4139
3780
3249
2692
2327
2157
1917
1449
907
475
48
-546
-1187
-1615
-1823
-2085
-2551
-3049
-3328
-3384
-3440
-3648
-3893
-4004
-4112
-4498
-5026
-5131
-4608
-3965
-3656
-3509
-3219
-2938
-2861
-2723
-2207
-1456
-779
-220
272
658
997
1438
1907
2183
2325
2625
3075
3377
3478
3626
3866
3893
3569
3188
3064
3136
3153
3026
2829
2599
2275
1823
1332
936
681
469
164
-260
-694
-1031
-1310
-1635
-1987
-2218
-2267
-2259
-2306
-2325
-2195
-1976
-1813
-1694
-1457
-1023
-485
40
549
1087
1630
2084
2401
2642
2911
3222
3485
3636
3699
3704
3607
3358
3002
2650
2348
2048
1678
1230
768
338
-110
-644
-1254
-1864
-2431
-2988
-3565
-4213
-5098
-6298
-7439
-7884
-7551
-7161
-7299
-7633
-7603
-7442
-7722
-8119
-7651
-6211
-4880
-4411
-4247
-3550
-2454
-1636
-1139
-361
921
2208
3006
3504
4264
5436
6564
7202
7479
7826
8348
8799
9094
9412
9789
9948
9675
9070
8375
7753
7304
7022
6685
6012
5034
4067
3228
2317
1275
420
-64
-532
-1391
-2459
-3205
-3524
-3823
-4374
-4931
-5189
-5271
-5480
-5782
-5912
-5898
-6021
-6270
-6305
-6016
-5605
-5153
-4598
-4107
-3909
-3805
-3419
-2794
-2229
-1664
-895
-160
157
207
444
893
1227
1374
1548
1771
1865
1817
1767
1726
1605
1408
1195
958
721
580
536
417
101
-315
-668
-957
-1270
-1548
-1628
-1514
-1415
-1443
-1447
-1248
-890
-494
-48
521
1149
1731
2261
2774
3252
3676
4064
4360
4501
4536
4577
4593
4433
4047
3517
2868
2051
1077
41
-1008
-2151
-3453
-4858
-6241
-7515
-8695
-9805
-10736
-11217
-10929
-9715
-7720
-5378
-3164
-1248
471
1813
2189
1545
1116
2256
4464
5828
5732
5601
6298
6552
5341
4208
5123
7160
7599
5865
4113
3810
3983
3477
3048
4045
6125
7615
7758
7502
7971
8917
9207
8432
7366
6759
6360
5538
4340
3232
2186
716
-1290
-3409
-5249
-6650
-7537
-8130
-9054
-10619
-12266
-13259
-13747
-14327
-14847
-14588
-13625
-12993
-13207
-13431
-12732
-11454
-10590
-10245
-9594
-8290
-6979
-6215
-5589
-4394
-2775
-1625
-1384
-1389
-617
1129
3043
4337
5082
5806
6579
7059
7338
8074
9522
10985
11574
11281
10863
10854
11045
11000
10716
10543
10563
10380
9707
8842
8284
7968
7334
6154
4898
4118
3728
3185
2245
1191
318
-491
-1481
-2482
-3032
-3084
-3168
-3718
-4513
-5021
-5103
-5060
-5088
-5013
-4649
-4157
-3839
-3690
-3381
-2705
-1875
-1238
-839
-421
133
610
776
686
536
351
-8
-554
-1118
-1598
-2155
-3065
-4369
-5748
-6782
-7260
-7203
-6678
-5757
-4602
-3440
-2389
-1389
-353
698
1668
2485
3002
2894
2043
1108
1131
2185
2941
2290
811
-271
-1058
-2508
-4258
-4688
-3522
-2661
-3562
-5166
-5593
-4802
-4123
-3811
-2718
-430
1815
2858
3211
4120
5691
6885
7109
6927
7064
7455
7634
7550
7496
7478
7154
6370
5386
4545
4037
3869
3809
3383
2303
910
-164
-787
-1366
-2045
-2459
-2510
-2804
-3794
-4941
-5354
-5038
-4806
-5072
-5349
-5140
-4743
-4707
-4878
-4579
-3731
-3036
-2885
-2834
-2474
-1997
-1508
-702
339
1044
1354
1827
2497
2810
2885
3453
4398
4800
4549
4495
4897
5076
4719
4335
4234
4079
3627
3142
2834
2549
2097
1497
829
174
-341
-658
-916
-1286
-1719
-2062
-2331
-2667
-3040
-3200
-3084
-2994
-3169
-3402
-3357
-3099
-2943
-2903
-2728
-2395
-2138
-2030
-1867
-1535
-1169
-900
-684
-433
-162
87
321
554
754
907
1029
1126
1213
1321
1454
1536
1502
1390
1307
1301
1326
1326
1297
1249
1160
994
791
594
367
54
-338
-969
-2279
-4187
-5448
-4865
-3284
-2929
-4296
-5490
-5427
-5561
-6914
-7617
-5746
-2863
-2054
-3373
-4063
-2886
-1469
-1106
-710
1031
3298
4347
4089
4089
5293
6922
7770
7809
7978
8720
9464
9643
9511
9551
9562
9007
7959
6985
6378
6024
5759
5287
4147
2380
777
-86
-646
-1509
-2371
-2664
-2855
-3896
-5558
-6523
-6289
-5856
-6134
-6664
-6591
-6105
-6031
-6409
-6400
-5598
-4679
-4375
-4402
-3966
-2985
-2180
-2049
-2259
-2182
-1649
-1003
-524
-97
445
880
780
229
-116
185
814
1153
1053
803
583
283
-154
-493
-493
-283
-242
-529
-899
-1030
-933
-884
-1011
-1109
-944
-593
-321
-171
63
463
789
840
815
1084
1669
2204
2439
2507
2626
2751
2732
2643
2720
3008
3232
3140
2808
2508
2345
2203
2005
1838
1766
1700
1489
1159
895
794
751
622
403
199
55
-91
-307
-551
-755
-943
-1178
-1402
-1467
-1358
-1188
-1027
-854
-675
-573
-720
-1459
-2801
-3783
-3234
-1621
-950
-2043
-3353
-3552
-3698
-5040
-6208
-5107
-2634
-1723
-3026
-4162
-3549
-2464
-2403
-2565
-1450
504
1544
1229
942
1771
3135
3881
3901
4021
4652
5340
5628
5711
5932
6136
5935
5320
4615
4103
3926
4065
4126
3541
2326
1214
666
276
-399
-965
-924
-765
-1432
-2791
-3693
-3613
-3331
-3621
-4107
-4055
-3649
-3673
-4191
-4387
-3820
-3070
-2848
-2967
-2725
-1990
-1347
-1148
-1033
-611
-106
40
-69
81
663
1305
1608
1546
1354
1214
1145
1068
963
946
1084
1164
893
362
-10
-73
-134
-435
-757
-827
-764
-872
-1140
-1296
-1240
-1161
-1226
-1346
-1309
-1084
-855
-798
-862
-844
-664
-460
-347
-214
100
517
796
880
989
1302
1692
1928
2037
2226
2541
2796
2875
2913
3080
3311
3415
3363
3330
3446
3617
3653
3494
3252
3051
2880
2663
2405
2175
1957
1641
1201
770
493
360
223
-16
-357
-778
-1243
-1740
-2433
-3616
-5129
-6060
-5742
-4901
-4901
-5798
-6359
-6256
-6665
-8008
-8710
-7500
-5603
-5013
-5568
-5525
-4456
-3646
-3687
-3477
-2105
-323
616
762
1175
2293
3462
4030
4203
4565
5210
5754
6025
6269
6652
6942
6857
6426
5836
5247
4878
4868
4922
4536
3726
3021
2569
1907
903
185
143
166
-464
-1468
-2025
-2030
-2131
-2611
-3002
-2934
-2756
-2946
-3333
-3354
-2891
-2416
-2293
-2310
-2111
-1740
-1459
-1248
-856
-284
146
279
296
350
369
366
525
874
1176
1306
1376
1413
1252
923
708
684
646
513
465
537
485
220
-69
-261
-446
-645
-720
-659
-601
-606
-623
-663
-781
-912
-920
-808
-687
-580
-435
-288
-229
-240
-193
-51
77
131
196
319
409
403
374
393
395
310
219
210
234
210
172
176
159
66
-13
-2
51
78
130
255
384
428
419
432
478
503
509
542
599
635
621
598
591
558
444
271
110
-65
-455
-1199
-2043
-2470
-2325
-2071
-2184
-2484
-2536
-2463
-2774
-3373
-3513
-2908
-2217
-2056
-2124
-1805
-1156
-697
-499
-118
633
1368
1723
1877
2264
2975
3710
4214
4521
4755
4920
4976
4981
5034
5131
5186
5134
4921
4496
3945
3482
3197
2879
2327
1678
1179
750
121
-654
-1217
-1475
-1785
-2388
-3044
-3421
-3588
-3823
-4139
-4327
-4352
-4424
-4660
-4917
-5003
-4903
-4743
-4589
-4416
-4219
-4041
-3901
-3736
-3472
-3123
-2762
-2403
-2020
-1643
-1319
-979
-549
-142
46
94
309
788
1292
1644
1975
2397
2725
2780
2738
2879
3200
3485
3664
3816
3959
4030
4021
3968
3913
3882
3863
3787
3604
3402
3273
3155
2917
2573
2248
1952
1592
1176
811
551
324
42
-287
-602
-882
-1160
-1479
-1833
-2171
-2467
-2728
-2971
-3197
-3371
-3459
-3482
-3513
-3552
-3530
-3434
-3323
-3179
-2892
-2480
-2103
-1852
-1634
-1356
-1067
-816
-557
-253
48
304
546
795
1033
1242
1420
1534
1539
1483
1440
1371
1124
664
212
30
68
16
-239
-471
-530
-652
-1070
-1546
-1656
-1437
-1324
-1485
-1601
-1414
-1117
-1004
-993
-786
-339
71
273
435
787
1302
1769
2094
2358
2641
2880
3001
3057
3143
3263
3341
3322
3209
3009
2760
2536
2357
2138
1823
1491
1221
956
605
239
2
-115
-275
-549
-825
-1012
-1181
-1421
-1674
-1816
-1849
-1891
-2026
-2195
-2309
-2356
-2385
-2403
-2356
-2239
-2132
-2089
-2073
-2010
-1877
-1714
-1549
-1374
-1187
-999
-807
-598
-392
-220
-77
25
28
-39
3
255
552
692
734
807
827
674
493
514
661
696
609
551
532
469
412
441
483
452
406
399
359
276
289
430
524
465
389
409
443
408
379
438
498
475
425
411
401
374
374
388
329
199
116
106
72
-14
-52
4
21
-79
-188
-196
-145
-127
-128
-90
-21
24
60
138
279
433
539
586
604
620
642
673
717
776
851
903
876
738
507
185
-227
-633
-868
-915
-967
-1133
-1289
-1330
-1416
-1702
-2031
-2151
-2088
-2083
-2192
-2229
-2084
-1852
-1661
-1491
-1258
-955
-689
-538
-437
-234
126
540
894
1199
1500
1752
1908
2025
2168
2319
2421
2477
2500
2446
2318
2218
2203
2141
1918
1621
1391
1175
854
516
331
259
104
-200
-516
-746
-922
-1107
-1289
-1415
-1474
-1525
-1628
-1763
-1848
-1840
-1781
-1730
-1689
-1633
-1579
-1534
-1462
-1337
-1202
-1091
-955
-789
-696
-697
-609
-313
16
156
200
363
588
650
592
662
880
1015
990
970
1049
1137
1170
1195
1212
1173
1112
1060
968
823
749
794
778
583
369
299
275
145
-16
-73
-92
-201
-357
-439
-455
-476
-508
-529
-575
-646
-674
-649
-644
-660
-607
-486
-414
-439
-444
-355
-256
-246
-276
-260
-205
-176
-161
-109
-23
66
138
178
168
144
176
260
324
359
429
530
575
551
562
656
739
727
656
550
335
-23
-356
-486
-465
-487
-582
-619
-589
-671
-930
-1162
-1183
-1090
-1092
-1196
-1219
-1072
-851
-667
-493
-240
73
301
368
376
496
770
1067
1277
1442
1607
1715
1699
1614
1574
1598
1620
1584
1460
1246
1015
861
775
647
463
315
212
37
-239
-461
-505
-469
-507
-624
-729
-790
-843
-913
-966
-953
-875
-818
-849
-923
-943
-894
-860
-890
-961
-1011
-1016
-998
-976
-950
-893
-792
-712
-715
-737
-652
-472
-324
-250
-135
63
239
342
459
639
812
921
1006
1099
1170
1230
1313
1366
1333
1259
1220
1184
1079
943
856
787
654
464
303
192
67
-95
-244
-347
-444
-575
-705
-780
-796
-803
-823
-823
-783
-726
-678
-646
-627
-612
-579
-527
-489
-476
-441
-357
-272
-230
-204
-148
-66
1
54
128
222
299
369
476
637
787
885
958
1041
1115
1154
1182
1214
1211
1129
953
653
264
-74
-230
-273
-359
-493
-545
-532
-648
-925
-1141
-1154
-1107
-1171
-1288
-1282
-1129
-940
-781
-598
-351
-103
48
77
105
254
512
765
964
1156
1354
1482
1507
1515
1573
1630
1617
1546
1450
1307
1120
957
848
717
514
296
123
-64
-321
-563
-683
-721
-819
-1000
-1161
-1252
-1326
-1433
-1523
-1530
-1484
-1488
-1575
-1671
-1699
-1685
-1660
-1586
-1447
-1319
-1254
-1170
-1012
-856
-748
-598
-370
-169
-61
59
276
501
674
858
1067
1209
1274
1356
1461
1506
1514
1573
1644
1620
1545
1525
1513
1415
1294
1241
1175
999
803
706
648
517
363
287
243
115
-68
-184
-218
-263
-348
-412
-438
-469
-515
-528
-480
-401
-322
-269
-276
-342
-394
-377
-310
-252
-201
-120
-41
-25
-63
-78
-24
34
32
-5
-4
40
80
105
143
175
174
166
182
179
98
-45
-242
-545
-963
-1347
-1535
-1558
-1561
-1597
-1607
-1598
-1684
-1890
-2058
-2053
-1932
-1831
-1755
-1604
-1333
-1009
-702
-406
-94
245
543
740
890
1135
1519
1914
2199
2416
2644
2833
2893
2873
2896
2972
3004
2935
2796
2613
2389
2154
1930
1688
1395
1089
805
492
113
-259
-526
-687
-853
-1093
-1348
-1530
-1654
-1786
-1915
-1968
-1929
-1906
-1992
-2159
-2296
-2303
-2162
-1955
-1796
-1691
-1550
-1380
-1293
-1272
-1120
-775
-460
-347
-291
-108
137
304
441
641
821
877
867
878
898
925
1010
1099
1065
929
856
854
794
678
640
672
612
446
314
265
213
140
95
61
-5
-63
-67
-81
-145
-184
-149
-126
-163
-175
-89
26
90
131
206
289
305
260
238
278
340
373
383
402
412
394
357
337
334
334
311
261
201
184
232
287
309
338
398
384
190
-135
-492
-902
-1390
-1807
-1984
-1978
-1991
-2053
-2072
-2086
-2232
-2481
-2637
-2604
-2479
-2361
-2203
-1918
-1504
-1050
-638
-258
137
535
842
1048
1306
1733
2242
2666
2997
3319
3594
3702
3663
3630
3643
3611
3500
3358
3190
2954
2655
2340
2005
1609
1151
675
223
-199
-580
-908
-1187
-1436
-1689
-1968
-2254
-2495
-2667
-2790
-2861
-2844
-2751
-2692
-2722
-2745
-2681
-2621
-2624
-2521
-2159
-1727
-1473
-1307
-996
-617
-415
-337
-133
200
458
643
896
1189
1394
1536
1664
1695
1604
1567
1635
1613
1447
1352
1401
1339
1071
857
814
712
448
240
181
84
-121
-251
-251
-293
-408
-464
-472
-555
-639
-550
-363
-293
-314
-244
-101
-36
-20
79
237
333
377
456
551
599
625
672
674
598
551
596
646
623
611
670
681
542
376
342
377
329
244
264
367
393
294
127
-156
-670
-1423
-2220
-2794
-2991
-2901
-2795
-2812
-2855
-2890
-3113
-3560
-3867
-3731
-3357
-3090
-2886
-2474
-1857
-1267
-771
-249
347
929
1410
1787
2172
2722
3444
4129
4601
4903
5139
5242
5139
4985
4959
5004
4931
4686
4329
3869
3324
2789
2305
1779
1158
522
-62
-655
-1274
-1774
-2058
-2288
-2663
-3138
-3521
-3744
-3890
-3986
-3957
-3786
-3563
-3419
-3397
-3395
-3245
-2955
-2705
-2552
-2285
-1772
-1212
-831
-548
-184
184
387
473
630
915
1244
1526
1717
1820
1900
1978
1945
1762
1594
1574
1581
1450
1260
1163
1097
904
610
356
177
15
-159
-321
-446
-505
-516
-559
-677
-784
-786
-725
-699
-680
-572
-389
-248
-203
-163
-54
97
225
330
467
655
847
965
993
995
1030
1073
1079
1063
1085
1146
1181
1149
1076
1017
994
968
894
789
707
669
650
638
650
651
517
99
-684
-1797
-3024
-3960
-4267
-4029
-3716
-3669
-3825
-4076
-4555
-5278
-5774
-5540
-4738
-3963
-3447
-2910
-2136
-1330
-730
-217
487
1396
2227
2826
3438
4380
5539
6429
6779
6790
6753
6664
6441
6258
6335
6540
6475
5932
5046
4040
3045
2149
1397
738
76
-602
-1294
-2046
-2841
-3518
-3980
-4350
-4799
-5272
-5539
-5477
-5186
-4875
-4635
-4380
-4065
-3833
-3734
-3473
-2787
-1900
-1225
-771
-325
15
83
171
685
1430
1892
2032
2145
2216
2068
1868
1882
1960
1851
1652
1531
1372
1112
939
854
579
107
-191
-237
-311
-442
-379
-213
-320
-667
-871
-839
-782
-699
-456
-172
-79
-93
-14
101
143
210
398
537
530
558
739
877
829
749
769
756
643
603
723
833
807
742
671
540
443
563
759
754
647
740
948
944
813
863
982
873
702
810
1086
1192
1120
901
240
-1076
-2786
-4474
-5714
-5904
-4949
-3946
-4142
-5245
-6117
-6678
-7553
-8194
-7288
-5090
-3411
-3043
-2942
-2195
-1203
-519
165
1361
3004
4572
5686
6445
7311
8418
9141
8909
8241
8137
8654
9025
8976
8852
8555
7480
5606
3712
2425
1735
1350
924
96
-1210
-2659
-3966
-5132
-6090
-6561
-6526
-6416
-6544
-6732
-6651
-6289
-5895
-5652
-5468
-5006
-4081
-2958
-2024
-1191
-184
740
982
632
547
1154
1936
2368
2660
3119
3368
2893
1968
1335
1191
1115
880
730
784
726
258
-488
-1138
-1496
-1608
-1590
-1487
-1262
-963
-838
-1074
-1444
-1479
-1077
-604
-282
99
639
987
909
737
859
1174
1416
1598
1820
1986
1962
1748
1424
1114
972
996
1000
914
862
821
570
124
-198
-216
-55
133
321
482
554
529
463
491
785
1238
1453
1286
1138
1332
1616
1717
1826
2062
1948
1159
105
-987
-2779
-5447
-7348
-6738
-4610
-3881
-5486
-7394
-8059
-8557
-9873
-10336
-8079
-4511
-2856
-3697
-4441
-3242
-1245
-205
353
2119
5066
7270
7695
7662
8744
10300
10518
9368
8857
10075
11590
11614
10381
9167
8059
6224
3871
2330
2183
2414
1703
-141
-2359
-4241
-5599
-6527
-7092
-7300
-7220
-7095
-7251
-7763
-8169
-7853
-6937
-6210
-5884
-5107
-3322
-1416
-635
-741
-400
726
1535
1472
1687
3120
4633
4589
3527
3234
3675
3293
2059
1611
2248
2364
1289
193
-196
-556
-1288
-1855
-2009
-2034
-2013
-2001
-2334
-2831
-2724
-2111
-1964
-2171
-1584
-358
71
-364
-278
551
940
740
1053
1998
2509
2308
2094
2066
1879
1646
1646
1698
1607
1520
1390
890
226
-13
81
-22
-184
22
277
83
-235
-108
292
478
582
926
1278
1372
1459
1614
1486
1202
1389
2070
2532
2475
2255
1862
896
-422
-1747
-3751
-6586
-8065
-6309
-3563
-3849
-7071
-9292
-9111
-9214
-10555
-10063
-6283
-2727
-2850
-4929
-4934
-2325
37
706
1417
3896
7108
8723
8440
8346
9675
10903
10352
9184
9829
12107
13177
11546
8855
7125
6161
4809
3263
2615
2771
2180
-151
-3236
-5328
-5986
-6220
-6836
-7485
-7577
-7356
-7509
-8112
-8577
-8384
-7554
-6548
-5660
-4586
-2920
-1165
-559
-1306
-1803
-646
1369
2612
3159
4133
5132
4612
2846
2028
2938
3846
3459
2679
2488
2201
996
-489
-1188
-1149
-1104
-1346
-1658
-1799
-1835
-2196
-3031
-3581
-3024
-1829
-1159
-1072
-729
-202
-322
-830
-521
704
1694
1944
2034
2261
2236
1884
1669
1811
2062
2208
2179
1916
1522
1172
778
246
-97
36
312
251
-45
-201
-280
-522
-608
-153
514
878
974
1060
1137
1128
1140
1310
1583
1897
2302
2613
2504
2027
1414
692
-342
-2330
-5554
-8228
-7629
-4271
-2620
-5379
-9351
-10274
-9271
-9747
-10483
-8008
-3720
-2503
-4961
-6309
-3696
5
1265
985
2288
5669
8601
9173
8575
9062
10410
10525
9327
9366
11774
13849
12576
8925
6305
5838
5671
4512
3275
2914
2462
377
-2873
-5177
-5621
-5481
-6215
-7434
-7734
-7017
-6637
-7399
-8498
-8721
-7846
-6503
-5239
-3939
-2393
-1102
-923
-1790
-2089
-496
1923
3124
3057
3396
4242
3904
2366
1850
3099
3895
2929
1934
2159
2176
728
-923
-1335
-1148
-1320
-1518
-1383
-1505
-2189
-2887
-3276
-3313
-2702
-1594
-945
-1122
-1261
-906
-689
-712
-136
1045
1678
1516
1561
2021
2041
1602
1599
2088
2278
2061
2002
2032
1582
809
415
491
624
660
589
311
-83
-299
-319
-238
109
710
1097
1054
1004
1256
1460
1338
1293
1689
2239
2574
2691
2602
2260
1699
1015
245
-1224
-4299
-7691
-8050
-4770
-2261
-4413
-8872
-10477
-9221
-9243
-10483
-8933
-4757
-2839
-4929
-6698
-4497
-671
752
203
1126
4463
7843
8994
8384
8309
9344
9875
9332
9418
11478
13590
12622
8876
5925
5682
6193
5262
3512
2601
2258
655
-2341
-4648
-5147
-5105
-6084
-7522
-7709
-6629
-6032
-6957
-8365
-8677
-7668
-6135
-4766
-3562
-2306
-1330
-1234
-1870
-1959
-441
1879
3221
3209
3168
3658
3536
2422
1851
2738
3641
3076
1953
1720
1732
642
-953
-1484
-1038
-870
-1228
-1488
-1636
-2152
-2899
-3218
-2831
-1972
-1109
-733
-879
-1016
-790
-466
-215
355
1323
2005
1982
1786
1862
1898
1692
1691
2111
2443
2267
1847
1489
1028
426
128
335
562
378
-14
-287
-467
-687
-811
-605
-114
358
607
715
845
1005
1123
1285
1628
2027
2195
2147
2228
2495
2554
2175
1560
983
194
-1842
-5350
-7917
-6751
-3354
-2630
-6137
-9724
-9767
-8500
-9214
-9952
-7577
-4079
-3695
-5824
-5910
-2729
225
401
-123
1750
5507
8329
8716
8022
8272
9227
9524
9264
10075
12202
13124
10974
7379
5607
6157
6355
4797
2877
2155
1780
-100
-2937
-4694
-4885
-5103
-6386
-7388
-6852
-5722
-5868
-7461
-8627
-8128
-6486
-4919
-3933
-3023
-2003
-1387
-1594
-1949
-1057
1008
2624
2818
2580
3182
3788
3067
1741
1654
2876
3402
2527
1645
1454
898
-642
-1775
-1462
-754
-919
-1680
-2088
-2286
-2781
-3128
-2823
-2128
-1584
-1279
-1017
-866
-827
-687
-320
232
923
1642
2034
2016
1895
1816
1735
1831
2291
2777
2685
2068
1598
1347
905
437
435
766
732
171
-321
-388
-379
-566
-624
-278
219
456
412
514
916
1198
1220
1294
1582
2036
2424
2590
2617
2502
2246
1833
1230
558
-642
-3346
-6654
-7358
-4527
-2244
-4233
-8359
-9846
-8551
-8372
-9467
-8350
-5030
-3532
-5238
-6391
-4223
-976
159
-271
680
3690
6712
7932
7561
7334
8033
8779
8948
9321
10789
12128
11164
8075
5607
5582
6370
5613
3630
2319
2003
894
-1698
-4001
-4625
-4586
-5472
-6708
-6663
-5618
-5443
-6834
-8235
-8049
-6539
-4890
-3765
-2977
-2216
-1703
-1751
-2003
-1375
514
2363
2907
2636
2875
3489
3147
2059
1868
2917
3608
3004
2109
1670
1054
-165
-1030
-764
-266
-524
-1243
-1776
-2155
-2612
-2824
-2526
-2011
-1657
-1476
-1316
-1250
-1231
-1088
-779
-235
506
1205
1526
1472
1370
1294
1215
1321
1859
2481
2456
1840
1281
1039
819
519
511
758
745
295
-204
-394
-496
-664
-657
-298
208
480
496
523
661
835
1051
1386
1765
2050
2152
2181
2317
2459
2368
1891
1144
328
-1150
-3902
-6351
-5811
-2922
-1979
-4981
-8525
-8793
-7330
-7628
-8505
-6880
-3962
-3430
-5213
-5478
-2873
-299
-9
-274
1474
4682
7084
7497
6824
6770
7518
8211
8562
9196
10472
11065
9505
6595
4892
5348
5877
4691
2699
1712
1494
164
-2392
-4265
-4560
-4544
-5420
-6292
-5992
-5262
-5668
-7209
-8120
-7341
-5647
-4266
-3553
-3043
-2509
-2173
-2128
-1888
-700
1171
2472
2547
2204
2495
2971
2717
2242
2612
3455
3426
2523
1892
1638
946
-87
-415
-8
67
-474
-1058
-1517
-2090
-2521
-2334
-1779
-1448
-1377
-1296
-1277
-1396
-1312
-839
-290
125
559
986
1143
1048
1020
1138
1231
1427
1895
2238
2008
1449
1118
988
763
604
757
921
627
50
-266
-277
-288
-342
-180
147
250
140
143
393
706
874
960
1166
1541
1856
1923
1846
1852
1910
1544
543
-863
-2762
-4816
-5430
-3735
-1962
-3095
-6413
-8281
-7505
-6711
-7168
-6750
-4610
-3189
-4085
-5103
-3731
-1113
127
-11
774
3294
5837
6777
6377
6143
6755
7568
8076
8624
9589
10214
9253
6965
5196
5119
5660
5125
3533
2188
1511
482
-1441
-3215
-3871
-3964
-4541
-5410
-5615
-5258
-5459
-6569
-7461
-7046
-5651
-4331
-3611
-3245
-2888
-2605
-2490
-2193
-1186
425
1701
1980
1771
1923
2311
2274
1996
2207
2851
3140
2750
2164
1673
978
133
-275
-45
266
80
-579
-1351
-1978
-2313
-2192
-1691
-1236
-1097
-1166
-1280
-1352
-1278
-933
-366
195
584
816
936
966
974
1055
1257
1590
1964
2112
1871
1451
1186
1128
1086
1022
1061
1071
723
98
-311
-288
-146
-174
-217
-60
101
-30
-255
-194
128
442
650
901
1227
1422
1394
1374
1545
1772
1872
1701
1063
-263
-2445
-4714
-5230
-3388
-1508
-2343
-5316
-7269
-6995
-6490
-6872
-6414
-4378
-3003
-3790
-4846
-3839
-1571
-412
-483
254
2584
5005
6022
5765
5427
5774
6503
7164
7928
8993
9693
8932
6805
5008
4897
5615
5353
3944
2684
2042
1030
-900
-2667
-3221
-3200
-3772
-4715
-5022
-4793
-5146
-6378
-7353
-6993
-5653
-4438
-3820
-3507
-3203
-2950
-2764
-2336
-1338
94
1364
1887
1604
1103
1151
1888
2707
3063
3007
2773
2365
1814
1426
1360
1266
790
230
17
-58
-449
-1098
-1590
-1780
-1797
-1640
-1286
-1039
-1195
-1530
-1579
-1236
-666
-38
452
605
473
397
600
983
1361
1648
1802
1788
1661
1513
1363
1255
1240
1246
1146
974
818
552
93
-306
-331
-111
-39
-171
-276
-357
-541
-654
-434
-2
289
375
479
662
771
841
1030
1290
1480
1616
1718
1712
1469
709
-1127
-3904
-5613
-4251
-1259
-620
-3509
-6597
-7036
-6270
-6524
-6590
-4593
-2336
-2741
-4878
-5128
-2742
-620
-457
-503
1212
3878
5333
5062
4437
4750
5761
6600
7233
8250
9447
9367
7296
4882
4341
5588
6327
5290
3664
2734
1902
128
-1853
-2516
-2072
-2177
-3378
-4428
-4537
-4637
-5627
-6821
-6887
-5694
-4371
-3756
-3785
-3943
-3894
-3657
-3206
-2234
-621
911
1313
667
201
559
1113
1392
1979
3066
3596
2796
1441
757
814
1025
1265
1523
1341
418
-730
-1341
-1324
-1088
-885
-755
-797
-1114
-1528
-1697
-1507
-1145
-796
-395
123
497
429
92
43
516
1163
1621
1890
2035
1892
1422
1026
1120
1550
1793
1633
1291
949
537
63
-188
-29
257
250
-65
-366
-518
-647
-751
-600
-171
204
286
233
298
455
550
629
851
1209
1492
1536
1406
1270
1253
1157
367
-1636
-4089
-4911
-3165
-984
-1387
-4226
-6441
-6509
-6024
-6161
-5595
-3592
-2309
-3519
-5358
-4841
-2283
-466
-327
-92
1548
3502
4191
3813
3795
4751
5855
6373
6777
7727
8619
8031
5991
4436
4793
6070
6237
4998
3669
2812
1655
-88
-1296
-1194
-766
-1357
-2839
-3950
-4233
-4473
-5197
-5851
-5597
-4593
-3853
-3910
-4346
-4443
-4040
-3539
-3023
-2100
-642
490
277
-768
-972
206
1355
1467
1586
2549
3105
2043
633
744
1757
1953
1511
1600
1777
836
-592
-957
-359
-29
-197
-247
-320
-921
-1604
-1652
-1186
-765
-480
-244
-240
-487
-661
-551
-224
255
743
952
867
839
912
791
629
938
1529
1610
1106
739
772
709
415
410
772
869
436
-42
-171
-125
-113
-61
110
285
335
276
193
204
409
688
827
851
913
954
862
789
932
1149
1148
859
192
-1278
-3383
-4557
-3540
-1605
-1398
-3372
-5306
-5706
-5569
-5823
-5390
-3592
-2207
-2914
-4449
-4364
-2584
-1063
-593
-45
1322
2684
3159
3092
3336
4131
5018
5618
6091
6744
7354
7176
5975
4735
4671
5583
6038
5327
4160
3220
2191
755
-351
-351
121
-266
-1681
-3056
-3694
-4002
-4467
-4816
-4615
-4113
-3971
-4372
-4828
-4812
-4332
-3804
-3381
-2734
-1744
-988
-1036
-1487
-1410
-610
315
956
1419
1673
1479
1039
965
1452
1990
2089
1842
1567
1347
1084
818
717
739
669
471
319
220
-81
-569
-818
-623
-332
-249
-236
-218
-436
-866
-983
-507
129
398
295
101
-27
-51
90
395
739
925
806
497
341
507
749
776
698
733
774
616
401
433
627
646
485
454
608
650
460
313
404
550
541
492
555
601
475
320
354
490
537
523
547
526
196
-735
-2313
-3795
-3911
-2459
-1140
-1678
-3565
-4923
-5178
-5165
-4990
-3852
-2214
-1893
-3318
-4571
-3987
-2249
-916
-232
508
1370
1771
1667
1776
2611
3862
4815
5191
5379
5787
6139
5831
5029
4722
5357
6066
5867
4951
4074
3306
2245
1186
920
1370
1417
362
-1200
-2350
-2940
-3294
-3460
-3327
-3139
-3360
-4078
-4884
-5239
-4896
-4106
-3432
-3160
-3044
-2851
-2754
-2832
-2599
-1630
-370
313
264
112
248
416
461
792
1652
2397
2261
1531
1162
1341
1434
1332
1597
2094
1897
872
97
170
428
323
243
414
263
-457
-1030
-916
-550
-467
-490
-360
-328
-614
-873
-727
-341
-102
-31
71
206
218
119
152
439
796
931
827
736
783
821
780
848
1091
1223
1037
767
704
757
707
633
724
874
812
553
356
334
375
404
453
482
385
196
105
199
350
240
-562
-2128
-3552
-3514
-2030
-904
-1539
-3172
-4267
-4652
-4926
-4675
-3251
-1673
-1770
-3471
-4713
-4178
-2607
-1227
-300
386
711
512
167
407
1622
3348
4523
4580
4150
4204
4673
4760
4503
4799
5715
6097
5341
4351
4014
3858
3158
2359
2314
2706
2430
1218
-130
-972
-1410
-1711
-1865
-1888
-2038
-2582
-3517
-4444
-4762
-4233
-3409
-3110
-3422
-3742
-3794
-3869
-3936
-3385
-2114
-1071
-1038
-1490
-1434
-838
-346
5
715
1572
1647
845
341
915
1810
2027
1858
1999
2071
1399
594
727
1431
1499
927
670
718
268
-480
-545
10
149
-303
-549
-433
-588
-1040
-1062
-519
-112
-180
-284
-139
-38
-177
-222
128
639
874
780
663
700
757
742
840
1157
1388
1210
813
653
761
780
656
685
856
772
375
115
216
325
184
35
90
131
-60
-287
-269
-68
32
-48
-110
-95
-438
-1557
-2856
-2993
-1685
-511
-911
-2220
-2963
-3151
-3591
-3783
-2650
-947
-699
-2181
-3503
-3382
-2431
-1518
-589
388
775
253
-501
-549
393
1891
3152
3532
3124
2671
2646
2830
3075
3721
4690
5022
4162
2985
2644
2956
3029
2797
2806
2882
2274
1035
116
14
200
79
-272
-575
-914
-1494
-2175
-2576
-2495
-2125
-1903
-2100
-2538
-2830
-2918
-2997
-2963
-2474
-1701
-1354
-1697
-2126
-2044
-1617
-1228
-809
-202
259
155
-289
-445
-79
496
971
1270
1335
1048
493
14
-14
476
1136
1442
1167
529
-108
-491
-424
135
761
831
262
-408
-786
-868
-595
109
733
566
-203
-653
-456
-97
223
739
1210
1020
308
-34
360
954
1291
1423
1402
1087
609
398
635
1045
1261
1130
728
284
16
-21
90
254
347
188
-227
-605
-690
-572
-464
-406
-370
-452
-686
-862
-817
-666
-580
-522
-449
-465
-593
-646
-502
-330
-408
-765
-1111
-1090
-682
-305
-319
-595
-811
-965
-1175
-1199
-769
-237
-229
-732
-1129
-1082
-817
-536
-176
201
303
47
-252
-239
149
698
1106
1191
1035
888
875
964
1184
1579
1929
1873
1422
1047
1064
1269
1355
1365
1405
1312
914
439
300
498
671
618
445
259
24
-242
-371
-268
-35
114
27
-265
-568
-695
-657
-571
-486
-405
-419
-619
-894
-1011
-904
-728
-625
-604
-645
-765
-921
-982
-864
-649
-488
-456
-511
-574
-595
-545
-416
-250
-133
-135
-227
-320
-342
-286
-174
-32
86
103
10
-89
-78
10
82
129
219
310
274
147
117
253
395
429
435
478
470
371
314
407
551
610
596
567
498
392
341
403
483
481
413
323
212
108
100
188
230
144
20
-43
-62
-87
-91
-48
-14
-49
-131
-178
-162
-111
-63
-44
-69
-125
-175
-190
-173
-138
-95
-71
-93
-161
-227
-230
-186
-152
-159
-177
-195
-236
-272
-256
-192
-136
-120
-125
-151
-199
-235
-219
-165
-122
-101
-98
-136
-201
-230
-183
-120
-109
-123
-116
-105
-132
-159
-121
-29
47
57
14
-28
-9
76
157
183
177
185
193
174
172
241
336
364
315
273
296
340
341
302
284
315
366
380
353
326
324
322
302
303
351
381
317
206
152
162
166
141
110
73
-11
-114
-175
-193
-209
-232
-253
-272
-310
-358
-395
-409
-397
-369
-340
-320
-298
-277
-271
-270
-233
-167
-127
-120
-110
-79
-46
-33
-28
-21
-13
-8
-7
-10
-7
3
-15
-72
-110
-96
-78
-108
-151
-145
-114
-130
-182
-208
-203
-209
-229
-224
-184
-152
-154
-168
-174
-173
-153
-100
-35
-1
2
13
47
87
133
198
248
254
234
231
265
318
360
368
331
279
264
286
300
278
249
232
207
173
147
139
128
100
71
67
81
81
59
32
23
40
60
68
60
54
60
72
79
77
79
83
65
31
15
38
61
40
-6
-32
-34
-60
-109
-119
-74
-42
-76
-129
-142
-126
-133
-156
-144
-98
-72
-96
-131
-140
-126
-118
-117
-110
-96
-94
-118
-155
-174
-158
-122
-97
-100
-131
-174
-200
-185
-141
-106
-95
-99
-107
-122
-128
-108
-62
-31
-24
-12
27
67
67
42
40
74
116
144
156
156
139
115
106
127
157
162
137
119
120
123
124
128
132
124
123
137
144
122
107
126
141
122
99
103
90
36
-7
11
39
13
-51
-94
-112
-127
-151
-177
-186
-168
-149
-174
-221
-231
-187
-149
-153
-159
-125
-83
-80
-93
-73
-26
-16
-50
-68
-28
30
44
22
7
5
-8
-16
10
58
83
73
56
45
36
42
70
98
102
100
106
92
53
27
38
53
50
51
57
32
-48
-115
-105
-45
-14
-31
-59
-78
-98
-126
-123
-58
22
45
10
-18
2
45
79
119
175
213
201
167
159
183
215
239
242
219
182
155
129
95
71
77
89
53
-16
-58
-64
-78
-95
-74
-25
-19
-79
-144
-146
-99
-53
-28
-7
-1
-36
-95
-132
-107
-49
-21
-45
-91
-115
-134
-168
-193
-173
-129
-121
-153
-179
-170
-152
-153
-153
-118
-57
-24
-35
-49
-25
14
24
19
41
81
87
51
24
31
47
42
19
-1
-16
-29
-42
-53
-57
-52
-49
-71
-112
-130
-103
-57
-31
-26
-31
-41
-52
-44
2
58
91
96
93
87
85
103
145
183
193
189
188
183
158
138
151
189
215
196
160
130
109
86
84
111
140
126
71
21
1
4
9
16
20
7
-30
-77
-103
-94
-73
-71
-92
-116
-124
-123
-122
-123
-118
-105
-98
-99
-99
-90
-77
-75
-82
-77
-51
-24
-29
-55
-71
-62
-43
-28
-18
-13
-24
-47
-53
-38
-11
6
14
16
9
0
6
34
62
74
74
87
96
81
49
50
88
120
115
87
67
51
26
9
23
62
72
32
-19
-36
-21
2
11
18
26
21
3
-10
2
31
50
46
32
32
42
41
26
13
16
25
16
-2
-14
-17
-25
-52
-78
-90
-91
-101
-124
-146
-156
-161
-177
-197
-208
-198
-181
-180
-189
-191
-177
-156
-144
-125
-92
-61
-49
-50
-36
9
57
84
95
111
132
144
152
168
195
210
198
185
177
178
175
155
141
134
125
103
74
52
45
35
22
10
4
1
-6
-20
-28
-29
-23
-14
-8
-5
-1
0
-5
-5
1
14
23
24
19
15
12
9
7
9
13
5
-7
-16
-10
-9
-16
-21
-21
-23
-30
-37
-33
-22
-19
-27
-32
-28
-21
-24
-27
-25
-18
-15
-25
-33
-32
-28
-25
-28
-30
-29
-29
-36
-43
-39
-33
-31
-37
-41
-37
-30
-26
-28
-28
-25
-24
-25
-22
-14
-2
0
-2
-4
0
11
24
31
37
41
44
43
45
52
62
67
62
54
52
52
49
41
33
28
21
11
-1
-4
-7
-15
-27
-34
-34
-33
-38
-41
-39
-38
-38
-39
-37
-29
-22
-16
-14
-9
-3
3
5
10
18
22
25
25
26
31
33
34
37
33
28
28
26
26
25
20
17
12
4
-4
-7
-5
-4
-9
-16
-19
-25
-29
-28
-27
-24
-24
-27
-31
-30
-28
-25
-22
-16
-14
-13
-11
-10
-7
-6
-3
4
7
4
3
8
10
10
12
13
17
20
19
15
15
16
15
14
16
21
22
16
13
11
10
12
13
16
12
7
3
2
2
3
1
1
-1
-4
-8
-10
-8
-9
-10
-12
-12
-14
-13
-14
-12
-10
-8
-10
-13
-11
-7
-4
-3
-2
-3
-4
-4
-4
-3
-4
-3
-3
-7
-7
-6
-5
-5
-9
-6
-8
-10
-13
-13
-12
-12
-13
-15
-15
-14
-17
-18
-16
-14
-14
-16
-14
-14
-11
-9
-6
-2
2
4
9
13
18
20
26
30
32
35
36
39
40
40
38
37
36
33
30
27
24
23
20
18
14
10
6
3
1
-2
-4
-5
-7
-10
-15
-15
-14
-12
-14
-15
-15
-15
-16
-17
-16
-13
-12
-12
-12
-12
-11
-11
-12
-11
-9
-6
-6
-9
-9
-9
-9
-9
-6
-3
-6
-8
-7
-8
-7
-6
-4
-4
-5
-6
-6
-2
-1
-1
-1
1
0
-1
1
1
1
1
0
0
2
1
1
3
2
4
6
7
7
8
9
10
14
15
15
16
17
14
12
11
11
13
11
10
8
5
3
2
0
0
0
1
-1
-5
-8
-9
-11
-12
-9
-11
-10
-11
-14
-13
-11
-10
-10
-10
-9
-11
-12
-13
-11
-10
-9
-7
-7
-7
-6
-7
-7
-4
-1
1
3
6
6
6
8
9
11
13
14
13
11
9
11
13
9
7
