-4
-6
-8
-7
-9
-10
-10
-10
-9
-8
-6
-5
-2
-3
0
1
1
1
0
-1
-1
-1
0
0
1
1
1
1
2
1
3
4
3
4
4
3
2
4
5
2
2
2
2
2
3
2
3
4
5
4
4
5
4
2
3
2
5
6
7
6
4
6
5
3
3
-1
-2
-4
-6
-8
-9
-10
-10
-9
-9
-7
-8
-5
-6
-4
-5
-5
-3
-3
-4
-3
-2
-1
-1
2
1
2
3
3
2
2
1
0
0
1
1
0
1
0
2
0
0
1
-1
0
0
0
0
0
1
1
0
1
2
0
0
0
2
2
1
0
-3
-2
-1
-1
-2
0
1
1
0
0
2
3
3
3
5
6
4
4
5
4
4
5
5
6
6
7
5
4
2
1
2
2
1
-1
0
-2
-3
-2
-3
-4
-5
-6
-4
-4
-6
-3
-3
-3
-4
-6
-8
-8
-9
-10
-9
-8
-7
-9
-7
-7
-6
-6
-5
-4
-3
-2
-3
1
2
3
3
4
6
7
6
6
7
7
6
4
5
4
3
3
2
1
3
2
2
4
4
4
3
2
1
0
-1
0
0
0
0
2
1
2
0
-1
0
1
0
0
0
0
1
0
0
2
4
4
5
5
5
4
6
2
1
0
-1
-2
-1
0
1
0
-1
-2
-2
-4
-3
-2
-1
0
0
1
1
3
1
2
0
-1
-1
-3
-6
-7
-7
-7
-8
-9
-10
-10
-11
-11
-11
-8
-7
-7
-5
-5
-4
-4
-2
-3
-3
-1
0
0
3
6
7
9
9
11
11
9
11
9
11
9
8
6
4
4
3
2
3
2
3
3
2
3
3
3
1
-1
-1
1
-1
-1
0
0
-1
-1
-3
-4
-4
-4
-4
-6
-5
-6
-5
-4
-4
-2
-2
-2
-3
-1
0
2
1
2
3
4
6
7
9
10
9
8
9
6
5
4
2
2
0
-1
-3
-4
-4
-6
-7
-8
-7
-7
-7
-8
-8
-7
-8
-10
-8
-10
-9
-8
-7
-7
-5
-6
-6
-5
-4
-2
-1
0
1
1
3
3
3
3
5
5
6
8
6
6
7
6
6
6
7
8
8
10
10
12
11
10
8
6
5
3
3
1
1
0
-4
-5
-4
-4
-6
-6
-7
-6
-5
-7
-6
-5
-3
-2
-2
-3
-4
-3
-3
-2
-3
-2
-2
-3
0
-1
-1
0
-1
0
1
0
-2
-2
-3
-5
-6
-7
-8
-8
-9
-7
-6
-5
-2
-2
-2
0
2
3
3
2
4
5
4
2
2
2
0
1
-2
-2
-2
-4
-3
-2
-2
0
-2
2
4
6
8
9
7
10
10
11
12
13
14
12
12
11
10
9
7
7
3
0
-1
-2
-3
-5
-6
-9
-11
-11
-11
-12
-11
-10
-10
-9
-9
-8
-7
-6
-6
-6
-6
-6
-7
-6
-6
-6
-6
-4
-2
-1
0
0
0
0
0
2
0
-1
-2
-1
-1
-1
-1
0
1
1
2
0
0
2
3
3
2
3
2
3
2
2
2
2
1
1
2
2
2
1
0
0
-1
-1
-2
-1
0
3
3
5
6
7
6
7
7
7
8
7
6
7
6
4
2
2
1
0
0
0
-1
-1
0
1
1
1
0
0
0
-1
0
-1
-3
-4
-5
-7
-7
-7
-6
-6
-7
-6
-6
-7
-6
-6
-7
-6
-5
-5
-4
-4
-3
-4
-3
-4
-2
-3
-2
-1
-3
-2
-2
-2
-1
-1
0
1
2
2
2
3
4
3
4
5
5
5
5
3
2
3
3
2
1
1
0
-2
-2
-4
-3
-1
-3
-2
0
0
1
0
0
1
2
1
1
1
2
1
0
-1
1
-1
-2
-1
-1
0
0
0
1
0
0
1
2
2
5
6
8
11
13
15
15
17
19
21
22
21
22
23
22
20
19
17
15
14
13
10
8
9
11
11
10
12
12
15
19
19
21
22
21
20
20
18
14
12
6
1
-4
-12
-18
-25
-35
-37
-39
-42
-43
-43
-40
-35
-29
-22
-15
-7
2
12
21
30
39
46
50
52
55
56
49
39
27
11
-7
-32
-55
-83
-116
-157
-201
-239
-281
-315
-359
-404
-424
-450
-467
-483
-518
-528
-526
-517
-493
-489
-471
-425
-380
-325
-279
-231
-164
-97
-30
43
127
220
308
397
479
582
676
741
813
870
947
1031
1069
1107
1125
1141
1186
1176
1145
1106
1051
1024
980
910
851
783
735
690
613
537
454
380
311
231
151
74
-4
-81
-164
-242
-325
-408
-493
-577
-642
-707
-758
-799
-853
-880
-893
-899
-904
-919
-936
-946
-947
-945
-933
-914
-888
-866
-854
-845
-833
-823
-814
-797
-762
-709
-653
-600
-548
-502
-456
-414
-363
-306
-257
-237
-259
-297
-322
-333
-360
-409
-464
-550
-739
-1044
-1322
-1430
-1412
-1416
-1422
-1297
-1094
-1029
-1112
-1079
-804
-482
-284
-82
279
698
1019
1288
1647
2060
2390
2589
2726
2862
3029
3221
3401
3541
3653
3738
3735
3602
3409
3257
3133
2936
2635
2299
1993
1691
1316
862
441
121
-200
-643
-1107
-1393
-1526
-1699
-1935
-2075
-2087
-2124
-2246
-2329
-2278
-2153
-2045
-1969
-1900
-1814
-1704
-1617
-1594
-1575
-1465
-1300
-1211
-1187
-1089
-892
-733
-689
-663
-576
-488
-478
-514
-510
-457
-434
-485
-565
-611
-618
-642
-691
-717
-689
-634
-606
-594
-542
-415
-251
-129
-48
68
251
426
531
625
793
993
1123
1178
1240
1344
1428
1453
1466
1510
1580
1640
1667
1661
1651
1641
1610
1539
1475
1448
1412
1323
1208
1117
1032
872
641
433
263
-33
-601
-1291
-1747
-1875
-1971
-2229
-2414
-2313
-2218
-2507
-2972
-3075
-2795
-2597
-2619
-2493
-2039
-1581
-1344
-1107
-637
-75
319
533
724
993
1330
1698
2062
2409
2735
2986
3080
3041
2997
3035
3096
3073
2935
2737
2544
2356
2118
1812
1517
1276
996
579
125
-190
-371
-560
-810
-1081
-1414
-1828
-2177
-2348
-2471
-2637
-2690
-2575
-2553
-2729
-2786
-2554
-2328
-2305
-2221
-1905
-1608
-1487
-1293
-896
-529
-351
-205
7
179
313
526
772
917
999
1136
1251
1216
1130
1146
1178
1050
820
690
661
572
410
314
298
229
61
-97
-179
-235
-291
-302
-270
-247
-208
-113
-8
31
62
167
277
305
319
417
546
605
629
687
763
794
788
784
790
794
804
816
821
825
815
765
671
588
555
525
441
337
275
252
223
169
105
21
-146
-491
-1051
-1668
-2073
-2167
-2165
-2251
-2317
-2215
-2140
-2383
-2779
-2901
-2697
-2537
-2558
-2477
-2119
-1683
-1363
-1059
-631
-146
207
379
500
739
1140
1590
2001
2396
2794
3096
3220
3251
3321
3439
3530
3554
3501
3387
3264
3148
2997
2761
2477
2192
1867
1437
954
581
367
107
-382
-943
-1275
-1427
-1714
-2146
-2376
-2329
-2377
-2689
-2932
-2859
-2705
-2724
-2799
-2725
-2544
-2383
-2235
-2052
-1810
-1498
-1166
-940
-815
-607
-255
36
143
256
535
817
899
886
988
1145
1150
998
868
825
783
679
554
460
387
299
168
0
-141
-194
-218
-299
-409
-432
-349
-285
-298
-294
-194
-77
-44
-40
49
215
352
428
524
666
787
824
816
843
933
1039
1106
1144
1196
1268
1299
1258
1197
1168
1158
1107
1005
910
878
872
841
778
694
560
333
32
-323
-775
-1320
-1762
-1919
-1905
-2000
-2213
-2320
-2320
-2509
-2934
-3219
-3138
-2957
-2957
-2981
-2738
-2309
-1981
-1781
-1510
-1105
-732
-497
-281
75
555
1048
1494
1913
2308
2639
2882
3059
3208
3373
3557
3712
3765
3713
3628
3547
3411
3161
2850
2570
2322
2012
1618
1238
942
680
356
-32
-406
-732
-1078
-1532
-2043
-2444
-2649
-2776
-2973
-3189
-3257
-3191
-3205
-3357
-3426
-3262
-3027
-2910
-2813
-2527
-2104
-1765
-1544
-1293
-954
-617
-340
-59
283
682
1098
1469
1753
1961
2136
2255
2260
2183
2143
2153
2085
1885
1651
1471
1278
1008
732
540
375
146
-114
-305
-403
-465
-538
-632
-734
-802
-804
-774
-753
-730
-669
-600
-572
-553
-469
-317
-174
-68
53
214
370
468
528
601
698
791
855
889
900
907
929
939
907
851
818
802
761
705
675
670
634
560
467
333
124
-141
-464
-902
-1393
-1709
-1744
-1701
-1802
-1964
-2016
-2086
-2376
-2755
-2889
-2748
-2613
-2600
-2524
-2256
-1929
-1712
-1545
-1275
-911
-585
-346
-82
323
852
1386
1830
2196
2520
2790
2970
3088
3212
3374
3536
3634
3625
3530
3418
3322
3161
2867
2515
2218
1941
1581
1182
888
693
447
96
-271
-591
-879
-1173
-1473
-1725
-1880
-2047
-2455
-3033
-3309
-3105
-2915
-3072
-3149
-2799
-2498
-2688
-2920
-2672
-2242
-2102
-2068
-1772
-1326
-970
-646
-282
27
291
625
963
1188
1466
1988
2545
2815
2865
2989
3172
3141
2891
2704
2654
2502
2135
1748
1487
1253
909
498
117
-214
-495
-693
-841
-993
-1114
-1171
-1258
-1460
-1644
-1639
-1530
-1503
-1531
-1422
-1208
-1099
-1123
-1096
-934
-743
-597
-452
-290
-136
-3
96
120
100
149
276
366
393
447
523
495
366
281
311
363
360
337
356
411
431
354
186
2
-137
-285
-570
-975
-1250
-1227
-1061
-1020
-1071
-1001
-860
-925
-1212
-1407
-1327
-1139
-1051
-1038
-947
-717
-456
-293
-200
-6
331
637
804
991
1376
1880
2302
2611
2888
3140
3311
3413
3508
3617
3742
3855
3878
3734
3485
3258
3042
2699
2236
1822
1518
1167
678
186
-162
-449
-819
-1266
-1687
-2039
-2357
-2644
-2861
-2981
-3040
-3112
-3231
-3403
-3661
-3991
-4199
-4104
-3804
-3562
-3382
-3078
-2724
-2570
-2573
-2404
-2010
-1653
-1409
-1055
-532
-33
349
719
1078
1326
1474
1625
1785
1932
2123
2359
2474
2374
2215
2124
2001
1751
1490
1336
1185
907
583
352
198
22
-169
-317
-446
-598
-723
-772
-779
-789
-765
-702
-654
-638
-567
-390
-169
28
215
412
581
693
791
927
1102
1278
1440
1601
1774
1947
2064
2081
2010
1905
1785
1655
1539
1467
1410
1318
1180
1022
857
678
498
333
184
44
-98
-281
-507
-750
-1062
-1637
-2483
-3212
-3471
-3463
-3667
-4131
-4501
-4755
-5286
-6172
-6872
-6967
-6727
-6606
-6534
-6136
-5385
-4617
-3985
-3277
-2315
-1237
-279
548
1446
2547
3746
4816
5644
6299
6867
7328
7637
7884
8219
8626
8934
8998
8833
8553
8252
7919
7459
6813
6085
5396
4692
3844
2924
2146
1524
815
-117
-1105
-1936
-2611
-3256
-3861
-4297
-4556
-4811
-5191
-5619
-5910
-6029
-6097
-6184
-6284
-6401
-6515
-6494
-6215
-5774
-5368
-5055
-4789
-4579
-4392
-4063
-3504
-2866
-2337
-1905
-1477
-1082
-750
-392
47
459
753
996
1275
1577
1859
2118
2310
2378
2345
2312
2336
2390
2460
2547
2591
2494
2258
1985
1749
1549
1367
1201
1017
771
491
258
129
100
147
232
325
396
420
404
380
401
471
576
728
954
1234
1514
1768
2003
2204
2333
2355
2267
2121
1997
1940
1914
1883
1885
1980
2140
2284
2396
2514
2619
2648
2605
2568
2556
2472
2194
1683
955
4
-1167
-2319
-3013
-3116
-3108
-3526
-4232
-4777
-5224
-5969
-6825
-7116
-6730
-6346
-6382
-6452
-6123
-5582
-5221
-4988
-4589
-3974
-3381
-2932
-2454
-1707
-706
253
923
1353
1731
2098
2406
2732
3217
3791
4236
4429
4401
4214
3964
3796
3727
3579
3255
2906
2661
2397
1972
1517
1224
1001
606
46
-413
-621
-702
-808
-931
-1020
-1115
-1304
-1574
-1778
-1753
-1515
-1351
-1515
-1818
-1780
-1276
-713
-399
-110
392
876
1064
1202
1714
2497
3101
3383
3568
3801
4021
4176
4266
4283
4247
4176
4013
3714
3416
3265
3125
2725
2072
1454
1029
646
157
-362
-781
-1170
-1684
-2268
-2704
-2919
-3093
-3401
-3781
-4057
-4151
-4147
-4167
-4230
-4264
-4253
-4277
-4346
-4296
-3989
-3535
-3154
-2878
-2572
-2192
-1825
-1498
-1162
-825
-551
-350
-166
30
236
443
590
590
466
356
330
314
276
311
474
657
773
879
1017
1053
752
-50
-1231
-2266
-2483
-1806
-1013
-824
-1057
-1193
-1417
-2181
-3003
-2796
-1509
-336
-43
-31
488
1303
1795
2038
2591
3516
4256
4471
4508
4926
5778
6545
6794
6659
6529
6494
6404
6339
6579
7088
7424
7262
6678
5933
5261
4827
4620
4368
3843
3146
2440
1599
500
-586
-1306
-1821
-2610
-3722
-4705
-5269
-5632
-6088
-6604
-6993
-7298
-7732
-8290
-8647
-8512
-8025
-7598
-7427
-7323
-7098
-6889
-6921
-7024
-6676
-5676
-4524
-3814
-3466
-2988
-2319
-1843
-1622
-1204
-365
536
1163
1622
2141
2698
3117
3299
3286
3255
3404
3694
3884
3891
3909
3975
3804
3278
2747
2563
2590
2498
2266
2112
2064
1922
1590
1197
918
768
622
401
179
112
227
345
293
167
207
410
577
675
923
1376
1790
2009
2164
2383
2564
2613
2609
2635
2655
2631
2541
2311
1929
1550
1282
1033
729
515
487
465
278
-43
-584
-1704
-3430
-4956
-5378
-4833
-4312
-4315
-4411
-4340
-4647
-5618
-6353
-5804
-4336
-3280
-3147
-3186
-2763
-2251
-2163
-2170
-1604
-546
233
427
643
1482
2679
3524
3834
4003
4266
4475
4611
4951
5586
6186
6371
6051
5339
4460
3771
3528
3529
3318
2772
2128
1458
574
-477
-1273
-1611
-1858
-2441
-3262
-3874
-4095
-4203
-4477
-4817
-4972
-5004
-5206
-5534
-5516
-4935
-4212
-3844
-3771
-3617
-3298
-2970
-2593
-1981
-1268
-872
-880
-858
-418
303
936
1370
1688
1874
1877
1842
1997
2355
2720
2922
2922
2758
2568
2514
2582
2583
2436
2277
2177
2047
1863
1755
1745
1643
1336
960
709
603
560
549
574
586
540
459
404
421
526
686
807
815
788
852
988
1074
1093
1139
1214
1213
1127
1088
1163
1235
1172
1007
879
810
694
474
218
-22
-302
-633
-887
-988
-1054
-1208
-1402
-1586
-1902
-2569
-3739
-5393
-7036
-7679
-6903
-5687
-5368
-5879
-6176
-6223
-6946
-8061
-7832
-5742
-3623
-3111
-3437
-3022
-1964
-1409
-1340
-602
1119
2742
3379
3506
4134
5359
6333
6509
6326
6443
6813
6991
7005
7266
7717
7773
7166
6253
5472
5014
4950
5151
5121
4443
3329
2250
1207
8
-1020
-1342
-1205
-1504
-2475
-3389
-3696
-3772
-4149
-4623
-4690
-4426
-4364
-4627
-4687
-4150
-3371
-3011
-3126
-3129
-2678
-2091
-1633
-1043
-173
466
442
169
284
735
1154
1628
2316
2793
2636
2210
2080
2136
2054
1998
2138
2100
1601
1019
709
405
-162
-729
-1069
-1396
-1830
-2111
-2152
-2264
-2608
-2958
-3142
-3260
-3321
-3142
-2752
-2445
-2334
-2218
-1971
-1711
-1438
-967
-301
261
592
916
1382
1801
2062
2364
2803
3155
3270
3331
3485
3617
3669
3765
3903
3885
3685
3502
3356
3081
2712
2478
2390
2245
2006
1804
1631
1356
944
447
-165
-1071
-2544
-4446
-5747
-5404
-4048
-3633
-4780
-5941
-6146
-6646
-8271
-9163
-7529
-4953
-4301
-5420
-5805
-4763
-3981
-4136
-3744
-1862
279
1190
1185
1641
3034
4495
5191
5403
5953
6916
7611
7818
8136
8804
9134
8599
7649
6900
6383
6023
5967
5923
5168
3692
2343
1438
387
-883
-1503
-1301
-1462
-2734
-4187
-4724
-4721
-5133
-5829
-5979
-5576
-5446
-5898
-6247
-5866
-5077
-4631
-4644
-4513
-3861
-3041
-2475
-1953
-1110
-256
9
-198
-115
607
1532
2213
2659
2949
2954
2662
2388
2426
2751
3135
3347
3230
2830
2402
2131
1907
1583
1254
1054
858
508
125
-81
-185
-440
-869
-1222
-1326
-1247
-1115
-997
-935
-949
-1008
-1066
-1085
-972
-655
-267
-69
-93
-107
6
106
113
176
378
551
571
546
599
675
685
641
601
581
605
673
699
613
488
427
358
182
39
158
431
536
446
390
326
-5
-584
-1344
-2551
-4073
-4714
-3682
-2278
-2367
-3566
-4074
-3922
-4766
-6380
-6351
-4062
-2047
-2200
-3138
-2838
-1745
-1424
-1656
-884
1135
2887
3301
3151
3785
5180
6143
6167
6115
6745
7527
7691
7566
7878
8356
8159
7259
6316
5582
4940
4560
4535
4257
3187
1809
825
-32
-1265
-2336
-2471
-2225
-2827
-4213
-5162
-5264
-5380
-6022
-6540
-6337
-5886
-5966
-6445
-6477
-5771
-5012
-4858
-4967
-4596
-3769
-3131
-2801
-2217
-1245
-547
-621
-1057
-1064
-368
653
1482
1954
2234
2355
2119
1609
1424
1926
2633
2846
2553
2227
2042
1810
1478
1201
1062
985
861
662
491
497
612
513
81
-356
-407
-139
111
243
414
602
559
270
104
332
768
1056
1138
1184
1262
1314
1304
1282
1311
1394
1444
1359
1207
1160
1215
1171
964
754
647
597
543
468
362
243
145
16
-179
-282
-156
41
87
13
-93
-338
-792
-1443
-2470
-3877
-4840
-4442
-3260
-2907
-3706
-4351
-4332
-4844
-6311
-7017
-5697
-3784
-3318
-3956
-3940
-3030
-2486
-2651
-2371
-931
808
1692
1851
2348
3608
4850
5292
5271
5625
6351
6764
6775
7029
7678
8011
7583
6772
6024
5369
4871
4708
4607
4030
3061
2222
1470
357
-856
-1398
-1346
-1659
-2649
-3531
-3772
-3875
-4398
-5027
-5179
-4955
-4952
-5301
-5463
-5017
-4312
-3989
-4072
-3998
-3539
-3092
-2878
-2508
-1689
-816
-409
-384
-320
-82
167
371
649
1103
1672
2113
2187
1939
1690
1618
1584
1490
1486
1665
1803
1652
1267
912
711
574
386
186
103
150
175
76
-71
-161
-211
-295
-393
-381
-181
105
295
349
398
505
574
550
579
776
1014
1102
1060
1036
1065
1075
1044
1022
1019
988
899
798
756
777
802
767
661
526
407
326
248
154
108
159
224
185
84
23
-40
-249
-584
-959
-1533
-2526
-3594
-3930
-3373
-2810
-2990
-3489
-3611
-3687
-4398
-5248
-5072
-3896
-3016
-3058
-3211
-2715
-2000
-1729
-1622
-960
208
1127
1450
1704
2487
3613
4414
4691
4875
5243
5528
5531
5573
5958
6404
6443
6059
5511
4899
4270
3813
3568
3229
2613
1958
1446
833
-38
-801
-1121
-1310
-1855
-2617
-3056
-3104
-3206
-3534
-3772
-3714
-3651
-3899
-4260
-4273
-3876
-3451
-3263
-3146
-2884
-2593
-2466
-2380
-2052
-1496
-1027
-795
-614
-343
-154
-199
-278
-124
173
362
467
661
868
889
747
600
465
344
340
442
495
487
564
655
565
375
356
487
540
538
681
935
1079
1081
1083
1116
1121
1146
1255
1386
1457
1495
1538
1529
1437
1340
1298
1243
1127
1019
979
944
842
686
507
300
92
-42
-95
-136
-191
-231
-266
-344
-433
-456
-437
-462
-522
-533
-484
-447
-427
-333
-137
38
43
-112
-309
-533
-950
-1628
-2261
-2392
-2048
-1803
-2002
-2301
-2333
-2414
-2962
-3616
-3657
-3117
-2733
-2812
-2870
-2510
-1993
-1719
-1582
-1193
-516
70
339
568
1153
2024
2740
3113
3373
3699
3939
3973
4011
4274
4651
4891
4909
4750
4443
4065
3749
3479
3108
2655
2321
2109
1780
1262
807
555
262
-304
-961
-1373
-1544
-1735
-2014
-2192
-2195
-2250
-2555
-2971
-3201
-3184
-3122
-3136
-3102
-2910
-2690
-2614
-2607
-2483
-2239
-2023
-1866
-1658
-1377
-1108
-932
-878
-905
-896
-739
-461
-201
3
194
318
263
83
1
117
309
457
574
708
818
878
915
954
990
1013
1023
1019
1047
1194
1439
1621
1629
1550
1505
1467
1381
1340
1433
1554
1539
1412
1310
1244
1121
956
846
787
705
599
518
457
376
267
141
-13
-167
-251
-248
-228
-236
-235
-195
-175
-234
-333
-389
-377
-346
-322
-281
-214
-146
-97
-73
-106
-205
-337
-515
-870
-1447
-1986
-2163
-2004
-1870
-1945
-2047
-2063
-2220
-2694
-3199
-3312
-3066
-2865
-2857
-2782
-2449
-2035
-1787
-1641
-1348
-863
-428
-187
52
555
1264
1872
2256
2577
2938
3207
3298
3374
3612
3944
4167
4199
4092
3902
3666
3445
3267
3072
2818
2545
2268
1915
1455
1041
800
614
271
-190
-536
-717
-914
-1190
-1381
-1393
-1397
-1586
-1884
-2053
-2026
-1960
-1959
-1966
-1908
-1851
-1879
-1947
-1919
-1762
-1579
-1469
-1424
-1396
-1358
-1279
-1133
-1008
-1042
-1153
-1086
-813
-599
-541
-423
-186
-97
-238
-285
-67
158
199
209
315
411
460
557
671
697
719
839
933
903
912
1067
1167
1068
953
989
1043
989
932
970
997
926
830
771
709
634
577
502
354
196
118
80
-2
-85
-79
-35
-99
-239
-266
-144
-43
-50
-44
67
192
240
254
295
352
380
372
347
365
479
640
728
702
637
562
360
-84
-670
-1111
-1236
-1212
-1298
-1498
-1594
-1572
-1715
-2145
-2543
-2588
-2434
-2457
-2652
-2641
-2299
-1929
-1755
-1604
-1255
-832
-577
-499
-358
2
503
973
1353
1722
2114
2417
2535
2575
2727
2978
3143
3134
3047
2967
2880
2762
2620
2426
2163
1875
1575
1231
862
599
473
328
33
-315
-562
-733
-947
-1193
-1342
-1359
-1375
-1504
-1683
-1776
-1750
-1721
-1768
-1811
-1752
-1643
-1603
-1608
-1527
-1337
-1163
-1082
-1060
-1046
-1034
-1010
-940
-822
-651
-429
-229
-123
-82
-2
131
233
290
378
491
559
589
665
782
864
887
897
900
881
874
898
921
919
920
942
945
900
834
780
721
646
565
502
467
445
410
339
246
165
116
72
15
-32
-44
-38
-54
-77
-71
-68
-122
-202
-211
-152
-107
-89
-44
21
53
58
79
126
166
199
224
210
172
175
233
277
269
212
109
-79
-422
-926
-1434
-1692
-1657
-1596
-1709
-1827
-1768
-1747
-2039
-2441
-2533
-2343
-2254
-2355
-2330
-2013
-1610
-1309
-1041
-674
-240
102
266
346
572
1034
1561
1972
2315
2679
2959
3033
3012
3084
3229
3306
3284
3216
3094
2927
2782
2654
2429
2070
1703
1404
1089
724
439
315
210
-54
-425
-724
-907
-1079
-1289
-1441
-1460
-1435
-1529
-1734
-1862
-1805
-1698
-1702
-1761
-1728
-1640
-1665
-1768
-1754
-1603
-1498
-1512
-1518
-1435
-1335
-1250
-1113
-922
-760
-649
-539
-437
-354
-237
-58
104
192
277
409
524
592
677
802
887
893
890
937
995
1031
1054
1058
1011
926
858
806
748
708
709
714
660
572
515
493
457
387
328
303
270
192
112
86
100
102
73
45
48
75
106
120
120
132
168
206
231
265
305
314
284
251
249
265
258
223
205
233
256
207
78
-116
-429
-915
-1446
-1759
-1779
-1728
-1791
-1870
-1855
-1907
-2214
-2613
-2778
-2684
-2594
-2622
-2583
-2320
-1926
-1567
-1255
-890
-468
-125
33
124
390
912
1518
2025
2438
2814
3096
3200
3205
3265
3405
3520
3545
3503
3424
3325
3222
3089
2856
2490
2058
1629
1196
765
423
246
152
-40
-392
-779
-1079
-1328
-1594
-1829
-1918
-1896
-1920
-2057
-2182
-2161
-2053
-2012
-2055
-2070
-2017
-1975
-2001
-1998
-1868
-1652
-1471
-1373
-1289
-1155
-980
-824
-715
-610
-458
-264
-88
46
194
405
613
710
707
722
813
901
925
935
973
1009
996
940
878
839
813
767
689
620
607
605
538
432
372
363
317
224
177
216
251
209
146
138
173
187
165
152
179
230
255
255
282
369
454
487
500
550
603
597
574
613
678
668
602
585
637
679
657
583
447
211
-178
-769
-1464
-1954
-2022
-1883
-1914
-2102
-2164
-2173
-2498
-3108
-3464
-3317
-3051
-3026
-3058
-2819
-2359
-1958
-1677
-1352
-883
-392
-63
101
368
957
1720
2314
2668
3002
3366
3563
3541
3562
3791
4033
4073
3940
3756
3538
3291
3064
2825
2477
2042
1608
1151
616
129
-136
-247
-454
-849
-1282
-1617
-1867
-2097
-2285
-2329
-2221
-2144
-2261
-2441
-2412
-2185
-2039
-2055
-2030
-1903
-1848
-1870
-1734
-1384
-1036
-832
-722
-690
-733
-688
-448
-145
90
329
599
715
643
636
822
980
957
907
961
1010
975
954
987
965
834
678
544
429
394
464
506
397
244
166
101
-19
-83
-10
65
8
-93
-101
-46
-18
-4
41
105
160
211
285
361
409
424
444
516
636
774
886
935
921
883
866
854
832
843
919
999
1022
1005
959
819
485
-142
-1147
-2311
-3051
-2992
-2550
-2425
-2663
-2842
-3025
-3700
-4716
-5155
-4609
-3785
-3455
-3426
-3092
-2439
-1943
-1744
-1444
-724
157
723
985
1504
2594
3782
4399
4479
4571
4825
4905
4793
4958
5564
6083
6008
5424
4712
4048
3451
2966
2587
2205
1756
1228
578
-202
-921
-1397
-1743
-2239
-2925
-3491
-3668
-3567
-3497
-3565
-3595
-3513
-3558
-3868
-4062
-3666
-2847
-2241
-2089
-2029
-1799
-1581
-1509
-1342
-899
-373
-20
166
334
545
779
980
1066
1069
1151
1361
1514
1517
1541
1655
1608
1269
924
851
903
854
783
799
780
601
370
215
112
61
104
147
82
25
109
186
71
-87
-76
-4
-50
-88
69
286
327
237
212
263
292
325
435
597
754
881
956
974
975
1004
1060
1108
1180
1295
1373
1370
1397
1538
1636
1472
1021
242
-1216
-3402
-5229
-5298
-3883
-2905
-3420
-4436
-4993
-5822
-7527
-8653
-7532
-5091
-3726
-3987
-4256
-3498
-2500
-2129
-1825
-569
1419
2880
3290
3664
5080
6958
7757
7236
6780
7275
8001
8178
8293
8939
9388
8512
6539
4779
3954
3714
3492
3051
2287
1122
-350
-1879
-3189
-4027
-4312
-4360
-4679
-5420
-6128
-6276
-5971
-5820
-6062
-6183
-5722
-5042
-4685
-4297
-3175
-1726
-1174
-1644
-1850
-1043
-30
390
766
1758
2660
2441
1537
1268
1879
2429
2328
1981
1856
1841
1652
1255
845
680
684
377
-336
-704
-241
243
-154
-927
-1079
-821
-921
-1127
-710
20
201
-165
-406
-245
111
487
790
925
995
1135
1193
1048
1005
1282
1492
1294
1055
1223
1544
1538
1261
1047
918
781
798
1086
1417
1570
1525
1291
931
762
1065
1634
2017
2140
2157
1919
1248
338
-1081
-3905
-7334
-8323
-5731
-3021
-3747
-6366
-7398
-7668
-10045
-12705
-11094
-5871
-2686
-3871
-5741
-5004
-3095
-2495
-2378
-371
3365
6131
6309
5632
6829
9489
10509
8990
7873
9419
11720
11965
10836
10614
10733
8879
5370
3118
3490
4686
4468
2680
484
-1557
-3627
-5570
-6601
-6285
-5436
-5405
-6472
-7728
-8360
-8252
-7732
-7243
-6934
-6348
-5004
-3444
-2751
-2661
-1856
-536
-289
-855
-15
2476
4091
3621
2886
3208
3308
2278
1630
2452
3426
3211
2226
1228
356
-241
-466
-680
-1008
-939
-587
-1015
-2158
-2456
-1699
-1557
-2282
-2202
-956
-150
-430
-598
-41
332
167
359
1197
1966
2337
2414
2155
1793
1793
2047
2078
1978
2165
2296
1683
754
499
715
606
321
412
639
461
108
112
312
298
337
711
1046
1105
1134
1242
1315
1475
1879
2135
1662
728
-542
-3488
-7909
-9794
-6569
-2344
-2846
-7016
-9172
-8669
-10021
-12912
-11545
-5425
-1497
-3568
-6925
-6084
-2527
-855
-1071
386
4258
7471
7758
6911
8235
11222
11985
9599
8074
10381
13862
14240
11821
10052
9421
7485
4218
2674
4129
5781
4342
326
-3049
-4382
-5123
-6377
-7143
-6488
-5722
-6640
-8498
-9136
-8367
-7689
-7604
-7370
-6426
-4904
-3180
-1810
-1427
-1749
-1533
-479
469
1357
3259
5583
5908
3430
792
800
2587
3417
2933
2678
2586
1110
-1420
-2612
-1744
-975
-1705
-2663
-2653
-2333
-2569
-3165
-3563
-3480
-2882
-2066
-1399
-691
278
695
-106
-792
261
2241
3284
3402
3668
3814
3119
2358
2691
3649
4054
3744
3185
2574
2024
1575
1033
460
257
363
218
-157
-236
-243
-816
-1483
-1183
-130
539
605
732
938
732
469
913
1871
2569
2820
2929
2827
2218
1200
-729
-4692
-9068
-9311
-4644
-1070
-3504
-8650
-10619
-10362
-12293
-14165
-10448
-3642
-1776
-5956
-8913
-6331
-2279
-1307
-1430
1319
5948
8446
7864
7345
9320
11559
10773
8484
9242
13545
16472
14590
10524
8369
7799
6122
3947
4122
6222
6153
1797
-3535
-5664
-5138
-5401
-7096
-7647
-6411
-6114
-8160
-10074
-9548
-8124
-8006
-8265
-6781
-3852
-1679
-1187
-1565
-1832
-1453
-187
1762
3748
5410
6435
6074
4191
2259
2037
3263
4130
3839
3143
2373
770
-1487
-2878
-2848
-2564
-2851
-3132
-3022
-3230
-4106
-4928
-5133
-4758
-3700
-2086
-845
-537
-604
-517
-382
29
1345
3159
4238
4269
4010
3818
3508
3423
3912
4449
4469
4206
3853
3080
1997
1202
852
532
180
81
-59
-702
-1660
-2370
-2512
-1965
-999
-389
-421
-705
-779
-628
-273
546
1532
2022
1973
2055
2435
2662
2532
1953
1006
-1046
-5138
-9081
-8584
-3705
-999
-4791
-10511
-11785
-10252
-11196
-12432
-8751
-3232
-3081
-7529
-8712
-4168
204
425
-127
2579
6934
9293
9312
9483
11150
12299
11188
10002
11901
15895
17202
13730
9128
7421
7731
6952
5250
4838
5197
3313
-1445
-5386
-5702
-4650
-5710
-8261
-9012
-7700
-7381
-9143
-10497
-9755
-8672
-8671
-8130
-5605
-2610
-1593
-2457
-3033
-2178
-357
1661
3461
4714
5214
5079
4314
3167
2455
2765
3623
3704
2679
1480
461
-930
-2610
-3409
-3133
-3006
-3541
-3955
-3932
-4300
-5082
-5219
-4470
-3467
-2369
-1112
-357
-446
-506
165
1160
2106
3290
4447
4790
4410
4118
4197
4337
4566
4912
4920
4440
3848
3234
2293
1332
984
1006
709
109
-321
-686
-1347
-2033
-2163
-1605
-817
-336
-271
-300
-103
236
528
1000
1771
2381
2528
2689
3147
3373
3050
2368
1748
745
-2447
-7447
-9833
-6515
-1877
-2983
-8985
-12488
-11184
-10776
-13084
-12133
-6579
-3481
-6666
-10019
-7364
-2080
-383
-1615
-463
4035
7820
8707
8375
9248
10843
10862
9777
10545
14031
16692
14870
10148
7204
7561
8069
6509
4840
4730
4271
980
-3531
-5247
-4193
-4284
-6892
-8753
-7569
-5974
-7054
-9462
-9888
-8363
-7408
-7040
-5269
-2269
-609
-1411
-2537
-1759
560
2737
4020
4820
5223
4883
3998
3401
3508
3747
3713
3417
2825
1928
721
-586
-1873
-2931
-3304
-3177
-3304
-3885
-4418
-4891
-5550
-5769
-5063
-3902
-2961
-2299
-1647
-1325
-1305
-727
604
1856
2601
3286
3881
3926
3624
3478
3695
4021
4283
4380
4003
3307
2636
1948
1158
675
769
768
131
-757
-1351
-1647
-1923
-2037
-1734
-1140
-641
-523
-527
-232
305
639
795
1424
2496
3181
3170
3197
3658
3786
3235
2536
2194
1224
-2387
-7378
-8820
-4853
-1203
-3734
-9486
-11604
-10020
-10406
-12495
-10511
-5294
-3786
-7328
-9171
-5504
-1024
-387
-1385
554
4987
8151
8771
8605
9540
10778
10569
9868
11159
14402
15897
13104
8597
6684
7563
7566
5420
3682
3565
2716
-852
-4677
-5405
-4467
-5533
-8382
-9224
-7256
-6170
-7990
-10091
-9646
-7918
-7156
-6463
-4222
-1554
-923
-2094
-2393
-639
1846
3416
4101
4663
5067
4854
4026
3495
3771
4000
3340
2410
2186
1988
626
-1451
-2696
-2831
-3111
-3713
-3731
-3521
-4232
-5584
-5968
-5024
-3988
-3457
-2740
-1637
-1146
-1353
-1051
176
1505
2260
2833
3603
4125
4078
3777
3678
3937
4374
4592
4368
3892
3264
2408
1506
961
972
1112
745
-129
-1033
-1553
-1684
-1697
-1634
-1293
-719
-363
-373
-313
26
321
595
1340
2389
2915
2894
3037
3339
3123
2279
1718
601
-3321
-8034
-8051
-2994
-236
-4442
-10357
-11310
-9412
-10432
-12021
-8743
-3795
-4100
-8510
-9195
-4339
-420
-1009
-1918
1100
5781
8058
7866
7754
8926
9823
9516
9716
11996
14925
14999
11276
7227
6411
7874
7855
5686
4060
3786
2416
-1321
-4525
-4609
-3812
-5340
-7961
-8068
-6062
-5838
-8330
-10281
-9362
-7399
-6425
-5393
-3275
-1571
-1985
-3268
-2828
-391
2108
3329
3706
3872
3945
3969
3816
3456
3177
3274
3518
3307
2562
1524
129
-1464
-2451
-2366
-1945
-2068
-2779
-3825
-5000
-5704
-5219
-3971
-3241
-3221
-3061
-2467
-1964
-1713
-1083
79
1141
1781
2328
3070
3566
3433
3043
3076
3725
4422
4594
4166
3479
2737
1972
1530
1597
1837
1663
825
-132
-631
-791
-974
-1102
-986
-806
-669
-477
-71
317
328
285
652
1339
1923
2410
2920
3149
2974
2434
1903
986
-2142
-6686
-8068
-4168
-161
-2101
-7874
-10669
-9449
-9436
-11105
-9303
-4518
-3144
-6741
-8998
-5852
-1643
-1071
-2084
-217
4095
7036
7395
7005
7587
8543
8661
8904
10876
13881
14753
11736
7502
5971
7289
7946
6373
4757
4301
3115
-293
-3702
-4240
-3361
-4429
-7041
-7725
-6030
-5505
-7751
-9994
-9564
-7734
-6765
-5973
-4016
-2086
-2231
-3718
-3715
-1364
1383
2693
2955
3361
3851
3730
3098
2953
3689
4292
3928
3203
2958
2553
1051
-731
-1328
-886
-875
-1571
-2032
-2476
-3754
-5088
-4906
-3594
-2873
-2933
-2764
-2322
-2312
-2392
-1588
-278
561
1004
1612
2270
2547
2589
2720
3006
3415
3843
4061
3840
3352
2890
2449
2074
1919
1906
1680
1150
542
-8
-437
-646
-593
-551
-692
-738
-641
-584
-463
-158
163
333
573
1014
1391
1517
1675
2112
2241
1777
776
-1974
-6284
-8136
-4666
-169
-1193
-6650
-9720
-8601
-8310
-10073
-8801
-4125
-2358
-5700
-8191
-5360
-1168
-690
-2081
-551
3711
6646
6937
6554
7076
7862
7785
7885
9809
12792
13854
11259
7303
5706
6874
7716
6447
4893
4467
3569
551
-2786
-3476
-2519
-3261
-5722
-6690
-5302
-4786
-6965
-9252
-8868
-6984
-6095
-5691
-4234
-2664
-2875
-4224
-4041
-1723
669
1659
1844
2249
2653
2489
2091
2349
3331
3857
3412
2860
2748
2342
915
-438
-405
103
-385
-1366
-1575
-1680
-2956
-4440
-4275
-2847
-2297
-2895
-2980
-2362
-2247
-2653
-2174
-550
663
742
659
1212
1899
2088
2140
2641
3445
3819
3544
3170
3037
2983
2772
2573
2685
2818
2455
1616
836
485
414
353
317
332
184
-228
-699
-905
-648
-99
342
501
564
711
873
880
936
1302
1522
1186
-175
-3412
-7112
-7395
-3430
-430
-2894
-7753
-9173
-7653
-7997
-9400
-7272
-3231
-3031
-6536
-7498
-3768
-478
-1056
-2113
291
4380
6341
6023
5808
6761
7580
7441
7847
10034
12535
12452
9290
6202
6040
7635
7765
6026
4737
4470
3094
-184
-2661
-2356
-1572
-3042
-5419
-5696
-4479
-5017
-7584
-8989
-7706
-5965
-5575
-5292
-4005
-3093
-3908
-4941
-3881
-1166
886
1351
1263
1452
1698
1791
1946
2469
3232
3692
3498
2882
2315
1761
933
195
266
810
573
-570
-1592
-2259
-2994
-3360
-2657
-1692
-1825
-2734
-3071
-2734
-2571
-2355
-1426
-315
110
51
182
566
919
1266
1812
2490
3031
3221
2992
2543
2272
2320
2507
2761
2952
2728
2008
1228
827
742
709
757
872
739
257
-196
-363
-282
-9
355
641
715
569
476
675
1056
1347
1241
805
67
-2117
-5841
-7699
-4818
-599
-1120
-6087
-9212
-8044
-7033
-8304
-7694
-3846
-1935
-4771
-7534
-5455
-1350
-270
-1490
-669
2796
5485
5673
4936
5265
6489
7180
7454
8667
10903
11897
9689
6088
4879
6735
8276
7190
5250
4487
3704
1061
-1891
-2208
-770
-1062
-3525
-5097
-4513
-4354
-6350
-8256
-7577
-5582
-4861
-5138
-4668
-3812
-4102
-5089
-4623
-2178
250
1000
584
294
423
570
853
1790
3143
3769
3084
1996
1550
1466
1013
631
1128
1768
1159
-333
-1225
-1419
-1875
-2343
-1852
-948
-1097
-2195
-2836
-2637
-2346
-2120
-1444
-517
-139
-419
-675
-438
144
771
1359
1909
2305
2355
2074
1825
1958
2361
2672
2804
2803
2567
2027
1450
1266
1477
1659
1547
1242
925
587
251
94
249
610
817
740
515
265
153
358
846
1263
1399
1182
623
-176
-2002
-5200
-7254
-5221
-1005
-321
-4602
-8630
-8484
-7149
-7822
-7536
-3925
-1300
-3701
-7527
-6791
-2572
-442
-1219
-778
2264
4617
4349
3398
3989
5662
6599
6841
7917
9926
10874
9035
5830
4576
6241
8163
7804
6082
4930
3856
1425
-1296
-1624
107
469
-1816
-4181
-4505
-4382
-5813
-7357
-6724
-4732
-4032
-4862
-5245
-4722
-4631
-5176
-4685
-2419
-57
693
15
-730
-724
-121
899
2285
3583
3790
2574
1247
1165
1891
2092
1769
1864
1956
1010
-304
-561
-223
-761
-1694
-1543
-762
-996
-2190
-2788
-2485
-2310
-2341
-1779
-819
-594
-1279
-1776
-1336
-359
423
872
1221
1404
1250
1027
1258
1969
2549
2604
2383
2221
2092
1870
1664
1719
1930
1953
1678
1317
1024
768
539
426
521
708
671
441
214
150
268
447
570
693
865
1003
999
910
704
244
-1185
-4007
-6206
-5027
-1451
-222
-3380
-7272
-7975
-6864
-6811
-6500
-3830
-1665
-3404
-6705
-6673
-3275
-729
-581
-342
1405
3017
3255
3075
3637
4929
6153
6771
7298
8352
9326
8664
6288
4745
5891
7946
7976
6100
4582
3713
1956
-330
-722
913
1360
-1048
-3859
-4588
-4270
-5020
-6133
-5697
-4359
-4348
-5643
-6211
-5513
-4975
-5146
-4761
-3085
-1379
-1011
-1570
-1826
-1315
-368
755
1980
2971
3176
2443
1370
888
1450
2580
3241
2983
2206
1252
177
-560
-308
512
616
-292
-1158
-1462
-1867
-2447
-2264
-1374
-1017
-1527
-1845
-1476
-1231
-1449
-1264
-253
680
822
623
692
970
1174
1411
2000
2720
2916
2402
1742
1609
2015
2381
2360
2199
2037
1573
837
417
603
947
880
498
213
69
-157
-438
-484
-208
107
219
159
98
115
134
252
567
934
910
-3
-2314
-5130
-5837
-3164
-142
-772
-4397
-6776
-6603
-6443
-6715
-4902
-1635
-1301
-4698
-7088
-5227
-1946
-732
-644
562
2179
2427
1850
2234
3879
5416
5902
5945
6651
7895
8260
6801
5012
5140
6839
7633
6667
5486
4846
3413
874
-431
886
2392
1250
-1572
-3275
-3522
-4077
-5028
-4727
-3329
-3101
-4701
-6132
-5887
-4971
-4700
-4591
-3669
-2442
-2053
-2441
-2595
-2057
-1204
-391
474
1451
2182
2190
1448
736
990
2085
2819
2615
2207
1981
1172
-192
-529
634
1368
462
-595
-630
-889
-2064
-2425
-1196
-449
-1407
-2268
-1698
-1126
-1641
-1895
-925
7
-87
-262
252
744
655
633
1201
1939
2287
2246
2030
1855
1902
2138
2335
2406
2326
1949
1362
998
1079
1279
1288
1089
732
247
-100
-108
11
-1
37
225
203
-170
-389
-136
174
195
246
627
880
618
117
-630
-2454
-4730
-4831
-1899
539
-910
-4454
-6108
-5855
-6066
-5921
-3290
-383
-1425
-5381
-7053
-4843
-2162
-1052
-94
1345
1599
348
-268
1124
3408
4975
5466
5397
5408
5778
6012
5547
5115
5846
7069
6969
5578
4678
4544
3567
1689
1119
2451
3117
1360
-1098
-2131
-2357
-3131
-3692
-2881
-1926
-2816
-4989
-6151
-5628
-4714
-4178
-3619
-3018
-3073
-3820
-4271
-3694
-2379
-1085
-312
-84
-69
31
170
336
848
1774
2477
2384
1858
1519
1318
1041
1087
1694
2138
1721
834
204
-180
-532
-515
56
477
19
-991
-1675
-1715
-1412
-1016
-552
-202
-331
-924
-1330
-967
-112
472
603
693
844
758
541
722
1340
1774
1707
1508
1482
1469
1328
1242
1358
1492
1387
1053
730
607
616
563
469
498
549
353
-20
-192
-76
65
75
78
136
145
74
50
158
356
578
698
270
-1314
-3535
-4354
-2586
-242
-329
-2628
-4370
-4781
-5380
-5818
-4011
-944
-554
-3572
-6001
-5166
-3027
-1841
-822
857
1608
287
-1226
-547
1958
4134
4871
4690
4432
4370
4334
4351
4898
6106
6935
6278
4800
4159
4417
4082
2937
2512
3154
3102
1479
-158
-532
-646
-1578
-2355
-1893
-1283
-2100
-3788
-4641
-4404
-4065
-3889
-3387
-2793
-2942
-3854
-4549
-4281
-3216
-2028
-1265
-1075
-1220
-1429
-1563
-1349
-413
998
1870
1602
810
418
522
803
1337
2109
2423
1762
774
429
688
868
867
967
916
293
-513
-704
-302
-49
-228
-451
-502
-610
-857
-930
-643
-289
-210
-304
-258
-74
-11
-43
159
645
1010
1005
877
879
930
940
1082
1427
1693
1618
1311
1039
945
1036
1238
1375
1282
1004
690
439
351
510
761
780
482
99
-148
-224
-128
78
164
-29
-323
-444
-405
-352
-241
-91
-459
-1846
-3467
-3644
-2099
-763
-1235
-2643
-3434
-3830
-4509
-4386
-2438
-449
-947
-3208
-4357
-3605
-2456
-1476
-41
1246
891
-778
-1626
-570
1441
3107
3907
3791
3005
2207
2045
2728
4082
5424
5644
4368
2811
2369
2833
3182
3394
3847
3773
2299
443
-32
718
1096
688
363
159
-749
-2089
-2542
-1872
-1270
-1436
-1842
-2067
-2434
-3006
-3214
-2773
-2127
-1826
-1932
-2198
-2357
-2302
-2109
-1830
-1349
-715
-385
-636
-989
-843
-355
-53
97
478
897
814
327
145
487
821
834
895
1189
1195
600
21
128
597
736
608
616
503
-118
-740
-589
76
376
164
-85
-313
-713
-921
-457
307
579
277
-49
-144
-105
142
695
1203
1217
845
579
634
845
1112
1414
1553
1336
915
657
672
792
881
912
793
448
26
-180
-129
-43
-87
-233
-420
-659
-876
-911
-741
-561
-544
-655
-768
-823
-810
-707
-533
-364
-274
-315
-540
-896
-1121
-979
-600
-322
-320
-557
-934
-1311
-1449
-1194
-718
-397
-486
-913
-1348
-1486
-1254
-757
-181
200
166
-207
-514
-411
80
697
1179
1368
1242
936
719
859
1397
2009
2246
2008
1602
1315
1186
1256
1615
2029
1989
1360
662
397
497
640
754
845
655
28
-632
-761
-392
-52
-37
-232
-526
-927
-1267
-1228
-800
-379
-335
-632
-980
-1166
-1150
-955
-631
-330
-274
-557
-965
-1130
-925
-573
-329
-223
-224
-379
-653
-798
-628
-295
-106
-136
-242
-326
-422
-487
-377
-97
109
59
-92
-117
-28
40
116
314
536
580
466
413
495
584
615
671
780
844
793
687
623
626
659
660
602
514
427
321
186
103
135
187
117
-49
-157
-171
-186
-218
-190
-118
-118
-178
-177
-106
-75
-95
-68
-3
5
-25
-19
0
-31
-63
-30
2
-49
-127
-144
-135
-168
-202
-197
-198
-248
-287
-260
-224
-241
-279
-277
-243
-225
-217
-190
-155
-138
-141
-138
-109
-71
-50
-63
-76
-40
30
50
-4
-54
-28
36
69
76
91
87
14
-82
-84
29
142
130
19
-55
-47
-24
-15
20
77
72
-2
-11
89
168
145
110
158
232
239
214
235
284
299
283
301
343
338
279
232
251
285
256
168
96
68
32
-49
-122
-117
-85
-149
-303
-388
-340
-292
-350
-413
-371
-303
-325
-359
-270
-123
-88
-153
-152
-20
108
132
123
166
231
232
184
192
279
331
264
149
121
167
177
111
45
31
34
2
-44
-46
-4
2
-78
-163
-165
-124
-125
-155
-138
-98
-124
-210
-262
-240
-191
-155
-139
-152
-197
-229
-204
-138
-74
-43
-54
-108
-154
-126
-20
78
86
19
-60
-100
-74
18
114
137
66
-28
-81
-55
53
182
229
169
100
104
145
177
228
306
342
292
223
196
187
179
196
241
259
203
86
-31
-82
-44
29
53
15
-44
-106
-177
-203
-138
-38
0
-28
-45
-29
-30
-49
-27
53
130
145
115
87
68
50
46
68
94
87
35
-46
-135
-205
-212
-167
-145
-185
-253
-307
-350
-380
-354
-269
-198
-196
-241
-278
-274
-211
-120
-54
-29
-21
-7
-10
-24
10
89
127
89
62
103
135
103
73
113
155
120
66
84
142
144
93
68
90
105
113
154
219
237
189
144
158
226
300
340
329
291
272
278
284
279
280
283
246
172
118
101
72
0
-71
-98
-108
-145
-194
-232
-277
-343
-388
-376
-338
-330
-361
-391
-400
-389
-349
-287
-237
-230
-238
-229
-197
-154
-110
-71
-37
-3
29
59
81
83
62
44
69
124
149
116
60
16
-12
-29
-23
-4
-12
-74
-152
-188
-166
-130
-106
-82
-53
-42
-58
-55
-4
56
79
84
129
197
222
193
167
179
195
199
213
238
228
154
59
22
60
113
127
105
79
55
17
-6
36
127
189
185
166
179
185
147
131
208
310
314
235
178
163
107
23
26
113
143
40
-92
-161
-202
-249
-246
-167
-109
-173
-309
-392
-377
-321
-264
-206
-164
-170
-228
-279
-254
-161
-75
-47
-65
-69
-59
-65
-77
-59
-11
15
-9
-43
-36
-6
-9
-55
-76
-46
-16
-23
-36
-25
-22
-54
-87
-66
-12
13
3
-9
-2
-3
-11
7
53
84
83
83
112
140
135
129
157
204
225
213
205
221
227
210
200
211
208
166
108
93
113
113
73
25
-3
-36
-79
-98
-72
-44
-66
-126
-159
-158
-147
-144
-120
-79
-76
-116
-142
-112
-68
-49
-43
-29
-30
-50
-49
-10
17
-1
-35
-44
-41
-43
-36
-24
-32
-66
-100
-116
-116
-96
-60
-42
-54
-66
-55
-39
-33
-4
59
106
98
80
101
134
133
122
138
153
123
85
90
103
59
-13
-32
-11
-19
-53
-49
-30
-65
-136
-140
-62
-4
-21
-46
-25
4
-1
-5
41
98
105
70
54
90
133
139
111
95
107
119
111
101
110
116
88
42
19
31
37
5
-28
-26
-14
-41
-98
-128
-116
-103
-113
-122
-107
-104
-146
-188
-171
-112
-75
-78
-82
-70
-77
-98
-90
-35
14
14
-2
-4
1
-3
-2
18
34
25
8
10
28
25
3
-13
-12
-6
0
14
34
35
8
-17
-11
21
50
63
66
63
49
37
43
60
73
74
66
54
40
31
28
22
11
-3
-15
-22
-26
-31
-41
-53
-60
-56
-48
-43
-36
-22
-17
-19
-15
16
55
67
57
62
80
87
78
84
106
106
71
39
39
42
22
-5
-10
-11
-46
-87
-89
-69
-75
-95
-90
-69
-80
-118
-123
-77
-34
-28
-35
-24
-14
-30
-43
-10
56
91
66
22
13
29
37
35
50
71
57
1
-33
-14
16
11
-19
-31
-24
-23
-36
-43
-33
-22
-22
-27
-16
5
15
6
-6
9
42
56
48
48
57
54
46
51
73
75
51
41
51
53
27
6
9
11
-11
-33
-34
-31
-49
-76
-82
-69
-71
-90
-99
-84
-62
-58
-60
-52
-37
-30
-23
-4
28
49
49
40
45
59
68
67
64
67
64
51
33
24
19
9
-6
-11
-3
-5
-28
-51
-53
-41
-31
-27
-20
-10
-17
-33
-32
-10
8
9
4
5
6
2
-5
2
13
16
8
3
6
11
11
8
11
13
13
10
11
10
7
6
8
7
4
4
3
-3
-9
-4
4
7
-1
-4
0
2
2
3
18
26
19
8
8
17
23
20
20
23
22
12
-2
-7
-5
-4
-6
-12
-19
-28
-41
-53
-53
-43
-35
-38
-46
-51
-48
-39
-30
-17
-4
1
1
3
14
29
35
36
39
40
42
38
35
33
29
24
17
11
3
-7
-16
-25
-30
-32
-33
-35
-39
-39
-38
-38
-34
-31
-26
-21
-14
0
11
15
15
14
16
21
30
41
46
38
28
24
25
26
26
28
30
24
15
11
13
13
8
4
7
9
5
-1
-5
-1
1
-1
0
2
3
1
-2
-1
4
7
4
-1
-4
-5
-5
-10
-13
-16
-15
-19
-22
-24
-24
-24
-26
-26
-24
-18
-20
-23
-23
-20
-17
-18
-17
-14
-12
-13
-14
-11
-5
-2
-1
2
4
8
14
20
24
24
25
27
25
26
26
28
28
25
22
20
18
13
6
4
3
3
2
-3
-6
-9
-12
-13
-9
-3
-2
-4
-6
-4
1
3
5
7
9
9
8
5
7
9
9
8
3
3
3
-5
-10
-11
-10
-9
-13
-16
-18
