-2
-1
-2
-1
1
-1
0
1
-1
0
0
1
-1
-3
-1
0
2
1
2
2
4
7
6
7
8
8
7
7
6
3
4
4
3
1
1
2
1
0
1
1
1
2
2
3
3
1
2
1
1
-1
-2
-2
-4
-5
-4
-4
-3
-2
-1
-1
-1
-1
0
-2
-1
-1
-1
-1
-2
-1
-1
0
0
1
3
1
2
3
2
1
2
1
0
-1
-1
-3
-3
-4
-7
-7
-7
-6
-6
-7
-6
-6
-7
-5
-5
-6
-5
-4
-3
-2
0
-1
0
1
2
3
4
3
4
5
5
4
4
5
4
3
4
5
4
4
6
6
7
9
8
8
7
8
7
7
5
7
5
3
2
2
1
1
0
0
-1
-2
-2
-4
-5
-5
-5
-7
-6
-5
-5
-6
-6
-6
-7
-8
-6
-6
-7
-7
-6
-7
-6
-5
-7
-5
-4
-3
-4
-2
-2
-3
-3
-1
0
0
1
2
4
3
2
4
3
4
5
7
6
5
5
4
4
4
4
5
4
4
3
4
4
3
3
3
2
2
2
5
2
3
3
3
2
0
2
1
-1
0
-1
-2
-3
-1
-2
-4
-5
-6
-5
-4
-4
-3
-4
-1
-1
-2
-1
-3
-3
-3
-2
-2
-1
-1
0
-1
-1
-2
-2
-2
-1
-1
-3
-1
-1
-1
0
0
1
2
3
4
3
2
1
2
2
0
0
1
-1
1
0
-1
0
-1
1
2
1
0
2
2
3
1
1
3
2
3
2
2
1
2
3
1
1
0
-1
-3
-4
-4
-5
-7
-6
-5
-3
-3
-4
-3
-2
-2
-1
1
0
1
2
3
3
2
3
2
3
2
2
2
2
0
1
0
-2
-2
-3
0
0
-1
-2
-1
0
-2
0
0
0
-1
-2
-1
0
0
1
2
1
2
2
3
3
3
1
1
3
2
2
1
0
-2
-1
-3
-3
-4
-2
-2
-4
-2
-3
-1
-1
-1
0
0
2
2
2
3
3
3
4
3
3
4
3
1
1
0
0
-1
-2
-2
-2
-4
-3
-4
-2
-4
-4
-3
-2
-2
-1
-1
-1
-1
0
1
-1
0
0
-1
-2
-1
-3
-3
-4
-5
-5
-3
-1
-1
-1
1
1
1
2
2
1
2
3
3
3
5
4
2
2
2
2
2
2
0
1
0
-1
1
-1
-1
0
-1
-2
-1
1
-1
0
2
2
3
3
4
3
4
4
3
2
3
2
1
0
0
0
0
0
1
0
0
-2
-2
-2
-2
-1
-3
-2
-2
-2
-1
-1
-1
-1
-2
-3
-2
-2
-4
-1
-4
-3
-3
-3
-3
-3
-1
-4
-2
-1
-1
-1
-1
0
-2
-1
-1
0
-1
-1
-1
-2
-2
-2
-2
-2
-3
-4
-2
-3
-3
-1
-1
-2
-1
-1
1
2
2
3
3
3
5
5
7
9
8
8
9
7
7
7
6
6
7
8
10
9
8
9
7
6
7
4
5
5
4
4
4
5
3
4
2
3
1
0
-1
-3
-4
-5
-8
-10
-10
-12
-12
-15
-16
-17
-18
-18
-19
-20
-19
-19
-20
-20
-21
-22
-19
-19
-17
-16
-15
-15
-13
-11
-11
-7
-5
-3
-2
0
4
7
10
10
13
13
21
37
36
40
41
47
71
76
79
82
80
101
113
108
111
103
113
130
123
119
113
109
119
114
104
98
88
92
91
80
72
60
55
51
38
24
12
-2
-18
-35
-53
-70
-89
-118
-150
-169
-197
-220
-255
-301
-324
-353
-378
-407
-465
-495
-516
-541
-557
-610
-649
-652
-669
-666
-688
-722
-703
-689
-662
-637
-639
-599
-544
-488
-420
-368
-297
-207
-116
-22
76
184
291
398
503
607
709
809
901
987
1069
1141
1207
1262
1308
1343
1368
1383
1383
1374
1352
1319
1276
1222
1159
1089
1013
930
841
752
659
564
470
377
285
196
109
23
-59
-139
-214
-287
-358
-423
-486
-544
-599
-651
-699
-743
-786
-825
-860
-893
-921
-948
-970
-989
-1005
-1021
-1035
-1047
-1058
-1067
-1076
-1082
-1085
-1083
-1079
-1074
-1067
-1058
-1049
-1037
-1023
-1002
-973
-937
-894
-841
-784
-721
-654
-578
-497
-408
-308
-202
-87
36
165
298
437
577
717
858
999
1135
1271
1401
1525
1641
1742
1830
1904
1959
1998
2020
2023
2011
1980
1928
1859
1770
1664
1544
1412
1270
1119
963
805
645
487
326
168
10
-145
-293
-433
-558
-670
-768
-855
-934
-1000
-1056
-1104
-1143
-1173
-1192
-1197
-1193
-1176
-1146
-1110
-1066
-1017
-967
-916
-866
-814
-762
-708
-652
-595
-540
-488
-444
-405
-373
-351
-336
-328
-324
-322
-320
-315
-306
-293
-283
-273
-267
-268
-272
-275
-273
-262
-245
-224
-202
-179
-158
-143
-134
-133
-142
-157
-178
-197
-210
-210
-196
-175
-149
-121
-95
-67
-39
3
59
131
213
307
412
522
637
753
869
982
1087
1188
1283
1372
1455
1533
1599
1647
1680
1692
1687
1667
1633
1582
1519
1440
1345
1236
1111
975
828
673
516
357
201
48
-103
-252
-397
-536
-674
-802
-920
-1024
-1113
-1189
-1251
-1304
-1344
-1372
-1393
-1403
-1403
-1391
-1368
-1339
-1300
-1255
-1202
-1148
-1090
-1026
-961
-893
-825
-756
-687
-620
-553
-487
-425
-360
-295
-232
-174
-113
-56
-1
48
94
140
182
218
253
283
309
332
351
366
379
388
389
390
388
388
389
390
390
386
377
364
352
338
324
309
285
259
230
196
153
103
50
2
-38
-80
-120
-155
-176
-195
-219
-242
-245
-227
-201
-172
-136
-75
-2
80
161
249
350
460
560
654
757
870
981
1073
1142
1193
1234
1261
1265
1250
1229
1205
1156
1072
966
860
766
662
539
402
269
133
-15
-165
-304
-426
-543
-665
-788
-900
-991
-1061
-1128
-1197
-1256
-1302
-1335
-1364
-1380
-1369
-1337
-1313
-1304
-1288
-1247
-1185
-1124
-1061
-978
-882
-795
-719
-640
-542
-432
-330
-244
-169
-86
6
96
173
249
334
415
462
473
487
532
576
587
575
577
591
592
568
540
529
526
508
451
360
296
302
332
314
270
279
320
297
203
159
206
249
221
192
228
281
288
272
283
296
277
247
229
201
163
150
161
138
66
3
-28
-74
-158
-234
-257
-258
-294
-351
-386
-394
-406
-432
-444
-435
-412
-383
-341
-282
-209
-128
-53
16
77
150
241
336
427
520
623
711
759
784
818
849
840
802
782
781
746
655
551
467
372
246
127
37
-46
-158
-295
-429
-549
-648
-717
-763
-811
-865
-914
-941
-947
-933
-900
-861
-839
-840
-840
-810
-751
-683
-619
-559
-505
-459
-419
-367
-304
-243
-177
-114
-56
-12
16
38
52
73
117
183
247
291
323
344
343
326
324
359
405
429
442
469
493
481
446
418
396
363
327
314
319
326
330
337
329
291
246
203
124
2
-95
-99
-33
24
45
54
51
-5
-102
-163
-150
-113
-108
-123
-126
-122
-126
-124
-109
-97
-98
-103
-92
-82
-73
-43
8
45
37
19
32
59
66
72
114
171
194
176
168
185
197
184
184
204
207
185
167
163
140
92
68
84
94
82
71
69
27
-57
-122
-125
-98
-82
-73
-76
-114
-185
-238
-248
-242
-245
-243
-247
-278
-323
-342
-334
-337
-361
-376
-362
-334
-305
-271
-243
-239
-251
-245
-208
-171
-150
-131
-105
-85
-73
-53
-31
-16
-6
27
88
131
119
74
35
6
-25
-42
-19
35
90
140
181
196
173
144
139
148
156
183
247
325
372
369
329
266
205
188
235
327
413
450
426
358
274
181
89
21
2
37
77
74
24
-43
-113
-173
-215
-231
-227
-223
-249
-315
-405
-471
-508
-515
-491
-429
-347
-297
-308
-353
-401
-456
-518
-575
-612
-617
-585
-543
-533
-573
-619
-631
-625
-617
-602
-540
-442
-347
-269
-191
-83
31
144
279
437
620
803
960
1087
1196
1320
1444
1564
1653
1717
1778
1819
1840
1827
1798
1770
1744
1693
1594
1508
1461
1444
1435
1373
1254
1068
844
629
407
130
-224
-623
-1048
-1489
-1928
-2346
-2729
-3042
-3269
-3485
-3719
-3842
-3719
-3403
-3016
-2573
-2066
-1548
-1071
-678
-461
-473
-580
-589
-464
-300
-210
-301
-614
-1004
-1309
-1597
-1982
-2313
-2360
-2153
-1845
-1377
-607
413
1512
2596
3592
4377
4928
5366
5807
6229
6561
6778
6837
6692
6362
5895
5270
4466
3567
2702
1881
1026
124
-741
-1512
-2218
-2884
-3488
-3987
-4394
-4740
-5035
-5231
-5255
-5109
-4879
-4637
-4373
-4077
-3813
-3642
-3526
-3348
-3053
-2700
-2354
-1993
-1572
-1105
-621
-160
268
693
1149
1613
2013
2326
2596
2824
2953
2960
2881
2765
2598
2324
1931
1482
1022
538
12
-505
-939
-1287
-1600
-1876
-2031
-2004
-1837
-1605
-1340
-1044
-773
-666
-888
-1541
-2616
-3806
-4431
-3889
-2244
-141
1842
3549
5017
6226
7163
7878
8380
8644
8705
8643
8426
8013
7497
6988
6446
5758
4895
3914
2896
1870
828
-233
-1265
-2222
-3083
-3837
-4470
-4980
-5396
-5787
-6170
-6522
-6864
-7237
-7660
-8095
-8485
-8723
-8705
-8428
-7981
-7399
-6604
-5652
-4776
-4086
-3418
-2693
-2052
-1536
-984
-404
-3
197
351
546
820
1272
1855
2279
2375
2318
2285
2250
2182
2191
2306
2431
2554
2731
2952
3206
3599
4199
4933
5668
6327
6825
7093
7192
7237
7238
7151
6984
6777
6532
6222
5838
5320
4618
3797
2952
2062
1065
-29
-1154
-2293
-3448
-4536
-5472
-6237
-6876
-7398
-7762
-7900
-7777
-7409
-6857
-6178
-5428
-4636
-3784
-2875
-2002
-1249
-649
-211
61
220
328
405
452
484
520
536
533
554
616
689
756
862
1009
1126
1172
1161
1085
881
492
-82
-779
-1476
-2031
-2407
-2663
-2846
-2978
-3110
-3295
-3574
-3969
-4363
-4525
-4406
-4278
-4338
-4462
-4493
-4419
-4189
-3659
-2795
-1720
-505
893
2461
4067
5572
6827
7684
8148
8309
8183
7824
7407
7049
6701
6294
5806
5206
4434
3459
2358
1315
571
232
204
546
1638
3483
5289
6323
6612
6547
6470
6616
6840
6607
5594
4048
2424
1046
197
164
750
1182
829
-294
-1791
-3288
-4599
-5704
-6561
-7121
-7514
-7923
-8290
-8411
-8249
-7903
-7412
-6742
-5969
-5221
-4583
-4167
-4071
-4181
-4227
-4143
-4041
-3916
-3651
-3275
-2962
-2768
-2601
-2393
-2172
-1989
-1813
-1561
-1192
-762
-342
62
396
439
22
-688
-1302
-1583
-1585
-1433
-1146
-736
-345
-95
124
528
1098
1579
1890
2208
2623
3021
3342
3697
4122
4485
4694
4794
4846
4843
4800
4753
4686
4594
4590
4811
5205
5601
5937
6235
6409
6338
6124
5979
5912
5772
5512
5185
4733
4058
3216
2362
1534
657
-287
-1203
-2003
-2683
-3246
-3659
-3942
-4227
-4586
-4904
-5063
-5099
-5091
-4997
-4778
-4522
-4331
-4231
-4268
-4475
-4668
-4580
-4194
-3753
-3388
-2984
-2437
-1882
-1457
-1064
-552
29
546
1021
1508
1884
1987
1886
1783
1758
1754
1758
1800
1832
1708
1372
962
632
381
117
-191
-547
-955
-1404
-1845
-2301
-2824
-3338
-3705
-3910
-4006
-3973
-3764
-3460
-3198
-3004
-2820
-2611
-2425
-2321
-2268
-2133
-1842
-1459
-1029
-482
218
975
1680
2360
3081
3771
4231
4405
4437
4361
3982
3329
2912
3072
3360
3153
2614
2361
2377
2142
1736
1842
2508
2918
2646
2232
2128
1988
1501
1043
983
1063
995
980
1197
1409
1466
1584
1813
1838
1576
1422
1580
1682
1398
953
647
305
-356
-1103
-1513
-1692
-2102
-2829
-3534
-4108
-4761
-5544
-6224
-6760
-7401
-8206
-8847
-9093
-9164
-9275
-9257
-8903
-8348
-7648
-6462
-4643
-2679
-1010
574
2331
3965
5215
6380
7744
9010
9824
10366
10946
11443
11579
11452
11314
11125
10698
10112
9573
9017
8239
7254
6234
5160
3931
2671
1570
543
-623
-1863
-2962
-3931
-4912
-5837
-6497
-6916
-7335
-7806
-8148
-8305
-8463
-8745
-9009
-9108
-9115
-9091
-8874
-8366
-7766
-7274
-6779
-6127
-5451
-4894
-4294
-3476
-2586
-1797
-999
-69
862
1672
2477
3376
4258
5002
5630
6131
6407
6470
6480
6536
6580
6577
6578
6553
6294
5682
4850
3841
2477
932
5
86
284
-477
-1855
-2744
-3165
-3996
-5024
-5013
-3913
-3256
-3856
-4694
-4730
-4400
-4435
-4479
-3854
-2820
-2067
-1565
-816
224
1227
2122
3005
3771
4384
5123
6032
6614
6559
6302
6304
6347
6119
5952
6266
6680
6473
5641
4821
4296
3759
3029
2337
1828
1233
266
-953
-2131
-3184
-4186
-5079
-5694
-6014
-6194
-6357
-6520
-6653
-6633
-6257
-5559
-4902
-4544
-4333
-4105
-4070
-4379
-4686
-4600
-4287
-4106
-3967
-3530
-2836
-2191
-1611
-837
200
1293
2293
3216
4044
4639
4926
4954
4807
4552
4268
4017
3760
3396
2931
2466
2029
1560
1106
817
691
526
230
-47
-190
-319
-522
-650
-560
-374
-269
-199
-57
84
113
140
331
635
896
1104
1312
1443
1430
1365
1358
1404
1455
1494
1464
1293
1037
820
633
379
67
-156
-278
-452
-784
-1325
-2404
-4379
-6618
-7424
-6057
-4257
-4278
-5845
-6907
-7109
-7884
-9010
-8209
-5141
-2783
-3185
-4525
-4273
-2877
-2081
-1570
105
2554
4051
4313
4669
5789
7006
7783
8351
8951
9564
10306
11170
11598
11150
10302
9762
9367
8640
7946
7938
8093
7119
4889
2729
1556
851
-84
-1010
-1554
-2191
-3579
-5425
-6813
-7348
-7424
-7578
-8016
-8618
-9076
-9153
-8990
-8920
-8950
-8782
-8358
-7895
-7321
-6295
-4945
-3945
-3588
-3335
-2574
-1379
-186
857
1811
2526
2786
2786
2999
3602
4290
4718
4823
4686
4384
4059
3825
3635
3362
3002
2600
2113
1542
1012
602
166
-426
-1029
-1383
-1482
-1561
-1759
-1965
-2091
-2206
-2328
-2269
-1904
-1424
-1090
-881
-630
-308
26
424
984
1601
2048
2287
2490
2753
3009
3226
3442
3603
3587
3454
3368
3331
3218
3020
2806
2566
2256
1923
1628
1352
1074
776
325
-638
-2551
-5207
-7144
-6713
-4507
-3401
-4996
-7440
-8460
-8779
-9887
-10345
-7924
-4322
-3530
-5814
-7355
-6146
-4272
-3505
-2483
33
2436
2922
2461
3063
4747
6148
6857
7501
8366
9236
10009
10529
10399
9655
8976
8739
8545
8140
7951
8034
7400
5323
2734
1217
955
762
3
-867
-1645
-2954
-4977
-6717
-7213
-6782
-6452
-6738
-7452
-8204
-8675
-8683
-8337
-7896
-7436
-6916
-6425
-6002
-5341
-4204
-2977
-2247
-1914
-1280
-60
1261
2227
2922
3504
3805
3796
3934
4597
5461
5901
5743
5277
4771
4347
4101
4029
3928
3554
2879
2043
1210
533
92
-229
-657
-1254
-1826
-2204
-2466
-2753
-3012
-3113
-3097
-3087
-3022
-2746
-2321
-2018
-1918
-1769
-1345
-741
-144
406
918
1306
1500
1651
1953
2388
2772
3036
3180
3177
3059
2971
2979
2970
2861
2689
2510
2274
1976
1683
1443
1224
974
641
120
-992
-3290
-6311
-7874
-6274
-3371
-2954
-5665
-8176
-8583
-8895
-10290
-9949
-6100
-2486
-3317
-6674
-7481
-5160
-3208
-2670
-1084
2069
4022
3501
2837
4106
6275
7570
8102
8866
9874
10679
11237
11470
11008
10055
9420
9332
9179
8748
8514
8266
6855
4022
1390
466
689
456
-604
-1783
-2996
-4846
-7067
-8361
-8113
-7258
-7084
-7809
-8722
-9215
-9377
-9558
-9612
-8954
-7624
-6597
-6462
-6421
-5523
-4222
-3535
-3215
-2176
-397
1014
1576
1955
2644
3264
3470
3681
4418
5454
6068
5932
5381
4885
4609
4478
4405
4354
4255
3915
3130
2010
1062
669
582
284
-258
-703
-1029
-1561
-2276
-2697
-2593
-2301
-2189
-2190
-2056
-1815
-1700
-1716
-1580
-1116
-464
122
540
839
1078
1276
1453
1676
2040
2515
2879
2948
2826
2722
2668
2562
2433
2398
2433
2348
2047
1651
1331
1089
817
514
325
241
-15
-746
-2208
-4644
-7399
-8430
-6457
-3605
-3516
-6391
-8772
-9041
-9326
-10422
-9418
-5203
-1981
-3383
-6664
-6943
-4394
-2590
-1978
-77
3093
4672
3885
3311
4738
6867
7964
8331
9027
10044
10801
11138
11078
10522
9654
8983
8698
8500
8231
8010
7467
5781
3007
615
-161
148
89
-823
-2024
-3333
-5185
-7266
-8318
-7789
-6739
-6544
-7351
-8277
-8680
-8690
-8599
-8308
-7595
-6646
-5926
-5602
-5254
-4460
-3465
-2805
-2400
-1573
-101
1350
2128
2421
2728
3055
3189
3390
4080
5078
5649
5411
4705
4092
3794
3710
3685
3663
3526
3071
2216
1218
491
201
100
-152
-562
-948
-1276
-1674
-2102
-2353
-2352
-2261
-2191
-2082
-1883
-1704
-1645
-1637
-1524
-1178
-619
-25
401
662
893
1127
1287
1458
1867
2465
2873
2882
2733
2709
2718
2580
2417
2416
2446
2278
1973
1728
1565
1351
1058
741
506
425
436
296
-268
-1622
-4123
-7028
-8103
-6023
-3086
-2943
-5670
-7897
-8337
-9072
-10458
-9365
-4996
-1801
-3244
-6428
-6724
-4538
-3158
-2666
-644
2571
4070
3250
2721
4108
6077
7011
7271
7948
9089
10046
10525
10581
10172
9344
8481
7975
7835
7900
8039
7805
6377
3667
1040
-32
209
288
-404
-1305
-2325
-4141
-6506
-7865
-7405
-6294
-6079
-6822
-7548
-7820
-7951
-8090
-7886
-7115
-6191
-5702
-5539
-5014
-3927
-2977
-2705
-2614
-1932
-688
553
1554
2390
2939
2973
2674
2636
3287
4409
5282
5365
4799
4111
3573
3180
3011
3186
3452
3267
2460
1476
815
465
103
-341
-651
-774
-958
-1345
-1764
-2043
-2243
-2447
-2541
-2363
-1955
-1532
-1294
-1297
-1431
-1438
-1112
-514
116
627
1024
1248
1232
1151
1353
1886
2401
2640
2712
2770
2734
2527
2314
2289
2387
2403
2279
2104
1910
1648
1309
990
807
733
655
426
-370
-2452
-5613
-7736
-6707
-3801
-2765
-4776
-6969
-7416
-8031
-10049
-10470
-6891
-2693
-2601
-5495
-6541
-4796
-3456
-3478
-2259
1016
3532
3450
2698
3588
5522
6691
6954
7401
8387
9406
10134
10552
10514
9921
9033
8211
7566
7224
7391
7769
7299
5266
2471
538
-11
-145
-671
-1240
-1601
-2597
-4824
-7134
-7855
-7094
-6467
-6786
-7313
-7342
-7275
-7633
-8011
-7707
-6854
-6208
-5961
-5494
-4424
-3260
-2662
-2512
-2176
-1375
-337
709
1740
2677
3269
3341
3081
3022
3563
4474
5107
5163
4901
4550
4009
3318
2895
2957
3113
2831
2126
1405
857
316
-303
-798
-1007
-1087
-1293
-1626
-1893
-2038
-2201
-2439
-2580
-2435
-2046
-1616
-1292
-1100
-988
-864
-646
-309
145
716
1305
1696
1805
1856
2076
2361
2512
2613
2846
3070
3002
2711
2521
2494
2400
2145
1902
1792
1709
1507
1198
894
636
389
-12
-1050
-3241
-6005
-7352
-6050
-3856
-3672
-5603
-7108
-7369
-8301
-10183
-10034
-6550
-3253
-3592
-5779
-5969
-4223
-3332
-3439
-2073
1038
3220
3185
2822
3954
5819
6836
6994
7325
8192
9132
9809
10275
10491
10251
9514
8496
7483
6825
6849
7310
7181
5648
3263
1352
359
-413
-1326
-1812
-1759
-2270
-4109
-6258
-7172
-6894
-6737
-7211
-7555
-7279
-6972
-7191
-7496
-7171
-6415
-6076
-6303
-6184
-5045
-3472
-2461
-2042
-1548
-886
-490
-233
548
1952
3248
3835
3813
3626
3614
3874
4231
4453
4559
4636
4465
3826
3071
2749
2751
2460
1730
1079
832
677
235
-369
-820
-1146
-1590
-2094
-2301
-2090
-1800
-1802
-2060
-2291
-2308
-2115
-1797
-1427
-1020
-568
-180
-4
51
315
880
1408
1644
1807
2161
2555
2702
2659
2678
2768
2737
2563
2450
2506
2577
2459
2163
1815
1493
1223
1038
908
755
433
-539
-2672
-5323
-6534
-5363
-3641
-3708
-5116
-5799
-5856
-7167
-9282
-9255
-6433
-3991
-4232
-5358
-4872
-3440
-3031
-3260
-2260
0
1731
2176
2465
3657
5340
6456
6685
6604
6846
7483
8192
8767
9232
9521
9336
8466
7114
5861
5305
5504
5723
5100
3689
2343
1392
252
-1254
-2245
-2217
-2168
-3185
-4715
-5430
-5294
-5427
-6194
-6767
-6625
-6338
-6485
-6687
-6253
-5312
-4731
-4959
-5390
-5128
-4178
-3314
-2798
-2061
-880
22
112
-20
471
1466
2255
2605
2872
3290
3705
3887
3826
3729
3774
3838
3605
3086
2734
2801
2901
2524
1780
1188
882
519
-35
-416
-395
-324
-635
-1203
-1562
-1572
-1523
-1620
-1728
-1655
-1463
-1342
-1315
-1232
-981
-667
-483
-433
-303
54
495
788
939
1121
1375
1555
1599
1640
1800
1993
2038
1923
1792
1735
1700
1608
1470
1328
1203
1073
901
667
359
-191
-1282
-2794
-3855
-3763
-3074
-2968
-3548
-3894
-3851
-4354
-5538
-6088
-5221
-4009
-3756
-4090
-3832
-2918
-2256
-2104
-1776
-894
27
450
669
1360
2620
3861
4560
4781
4885
5034
5201
5404
5717
6094
6393
6476
6210
5566
4819
4377
4240
3926
3202
2478
2105
1769
1047
208
-226
-414
-990
-2010
-2822
-3041
-3026
-3233
-3580
-3752
-3790
-4011
-4466
-4791
-4713
-4428
-4278
-4274
-4171
-3890
-3588
-3343
-3052
-2651
-2215
-1840
-1528
-1197
-735
-127
458
824
1012
1237
1556
1819
1982
2193
2502
2715
2665
2466
2338
2330
2310
2200
2042
1882
1691
1431
1133
873
704
597
437
139
-199
-397
-449
-522
-688
-820
-835
-837
-905
-927
-789
-594
-501
-507
-458
-297
-107
50
214
412
588
702
797
934
1088
1196
1240
1250
1255
1269
1288
1281
1217
1087
920
773
693
677
644
522
295
-64
-636
-1388
-2036
-2283
-2218
-2241
-2496
-2699
-2677
-2712
-3065
-3464
-3490
-3241
-3146
-3236
-3110
-2607
-2073
-1803
-1644
-1322
-888
-570
-365
-36
525
1154
1649
2011
2362
2713
2973
3139
3311
3524
3700
3808
3888
3918
3828
3663
3541
3429
3187
2827
2504
2254
1918
1440
998
719
472
84
-391
-771
-1042
-1344
-1695
-1954
-2053
-2111
-2272
-2513
-2700
-2776
-2803
-2823
-2784
-2656
-2516
-2436
-2368
-2281
-2249
-2269
-2161
-1850
-1518
-1272
-949
-486
-145
-67
14
319
639
770
867
1094
1320
1404
1457
1576
1672
1669
1615
1520
1364
1232
1219
1249
1189
1052
918
784
592
368
187
71
-30
-163
-318
-439
-497
-500
-483
-476
-484
-475
-436
-388
-347
-252
-60
141
236
261
352
487
542
519
562
709
840
889
911
931
883
761
654
610
583
531
472
425
369
274
139
-37
-300
-692
-1173
-1579
-1742
-1711
-1712
-1856
-1992
-2023
-2109
-2368
-2590
-2531
-2343
-2350
-2503
-2469
-2179
-1877
-1676
-1416
-1030
-690
-519
-404
-161
232
677
1077
1426
1761
2084
2350
2538
2713
2905
3035
3056
3043
3063
3076
3055
3060
3072
2931
2578
2191
1903
1626
1268
951
772
590
259
-126
-405
-602
-829
-1092
-1320
-1501
-1669
-1824
-1945
-1991
-1961
-1926
-1972
-2086
-2158
-2139
-2090
-2045
-1939
-1748
-1553
-1437
-1360
-1220
-987
-735
-544
-392
-225
-45
100
212
349
517
646
689
680
683
719
778
821
820
791
765
735
664
577
555
612
668
651
587
545
542
543
536
556
622
688
697
667
653
665
661
628
600
604
635
681
715
712
683
657
629
578
533
512
475
390
280
171
61
-40
-116
-184
-276
-363
-417
-491
-628
-771
-858
-903
-950
-991
-1026
-1115
-1321
-1650
-2028
-2308
-2383
-2324
-2287
-2293
-2223
-2109
-2143
-2321
-2387
-2231
-2045
-1969
-1858
-1563
-1191
-896
-649
-347
-12
258
469
688
942
1243
1586
1935
2223
2438
2632
2822
2968
3061
3129
3182
3193
3143
3038
2913
2830
2783
2654
2361
2007
1721
1440
1065
694
488
367
125
-250
-583
-806
-1020
-1268
-1457
-1530
-1555
-1624
-1705
-1723
-1667
-1586
-1500
-1387
-1266
-1179
-1098
-967
-808
-686
-576
-384
-147
16
107
232
389
466
464
515
646
759
800
823
850
838
782
704
612
507
423
343
216
38
-122
-245
-396
-589
-740
-811
-876
-1005
-1148
-1238
-1284
-1314
-1319
-1308
-1310
-1302
-1220
-1086
-998
-962
-890
-761
-669
-623
-515
-302
-103
-17
29
121
233
296
330
398
497
587
648
694
742
789
819
794
747
732
756
785
802
834
851
788
624
361
1
-375
-600
-609
-566
-620
-705
-705
-721
-911
-1159
-1205
-1060
-997
-1091
-1113
-915
-655
-491
-318
-4
344
544
614
702
886
1156
1485
1848
2190
2444
2576
2605
2590
2597
2637
2682
2693
2642
2499
2297
2134
2023
1847
1539
1194
895
553
117
-268
-464
-569
-777
-1104
-1404
-1618
-1805
-1997
-2148
-2224
-2273
-2361
-2491
-2599
-2622
-2572
-2488
-2408
-2349
-2318
-2269
-2151
-1990
-1872
-1804
-1686
-1480
-1277
-1122
-908
-577
-256
-83
5
154
358
509
595
709
884
1055
1150
1177
1186
1199
1183
1107
1010
963
978
987
939
862
802
749
669
565
469
389
330
298
288
283
295
343
394
388
327
318
397
471
467
460
545
662
701
678
697
746
741
689
668
683
682
652
618
579
533
499
469
421
358
315
282
200
15
-324
-855
-1476
-1908
-1985
-1909
-1968
-2113
-2120
-2094
-2356
-2824
-3021
-2797
-2552
-2594
-2665
-2427
-1984
-1631
-1366
-983
-498
-153
-46
15
265
764
1376
1931
2355
2677
2920
3051
3097
3176
3352
3532
3595
3515
3345
3166
3050
2982
2807
2420
1955
1572
1205
731
299
126
82
-185
-722
-1232
-1536
-1760
-2023
-2227
-2254
-2186
-2212
-2396
-2591
-2626
-2548
-2533
-2605
-2574
-2353
-2121
-2002
-1862
-1565
-1228
-1089
-1170
-1260
-1127
-748
-295
71
384
722
970
995
938
1076
1379
1573
1579
1574
1664
1770
1813
1779
1665
1499
1320
1100
835
669
714
812
707
426
200
82
-77
-287
-393
-350
-320
-409
-524
-544
-474
-393
-358
-374
-397
-355
-232
-84
44
202
416
598
654
625
652
767
851
822
764
797
880
898
839
820
874
880
744
501
147
-476
-1435
-2388
-2791
-2585
-2333
-2455
-2707
-2781
-2978
-3673
-4419
-4443
-3815
-3352
-3344
-3237
-2664
-1995
-1636
-1386
-865
-160
352
620
1009
1804
2845
3727
4255
4544
4740
4823
4800
4862
5144
5500
5681
5600
5274
4729
4127
3687
3356
2834
2091
1470
1091
621
-85
-691
-991
-1344
-2117
-3043
-3595
-3701
-3725
-3841
-3887
-3793
-3786
-4044
-4360
-4357
-3968
-3505
-3230
-3064
-2826
-2516
-2200
-1817
-1328
-902
-701
-611
-412
-48
427
974
1451
1643
1558
1451
1471
1561
1715
1966
2155
2072
1804
1609
1527
1431
1312
1226
1077
801
552
466
448
382
288
162
-68
-330
-405
-261
-89
-1
57
84
12
-93
-49
162
375
501
601
702
766
813
918
1065
1157
1181
1222
1328
1456
1548
1585
1548
1431
1261
1098
1015
1046
1153
1178
993
608
-46
-1343
-3410
-5329
-5748
-4709
-3873
-4276
-5026
-5161
-5509
-7008
-8419
-7814
-5693
-4355
-4463
-4429
-3293
-2088
-1817
-1802
-944
582
1754
2304
3030
4571
6366
7272
7030
6544
6598
6986
7287
7691
8410
8891
8450
7192
5742
4510
3721
3481
3395
2770
1602
605
-59
-1045
-2461
-3423
-3545
-3736
-4675
-5566
-5381
-4566
-4383
-5036
-5557
-5377
-4993
-4858
-4507
-3345
-1839
-1136
-1537
-2064
-1767
-817
54
656
1258
1823
1970
1664
1392
1592
2114
2384
2066
1549
1459
1754
1775
1265
702
388
-24
-691
-1049
-740
-288
-387
-1010
-1647
-1974
-1977
-1736
-1405
-1110
-881
-750
-829
-977
-788
-198
303
384
372
677
1127
1326
1339
1453
1618
1584
1445
1520
1896
2265
2340
2112
1812
1658
1710
1856
1927
1919
1897
1817
1528
1146
977
1142
1305
1266
1151
1029
637
-213
-1731
-4209
-6898
-7702
-5731
-3490
-3857
-5997
-6982
-7019
-8477
-10487
-9352
-5115
-2310
-3189
-4631
-3577
-1477
-900
-1116
269
3158
5328
5716
5784
7139
9104
9525
8055
6927
7906
9789
10420
9883
9552
9099
7153
4331
2731
2889
3324
2980
1944
292
-1948
-3880
-4747
-5178
-5909
-6347
-5972
-5765
-6609
-7505
-7131
-6207
-6314
-7131
-6797
-4834
-2818
-2062
-1962
-1385
-573
-565
-1095
-609
1430
3542
4107
3372
2703
2516
2203
1717
1878
2867
3549
2917
1475
490
279
99
-520
-1111
-1117
-821
-935
-1498
-1865
-1816
-1897
-2384
-2591
-1837
-590
82
-67
-372
-371
-199
41
607
1575
2445
2647
2238
1811
1815
2146
2400
2434
2425
2460
2343
1945
1505
1314
1262
1068
785
697
855
967
781
395
96
43
190
357
479
647
775
651
386
368
618
615
96
-754
-2520
-5864
-8796
-7908
-3938
-2190
-5088
-8447
-8412
-7702
-9602
-10775
-7123
-2134
-1940
-5413
-6137
-2633
275
-58
-503
1830
5238
6744
6446
6956
9162
10502
8907
6623
7472
11004
12844
11161
8837
8102
7162
4651
2912
3735
4965
3851
1038
-1240
-2584
-3711
-4570
-4953
-5447
-6195
-6372
-6002
-6122
-6851
-7096
-6579
-6330
-6472
-5557
-3021
-755
-689
-1933
-2143
-762
630
1072
1664
3319
4684
4034
2231
1666
2532
2799
1841
1471
2496
3031
1674
-240
-1044
-1105
-1487
-1996
-1884
-1253
-996
-1749
-3050
-3714
-3175
-2310
-2083
-1976
-1122
-260
-524
-1263
-993
136
860
1026
1517
2425
2818
2377
1825
1767
2074
2403
2593
2671
2608
2235
1492
711
367
542
770
737
643
544
218
-239
-423
-174
244
561
819
1014
917
667
625
796
1100
1530
1898
1878
1374
693
-323
-3000
-7024
-8636
-5386
-1225
-1858
-6399
-8815
-7768
-8049
-10552
-9769
-4346
-889
-3338
-6566
-4814
-586
462
-1169
-474
3551
7076
7622
7019
7936
9574
9052
6711
6562
10207
13671
12715
8923
6777
6723
5610
3313
2874
4414
4439
1442
-1874
-3106
-3380
-4551
-6154
-6777
-6410
-5914
-5788
-6249
-7099
-7765
-7801
-7191
-6098
-4341
-2116
-632
-966
-2215
-2229
-498
1412
2312
2969
4315
5009
3516
1483
1767
3664
3855
2119
1460
2643
2721
547
-1117
-912
-912
-2068
-2569
-1689
-1208
-2074
-3267
-3916
-3986
-3367
-2165
-1467
-1529
-1375
-935
-1042
-1194
-161
1376
1771
1470
1910
2740
2668
2109
2332
2916
2913
2713
3000
3162
2476
1493
1024
960
895
799
727
433
-111
-607
-898
-916
-574
-180
-82
-168
-56
241
346
318
613
1241
1616
1679
1855
2149
2138
1612
913
-37
-2683
-6469
-7579
-4005
-412
-2264
-7406
-9323
-7519
-7555
-9804
-8508
-3505
-1576
-5015
-7409
-4207
42
83
-1856
-382
4074
6958
6869
6367
7557
8817
7882
6430
7873
11884
13701
10854
6957
6043
6871
5851
3780
3696
4663
3371
-194
-2558
-2545
-2793
-4761
-6626
-6529
-5446
-5193
-5923
-6883
-7547
-7859
-7551
-6360
-4613
-2869
-1788
-1797
-2456
-2491
-1102
845
2035
2502
3242
4314
4473
3292
2124
2358
3389
3563
2919
2614
2174
319
-1935
-2036
-477
-325
-1973
-2955
-2711
-3150
-4164
-3923
-2929
-2917
-3381
-2699
-1505
-1289
-1415
-1014
-578
-316
681
2272
2930
2649
2521
2576
2458
2758
3871
4464
3768
2942
2751
2536
1860
1579
1804
1488
571
-50
-75
-243
-878
-1410
-1525
-1285
-942
-721
-726
-794
-673
-502
-216
511
1372
1673
1391
1315
1790
2251
2358
2357
2275
1733
-106
-3769
-7158
-6501
-2141
-129
-3812
-8369
-8344
-6413
-7931
-10171
-7478
-2797
-2994
-6815
-6765
-2045
559
-1513
-2963
342
5053
6840
6379
6541
7903
8156
6710
6388
9193
12691
12507
8902
6332
6764
7255
5306
3355
3689
4159
2150
-949
-2084
-1950
-3267
-5870
-7128
-6028
-4761
-5106
-6425
-7402
-7680
-7677
-7164
-5721
-3777
-2370
-2117
-2421
-2318
-1346
115
1240
1904
2626
3697
4326
3685
2644
2636
3370
3293
2504
2539
2967
1909
-270
-1144
-576
-830
-2011
-2229
-1625
-2120
-3526
-3872
-3325
-3341
-3483
-2620
-1485
-1333
-1546
-1235
-792
-457
347
1573
2247
2354
2631
2799
2519
2514
3227
3723
3376
3069
3239
2992
2017
1360
1427
1298
660
229
221
23
-652
-1317
-1526
-1423
-1271
-1117
-881
-592
-503
-715
-783
-230
689
1256
1376
1531
1757
1772
1750
2067
2511
2414
1798
902
-1328
-5219
-7706
-5497
-1370
-1571
-6193
-9045
-7682
-6991
-9396
-9779
-5690
-2662
-4687
-7156
-4717
-482
-6
-2209
-1673
2648
6432
7304
6890
7351
8317
7957
6913
7785
11065
13292
11457
7806
6357
7186
6839
4497
3205
3809
3568
994
-1617
-2229
-2572
-4584
-6888
-6979
-5353
-4686
-5690
-6983
-7579
-7729
-7530
-6430
-4572
-2939
-2166
-2062
-2089
-1762
-712
724
1751
2303
3086
3952
3844
2900
2590
3139
3093
2272
2189
2915
2524
634
-750
-872
-1130
-1961
-2072
-1454
-1748
-3056
-3809
-3553
-3336
-3348
-2819
-1961
-1565
-1603
-1447
-1018
-559
82
803
1360
1859
2427
2749
2559
2438
2827
3238
3238
3184
3372
3198
2375
1632
1472
1469
1114
667
458
232
-311
-965
-1249
-1109
-917
-902
-918
-768
-578
-499
-368
78
748
1237
1357
1324
1446
1749
2004
2066
2117
2232
2030
1280
-452
-3819
-7250
-7214
-3338
-945
-3862
-8289
-8903
-7356
-8440
-10228
-7735
-3346
-3113
-6275
-6334
-2237
234
-1205
-2163
966
5487
7422
7136
7032
7930
8269
7399
7431
9882
12899
12729
9236
6436
6521
7162
5574
3417
3324
3861
2251
-954
-2669
-2731
-3836
-6321
-7507
-6105
-4576
-5160
-6914
-7980
-7995
-7717
-6995
-5280
-3262
-2091
-2078
-2411
-2168
-1049
441
1433
1918
2579
3636
4336
3879
2907
2505
2619
2735
2939
3406
3301
1852
-112
-1175
-1135
-928
-976
-1101
-1583
-2564
-3419
-3535
-3235
-3112
-2975
-2485
-1879
-1543
-1401
-1208
-1016
-757
-130
872
1880
2499
2572
2163
1697
1800
2496
3130
3256
3053
2719
2127
1441
1148
1253
1217
824
461
295
34
-448
-918
-1194
-1271
-1131
-814
-358
63
157
-99
-331
-42
688
1372
1780
2008
2045
1756
1595
1939
2378
2278
1546
694
-745
-3691
-6716
-6602
-3273
-1630
-4603
-8465
-8683
-7026
-7789
-9332
-7431
-3790
-3387
-5759
-5586
-1997
359
-605
-1360
1372
5529
7525
7188
6831
7708
8366
7867
7819
9800
12280
11881
8620
6111
6289
6866
5345
3342
3116
3391
1745
-1251
-2929
-3179
-4127
-6023
-6877
-5872
-4946
-5690
-7247
-8103
-7918
-7250
-6234
-4788
-3441
-2694
-2557
-2541
-2100
-991
517
1656
2209
2754
3408
3410
2594
2258
2990
3529
3059
2534
2684
2368
905
-322
-343
-206
-844
-1377
-1213
-1384
-2443
-3315
-3155
-2676
-2558
-2316
-1739
-1406
-1557
-1657
-1303
-681
113
930
1490
1772
1961
2094
1991
1986
2508
3156
3314
3017
2759
2519
1998
1431
1204
1278
1202
793
349
-16
-390
-840
-1205
-1200
-878
-605
-655
-730
-521
-314
-307
-193
374
1046
1248
1257
1539
1847
1766
1612
1866
2171
2010
1422
799
-581
-3785
-7059
-6868
-3227
-1222
-4066
-8191
-8904
-7502
-8017
-9154
-7034
-3424
-3163
-5815
-6086
-2669
-60
-678
-1386
1134
5179
7196
6846
6347
7120
7974
7730
7851
9943
12501
12082
8556
5872
6238
7269
6124
4200
3939
4013
2048
-1153
-2734
-2599
-3284
-5186
-6176
-5293
-4536
-5586
-7392
-8312
-7997
-7187
-6142
-4762
-3557
-3029
-3224
-3494
-3029
-1541
369
1483
1657
1862
2595
3055
2568
2199
2844
3613
3390
2803
2903
2737
1262
-244
-189
542
162
-795
-1083
-1317
-2354
-3248
-2852
-2092
-2158
-2473
-2225
-1798
-1762
-1768
-1407
-856
-212
501
1006
1157
1266
1519
1613
1651
2208
3044
3205
2572
2053
2000
1894
1584
1482
1620
1472
859
238
-57
-171
-342
-559
-620
-486
-357
-436
-615
-623
-434
-192
182
787
1328
1397
1107
966
1118
1416
1843
2359
2439
1929
1435
1172
597
-720
-2982
-5548
-6447
-4370
-1849
-2929
-7045
-9413
-8347
-7422
-8132
-7207
-3929
-2604
-5057
-6844
-4408
-830
-69
-759
747
4119
6118
5945
5521
6227
7320
7693
7942
9259
11207
11442
8903
6022
5611
6981
7130
5554
4400
4037
2557
-372
-2387
-2293
-2061
-3299
-4817
-5024
-4672
-5431
-7047
-7991
-7650
-6674
-5741
-4869
-4183
-3916
-4027
-4168
-3696
-2254
-214
1301
1596
1265
1163
1472
1858
2378
3200
3772
3552
2811
2256
2000
1630
1123
793
712
560
142
-444
-1179
-1939
-2386
-2255
-1759
-1429
-1499
-1828
-2191
-2382
-2179
-1491
-633
-46
139
124
231
546
913
1212
1564
2060
2451
2400
2069
1890
1904
1856
1773
1877
1998
1713
1039
487
325
294
186
143
157
-38
-474
-741
-574
-240
-81
-5
195
468
572
512
599
926
1222
1268
1325
1616
1875
1746
1377
1111
896
380
-757
-2956
-5534
-6254
-4067
-1912
-3352
-7049
-8597
-7417
-6957
-7809
-6812
-3854
-2971
-5214
-6381
-3844
-679
-167
-758
712
3747
5566
5416
5067
5892
7196
7650
7630
8613
10427
10718
8373
5811
5775
7210
7132
5412
4284
4010
2646
-28
-1757
-1534
-1322
-2636
-4214
-4528
-4327
-5094
-6541
-7247
-6805
-5981
-5362
-4857
-4457
-4304
-4349
-4294
-3679
-2227
-394
746
712
405
737
1292
1419
1786
3106
4209
3682
2221
1492
1553
1382
1171
1556
1837
1008
-351
-994
-1033
-1226
-1497
-1382
-1157
-1405
-1961
-2292
-2284
-2103
-1834
-1418
-889
-387
-194
-395
-570
-223
581
1302
1710
2005
2136
1853
1359
1330
1912
2415
2346
1956
1704
1464
1007
635
724
1033
999
600
271
128
-45
-325
-426
-135
313
489
268
37
135
353
410
578
1095
1455
1180
797
891
1164
1137
1064
1122
807
-141
-1437
-3231
-5278
-5801
-3786
-1894
-3331
-6654
-7859
-6795
-6595
-7326
-6088
-3290
-2729
-4840
-5674
-3427
-993
-605
-589
1107
3563
4819
4751
4634
5285
6339
7034
7427
8364
9766
9922
7891
5625
5538
6861
6972
5527
4442
4003
2582
67
-1384
-1009
-723
-1945
-3488
-3989
-4103
-4990
-6208
-6619
-6150
-5552
-5196
-4940
-4783
-4750
-4742
-4480
-3728
-2372
-832
66
-46
-362
67
997
1421
1490
2280
3569
3678
2299
1336
1766
2235
1815
1655
2242
2059
477
-749
-541
-95
-398
-660
-499
-822
-1807
-2330
-1987
-1617
-1575
-1380
-998
-923
-1134
-1208
-1027
-674
-74
592
950
1002
1024
970
789
933
1640
2295
2282
1885
1661
1555
1315
1145
1347
1685
1655
1170
663
485
469
289
76
210
548
538
112
-149
0
178
175
375
831
941
448
53
282
717
806
769
802
501
-324
-1271
-2463
-4228
-5396
-4276
-2057
-2160
-5063
-7264
-6792
-5944
-6385
-6061
-3702
-2179
-3718
-5721
-4773
-1944
-377
-244
587
2469
3770
3758
3535
4251
5728
6892
7223
7444
8301
8958
8008
6063
5433
6652
7529
6590
5130
4421
3485
1422
-318
-215
574
-3
-1789
-3170
-3825
-4598
-5505
-5740
-5280
-4911
-5015
-5328
-5611
-5714
-5440
-4804
-4057
-3207
-2167
-1357
-1328
-1678
-1356
-215
792
1253
1847
2773
3009
2019
1075
1485
2533
2814
2557
2611
2395
1095
-217
-55
861
842
58
-310
-559
-1477
-2282
-1921
-1102
-1021
-1436
-1533
-1440
-1593
-1680
-1315
-757
-320
-1
154
152
240
510
735
975
1522
2140
2189
1712
1426
1604
1837
1964
2163
2325
2069
1409
860
820
1095
1192
959
685
564
409
69
-178
-28
311
403
266
205
233
53
-262
-243
246
670
607
312
78
-271
-1024
-2287
-3891
-4859
-4006
-2023
-1664
-3999
-6474
-6626
-5718
-5685
-5418
-3429
-1844
-3232
-5742
-5550
-2756
-644
-274
228
1619
2456
2129
2019
3232
5080
6248
6439
6455
6966
7509
7087
5917
5553
6601
7500
6838
5432
4628
3917
2342
845
961
1919
1585
-331
-2131
-2958
-3520
-4174
-4292
-3810
-3647
-4326
-5297
-5828
-5724
-5139
-4394
-3853
-3539
-3184
-2858
-2860
-2893
-2201
-847
219
605
917
1307
1157
683
1158
2625
3346
2575
1803
2003
2027
1247
1048
1958
2214
942
-125
130
294
-594
-1220
-732
-405
-1091
-1719
-1511
-1308
-1720
-2010
-1561
-890
-655
-820
-990
-919
-599
-223
119
572
1079
1175
777
618
1186
1927
2141
2024
2041
2028
1683
1344
1490
1900
1968
1587
1160
941
837
731
680
731
772
648
383
187
192
221
76
-52
118
365
274
36
109
292
39
-604
-1503
-2992
-4520
-4280
-2071
-822
-2597
-5242
-5819
-5165
-5346
-5318
-3355
-1463
-2624
-5365
-5762
-3434
-1357
-721
-132
901
1233
700
670
1915
3748
5080
5407
5089
5093
5757
6149
5643
5319
6159
6980
6298
4955
4578
4573
3448
1915
1823
2724
2497
803
-748
-1432
-2025
-2737
-2864
-2444
-2490
-3409
-4574
-5301
-5369
-4813
-4012
-3612
-3714
-3836
-3818
-3933
-3854
-2893
-1406
-615
-743
-741
-192
169
73
354
1415
2377
2440
1940
1592
1438
1314
1445
2059
2650
2430
1423
465
155
239
368
561
737
312
-792
-1655
-1484
-793
-505
-616
-665
-810
-1349
-1719
-1220
-278
108
-151
-323
-146
17
34
290
857
1297
1267
1077
1130
1361
1402
1263
1341
1671
1868
1638
1280
1082
1017
901
866
990
1081
862
445
184
202
317
330
240
85
-116
-251
-223
-94
-74
-118
-166
-159
-259
-755
-2114
-3869
-4350
-2685
-736
-1044
-3137
-4521
-4608
-4910
-5160
-3600
-987
-700
-3351
-5500
-4651
-2475
-1205
-469
715
1366
402
-954
-525
1803
4079
4766
4273
3928
4131
4195
3937
4364
5847
6892
6090
4502
4012
4378
3999
3062
3074
3834
3484
1731
284
-9
-170
-841
-1280
-1100
-1148
-2049
-3244
-3955
-4029
-3687
-3231
-3051
-3235
-3498
-3723
-4084
-4228
-3460
-2082
-1368
-1697
-2027
-1725
-1436
-1408
-768
639
1391
718
-84
245
983
1077
1068
1702
2150
1470
578
742
1416
1337
799
836
1177
831
31
-195
139
138
-305
-426
-88
-59
-640
-1112
-951
-595
-549
-564
-307
-112
-384
-733
-511
172
648
686
630
681
683
614
795
1319
1741
1648
1261
1085
1181
1245
1249
1406
1601
1423
891
527
576
680
575
459
475
347
-72
-427
-412
-289
-366
-526
-524
-485
-584
-698
-598
-435
-695
-1702
-2970
-3317
-2199
-825
-834
-2021
-2861
-3061
-3527
-3869
-2728
-756
-462
-2314
-3849
-3406
-2114
-1296
-526
595
1000
-61
-1350
-1093
753
2660
3421
3173
2708
2397
2149
2204
3172
4808
5604
4640
3080
2606
3075
3277
3205
3612
3965
3031
1238
320
689
1116
897
523
224
-472
-1533
-2180
-2044
-1588
-1384
-1591
-2103
-2655
-2923
-2871
-2736
-2528
-2098
-1734
-1929
-2411
-2407
-1906
-1598
-1530
-1114
-483
-445
-959
-1077
-536
-63
12
165
573
720
394
107
276
657
817
739
710
754
576
145
-34
312
679
541
195
140
125
-234
-476
-71
457
323
-151
-200
9
-107
-271
109
673
641
190
130
524
755
690
790
1113
1168
833
622
854
1174
1159
941
852
837
609
278
243
491
561
260
-83
-219
-314
-478
-519
-381
-358
-602
-847
-860
-758
-697
-607
-447
-391
-504
-584
-478
-306
-200
-109
-7
-9
-132
-234
-277
-431
-697
-745
-423
-156
-382
-843
-1013
-956
-1088
-1258
-979
-484
-512
-1061
-1353
-1092
-770
-612
-294
173
268
-107
-369
-128
382
813
1105
1253
1166
881
675
801
1259
1750
1910
1651
1226
935
866
993
1291
1583
1557
1114
593
363
427
575
697
760
618
220
-187
-329
-209
-11
127
124
-84
-403
-602
-611
-530
-404
-251
-227
-470
-812
-962
-892
-788
-707
-591
-547
-739
-1061
-1194
-1019
-741
-567
-514
-556
-709
-886
-903
-678
-361
-153
-133
-241
-347
-342
-230
-85
71
204
217
107
33
135
336
465
497
492
456
379
333
389
498
580
590
520
410
341
351
373
364
362
378
317
161
62
125
217
205
137
99
61
-34
-99
-40
54
53
-19
-45
-26
-13
-12
7
34
25
-20
-62
-63
-22
29
47
22
0
-3
-46
-131
-162
-78
11
-30
-148
-210
-217
-245
-258
-184
-91
-99
-189
-238
-197
-118
-72
-64
-56
-31
-13
-35
-62
-36
7
-3
-42
-49
-42
-77
-134
-142
-115
-119
-146
-117
-27
15
-28
-92
-145
-219
-273
-205
-10
195
314
325
224
21
-151
-139
32
222
367
444
425
312
178
118
171
277
349
352
321
291
235
167
163
238
269
188
88
74
86
49
5
24
49
-18
-132
-177
-129
-88
-103
-110
-73
-71
-155
-226
-179
-84
-72
-128
-125
-52
-31
-114
-182
-123
-21
-8
-69
-76
-24
-31
-111
-140
-64
17
21
-12
-22
-16
-33
-59
-62
-19
36
31
-48
-111
-88
-49
-82
-140
-141
-132
-200
-288
-276
-198
-178
-220
-237
-228
-249
-287
-264
-191
-136
-131
-150
-163
-150
-103
-42
7
46
72
46
-6
6
120
228
243
213
215
216
187
199
308
419
415
326
259
248
265
295
349
389
352
251
169
167
210
215
183
179
180
104
-19
-60
-10
8
-34
-43
-1
-15
-112
-194
-180
-117
-77
-77
-89
-90
-84
-89
-83
-31
34
31
-39
-70
-18
43
55
58
76
68
7
-61
-83
-62
-24
0
-13
-77
-149
-191
-190
-166
-129
-98
-103
-163
-247
-276
-208
-106
-54
-56
-62
-60
-89
-126
-92
1
55
32
-7
-4
7
-18
-40
-18
15
8
-39
-75
-70
-49
-54
-64
-36
17
40
21
7
47
109
130
119
142
213
270
269
227
211
239
260
244
218
209
193
122
31
7
37
31
-44
-132
-178
-199
-225
-242
-236
-239
-273
-319
-342
-321
-281
-253
-227
-194
-171
-171
-163
-113
-41
8
36
77
108
104
115
186
276
308
286
267
260
230
196
224
292
310
251
177
133
100
63
62
99
106
36
-63
-116
-120
-118
-123
-109
-89
-110
-178
-235
-228
-185
-168
-183
-171
-130
-124
-170
-188
-123
-55
-62
-89
-51
13
12
-31
-21
41
75
68
74
108
121
97
69
80
117
140
135
124
129
135
113
91
111
155
160
122
102
113
112
92
104
144
147
91
37
36
59
67
69
79
74
33
-25
-62
-50
-12
11
5
-6
-16
-45
-104
-134
-97
-39
-42
-100
-140
-144
-163
-202
-204
-166
-150
-196
-249
-248
-213
-197
-206
-211
-195
-175
-169
-173
-165
-132
-106
-123
-152
-129
-65
-37
-61
-79
-68
-78
-120
-126
-60
13
24
-5
-10
6
20
42
101
172
206
206
206
230
271
309
340
351
352
357
355
340
325
320
308
258
198
180
183
158
99
54
42
29
-2
-31
-42
-60
-96
-129
-123
-88
-66
-79
-101
-113
-111
-104
-98
-87
-71
-73
-102
-139
-142
-109
-83
-88
-96
-88
-94
-135
-172
-151
-108
-100
-127
-136
-117
-114
-129
-117
-67
-29
-36
-64
-62
-42
-35
-33
-13
33
70
81
77
86
119
124
108
102
136
173
165
129
123
150
154
134
144
179
178
114
56
52
69
60
41
39
34
-6
-55
-55
-9
21
4
-27
-39
-41
-56
-64
-36
10
23
-7
-31
-24
-16
-37
-63
-63
-53
-72
-115
-146
-144
-145
-171
-200
-204
-192
-204
-236
-252
-232
-215
-238
-264
-241
-190
-168
-180
-170
-132
-119
-133
-111
-29
44
51
33
51
103
148
190
247
302
306
262
238
275
343
389
389
359
309
244
204
212
257
290
262
178
84
20
12
38
68
77
54
-2
-73
-115
-99
-45
-6
-15
-45
-68
-87
-105
-107
-78
-46
-51
-80
-100
-93
-85
-94
-91
-73
-62
-69
-75
-63
-60
-64
-59
-41
-26
-26
-18
-12
-26
-47
-42
-13
1
0
1
-5
-31
-51
-30
3
13
12
8
-10
-39
-44
-6
24
25
15
10
2
-31
-44
-18
15
18
-6
-20
-24
-39
-52
-44
-21
-9
-20
-35
-43
-32
-15
0
12
22
37
42
46
51
66
78
73
69
73
79
74
57
40
22
8
0
-7
-23
-45
-60
-71
-83
-91
-91
-87
-96
-108
-100
-81
-75
-83
-84
-68
-52
-38
-17
4
12
1
-2
21
55
75
78
81
80
73
73
86
109
116
107
97
89
78
73
79
86
80
68
58
49
30
12
13
25
24
4
-11
-16
-29
-46
-50
-36
-24
-31
-51
-67
-73
-76
-74
-69
-61
-57
-66
-79
-88
-84
-74
-67
-66
-55
-44
-41
-47
-54
-43
-24
-10
-2
3
5
2
-1
6
18
24
20
14
9
14
24
30
31
25
24
30
35
40
49
54
56
52
54
62
65
57
56
59
64
62
56
50
44
34
26
22
19
18
14
5
-8
-16
-18
-21
-26
-29
-26
-25
-32
-39
-45
-41
-39
-37
-35
-35
-38
-45
-51
-53
-48
-40
-39
-46
-56
-58
-56
-55
-53
-49
-46
-52
-60
-55
-47
-44
-44
-41
-31
-26
-23
-18
-7
4
10
16
20
27
34
39
44
53
58
59
52
52
57
57
54
51
50
47
41
36
39
37
33
28
27
27
25
24
28
29
25
21
21
23
23
24
25
24
18
11
9
12
10
7
4
0
-4
-11
-15
-15
-13
-14
-17
-23
-27
-30
-29
-29
-28
-27
-30
-33
-37
-39
-36
-33
-34
-38
-37
-33
-32
-32
-31
-27
-23
-22
-20
-15
-8
-7
-6
-3
2
8
11
14
16
16
15
15
17
19
19
20
23
22
20
20
18
16
13
12
11
9
7
4
3
1
-1
-2
1
1
-4
-7
-6
-6
-6
-6
-3
0
-3
-4
-8
-9
-8
-8
-6
-6
-5
-5
-5
-3
1
2
6
5
2
0
0
5
3
3
6
9
7
5
6
5
4
1
-1
-2
-2
-3
-3
-4
-5
-7
-11
-11
-12
-12
-11
-13
-12
-9
-5
-3
-1
1
3
2
-2
-3
1
3
6
6
8
7
10
9
7
7
7
6
3
3
5
7
11
14
16
17
15
13
10
11
11
9
6
4
5
7
6
6
5
2
-3
-6
-8
-8
-7
-8
-9
-9
-8
-11
-11
-11
-12
-12
-13
-15
-15
-16
-16
-13
-9
-6
-5
-4
-6
-5
-3
-1
1
2
3
3
5
6
7
5
4
2
-2
-4
-6
-7
-7
-9
-8
-8
-7
-5
-5
-6
-6
-7
-7
-6
-3
1
3
2
1
0
0
-2
-1
-1
0
3
1
0
