-4
-6
-6
-6
-4
-3
-2
-1
-2
-3
-2
-1
-1
0
0
-1
-1
-1
0
1
1
1
0
-2
-2
-2
-2
-2
-2
-3
-3
-1
-1
1
2
1
4
2
3
5
5
5
5
4
4
3
4
4
4
4
4
5
5
5
4
3
2
2
1
2
2
5
3
1
0
-1
-2
-2
-1
0
-1
-3
-4
-2
-4
-5
-6
-6
-7
-7
-5
-5
-4
-3
-4
-4
-4
-5
-5
-5
-5
-4
-2
-3
-4
-4
-5
-4
-6
-6
-3
-4
-4
-4
-1
1
1
2
4
4
3
4
7
8
8
8
8
8
9
8
9
7
9
7
8
9
9
8
6
8
7
5
5
4
3
3
2
0
-2
-3
-4
-4
-3
-5
-7
-6
-7
-8
-6
-8
-8
-9
-10
-9
-8
-6
-5
-6
-5
-4
-3
-2
-1
0
1
-1
-2
-2
0
0
1
0
0
1
-1
0
1
0
-1
-1
0
-1
1
0
-2
-1
-1
-1
1
0
1
0
-1
-1
0
-1
1
2
1
1
2
2
1
1
2
1
3
2
2
4
6
5
6
6
6
6
6
5
7
5
6
6
5
3
3
4
4
2
2
3
1
3
2
1
0
-1
-1
-1
-3
-5
-6
-7
-8
-9
-9
-9
-10
-10
-11
-9
-9
-9
-9
-8
-7
-5
-5
-4
-4
-2
-1
-1
-2
0
2
1
2
1
1
2
1
1
1
1
3
4
5
4
3
5
4
6
7
8
8
8
9
7
7
4
3
4
1
1
0
-2
-2
-1
-1
-3
-2
-3
-4
-3
-2
-3
-5
-4
-2
-4
-2
-2
-3
-4
-3
-3
-3
-4
-3
-2
-2
0
0
0
1
2
4
6
5
5
2
3
3
3
3
1
2
1
1
1
1
0
0
-1
-3
-2
-2
-4
-5
-5
-4
-3
-5
-6
-6
-6
-6
-6
-4
-3
-2
-1
0
1
3
0
2
2
1
1
1
1
2
2
2
3
1
5
4
3
3
3
2
3
4
4
4
5
4
4
6
8
7
6
6
5
5
3
3
2
1
2
-1
-1
-2
-3
-3
-4
-7
-6
-6
-7
-7
-7
-6
-6
-5
-4
-5
-5
-6
-6
-6
-5
-4
-5
-6
-5
-4
-5
-4
-4
-4
-4
-4
-3
-2
-2
-1
0
0
1
2
2
3
4
3
3
3
4
4
4
3
3
4
5
5
5
5
5
5
5
5
5
4
3
3
3
3
3
3
3
2
1
0
1
2
3
4
5
5
5
4
2
2
3
3
3
1
0
0
-1
0
-1
0
-1
-2
-2
-3
-4
-3
-2
-4
-5
-4
-2
-4
-3
-2
-2
-1
-1
-2
0
-1
-1
-3
-2
-3
-3
-2
-3
-3
-3
-1
-1
-2
-1
-2
-2
-1
-2
-1
-1
-2
-3
-4
-5
-4
-5
-6
-7
-8
-8
-8
-7
-7
-9
-10
-10
-10
-17
-16
-13
-13
-11
-14
-14
-11
-10
-7
-7
-2
2
5
9
13
22
28
34
42
48
63
75
81
89
94
107
127
131
137
139
143
160
159
155
151
141
149
146
131
121
104
95
89
73
58
42
28
16
-2
-18
-33
-45
-61
-75
-85
-94
-100
-110
-120
-122
-126
-129
-131
-138
-138
-134
-130
-124
-122
-118
-112
-106
-99
-95
-94
-85
-81
-76
-74
-76
-76
-77
-79
-85
-89
-95
-102
-110
-121
-132
-144
-155
-166
-177
-190
-201
-211
-222
-233
-246
-256
-269
-279
-292
-302
-310
-319
-326
-333
-341
-348
-354
-356
-357
-354
-349
-339
-325
-305
-283
-253
-219
-187
-145
-96
-41
17
76
142
210
282
354
427
499
572
644
712
778
839
894
945
987
1024
1054
1077
1092
1099
1099
1092
1074
1048
1017
976
932
880
822
759
694
621
545
463
379
293
204
115
22
-73
-168
-265
-360
-450
-545
-637
-727
-811
-886
-961
-1023
-1076
-1123
-1165
-1200
-1215
-1216
-1213
-1204
-1187
-1149
-1105
-1057
-1004
-941
-871
-802
-737
-672
-601
-525
-453
-391
-328
-255
-182
-120
-70
-16
46
102
150
202
266
333
392
446
495
534
556
557
551
546
544
537
521
506
477
425
343
245
127
-38
-209
-292
-277
-263
-327
-409
-438
-482
-616
-736
-680
-520
-421
-370
-240
-35
106
166
260
426
593
748
946
1182
1383
1538
1679
1797
1838
1837
1883
1963
1988
1959
1952
1959
1886
1708
1515
1376
1253
1071
826
582
392
236
38
-232
-514
-742
-953
-1210
-1481
-1678
-1797
-1908
-2049
-2189
-2295
-2381
-2468
-2547
-2579
-2538
-2435
-2321
-2227
-2126
-1989
-1823
-1661
-1502
-1303
-1047
-771
-523
-293
-51
192
391
539
681
856
1034
1163
1232
1285
1343
1364
1325
1255
1195
1139
1063
982
914
848
767
684
611
546
479
417
368
336
331
349
365
352
329
321
321
314
317
348
383
396
395
411
438
448
451
480
528
561
574
582
580
549
492
428
352
256
170
109
39
-74
-206
-355
-622
-1041
-1401
-1471
-1357
-1391
-1620
-1771
-1773
-1905
-2262
-2487
-2316
-2012
-1930
-1971
-1830
-1537
-1348
-1271
-1102
-808
-546
-334
-39
347
722
1058
1376
1609
1711
1811
2045
2328
2501
2605
2763
2922
2906
2727
2583
2569
2564
2437
2222
2034
1874
1652
1349
1051
810
569
287
-1
-313
-718
-1119
-1309
-1319
-1472
-1864
-2176
-2251
-2371
-2685
-2856
-2649
-2410
-2488
-2664
-2587
-2361
-2249
-2180
-1953
-1634
-1397
-1199
-912
-584
-314
-63
210
430
584
810
1168
1482
1604
1640
1749
1862
1824
1722
1750
1869
1836
1589
1352
1268
1193
986
741
578
443
245
24
-141
-266
-386
-475
-542
-641
-750
-765
-708
-689
-717
-679
-550
-447
-416
-336
-158
-10
25
50
172
332
409
430
496
601
665
677
695
722
729
712
680
608
474
337
267
215
102
-53
-164
-299
-646
-1176
-1559
-1564
-1411
-1474
-1753
-1930
-1951
-2127
-2534
-2761
-2514
-2098
-1955
-2008
-1886
-1563
-1321
-1205
-969
-549
-135
192
552
1011
1477
1891
2257
2524
2650
2772
3061
3440
3685
3760
3802
3838
3721
3436
3203
3152
3126
2915
2552
2201
1906
1564
1137
706
339
7
-372
-784
-1146
-1444
-1791
-2247
-2691
-2960
-3091
-3249
-3447
-3553
-3566
-3647
-3819
-3869
-3661
-3346
-3132
-2994
-2779
-2471
-2170
-1907
-1597
-1198
-778
-414
-95
242
605
947
1237
1484
1716
1947
2176
2377
2508
2576
2619
2625
2535
2372
2246
2184
2081
1862
1592
1348
1095
786
468
202
-13
-197
-373
-556
-753
-923
-1033
-1106
-1157
-1150
-1071
-978
-923
-870
-752
-585
-434
-309
-162
36
226
352
439
568
724
831
876
936
1061
1179
1225
1219
1197
1140
1043
948
885
835
744
620
451
199
-140
-486
-834
-1377
-2142
-2689
-2564
-2109
-2130
-2751
-3268
-3327
-3458
-3957
-4157
-3512
-2652
-2488
-2807
-2753
-2223
-1821
-1665
-1263
-480
251
707
1134
1710
2267
2691
3086
3479
3789
4099
4598
5165
5425
5295
5086
4993
4839
4507
4236
4232
4246
3872
3136
2418
1915
1466
931
409
17
-341
-822
-1412
-1967
-2377
-2695
-3093
-3692
-4294
-4522
-4338
-4214
-4468
-4805
-4828
-4708
-4804
-4894
-4465
-3613
-2994
-2874
-2822
-2457
-1927
-1482
-1038
-429
249
762
1086
1365
1683
2028
2358
2607
2741
2871
3127
3402
3439
3216
3006
2937
2810
2509
2246
2189
2099
1669
1014
507
257
57
-214
-457
-609
-793
-1092
-1394
-1547
-1554
-1531
-1525
-1498
-1419
-1287
-1117
-960
-849
-728
-521
-246
15
269
551
792
887
895
995
1217
1416
1496
1527
1576
1588
1531
1487
1518
1540
1465
1336
1224
1114
981
854
675
307
-252
-859
-1564
-2523
-3401
-3477
-2768
-2402
-3167
-4340
-4782
-4665
-4877
-5254
-4784
-3553
-2911
-3391
-3870
-3367
-2402
-1842
-1504
-751
294
1063
1534
2091
2768
3303
3693
4146
4682
5226
5855
6530
6855
6562
6021
5803
5892
5853
5578
5354
5166
4586
3489
2375
1730
1409
965
274
-441
-1036
-1623
-2320
-3048
-3614
-3964
-4270
-4740
-5303
-5621
-5520
-5320
-5476
-5926
-6128
-5819
-5329
-4996
-4659
-4043
-3352
-2980
-2844
-2458
-1637
-723
-54
435
969
1570
2099
2493
2822
3174
3545
3848
4004
4046
4107
4186
4114
3788
3402
3209
3141
2910
2447
1955
1549
1084
486
-39
-299
-422
-679
-1104
-1498
-1729
-1870
-2007
-2096
-2073
-1963
-1853
-1749
-1614
-1432
-1217
-967
-694
-426
-139
217
603
892
1069
1271
1552
1792
1894
1972
2118
2195
2078
1876
1785
1784
1685
1468
1288
1203
1079
833
604
502
371
-43
-837
-2060
-3686
-5100
-5196
-3833
-2706
-3503
-5547
-6735
-6643
-6677
-7124
-6477
-4475
-3286
-4227
-5467
-4812
-2975
-1982
-1830
-992
700
1990
2502
3097
4125
4937
5231
5570
6389
7510
8598
9368
9407
8575
7557
7262
7665
7936
7680
7239
6710
5618
3906
2424
1851
1733
1150
-20
-1162
-1925
-2612
-3556
-4594
-5333
-5678
-5927
-6264
-6489
-6434
-6481
-7079
-7854
-7879
-7025
-6170
-5806
-5451
-4789
-4361
-4427
-4219
-3096
-1628
-686
-234
290
949
1444
1822
2366
3087
3708
4113
4381
4550
4577
4492
4366
4175
3934
3785
3797
3677
3115
2269
1575
1132
676
179
-105
-201
-528
-1239
-1913
-2171
-2174
-2235
-2324
-2255
-2103
-2072
-2149
-2114
-1892
-1608
-1288
-892
-447
-58
241
513
735
928
1210
1632
2028
2225
2347
2490
2546
2429
2342
2441
2529
2393
2176
2064
1921
1576
1179
996
941
812
565
339
20
-845
-2803
-5432
-6873
-5559
-2798
-2097
-4572
-7331
-7687
-7072
-7739
-8279
-6131
-2999
-2938
-5672
-6667
-4245
-1831
-1873
-2250
-484
2069
3109
3155
3950
5223
5624
5428
6002
7581
9253
10356
10568
9613
7965
7080
7682
8633
8579
7778
7115
6274
4450
2290
1334
1604
1456
14
-1681
-2463
-2740
-3622
-5156
-6365
-6707
-6662
-6831
-7098
-7014
-6749
-7000
-7958
-8773
-8420
-6914
-5284
-4430
-4306
-4329
-4172
-3835
-3192
-1963
-314
986
1376
1237
1394
2075
2784
3173
3481
4011
4581
4805
4629
4306
3996
3680
3384
3283
3442
3588
3290
2395
1268
459
167
149
88
-114
-453
-1003
-1741
-2367
-2532
-2261
-1971
-1942
-2032
-1985
-1809
-1716
-1717
-1570
-1143
-571
-73
321
672
931
1051
1105
1320
1815
2455
2907
2892
2499
2196
2289
2587
2697
2568
2433
2250
1883
1385
1121
1090
983
620
284
221
202
-125
-901
-2216
-4366
-6515
-6745
-4287
-1950
-2948
-6362
-8232
-7511
-7120
-8038
-7448
-4202
-2179
-4123
-6809
-5792
-2485
-1198
-2045
-1489
1287
3320
3383
3405
4668
5705
5561
5558
6946
8917
10180
10465
9872
8452
7051
7061
8276
8964
8214
7041
6202
4929
2783
1101
1056
1540
655
-1408
-2813
-3026
-3414
-4924
-6563
-7068
-6692
-6562
-6905
-7002
-6666
-6710
-7584
-8437
-8023
-6335
-4682
-4135
-4376
-4326
-3626
-2915
-2537
-1864
-403
1085
1503
1176
1379
2394
3173
3142
3100
3777
4647
4822
4356
3950
3810
3572
3150
2910
3058
3221
2858
1904
849
237
141
154
-72
-462
-762
-1060
-1602
-2223
-2410
-2048
-1688
-1764
-1958
-1797
-1410
-1281
-1407
-1282
-724
-112
199
383
713
1091
1231
1187
1300
1735
2265
2594
2631
2474
2303
2210
2178
2142
2148
2255
2277
1935
1305
843
764
780
587
325
231
168
-196
-785
-1323
-2096
-3869
-6252
-7095
-5031
-2350
-2749
-6083
-8312
-7589
-6745
-7713
-7781
-4729
-1877
-3190
-6351
-6113
-2606
-589
-1343
-1279
1338
3687
3766
3466
4642
6009
6057
5868
6967
8767
9927
10260
9930
8642
6967
6558
7738
8612
7853
6520
5812
4881
2746
675
459
1284
788
-1329
-3005
-3211
-3365
-4765
-6475
-6942
-6383
-6199
-6717
-6959
-6511
-6283
-6985
-7858
-7591
-6054
-4399
-3556
-3342
-3172
-2996
-2959
-2630
-1389
441
1713
1886
1625
1716
2110
2436
2735
3225
3764
4027
3916
3576
3181
2816
2482
2180
2034
2146
2301
2043
1211
185
-505
-711
-676
-629
-592
-624
-972
-1691
-2307
-2296
-1774
-1319
-1174
-1080
-872
-732
-762
-743
-432
89
570
925
1235
1529
1703
1672
1537
1546
1871
2404
2799
2822
2573
2300
2086
1895
1823
1970
2169
2078
1626
1118
829
669
444
210
114
64
-115
-380
-668
-1092
-1717
-2483
-3687
-5490
-6682
-5573
-3038
-2491
-5124
-7682
-7339
-6077
-6706
-7493
-5324
-2107
-2308
-5299
-6031
-3188
-824
-1142
-1343
782
3110
3412
3042
3972
5370
5695
5587
6345
7620
8498
9075
9405
8691
6994
6024
6724
7655
7257
6182
5711
5219
3394
980
59
763
984
-427
-2117
-2689
-2834
-3890
-5445
-6043
-5564
-5307
-5857
-6323
-6004
-5494
-5648
-6238
-6377
-5704
-4626
-3619
-2844
-2302
-1976
-1786
-1573
-1232
-611
428
1672
2430
2319
1881
1915
2348
2546
2497
2760
3292
3366
2785
2211
2063
1919
1420
904
783
849
687
248
-278
-805
-1284
-1571
-1602
-1478
-1338
-1236
-1282
-1553
-1873
-1875
-1488
-1021
-704
-417
-52
172
143
165
546
1079
1401
1563
1839
2166
2261
2160
2149
2294
2378
2338
2318
2377
2346
2105
1752
1472
1310
1206
1135
1081
934
585
163
-146
-302
-404
-414
-369
-441
-713
-998
-1200
-1580
-2533
-4095
-5442
-5411
-3931
-2710
-3221
-4682
-5316
-5250
-5883
-6755
-5821
-3207
-1735
-2679
-3871
-3277
-1988
-1679
-1603
-226
1775
2696
2627
2976
3978
4713
4964
5305
5837
6228
6675
7431
7928
7480
6540
6032
5895
5409
4702
4591
4959
4586
2960
1158
313
129
-389
-1277
-1781
-1828
-2241
-3350
-4396
-4705
-4632
-4817
-5194
-5288
-5033
-4750
-4620
-4554
-4463
-4314
-4050
-3642
-3137
-2539
-1797
-1037
-548
-424
-365
-32
554
1148
1623
1958
2053
1915
1841
2040
2294
2312
2211
2159
1952
1438
991
969
1079
853
389
52
-184
-527
-855
-914
-841
-968
-1278
-1457
-1415
-1334
-1278
-1124
-886
-753
-748
-636
-292
118
405
605
803
946
1009
1149
1475
1831
2002
1992
1952
1946
1934
1929
1966
1965
1819
1572
1359
1202
1025
827
664
502
261
-17
-232
-378
-531
-698
-837
-936
-1024
-1076
-1040
-951
-915
-950
-947
-880
-868
-982
-1232
-1757
-2610
-3309
-3192
-2415
-1902
-2087
-2420
-2489
-2757
-3505
-3969
-3375
-2290
-1804
-1944
-1864
-1335
-931
-835
-536
202
915
1271
1566
2099
2716
3223
3689
4086
4176
3994
3963
4281
4608
4667
4655
4761
4670
4027
3132
2627
2593
2476
1996
1505
1281
983
264
-576
-1012
-1099
-1311
-1770
-2161
-2323
-2421
-2581
-2711
-2771
-2867
-3034
-3166
-3187
-3089
-2849
-2484
-2164
-2079
-2163
-2154
-1914
-1569
-1298
-1078
-777
-431
-249
-281
-285
-65
246
391
380
432
628
795
775
650
603
661
669
548
417
424
511
507
385
279
258
241
147
44
34
130
239
281
288
317
380
436
467
500
581
716
833
866
847
886
992
1039
951
840
858
969
1002
902
790
736
645
444
238
159
135
9
-208
-366
-410
-446
-541
-628
-642
-627
-652
-699
-695
-621
-531
-479
-445
-406
-341
-240
-116
-27
3
30
103
176
132
-140
-656
-1200
-1446
-1326
-1165
-1187
-1191
-1009
-978
-1421
-1979
-2041
-1690
-1511
-1605
-1519
-1120
-796
-730
-607
-238
110
216
242
402
678
1019
1477
1982
2281
2294
2246
2313
2375
2338
2395
2683
2937
2810
2416
2171
2171
2098
1774
1427
1284
1185
875
453
238
260
228
-26
-356
-608
-832
-1088
-1284
-1324
-1288
-1298
-1374
-1481
-1619
-1774
-1863
-1833
-1752
-1729
-1733
-1661
-1543
-1502
-1521
-1474
-1395
-1444
-1534
-1378
-972
-646
-534
-437
-261
-208
-330
-356
-122
183
357
447
525
567
586
661
767
808
809
846
863
787
728
823
967
963
821
712
681
614
486
421
474
529
480
394
379
437
504
574
693
846
999
1158
1325
1454
1521
1565
1598
1559
1429
1312
1289
1306
1249
1106
945
780
569
324
130
14
-98
-268
-460
-640
-834
-1043
-1200
-1282
-1363
-1469
-1531
-1544
-1607
-1740
-1823
-1794
-1809
-2071
-2523
-2841
-2813
-2598
-2498
-2495
-2328
-2034
-1998
-2333
-2589
-2415
-2072
-1968
-1991
-1756
-1281
-931
-784
-551
-115
288
467
557
759
1093
1497
1944
2374
2687
2874
3025
3168
3238
3272
3411
3661
3784
3625
3358
3243
3249
3147
2889
2668
2528
2282
1847
1449
1288
1236
1059
756
468
226
-49
-334
-526
-613
-674
-763
-882
-1040
-1247
-1434
-1523
-1544
-1586
-1640
-1637
-1646
-1811
-2051
-2083
-1847
-1648
-1690
-1760
-1624
-1469
-1550
-1698
-1583
-1278
-1120
-1141
-1104
-931
-761
-659
-585
-538
-527
-482
-388
-325
-267
-95
143
220
102
28
132
242
212
165
243
331
270
122
69
131
186
174
144
136
134
124
124
155
216
300
381
409
371
352
422
522
557
552
607
696
708
657
677
787
867
855
816
804
799
799
826
855
838
795
772
761
721
666
635
612
540
414
298
227
111
-169
-556
-837
-917
-965
-1117
-1233
-1167
-1081
-1214
-1469
-1546
-1433
-1391
-1485
-1503
-1318
-1071
-889
-712
-491
-290
-166
-83
17
162
388
693
982
1153
1221
1284
1373
1433
1438
1438
1473
1497
1430
1262
1083
998
975
868
640
409
249
64
-230
-517
-662
-715
-823
-998
-1151
-1268
-1397
-1527
-1603
-1621
-1612
-1581
-1539
-1530
-1559
-1561
-1487
-1388
-1305
-1220
-1088
-917
-758
-644
-559
-453
-309
-179
-106
-42
87
262
409
526
666
836
986
1090
1165
1228
1285
1329
1346
1344
1357
1412
1483
1535
1551
1531
1464
1354
1237
1136
1053
994
942
853
712
555
417
297
194
134
104
53
-41
-136
-174
-178
-218
-312
-388
-419
-470
-593
-709
-725
-708
-768
-888
-951
-959
-1014
-1132
-1211
-1213
-1217
-1283
-1354
-1347
-1276
-1205
-1175
-1170
-1160
-1121
-1053
-970
-886
-778
-675
-693
-927
-1252
-1408
-1299
-1107
-992
-887
-696
-551
-641
-861
-914
-714
-493
-401
-289
7
387
669
890
1208
1604
1912
2079
2207
2388
2631
2932
3281
3593
3780
3857
3889
3846
3668
3437
3304
3251
3092
2750
2399
2184
1974
1581
1067
655
346
-77
-654
-1135
-1363
-1506
-1769
-2092
-2316
-2473
-2706
-2989
-3148
-3118
-3036
-3021
-3038
-3018
-2968
-2889
-2772
-2668
-2633
-2598
-2446
-2229
-2049
-1830
-1477
-1137
-1011
-1006
-890
-651
-422
-204
74
359
567
738
914
1056
1163
1304
1449
1485
1449
1503
1653
1724
1671
1624
1636
1584
1420
1282
1266
1278
1206
1090
1017
964
869
746
650
576
485
399
346
306
264
252
271
250
155
69
44
30
-11
-4
108
242
307
329
368
406
406
393
389
361
313
288
299
300
281
261
225
138
35
-33
-91
-185
-318
-562
-1043
-1647
-1992
-1930
-1798
-1871
-1939
-1785
-1719
-2090
-2589
-2654
-2354
-2213
-2317
-2260
-1898
-1559
-1415
-1227
-821
-377
-116
-9
99
299
634
1083
1540
1905
2162
2335
2418
2422
2420
2494
2668
2858
2901
2740
2546
2485
2425
2143
1757
1559
1478
1180
687
375
346
270
-28
-334
-502
-700
-1031
-1300
-1361
-1315
-1291
-1278
-1278
-1356
-1450
-1391
-1194
-1053
-1025
-980
-953
-1078
-1216
-1026
-563
-281
-344
-425
-362
-378
-529
-486
-134
192
249
180
178
215
273
402
541
553
490
493
516
467
454
579
666
516
261
140
118
30
-74
-36
69
32
-149
-300
-343
-340
-336
-322
-310
-301
-254
-167
-113
-109
-60
46
95
47
50
201
399
523
605
703
772
756
721
753
837
897
899
870
840
814
774
715
651
583
517
426
151
-520
-1467
-2100
-2032
-1683
-1699
-1946
-1850
-1584
-1933
-2858
-3317
-2861
-2322
-2398
-2581
-2193
-1550
-1293
-1272
-924
-309
67
111
174
467
955
1584
2258
2744
2912
2930
2979
3008
2948
2973
3281
3716
3848
3502
3025
2837
2826
2546
1974
1574
1500
1280
624
9
-74
38
-279
-963
-1480
-1719
-1978
-2285
-2359
-2167
-2014
-2070
-2253
-2466
-2625
-2562
-2233
-1876
-1690
-1554
-1288
-1013
-929
-933
-796
-548
-424
-520
-648
-556
-181
255
483
508
523
560
460
256
231
488
759
790
670
626
697
735
638
474
389
412
408
297
228
340
465
341
13
-220
-235
-191
-197
-173
-54
55
16
-151
-293
-284
-154
-38
-17
-21
46
153
202
196
246
385
500
483
408
460
659
816
800
715
710
762
751
685
703
853
986
957
869
842
518
-657
-2325
-3129
-2487
-1597
-1667
-2072
-1741
-1432
-2523
-4262
-4553
-3256
-2321
-2546
-2615
-1719
-861
-895
-1103
-600
259
722
837
1138
1842
2807
3790
4462
4587
4313
4036
3953
4009
4172
4535
5050
5314
4806
3572
2423
2038
2006
1478
606
291
475
49
-1187
-2034
-1924
-1932
-2883
-3957
-4127
-3775
-3751
-3899
-3672
-3296
-3359
-3782
-4057
-3994
-3628
-2925
-2048
-1444
-1273
-1146
-806
-492
-418
-306
135
674
949
1028
1264
1647
1826
1629
1296
1106
1082
1126
1218
1356
1442
1349
1003
446
-94
-295
-98
161
198
136
150
79
-226
-485
-376
-69
77
81
218
493
680
710
706
694
668
679
807
1010
1255
1493
1576
1385
1072
913
946
1029
1091
1180
1250
1208
1015
796
692
732
763
646
425
229
99
17
-5
10
-7
-123
-277
-363
-496
-1406
-3569
-5839
-6091
-4301
-3053
-3735
-4479
-3856
-3865
-6189
-8256
-6877
-3670
-2516
-3436
-3315
-1635
-822
-1509
-1544
71
1801
2458
2733
3552
4830
6052
6781
6725
6143
5838
6187
6777
7212
7575
7860
7612
6430
4548
2872
2346
2843
2993
1912
536
17
-389
-1978
-3874
-4141
-3230
-3455
-5041
-5755
-4811
-4061
-4640
-5296
-4975
-4489
-4594
-4556
-3647
-2351
-1419
-992
-988
-1243
-1191
-363
827
1628
2027
2431
2580
1916
949
906
1789
2187
1544
985
1202
1222
385
-344
-237
-175
-887
-1597
-1546
-1243
-1242
-1345
-1512
-2003
-2414
-2105
-1465
-1177
-902
-189
225
-281
-743
-93
996
1390
1389
1821
2371
2329
2001
2093
2467
2565
2405
2317
2300
2239
2201
2121
1737
1145
863
973
965
704
684
935
779
64
-372
-92
253
115
-82
84
241
25
-174
3
223
220
201
-292
-2463
-5701
-6886
-4513
-1779
-2223
-4402
-4799
-4249
-5992
-8706
-7771
-3385
-960
-2618
-4322
-3008
-952
-880
-1459
-267
2053
3344
3358
3672
5150
6826
7137
5886
4679
5048
6556
7642
7795
7578
7018
5592
3655
2306
2005
2406
2904
2565
699
-1688
-2691
-2420
-2916
-4440
-4865
-3720
-3459
-5065
-6005
-4669
-3371
-4389
-6013
-5460
-3299
-2015
-1924
-1485
-519
-331
-1088
-1352
-203
1651
2993
3317
2915
2409
2203
2077
1658
1370
1950
2883
2668
1155
16
85
31
-1097
-1960
-1329
-426
-864
-1974
-2278
-2061
-2442
-3130
-2992
-1969
-941
-420
-399
-707
-889
-581
-87
285
968
2172
2957
2557
1814
1901
2435
2415
2116
2419
3049
3019
2283
1630
1360
1098
698
430
445
595
647
361
-322
-990
-1142
-879
-690
-617
-359
-68
-187
-596
-719
-426
-117
20
221
593
883
898
766
536
-516
-3137
-6004
-6090
-2918
-389
-1643
-4438
-5181
-5031
-6826
-8531
-6156
-1576
-418
-3025
-4341
-2402
-552
-853
-1062
715
3009
4057
4372
5162
6381
7003
6293
4928
4756
6638
8943
9451
8192
6723
5470
3889
2530
2503
3361
3598
2625
837
-1243
-2806
-3155
-3011
-3747
-4939
-4877
-3853
-4020
-5487
-5966
-5003
-4838
-6031
-6009
-3494
-946
-734
-1782
-1934
-1275
-979
-752
523
2546
3761
3429
2428
1978
2250
2573
2577
2498
2343
1768
1018
807
833
-14
-1552
-2319
-2034
-1810
-1862
-1578
-1582
-2841
-4289
-4236
-3135
-2339
-1713
-899
-780
-1541
-1731
-789
75
442
1182
2119
2243
1992
2480
3113
2768
2154
2476
3173
3225
3035
3156
2898
1797
798
727
1077
1154
1005
758
217
-503
-915
-871
-688
-589
-525
-456
-372
-219
-44
-25
-139
-37
464
1044
1328
1359
1399
1470
1391
1264
1463
1790
854
-2347
-5807
-5791
-2292
-247
-2555
-5598
-5543
-4837
-6915
-8829
-6197
-1872
-1819
-5104
-5700
-2559
-366
-1159
-1873
-260
2112
3342
3820
4713
6004
6566
5631
4284
4812
7519
9589
8811
6655
5535
5170
4172
3105
3165
3571
2816
1067
-558
-1668
-2333
-2656
-3277
-4637
-5627
-4993
-3823
-4193
-5674
-6053
-5223
-5109
-5698
-4726
-1967
-306
-1292
-2656
-1986
-219
567
677
1720
3419
3966
3064
2413
2987
3709
3418
2680
2496
2491
1879
1158
1061
872
-267
-1534
-1821
-1622
-1780
-1966
-1971
-2539
-3594
-3874
-3159
-2539
-2208
-1548
-1036
-1352
-1547
-655
373
596
881
1818
2332
2050
2191
3010
3197
2562
2429
3019
3231
2841
2594
2443
1797
967
702
851
791
476
144
-284
-802
-1094
-1114
-1138
-1187
-1085
-952
-974
-971
-733
-446
-331
-217
125
551
754
714
671
778
930
1047
1176
1324
1402
1290
326
-2379
-5737
-6403
-3271
-432
-1878
-5403
-6344
-5426
-6552
-8624
-7050
-2691
-1395
-4174
-5530
-2762
83
-397
-1773
-505
2638
4715
5109
5434
6480
7092
6160
4840
5584
8563
10673
9553
6897
5646
5654
4886
3476
3162
3731
3235
1286
-544
-1407
-2004
-3006
-4234
-5164
-5283
-4520
-3845
-4486
-6043
-6761
-6098
-5330
-5015
-3961
-1850
-659
-1650
-2910
-2063
111
1190
1073
1694
3317
4000
2938
1876
2288
3172
2982
2221
2372
3177
2861
961
-881
-1287
-885
-925
-1355
-1426
-1400
-2206
-3653
-4423
-3960
-3111
-2703
-2543
-2173
-1758
-1696
-1886
-1770
-1053
-80
678
1255
1876
2271
2055
1611
1733
2449
3077
3306
3361
3232
2724
2049
1702
1771
1909
1843
1547
1137
726
317
-148
-524
-564
-345
-218
-248
-259
-339
-679
-976
-753
-141
291
356
337
363
325
280
404
639
804
939
1081
1135
1047
353
-2010
-5566
-7007
-4164
-474
-980
-4721
-6519
-5705
-6262
-8282
-7255
-2967
-1015
-3456
-5380
-3298
-363
-293
-1541
-681
2237
4660
5468
5630
6093
6459
5876
4896
5479
8234
10590
9792
6862
5055
5094
4908
3782
3276
3759
3456
1567
-446
-1401
-1980
-3037
-4225
-4821
-4676
-4135
-3849
-4553
-6073
-7052
-6572
-5368
-4490
-3648
-2286
-1339
-1961
-3095
-2536
-359
1167
1220
1400
2590
3396
2743
1813
1993
2729
2811
2469
2611
2930
2350
854
-466
-898
-700
-432
-469
-934
-1656
-2431
-3222
-3760
-3458
-2446
-1834
-2099
-2318
-1901
-1587
-1773
-1608
-680
182
534
972
1616
1739
1315
1242
1832
2508
2921
3182
3191
2757
2181
1932
1997
2093
2091
1929
1532
1055
743
510
177
-117
-158
-94
-161
-218
-169
-283
-622
-714
-258
298
441
292
171
100
49
191
567
880
945
839
774
716
-276
-3158
-6351
-6190
-2330
89
-2412
-6146
-6421
-5245
-6681
-8369
-5806
-1487
-1357
-4663
-5277
-2026
189
-882
-1843
219
3548
5248
5198
5061
5643
6015
5366
4914
6540
9554
10579
8170
5193
4611
5377
4903
3620
3529
4045
3037
551
-1256
-1645
-2054
-3246
-4278
-4293
-3746
-3561
-4187
-5525
-6733
-6771
-5632
-4390
-3671
-2876
-1912
-1897
-2989
-3295
-1536
641
1179
827
1537
2914
2925
1653
1227
2209
2966
2644
2314
2590
2460
1244
-180
-671
-271
126
-98
-792
-1371
-1709
-2211
-2838
-2861
-2106
-1534
-1747
-1998
-1650
-1287
-1493
-1646
-976
64
634
783
1030
1292
1192
976
1225
1940
2530
2633
2428
2202
1969
1678
1511
1640
1860
1749
1240
776
643
568
296
70
156
242
62
-133
-54
103
-44
-281
-148
307
579
432
215
220
377
562
749
943
1006
979
347
-2158
-5784
-6868
-3485
93
-1217
-5415
-6771
-5232
-5609
-7800
-6698
-2304
-626
-3499
-5435
-2907
232
-28
-1771
-896
2522
5153
5469
4873
5149
5886
5575
4610
5365
8426
10520
8755
5201
3882
4897
5016
3511
2871
3642
3396
1055
-1198
-1731
-1805
-2877
-4233
-4447
-3671
-3167
-3607
-4846
-6182
-6578
-5673
-4299
-3466
-2840
-1882
-1485
-2447
-3363
-2162
324
1471
1033
1204
2597
3103
1582
204
1151
3211
3669
2426
1739
2015
1515
-236
-1205
-307
668
120
-1072
-1448
-1385
-1999
-2954
-3060
-2142
-1262
-1273
-1695
-1753
-1472
-1463
-1595
-931
460
1334
1078
681
984
1383
1354
1493
2260
2942
2759
2157
1868
1873
1723
1453
1468
1755
1812
1318
647
287
185
-13
-185
64
552
533
-91
-495
-231
141
102
51
334
606
446
192
381
773
822
569
477
709
640
-1230
-4905
-7196
-5005
-939
-711
-4550
-6960
-5813
-5441
-7589
-7645
-3615
-780
-2842
-5564
-3982
-396
397
-1172
-1015
1961
4838
5631
5198
5320
6111
6164
5292
5483
7991
10472
9575
6147
4125
4812
5483
4314
3224
3588
3619
1570
-1064
-1937
-1686
-2282
-3728
-4434
-3917
-3410
-3790
-4902
-6044
-6421
-5753
-4522
-3606
-3037
-2357
-1999
-2591
-3311
-2418
-60
1469
1237
941
1883
2697
1962
850
1031
2111
2642
2573
2567
2213
949
-575
-1159
-657
137
510
-15
-1266
-2357
-2674
-2565
-2520
-2147
-1373
-1087
-1579
-1892
-1437
-1065
-1193
-913
153
1155
1438
1418
1404
1147
916
1320
2298
3047
3063
2595
1956
1396
1147
1248
1539
1750
1660
1165
516
150
15
-149
-279
-94
278
354
68
-234
-358
-381
-237
211
788
1076
912
561
419
616
937
1132
1239
1346
1450
861
-1689
-5462
-6897
-3846
-168
-1034
-5044
-6728
-5561
-6050
-8283
-7296
-2909
-1007
-3733
-5841
-3613
-558
-623
-2148
-1160
2295
4911
5274
4682
4831
5511
5388
4702
5489
8482
10641
8935
5226
3688
4858
5366
3958
3179
3983
3855
1260
-1435
-1924
-1552
-2383
-3884
-4142
-3181
-2786
-3631
-5006
-5987
-6060
-5184
-3854
-2869
-2249
-1714
-1696
-2499
-3030
-1713
706
1871
1466
1384
2406
2771
1565
670
1431
2493
2381
2124
2688
2524
559
-1460
-1536
-489
-60
-123
-254
-1069
-2597
-3492
-3109
-2424
-2010
-1633
-1490
-1891
-2262
-1931
-1451
-1316
-875
168
931
967
1018
1253
1030
668
1246
2606
3335
3000
2441
2042
1571
1205
1433
2039
2273
1830
1031
417
214
179
19
-101
151
459
280
-149
-288
-211
-253
-171
379
942
945
601
448
510
558
726
1136
1492
1459
1225
981
-436
-3827
-6742
-5522
-1222
364
-2924
-6485
-6521
-5760
-7230
-7854
-4557
-992
-1938
-5271
-5371
-2197
-397
-1331
-1679
770
3932
5195
4663
4237
4889
5454
5057
5087
7255
10112
10026
6616
3768
4107
5448
4947
3779
4021
4357
2406
-797
-2200
-1648
-1615
-2903
-3775
-3321
-2902
-3656
-5011
-5973
-6150
-5507
-4249
-3074
-2519
-2351
-2373
-2854
-3433
-2691
-315
1736
1859
1117
1277
1933
1575
675
1089
2815
3778
3015
1933
1623
1299
164
-807
-397
626
679
-358
-1409
-1979
-2461
-2856
-2664
-1926
-1319
-1325
-1794
-2270
-2356
-1995
-1447
-775
55
724
780
418
349
703
1057
1430
2185
2894
2741
1972
1538
1628
1649
1530
1730
2115
1968
1155
366
92
143
186
184
278
372
179
-305
-624
-442
-8
247
312
495
757
678
298
205
665
1168
1272
1184
1322
1523
1321
940
328
-1738
-4984
-6051
-2871
572
-793
-5292
-7188
-5878
-5840
-7311
-5878
-1844
-851
-4255
-6448
-4074
-808
-477
-1438
-309
2475
4174
4043
3490
3893
4929
5276
4968
5763
8180
9498
7361
3921
3098
4873
5685
4496
3739
4048
3075
110
-2079
-1698
-754
-1418
-2854
-3271
-2992
-3393
-4462
-5310
-5470
-4973
-4013
-3064
-2708
-2747
-2637
-2628
-3024
-2808
-867
1548
2086
922
383
1213
1771
1348
1481
2793
3473
2363
1162
1533
2093
1065
-454
-408
626
591
-418
-992
-1236
-2052
-2872
-2510
-1451
-983
-1342
-1981
-2466
-2539
-1979
-1112
-503
-124
173
152
-118
65
837
1387
1463
1712
2255
2359
1843
1478
1610
1710
1548
1574
1865
1825
1170
399
62
162
358
385
305
241
60
-398
-799
-577
93
419
208
89
368
520
295
202
551
903
880
891
1243
1452
1114
714
710
-113
-2970
-5794
-4895
-980
470
-2797
-6345
-6262
-5026
-5992
-6677
-3876
-667
-1721
-5255
-5708
-2504
-74
-471
-984
794
3367
4244
3442
3063
4259
5533
5309
4848
6371
8869
8752
5521
3082
3958
5668
5234
3886
3835
3859
1761
-1249
-2161
-1012
-512
-1661
-2898
-3193
-3372
-4139
-5018
-5380
-5104
-4364
-3520
-3148
-3285
-3228
-2890
-2958
-3188
-2155
238
1802
1232
135
388
1338
1493
1396
2282
3408
3223
2058
1508
1740
1606
881
429
586
774
482
-238
-1099
-1694
-1863
-1864
-1791
-1488
-1225
-1671
-2579
-2789
-2101
-1442
-1184
-759
-187
-248
-728
-614
213
904
1109
1333
1671
1734
1473
1279
1413
1670
1803
1739
1640
1651
1513
1011
512
536
864
830
489
378
402
64
-393
-297
220
482
355
205
131
10
-4
276
665
865
862
749
580
518
726
1006
1019
827
747
0
-2527
-5392
-5189
-1738
245
-2152
-5509
-5762
-4695
-5662
-6679
-4241
-807
-1292
-4682
-5508
-2687
-444
-820
-1200
607
2952
3568
2866
2795
3996
5037
4780
4416
5762
8046
8249
5656
3409
3875
5309
5095
4031
4048
4172
2337
-564
-1628
-572
74
-875
-2089
-2525
-2892
-3826
-4660
-4769
-4334
-3804
-3393
-3278
-3450
-3419
-3080
-2970
-3038
-2279
-504
726
333
-489
-212
659
821
727
1618
2874
2725
1291
615
1355
1882
1214
529
855
1245
595
-398
-625
-386
-588
-1105
-1198
-890
-863
-1411
-2058
-2135
-1608
-1074
-931
-905
-713
-677
-951
-895
-51
868
987
646
685
1017
1029
878
1210
1830
1916
1429
1158
1359
1418
1047
798
1066
1391
1207
726
502
529
378
69
89
522
798
519
40
-100
73
197
244
483
810
766
304
-6
231
705
899
759
658
747
339
-1598
-4427
-5349
-2827
117
-568
-3936
-5563
-4792
-4987
-6359
-5173
-1333
35
-3048
-5827
-4434
-1468
-655
-1016
216
2418
3040
1959
1408
2607
4335
4888
4442
4739
6336
7297
5890
3632
3297
4740
5369
4514
3993
4220
3236
554
-1324
-693
755
739
-508
-1610
-2427
-3475
-4326
-4259
-3497
-2807
-2684
-3229
-4102
-4455
-3835
-3011
-2727
-2410
-1365
-397
-678
-1498
-1215
71
866
912
1449
2604
2801
1508
375
770
1825
2212
2149
2196
1792
474
-737
-692
172
690
509
-102
-965
-1809
-2161
-1897
-1346
-838
-681
-1076
-1662
-1759
-1365
-1052
-817
-231
393
352
-74
-12
450
586
570
1120
1971
2132
1485
945
1026
1336
1484
1620
1867
1875
1285
452
143
535
948
866
601
532
366
-188
-608
-318
284
423
93
-152
-150
-200
-376
-360
9
405
413
106
-47
104
279
262
-244
-1837
-3956
-4367
-2103
37
-942
-3628
-4584
-4050
-4549
-5224
-3280
-138
-222
-3590
-5468
-3638
-1098
-387
-144
1166
2249
1617
422
820
2934
4792
4915
4098
4142
5233
5660
4632
3809
4581
5574
4975
3702
3610
4027
2975
923
214
1159
1692
803
-413
-1181
-2009
-3018
-3394
-2882
-2286
-2288
-2906
-3910
-4754
-4623
-3552
-2689
-2607
-2560
-2150
-2169
-2825
-2782
-1292
252
432
25
401
1115
988
470
849
1891
2270
1890
1786
2047
1734
791
298
741
1321
1262
724
155
-422
-1083
-1504
-1248
-500
-138
-735
-1746
-2197
-1969
-1655
-1377
-806
-240
-448
-1244
-1474
-714
178
519
664
967
1057
691
490
1009
1779
1990
1711
1593
1727
1638
1291
1241
1613
1809
1473
1076
1042
1049
694
321
420
750
722
321
7
-112
-289
-518
-450
-69
183
-11
-415
-601
-477
-279
-134
56
250
238
-38
-575
-1670
-3082
-3461
-1934
-196
-595
-2626
-3776
-3680
-4043
-4556
-3149
-517
-150
-2693
-4693
-3904
-2141
-1313
-622
840
1717
709
-883
-804
1185
3282
4054
3805
3633
3772
3561
2972
3153
4543
5627
4963
3551
3189
3524
2981
1878
1856
2714
2622
1247
123
-119
-431
-1208
-1604
-1271
-984
-1341
-2103
-2864
-3363
-3325
-2814
-2362
-2219
-2093
-2019
-2470
-3154
-2934
-1607
-462
-367
-618
-475
-423
-822
-771
396
1664
1784
1097
682
616
427
350
834
1497
1587
1022
272
-270
-431
-249
18
166
185
-109
-896
-1672
-1636
-939
-523
-620
-695
-730
-1177
-1670
-1344
-383
182
87
-27
58
-20
-183
124
909
1492
1484
1222
1124
1139
1097
1159
1545
1994
1964
1427
960
929
1048
1024
1016
1130
1026
513
17
-28
178
200
23
-110
-213
-437
-685
-723
-535
-350
-350
-508
-624
-555
-408
-347
-302
-124
55
-10
-329
-837
-1527
-1991
-1583
-567
-202
-975
-1902
-2254
-2531
-2879
-2362
-925
-226
-1235
-2612
-2802
-2109
-1458
-723
361
988
397
-689
-915
28
1356
2323
2729
2673
2296
1777
1492
1919
3057
4029
3926
2985
2206
1961
1861
1839
2206
2652
2360
1259
241
-66
74
220
319
336
-8
-746
-1446
-1711
-1543
-1172
-858
-874
-1264
-1706
-1915
-1965
-1910
-1553
-965
-705
-1035
-1452
-1489
-1327
-1212
-904
-300
81
-170
-652
-746
-464
-229
-116
118
421
409
19
-280
-163
118
215
222
326
334
16
-389
-420
-92
196
253
235
172
-90
-442
-484
-72
415
577
425
237
122
41
73
382
837
1018
741
356
274
436
592
744
975
1035
697
254
194
481
685
654
582
511
269
-55
-140
64
216
99
-118
-236
-315
-436
-484
-367
-222
-254
-450
-603
-592
-508
-464
-415
-286
-182
-250
-408
-419
-253
-118
-136
-161
-64
0
-131
-303
-280
-136
-113
-237
-303
-248
-231
-334
-410
-331
-186
-158
-256
-320
-274
-238
-289
-303
-170
-29
-69
-197
-194
-46
66
83
115
202
267
273
287
376
493
571
573
548
580
690
783
764
701
715
781
772
661
584
603
619
536
422
409
470
438
254
84
76
143
118
21
1
13
-110
-326
-394
-261
-182
-301
-455
-494
-508
-612
-699
-640
-534
-575
-751
-874
-851
-792
-807
-818
-712
-564
-555
-674
-707
-575
-433
-388
-316
-112
78
72
-45
-27
173
365
421
438
529
595
514
393
427
594
690
632
530
475
443
368
273
244
304
336
235
71
0
19
9
-50
-56
-3
-2
-80
-150
-155
-127
-90
-56
-50
-79
-113
-127
-129
-114
-66
-28
-37
-60
-57
-56
-76
-80
-35
14
18
-9
-30
-49
-91
-128
-107
-48
-23
-52
-91
-105
-107
-120
-126
-90
-30
0
-25
-37
-5
17
-26
-60
-9
74
92
56
46
60
37
-8
-10
45
92
104
109
117
101
61
43
72
141
212
241
218
180
159
154
153
173
223
254
228
169
116
86
92
131
168
157
109
61
15
-17
13
78
70
-18
-69
-43
-36
-101
-139
-102
-102
-211
-292
-237
-164
-239
-384
-394
-277
-230
-329
-414
-374
-312
-329
-350
-272
-168
-170
-258
-292
-216
-121
-83
-70
-25
32
31
-30
-56
29
158
218
200
193
222
214
160
157
259
364
365
288
216
186
188
217
262
290
261
162
52
12
59
116
107
45
-19
-77
-126
-145
-137
-127
-132
-144
-159
-186
-209
-216
-202
-173
-120
-82
-87
-118
-114
-66
-18
21
69
98
74
30
37
107
180
203
176
138
101
75
71
106
156
172
126
45
-22
-41
-18
12
18
-2
-24
-53
-100
-126
-103
-65
-58
-67
-56
-35
-49
-83
-88
-45
1
8
-11
-11
22
51
41
15
31
81
93
56
44
85
113
91
79
105
107
45
-6
15
62
62
35
25
4
-69
-146
-142
-80
-43
-62
-82
-92
-120
-160
-156
-92
-27
-18
-30
-9
27
23
-8
2
71
125
119
96
92
79
45
41
93
138
108
18
-50
-53
-15
6
-6
-32
-57
-85
-114
-119
-84
-52
-63
-100
-107
-81
-69
-90
-102
-83
-70
-77
-79
-71
-75
-99
-114
-108
-100
-91
-76
-70
-94
-118
-113
-88
-67
-42
-13
3
-2
-2
20
47
69
94
133
170
188
191
195
196
189
195
230
274
293
276
239
204
182
181
186
186
170
141
111
90
62
13
-31
-46
-46
-59
-67
-58
-78
-143
-203
-204
-171
-149
-144
-144
-148
-153
-159
-172
-181
-151
-102
-86
-99
-83
-45
-56
-103
-92
-14
34
12
-14
-6
-1
-15
-10
21
39
28
-2
-33
-53
-47
-23
-2
7
3
-17
-40
-47
-30
4
54
105
119
83
43
51
90
118
143
186
203
145
56
41
106
153
133
98
89
63
-2
-33
19
87
77
18
-3
20
24
-9
-21
25
85
91
44
4
18
48
43
16
15
32
16
-48
-89
-77
-62
-99
-162
-193
-184
-187
-226
-271
-286
-281
-288
-293
-269
-231
-235
-274
-280
-227
-179
-164
-134
-69
-30
-49
-58
-3
75
108
113
126
152
170
187
213
236
249
248
227
192
195
246
283
256
194
164
150
108
77
115
178
158
51
-44
-54
-24
-7
7
34
41
-15
-85
-91
-24
38
58
60
76
96
88
62
62
99
136
135
113
99
92
63
8
-23
-9
8
-28
-89
-113
-100
-105
-156
-200
-193
-171
-170
-180
-172
-142
-143
-191
-220
-183
-111
-80
-97
-104
-87
-84
-103
-98
-52
-21
-43
-69
-40
5
4
-27
-25
11
23
4
17
68
94
62
25
49
100
107
81
82
109
118
90
73
93
120
115
90
83
97
100
80
63
64
79
82
63
43
39
42
36
20
10
13
6
-22
-49
-44
-16
-17
-51
-75
-71
-73
-98
-112
-84
-50
-60
-103
-116
-89
-72
-85
-91
-54
-18
-26
-53
-47
-11
10
3
2
29
50
35
13
18
40
45
34
33
34
25
11
4
3
4
9
16
16
10
-3
-10
-2
8
17
34
47
33
8
3
23
36
43
44
40
24
3
-7
9
35
29
0
-14
-7
-5
-14
-13
-1
4
-10
-33
-36
-16
0
-12
-23
-14
-12
-22
-27
-19
-16
-21
-24
-22
-16
-9
-4
-3
-5
-11
-10
13
37
43
33
31
35
31
26
37
62
73
57
31
24
36
38
19
9
18
20
-3
-26
-21
-13
-24
-43
-50
-44
-42
-53
-61
-56
-51
-60
-73
-73
-66
-60
-61
-63
-62
-56
-56
-54
-52
-46
-36
-30
-27
-20
-16
-12
-12
-8
4
17
23
21
23
31
37
38
38
46
55
56
57
68
78
76
64
59
71
87
88
81
81
82
69
56
60
80
84
69
53
44
33
22
21
29
31
19
-1
-15
-23
-32
-33
-27
-25
-29
-39
-48
-49
-49
-47
-43
-40
-38
-43
-46
-42
-39
-38
-37
-37
-32
-34
-36
-33
-30
-28
-36
-42
-36
-31
-29
-30
-29
-27
-31
-34
-31
-22
-17
-23
-25
-19
-13
-9
-6
-1
3
3
3
12
25
30
29
29
30
34
37
42
46
46
43
42
45
45
44
46
44
39
35
34
34
34
28
20
16
14
10
7
4
0
-4
-12
-14
-16
-16
-18
-20
-18
-22
-26
-30
-31
-30
-28
-23
-18
-22
-31
-34
-28
-22
-18
-19
-21
-24
-31
-35
-31
-24
-21
-23
-28
-32
-34
-36
-37
-36
-31
-28
-25
-25
-27
-27
-27
-26
-20
-10
-2
-6
-13
-14
-9
4
13
17
17
14
9
8
14
28
38
38
34
33
35
39
40
46
57
66
66
61
59
61
62
61
66
77
85
73
53
47
56
60
54
52
53
46
24
9
15
24
16
0
-8
-9
-19
-37
-47
-46
-42
-49
-60
-63
-67
-74
-83
-82
-71
-60
-64
-74
-70
-59
-49
-44
-37
-31
-29
-28
-25
-14
-4
2
2
3
7
12
19
22
24
23
25
25
23
20
20
19
17
13
13
14
13
10
3
1
1
3
0
-3
-4
-4
-4
-10
-9
-5
-6
-10
-11
-6
-3
-5
-7
-9
-8
-6
-5
0
2
5
6
2
-1
2
12
18
15
16
19
24
21
18
22
25
23
20
18
18
16
13
10
7
7
4
0
-5
-8
-9
-11
-13
-10
-10
-12
-16
-20
-19
-20
-16
-10
-10
-17
-24
-22
-18
-16
-17
-14
-11
-14
-15
-15
-9
-5
-4
0
5
4
2
3
6
12
14
18
19
19
17
15
14
17
16
12
10
10
9
6
2
1
4
5
2
-3
-4
-1
-2
-4
-4
-3
-5
-10
-9
-6
-5
-4
-3
-4
-5
-3
-2
-2
0
1
3
5
4
2
2
6
8
4
4
6
8
5
2
2
4
2
-2
-5
-2
-1
-4
-7
-7
-3
-8
-13
-12
-8
-9
-11
-15
-14
-13
-16
-17
-17
-14
-13
-13
-12
-10
-9
-7
-5
-3
-2
0
1
0
-1
0
3
4
4
5
6
8
6
4
6
11
11
8
8
10
11
11
9
11
16
15
10
11
13
16
13
12
13
14
12
10
9
11
10
9
6
7
7
7
4
4
6
5
2
-2
-1
-2
-4
-4
-4
-4
-5
-7
-7
-10
-11
-12
-10
-9
-12
-14
-15
-15
-18
-19
-17
-17
-17
-19
-19
-20
-19
-18
-18
-15
-13
-13
-12
-12
-7
-6
-7
-5
0
1
2
2
5
7
8
8
9
12
12
13
11
13
16
16
17
17
