1
1
0
1
2
4
3
3
1
2
2
0
-1
-2
-1
-1
-2
0
-1
1
2
1
2
3
1
3
3
1
1
2
1
0
-1
0
0
0
-1
-1
-1
0
-1
-2
-3
-3
-4
-3
-5
-4
-5
-6
-5
-5
-4
-4
-4
-6
-4
-3
-3
-2
-1
-2
-3
-1
0
1
2
3
2
2
3
1
2
5
6
6
6
4
3
3
1
2
4
4
4
3
5
4
4
5
3
4
2
3
2
2
1
1
-2
-3
-5
-3
-4
-4
-5
-5
-5
-4
-5
-3
-3
-3
-3
-5
-5
-5
-5
-3
-4
-3
-4
-4
-2
-2
0
-1
-1
-2
0
1
2
0
1
0
-1
0
-2
0
0
1
1
2
1
2
3
3
3
4
5
6
6
6
7
6
7
6
6
7
7
6
6
4
3
0
-1
-1
-2
-2
-3
-5
-4
-4
-4
-4
-3
-2
-2
-1
0
0
0
-1
-1
-1
-2
0
-1
-3
-3
-2
-2
0
0
-2
-5
-4
-4
-4
-2
-4
-5
-5
-3
-2
-1
-3
-3
-3
-2
-2
-2
-1
-1
-1
-1
-3
-1
-3
-4
-3
-2
-2
-1
0
-2
-1
0
0
1
1
2
2
3
3
4
5
4
6
6
6
6
8
6
3
6
6
5
7
7
5
5
5
6
6
5
4
5
5
6
6
5
4
3
1
-1
-2
-3
-4
-6
-6
-6
-6
-4
-5
-4
-4
-5
-5
-4
-4
-3
-1
-2
-3
-4
-4
-4
-5
-5
-5
-6
-6
-5
-6
-6
-6
-6
-6
-5
-4
-4
-4
-4
-3
-1
-1
0
1
2
1
0
2
3
3
3
4
2
3
4
2
3
2
3
0
0
1
2
3
4
5
8
8
6
7
6
6
5
5
5
5
7
5
5
5
5
5
4
3
2
2
3
2
2
2
0
1
0
0
1
1
1
1
2
1
0
-1
-2
-3
-5
-5
-6
-6
-6
-7
-9
-9
-10
-9
-10
-8
-8
-8
-10
-9
-8
-7
-7
-8
-7
-8
-7
-4
-4
-4
-3
-5
-5
-4
-5
-3
-2
-1
0
1
3
3
5
7
6
6
6
6
7
7
8
8
7
8
9
8
8
7
7
7
8
8
9
9
10
11
9
9
8
7
9
8
7
8
8
8
7
8
7
6
4
2
0
-1
-2
-4
-3
-4
-5
-5
-5
-8
-7
-8
-7
-8
-7
-6
-6
-5
-3
-2
-2
0
-1
0
-1
-2
-4
-4
-4
-2
-2
-4
-5
-4
-4
-6
-6
-6
-7
-6
-5
-6
-7
-8
-8
-7
-6
-6
-7
-5
-6
-6
-8
-7
-7
-7
-8
-9
-9
-9
-10
-10
-10
-9
-8
-8
-7
-6
-6
-4
-3
-2
-2
-1
1
2
5
6
8
10
11
13
15
15
15
17
17
19
18
21
20
19
20
20
20
21
21
20
17
17
16
16
16
14
14
13
11
10
10
8
9
9
7
4
4
3
1
1
0
-1
-2
-3
-4
-4
-5
-6
-8
-10
-11
-12
-11
-12
-12
-11
-14
-10
-14
-13
-18
-28
-27
-29
-28
-30
-42
-43
-43
-43
-43
-54
-58
-57
-61
-57
-61
-68
-65
-64
-61
-63
-72
-70
-68
-69
-65
-75
-81
-81
-85
-86
-99
-114
-119
-125
-130
-135
-155
-161
-163
-164
-161
-176
-182
-172
-167
-154
-146
-139
-115
-89
-57
-27
12
56
103
155
208
279
354
414
484
546
630
730
789
851
896
949
1050
1089
1108
1126
1119
1169
1184
1141
1107
1042
1007
976
885
792
689
584
472
355
240
124
9
-101
-210
-310
-407
-494
-576
-652
-721
-781
-835
-881
-921
-957
-986
-1011
-1031
-1046
-1059
-1068
-1073
-1076
-1075
-1073
-1066
-1051
-1032
-1006
-979
-951
-919
-886
-848
-806
-758
-704
-645
-584
-524
-461
-400
-339
-278
-217
-157
-100
-42
14
69
122
175
228
283
334
383
433
480
529
575
621
667
711
752
788
817
839
851
854
850
834
808
776
736
692
642
586
525
454
378
294
209
124
44
-29
-88
-137
-171
-193
-206
-212
-209
-196
-171
-135
-86
-25
46
125
207
295
381
463
538
600
654
698
727
744
748
736
710
668
609
534
440
331
211
85
-42
-170
-297
-417
-535
-649
-757
-858
-948
-1024
-1091
-1146
-1190
-1220
-1236
-1239
-1230
-1210
-1174
-1130
-1078
-1015
-945
-869
-787
-703
-611
-520
-429
-341
-257
-177
-104
-32
36
99
156
206
252
296
337
376
409
436
456
469
479
487
493
498
507
512
516
511
504
493
475
458
440
424
411
401
394
385
377
371
359
343
322
299
281
267
257
255
260
265
260
250
242
233
224
218
219
222
217
206
193
176
150
114
77
41
-3
-49
-91
-126
-165
-213
-260
-307
-357
-411
-456
-481
-499
-527
-550
-562
-577
-603
-628
-635
-638
-658
-687
-697
-701
-720
-737
-728
-704
-691
-680
-643
-590
-547
-509
-441
-351
-263
-176
-67
66
189
297
412
529
628
703
768
840
909
963
1023
1073
1097
1092
1057
1004
922
820
743
693
640
569
478
391
287
157
32
-59
-122
-181
-233
-256
-263
-277
-294
-306
-313
-328
-331
-313
-281
-245
-208
-164
-137
-135
-140
-138
-148
-175
-194
-185
-175
-196
-228
-237
-235
-249
-279
-295
-293
-296
-300
-292
-264
-232
-216
-204
-187
-164
-148
-156
-173
-162
-124
-83
-68
-76
-87
-90
-97
-119
-147
-162
-154
-130
-92
-42
-1
1
-29
-55
-61
-55
-49
-42
-29
-7
13
12
-12
-43
-56
-43
-13
32
102
187
268
338
397
457
512
559
601
646
699
745
786
805
796
759
698
628
550
462
378
304
227
137
34
-68
-165
-265
-359
-433
-486
-538
-585
-615
-627
-628
-630
-614
-580
-543
-484
-401
-304
-211
-132
-59
-7
7
-10
-42
-92
-158
-234
-311
-387
-474
-559
-633
-688
-716
-722
-688
-615
-523
-434
-359
-292
-229
-157
-70
40
165
289
401
492
567
625
665
683
688
682
656
618
604
637
706
807
940
1101
1262
1381
1443
1468
1448
1366
1252
1127
978
790
579
322
22
-271
-506
-662
-737
-758
-755
-733
-740
-853
-1046
-1230
-1394
-1572
-1744
-1843
-1856
-1813
-1755
-1670
-1505
-1304
-1139
-990
-820
-674
-564
-457
-365
-289
-171
-15
127
253
353
353
251
87
-134
-340
-424
-425
-405
-290
-28
314
694
1133
1625
2107
2492
2726
2831
2834
2703
2444
2105
1707
1295
947
701
557
554
668
776
760
609
373
91
-219
-547
-844
-1061
-1223
-1374
-1508
-1592
-1630
-1626
-1543
-1313
-917
-416
117
655
1157
1516
1636
1482
1029
298
-555
-1349
-2021
-2552
-2917
-3134
-3289
-3444
-3571
-3623
-3607
-3536
-3376
-3104
-2749
-2373
-2004
-1644
-1275
-882
-466
-44
379
824
1313
1850
2435
3060
3702
4331
4910
5384
5709
5875
5890
5749
5453
5021
4491
3907
3297
2639
1909
1130
306
-525
-1244
-1741
-2010
-2095
-2015
-1800
-1518
-1242
-996
-782
-632
-566
-541
-523
-552
-680
-916
-1243
-1641
-2033
-2317
-2442
-2384
-2092
-1535
-798
-27
697
1336
1822
2017
1718
723
-970
-2997
-4734
-5656
-5640
-4966
-4028
-3090
-2269
-1607
-1177
-1085
-1314
-1541
-1352
-635
375
1414
2328
3020
3463
3705
3780
3666
3431
3237
3124
2930
2505
1894
1234
623
111
-236
-407
-476
-495
-452
-381
-358
-366
-299
-140
34
204
430
714
979
1172
1253
1133
731
100
-615
-1303
-1923
-2506
-3074
-3618
-4078
-4385
-4470
-4185
-3406
-2229
-952
208
1258
2238
3044
3583
3961
4355
4782
5124
5362
5543
5652
5605
5361
4957
4446
3861
3238
2585
1888
1157
431
-296
-1062
-1847
-2532
-3015
-3312
-3500
-3609
-3624
-3561
-3495
-3486
-3485
-3403
-3254
-3157
-3162
-3221
-3323
-3528
-3808
-4049
-4201
-4270
-4192
-3921
-3586
-3362
-3233
-3082
-2935
-2884
-2811
-2490
-1917
-1299
-725
-78
677
1404
2008
2595
3277
3960
4479
4804
5056
5305
5478
5508
5403
5232
5036
4825
4598
4358
4112
3861
3612
3371
3128
2897
2733
2650
2587
2476
2270
1838
964
-424
-2066
-3574
-4704
-5353
-5453
-5029
-4254
-3323
-2297
-1162
41
1172
2081
2716
3111
3307
3337
3245
3058
2740
2267
1608
712
-415
-1614
-2664
-3476
-4047
-4298
-4132
-3661
-3158
-2783
-2482
-2177
-1910
-1724
-1531
-1196
-692
-49
710
1443
1750
1204
-207
-2053
-3876
-5421
-6460
-6798
-6598
-6305
-6032
-5437
-4423
-3473
-2920
-2407
-1538
-592
-60
160
517
1001
1221
1120
1043
1160
1324
1495
1879
2597
3489
4340
5030
5495
5726
5855
6047
6290
6435
6463
6502
6544
6389
5988
5593
5445
5420
5249
4895
4484
3967
3161
2076
991
88
-711
-1553
-2418
-3190
-3871
-4577
-5400
-6269
-7001
-7440
-7594
-7620
-7623
-7518
-7175
-6671
-6196
-5718
-4970
-3916
-2945
-2386
-2106
-1852
-1748
-2034
-2468
-2456
-1769
-773
149
992
1850
2579
2976
3092
3147
3270
3450
3660
3911
4216
4555
4851
4992
4960
4901
4962
5089
5107
4994
4899
4863
4743
4469
4218
4146
4121
3899
3464
3004
2582
2098
1531
996
583
229
-175
-637
-1056
-1360
-1626
-2012
-2567
-3203
-3834
-4455
-5061
-5605
-6088
-6529
-6928
-7266
-7506
-7573
-7427
-7159
-6902
-6627
-6213
-5650
-5013
-4329
-3619
-3020
-2749
-2953
-3459
-3703
-3178
-2147
-1504
-1678
-2115
-2296
-2505
-2964
-2916
-1652
100
977
821
607
786
876
718
918
1766
2663
3032
3086
3351
3938
4673
5506
6462
7476
8521
9660
10799
11671
12184
12511
12662
12407
11754
11168
10959
10786
10119
8937
7674
6517
5261
3875
2728
2047
1460
466
-896
-2216
-3335
-4420
-5496
-6406
-7194
-8066
-8985
-9654
-9968
-10108
-10220
-10297
-10346
-10405
-10346
-9958
-9237
-8439
-7761
-7188
-6634
-6097
-5534
-4786
-3808
-2810
-2050
-1512
-1035
-572
-157
282
810
1295
1570
1673
1760
1855
1892
1884
1872
1805
1635
1431
1302
1233
1145
1004
843
703
624
669
868
1158
1445
1670
1862
2076
2358
2730
3192
3683
4092
4335
4442
4504
4592
4708
4821
4883
4856
4744
4566
4307
3953
3575
3259
2993
2678
2272
1829
1401
985
544
96
-293
-623
-987
-1475
-2205
-3511
-5442
-7065
-7031
-5512
-4461
-5112
-6412
-6989
-7425
-8655
-9516
-8181
-5500
-4206
-4987
-5839
-5460
-4812
-4658
-4032
-2105
92
1244
1556
2032
2906
3807
4653
5502
6211
6755
7433
8154
8367
7940
7502
7340
6919
6005
5376
5661
6111
5578
4117
2789
2004
1249
279
-334
-295
-316
-1168
-2611
-3777
-4337
-4592
-4796
-4863
-4776
-4753
-5003
-5544
-6115
-6334
-5982
-5344
-4847
-4536
-4096
-3531
-3211
-3166
-2864
-1934
-787
36
607
1362
2213
2693
2771
2995
3680
4466
4958
5197
5438
5561
5332
4816
4383
4210
4134
3935
3499
2867
2101
1297
486
-284
-897
-1246
-1487
-1928
-2584
-3142
-3443
-3684
-4013
-4206
-4055
-3751
-3608
-3592
-3426
-3081
-2745
-2496
-2121
-1507
-788
-184
258
656
1061
1483
1870
2291
2756
3211
3508
3591
3548
3508
3563
3603
3574
3423
3235
2987
2679
2334
2015
1700
1133
-90
-2273
-4669
-5742
-4691
-3058
-3060
-4812
-6422
-7098
-8029
-9332
-9025
-6220
-3564
-3680
-5459
-5955
-4824
-3890
-3429
-1960
651
2515
2758
2616
3342
4579
5616
6460
7293
8023
8723
9592
10209
10003
9279
8859
8703
8140
7329
7162
7549
7158
5309
3035
1617
976
275
-610
-1166
-1519
-2476
-4296
-6107
-7001
-7055
-6985
-7175
-7462
-7680
-7909
-8253
-8519
-8457
-8082
-7696
-7398
-6878
-5919
-4816
-4075
-3755
-3491
-2963
-2151
-1089
198
1510
2452
2767
2664
2663
3151
4045
4955
5572
5804
5669
5221
4695
4402
4452
4622
4576
4203
3622
3015
2448
1918
1424
1017
711
433
109
-236
-535
-813
-1154
-1540
-1769
-1681
-1388
-1154
-1092
-1114
-1132
-1156
-1118
-826
-237
396
767
835
798
811
912
1101
1423
1814
2062
2007
1752
1530
1434
1382
1295
1219
1179
1092
856
525
239
49
-126
-306
-469
-645
-1013
-1849
-3495
-5780
-7401
-6884
-4763
-3652
-4958
-7000
-7739
-7900
-8919
-9522
-7494
-4092
-2931
-4601
-5918
-4956
-3404
-2835
-2082
152
2599
3510
3352
3730
4869
5928
6674
7429
8219
8953
9858
10729
10790
9868
8978
8822
8782
8230
7771
8044
8144
6743
4212
2297
1720
1526
808
-74
-586
-1215
-2705
-4675
-5937
-6077
-5840
-5984
-6393
-6667
-6825
-7124
-7512
-7694
-7503
-6973
-6239
-5471
-4866
-4494
-4231
-3892
-3396
-2727
-1848
-781
204
782
982
1178
1595
2083
2517
3027
3646
4037
3928
3517
3219
3129
3056
2933
2855
2775
2497
1953
1311
770
402
155
-63
-304
-572
-853
-1181
-1566
-1883
-1976
-1857
-1710
-1636
-1567
-1431
-1295
-1224
-1143
-929
-566
-169
177
477
774
1034
1185
1246
1353
1631
2009
2299
2406
2424
2448
2433
2296
2124
2080
2156
2142
1911
1603
1375
1181
928
706
625
587
432
233
81
-159
-661
-1483
-2946
-5143
-6815
-6124
-3560
-2274
-4000
-6521
-7188
-7012
-8064
-8927
-6752
-2952
-1896
-4262
-6045
-4909
-3089
-2648
-2124
152
2635
3258
2707
2935
4076
5084
5772
6573
7363
7949
8737
9658
9741
8616
7510
7424
7697
7327
6803
7017
7252
5939
3193
992
517
810
470
-438
-1087
-1604
-2895
-4909
-6344
-6361
-5701
-5583
-6100
-6505
-6536
-6632
-6958
-7102
-6765
-6115
-5374
-4601
-3903
-3321
-2711
-2108
-1924
-2135
-1846
-472
1162
1944
2058
2304
2561
2222
1755
2236
3592
4568
4475
3838
3284
2842
2405
2181
2317
2568
2506
1971
1138
362
-99
-283
-464
-768
-976
-924
-877
-1208
-1740
-1975
-1846
-1774
-1836
-1615
-1008
-544
-636
-960
-987
-664
-284
69
512
1004
1292
1249
1069
1043
1262
1554
1730
1770
1804
1880
1866
1638
1323
1192
1265
1269
1069
868
835
790
493
70
-154
-102
-16
-63
-164
-186
-183
-252
-347
-598
-1665
-3864
-5841
-5510
-3073
-1454
-2445
-4236
-4645
-4743
-6355
-7827
-6119
-2288
-616
-2290
-3982
-3405
-2274
-2343
-2191
-154
2417
3332
2904
2910
3701
4429
4934
5589
6188
6499
7058
8088
8611
7895
6843
6573
6591
5855
4896
5062
6000
5780
3714
1403
386
191
-409
-1282
-1456
-1118
-1600
-3352
-5146
-5767
-5505
-5365
-5549
-5558
-5309
-5268
-5594
-5899
-5867
-5549
-5053
-4434
-3843
-3348
-2767
-2027
-1518
-1543
-1706
-1398
-618
185
853
1467
1901
1923
1636
1420
1536
1996
2589
2965
2893
2532
2166
1827
1431
1129
1142
1322
1274
891
454
185
-6
-301
-611
-695
-524
-363
-389
-457
-395
-304
-349
-439
-328
14
391
649
786
860
908
943
1011
1176
1462
1776
1943
1887
1721
1611
1579
1535
1458
1428
1447
1383
1135
804
557
410
250
56
-77
-116
-171
-324
-515
-660
-742
-796
-826
-806
-694
-542
-500
-678
-1059
-1767
-3040
-4471
-4859
-3645
-2172
-2158
-3306
-3954
-3966
-4720
-6103
-5997
-3723
-1625
-1717
-2802
-2725
-1774
-1542
-1825
-1040
848
2225
2429
2478
3114
3855
4256
4595
5036
5277
5395
5870
6602
6857
6482
6122
6007
5515
4435
3657
3872
4390
4049
2864
1781
1176
468
-635
-1476
-1466
-1109
-1356
-2290
-3160
-3545
-3786
-4183
-4475
-4376
-4108
-4030
-4132
-4185
-4132
-4016
-3788
-3487
-3272
-3124
-2764
-2161
-1703
-1588
-1437
-940
-427
-317
-361
-43
582
1010
1091
1147
1362
1551
1526
1401
1377
1502
1629
1597
1416
1260
1240
1225
1036
721
521
529
548
395
175
119
209
201
24
-87
37
233
264
191
232
401
526
531
521
601
749
865
898
876
890
963
1004
930
791
712
712
679
555
423
368
319
152
-92
-245
-247
-213
-257
-341
-380
-397
-472
-585
-639
-581
-474
-410
-404
-393
-352
-319
-352
-527
-960
-1656
-2282
-2385
-1982
-1649
-1746
-1947
-1901
-1947
-2512
-3139
-2991
-2180
-1661
-1752
-1755
-1235
-706
-660
-710
-287
409
804
871
1065
1563
2110
2525
2875
3164
3268
3215
3203
3300
3391
3471
3662
3878
3793
3301
2768
2533
2445
2183
1799
1588
1537
1288
717
157
-82
-154
-413
-862
-1206
-1336
-1464
-1712
-1912
-1926
-1904
-2051
-2310
-2497
-2562
-2573
-2523
-2379
-2229
-2192
-2226
-2196
-2097
-2021
-1957
-1779
-1497
-1292
-1228
-1166
-987
-766
-602
-455
-263
-76
29
81
165
326
523
699
829
917
956
935
892
891
969
1082
1168
1197
1188
1157
1126
1120
1144
1166
1142
1068
980
915
874
839
812
802
771
673
523
407
364
359
347
327
288
191
47
-64
-89
-70
-73
-111
-166
-250
-362
-448
-450
-397
-371
-415
-485
-528
-531
-498
-415
-301
-223
-226
-260
-261
-231
-191
-124
-30
21
-5
-43
1
101
153
77
-140
-431
-676
-786
-783
-757
-729
-673
-653
-791
-1051
-1234
-1215
-1108
-1074
-1085
-1023
-889
-793
-745
-636
-431
-228
-115
-49
44
175
348
560
795
1005
1177
1339
1482
1567
1599
1647
1742
1804
1750
1644
1614
1661
1650
1528
1410
1374
1315
1118
857
691
633
551
399
262
187
96
-72
-255
-377
-455
-525
-588
-653
-763
-919
-1043
-1097
-1140
-1215
-1256
-1222
-1198
-1271
-1386
-1423
-1366
-1300
-1261
-1215
-1148
-1098
-1083
-1046
-936
-766
-605
-503
-457
-419
-344
-223
-83
50
162
251
311
353
396
478
600
709
742
702
659
670
714
740
745
750
751
705
611
542
549
578
533
412
309
271
264
238
210
211
201
145
57
-1
-4
18
27
14
-4
-9
-4
-7
-12
7
62
126
163
171
174
171
144
99
85
135
215
255
212
136
91
62
10
-46
-45
13
35
-41
-162
-236
-286
-380
-515
-594
-592
-599
-681
-787
-827
-818
-844
-916
-944
-898
-860
-877
-885
-814
-692
-600
-528
-412
-251
-107
-5
90
184
256
325
450
634
800
897
942
970
978
971
994
1068
1141
1140
1074
1015
984
933
844
780
770
749
646
502
409
357
257
87
-50
-89
-91
-146
-247
-320
-365
-446
-573
-689
-748
-762
-754
-742
-758
-805
-842
-834
-818
-829
-821
-752
-667
-638
-642
-598
-511
-435
-384
-306
-187
-74
0
40
60
82
132
213
290
343
380
402
389
340
299
296
314
312
287
258
224
181
144
124
106
69
17
-25
-42
-41
-26
-1
22
6
-53
-110
-120
-84
-39
5
47
68
55
27
29
77
153
218
247
250
260
287
311
308
295
293
292
261
204
170
167
144
64
-56
-172
-264
-327
-358
-369
-403
-479
-556
-602
-631
-663
-660
-602
-540
-537
-548
-490
-372
-265
-183
-83
41
146
216
302
427
546
616
657
716
795
863
909
939
949
933
900
887
903
925
932
903
837
739
647
592
554
472
321
135
-44
-214
-385
-553
-705
-850
-1013
-1207
-1405
-1565
-1696
-1836
-1988
-2098
-2145
-2163
-2173
-2130
-1997
-1797
-1571
-1312
-982
-594
-179
241
664
1063
1398
1664
1870
2033
2162
2254
2275
2203
2075
1944
1805
1633
1444
1286
1139
937
686
465
296
115
-117
-359
-566
-759
-979
-1221
-1460
-1698
-1941
-2161
-2317
-2401
-2427
-2393
-2296
-2167
-2030
-1867
-1644
-1359
-1043
-690
-281
172
630
1069
1486
1857
2161
2404
2606
2754
2835
2875
2891
2858
2751
2603
2470
2350
2188
1980
1767
1584
1413
1222
1017
838
684
504
272
27
-178
-369
-605
-880
-1127
-1322
-1503
-1686
-1848
-1967
-2074
-2183
-2268
-2300
-2287
-2246
-2177
-2088
-2009
-1947
-1870
-1756
-1626
-1497
-1367
-1240
-1124
-1033
-944
-831
-688
-535
-394
-282
-191
-96
22
161
313
470
611
709
767
809
856
909
968
1033
1093
1128
1149
1182
1231
1264
1255
1221
1183
1128
1064
1017
999
978
932
876
819
743
639
535
453
388
328
289
285
291
267
226
186
157
147
177
237
285
303
319
348
350
308
270
280
300
281
231
191
169
124
52
-29
-100
-163
-237
-349
-487
-597
-640
-655
-704
-757
-777
-771
-792
-827
-822
-779
-740
-723
-693
-655
-635
-634
-610
-580
-594
-637
-647
-597
-569
-603
-657
-674
-685
-734
-785
-774
-703
-646
-641
-670
-697
-718
-712
-668
-599
-523
-448
-370
-324
-328
-342
-304
-242
-223
-240
-216
-117
-1
113
253
447
653
843
1038
1265
1519
1769
2005
2207
2368
2483
2569
2618
2598
2503
2322
2051
1687
1289
939
696
567
544
616
748
890
983
1021
1022
1001
949
859
728
561
361
133
-103
-339
-565
-792
-1005
-1205
-1399
-1605
-1793
-1933
-2025
-2082
-2093
-2035
-1930
-1803
-1663
-1481
-1247
-994
-758
-559
-424
-377
-384
-393
-375
-371
-409
-506
-681
-944
-1268
-1559
-1761
-1875
-1946
-1976
-1950
-1847
-1681
-1461
-1172
-825
-454
-118
179
467
758
1020
1195
1280
1325
1363
1386
1405
1425
1455
1480
1501
1537
1595
1685
1782
1861
1896
1892
1871
1838
1781
1688
1584
1470
1324
1107
840
564
300
41
-220
-455
-601
-656
-709
-820
-931
-960
-953
-1008
-1086
-1054
-907
-772
-715
-651
-523
-401
-368
-379
-347
-268
-204
-170
-123
-31
111
298
512
712
887
1064
1218
1284
1260
1228
1235
1215
1097
900
670
420
142
-155
-453
-731
-975
-1203
-1477
-1798
-2080
-2252
-2369
-2481
-2534
-2476
-2372
-2310
-2252
-2121
-1922
-1696
-1443
-1152
-847
-550
-242
62
304
504
737
1003
1227
1388
1544
1703
1815
1859
1880
1894
1887
1868
1862
1856
1815
1750
1678
1583
1451
1321
1212
1097
946
802
706
616
484
327
215
141
30
-141
-298
-397
-496
-635
-758
-827
-906
-1057
-1240
-1400
-1537
-1672
-1773
-1803
-1795
-1789
-1770
-1713
-1635
-1565
-1481
-1326
-1092
-834
-590
-322
-14
284
527
729
919
1065
1161
1205
1059
558
-100
-409
-203
58
-21
-196
-103
-49
-536
-1288
-1497
-1017
-543
-501
-503
-162
232
297
237
467
928
1261
1364
1450
1678
2032
2434
2791
2985
2996
2930
2866
2803
2779
2888
3135
3347
3304
2931
2398
1969
1712
1428
983
540
229
-181
-967
-1924
-2573
-2889
-3297
-3938
-4450
-4597
-4662
-4912
-5167
-5137
-4910
-4788
-4812
-4777
-4553
-4205
-3830
-3439
-3002
-2508
-2005
-1585
-1248
-841
-248
431
990
1394
1788
2250
2682
2992
3263
3605
3960
4159
4188
4204
4296
4369
4297
4079
3786
3459
3077
2633
2169
1770
1452
1112
629
67
-376
-640
-858
-1135
-1387
-1518
-1609
-1773
-1939
-1956
-1838
-1725
-1689
-1643
-1497
-1289
-1094
-903
-688
-478
-324
-208
-60
163
424
663
832
892
853
816
856
922
954
1012
1142
1203
1045
821
721
288
-1147
-3041
-3725
-2671
-1545
-1878
-2802
-2799
-2616
-3957
-5955
-5940
-3718
-2019
-2273
-2854
-2257
-1449
-1674
-2084
-1257
453
1681
2067
2279
2829
3661
4413
4751
4680
4638
4991
5531
5835
5946
6121
6169
5665
4584
3392
2689
2754
3117
2866
1732
505
-151
-794
-2067
-3181
-3003
-2242
-2622
-4098
-4923
-4534
-4290
-4958
-5448
-4885
-4112
-4101
-4344
-3956
-3187
-2756
-2686
-2547
-2156
-1518
-683
75
431
576
946
1342
1302
1202
1766
2673
2948
2512
2189
2318
2350
1985
1725
1888
2013
1694
1178
840
683
504
190
-170
-401
-439
-369
-417
-716
-971
-886
-755
-924
-1048
-668
-99
-11
-327
-348
55
278
192
326
808
1144
1077
905
930
1088
1215
1289
1303
1265
1288
1355
1248
993
912
1039
975
624
451
639
710
383
73
111
178
-34
-292
-244
-106
-909
-3415
-6304
-6698
-3994
-1621
-2602
-5079
-5583
-4976
-6337
-8372
-6899
-2548
-642
-2793
-4602
-3068
-733
-443
-843
415
2686
4039
4335
4716
5669
6698
6942
6114
5370
6314
8560
9743
8705
6928
5937
5266
4181
3426
3766
4339
3785
1939
-345
-2045
-2537
-2262
-2534
-3756
-4597
-4196
-3925
-5154
-6583
-6307
-5225
-5472
-6461
-5746
-3337
-1991
-2929
-4122
-3679
-2415
-1793
-1361
46
1878
2412
1381
436
788
1776
2352
2586
2933
3172
2843
2075
1418
1177
1262
1323
1043
610
550
658
78
-1136
-1850
-1630
-1285
-1303
-1194
-795
-842
-1591
-2175
-1931
-1199
-492
40
291
231
150
256
417
631
1146
1818
2074
1852
1740
1938
1927
1535
1333
1636
1975
1916
1633
1397
1146
742
375
364
704
990
899
478
9
-245
-222
-60
24
-9
-61
-80
-139
-207
-95
91
31
-330
-1087
-2899
-5397
-6171
-3816
-1155
-1941
-5094
-6384
-5307
-5311
-6859
-6329
-3004
-1171
-2960
-4726
-3145
-319
263
-777
-425
1846
4000
4824
4993
5417
5999
6018
5438
5464
7078
9161
9448
7565
5588
5129
5369
4957
4169
3871
3712
2765
1096
-423
-1296
-1739
-2276
-3209
-4139
-4262
-3639
-3605
-4960
-6508
-6621
-5597
-4947
-4840
-4112
-2746
-2335
-3412
-4138
-2924
-936
-271
-639
-101
1474
2178
1388
800
1493
2246
1943
1568
2280
3185
2764
1323
361
369
626
626
492
348
69
-501
-1341
-1983
-1835
-1173
-1017
-1543
-1747
-1286
-1084
-1538
-1722
-1117
-473
-301
-85
480
851
700
489
675
1182
1740
2148
2238
2056
1854
1744
1629
1590
1783
1963
1747
1282
1004
907
711
461
386
426
397
344
353
279
27
-191
-143
59
157
151
205
291
255
149
117
208
338
-25
-1874
-4942
-6489
-4352
-996
-1044
-4433
-6477
-5468
-4918
-6507
-6745
-3677
-1186
-2610
-4937
-3808
-530
588
-818
-1242
990
3866
5179
5127
5105
5559
5756
5296
5232
6796
9099
9578
7450
5088
4760
5569
5303
3935
3153
3262
2810
1155
-573
-1355
-1706
-2570
-3781
-4320
-3788
-3076
-3470
-5110
-6602
-6569
-5354
-4440
-4261
-3822
-2783
-2356
-3199
-3800
-2565
-499
132
-618
-447
1365
2660
1925
765
1158
2269
2223
1542
2033
3240
2953
1015
-312
127
925
717
50
-171
-259
-855
-1674
-1979
-1654
-1284
-1381
-1749
-1745
-1230
-892
-1186
-1497
-1090
-315
83
245
659
1051
915
608
852
1570
2113
2236
2161
2054
1914
1784
1721
1717
1734
1689
1486
1195
994
860
614
300
199
383
548
453
219
57
-72
-229
-225
20
288
298
114
44
181
307
305
387
430
-768
-3929
-6789
-5808
-1692
87
-3006
-6598
-6347
-4698
-5709
-7305
-5310
-1712
-1644
-4474
-4793
-1479
835
-367
-1971
-485
3022
5310
5438
4943
5114
5553
5352
5077
6200
8580
9778
8111
5388
4504
5480
5762
4344
3021
3047
3199
2052
150
-1084
-1616
-2419
-3616
-4238
-3680
-2796
-2975
-4587
-6402
-6786
-5577
-4282
-3961
-3938
-3162
-2303
-2656
-3552
-3011
-1005
137
-402
-539
1149
2800
2278
698
620
1924
2502
1973
1960
2794
2792
1292
-104
20
826
844
99
-381
-342
-437
-1104
-1831
-1907
-1458
-1277
-1555
-1566
-1051
-818
-1345
-1736
-1184
-264
141
234
516
772
684
585
917
1468
1812
1885
1880
1840
1773
1692
1568
1416
1388
1459
1427
1216
938
662
355
124
179
469
623
478
236
91
22
27
137
283
352
392
500
557
508
459
482
578
439
-1214
-4682
-6960
-4785
-506
-123
-4331
-7181
-5667
-4356
-6396
-7527
-4271
-1021
-2478
-5440
-4264
-318
828
-1394
-2252
576
4179
5499
4968
4618
5097
5469
5142
5245
7011
9375
9556
6974
4550
4733
6039
5571
3613
2736
3355
3265
1429
-571
-1330
-1682
-2796
-4041
-4046
-3008
-2580
-3703
-5641
-6801
-6320
-4921
-4002
-3936
-3752
-2890
-2364
-2973
-3487
-2381
-495
81
-451
109
2020
2872
1535
227
987
2526
2713
2066
2270
2891
2217
525
-208
549
1198
665
-188
-359
-235
-696
-1612
-2016
-1584
-1088
-1203
-1530
-1358
-999
-1229
-1796
-1665
-686
86
99
-4
247
416
275
385
1033
1643
1753
1634
1653
1698
1558
1362
1323
1439
1560
1561
1373
1084
832
626
409
349
610
875
754
417
227
195
128
118
306
481
431
280
308
405
394
380
484
674
242
-2144
-5638
-6528
-3072
346
-1211
-5555
-6694
-4505
-4332
-6750
-6478
-2680
-978
-3523
-5265
-2559
780
353
-1998
-1629
1836
4802
5309
4596
4445
5003
5116
4731
5294
7406
9215
8263
5398
3887
4862
5773
4446
2552
2439
3212
2509
351
-1134
-1443
-2048
-3430
-4263
-3569
-2523
-2783
-4364
-5972
-6333
-5415
-4211
-3654
-3615
-3162
-2330
-2178
-2847
-2957
-1615
-168
-33
-203
960
2633
2515
812
162
1472
2711
2447
1984
2507
2747
1510
26
4
896
1065
331
-269
-262
-234
-763
-1596
-1933
-1466
-908
-1002
-1317
-1124
-832
-1236
-1762
-1291
-147
396
195
126
378
424
350
720
1390
1700
1577
1511
1580
1491
1225
1084
1145
1255
1317
1304
1131
824
481
177
23
204
614
790
553
237
159
138
51
103
388
592
546
458
501
553
503
483
601
-173
-2996
-6033
-5545
-1552
545
-2395
-6212
-6031
-4014
-4826
-6786
-5115
-1488
-1292
-4262
-4818
-1499
874
-445
-2189
-661
2930
5012
4816
4068
4214
4867
4859
4636
5668
7932
9031
7155
4310
3650
5085
5487
3696
2272
2745
3258
1856
-434
-1432
-1508
-2328
-3675
-3926
-2839
-2228
-3208
-4964
-6087
-5868
-4796
-3767
-3305
-3197
-2753
-2221
-2369
-2878
-2470
-938
140
6
82
1388
2543
1813
310
397
1836
2512
1979
1805
2364
2131
702
-279
202
984
784
42
-221
-76
-310
-1053
-1582
-1390
-827
-608
-809
-870
-669
-770
-1253
-1286
-465
414
574
345
401
570
431
328
760
1448
1702
1480
1258
1248
1227
1002
778
852
1102
1185
960
661
461
226
-98
-181
154
548
580
318
78
14
35
106
251
441
516
462
437
532
614
499
415
294
-1210
-4340
-6067
-3663
34
-359
-4448
-6556
-4811
-3772
-5687
-6299
-3215
-778
-2458
-4829
-3346
27
604
-1387
-1706
1149
4200
5005
4322
3945
4462
4918
4779
5022
6584
8438
8179
5669
3717
4226
5472
4744
2832
2344
3141
2837
735
-1082
-1387
-1597
-2798
-3823
-3317
-2268
-2562
-4173
-5642
-5924
-5220
-4277
-3592
-3301
-3045
-2611
-2428
-2718
-2768
-1725
-308
108
-147
429
1803
2111
881
118
1121
2451
2410
1746
1858
2126
1315
70
-49
786
1066
368
-357
-458
-391
-707
-1276
-1541
-1189
-688
-698
-1060
-1047
-716
-818
-1213
-926
103
737
484
212
452
705
654
780
1312
1721
1693
1478
1366
1350
1328
1289
1207
1117
1107
1085
876
534
349
300
175
152
351
412
136
-108
-46
130
166
146
271
349
196
124
302
465
436
370
459
302
-1413
-4598
-6081
-3566
-98
-548
-4327
-6187
-4659
-3991
-5885
-6197
-3021
-774
-2502
-4671
-3167
-66
290
-1605
-1695
1210
4161
4863
4153
3844
4381
4746
4555
4921
6672
8521
8112
5554
3705
4263
5394
4647
2931
2601
3337
2851
696
-1050
-1333
-1566
-2718
-3650
-3156
-2243
-2612
-4210
-5637
-5851
-5098
-4126
-3456
-3222
-3035
-2690
-2570
-2884
-2812
-1569
-34
378
-124
59
1294
1955
1161
362
1117
2480
2622
1766
1409
1685
1327
257
-69
780
1368
603
-580
-926
-658
-684
-1133
-1267
-850
-548
-787
-1159
-1111
-810
-734
-873
-674
39
565
444
146
241
602
833
1005
1364
1699
1622
1263
1093
1206
1347
1338
1222
1139
1059
885
652
456
342
292
268
247
260
265
109
-113
-159
-1
200
272
244
231
208
141
168
357
483
474
489
577
610
-436
-3333
-5963
-4939
-1033
510
-2527
-5863
-5504
-3969
-5100
-6536
-4325
-974
-1287
-4162
-4418
-1427
345
-960
-2087
-96
3236
4762
4289
3546
3761
4401
4433
4466
5748
7942
8625
6473
3797
3467
4992
5311
3733
2834
3490
3567
1560
-819
-1415
-1109
-1752
-3029
-3189
-2183
-1992
-3458
-5324
-5980
-5221
-4122
-3424
-3177
-2989
-2734
-2777
-3194
-3236
-2036
-268
478
89
171
1332
1720
270
-695
1032
3521
3510
1691
1135
1774
1153
-407
-185
1663
2083
429
-909
-801
-589
-1117
-1517
-1242
-790
-674
-894
-1249
-1469
-1347
-1208
-1210
-774
287
905
329
-429
-269
369
705
1054
1806
2168
1578
855
906
1360
1466
1436
1588
1665
1403
911
537
394
394
384
329
425
576
391
-192
-609
-317
262
451
358
444
577
296
-140
-71
481
833
742
649
793
818
671
240
-1693
-4915
-6101
-2957
774
-293
-4775
-6601
-4781
-4357
-6477
-6053
-1978
-13
-2997
-5825
-3815
-278
-138
-2079
-1510
1917
4381
4217
3193
3191
4076
4440
4288
5010
7130
8872
7740
4562
2869
4114
5694
5004
3501
3466
3876
2387
-451
-1668
-850
-584
-1904
-3021
-2498
-1838
-2852
-4795
-5847
-5378
-4304
-3461
-3018
-2908
-2885
-3001
-3392
-3614
-2739
-677
872
620
-259
76
1229
1306
382
383
1789
2954
2818
2238
1978
1533
540
-247
80
1165
1769
1111
-378
-1493
-1695
-1487
-1361
-1068
-491
-421
-1292
-2220
-2181
-1499
-1079
-890
-433
110
207
-70
-194
-33
294
772
1378
1827
1904
1690
1309
950
983
1481
2020
2158
1851
1346
769
313
230
522
799
769
512
142
-249
-476
-440
-257
-54
160
354
327
78
-118
-66
105
288
566
821
854
714
621
619
583
669
309
-1874
-4893
-5206
-1748
767
-1540
-5511
-5960
-4000
-4384
-6305
-4949
-1330
-970
-4391
-5908
-2987
-97
-587
-2011
-797
2114
3522
3118
2728
3342
4272
4349
4170
5054
7120
8339
6780
4105
3409
4966
5951
4865
3732
3859
3658
1720
-480
-696
200
-73
-1586
-2567
-2375
-2389
-3468
-4755
-5206
-4731
-3959
-3442
-3395
-3619
-3618
-3432
-3516
-3538
-2516
-606
407
-317
-1054
-211
1132
1182
629
1297
2689
2793
1710
1430
2300
2494
1358
520
1044
1775
1355
291
-200
-160
-466
-1168
-1471
-1097
-782
-1183
-1887
-2131
-1838
-1558
-1522
-1356
-951
-711
-834
-896
-488
62
334
472
760
1113
1211
1166
1298
1540
1669
1665
1736
1838
1773
1544
1298
1187
1196
1190
1104
924
746
545
263
39
15
147
129
-29
-103
-34
-86
-264
-266
49
251
140
-9
94
259
248
267
467
663
645
-17
-2107
-4659
-4876
-1864
541
-1049
-4407
-5116
-3832
-4351
-5922
-4538
-1088
-518
-3620
-5399
-3197
-596
-687
-1584
-363
2071
3050
2414
1995
2765
3893
4157
4000
4675
6481
7674
6406
3945
3156
4532
5560
4761
3834
4050
3866
1846
-509
-685
590
745
-709
-2006
-2143
-2269
-3289
-4407
-4593
-3922
-3348
-3374
-3744
-3919
-3600
-3392
-3723
-3851
-2695
-799
-116
-990
-1513
-602
437
295
166
1532
3175
2911
1046
229
1452
2727
2424
1613
1793
2248
1347
-271
-516
663
1133
-8
-1077
-900
-579
-1228
-2067
-1928
-1285
-1260
-1675
-1689
-1305
-1215
-1566
-1651
-1075
-267
132
120
141
325
439
492
884
1666
2169
1965
1498
1419
1661
1769
1785
1960
2178
1927
1245
786
856
1058
932
582
421
454
269
-203
-475
-296
-98
-219
-423
-308
-93
-282
-685
-696
-257
76
84
77
198
233
62
78
103
-1104
-3349
-4138
-2043
257
-564
-3263
-4206
-3361
-3709
-5023
-3998
-1001
-212
-2825
-4927
-3668
-1370
-808
-1061
-140
1367
1673
951
723
1715
3166
3860
3717
3719
4662
5745
5301
3727
3182
4292
5157
4521
3810
4120
4086
2370
342
202
1349
1611
567
-563
-1150
-1833
-2773
-3237
-2932
-2396
-2286
-2748
-3539
-4087
-3865
-3243
-2957
-2989
-2564
-1640
-1363
-2007
-2249
-1278
-176
-92
-215
606
1626
1411
399
325
1362
2063
1874
1683
1977
1941
1086
265
368
1038
1265
790
193
-152
-488
-1005
-1298
-952
-423
-549
-1307
-1825
-1720
-1529
-1588
-1417
-809
-426
-747
-1173
-944
-330
36
202
586
1049
1096
828
804
1172
1569
1726
1800
1904
1871
1599
1288
1277
1519
1656
1506
1232
1048
854
508
217
260
514
516
161
-167
-273
-369
-571
-614
-377
-188
-318
-575
-632
-482
-346
-272
-105
61
-388
-1845
-3313
-3156
-1420
-275
-1089
-2516
-2889
-2816
-3468
-3857
-2490
-589
-680
-2547
-3507
-2534
-1333
-1053
-739
346
1174
796
43
269
1503
2681
3096
3022
3146
3609
3790
3314
2880
3337
4186
4207
3466
3124
3344
2990
1783
989
1353
1890
1533
637
11
-438
-1128
-1765
-1792
-1350
-1095
-1391
-2121
-2852
-3126
-2834
-2396
-2195
-2064
-1778
-1685
-2118
-2521
-2078
-1056
-501
-623
-608
-148
34
-365
-498
232
1091
1196
790
555
500
381
446
882
1270
1200
808
342
-88
-216
117
451
300
-82
-297
-533
-939
-1034
-618
-313
-523
-778
-723
-696
-843
-749
-310
-36
-130
-194
-2
193
270
418
706
936
1006
1008
1016
1030
1075
1163
1264
1355
1406
1328
1087
846
778
830
845
793
695
507
237
20
-78
-112
-128
-134
-219
-434
-660
-733
-664
-552
-457
-418
-460
-527
-549
-522
-444
-290
-161
-270
-661
-1123
-1387
-1336
-1021
-691
-674
-1053
-1536
-1806
-1847
-1714
-1370
-955
-868
-1253
-1677
-1642
-1180
-669
-288
3
175
158
72
193
644
1229
1641
1740
1660
1614
1661
1742
1886
2173
2480
2526
2247
1915
1759
1717
1642
1561
1541
1499
1282
893
529
347
300
256
149
12
-138
-345
-630
-885
-966
-868
-766
-818
-976
-1088
-1158
-1276
-1371
-1296
-1103
-990
-1044
-1158
-1230
-1253
-1199
-1015
-757
-578
-568
-672
-736
-659
-485
-290
-96
50
31
-134
-224
-93
133
245
252
278
305
229
116
120
254
355
327
266
264
264
221
225
351
494
503
404
328
320
344
397
475
506
425
305
251
263
277
294
341
326
171
-15
-44
66
123
84
72
104
42
-118
-210
-146
-48
-33
-73
-96
-85
-83
-122
-162
-118
21
116
64
-34
-34
20
3
-39
39
177
181
32
-79
-61
-25
-47
-66
-50
-71
-178
-276
-270
-207
-188
-227
-262
-271
-289
-314
-297
-239
-198
-205
-223
-224
-230
-259
-279
-251
-186
-130
-115
-149
-215
-264
-248
-159
-55
8
20
6
-12
-11
22
80
149
225
305
333
290
251
290
363
393
404
450
498
478
418
395
413
434
456
494
533
533
490
438
422
433
426
391
365
363
326
239
171
163
131
3
-133
-161
-113
-134
-256
-376
-411
-416
-474
-558
-569
-498
-471
-559
-654
-614
-486
-435
-485
-500
-421
-342
-349
-374
-315
-203
-157
-193
-194
-91
7
-16
-104
-104
-8
57
29
-12
12
48
16
-50
-50
26
65
-1
-84
-74
-1
22
-28
-61
-21
30
5
-71
-73
50
169
150
52
48
150
198
133
106
209
315
281
181
175
247
255
169
121
185
259
218
88
11
54
115
101
56
74
123
87
-41
-95
4
129
149
98
79
85
65
31
30
73
130
159
133
69
41
57
61
36
34
79
111
90
42
9
-1
7
30
48
51
47
41
24
-8
-38
-37
-17
-10
-27
-45
-55
-82
-135
-175
-169
-146
-141
-163
-189
-215
-248
-272
-265
-235
-224
-253
-278
-263
-243
-260
-274
-239
-200
-219
-242
-191
-106
-96
-143
-146
-81
-19
-5
2
34
64
58
40
61
130
180
174
138
127
149
172
179
188
207
215
187
150
164
241
293
255
189
189
238
237
193
187
237
258
205
128
92
93
88
71
51
32
4
-47
-114
-168
-171
-119
-81
-123
-204
-234
-221
-231
-254
-214
-131
-105
-157
-193
-160
-128
-142
-145
-74
18
34
-25
-63
-25
22
23
23
72
121
99
47
50
90
89
48
32
55
66
57
52
44
11
-34
-61
-57
-32
-14
-33
-73
-91
-84
-95
-116
-110
-74
-60
-78
-75
-42
-36
-72
-89
-39
33
66
52
40
50
56
47
59
120
185
196
155
116
109
126
147
166
181
181
166
135
99
81
96
120
116
86
59
43
24
2
-1
10
8
-16
-46
-73
-87
-80
-62
-61
-89
-105
-95
-92
-113
-130
-119
-106
-116
-124
-109
-98
-117
-140
-136
-122
-107
-87
-71
-90
-113
-87
-36
-27
-45
-26
22
21
-16
-3
69
100
51
-3
12
50
44
7
1
26
20
-27
-79
-89
-76
-78
-91
-84
-58
-58
-108
-157
-150
-87
-32
-7
-2
-3
-14
-28
-14
47
119
147
118
91
110
141
151
157
185
198
174
147
161
186
187
170
171
183
179
155
132
124
135
141
124
93
68
53
35
26
30
24
-9
-51
-70
-78
-86
-91
-93
-103
-120
-131
-136
-150
-159
-153
-147
-145
-137
-124
-132
-159
-170
-152
-137
-132
-115
-97
-116
-154
-153
-114
-92
-93
-81
-52
-48
-75
-86
-47
15
45
40
34
50
71
74
67
100
162
189
144
96
117
169
167
114
104
154
169
101
39
69
123
95
13
-1
65
90
23
-33
5
65
50
-3
6
75
99
57
19
49
105
118
76
46
72
113
93
26
5
53
61
-27
-108
-86
-29
-66
-167
-209
-184
-188
-253
-305
-294
-269
-279
-307
-322
-310
-290
-287
-298
-287
-217
-140
-125
-163
-155
-81
-19
-7
23
109
172
148
110
151
234
268
252
258
293
296
263
256
279
291
259
213
190
185
187
183
161
118
61
15
3
19
37
27
-9
-54
-92
-112
-105
-67
-36
-46
-85
-102
-88
-78
-89
-82
-40
-7
-15
-33
-27
-20
-29
-33
-3
33
42
27
12
-3
-17
-22
-16
-7
8
22
6
-38
-65
-57
-47
-51
-31
12
13
-46
-99
-74
-18
1
-14
-12
5
0
-36
-53
-30
2
3
-19
-25
-10
-11
-41
-67
-55
-14
2
-17
-34
-30
-18
-21
-23
3
43
61
41
21
38
72
87
82
95
123
129
97
63
69
104
108
76
47
45
47
16
-27
-42
-32
-41
-78
-103
-93
-88
-120
-164
-167
-133
-111
-120
-131
-121
-102
-97
-94
-69
-26
-1
-2
-5
18
54
72
77
91
113
124
117
117
134
150
146
132
127
131
127
111
92
80
79
73
50
22
9
7
-2
-24
-39
-42
-49
-72
-90
-83
-72
-78
-98
-111
-103
-90
-82
-80
-84
-85
-83
-78
-69
-52
-30
-29
-54
-69
-44
-6
1
-12
-8
7
7
-7
4
37
45
18
4
29
57
54
41
40
45
39
36
54
72
70
54
42
37
45
60
72
67
52
46
47
40
25
20
33
41
22
1
-4
-3
-17
-38
-38
-19
-11
-31
-56
-57
-45
-38
-39
-40
-29
-19
-19
-26
-27
-14
-2
-2
-9
-3
9
13
0
-15
-16
-10
-10
-17
-21
-23
-35
-50
-60
-58
-54
-59
-65
-68
-67
-66
-68
-69
-68
-60
-48
-31
-18
-14
-12
-5
7
23
36
52
64
71
70
72
81
88
88
87
94
97
97
90
81
74
62
59
61
63
61
54
43
28
16
11
11
16
17
10
-4
-15
-18
-13
-6
-5
-7
-8
-10
-16
-21
-18
-10
-4
-9
-17
-16
-12
-18
-29
-28
-20
-23
-38
-46
-41
-38
-46
-53
-52
-49
-52
-57
-57
-51
-45
-48
-50
-44
-36
-31
-32
-33
-27
-19
-13
-6
-3
3
2
-2
-2
7
18
22
15
7
10
16
18
20
26
32
29
16
13
21
33
31
23
23
34
33
18
8
14
26
27
22
21
26
24
12
2
4
16
24
20
12
8
11
10
4
-2
2
6
-1
-11
-14
-11
-13
-23
-30
-27
-26
-30
-32
-30
-28
-27
-26
-27
-28
-26
-17
-7
-8
-10
-7
-5
-7
-6
3
10
11
7
6
7
6
4
8
10
9
5
2
2
0
0
3
5
6
3
1
4
7
12
11
13
16
13
11
13
17
21
21
18
16
14
14
11
11
14
12
9
7
4
1
0
0
1
1
1
-2
-5
-7
-8
-10
-6
-5
-8
-11
-12
-13
-13
-13
-12
-9
-10
-12
-13
-13
-12
-12
-7
-6
-7
-6
-4
-4
-4
-2
-1
2
1
-1
0
4
5
4
3
5
4
2
-1
1
3
3
2
1
3
5
3
1
1
2
2
-3
-6
-6
-3
-5
-6
-7
-6
-2
-4
-7
-6
-3
-2
-2
-3
1
5
2
-1
-2
