-1
0
0
1
1
1
2
2
2
2
2
1
-1
0
-1
0
-1
1
1
0
0
-1
-1
0
-1
0
-1
0
1
0
2
2
2
0
2
2
2
3
4
3
2
3
2
1
1
2
0
-1
0
1
1
-1
2
2
1
1
1
1
1
-2
-1
-2
0
0
-3
-5
-3
-3
-3
-1
-2
-3
-1
0
0
2
2
2
3
2
3
2
2
-1
-1
-1
-1
-1
-2
0
1
0
0
0
1
0
0
0
-2
0
-3
-4
-5
-6
-7
-8
-7
-6
-6
-3
-1
0
0
1
2
3
3
4
4
4
1
1
0
0
1
1
-1
-1
-1
-3
-3
-3
-2
0
1
0
0
2
1
3
1
0
0
1
1
0
-1
-3
-2
-1
-4
-2
-2
0
-1
2
2
-1
1
1
0
-1
-1
-1
-2
-1
-1
-1
-1
-1
-1
-1
1
0
2
2
2
2
4
6
6
5
6
5
5
4
4
1
1
2
1
1
2
1
0
0
1
1
0
0
-1
-1
-2
-3
-3
-2
-1
-2
-1
-1
0
0
-1
-1
-1
-2
-1
-2
-1
-3
-4
-4
-4
-3
-3
-3
-1
-2
-1
-1
-1
1
-1
0
-1
-1
0
-2
-1
-2
-4
-4
-3
-2
-3
-3
-2
-1
0
1
3
4
4
5
4
4
3
2
0
1
1
1
0
1
0
-1
0
-1
-1
-2
-3
-2
0
-2
-1
-1
1
1
0
0
0
0
1
1
2
2
3
3
3
4
3
4
3
4
1
0
-1
0
-2
-2
-2
-2
-1
-1
-1
-1
0
-1
0
0
1
-2
-1
-1
-1
0
0
0
-1
-3
-2
-2
-1
-2
-1
1
-1
0
0
-1
2
2
2
2
2
1
0
0
0
-1
-2
-1
-1
-2
-1
-1
-2
-2
-1
0
0
-1
0
0
1
1
-1
0
1
1
-1
-1
-1
-1
-2
-2
-3
-3
-3
-3
-2
-3
-2
-1
-1
-1
-1
0
0
1
3
3
2
2
3
1
2
4
2
2
1
1
1
1
1
1
1
0
0
-1
-1
0
2
1
2
1
3
3
1
1
2
2
3
2
4
4
3
3
4
3
1
2
5
3
3
3
3
3
3
2
0
1
-1
-1
-1
-2
-3
-2
-4
-4
-4
-4
-4
-4
-4
-3
-2
-1
-2
-1
0
-1
-3
-5
-4
-5
-7
-8
-8
-7
-9
-10
-9
-8
-6
-6
-7
-5
-5
-6
-4
-3
-2
0
0
0
0
-1
2
4
2
2
1
3
0
-1
-2
0
2
2
3
2
4
5
6
7
10
9
10
11
11
9
7
6
4
4
3
2
2
3
2
3
5
5
6
8
9
9
8
9
10
11
10
9
10
11
8
8
7
4
4
4
3
2
0
-1
-1
-1
-1
-2
0
-2
-1
-2
-3
-5
-4
-6
-9
-9
-11
-12
-11
-13
-18
-18
-18
-17
-18
-22
-23
-23
-24
-25
-28
-31
-29
-28
-25
-25
-27
-26
-25
-22
-20
-20
-21
-21
-21
-23
-30
-38
-43
-55
-65
-83
-107
-123
-143
-160
-180
-214
-235
-249
-265
-271
-300
-319
-313
-312
-298
-297
-296
-266
-237
-199
-159
-124
-73
-18
39
97
167
239
301
368
425
499
583
633
688
729
774
852
886
902
918
915
959
971
947
927
890
854
807
760
705
648
585
523
458
391
319
249
181
116
53
-11
-77
-142
-197
-252
-310
-371
-425
-465
-508
-550
-588
-613
-638
-672
-704
-724
-733
-742
-747
-736
-725
-722
-719
-710
-696
-681
-663
-637
-606
-578
-556
-535
-516
-496
-466
-435
-403
-372
-327
-276
-240
-219
-185
-137
-89
-43
5
55
91
99
95
103
113
107
81
55
42
30
-3
-57
-102
-139
-227
-406
-593
-664
-612
-547
-539
-480
-326
-220
-272
-353
-274
-72
83
165
310
561
809
990
1162
1377
1588
1727
1802
1863
1945
2062
2201
2325
2386
2383
2335
2239
2078
1868
1662
1489
1311
1077
804
548
315
51
-278
-615
-900
-1142
-1385
-1607
-1742
-1790
-1820
-1877
-1944
-1977
-1970
-1951
-1921
-1849
-1713
-1539
-1383
-1269
-1168
-1045
-934
-873
-836
-762
-641
-517
-414
-308
-188
-94
-57
-64
-79
-84
-81
-69
-49
-20
12
31
27
-8
-58
-105
-149
-191
-206
-168
-87
-17
15
30
49
70
87
123
205
316
427
519
603
686
761
814
836
843
862
896
935
966
999
1046
1085
1086
1063
1051
1056
1051
1016
973
951
949
935
877
781
667
558
465
379
275
145
-8
-215
-561
-1049
-1485
-1671
-1674
-1727
-1864
-1916
-1872
-1978
-2306
-2554
-2476
-2246
-2138
-2095
-1898
-1564
-1282
-1078
-812
-454
-125
117
325
565
868
1257
1687
2050
2284
2423
2516
2541
2491
2444
2477
2555
2562
2442
2243
2040
1835
1564
1203
837
549
291
-46
-424
-701
-866
-1089
-1435
-1747
-1917
-2069
-2310
-2505
-2491
-2357
-2278
-2246
-2146
-1984
-1861
-1771
-1632
-1421
-1162
-876
-590
-338
-99
173
441
626
738
881
1082
1245
1331
1422
1562
1644
1587
1462
1368
1288
1155
991
848
714
549
376
220
56
-116
-248
-336
-427
-520
-551
-534
-556
-609
-595
-505
-444
-446
-426
-344
-261
-213
-147
-44
28
38
53
131
235
318
370
381
340
298
329
427
506
517
494
462
411
362
375
448
521
535
485
411
356
340
330
271
154
-7
-215
-513
-951
-1458
-1833
-1914
-1829
-1853
-2019
-2126
-2133
-2260
-2580
-2785
-2609
-2240
-1994
-1845
-1544
-1083
-693
-448
-186
197
611
956
1272
1641
2092
2588
3047
3374
3539
3611
3651
3664
3634
3607
3645
3700
3633
3355
2942
2548
2214
1847
1397
962
629
309
-136
-650
-1062
-1341
-1651
-2083
-2511
-2790
-2959
-3166
-3434
-3618
-3600
-3475
-3439
-3509
-3481
-3246
-2954
-2768
-2571
-2175
-1677
-1310
-1087
-810
-414
-17
304
590
892
1221
1554
1813
1960
2078
2254
2380
2322
2169
2120
2139
2012
1708
1414
1220
1012
709
389
156
-3
-162
-354
-547
-688
-761
-804
-865
-918
-906
-830
-766
-741
-679
-526
-354
-253
-188
-72
98
247
346
463
646
838
937
920
858
852
915
980
988
977
1007
1039
969
810
687
624
518
349
235
225
244
251
270
257
133
-54
-181
-234
-290
-379
-499
-692
-1074
-1740
-2585
-3196
-3202
-2802
-2588
-2753
-2886
-2797
-2926
-3498
-3893
-3488
-2639
-2159
-2074
-1769
-1100
-547
-311
1
655
1376
1856
2203
2688
3361
4077
4672
5030
5116
5041
4981
4993
5026
5057
5119
5140
4907
4289
3447
2705
2222
1831
1305
676
134
-352
-1040
-1962
-2769
-3217
-3541
-4079
-4726
-5116
-5191
-5242
-5471
-5750
-5864
-5769
-5592
-5455
-5249
-4739
-3950
-3270
-2942
-2694
-2181
-1531
-1066
-684
-49
800
1482
1859
2173
2612
3097
3499
3808
4119
4506
4943
5301
5458
5477
5494
5464
5205
4735
4335
4134
3904
3398
2716
2099
1531
827
30
-586
-909
-1137
-1486
-1922
-2274
-2486
-2658
-2876
-3090
-3169
-3078
-2936
-2857
-2778
-2579
-2326
-2201
-2205
-2126
-1860
-1588
-1466
-1396
-1238
-1070
-1040
-1106
-1095
-966
-837
-791
-797
-817
-848
-893
-928
-914
-857
-820
-836
-838
-736
-522
-216
171
585
936
1218
1454
1579
1563
1466
1165
401
-527
-678
207
1027
775
26
-182
-229
-1100
-2237
-2054
-515
663
573
223
613
1253
1368
1326
1948
3130
4058
4411
4600
5020
5585
5975
6027
5837
5609
5499
5526
5579
5531
5313
4893
4201
3139
1843
771
316
247
-126
-1102
-2223
-3049
-3837
-4960
-6029
-6367
-6195
-6406
-7210
-7844
-7830
-7667
-7868
-8114
-7900
-7419
-7199
-7194
-6860
-5993
-4991
-4283
-3845
-3368
-2653
-1793
-970
-204
619
1490
2159
2449
2603
3037
3745
4286
4410
4398
4533
4667
4552
4321
4249
4269
4098
3683
3240
2943
2758
2551
2212
1776
1405
1176
982
732
554
559
571
361
47
-20
223
480
547
574
721
871
880
866
1038
1353
1570
1590
1519
1482
1478
1450
1378
1277
1160
1008
811
631
516
428
266
12
-248
-414
-458
-448
-509
-685
-882
-1037
-1243
-1550
-1765
-1690
-1447
-1311
-1292
-1195
-1048
-1104
-1458
-1947
-2396
-2749
-3122
-3830
-4986
-5937
-5731
-4543
-3794
-4250
-4944
-4878
-4699
-5331
-5899
-4864
-2673
-1372
-1616
-1934
-1208
-139
348
694
1735
3199
4123
4259
4272
4749
5533
6084
6166
6043
6095
6363
6581
6517
6189
5725
5148
4386
3459
2645
2311
2450
2425
1640
352
-592
-934
-1252
-1849
-2160
-1820
-1596
-2349
-3581
-4069
-3670
-3355
-3581
-3762
-3447
-3055
-3023
-3097
-2831
-2235
-1652
-1315
-1110
-671
186
1060
1381
1272
1366
1803
2087
2100
2339
2923
3201
2753
2051
1733
1763
1739
1571
1397
1211
890
431
-53
-432
-611
-668
-858
-1295
-1674
-1744
-1738
-2025
-2458
-2615
-2511
-2495
-2575
-2416
-2005
-1718
-1737
-1796
-1603
-1155
-625
-136
245
497
641
691
694
780
1054
1394
1556
1471
1331
1265
1167
945
757
796
960
980
796
599
486
376
266
287
432
489
368
233
205
231
287
400
522
583
619
632
470
115
-196
-360
-741
-1761
-3208
-4221
-4075
-3076
-2415
-2876
-3905
-4528
-4805
-5330
-5618
-4519
-2395
-1173
-1679
-2442
-1982
-796
-15
578
1838
3466
4388
4457
4586
5321
6221
6680
6691
6671
6928
7389
7711
7609
7082
6323
5469
4557
3720
3205
3079
2937
2158
572
-1195
-2333
-2770
-3091
-3599
-3967
-4087
-4515
-5571
-6549
-6610
-6089
-5989
-6374
-6315
-5507
-4788
-4693
-4660
-4214
-3765
-3576
-3072
-1896
-658
32
329
508
570
758
1457
2391
2933
3089
3227
3177
2682
2265
2483
2877
2739
2307
2131
1996
1493
921
713
626
298
-60
-164
-212
-460
-773
-1009
-1284
-1546
-1486
-1090
-765
-691
-635
-530
-602
-760
-551
71
590
736
800
965
1014
893
891
1128
1353
1392
1345
1280
1149
992
876
745
562
458
481
435
209
-1
-17
33
-58
-219
-242
-115
6
28
8
18
83
207
382
564
711
821
833
661
359
132
45
-128
-691
-1814
-3339
-4538
-4484
-3327
-2584
-3321
-4654
-5242
-5403
-6068
-6455
-5104
-2802
-1940
-2899
-3539
-2595
-1220
-561
74
1547
3211
4018
4148
4569
5576
6565
6933
6804
6827
7377
8108
8417
8140
7506
6679
5716
4821
4215
3946
3825
3439
2312
468
-1265
-2101
-2298
-2704
-3415
-3832
-3985
-4656
-5899
-6646
-6304
-5711
-5769
-6080
-5842
-5221
-4940
-4982
-4661
-3820
-3112
-2949
-2759
-1835
-476
351
402
385
793
1347
1769
2247
2883
3314
3204
2689
2242
2244
2625
2884
2664
2226
1924
1606
1044
567
563
717
458
-125
-496
-547
-612
-851
-1095
-1215
-1218
-1146
-1037
-928
-784
-617
-595
-753
-773
-381
174
453
465
535
684
688
610
745
1097
1331
1276
1082
917
818
762
724
673
630
617
543
329
85
-23
-38
-90
-123
-27
107
86
-78
-220
-231
-146
-54
37
234
575
820
694
316
42
-31
-103
-251
-433
-862
-1903
-3396
-4438
-4293
-3387
-2919
-3421
-4227
-4666
-5001
-5524
-5548
-4352
-2681
-1981
-2350
-2480
-1678
-623
54
745
1904
3131
3856
4242
4844
5724
6450
6714
6627
6559
6804
7300
7656
7554
7034
6300
5442
4516
3743
3359
3262
2944
1947
406
-1008
-1847
-2336
-2898
-3474
-3779
-4000
-4626
-5548
-6035
-5808
-5471
-5535
-5663
-5346
-4733
-4335
-4277
-4273
-4013
-3371
-2553
-1978
-1662
-1066
-108
414
166
76
842
1706
1863
1861
2363
2795
2460
1854
1739
1957
2039
1987
1893
1634
1268
986
685
271
66
243
332
-36
-442
-428
-317
-579
-942
-891
-559
-419
-469
-377
-168
-126
-244
-267
-99
175
478
705
747
685
701
748
680
630
818
1071
1036
782
651
659
527
273
175
266
314
264
236
201
42
-136
-121
50
212
385
597
637
388
195
396
750
878
901
1062
1141
858
452
238
42
-470
-1384
-2627
-3824
-4143
-3318
-2494
-2903
-4054
-4684
-4917
-5642
-6281
-5405
-3389
-2226
-2602
-3128
-2709
-1848
-1225
-509
790
2343
3405
3759
3914
4489
5469
6230
6396
6371
6681
7180
7410
7339
7186
6864
6167
5217
4331
3710
3436
3377
2989
1821
257
-894
-1531
-2197
-2922
-3154
-2967
-3236
-4265
-5236
-5425
-5181
-5165
-5319
-5170
-4706
-4356
-4300
-4233
-3900
-3509
-3381
-3382
-2986
-2001
-898
-269
-156
-188
-123
3
225
751
1572
2250
2334
1904
1465
1342
1388
1397
1417
1540
1588
1341
902
586
484
401
192
-42
-129
-49
38
-22
-206
-358
-412
-456
-495
-358
21
393
463
283
138
178
306
429
604
870
1095
1093
902
767
822
944
977
966
1036
1155
1144
948
740
678
683
600
495
547
686
669
458
287
295
378
402
353
324
378
478
496
402
376
500
582
463
276
181
54
-243
-644
-1117
-1791
-2588
-3083
-3064
-2875
-2915
-3142
-3360
-3645
-4129
-4550
-4484
-3895
-3214
-2772
-2498
-2166
-1758
-1390
-1024
-440
418
1284
1914
2393
2942
3554
4055
4389
4625
4780
4836
4866
4958
5059
5076
4974
4718
4209
3480
2781
2336
2072
1744
1275
772
281
-309
-1024
-1660
-2014
-2171
-2379
-2704
-2971
-3078
-3157
-3328
-3464
-3411
-3264
-3230
-3274
-3174
-2876
-2583
-2413
-2238
-1955
-1685
-1547
-1399
-1076
-673
-389
-185
59
278
364
430
617
840
980
1098
1245
1321
1288
1266
1298
1276
1189
1142
1127
1044
928
874
836
723
601
556
525
448
422
498
544
488
452
487
471
365
303
342
366
340
357
425
427
324
216
145
69
11
35
117
161
123
37
-28
-46
-27
13
56
71
43
0
-30
-56
-67
-40
6
15
-19
-28
-14
-28
-57
-48
-29
-61
-98
-55
36
81
57
-10
-132
-317
-486
-602
-738
-961
-1233
-1469
-1646
-1766
-1819
-1823
-1819
-1849
-1931
-2051
-2135
-2094
-1921
-1687
-1455
-1214
-953
-714
-506
-269
42
372
672
967
1281
1584
1846
2111
2380
2598
2736
2841
2927
2969
2965
2952
2947
2904
2759
2511
2237
1996
1761
1483
1180
902
627
308
-33
-307
-486
-649
-871
-1110
-1301
-1450
-1607
-1770
-1898
-1954
-1972
-1991
-1998
-1969
-1931
-1915
-1900
-1845
-1729
-1582
-1435
-1289
-1145
-1010
-900
-807
-691
-525
-335
-164
-15
131
265
366
436
508
604
705
776
805
814
825
856
883
884
862
845
826
782
705
641
612
582
510
401
306
256
239
210
148
82
46
16
-38
-77
-44
26
38
-18
-65
-74
-101
-157
-184
-138
-61
-16
-23
-52
-60
-50
-57
-77
-53
18
65
57
59
133
231
280
267
237
218
217
238
271
290
279
232
148
48
-19
-26
-24
-84
-204
-338
-471
-620
-756
-836
-886
-978
-1109
-1205
-1238
-1256
-1288
-1284
-1223
-1160
-1156
-1175
-1133
-1017
-879
-753
-595
-384
-161
31
197
370
564
753
922
1095
1302
1527
1719
1853
1954
2028
2043
2002
1972
1973
1948
1858
1736
1631
1512
1321
1090
890
725
540
323
122
-37
-187
-373
-574
-756
-904
-1024
-1133
-1212
-1238
-1229
-1238
-1293
-1359
-1384
-1358
-1308
-1252
-1189
-1127
-1087
-1048
-989
-912
-825
-720
-609
-539
-494
-415
-295
-188
-130
-57
60
178
254
304
342
355
351
355
387
437
494
528
522
485
441
392
326
285
276
269
234
184
152
129
89
33
-9
-6
35
69
81
81
82
90
107
143
172
182
187
198
212
205
200
226
267
283
269
283
327
369
392
416
436
422
380
348
336
324
301
263
208
142
73
7
-62
-114
-133
-144
-173
-225
-283
-343
-405
-454
-492
-535
-594
-649
-693
-721
-743
-762
-789
-827
-870
-906
-927
-926
-898
-857
-810
-758
-690
-611
-527
-421
-266
-70
116
266
400
549
722
886
1019
1122
1205
1264
1296
1315
1340
1358
1335
1268
1188
1129
1070
989
878
765
657
537
409
286
170
47
-86
-211
-316
-412
-499
-564
-600
-625
-657
-695
-718
-712
-676
-614
-543
-484
-452
-441
-426
-393
-351
-308
-264
-217
-181
-163
-162
-168
-179
-191
-184
-169
-155
-150
-135
-111
-106
-123
-145
-151
-138
-111
-74
-39
-13
-7
-12
-10
3
18
35
41
29
12
5
25
61
101
120
121
122
128
147
174
206
231
237
232
229
232
235
221
194
171
164
177
203
231
244
248
255
258
261
272
290
304
303
299
296
294
281
251
202
142
86
50
23
4
-18
-49
-109
-199
-292
-354
-384
-402
-422
-445
-470
-509
-560
-609
-633
-637
-639
-645
-644
-625
-592
-567
-535
-482
-422
-369
-327
-264
-166
-48
65
168
268
371
461
530
594
680
782
859
893
905
925
943
936
902
869
840
796
729
653
584
518
437
345
246
151
60
-27
-104
-170
-229
-282
-327
-363
-397
-421
-444
-459
-478
-491
-473
-425
-369
-331
-321
-339
-374
-409
-414
-381
-329
-293
-282
-279
-281
-295
-323
-345
-341
-317
-293
-270
-240
-193
-159
-168
-203
-224
-206
-166
-120
-57
16
51
21
-40
-74
-55
-6
44
89
126
153
174
197
224
255
274
271
258
262
311
391
458
483
477
472
471
454
411
362
341
344
351
358
375
397
390
322
221
147
117
85
27
-23
-28
-13
-35
-108
-208
-310
-420
-531
-614
-637
-620
-613
-650
-712
-763
-792
-821
-864
-889
-861
-799
-738
-668
-557
-420
-317
-266
-222
-139
-31
77
183
310
457
591
700
794
876
941
966
943
909
917
960
997
1003
1002
983
899
747
594
508
472
434
383
323
261
185
91
-13
-104
-166
-222
-297
-370
-399
-396
-414
-462
-505
-533
-582
-662
-716
-697
-641
-614
-633
-637
-590
-534
-520
-518
-471
-377
-286
-240
-229
-228
-223
-197
-128
-26
66
100
60
-7
-39
-7
33
22
-29
-60
-51
-33
-20
-5
2
-43
-139
-200
-161
-58
23
53
46
11
-25
-33
-2
60
139
219
279
304
326
374
428
452
455
479
533
585
624
659
668
629
558
489
437
401
371
331
277
221
159
70
-46
-165
-259
-344
-449
-565
-668
-750
-799
-828
-866
-939
-1042
-1128
-1152
-1108
-1014
-899
-787
-695
-623
-554
-473
-364
-211
-17
189
372
520
638
738
827
915
1007
1089
1135
1151
1175
1215
1248
1226
1142
1021
909
830
779
735
677
597
477
312
135
2
-78
-136
-194
-242
-275
-334
-448
-598
-712
-746
-724
-683
-632
-571
-535
-554
-615
-682
-720
-721
-692
-642
-584
-515
-455
-420
-417
-448
-500
-539
-526
-440
-297
-148
-46
-8
-37
-107
-172
-160
-43
126
266
331
330
304
263
202
168
212
305
348
319
295
337
381
357
286
266
288
268
203
194
275
366
409
431
448
429
382
367
416
484
528
535
518
478
407
284
122
-22
-110
-178
-271
-374
-473
-603
-828
-1163
-1564
-1894
-1993
-1827
-1586
-1481
-1464
-1406
-1383
-1517
-1630
-1404
-856
-325
18
316
693
1042
1250
1403
1645
1975
2262
2395
2453
2598
2822
2920
2721
2317
1949
1750
1634
1459
1224
1027
821
395
-275
-869
-1146
-1254
-1436
-1618
-1633
-1602
-1741
-1973
-2076
-2045
-1988
-1907
-1743
-1496
-1154
-756
-472
-411
-406
-244
3
184
392
748
1069
1108
965
883
879
820
741
748
794
738
568
347
103
-121
-247
-312
-415
-545
-599
-598
-695
-874
-977
-958
-913
-852
-701
-507
-401
-394
-389
-344
-264
-132
27
159
262
406
549
572
530
634
878
999
924
919
1120
1311
1310
1254
1283
1280
1159
1059
1093
1158
1180
1171
1089
904
743
664
429
-87
-724
-1491
-2649
-3881
-4202
-3405
-2690
-3013
-3796
-4185
-4482
-5198
-5620
-4756
-3043
-1865
-1680
-1687
-1185
-359
316
858
1676
2871
3938
4408
4630
5274
6168
6447
5926
5431
5484
5699
5711
5695
5658
5154
4050
2772
1685
882
483
455
246
-631
-1859
-2807
-3415
-3999
-4529
-4790
-4915
-5149
-5350
-5212
-4800
-4451
-4351
-4407
-4375
-3979
-3135
-2099
-1200
-521
-17
243
279
457
1095
1966
2554
2711
2692
2629
2418
2104
1938
1979
1966
1728
1414
1202
1019
734
348
-41
-329
-447
-442
-439
-491
-583
-775
-1098
-1350
-1275
-939
-617
-422
-285
-201
-212
-223
-65
277
655
931
1058
1103
1162
1230
1202
1100
1073
1148
1192
1158
1136
1116
990
795
673
655
703
801
840
666
368
209
215
224
258
458
684
688
490
386
531
337
-1480
-5161
-8158
-7349
-3714
-1827
-3470
-5407
-5439
-6060
-8865
-10151
-6618
-1555
-361
-2656
-3690
-1783
211
260
124
2057
5139
6605
6042
6103
8272
10133
8978
6367
5981
8076
9687
9513
8911
8372
6694
3862
1647
1096
1623
2237
1989
95
-2808
-4750
-5068
-5271
-6230
-6674
-5819
-5150
-5917
-6894
-6384
-5045
-4879
-6096
-6599
-4780
-1811
-197
-450
-798
-338
-251
-894
-339
2344
4780
4539
2673
1699
1906
1951
1613
1766
2423
2584
1730
472
-194
-87
-94
-881
-1652
-1263
-283
-254
-1185
-1723
-1614
-1819
-2260
-1767
-362
501
143
-600
-881
-685
-243
352
963
1422
1596
1351
861
701
1107
1542
1480
1247
1400
1699
1495
862
480
510
468
296
540
1166
1325
760
255
288
397
356
655
1297
1527
1161
861
935
1082
1232
1540
1791
1787
1606
704
-1887
-5418
-7185
-5886
-3632
-3108
-4274
-5550
-6675
-8290
-9683
-9130
-6519
-3941
-3229
-3828
-3757
-2302
-795
-409
-181
1553
4391
6379
7059
7836
9081
9257
7834
6798
7918
10184
11330
10667
9126
7456
5686
3972
2876
2656
2781
2301
697
-1544
-3356
-4307
-5039
-6118
-6986
-6827
-6012
-5699
-6184
-6678
-6742
-6797
-6955
-6359
-4411
-1993
-643
-716
-1182
-1159
-758
-194
888
2481
3568
3427
2752
2503
2463
2063
1651
1753
2021
1911
1545
1108
364
-620
-1333
-1597
-1578
-1291
-937
-1155
-2027
-2708
-2662
-2283
-1854
-1155
-408
-206
-398
-293
141
471
779
1339
1885
2088
2165
2296
2198
1827
1630
1827
2069
2127
2043
1719
1073
405
112
158
268
335
324
77
-430
-809
-737
-428
-244
-143
165
560
656
538
703
1131
1285
1096
1129
1590
1938
1836
1640
1708
1852
1783
1463
667
-1036
-3753
-6445
-7259
-5552
-3387
-3667
-6349
-8620
-8992
-8891
-9179
-8212
-5447
-3396
-3915
-4936
-3724
-1090
332
267
1023
3612
6460
7913
8270
8700
9133
8771
8044
8569
10631
12216
11566
9314
7299
6141
5221
4269
3588
3039
2009
324
-1564
-3146
-4301
-5224
-6186
-7096
-7407
-6865
-6189
-6438
-7482
-8109
-7670
-6674
-5573
-4057
-2215
-1052
-1181
-1668
-1156
366
1675
1993
2128
3186
4569
4551
3113
2248
2667
2777
1902
1691
2654
2622
570
-1402
-1607
-1213
-1517
-1907
-1740
-1726
-2375
-3095
-3301
-2998
-2413
-1914
-1715
-1388
-611
-63
-280
-464
214
1165
1611
1973
2667
2960
2371
1775
1972
2503
2676
2590
2485
2146
1440
765
553
666
641
318
-17
-159
-330
-743
-1152
-1202
-943
-591
-200
149
265
127
71
360
909
1462
1753
1743
1666
1832
2176
2310
2229
2240
2336
1991
891
-707
-2741
-5054
-6485
-5652
-3578
-3367
-5861
-8396
-8862
-8558
-8909
-8530
-6346
-4225
-4232
-5050
-4214
-2036
-590
-387
310
2636
5571
7409
7720
7677
8023
8238
8054
8498
10330
11930
11314
8987
7121
6506
5945
4903
4010
3468
2588
964
-812
-2309
-3608
-4775
-5692
-6185
-6228
-5857
-5598
-6228
-7493
-8146
-7455
-6146
-5017
-3837
-2488
-1713
-1966
-2213
-1289
325
1438
1982
2773
3473
2965
1838
2003
3459
3860
2577
1745
2233
2203
825
-157
-96
-518
-1700
-2096
-1413
-1159
-1848
-2665
-3163
-3251
-2712
-1843
-1420
-1362
-1145
-1033
-1169
-734
504
1291
1033
876
1496
2022
1909
1903
2322
2452
2103
1986
2328
2417
1839
1110
846
986
1042
794
399
7
-376
-715
-812
-605
-339
-256
-371
-453
-293
51
266
285
510
1132
1742
1861
1633
1504
1624
1905
2248
2580
2750
2536
1708
330
-1360
-3429
-5439
-5849
-3951
-2210
-3574
-6912
-8642
-8182
-8095
-8682
-7611
-4950
-3608
-4583
-5227
-3757
-1762
-1093
-1083
407
3557
6315
7053
6409
6335
7072
7482
7580
8717
10915
11668
9735
7148
6196
6386
5849
4684
4018
3689
2688
835
-996
-2425
-3578
-4468
-5047
-5191
-4953
-4724
-5299
-6895
-8201
-7891
-6361
-5096
-4465
-3611
-2633
-2533
-3199
-3131
-1709
-128
772
1512
2503
3054
2616
1938
1888
2432
3030
3402
3479
3049
2104
921
18
-198
159
447
158
-496
-1147
-1763
-2312
-2413
-1952
-1523
-1493
-1520
-1345
-1302
-1548
-1576
-1032
-314
163
474
767
864
651
536
861
1490
2004
2124
1920
1614
1365
1186
1042
1110
1368
1413
1047
580
317
100
-148
-129
191
463
403
195
80
72
143
277
593
1063
1442
1367
990
844
1033
1267
1334
1565
1913
1993
1554
534
-1074
-3630
-5941
-5895
-3270
-1211
-2776
-6232
-8070
-7712
-7549
-7905
-6567
-4003
-3019
-4453
-5245
-3452
-1267
-948
-1513
-61
3384
6090
6511
5742
5715
6254
6436
6800
8456
10721
11086
8924
6497
5780
6163
5893
4951
4357
4000
3039
1245
-589
-1966
-2996
-3762
-4281
-4408
-4189
-4126
-4981
-6750
-7936
-7345
-5755
-4665
-4265
-3681
-3014
-3156
-3666
-3134
-1365
-136
-374
-341
1335
3039
2442
783
755
2046
2584
2391
3092
3699
2367
299
-101
981
1295
677
263
67
-483
-1288
-1537
-1426
-1369
-1420
-1594
-1462
-1072
-953
-1516
-2048
-1483
-382
201
231
441
683
292
-94
481
1624
2051
1586
1282
1484
1525
1115
935
1270
1539
1289
886
884
982
655
88
-10
494
896
774
507
478
447
305
439
1009
1507
1417
960
795
1165
1581
1678
1517
1408
1416
978
-430
-3075
-5652
-5881
-3462
-1471
-2823
-5838
-7236
-6874
-7151
-8021
-6863
-4115
-2960
-4345
-5223
-3441
-1251
-1086
-1927
-651
2916
5642
5805
4869
5114
6035
6067
6025
7617
10107
10475
8111
5827
5599
6185
5651
4461
4074
4098
3253
1452
-264
-1349
-2318
-3290
-3901
-3870
-3427
-3431
-4481
-6284
-7319
-6642
-5236
-4412
-4155
-3494
-2783
-2994
-3619
-3221
-1670
-490
-238
219
1448
2256
1611
594
714
1764
2479
2622
2820
2825
1935
617
136
748
1350
1217
697
226
-229
-795
-1153
-1105
-876
-786
-895
-887
-803
-954
-1381
-1568
-1073
-347
62
128
161
115
-182
-293
239
1107
1488
1226
880
775
762
682
745
1016
1208
1062
762
587
503
347
120
153
526
841
749
413
241
193
130
192
617
1156
1214
869
617
665
876
1119
1406
1544
1503
1436
1040
-586
-3689
-5965
-4901
-1678
-454
-2935
-5922
-6528
-6064
-6779
-7341
-5404
-2778
-2691
-4573
-4745
-2332
-667
-1476
-2222
43
3870
5693
5059
4340
4962
5543
5256
5758
8061
10220
9600
6945
5238
5515
6033
5300
4263
4054
3949
2892
1073
-501
-1523
-2374
-3121
-3530
-3347
-3000
-3373
-4877
-6713
-7202
-6000
-4555
-4077
-4029
-3488
-3129
-3698
-4161
-3163
-1291
-329
-271
130
584
316
105
1090
2164
1931
1530
2084
2633
1919
1069
1291
1383
747
549
1326
1546
473
-500
-723
-577
-397
-121
-40
-465
-809
-929
-1110
-1109
-544
68
-160
-550
-172
357
204
-189
141
811
1002
935
1054
1152
819
436
533
925
1153
996
653
344
173
124
147
261
400
375
156
61
256
508
596
592
707
940
1116
1095
1016
1075
1176
1211
1241
1365
1486
1411
1127
232
-2223
-5396
-6098
-3055
-102
-1490
-5464
-7134
-5992
-5770
-7109
-6457
-3420
-2082
-4107
-5653
-3640
-845
-927
-2555
-1630
2194
5085
4951
3739
3906
4934
5120
5123
6751
9404
10062
7700
5130
4914
6098
6199
5062
4372
4370
3787
2079
213
-932
-1552
-2117
-2720
-3002
-2811
-2827
-3939
-5967
-7207
-6422
-4651
-3797
-4017
-3894
-3235
-3315
-4165
-4067
-2341
-708
-427
-380
579
1495
1082
171
372
1654
2664
2833
2717
2486
1794
858
541
1103
1744
1741
1105
327
-283
-725
-913
-794
-484
-329
-523
-834
-1032
-1199
-1472
-1545
-1059
-359
-59
-198
-358
-408
-511
-491
8
782
1222
1052
673
534
583
693
873
1130
1321
1233
896
572
500
589
584
559
683
842
754
395
187
359
606
720
871
1126
1110
695
408
640
1040
1115
1045
1118
1230
1209
1068
48
-2951
-6174
-5797
-1607
973
-1772
-6124
-6992
-5391
-5663
-6993
-5354
-1967
-1603
-4636
-5852
-3024
-278
-971
-2699
-982
3289
5590
4511
2917
3569
4941
4981
4982
7014
9813
9598
6301
3893
4556
6129
5846
4605
4243
4270
3251
1188
-400
-1085
-1530
-2026
-2458
-2572
-2541
-2908
-4334
-6419
-7197
-5715
-3660
-3255
-4092
-4183
-3644
-3976
-4728
-3881
-1542
-231
-659
-851
228
1010
335
-277
666
2246
2829
2490
2278
2081
1373
661
861
1800
2320
1905
1023
317
-65
-248
-190
96
345
149
-467
-911
-929
-918
-1114
-1058
-466
37
-132
-594
-648
-402
-358
-275
304
1038
1145
590
194
401
837
1024
1080
1259
1295
927
439
348
663
842
647
451
526
543
201
-102
69
460
613
471
417
554
530
267
106
376
796
917
759
618
713
856
811
-161
-2802
-5532
-5176
-1583
612
-1799
-5667
-6461
-4991
-5051
-6061
-4618
-1701
-1563
-4412
-5480
-2836
-247
-798
-2238
-715
2877
4641
3611
2480
3281
4555
4676
4860
6786
9047
8575
5654
3741
4556
6126
6097
5060
4551
4267
3089
1275
80
-230
-386
-903
-1608
-2060
-2253
-2698
-3950
-5559
-5982
-4625
-3080
-3082
-4008
-4227
-3868
-4107
-4488
-3398
-1220
-324
-1474
-2468
-1517
86
309
-353
57
1473
1997
1258
955
1598
1653
742
595
1842
2651
1799
495
131
339
263
209
598
779
173
-725
-1008
-631
-292
-435
-737
-611
-318
-437
-780
-702
-230
-103
-357
-198
492
770
218
-149
368
1055
1084
793
900
1143
895
441
581
1186
1357
892
478
572
759
599
395
603
972
915
552
467
698
746
501
432
711
923
806
619
634
713
670
661
789
110
-2368
-5152
-5020
-1725
352
-1836
-5372
-5986
-4660
-5006
-6162
-4772
-1895
-1814
-4633
-5573
-2899
-442
-1063
-2336
-841
2252
3620
2832
2255
3187
4192
4231
4464
6082
7916
7566
5245
3683
4386
5842
5942
5037
4445
4039
2940
1302
325
298
373
-149
-1161
-1930
-2214
-2519
-3496
-4838
-5109
-3961
-2886
-3247
-4249
-4286
-3776
-3983
-4343
-3262
-1172
-414
-1418
-2060
-1182
-97
1
52
906
1510
1072
739
1567
2323
1651
646
874
1777
1895
1385
1186
978
271
-218
250
1011
925
93
-638
-839
-677
-522
-477
-425
-343
-522
-981
-1033
-416
17
-340
-677
-135
563
395
-143
-17
521
537
273
563
1151
1090
405
116
552
980
885
621
629
668
429
203
417
836
856
531
362
530
633
488
401
568
757
676
485
452
579
640
555
567
819
1021
-113
-3012
-5310
-4050
-395
678
-2279
-5182
-4983
-4069
-5106
-5555
-3075
-625
-1880
-4992
-5068
-2188
-397
-1177
-1797
22
2397
2828
1735
1508
2984
4149
3947
3963
5684
7530
6685
4083
3104
4639
6150
5791
4919
4679
4123
2464
771
531
1181
1299
448
-849
-1810
-2301
-2713
-3516
-4349
-4108
-3019
-2710
-3802
-4744
-4323
-3862
-4397
-4471
-2804
-1026
-1356
-2806
-2950
-1760
-1022
-979
-245
1136
1579
713
34
561
1475
1751
1635
1842
2177
1957
1216
762
1012
1394
1277
975
1078
1117
319
-698
-739
-10
215
-191
-302
-139
-559
-1390
-1437
-619
-85
-285
-523
-322
-171
-390
-491
-25
655
829
560
434
652
820
651
630
1076
1502
1321
787
653
910
1018
860
841
1094
1092
682
321
319
502
507
395
339
300
142
-129
-240
-91
114
198
149
97
9
-133
-72
-372
-1959
-4025
-4063
-1493
286
-1266
-3976
-4579
-3753
-4125
-4677
-2950
-480
-856
-3798
-5039
-3039
-838
-615
-972
67
1485
1424
509
644
2248
3489
3365
3176
4140
5445
5227
3751
3124
4043
5098
5041
4572
4451
4008
2733
1405
1203
1846
2168
1648
486
-734
-1557
-1875
-2027
-2219
-2118
-1828
-2166
-3341
-4183
-3753
-2997
-3051
-3256
-2572
-1727
-2112
-3098
-3004
-1887
-1202
-1226
-822
87
266
-496
-895
-125
901
1227
1164
1300
1422
985
422
560
1324
1837
1611
1150
868
541
82
-49
442
904
655
-36
-501
-598
-712
-818
-561
-106
-57
-584
-1034
-925
-627
-564
-528
-155
225
82
-319
-304
167
493
473
560
913
1091
856
644
874
1244
1303
1178
1202
1263
1043
690
660
952
1127
985
761
647
492
222
89
231
384
234
-85
-196
-119
-140
-287
-287
-96
-56
-424
-1241
-2302
-2907
-2395
-1189
-738
-1611
-2737
-3193
-3350
-3595
-3184
-1809
-855
-1542
-2974
-3314
-2363
-1396
-948
-401
469
854
372
-29
591
1792
2486
2562
2783
3310
3504
3101
2790
3164
3794
3957
3681
3469
3325
2836
2099
1718
1882
2104
1912
1322
570
-179
-773
-1108
-1172
-1040
-910
-1132
-1858
-2619
-2812
-2511
-2261
-2169
-1945
-1756
-2066
-2654
-2690
-2010
-1372
-1201
-1083
-766
-695
-1046
-1149
-517
304
593
517
601
733
549
310
565
1156
1413
1190
969
974
871
516
362
680
984
762
266
26
-13
-205
-383
-190
120
-29
-616
-1008
-908
-635
-501
-410
-267
-292
-591
-807
-557
-41
258
255
226
264
238
200
370
714
935
918
828
793
774
754
809
940
1005
917
761
659
612
554
521
569
590
411
95
-106
-126
-140
-222
-237
-148
-152
-353
-541
-522
-551
-1063
-1859
-2066
-1321
-529
-718
-1577
-2083
-2140
-2361
-2513
-1790
-598
-389
-1457
-2389
-2182
-1429
-905
-391
385
804
310
-440
-349
660
1685
2119
2165
2170
2074
1782
1631
2047
2836
3299
3059
2482
2088
1923
1782
1697
1813
1948
1747
1167
540
157
28
-28
-139
-276
-384
-584
-1040
-1576
-1750
-1501
-1278
-1356
-1471
-1435
-1544
-1941
-2144
-1751
-1170
-987
-1105
-1107
-1057
-1213
-1331
-991
-362
3
-35
-148
-184
-309
-497
-351
293
922
887
337
-15
21
19
16
526
1255
1179
241
-391
-191
117
139
392
884
759
-153
-801
-477
241
572
540
484
341
-51
-397
-221
414
883
789
409
201
172
132
208
592
970
849
377
151
301
428
411
494
654
553
195
-18
67
200
195
149
104
-58
-337
-536
-517
-368
-283
-348
-475
-549
-578
-622
-635
-508
-323
-297
-450
-556
-497
-401
-354
-268
-140
-125
-262
-394
-447
-488
-495
-384
-244
-255
-388
-463
-464
-496
-528
-446
-292
-237
-312
-379
-353
-280
-192
-43
158
291
247
115
83
219
408
554
651
730
750
682
611
638
764
903
991
1011
963
856
750
700
735
840
935
901
687
428
326
401
469
435
378
339
213
-25
-192
-148
-8
30
-80
-234
-362
-456
-523
-526
-463
-405
-454
-608
-746
-773
-726
-701
-699
-689
-711
-811
-900
-842
-684
-596
-629
-668
-652
-634
-620
-541
-388
-263
-225
-225
-211
-185
-159
-123
-41
88
206
240
192
146
175
265
374
472
521
486
404
356
391
504
633
691
630
522
485
522
531
496
483
499
455
349
275
258
230
161
119
118
101
23
-67
-111
-116
-125
-136
-123
-101
-113
-171
-205
-166
-98
-76
-102
-107
-78
-77
-128
-167
-151
-115
-114
-141
-174
-209
-255
-284
-268
-228
-214
-240
-267
-273
-271
-270
-253
-204
-145
-117
-130
-151
-156
-154
-158
-156
-123
-77
-68
-100
-131
-131
-134
-161
-164
-94
14
69
38
-10
-7
42
108
197
304
365
333
280
297
381
445
452
452
464
469
467
473
464
418
368
364
389
388
364
344
312
256
218
222
223
181
125
94
82
59
16
-49
-123
-192
-227
-230
-232
-292
-402
-476
-462
-429
-453
-497
-502
-494
-510
-515
-468
-408
-384
-373
-332
-277
-249
-233
-189
-117
-49
-14
-2
1
0
1
41
126
171
119
39
34
64
53
33
79
132
95
12
-16
-3
-20
-29
34
103
62
-50
-86
-28
16
-6
-13
28
50
8
-22
16
57
47
31
72
116
104
88
124
166
134
85
105
174
195
177
188
211
186
111
89
154
230
233
175
130
121
115
92
96
130
154
125
65
37
36
30
-5
-35
-36
-24
-37
-89
-133
-157
-169
-186
-190
-165
-144
-161
-217
-247
-214
-145
-111
-132
-143
-118
-81
-89
-108
-84
-19
27
16
4
15
30
14
-7
29
107
134
66
0
5
46
46
33
59
62
-8
-83
-49
46
64
-9
-62
-37
-8
-35
-72
-43
15
13
-31
-32
20
27
-33
-52
41
143
126
43
32
98
125
94
102
167
188
119
44
48
93
99
69
72
105
97
19
-58
-57
1
46
49
35
8
-35
-82
-91
-52
-16
-11
-45
-96
-137
-148
-137
-144
-172
-188
-197
-225
-268
-279
-258
-246
-262
-260
-232
-216
-229
-229
-168
-89
-50
-52
-50
-29
-13
7
58
123
144
113
93
116
146
147
152
183
201
169
132
147
192
204
186
188
211
206
170
168
214
243
211
174
186
205
175
122
105
117
97
42
9
-1
-33
-88
-119
-105
-90
-129
-180
-189
-147
-120
-119
-99
-49
-5
-3
-3
22
49
57
71
125
173
155
89
40
11
-30
-42
5
43
-18
-127
-175
-169
-183
-209
-167
-97
-102
-176
-193
-115
-64
-95
-114
-52
22
28
2
11
36
17
-19
-4
51
72
36
-7
-10
5
1
-19
-29
-25
-17
-14
-21
-31
-32
-15
8
13
3
5
25
45
44
41
53
69
66
50
42
32
15
14
40
62
31
-35
-83
-89
-74
-58
-31
-19
-58
-125
-148
-112
-83
-103
-114
-69
-17
-37
-89
-92
-40
-10
-13
8
62
85
45
14
53
122
135
100
85
115
138
127
115
123
125
97
74
90
115
108
64
34
31
31
26
26
30
17
-13
-37
-36
-29
-36
-42
-31
-18
-23
-44
-59
-61
-57
-47
-28
-7
-3
-29
-55
-55
-34
-17
-15
-13
-10
-12
-19
-22
-17
-15
-23
-29
-11
18
27
4
-22
-29
-6
22
39
43
25
0
-12
-1
29
53
51
22
-7
-8
13
27
17
1
-4
-6
-13
-15
0
12
-2
-33
-42
-17
6
3
-7
-1
8
0
-12
-1
24
33
23
22
36
45
31
13
20
36
44
37
29
18
3
-9
-11
-3
-1
-16
-40
-62
-71
-67
-63
-71
-94
-109
-108
-103
-103
-109
-108
-102
-103
-104
-89
-70
-68
-79
-73
-41
-7
10
19
27
35
36
57
96
131
143
143
149
144
122
118
149
180
170
136
123
117
90
56
51
76
82
50
16
2
-5
-19
-32
-20
0
2
-25
-50
-48
-30
-19
-20
-18
-11
-13
-32
-44
-30
-11
-12
-28
-34
-27
-25
-38
-46
-41
-38
-46
-57
-56
-48
-46
-54
-54
-51
-50
-52
-51
-44
-35
-31
-29
-25
-21
-14
-6
-6
-9
-5
9
29
41
41
37
34
28
25
31
52
67
63
46
32
38
46
45
41
37
34
27
20
23
31
29
13
0
-4
-1
-2
-5
-9
-8
-6
-7
-15
-18
-16
-15
-19
-18
-13
-4
-8
-18
-23
-16
-9
-11
-19
-25
-28
-32
-39
-39
-37
-39
-48
-52
-51
-50
-50
-51
-47
-40
-37
-35
-30
-26
-21
-16
-8
2
11
21
25
31
34
36
40
43
46
50
55
58
51
45
43
44
43
40
37
35
30
25
21
16
11
8
9
9
9
6
3
1
-1
-1
0
0
1
0
-3
-3
0
2
-5
-11
-11
-8
-7
-8
-12
-18
-20
-19
-18
-15
-13
-15
-19
-26
-24
-17
-11
-6
-8
-13
-15
-15
-14
-10
-6
-8
-13
-14
-11
-10
-9
-9
-5
-3
-2
-4
-2
1
4
2
0
4
8
8
5
-1
3
3
2
4
7
9
9
6
5
9
12
11
9
9
11
15
17
15
16
15
9
8
9
12
10
6
8
9
7
0
-7
-10
-9
-7
-6
-7
-7
-9
-13
-15
-13
-10
-13
-17
-19
-16
-14
-13
-12
-11
-13
-13
-14
-9
-4
-2
-1
0
2
7
9
10
9
8
9
7
7
9
9
8
7
6
7
7
5
5
5
4
3
1
0
1
2
1
-1
-3
-4
-3
-4
-3
-2
-1
-1
-1
-1
0
0
0
-1
0
5
5
6
4
3
4
4
6
7
7
5
1
0
3
6
4
-1
-2
-1
-2
-2
-4
-2
-3
-5
-5
-1
0
-2
-5
-2
1
-2
-1
-3
-3
-2
-3
-4
-4
-3
-2
-5
-5
-3
-1
-1
-3
-3
-3
-7
-9
-8
-3
0
0
-2
