-3
-3
-3
-2
-2
-1
-3
-3
-3
-3
-3
-1
-4
-2
0
-2
-1
2
4
3
3
2
2
0
1
0
-1
-1
-2
-1
0
0
2
1
2
2
3
2
3
2
2
0
-1
1
1
2
2
3
4
5
5
5
5
7
5
5
4
2
1
-1
-3
-5
-7
-10
-9
-7
-8
-9
-9
-8
-5
-4
-4
-4
-3
-2
-1
1
3
3
4
4
5
4
3
4
5
4
5
5
4
3
2
1
-1
-1
-1
-1
-1
-1
-2
-2
-2
-4
0
1
1
3
6
7
6
5
5
4
3
-1
-3
-1
0
-1
-1
-1
-1
-3
-4
-5
-4
-5
-6
-5
-7
-6
-7
-7
-6
-5
-4
-4
-4
-3
-1
2
1
2
3
2
1
-1
-1
-3
-4
-4
-4
-3
-2
-3
-2
-1
-1
2
1
3
5
5
6
4
2
3
3
1
2
4
5
6
6
7
7
3
3
2
2
1
1
1
-1
-1
-3
-4
-9
-9
-8
-8
-6
-6
-5
-1
-2
-1
0
1
0
0
2
4
4
5
5
6
7
8
7
5
3
1
2
-1
-2
-1
-1
-2
-3
-3
-8
-7
-8
-10
-9
-8
-9
-8
-7
-7
-5
-4
-4
-4
-2
-1
-3
-4
-4
-3
-2
-2
-1
-1
-1
0
-1
-1
1
0
0
1
0
2
5
7
8
6
7
10
10
11
12
17
21
20
25
30
37
44
47
49
54
60
76
82
85
88
86
96
98
91
87
78
75
70
58
41
23
4
-17
-39
-58
-73
-86
-107
-128
-143
-160
-172
-196
-219
-221
-219
-220
-223
-238
-241
-240
-237
-225
-221
-211
-187
-169
-149
-139
-133
-118
-99
-73
-48
-26
-4
8
17
25
38
51
64
81
103
132
154
160
161
163
171
182
192
204
223
241
255
258
255
253
251
250
248
247
254
261
263
259
245
232
223
213
203
193
189
187
183
170
148
130
117
104
91
73
55
37
19
-1
-21
-37
-53
-71
-94
-123
-151
-177
-195
-206
-214
-217
-225
-237
-250
-268
-281
-286
-287
-281
-273
-265
-258
-254
-254
-255
-250
-238
-227
-216
-200
-182
-169
-163
-154
-134
-112
-103
-95
-72
-44
-23
-14
1
33
65
78
85
95
114
131
135
144
162
177
187
185
181
175
164
158
161
172
178
165
144
128
116
111
109
105
99
90
82
75
64
56
51
53
61
67
65
59
56
58
62
64
68
72
70
59
46
38
30
25
22
23
22
13
-10
-30
-43
-45
-42
-40
-46
-56
-70
-84
-92
-91
-82
-74
-74
-80
-83
-82
-71
-57
-47
-40
-36
-34
-32
-28
-20
-13
-8
-7
-11
-12
-13
-14
-17
-22
-27
-31
-35
-38
-34
-30
-24
-23
-21
-19
-18
-16
-13
-5
6
8
8
8
9
12
13
15
14
13
9
10
7
4
2
2
3
3
1
-2
-4
-9
-9
-4
0
4
2
3
5
9
7
4
4
7
11
15
16
15
12
8
7
9
11
10
12
11
8
7
7
6
7
6
3
4
5
5
3
2
3
3
2
-1
-5
-6
-3
-1
-2
-5
-7
-9
-10
-10
-8
-8
-5
-8
-13
-14
-13
-13
-13
-12
-8
-8
-14
-20
-18
-14
-13
-14
-17
-15
-14
-16
-15
-14
-15
-13
-12
-11
-9
-6
-7
-7
-10
-8
-2
1
-2
-4
2
9
15
12
9
8
8
4
0
1
2
4
6
11
11
9
7
0
-3
-3
0
3
4
5
9
10
2
-6
-10
-12
-9
-7
-3
-4
-6
-8
-11
-12
-14
-10
-10
-9
-9
-8
-10
-12
-11
-14
-11
-9
-9
-11
-8
-8
-8
-6
-4
0
1
-2
-5
-6
-3
-2
-1
0
0
3
4
6
5
7
7
7
8
5
4
5
9
11
12
11
7
3
0
-4
-2
1
4
4
2
-2
-6
-9
-11
-9
-8
-6
-4
-3
-6
-9
-13
-13
-11
-8
-7
-6
-9
-12
-10
-10
-10
-10
-10
-11
-11
-7
-7
-5
-5
-4
-2
-4
-3
0
-1
-4
-5
-3
-2
0
1
-2
-4
-6
-4
-4
-2
0
2
3
5
7
8
9
8
9
8
8
10
11
13
12
13
14
12
14
12
11
11
11
10
6
4
4
2
1
0
-1
-3
-5
-5
-6
-6
-8
-8
-8
-9
-10
-14
-11
-11
-12
-15
-17
-18
-16
-17
-19
-19
-19
-18
-15
-13
-13
-10
-7
-6
-5
-5
-3
-1
0
3
1
2
1
-1
-3
-6
-9
-12
-12
-13
-13
-14
-16
-18
-15
-13
-11
-10
-7
-2
2
4
7
10
10
11
12
15
19
22
22
22
26
29
29
30
29
27
28
31
35
41
47
51
50
47
43
39
37
35
34
38
38
37
29
16
4
1
4
6
6
-2
-12
-20
-24
-24
-23
-25
-25
-25
-24
-23
-22
-26
-33
-37
-33
-28
-24
-24
-29
-32
-32
-29
-25
-25
-32
-42
-51
-53
-50
-48
-49
-59
-67
-73
-71
-62
-58
-64
-74
-84
-87
-81
-67
-56
-50
-46
-43
-36
-30
-27
-23
-16
0
22
43
58
62
57
51
54
63
74
77
68
52
32
11
-9
-21
-34
-49
-67
-89
-110
-129
-147
-162
-174
-186
-195
-192
-182
-163
-141
-124
-112
-105
-99
-87
-65
-32
7
49
87
119
147
169
186
209
232
255
275
286
297
308
323
345
365
379
391
389
376
357
330
305
281
263
252
245
240
221
173
121
74
42
21
-3
-38
-87
-150
-215
-258
-274
-288
-298
-315
-340
-366
-398
-420
-433
-451
-451
-434
-404
-370
-367
-383
-395
-406
-400
-385
-351
-295
-258
-241
-223
-192
-136
-84
-41
-7
9
10
6
21
51
77
77
77
103
149
185
209
226
239
250
260
296
358
404
421
420
442
500
549
567
546
500
426
296
170
95
66
50
-3
-87
-203
-369
-631
-944
-1190
-1327
-1359
-1335
-1274
-1181
-1107
-1118
-1193
-1244
-1226
-1150
-1052
-907
-673
-371
-76
181
413
630
820
970
1128
1362
1678
1993
2228
2369
2455
2508
2498
2421
2335
2289
2241
2137
1984
1832
1681
1461
1137
776
444
145
-139
-383
-546
-653
-791
-1001
-1231
-1418
-1565
-1693
-1791
-1817
-1766
-1698
-1673
-1692
-1703
-1680
-1645
-1617
-1553
-1399
-1186
-996
-872
-781
-687
-605
-558
-531
-491
-425
-337
-214
-71
45
92
93
101
128
164
188
204
205
199
205
213
199
175
181
201
186
139
135
209
300
351
393
480
599
679
711
751
843
955
1037
1087
1142
1215
1281
1326
1360
1403
1426
1387
1283
1165
1055
903
725
621
526
101
-785
-1624
-1822
-1611
-1691
-2071
-2113
-1828
-2056
-2969
-3574
-3248
-2729
-2802
-2987
-2548
-1856
-1690
-1841
-1552
-863
-410
-276
15
593
1182
1709
2307
2862
3174
3328
3496
3593
3540
3604
3990
4354
4240
3788
3461
3277
2895
2298
1857
1702
1496
917
104
-557
-906
-1142
-1513
-1985
-2333
-2536
-2838
-3336
-3692
-3605
-3340
-3343
-3545
-3510
-3169
-2888
-2819
-2665
-2226
-1757
-1550
-1464
-1147
-582
-78
206
427
745
1098
1342
1478
1647
1883
2041
1968
1689
1394
1195
1011
709
344
67
-149
-481
-942
-1306
-1439
-1513
-1700
-1873
-1781
-1433
-1065
-750
-341
189
640
875
1009
1198
1405
1490
1417
1321
1319
1391
1464
1522
1630
1834
2058
2149
2093
2060
2124
2133
1965
1731
1579
1465
1271
1011
811
719
644
536
468
530
638
648
571
557
671
782
748
594
420
250
-14
-614
-1736
-2995
-3533
-3147
-2794
-3268
-4008
-4206
-4413
-5568
-6961
-6972
-5693
-4866
-5103
-5144
-4288
-3577
-3776
-3930
-3007
-1581
-730
-313
483
1686
2688
3301
3804
4300
4718
5129
5608
6049
6429
6891
7282
7109
6291
5460
5124
4986
4565
4018
3754
3569
2874
1659
592
63
-272
-846
-1528
-1940
-2115
-2481
-3241
-4067
-4485
-4444
-4342
-4458
-4540
-4251
-3795
-3706
-3981
-4001
-3496
-2986
-2893
-2806
-2225
-1463
-1155
-1206
-981
-352
227
566
1035
1860
2730
3294
3630
4021
4540
5038
5394
5644
5880
6094
6084
5651
4890
4130
3464
2651
1582
547
-206
-906
-1884
-2991
-3794
-4232
-4636
-5126
-5424
-5375
-5219
-5215
-5264
-5122
-4768
-4367
-4000
-3605
-3126
-2613
-2193
-1933
-1729
-1379
-873
-463
-322
-252
34
494
909
1354
2078
2974
3657
4060
4500
5070
5421
5303
4932
4595
4268
3783
3206
2753
2421
1936
1160
319
-482
-1665
-3335
-4337
-3412
-1398
-557
-1362
-1976
-1655
-2077
-3858
-4613
-2705
-350
-298
-1593
-1669
-761
-898
-1797
-1287
803
2343
2449
2493
3384
4303
4520
4529
4838
5190
5417
5800
6295
6425
6119
5683
4963
3579
1996
1235
1329
1130
16
-1369
-2420
-3582
-5278
-6774
-7148
-6750
-6738
-7422
-8109
-8385
-8607
-9043
-9318
-9065
-8519
-8152
-8045
-7832
-7154
-6068
-5068
-4553
-4296
-3787
-3013
-2413
-1972
-1171
-31
702
775
1064
2312
4070
5539
6770
8226
9636
10378
10598
11053
11895
12495
12458
12084
11725
11314
10701
9952
9182
8361
7406
6302
5117
4026
3161
2375
1366
132
-952
-1665
-2217
-2801
-3273
-3522
-3821
-4410
-5054
-5335
-5241
-5117
-5119
-5094
-4966
-4879
-4912
-4876
-4591
-4152
-3818
-3658
-3515
-3269
-2979
-2803
-2754
-2691
-2525
-2343
-2291
-2331
-2252
-2010
-1851
-1943
-2071
-1961
-1716
-1576
-1455
-1153
-867
-933
-1425
-2705
-5244
-7849
-7762
-4565
-1961
-2894
-5162
-5522
-5487
-7898
-10127
-7466
-1833
240
-2142
-3471
-1566
-322
-1458
-1128
2754
6504
6960
6277
7396
9394
10196
10255
10943
12021
12860
13803
14920
15344
14833
14140
13294
11620
9777
9467
10582
10816
8889
6141
4057
2226
-54
-1864
-2009
-1306
-1808
-4061
-6529
-7867
-8450
-9165
-9820
-9701
-9065
-8942
-9617
-10276
-10234
-9774
-9511
-9403
-8752
-7152
-5218
-4026
-3772
-3566
-2825
-2015
-1436
-348
1695
3572
3924
3158
2747
3098
3451
3567
4015
4763
4858
3852
2530
1764
1482
1155
674
233
-157
-702
-1524
-2500
-3319
-3773
-4013
-4305
-4545
-4443
-4168
-4264
-4811
-5219
-5048
-4505
-3887
-3131
-2190
-1406
-1115
-1127
-917
-188
899
1971
2809
3431
3886
4128
4189
4334
4801
5466
5987
6223
6309
6330
6164
5764
5365
5220
5238
5139
4873
4517
4020
3334
2639
2110
1709
1331
395
-2257
-6342
-8697
-6723
-3065
-2745
-5659
-7190
-6521
-7704
-10876
-10267
-4343
39
-1891
-5447
-4901
-2499
-2714
-3639
-1081
3219
4404
2629
2095
3982
5710
5922
5931
6630
7471
8168
8870
9276
8992
8345
7632
6450
5054
4745
5911
6737
5293
2301
-77
-1210
-2203
-3425
-3736
-3038
-3216
-5532
-8498
-9729
-9249
-8842
-9140
-9184
-8536
-8218
-8808
-9348
-8818
-7552
-6692
-6428
-5976
-4894
-3522
-2502
-1956
-1568
-944
25
971
1857
3074
4477
5069
4428
3825
4430
5605
6163
6221
6505
6587
5683
4372
3911
4391
4669
4176
3423
2807
2136
1267
545
241
128
-145
-667
-1201
-1481
-1556
-1680
-1974
-2193
-2061
-1717
-1448
-1252
-989
-752
-712
-748
-531
85
812
1305
1465
1414
1386
1452
1544
1695
2011
2401
2543
2278
1893
1815
1964
1914
1632
1439
1460
1420
1125
838
796
754
427
19
-129
-104
-147
-392
-1513
-4534
-8372
-9393
-6215
-2891
-3647
-6662
-7751
-7853
-10439
-13267
-10794
-4508
-1997
-5137
-7709
-6176
-4429
-5144
-4754
-695
3343
3643
2353
3113
5376
6657
6906
7569
8758
9899
11096
12219
12479
11803
11006
10228
9030
8067
8617
10102
10066
7457
4105
2098
1226
234
-694
-587
-171
-1475
-4672
-7394
-7928
-7339
-7405
-7998
-7968
-7492
-7801
-8929
-9496
-8808
-7806
-7450
-7281
-6328
-4659
-3255
-2761
-2983
-3284
-3003
-1881
-188
1609
3140
3836
3144
1701
1267
2635
4551
5570
5766
5607
4780
3269
2260
2647
3635
3934
3395
2641
1898
1045
249
-201
-353
-471
-669
-871
-1049
-1282
-1656
-2143
-2572
-2649
-2194
-1417
-763
-531
-681
-1004
-1264
-1190
-568
491
1443
1780
1560
1225
1118
1262
1587
2116
2730
3048
2844
2452
2310
2372
2428
2444
2418
2179
1703
1363
1342
1346
1066
676
453
276
0
-157
57
-284
-3033
-7667
-9992
-7165
-2829
-2610
-5707
-7065
-6731
-9271
-13477
-12321
-5388
-1162
-3826
-7235
-6164
-4207
-5186
-5609
-1662
3193
4049
2436
2595
4661
6086
6451
7068
8071
8992
10085
11311
11806
11362
10811
10187
8781
7257
7390
9187
10066
8169
4833
2429
1234
-37
-1315
-1196
-13
-294
-3286
-6727
-7918
-7390
-7311
-7859
-7605
-6705
-6879
-8319
-9247
-8682
-7623
-7145
-6952
-6279
-4972
-3521
-2620
-2453
-2442
-1969
-1296
-863
-75
1792
3811
4206
2999
2055
2343
3017
3435
4169
5313
5613
4318
2550
1828
2145
2524
2549
2425
2131
1408
362
-515
-864
-790
-728
-949
-1244
-1269
-1155
-1319
-1732
-1938
-1771
-1474
-1124
-549
139
482
264
-167
-303
82
838
1624
2154
2331
2170
1740
1311
1335
1978
2774
3093
2903
2685
2628
2419
1876
1340
1305
1756
2097
1869
1357
1087
928
410
-447
-1606
-3625
-6222
-7260
-5513
-3373
-3872
-6112
-7308
-7866
-9871
-11742
-9936
-5586
-3665
-5350
-6822
-6101
-5425
-5794
-4730
-1214
1915
2490
2069
2692
3945
4802
5617
6892
8132
8978
9808
10656
10977
10753
10502
10164
9281
8301
8301
9163
9320
7795
5468
3650
2327
877
-280
-243
384
-254
-2666
-5186
-6360
-6681
-7141
-7458
-7021
-6485
-6955
-8139
-8772
-8441
-7820
-7396
-6984
-6345
-5488
-4519
-3655
-3056
-2529
-1807
-1070
-571
79
1448
3140
3966
3449
2540
2378
2868
3225
3489
4279
5128
4726
3085
1827
1794
2065
1850
1628
1766
1621
735
-362
-1019
-1237
-1308
-1378
-1486
-1532
-1375
-1194
-1371
-1820
-1953
-1573
-1126
-842
-339
507
1040
807
395
555
1111
1495
1793
2375
2975
2991
2476
2067
2081
2254
2343
2460
2710
2861
2650
2170
1746
1522
1424
1378
1352
1268
1076
848
630
330
-241
-1439
-3516
-5765
-6575
-5363
-3835
-3861
-4973
-5737
-6573
-8579
-10380
-9418
-6258
-4255
-4621
-5244
-4814
-4610
-5219
-4897
-2605
62
1394
1804
2407
3278
4061
4793
5495
6036
6644
7581
8487
8911
9147
9572
9605
8523
6928
6230
6697
7165
6776
5938
5130
3922
1911
-86
-847
-466
-259
-998
-2151
-3062
-3936
-5090
-6027
-6100
-5622
-5476
-5855
-6195
-6148
-5924
-5756
-5617
-5421
-5076
-4504
-3800
-3116
-2350
-1374
-534
-319
-484
-242
636
1568
2104
2421
2703
2757
2507
2325
2547
2988
3184
2947
2502
2124
1870
1638
1373
1105
862
594
232
-167
-429
-515
-637
-960
-1304
-1405
-1334
-1320
-1336
-1182
-926
-840
-930
-893
-582
-184
80
248
458
697
839
863
907
1095
1355
1522
1565
1590
1641
1643
1542
1415
1393
1480
1528
1410
1225
1149
1145
1012
765
625
638
590
376
172
147
159
-226
-1404
-3123
-4335
-4232
-3358
-2937
-3122
-3143
-3113
-4101
-5918
-6695
-5564
-4017
-3543
-3540
-2946
-2298
-2526
-2982
-2411
-999
80
527
996
1778
2602
3335
4018
4494
4662
4766
4998
5233
5510
6133
6953
7190
6445
5339
4662
4382
4041
3688
3670
3764
3282
2080
830
118
-241
-709
-1296
-1708
-1946
-2312
-2887
-3361
-3519
-3548
-3772
-4240
-4678
-4771
-4495
-4091
-3764
-3471
-3186
-3079
-3242
-3375
-3033
-2201
-1334
-794
-495
-218
-52
-177
-361
-110
557
1066
1188
1308
1610
1697
1396
1158
1269
1391
1251
1101
1151
1217
1149
1042
906
646
370
236
166
61
69
248
310
77
-154
-93
53
-13
-149
-34
257
406
374
398
539
636
599
533
538
633
780
889
902
889
933
939
784
602
640
829
866
685
518
498
501
410
286
217
188
125
31
1
82
187
189
16
-475
-1397
-2422
-2839
-2483
-2064
-2099
-2167
-1918
-2002
-2931
-3866
-3796
-3152
-2959
-3070
-2664
-1905
-1639
-1819
-1693
-1170
-802
-668
-345
206
716
1234
1921
2547
2828
2945
3147
3273
3175
3178
3606
4199
4462
4338
4134
3950
3581
2981
2480
2362
2433
2258
1755
1258
946
609
106
-355
-601
-803
-1159
-1552
-1771
-1812
-1792
-1813
-1969
-2276
-2559
-2664
-2675
-2689
-2551
-2160
-1801
-1787
-1952
-1921
-1697
-1554
-1500
-1300
-988
-836
-857
-750
-400
-52
100
134
163
156
127
188
366
554
674
732
707
592
477
464
502
476
399
364
374
345
284
268
294
273
191
128
134
189
264
346
412
460
491
472
421
442
596
781
855
838
838
848
809
771
832
926
903
773
676
646
612
570
583
628
587
415
178
-21
-114
-103
-56
-65
-156
-272
-376
-471
-528
-487
-357
-245
-266
-535
-1094
-1724
-2008
-1858
-1673
-1726
-1719
-1433
-1311
-1732
-2228
-2181
-1864
-1900
-2132
-1931
-1364
-1030
-995
-787
-328
-42
-75
-103
74
352
691
1152
1647
2002
2227
2403
2487
2428
2370
2489
2696
2760
2656
2562
2554
2437
2090
1696
1481
1352
1056
620
301
176
43
-187
-373
-461
-604
-887
-1196
-1405
-1477
-1405
-1233
-1116
-1143
-1196
-1170
-1174
-1276
-1284
-1086
-905
-966
-1107
-1082
-955
-894
-835
-669
-520
-543
-646
-646
-526
-367
-180
-6
58
21
-9
2
12
51
173
283
262
177
187
271
295
272
301
363
361
306
291
342
413
470
499
481
453
490
583
636
610
563
521
441
350
372
534
680
674
542
383
225
91
51
132
249
303
277
215
139
43
-57
-119
-137
-141
-138
-133
-147
-192
-234
-264
-319
-395
-411
-346
-293
-318
-356
-360
-419
-636
-987
-1297
-1382
-1244
-1108
-1107
-1113
-1011
-970
-1185
-1439
-1409
-1194
-1133
-1214
-1141
-861
-626
-506
-305
46
382
566
640
707
837
1078
1403
1713
1970
2203
2351
2277
2020
1845
1898
2016
2011
1922
1878
1816
1585
1216
919
794
710
507
223
20
-68
-179
-377
-564
-649
-719
-886
-1107
-1240
-1236
-1193
-1200
-1244
-1254
-1209
-1167
-1195
-1258
-1243
-1138
-1057
-1052
-1015
-854
-672
-616
-664
-678
-632
-616
-618
-530
-334
-149
-44
15
71
110
129
161
210
257
309
381
445
481
510
546
538
467
407
422
459
451
435
455
473
442
426
489
571
578
532
508
522
527
516
523
559
596
593
531
442
381
357
329
278
230
186
131
71
35
7
-38
-72
-64
-60
-103
-153
-161
-165
-226
-297
-294
-248
-253
-313
-346
-349
-402
-514
-626
-790
-1109
-1475
-1627
-1543
-1456
-1433
-1303
-1107
-1159
-1490
-1726
-1659
-1516
-1475
-1364
-1049
-725
-552
-386
-87
213
380
490
642
819
1046
1417
1872
2214
2363
2414
2414
2325
2209
2219
2358
2433
2306
2058
1847
1713
1588
1422
1255
1101
872
506
134
-53
-70
-108
-253
-435
-622
-866
-1138
-1314
-1345
-1304
-1266
-1268
-1331
-1419
-1452
-1424
-1426
-1472
-1448
-1327
-1240
-1223
-1125
-905
-741
-752
-800
-757
-694
-678
-592
-361
-115
20
80
147
201
203
204
260
351
453
572
683
736
730
731
759
756
697
642
645
654
594
493
430
424
400
312
196
127
128
131
90
71
135
206
165
59
19
43
32
10
59
136
151
150
219
305
316
297
324
333
263
217
280
319
220
110
134
184
113
8
20
93
83
-6
-75
-145
-345
-743
-1220
-1533
-1554
-1440
-1425
-1464
-1386
-1323
-1576
-2007
-2137
-1891
-1688
-1678
-1545
-1151
-809
-698
-585
-296
24
233
400
611
884
1245
1682
2043
2252
2409
2568
2605
2483
2404
2494
2614
2591
2458
2328
2211
2042
1794
1505
1236
1004
735
383
61
-98
-178
-365
-654
-884
-1053
-1292
-1573
-1712
-1690
-1669
-1718
-1747
-1725
-1739
-1807
-1823
-1751
-1667
-1596
-1461
-1258
-1094
-1003
-888
-726
-622
-591
-528
-394
-288
-218
-71
167
371
489
590
692
719
696
713
768
806
860
961
1017
972
919
910
842
676
560
565
559
477
441
487
463
314
169
93
6
-107
-130
-56
-3
-15
-44
-87
-185
-274
-238
-107
-20
-14
-7
39
75
78
122
239
345
362
330
329
355
346
286
234
227
238
223
197
195
179
88
-58
-273
-708
-1390
-1972
-2073
-1857
-1784
-1862
-1746
-1571
-1873
-2571
-2891
-2560
-2185
-2155
-2055
-1552
-1037
-877
-779
-359
188
501
608
772
1103
1573
2153
2734
3167
3423
3538
3486
3289
3148
3261
3543
3721
3640
3378
3069
2738
2330
1855
1467
1247
1010
534
-47
-395
-507
-730
-1180
-1581
-1800
-2064
-2471
-2754
-2718
-2531
-2443
-2473
-2534
-2604
-2669
-2699
-2682
-2558
-2248
-1883
-1724
-1722
-1543
-1145
-878
-837
-704
-389
-203
-233
-125
265
643
806
889
991
1023
1003
1060
1168
1227
1284
1384
1386
1226
1123
1203
1240
1063
878
866
842
632
433
450
525
429
235
126
83
14
-41
-21
43
112
169
147
18
-89
-46
43
53
91
277
463
456
366
401
496
490
440
481
578
622
604
556
496
464
460
420
344
343
432
461
182
-689
-2115
-3347
-3513
-2866
-2503
-2617
-2391
-1952
-2606
-4342
-5243
-4398
-3325
-3274
-3285
-2339
-1348
-1397
-1742
-1187
-64
580
687
942
1627
2518
3389
4087
4532
4787
4840
4552
4112
4091
4691
5392
5625
5330
4715
3974
3282
2701
2165
1795
1758
1680
946
-177
-760
-755
-1114
-2083
-2764
-2777
-2899
-3516
-3858
-3429
-2920
-3053
-3550
-3843
-3891
-3834
-3578
-3087
-2539
-2059
-1705
-1652
-1871
-1870
-1331
-640
-272
-69
312
660
611
433
664
1196
1460
1348
1281
1430
1555
1542
1552
1599
1518
1279
1005
807
775
940
1093
948
564
285
191
72
-68
30
296
319
33
-170
-105
-10
-23
7
127
167
96
77
174
305
418
488
442
329
358
564
740
788
840
934
944
838
761
823
932
945
870
828
849
865
860
867
900
975
796
-487
-3127
-5419
-5251
-3338
-2489
-3207
-3282
-2503
-3628
-6953
-8526
-6289
-3512
-3300
-3910
-2783
-1251
-1647
-2862
-2287
-91
1467
1669
1807
2895
4505
5633
5886
5760
5873
6035
5754
5453
6076
7427
8169
7576
6136
4528
3189
2544
2532
2468
2115
1895
1462
-162
-2408
-3314
-2674
-2555
-3765
-4557
-3974
-3622
-4607
-5443
-4808
-3913
-4298
-5245
-5120
-3891
-2754
-2271
-2072
-1819
-1636
-1731
-1915
-1556
-271
1278
1936
1521
1022
1053
1127
887
959
1827
2688
2505
1620
1194
1420
1438
933
598
804
1005
750
411
419
496
186
-436
-885
-830
-374
85
223
129
48
-92
-434
-624
-171
665
1106
992
831
824
703
488
545
892
1158
1152
1031
945
913
903
820
634
507
601
784
838
839
918
873
462
11
30
420
721
805
946
1116
904
-179
-2605
-5757
-7439
-6020
-3314
-2593
-3791
-4420
-4578
-6842
-10262
-10235
-6090
-2710
-3031
-4019
-2834
-1522
-2319
-3267
-1497
1875
3814
3962
4364
6168
8051
8325
7297
6739
7504
8426
8624
8968
10114
10727
9179
6295
4129
3345
3365
3669
3857
3168
1460
-499
-2412
-4345
-5526
-4999
-3846
-4196
-5755
-6391
-5810
-5926
-7159
-7519
-6242
-5053
-5070
-4934
-3379
-1639
-1540
-2727
-3213
-2188
-745
221
1190
2589
3416
2580
933
331
1196
2285
2720
2807
2859
2524
1513
289
-311
-20
483
373
-186
-343
-109
-429
-1452
-2081
-1809
-1457
-1502
-1250
-380
177
-264
-1032
-1220
-828
-247
467
1276
1853
1887
1466
984
889
1362
2038
2401
2421
2411
2322
1881
1354
1283
1576
1653
1431
1380
1538
1436
978
581
478
534
710
1004
1182
1035
731
530
429
417
651
1025
1033
308
-1509
-4556
-7406
-7497
-4623
-2465
-3527
-5613
-6103
-6675
-9442
-11110
-8093
-3446
-2598
-4866
-5180
-3003
-1950
-2767
-2271
750
3379
3878
3800
5178
7507
8471
7410
6067
6484
8217
9293
9391
9591
9822
8383
5306
3139
3168
4065
4287
3715
2463
339
-1892
-3235
-3866
-4371
-4410
-3754
-3796
-5230
-6297
-5710
-4859
-5485
-6470
-5720
-3831
-2783
-2699
-2089
-956
-830
-1821
-2199
-625
1813
3165
3170
2807
2587
2051
1304
1357
2539
3695
3508
2364
1407
1016
713
128
-309
-232
-13
-333
-1081
-1477
-1469
-1801
-2684
-3139
-2515
-1664
-1429
-1525
-1497
-1608
-2068
-2201
-1442
-248
538
674
528
338
239
387
806
1417
1944
2094
1800
1401
1282
1340
1271
1086
1075
1233
1237
1081
965
836
530
160
174
650
1187
1441
1341
971
477
272
612
1207
1716
1963
1919
1397
342
-1441
-4224
-6626
-6212
-3048
-1097
-2809
-5388
-5938
-6298
-8736
-10023
-6679
-2045
-1504
-4035
-4368
-2102
-1092
-2005
-1507
1699
4697
5468
5331
6323
8067
8391
6925
5848
7189
9765
10758
9877
8932
8317
6509
3716
2416
3346
4407
3797
2029
99
-1925
-3741
-4775
-5159
-5386
-5337
-4986
-5259
-6435
-7245
-6916
-6582
-7132
-7208
-5428
-3032
-2171
-2703
-2787
-2119
-1956
-2204
-1117
1557
3517
3241
2107
1875
2170
2016
1991
2862
3770
3530
2461
1612
1159
751
316
-51
-256
-181
-42
-438
-1332
-1968
-2168
-2449
-2656
-2008
-895
-638
-1341
-1857
-1765
-1643
-1415
-484
739
1224
892
600
694
882
1119
1581
2150
2458
2389
2120
1826
1626
1473
1330
1317
1477
1592
1419
1124
868
501
79
6
433
900
1086
1108
1026
824
708
880
1129
1264
1441
1768
1923
1740
1417
947
-197
-2775
-5899
-6976
-4617
-1600
-2068
-5300
-7322
-7317
-8298
-10145
-8711
-4113
-1724
-3982
-6226
-4574
-1793
-1310
-1831
-113
3134
4930
4966
5307
7017
8197
7248
5604
6052
8879
11014
10515
8746
7528
6408
4449
2963
3404
4609
4278
2036
-478
-2192
-3239
-3967
-4592
-5092
-5298
-5172
-5244
-5979
-6702
-6685
-6403
-6639
-6668
-5074
-2542
-1337
-2060
-2802
-2209
-1254
-744
306
2443
3993
3454
2125
2009
2833
3176
3080
3463
3896
3409
2385
1798
1640
1218
583
187
47
29
-61
-495
-1328
-2065
-2285
-2233
-1981
-1343
-751
-1019
-1893
-2183
-1682
-1173
-774
-27
699
603
37
-6
503
858
977
1277
1667
1751
1525
1239
994
780
650
605
650
809
858
487
-144
-473
-382
-215
-42
349
740
626
226
242
766
1165
1170
1278
1607
1764
1693
1787
2079
1932
1115
-643
-3619
-6329
-6007
-2587
-646
-3022
-6445
-7212
-6917
-8443
-9238
-6181
-2390
-2629
-5507
-5632
-2647
-673
-1093
-1202
1062
3941
5414
5800
6583
7961
8158
6741
5919
7890
11206
12144
10113
7791
6843
6039
4474
3684
4424
4848
3131
218
-1704
-2394
-3132
-4437
-5568
-5827
-5533
-5382
-5693
-6337
-6893
-7195
-7268
-6919
-5636
-3383
-1628
-1758
-3083
-3450
-2111
-611
240
1334
2917
3421
2207
1308
2057
3055
2834
2355
2795
3141
2402
1403
1042
698
-135
-636
-334
26
-176
-733
-1418
-2139
-2504
-2209
-1571
-1001
-647
-744
-1280
-1620
-1236
-576
-210
183
868
1230
917
649
994
1358
1249
1280
1861
2370
2108
1450
1048
893
757
641
789
1011
919
401
-187
-367
-248
-87
26
237
498
604
551
446
549
914
1398
1665
1697
1738
1878
2096
2195
2151
1843
1079
-1021
-4614
-7068
-5491
-1542
-906
-4641
-7754
-7515
-7328
-9409
-9515
-5596
-2445
-4086
-6863
-5488
-1913
-711
-1895
-1605
1406
4383
5603
5900
6886
8027
7597
6128
6228
9184
12145
11805
9007
6977
6638
5995
4500
3930
4613
4440
2116
-629
-1810
-2103
-3140
-4936
-6018
-5772
-5131
-5050
-5713
-6581
-7166
-7361
-7104
-6221
-4424
-2314
-1387
-2148
-3181
-2689
-1023
270
1056
2142
3305
3290
2400
2208
2906
3263
2743
2513
2992
3160
2414
1336
631
-87
-860
-1043
-543
-175
-725
-1730
-2535
-2979
-3035
-2633
-1817
-1166
-1117
-1547
-1830
-1506
-926
-517
-151
537
1275
1427
1149
1150
1524
1646
1468
1705
2425
2760
2127
1209
849
826
614
378
594
865
504
-326
-838
-710
-488
-495
-448
-98
282
303
167
269
671
1050
1276
1616
2133
2536
2464
2198
2208
2435
2474
2151
1457
-826
-4749
-7112
-5009
-1209
-1530
-5517
-7866
-7188
-7626
-9957
-9220
-4971
-2765
-5158
-7191
-4829
-1451
-965
-2190
-1277
1989
4629
5636
6115
7320
8267
7503
6170
6801
9993
12429
11393
8496
6847
6786
5985
4313
3802
4440
3942
1309
-1263
-2055
-2348
-3741
-5698
-6453
-5861
-5282
-5452
-6217
-6977
-7413
-7466
-7005
-5913
-4028
-2144
-1617
-2486
-3016
-1923
-369
360
973
2443
3740
3416
2435
2521
3245
3103
2408
2556
3230
3054
1977
1030
398
-396
-1050
-947
-468
-486
-1125
-1934
-2585
-2922
-2754
-2158
-1465
-988
-934
-1189
-1333
-940
-314
73
477
1220
1888
1807
1443
1537
1819
1766
1657
2111
2691
2530
1701
974
736
606
363
308
584
676
26
-901
-1177
-853
-757
-945
-691
-31
146
-227
-291
213
653
740
964
1539
2110
2235
2033
2025
2334
2536
2219
1677
306
-3050
-6631
-6393
-2225
-272
-3631
-7560
-7687
-6875
-8908
-10075
-6722
-2826
-3668
-6902
-6368
-2699
-787
-1789
-2112
534
3821
5540
5884
6524
7793
7943
6705
6235
8659
12095
12504
9693
7086
6760
6690
5129
3877
4295
4666
2768
-309
-1897
-2138
-2981
-4887
-6205
-5927
-5143
-5057
-5844
-6801
-7358
-7438
-6994
-6111
-4569
-2608
-1498
-2008
-3035
-2519
-590
660
822
1596
3393
4082
2897
2012
2691
3316
2505
1862
2691
3346
2236
459
-255
-459
-1114
-1539
-1082
-661
-1314
-2366
-2910
-2986
-2840
-2453
-1805
-1238
-947
-970
-1152
-967
-318
287
603
1137
2034
2393
1901
1516
1853
2282
2268
2337
2789
2846
2024
1040
710
831
768
544
470
422
11
-746
-1256
-1200
-884
-764
-767
-527
-198
-271
-541
-299
407
897
1064
1386
1833
1949
1819
2033
2559
2894
2850
2686
1834
-1361
-5825
-7287
-3582
301
-1357
-5949
-7657
-6685
-8007
-10489
-8633
-3783
-2425
-5810
-7439
-4393
-1342
-1773
-3253
-1651
2172
4873
5562
5767
6877
7528
6446
5208
6667
10696
12913
10895
7442
6200
6606
5758
4175
4252
5353
4555
1332
-1283
-1765
-2008
-3592
-5435
-5631
-4644
-4212
-4927
-6205
-7086
-7362
-7121
-6369
-5010
-3001
-1516
-1805
-3225
-3515
-1747
71
529
910
2463
3744
2943
1600
1927
3082
2982
2128
2592
3654
3059
1061
-152
-63
-242
-871
-822
-312
-685
-2017
-2822
-2664
-2380
-2307
-2025
-1389
-1005
-1175
-1468
-1364
-801
-201
212
710
1476
1958
1634
1095
1275
1982
2347
2335
2520
2697
2195
1259
842
1127
1254
883
493
406
219
-422
-977
-1036
-752
-653
-855
-809
-467
-308
-555
-631
-90
508
768
970
1420
1639
1294
1196
1858
2620
2794
2712
2668
2412
889
-2758
-6463
-6497
-2403
356
-2177
-6496
-7636
-6871
-8562
-10208
-7281
-2651
-2373
-6019
-6993
-3915
-1557
-2289
-2984
-391
3407
5344
5311
5280
6359
6848
5901
5480
7850
11653
12558
9652
6465
5865
6381
5528
4582
5273
6025
4208
497
-1764
-1888
-2037
-3431
-4725
-4501
-3789
-4135
-5616
-7028
-7466
-7202
-6640
-5802
-4365
-2630
-1978
-3033
-4351
-3778
-1524
178
708
1418
2681
2869
1565
916
2044
3272
3073
2638
3216
3406
1898
128
25
684
360
-257
57
349
-853
-2506
-2732
-1947
-1611
-1764
-1433
-875
-1082
-1864
-2178
-1479
-426
157
270
505
1003
1061
497
341
1243
2263
2283
1796
1863
2074
1500
652
668
1404
1671
1149
634
478
200
-428
-766
-361
228
227
-304
-636
-540
-455
-460
-116
592
1069
940
614
627
937
1154
1233
1553
2016
2140
1882
1858
2180
2256
1023
-2525
-6461
-6834
-2704
694
-1472
-6065
-7648
-6843
-8085
-9609
-6566
-1746
-1612
-5972
-7692
-4440
-1442
-1733
-2457
-237
3119
4526
4235
4268
5649
6577
5812
5214
7175
10806
11921
9098
5799
5282
6327
6039
5177
5690
6259
4273
319
-2017
-1618
-1032
-1968
-3325
-3603
-3461
-4216
-5747
-6950
-7001
-6343
-5741
-5292
-4486
-3210
-2803
-4031
-5278
-4224
-1332
514
526
510
1266
1284
193
228
2201
3877
3494
2566
2774
2944
1889
832
1153
1749
1206
416
493
593
-438
-1686
-1728
-1006
-696
-906
-1024
-1168
-1837
-2630
-2607
-1520
-293
129
-148
-383
-256
-205
-244
279
1366
1918
1409
900
1152
1491
1250
1008
1430
1921
1693
1046
673
548
243
-101
-38
385
647
406
-43
-273
-295
-247
-74
314
671
603
282
210
540
855
962
1156
1355
1317
1090
1124
1509
1794
1748
1428
740
-1385
-4612
-6026
-3702
-398
-869
-4478
-6730
-6410
-6632
-7981
-6740
-3088
-1647
-4150
-6404
-4973
-2430
-1720
-1994
-744
1808
3423
3689
3603
4272
5259
5389
5196
6203
8736
10323
8906
6193
5071
5768
6086
5607
5731
5996
4648
1623
-703
-934
-452
-693
-1612
-2401
-3017
-3914
-4969
-5854
-6063
-5598
-5001
-4760
-4816
-4429
-3890
-4162
-4910
-4504
-2468
-703
-428
-649
-302
14
-338
-125
1462
3087
3213
2355
2024
2150
1914
1610
2003
2565
2157
1245
916
959
512
-219
-300
11
-184
-776
-1066
-1056
-1381
-1905
-1888
-1225
-622
-702
-1193
-1428
-1182
-802
-551
-113
622
950
448
-112
204
996
1314
1276
1520
1835
1558
959
822
1161
1340
1176
1124
1274
1232
774
259
112
278
406
368
382
460
267
-185
-389
0
540
677
536
520
574
437
277
470
908
1145
1142
1231
1456
650
-2377
-5750
-5790
-2008
709
-1209
-4658
-5672
-5477
-7077
-8020
-4738
-552
-858
-4921
-6727
-4567
-2391
-2059
-1664
544
2674
2671
1592
1580
3392
4963
4870
4561
6015
8558
8914
6605
4705
5114
6199
5959
5612
6320
6439
4168
789
-672
109
1130
1028
27
-1127
-2444
-3905
-5136
-5491
-4621
-3458
-3391
-4567
-5443
-5020
-4499
-4907
-5105
-3697
-1756
-1374
-2133
-2086
-1138
-850
-1244
-472
1673
3105
2616
1512
1286
1495
1483
1856
3048
3834
2983
1401
646
763
821
787
1150
1305
437
-972
-1591
-1253
-1015
-1235
-1323
-1005
-997
-1664
-2187
-1888
-1243
-1051
-1052
-581
22
-40
-608
-654
91
832
1035
1119
1429
1538
1113
765
1201
1991
2243
1879
1526
1417
1137
715
692
1164
1441
1003
336
80
115
30
-51
201
532
411
-101
-442
-292
44
138
85
133
277
311
222
326
672
1011
351
-2110
-4811
-4698
-1422
766
-976
-3854
-4528
-4335
-5749
-6291
-3211
205
-693
-4596
-6022
-4064
-2237
-1797
-983
1006
2047
1146
57
583
2603
4109
4205
3986
4843
6334
6349
4928
4234
5117
5863
5223
4761
5446
5627
3802
1367
681
1441
1894
1437
653
-268
-1682
-3193
-4041
-3830
-2864
-2115
-2543
-4076
-5203
-5061
-4540
-4424
-3991
-2639
-1799
-2624
-3675
-3110
-1593
-1033
-1059
-105
1256
1140
-115
-78
1489
2261
1579
1448
2599
2882
1478
670
1614
2269
1285
550
1332
1708
347
-967
-536
281
-185
-995
-819
-339
-908
-1983
-2025
-1027
-340
-707
-1211
-945
-497
-718
-1097
-421
865
1177
492
269
923
1230
822
871
1714
2172
1584
972
1147
1430
1190
935
1271
1625
1238
488
221
453
511
252
203
430
345
-195
-510
-209
103
-84
-367
-299
-157
-365
-558
-324
26
57
-8
179
-403
-2455
-4269
-3409
-719
68
-1673
-3092
-3096
-3784
-5463
-4825
-1512
412
-1308
-3866
-4120
-3184
-2625
-1739
180
1892
1684
266
-628
1
1828
3405
3995
4025
4353
4538
3736
3046
3843
5353
5542
4518
4160
4440
3897
2479
1852
2401
2652
2042
1261
770
86
-988
-1823
-2118
-1843
-1356
-1318
-2156
-3372
-3850
-3720
-3702
-3538
-2564
-1503
-1929
-3332
-3701
-2672
-1741
-1498
-858
195
216
-914
-1478
-624
438
757
977
1466
1495
699
-26
210
957
1402
1384
1233
1065
579
-88
-358
92
720
659
101
-308
-506
-908
-1276
-853
-53
73
-561
-1001
-884
-819
-827
-398
373
666
236
-183
-142
179
527
972
1468
1610
1256
776
665
958
1312
1540
1626
1536
1162
698
568
815
1026
936
751
600
313
-102
-262
-56
62
-165
-458
-548
-608
-795
-890
-748
-571
-561
-618
-572
-500
-481
-458
-663
-1411
-2252
-2121
-964
-257
-781
-1525
-1658
-1899
-2682
-2638
-1125
105
-476
-1879
-2284
-1860
-1542
-1063
62
1149
994
-132
-865
-484
651
1701
2374
2675
2536
1924
1176
1180
2171
3308
3613
3088
2528
2084
1591
1339
1772
2550
2621
1838
888
256
-90
-234
15
394
432
8
-702
-1321
-1596
-1407
-1011
-845
-900
-983
-1163
-1609
-1992
-1768
-1178
-934
-1082
-1050
-819
-1006
-1538
-1566
-887
-287
-245
-347
-268
-334
-670
-744
-215
458
684
470
179
-61
-241
-235
92
562
756
486
-28
-374
-428
-323
-152
103
331
224
-237
-633
-611
-297
-14
208
376
338
23
-268
-169
231
607
798
829
705
447
303
460
802
1050
1090
980
750
488
385
527
717
721
530
276
59
-112
-159
-34
122
89
-187
-454
-544
-521
-479
-380
-200
-152
-337
-566
-590
-420
-259
-160
-82
-43
-101
-224
-247
-93
120
201
114
-5
-80
-150
-217
-168
-9
43
-125
-336
-375
-301
-275
-286
-231
-167
-215
-338
-399
-360
-290
-251
-248
-252
-248
-268
-334
-374
-300
-150
-59
-61
-83
-106
-146
-161
-66
95
204
237
242
229
196
204
308
461
575
611
593
551
518
512
553
643
733
755
696
616
554
521
528
584
648
641
551
442
351
275
230
239
256
223
138
18
-128
-256
-311
-318
-345
-400
-461
-540
-648
-739
-796
-839
-859
-834
-800
-792
-771
-725
-711
-743
-718
-574
-398
-294
-265
-235
-168
-102
-32
99
272
370
334
274
293
336
337
330
371
402
355
270
211
182
145
114
101
89
54
-3
-48
-76
-90
-87
-64
-46
-70
-112
-122
-94
-81
-89
-63
-2
22
-28
-68
-27
40
63
55
74
116
151
172
186
181
154
129
131
174
246
281
221
92
2
1
39
61
67
60
0
-127
-227
-229
-158
-76
-20
-36
-137
-237
-246
-197
-161
-113
-32
-13
-103
-191
-182
-140
-148
-140
-35
72
54
-51
-103
-74
-30
30
140
264
298
226
163
185
259
316
367
446
501
470
377
333
374
421
408
367
367
366
279
145
88
119
102
4
-64
-59
-98
-248
-355
-311
-260
-346
-465
-448
-384
-433
-512
-463
-357
-372
-453
-433
-344
-299
-291
-251
-196
-171
-162
-153
-137
-103
-52
-27
-15
29
65
34
-24
-6
71
115
132
175
213
176
96
75
129
196
228
222
192
151
109
83
80
92
89
46
-17
-45
-16
14
-10
-74
-130
-158
-161
-134
-77
-41
-67
-138
-173
-142
-99
-93
-89
-23
42
17
-73
-102
-30
41
29
20
97
167
105
-23
-32
101
202
179
137
171
196
122
39
82
194
216
158
142
166
114
7
-17
60
114
89
50
37
9
-51
-88
-59
8
35
11
-6
15
23
-27
-77
-36
67
110
78
73
120
105
11
-16
79
166
137
82
92
101
30
-40
-18
41
38
-39
-101
-119
-129
-156
-180
-180
-175
-201
-265
-316
-301
-246
-222
-238
-240
-210
-193
-212
-211
-146
-47
1
-17
-37
-12
24
33
50
121
191
156
51
23
112
175
127
67
93
121
67
11
51
117
93
20
18
83
111
70
29
33
47
48
55
80
82
22
-67
-104
-62
-2
10
-19
-69
-138
-215
-241
-180
-95
-69
-109
-165
-208
-241
-248
-195
-93
-23
-12
-40
-70
-91
-76
6
108
166
172
172
160
133
146
228
295
283
243
251
278
261
231
246
272
243
174
141
168
190
144
65
27
30
5
-58
-82
-39
-25
-110
-209
-213
-158
-144
-186
-194
-155
-146
-190
-217
-168
-106
-105
-141
-135
-75
-36
-51
-76
-63
-29
-29
-65
-72
-18
29
-3
-65
-67
-25
-28
-69
-60
5
21
-46
-91
-42
41
55
16
9
38
45
31
61
139
184
148
88
80
120
153
156
145
143
139
114
77
53
58
64
46
13
7
30
36
1
-41
-41
-12
11
14
13
16
12
-7
-19
-3
34
54
42
16
3
-1
-13
-26
-26
-28
-46
-73
-91
-110
-138
-156
-154
-167
-205
-236
-232
-230
-265
-292
-266
-235
-257
-289
-260
-205
-200
-221
-191
-110
-59
-59
-42
28
93
106
109
159
250
311
314
309
334
358
344
319
337
379
376
326
275
239
194
143
107
95
94
87
50
-18
-83
-116
-129
-135
-115
-70
-59
-102
-150
-161
-141
-123
-95
-49
-7
-4
-30
-44
-34
-16
-5
13
46
84
88
51
10
-6
0
3
18
50
76
46
-36
-97
-98
-59
-17
10
10
-27
-91
-145
-145
-87
-16
14
-13
-64
-101
-94
-63
-27
7
27
8
-41
-68
-45
-14
-10
-15
0
9
-14
-45
-40
-14
-13
-22
0
46
60
31
11
23
43
47
53
79
107
106
82
63
73
95
106
94
80
89
96
73
38
32
50
38
-11
-43
-32
-25
-63
-110
-115
-99
-120
-169
-191
-174
-174
-202
-220
-194
-153
-155
-177
-168
-132
-110
-113
-97
-32
35
60
61
79
114
137
150
183
232
258
245
230
230
236
224
196
182
175
166
142
101
64
34
5
-29
-54
-62
-61
-71
-96
-123
-133
-129
-125
-117
-100
-72
-57
-60
-65
-49
-23
-7
-6
1
13
20
12
11
24
34
19
-2
-13
-4
7
12
10
6
-4
-24
-37
-30
-7
1
-7
-20
-19
-16
-22
-32
-25
-11
-7
-7
-2
8
-1
-22
-23
2
30
37
31
25
20
15
13
26
45
53
45
35
37
36
23
14
15
24
27
17
11
6
-2
-15
-26
-23
-10
-3
-6
-13
-14
-13
-11
-11
-9
-3
2
-2
-9
-4
7
12
0
-15
-15
-13
-26
-38
-33
-31
-46
-67
-70
-64
-70
-78
-70
-61
-64
-78
-78
-60
-42
-34
-24
-8
-2
-5
-8
10
40
66
74
72
73
74
75
81
92
108
108
94
79
75
74
64
56
53
50
39
28
20
7
-3
-9
-10
-14
-21
-22
-23
-27
-31
-30
-24
-21
-24
-27
-18
-12
-10
-6
-1
2
-4
-6
-6
-3
2
4
4
-3
-6
-10
-14
-15
-10
-6
-11
-20
-24
-21
-18
