6
3
3
4
5
4
1
1
-1
-3
-2
-4
-5
-3
-4
-4
-4
-6
-5
-4
-4
-4
-4
-3
-5
-6
-6
-6
-6
-6
-6
-4
-3
-1
0
-1
2
2
3
3
2
0
-1
0
-2
-3
-4
-3
-3
-2
2
5
2
1
2
3
2
2
4
3
5
5
7
8
7
9
7
7
8
7
9
10
9
10
10
10
12
13
9
8
5
5
3
0
-1
-4
-7
-9
-12
-12
-12
-12
-13
-12
-13
-14
-15
-14
-14
-13
-14
-15
-16
-16
-15
-13
-12
-11
-10
-8
-6
-4
-2
-2
-1
1
2
4
6
4
2
4
7
9
10
11
12
11
10
10
14
17
17
17
16
13
14
15
13
13
12
13
10
8
7
8
7
7
5
3
3
2
2
0
-1
-2
-4
-6
-8
-9
-9
-10
-11
-11
-12
-13
-14
-13
-13
-13
-13
-13
-13
-13
-12
-12
-12
-11
-9
-8
-5
-2
-3
0
1
5
4
5
4
4
5
6
6
4
6
5
5
7
10
9
8
7
8
10
7
7
7
6
4
4
1
0
1
0
-1
0
-1
-2
-3
-3
-3
-1
-2
-3
-2
-1
1
0
0
-3
-1
-3
-7
-5
-4
-3
-4
-4
-1
2
2
2
3
2
4
3
2
3
1
2
0
1
1
0
-2
-2
-3
-2
-1
-1
1
0
2
3
5
5
5
5
6
6
5
3
5
5
6
4
2
0
-3
-4
-4
-4
-6
-8
-12
-13
-14
-15
-15
-14
-15
-14
-12
-12
-13
-12
-10
-9
-7
-8
-6
-6
-4
-2
1
3
4
5
8
10
9
8
8
11
12
14
15
15
14
15
15
14
12
10
8
8
7
6
6
6
6
5
5
5
4
4
4
5
4
1
0
-2
-3
-3
-4
-6
-5
-5
-5
-4
-3
-5
-7
-6
-4
-5
-6
-5
-5
-7
-5
-7
-8
-8
-9
-8
-8
-8
-6
-4
-4
-4
-4
-1
-1
-3
-2
-2
-1
-2
-1
-1
0
-2
-2
0
-2
-1
-1
1
3
6
8
10
12
12
10
9
9
9
7
4
4
2
2
1
0
2
1
0
-1
-4
-4
-5
-5
-6
-7
-5
-5
-7
-7
-6
-4
-3
-2
0
0
2
2
4
4
2
1
-1
-3
-4
-1
-3
-4
-1
-2
-1
-2
-1
1
-1
-1
-1
-4
-2
-3
-4
-5
-4
-4
-5
-4
-2
-1
-1
-1
1
1
3
3
4
5
7
9
11
8
14
22
22
24
24
24
33
33
28
28
26
29
32
29
25
20
19
18
15
10
8
5
8
8
5
7
8
9
11
13
15
14
14
14
13
11
8
7
4
-1
-9
-12
-22
-35
-49
-64
-83
-100
-125
-160
-184
-207
-235
-262
-307
-338
-360
-380
-397
-440
-466
-468
-481
-473
-485
-502
-481
-462
-433
-405
-393
-353
-306
-254
-197
-148
-86
-20
50
121
191
266
335
407
470
535
594
649
699
741
775
807
834
850
865
877
881
878
873
864
851
831
811
785
756
725
687
652
614
574
531
481
432
375
321
269
216
163
106
56
5
-50
-100
-149
-199
-252
-308
-362
-410
-452
-490
-528
-563
-598
-626
-663
-703
-738
-760
-765
-781
-798
-797
-784
-775
-772
-755
-714
-663
-630
-607
-560
-508
-479
-469
-457
-439
-437
-457
-481
-502
-522
-541
-575
-649
-745
-822
-938
-1132
-1319
-1359
-1291
-1272
-1275
-1156
-959
-900
-965
-898
-629
-373
-215
27
425
784
992
1183
1476
1776
1981
2134
2301
2466
2612
2753
2876
2960
3028
3056
2986
2823
2667
2555
2436
2280
2121
1958
1740
1471
1185
878
555
258
2
-272
-579
-828
-978
-1128
-1318
-1466
-1535
-1623
-1780
-1913
-1949
-1954
-1980
-1964
-1872
-1782
-1739
-1692
-1617
-1559
-1521
-1451
-1349
-1254
-1163
-1042
-914
-824
-754
-664
-587
-557
-527
-450
-359
-302
-261
-197
-140
-135
-153
-147
-118
-94
-72
-35
10
42
67
99
138
179
231
297
362
437
533
637
720
786
848
898
926
948
985
1028
1061
1085
1114
1136
1145
1137
1126
1115
1087
1025
962
934
919
879
824
780
733
661
557
411
206
-33
-304
-667
-1079
-1343
-1387
-1424
-1600
-1747
-1748
-1833
-2178
-2491
-2466
-2281
-2231
-2190
-1898
-1500
-1275
-1159
-911
-565
-320
-162
51
337
636
954
1294
1605
1856
2056
2179
2202
2200
2274
2402
2493
2523
2514
2450
2304
2097
1869
1626
1395
1172
914
619
377
236
105
-102
-318
-483
-686
-1009
-1324
-1472
-1521
-1636
-1795
-1863
-1863
-1941
-2096
-2181
-2167
-2161
-2201
-2209
-2123
-1961
-1760
-1554
-1373
-1192
-995
-824
-708
-551
-259
75
310
476
686
905
1026
1068
1147
1274
1340
1331
1324
1350
1360
1318
1240
1144
1027
895
751
613
513
466
428
348
241
163
109
19
-97
-157
-140
-125
-150
-153
-86
1
44
55
88
145
198
233
275
326
378
399
371
314
266
229
179
129
118
138
145
130
138
178
192
163
128
128
148
132
50
-77
-213
-405
-737
-1138
-1385
-1407
-1403
-1518
-1612
-1560
-1565
-1835
-2165
-2216
-2054
-1993
-2020
-1871
-1540
-1301
-1210
-1054
-754
-468
-284
-102
156
470
827
1221
1594
1910
2197
2438
2560
2596
2679
2847
2994
3060
3081
3080
3020
2884
2687
2455
2228
2022
1783
1464
1151
953
801
537
194
-93
-354
-725
-1168
-1490
-1656
-1806
-2004
-2192
-2328
-2446
-2559
-2657
-2731
-2760
-2723
-2679
-2682
-2643
-2441
-2137
-1904
-1736
-1502
-1214
-1013
-885
-656
-284
83
344
571
822
1038
1171
1260
1353
1441
1483
1472
1423
1376
1352
1326
1258
1156
1053
938
763
557
404
328
258
143
43
-9
-63
-179
-294
-330
-304
-284
-267
-211
-124
-50
-6
21
35
57
114
192
253
319
438
552
570
517
494
498
438
343
314
353
357
310
285
293
284
258
255
268
265
249
247
221
163
140
174
161
36
-143
-309
-526
-855
-1187
-1358
-1385
-1424
-1534
-1631
-1676
-1774
-1988
-2215
-2297
-2223
-2120
-2046
-1920
-1684
-1419
-1229
-1086
-879
-603
-351
-150
84
434
854
1253
1593
1898
2166
2359
2473
2564
2695
2870
3039
3154
3185
3133
3029
2892
2706
2465
2221
2008
1780
1486
1171
905
666
354
-51
-454
-791
-1101
-1409
-1630
-1705
-1721
-1803
-1941
-2058
-2159
-2292
-2429
-2487
-2454
-2367
-2245
-2092
-1937
-1784
-1640
-1532
-1458
-1347
-1140
-878
-619
-333
-2
287
444
516
609
719
794
856
959
1082
1148
1139
1083
985
855
726
618
528
457
436
453
434
343
225
116
-1
-136
-218
-192
-106
-58
-56
-46
-28
-53
-106
-100
-25
38
55
89
175
281
366
454
544
600
610
609
621
644
687
743
776
748
679
606
526
419
317
277
285
273
234
206
179
97
-23
-108
-130
-128
-127
-113
-86
-88
-141
-250
-418
-619
-816
-1015
-1251
-1473
-1576
-1570
-1572
-1645
-1705
-1716
-1778
-1950
-2112
-2124
-2006
-1870
-1739
-1549
-1302
-1071
-905
-763
-569
-298
4
303
613
973
1359
1703
1979
2221
2455
2647
2775
2873
2988
3108
3194
3224
3184
3063
2878
2641
2362
2060
1773
1510
1242
973
726
515
303
79
-144
-369
-604
-828
-1024
-1204
-1382
-1544
-1684
-1828
-1979
-2087
-2144
-2189
-2231
-2229
-2175
-2110
-2036
-1911
-1745
-1598
-1480
-1360
-1214
-1057
-884
-670
-437
-236
-89
24
115
195
286
394
493
550
574
582
573
556
548
534
490
409
320
252
212
184
147
80
-23
-152
-272
-354
-388
-367
-316
-256
-179
-81
20
91
124
162
217
278
366
508
678
783
810
804
793
789
832
944
1064
1132
1156
1164
1137
1072
1019
1002
991
980
992
1031
1070
1108
1159
1196
1195
1178
1173
1158
1102
1021
958
891
779
615
427
226
-16
-305
-620
-940
-1273
-1630
-2040
-2491
-2907
-3220
-3464
-3720
-3971
-4133
-4214
-4333
-4502
-4566
-4429
-4191
-3969
-3720
-3349
-2892
-2446
-2018
-1532
-967
-380
188
731
1267
1803
2333
2807
3178
3455
3687
3871
3983
4052
4143
4256
4323
4297
4195
4033
3806
3552
3325
3126
2912
2667
2398
2072
1676
1271
905
538
123
-278
-590
-841
-1083
-1287
-1401
-1467
-1562
-1662
-1700
-1683
-1656
-1619
-1539
-1440
-1361
-1310
-1273
-1248
-1226
-1180
-1115
-1068
-1058
-1037
-964
-858
-757
-676
-622
-633
-711
-806
-871
-915
-943
-941
-929
-956
-1024
-1096
-1152
-1176
-1139
-1031
-878
-740
-648
-583
-496
-383
-282
-197
-116
-34
52
163
328
537
708
774
782
818
860
877
933
1069
1206
1269
1298
1321
1302
1260
1270
1340
1406
1474
1584
1667
1599
1424
1295
1221
1117
1021
1036
1084
989
752
540
421
332
252
216
210
175
111
45
-20
-101
-190
-290
-416
-560
-707
-887
-1146
-1483
-1846
-2181
-2424
-2546
-2594
-2642
-2712
-2788
-2908
-3088
-3221
-3162
-2927
-2652
-2390
-2080
-1718
-1391
-1131
-857
-480
-38
374
723
1073
1469
1880
2237
2527
2788
3012
3136
3149
3143
3206
3303
3335
3244
3057
2805
2480
2102
1734
1416
1142
897
655
387
120
-100
-289
-508
-722
-829
-841
-861
-908
-897
-817
-756
-735
-678
-556
-417
-290
-156
-42
51
155
270
348
379
421
466
449
369
324
330
288
174
60
-14
-107
-268
-467
-663
-849
-1026
-1193
-1357
-1526
-1686
-1825
-1954
-2088
-2215
-2319
-2403
-2443
-2418
-2332
-2214
-2089
-1959
-1808
-1664
-1586
-1553
-1477
-1322
-1129
-906
-649
-415
-261
-170
-71
58
244
527
896
1288
1646
1933
2094
2124
2146
2250
2407
2560
2737
2927
3008
2945
2839
2752
2639
2519
2477
2504
2486
2413
2355
2298
2155
1942
1753
1588
1402
1207
1048
865
592
222
-196
-708
-1390
-2225
-3041
-3603
-3808
-3779
-3779
-3924
-4166
-4475
-4956
-5513
-5760
-5433
-4776
-4231
-3858
-3444
-2969
-2629
-2376
-1878
-990
41
963
1777
2601
3421
4111
4619
4994
5317
5597
5814
5975
6141
6323
6398
6218
5743
5074
4357
3703
3170
2729
2297
1805
1201
432
-496
-1419
-2138
-2662
-3117
-3545
-3875
-4161
-4530
-4930
-5165
-5196
-5196
-5217
-5115
-4833
-4495
-4167
-3782
-3386
-3140
-3037
-2865
-2527
-2143
-1785
-1397
-975
-647
-440
-200
167
609
1079
1604
2158
2648
3055
3450
3833
4131
4357
4580
4758
4789
4694
4579
4419
4125
3726
3340
2982
2594
2207
1904
1644
1306
876
440
41
-328
-648
-881
-1065
-1256
-1453
-1627
-1786
-1933
-2030
-2069
-2107
-2155
-2150
-2073
-2005
-1990
-1984
-1962
-1978
-2023
-2016
-1936
-1849
-1783
-1720
-1658
-1600
-1501
-1338
-1150
-955
-700
-382
-103
82
230
398
597
840
1130
1401
1549
1570
1534
1449
1303
1114
838
301
-561
-1380
-1634
-1299
-928
-937
-1169
-1398
-1835
-2631
-3257
-2993
-1967
-1053
-720
-623
-435
-319
-384
-237
506
1607
2507
2984
3264
3618
4046
4411
4673
4930
5231
5460
5529
5558
5698
5843
5745
5289
4577
3800
3140
2712
2453
2164
1704
1074
238
-835
-1910
-2581
-2760
-2821
-3098
-3529
-3914
-4313
-4828
-5270
-5360
-5161
-5031
-5150
-5318
-5277
-5018
-4666
-4289
-3904
-3592
-3404
-3227
-2911
-2424
-1844
-1257
-749
-397
-188
-2
245
536
843
1151
1391
1471
1433
1424
1487
1518
1465
1378
1267
1094
891
759
705
656
558
404
201
-17
-139
-129
-63
-12
36
98
138
157
248
460
711
882
969
1056
1185
1344
1522
1734
1926
2017
2027
2051
2117
2160
2143
2099
2063
2015
1946
1891
1846
1753
1591
1431
1324
1237
1145
1088
1059
988
854
721
652
665
761
879
929
907
902
861
565
-89
-1089
-2498
-4093
-4983
-4454
-3229
-2839
-3615
-4524
-5198
-6392
-7946
-8168
-6350
-4229
-3604
-3989
-3995
-3665
-3788
-3966
-3072
-1144
597
1407
1688
2113
2798
3406
3719
3948
4418
5072
5553
5821
6236
6822
7026
6463
5473
4624
4149
4047
4229
4330
3894
2907
1673
297
-1162
-2136
-2124
-1679
-1855
-2767
-3637
-4184
-4851
-5630
-5815
-5200
-4550
-4526
-4866
-4925
-4545
-4052
-3696
-3338
-2708
-1897
-1320
-1082
-721
58
833
1114
1156
1516
2193
2754
3059
3316
3563
3562
3195
2716
2526
2710
2924
2810
2422
2021
1623
1080
501
195
193
145
-193
-671
-1014
-1196
-1400
-1684
-1894
-1901
-1802
-1753
-1733
-1588
-1325
-1149
-1165
-1205
-1020
-644
-292
-53
177
427
562
539
516
671
990
1296
1464
1517
1562
1628
1638
1587
1630
1869
2135
2168
2010
1912
1929
1883
1756
1771
1948
2005
1809
1567
1444
1362
1103
143
-2128
-5089
-6566
-5343
-3307
-3071
-4248
-4785
-5119
-7383
-10587
-10875
-7466
-4247
-4000
-4918
-4604
-3996
-4735
-5550
-4099
-776
1849
2552
2462
3016
4225
5160
5447
5745
6709
7891
8381
8339
8759
9695
9967
8936
7343
6122
5546
5581
5990
6057
5221
3814
2250
267
-1929
-2901
-1966
-838
-1425
-3108
-4143
-4627
-5760
-7081
-6953
-5469
-4551
-5086
-5892
-5808
-5292
-5252
-5477
-5076
-3963
-2988
-2601
-2265
-1436
-496
-164
-430
-559
5
1064
2017
2571
2964
3320
3201
2389
1683
2004
3000
3511
3256
2918
2720
2145
1154
522
636
928
793
333
-66
-351
-682
-1079
-1433
-1600
-1504
-1286
-1209
-1245
-1079
-732
-660
-950
-1021
-500
180
510
677
1020
1327
1224
932
984
1429
1856
2009
1969
1888
1791
1645
1443
1255
1234
1375
1402
1125
787
706
713
407
-94
-271
-59
76
-54
-112
68
183
-171
-1397
-3700
-6125
-6677
-4808
-2771
-2724
-3734
-4003
-4490
-6929
-9487
-8603
-4761
-2157
-2507
-3305
-2765
-2383
-3314
-3762
-1854
1323
3344
3631
3535
4193
5329
5993
5978
6138
7092
8154
8417
8300
8775
9503
9211
7703
6062
5092
4798
5017
5396
5179
4031
2478
850
-1119
-2953
-3265
-2006
-1218
-2251
-3896
-4649
-5081
-6235
-7227
-6616
-5066
-4509
-5249
-5815
-5398
-4742
-4634
-4820
-4632
-3899
-2999
-2348
-1850
-1063
-87
181
-606
-1272
-584
935
1903
2172
2557
2942
2426
1213
689
1409
2389
2652
2353
2014
1619
975
282
-77
-8
210
190
-215
-695
-834
-743
-931
-1437
-1637
-1268
-892
-923
-910
-431
33
-128
-576
-516
119
739
1075
1364
1712
1886
1732
1466
1457
1836
2360
2644
2576
2406
2350
2253
1934
1636
1730
2075
2148
1802
1438
1329
1231
884
509
473
682
723
505
353
426
400
-197
-1693
-3973
-5924
-5984
-4163
-2617
-2933
-4037
-4498
-5277
-7598
-9512
-8160
-4594
-2626
-3322
-4141
-3641
-3319
-4071
-4181
-2129
814
2437
2475
2387
3201
4429
5088
5109
5372
6348
7309
7518
7456
7989
8696
8361
6898
5404
4646
4530
4744
4962
4625
3487
1979
395
-1410
-2965
-3124
-2004
-1480
-2598
-4114
-4709
-5031
-6013
-6779
-6099
-4708
-4305
-4992
-5367
-4795
-4058
-3846
-3806
-3380
-2694
-2160
-1739
-1040
17
955
1202
745
242
415
1276
2203
2785
3174
3386
2975
1934
1178
1445
2223
2530
2256
1913
1566
930
186
-159
-66
21
-168
-528
-851
-1008
-1000
-1020
-1242
-1481
-1438
-1211
-1079
-931
-472
55
102
-292
-471
-119
389
725
1036
1433
1641
1440
1072
949
1171
1515
1740
1777
1675
1521
1339
1097
860
788
878
910
750
571
561
583
382
26
-185
-153
-65
-58
-38
110
251
112
-347
-962
-1811
-3113
-4416
-4613
-3471
-2365
-2540
-3429
-3915
-4353
-5602
-6789
-6184
-4070
-2575
-2599
-2903
-2540
-2175
-2355
-2253
-998
880
2224
2736
3051
3714
4555
5109
5295
5533
6081
6633
6864
6994
7327
7603
7320
6455
5395
4449
3811
3628
3666
3340
2463
1450
484
-771
-2194
-2893
-2561
-2217
-2754
-3654
-4055
-4228
-4855
-5591
-5553
-4833
-4366
-4495
-4610
-4229
-3647
-3325
-3262
-3142
-2796
-2302
-1808
-1329
-708
93
710
742
415
409
906
1389
1567
1809
2293
2488
2025
1405
1255
1419
1389
1172
1108
1164
1026
652
279
21
-166
-318
-451
-573
-581
-401
-228
-329
-595
-681
-554
-473
-431
-138
399
756
713
550
570
715
834
958
1179
1427
1541
1466
1281
1136
1112
1140
1074
922
838
876
886
751
577
481
383
161
-97
-184
-95
-30
-108
-231
-295
-358
-466
-530
-444
-243
-35
67
-13
-261
-607
-1163
-2145
-3247
-3594
-2852
-1955
-1915
-2416
-2620
-2789
-3729
-4936
-4965
-3665
-2473
-2241
-2248
-1779
-1284
-1327
-1477
-975
126
1175
1813
2258
2866
3655
4293
4504
4472
4589
4873
5032
5059
5259
5650
5804
5445
4720
3888
3143
2671
2471
2244
1811
1368
995
348
-710
-1620
-1888
-1881
-2228
-2796
-3022
-2927
-3052
-3500
-3768
-3608
-3389
-3457
-3640
-3550
-3137
-2663
-2326
-2086
-1858
-1687
-1635
-1599
-1372
-918
-402
18
295
428
451
441
457
496
586
763
945
994
937
939
1004
960
770
603
547
496
412
404
490
518
401
222
61
-80
-156
-88
87
254
367
444
458
403
368
428
519
557
601
733
884
932
912
933
982
947
827
735
716
721
695
629
522
370
201
18
-173
-300
-287
-200
-211
-340
-452
-469
-469
-488
-454
-320
-175
-120
-117
-61
70
197
268
289
258
150
-69
-459
-1039
-1618
-1858
-1695
-1502
-1581
-1758
-1791
-1912
-2447
-3120
-3316
-2967
-2606
-2507
-2341
-1861
-1359
-1159
-1105
-829
-314
178
554
977
1582
2279
2843
3143
3270
3380
3478
3500
3520
3705
4046
4307
4309
4063
3644
3138
2664
2298
1998
1710
1467
1263
924
336
-296
-692
-918
-1240
-1670
-1949
-2005
-2065
-2252
-2389
-2319
-2208
-2302
-2559
-2710
-2619
-2412
-2222
-2020
-1733
-1482
-1451
-1599
-1669
-1506
-1209
-942
-730
-500
-275
-165
-168
-146
-9
146
189
145
160
307
497
620
672
684
650
557
451
413
477
594
698
739
705
626
570
554
536
515
535
587
621
634
661
713
765
776
736
675
646
660
667
634
595
580
538
438
320
228
132
4
-93
-96
-47
-49
-119
-209
-279
-347
-397
-371
-266
-171
-163
-218
-233
-169
-91
-55
-22
66
177
271
358
458
527
491
308
7
-396
-897
-1370
-1591
-1522
-1398
-1415
-1526
-1626
-1796
-2149
-2525
-2640
-2497
-2335
-2239
-2065
-1737
-1367
-1079
-846
-573
-256
40
290
567
972
1498
2016
2416
2707
2939
3067
3049
3007
3082
3230
3307
3281
3186
3015
2749
2453
2218
2001
1703
1328
968
621
259
-74
-302
-467
-688
-999
-1310
-1546
-1734
-1896
-1983
-1972
-1930
-1937
-1989
-2040
-2046
-1992
-1905
-1816
-1706
-1573
-1452
-1360
-1270
-1158
-1035
-936
-879
-840
-754
-587
-366
-150
7
73
44
-20
-32
52
219
424
598
683
682
649
621
590
579
633
722
757
734
753
853
930
900
842
842
835
735
627
630
707
726
651
545
456
376
315
280
257
218
147
55
-43
-125
-162
-158
-138
-125
-114
-113
-141
-185
-209
-199
-174
-176
-202
-210
-175
-124
-79
-22
63
134
150
139
164
225
294
374
462
515
475
342
127
-214
-701
-1204
-1495
-1509
-1441
-1473
-1559
-1588
-1659
-1947
-2351
-2558
-2477
-2339
-2308
-2220
-1901
-1459
-1121
-902
-643
-295
27
249
468
840
1390
1987
2474
2826
3098
3284
3306
3190
3104
3147
3248
3301
3285
3190
2978
2675
2347
2003
1601
1176
822
527
194
-156
-397
-521
-698
-1016
-1369
-1616
-1772
-1916
-2019
-1986
-1850
-1775
-1833
-1929
-1957
-1940
-1920
-1853
-1717
-1590
-1539
-1491
-1374
-1236
-1113
-957
-772
-684
-724
-737
-627
-457
-297
-104
110
233
244
252
324
407
489
598
688
699
701
796
911
942
928
973
1024
953
827
801
853
835
733
653
608
525
414
357
369
377
358
334
298
243
208
206
178
95
6
-37
-72
-134
-150
-74
10
14
-20
-9
24
19
7
42
92
103
112
183
285
337
336
336
342
324
283
264
293
362
434
487
495
395
131
-311
-891
-1515
-1987
-2119
-1954
-1764
-1746
-1834
-1953
-2204
-2625
-2971
-2981
-2736
-2510
-2362
-2113
-1685
-1220
-844
-519
-176
156
413
608
865
1316
1965
2640
3139
3400
3503
3509
3431
3343
3364
3515
3662
3670
3514
3253
2925
2549
2151
1718
1252
803
439
141
-147
-404
-575
-731
-1025
-1460
-1861
-2104
-2234
-2307
-2269
-2092
-1905
-1868
-1982
-2086
-2078
-2003
-1933
-1825
-1627
-1408
-1278
-1219
-1079
-840
-646
-605
-621
-573
-496
-451
-366
-138
149
320
354
354
366
362
371
440
531
578
609
661
679
661
685
760
754
627
520
532
596
645
718
802
780
613
423
313
270
269
314
376
388
350
296
234
164
124
133
131
81
44
78
135
143
131
156
197
182
120
103
173
296
378
405
410
430
456
465
458
456
475
502
524
527
520
506
446
256
-145
-785
-1602
-2356
-2736
-2656
-2388
-2241
-2216
-2231
-2439
-3020
-3688
-3900
-3566
-3112
-2823
-2492
-1924
-1312
-903
-611
-193
347
800
1079
1357
1856
2599
3377
3960
4294
4440
4397
4166
3907
3855
4041
4261
4319
4138
3727
3167
2607
2123
1655
1142
666
292
-97
-600
-1065
-1309
-1450
-1781
-2329
-2829
-3090
-3170
-3156
-3008
-2711
-2424
-2346
-2510
-2733
-2782
-2569
-2201
-1803
-1404
-1036
-798
-695
-565
-315
-55
106
223
325
327
290
422
725
927
933
912
895
719
465
440
638
734
624
523
487
364
198
169
214
149
35
21
32
-11
37
228
329
211
93
147
233
238
298
463
543
440
327
345
388
357
340
396
402
280
163
177
258
297
329
414
469
448
464
613
772
802
770
806
859
828
783
833
937
971
944
937
932
839
653
387
-153
-1257
-2818
-4080
-4281
-3603
-3021
-3065
-3332
-3515
-4101
-5339
-6269
-5805
-4358
-3270
-2954
-2642
-1912
-1269
-1065
-825
-43
1072
1963
2492
3049
4008
5231
6125
6295
6002
5777
5722
5642
5644
6016
6548
6558
5729
4417
3119
2093
1457
1188
960
443
-291
-1030
-1865
-2873
-3652
-3835
-3800
-4161
-4741
-4845
-4387
-3975
-3928
-3926
-3713
-3516
-3543
-3484
-2832
-1646
-716
-564
-670
-257
407
531
389
941
1991
2327
1806
1520
1775
1731
1160
802
877
874
700
678
636
278
-70
-161
-430
-978
-1046
-414
-38
-409
-707
-426
-313
-814
-1101
-568
91
191
134
394
647
560
440
566
741
858
1081
1318
1268
1057
1049
1102
826
450
525
904
954
660
583
748
640
211
36
308
588
625
656
800
806
602
461
520
613
675
815
999
1101
1164
1289
1341
1053
166
-1675
-4359
-6492
-6350
-4297
-2787
-3224
-4441
-5286
-6549
-8676
-9694
-7811
-4526
-2767
-3013
-3386
-2820
-1982
-1480
-808
669
2705
4363
5130
5621
6843
8552
9246
8302
7125
7241
8270
8988
9239
9481
9221
7570
4878
2591
1635
1752
2097
1847
607
-1280
-3079
-4485
-5637
-6390
-6347
-5796
-5676
-6275
-6746
-6334
-5474
-5133
-5423
-5470
-4616
-3315
-2373
-1694
-585
726
1071
327
64
1334
3043
3729
3647
3757
3794
3003
1859
1481
1851
1937
1286
437
-36
-173
-364
-883
-1600
-2097
-2194
-2186
-2262
-2093
-1531
-1202
-1686
-2425
-2386
-1545
-757
-386
-11
488
633
322
199
708
1475
1931
2021
2026
2088
2144
2095
1911
1702
1620
1590
1418
1184
1151
1229
995
382
-133
-139
185
423
525
646
720
582
367
401
697
967
1069
1131
1190
1204
1325
1587
1754
1727
1687
1572
832
-1187
-4567
-7794
-8328
-5604
-2749
-3160
-5853
-7417
-7748
-9444
-11620
-10163
-5217
-2064
-3230
-5015
-3913
-1559
-723
-728
662
3425
5790
6908
7434
8535
10243
10924
9451
7454
7805
10396
12120
11429
9958
8944
7113
3880
1336
1236
2391
2394
649
-1818
-4055
-5630
-6547
-7172
-7746
-7859
-7347
-6987
-7290
-7535
-6853
-5813
-5645
-6156
-5690
-3384
-580
801
603
303
693
1021
1007
1919
4326
6342
5974
4086
3001
3085
2889
2095
1848
2255
1985
612
-649
-967
-1038
-1737
-2798
-3381
-3151
-2458
-1964
-2085
-2559
-2809
-2852
-2961
-2643
-1276
370
782
-22
-528
-72
540
846
1429
2398
2882
2479
1898
1827
2045
2021
1719
1461
1449
1561
1492
1076
504
50
-278
-557
-596
-183
394
531
108
-340
-327
66
511
944
1455
1832
1756
1435
1359
1572
1786
1983
2265
2462
2467
2494
2469
1806
202
-2366
-5891
-8878
-8412
-4449
-1776
-4038
-8273
-9826
-9681
-11124
-12184
-8909
-3637
-2217
-4744
-5914
-3599
-881
19
543
2355
5041
7520
9123
9823
10389
11133
10871
9057
7994
10047
13392
13937
11080
7956
6184
4399
2114
1016
1756
2322
694
-2573
-5364
-6580
-6896
-7436
-8355
-8838
-8370
-7534
-7159
-7195
-7125
-6841
-6571
-6232
-5189
-2894
22
1805
1420
43
-203
1118
2646
3724
4992
6174
5781
3769
2273
2612
3434
3106
2120
1690
1561
810
-391
-1237
-1641
-2101
-2720
-3034
-2668
-1920
-1650
-2414
-3544
-3802
-2984
-1997
-1282
-422
416
366
-487
-817
56
1272
1894
2071
2279
2418
2179
1716
1441
1497
1622
1515
1265
1184
1215
869
39
-677
-804
-568
-375
-199
18
32
-278
-562
-396
162
785
1245
1494
1634
1783
1911
1894
1860
2063
2418
2644
2732
2824
2829
2615
2236
1625
602
-978
-3537
-6976
-9122
-7535
-3936
-3397
-7174
-10565
-10414
-9698
-10971
-11012
-7167
-3221
-3449
-5590
-4883
-1511
861
1202
1675
3757
6765
9282
10371
10366
10526
10982
10478
9159
9462
12172
14086
12256
8335
5911
5276
4171
2222
1165
1309
655
-1933
-4925
-6403
-6552
-6997
-8315
-9349
-9000
-7778
-6993
-7049
-7344
-7322
-6864
-5996
-4635
-2626
-149
1761
1765
84
-897
613
3254
4619
4780
5207
5434
4039
2077
1919
3173
3294
1888
942
1049
771
-456
-1673
-2346
-2758
-2935
-2728
-2316
-1934
-1827
-2449
-3624
-3999
-2760
-1064
-309
-171
173
356
-79
-292
564
1833
2410
2311
2219
2273
2172
1830
1416
1226
1394
1624
1489
1076
717
303
-399
-981
-844
-250
28
-116
-239
-285
-449
-494
-54
684
1185
1380
1642
2001
2072
1858
1845
2196
2541
2655
2790
3006
2996
2649
2228
1759
868
-505
-2683
-5995
-8775
-8227
-4786
-3201
-6154
-10095
-10808
-9712
-10244
-10758
-7993
-4055
-3340
-5301
-5327
-2242
665
1379
1467
3063
5968
8792
10368
10453
10258
10468
10336
9491
9460
11528
13550
12371
8433
5343
4762
4509
2912
1201
788
553
-1453
-4539
-6337
-6394
-6606
-7994
-9154
-8677
-7183
-6352
-6688
-7276
-7322
-6740
-5676
-4164
-2269
-403
700
622
54
293
1702
3194
3772
3932
4450
4766
4046
2967
2719
2923
2434
1480
1183
1396
926
-382
-1579
-2205
-2518
-2587
-2345
-2094
-2153
-2451
-2829
-3123
-2959
-2146
-1208
-789
-691
-379
38
202
299
721
1306
1645
1785
1975
2117
1979
1620
1294
1157
1249
1413
1339
933
407
-30
-318
-389
-189
71
63
-161
-250
-100
127
325
556
891
1289
1703
2085
2328
2386
2337
2286
2260
2445
2943
3330
3130
2555
2229
2046
1306
-100
-2377
-5986
-9301
-8885
-4813
-2581
-5643
-10116
-11130
-10211
-10987
-11435
-8096
-3694
-3164
-5559
-5725
-2645
176
922
1230
2964
5850
8763
10567
10719
10275
10281
10309
9680
9709
11848
14043
12871
8558
5133
4626
4658
3144
1352
1001
811
-1370
-4712
-6599
-6579
-6825
-8346
-9403
-8557
-6826
-6190
-6897
-7700
-7825
-7202
-5890
-3982
-1813
90
1092
619
-622
-644
1301
3477
4130
4085
4713
4995
3692
2139
2169
2931
2521
1520
1461
1770
948
-764
-1927
-2328
-2454
-2268
-1836
-1609
-1882
-2393
-2968
-3356
-2890
-1615
-516
-264
-259
3
120
45
302
1094
1823
2153
2348
2386
2157
1743
1421
1242
1184
1442
1685
1434
696
-56
-475
-733
-800
-590
-277
-84
-122
-315
-598
-659
-239
390
973
1481
1926
2052
1735
1543
1801
2166
2325
2551
2968
3059
2718
2359
2073
1389
216
-1079
-3077
-6030
-7923
-6601
-3921
-4174
-7573
-10118
-9917
-9462
-10119
-9381
-6303
-3920
-4369
-5364
-4063
-1402
365
1090
2168
4196
6629
8765
9828
9755
9528
9818
10180
10148
10582
11880
12306
10219
6860
5019
4982
4575
2890
1347
838
-29
-2344
-4863
-5969
-6106
-6799
-7993
-8299
-7367
-6445
-6578
-7310
-7646
-7158
-5996
-4473
-2925
-1648
-740
-340
-446
-423
587
2343
3497
3540
3421
3757
3782
2995
2315
2466
2741
2319
1627
1284
922
-4
-1163
-1834
-1895
-1710
-1593
-1707
-2032
-2420
-2712
-2803
-2530
-1823
-1028
-601
-568
-569
-379
-73
310
773
1222
1545
1735
1817
1709
1506
1439
1537
1591
1512
1481
1446
1109
480
-36
-143
-42
25
39
34
-42
-262
-433
-328
75
542
846
1086
1372
1646
1748
1720
1790
2004
2271
2464
2588
2690
2671
2471
2138
1760
1234
400
-1044
-3736
-7043
-8332
-6137
-3398
-4281
-7963
-10039
-9487
-9345
-10229
-9030
-5499
-3490
-4599
-5578
-3729
-850
566
899
1950
4172
6685
8650
9388
9222
9203
9558
9657
9538
10455
12167
12185
9324
5900
4775
5170
4551
2747
1573
1304
20
-2779
-5107
-5615
-5552
-6505
-7772
-7846
-6832
-6180
-6624
-7433
-7666
-6975
-5605
-4053
-2726
-1682
-893
-698
-1012
-750
860
2789
3467
3175
3283
3748
3445
2615
2539
3070
2933
2087
1646
1669
1158
-18
-992
-1358
-1451
-1422
-1304
-1410
-1869
-2381
-2658
-2688
-2336
-1547
-804
-608
-794
-857
-691
-388
103
689
1110
1312
1457
1486
1289
1148
1330
1601
1639
1564
1511
1244
676
144
-35
10
82
180
205
2
-349
-583
-603
-406
34
581
987
1145
1187
1237
1316
1484
1760
2024
2194
2365
2526
2503
2350
2244
2040
1373
358
-647
-2117
-4550
-6633
-6275
-4131
-3581
-5886
-8357
-8692
-8216
-8606
-8450
-6279
-3888
-3667
-4678
-4260
-2177
-251
766
1740
3363
5329
7066
8048
8155
8091
8497
9035
9125
9306
10276
10912
9495
6603
4708
4627
4602
3435
2102
1523
722
-1395
-3868
-5062
-5071
-5277
-6116
-6662
-6408
-6026
-6264
-6940
-7272
-6792
-5635
-4341
-3341
-2518
-1681
-1173
-1313
-1388
-343
1454
2576
2679
2756
3148
3051
2391
2214
2794
3103
2582
1930
1644
1264
497
-205
-497
-605
-744
-866
-1038
-1383
-1797
-2093
-2196
-2010
-1483
-915
-694
-777
-856
-810
-622
-147
546
1046
1130
1042
993
892
782
920
1284
1522
1483
1299
1026
671
377
266
250
257
332
379
174
-231
-504
-477
-261
18
340
655
899
1051
1125
1168
1300
1610
1941
2059
2037
2140
2327
2297
2072
1901
1645
918
-354
-2111
-4249
-5827
-5460
-3667
-3173
-5238
-7664
-8269
-8002
-8312
-8036
-5902
-3697
-3692
-4825
-4466
-2488
-780
94
1210
3047
4941
6321
7102
7378
7484
7826
8275
8536
8978
9951
10424
9026
6389
4670
4557
4570
3684
2674
2135
1104
-1175
-3572
-4551
-4410
-4590
-5419
-5958
-5822
-5734
-6223
-6810
-6831
-6245
-5327
-4221
-3085
-2220
-1805
-1742
-1740
-1365
-267
1297
2491
2823
2661
2482
2241
1944
2093
2802
3267
2845
1977
1357
893
292
-147
-121
-18
-305
-815
-1194
-1493
-1829
-2020
-1932
-1683
-1374
-1064
-925
-1042
-1168
-1050
-734
-312
253
813
1009
777
496
467
640
925
1297
1582
1538
1208
865
648
532
524
599
600
430
223
122
35
-125
-202
-36
231
357
386
513
750
955
1101
1279
1519
1743
1856
1848
1839
1939
2066
2089
1997
1815
1366
356
-1400
-3630
-5247
-5004
-3293
-2424
-3885
-6285
-7499
-7653
-7881
-7576
-5644
-3379
-3099
-4470
-4961
-3604
-1783
-535
642
2270
3903
4965
5446
5706
6150
6884
7513
7756
8124
9087
9734
8702
6408
4820
4717
4859
4259
3506
3075
2029
-350
-2877
-3881
-3500
-3248
-3796
-4520
-4973
-5497
-6281
-6808
-6576
-5748
-4850
-4190
-3714
-3204
-2593
-2161
-2161
-2152
-1253
517
1906
2090
1753
1742
1720
1338
1452
2672
3783
3374
2026
1222
1061
777
491
727
1035
610
-331
-1017
-1273
-1340
-1294
-1197
-1188
-1185
-1071
-1054
-1277
-1402
-1155
-774
-478
-101
357
523
300
98
215
546
936
1310
1448
1211
842
654
642
713
898
1080
962
541
189
88
87
123
255
372
303
148
126
220
347
555
843
1044
1107
1190
1343
1416
1395
1461
1633
1739
1732
1709
1667
1362
341
-1770
-4316
-5369
-3829
-1540
-1461
-3750
-5914
-6800
-7470
-7931
-6466
-3330
-1635
-3005
-5185
-5451
-3976
-2293
-706
1163
2877
3649
3515
3249
3631
4888
6363
7073
7065
7426
8340
8362
6760
5090
4946
5534
5265
4466
4296
4114
2338
-586
-2425
-2297
-1559
-1540
-2133
-2873
-3905
-5291
-6350
-6328
-5294
-4065
-3471
-3737
-4347
-4527
-4062
-3389
-2736
-1761
-484
209
-168
-628
-114
825
1096
1081
1812
2785
2640
1620
1185
1496
1472
1057
1207
1808
1710
737
-133
-441
-518
-447
-99
186
-37
-632
-1186
-1501
-1439
-939
-341
-134
-331
-581
-729
-738
-457
87
520
618
558
498
389
342
575
955
1120
1026
891
749
526
347
379
539
653
650
510
255
49
30
106
200
411
724
840
627
401
467
709
888
1033
1252
1424
1359
1134
1014
1073
1181
1187
738
-785
-3173
-4612
-3590
-1433
-987
-2684
-4322
-4932
-5781
-6863
-5997
-2918
-881
-2088
-4456
-5004
-3836
-2596
-1345
618
2522
2921
1910
1053
1569
3333
5215
6119
6054
5963
6144
5787
4778
4457
5439
6186
5350
3987
3648
3672
2519
635
-224
112
175
-606
-1351
-1655
-2277
-3572
-4685
-4764
-4012
-3238
-3015
-3435
-4146
-4577
-4483
-4042
-3319
-2197
-1103
-950
-1790
-2344
-1647
-391
260
465
1086
1832
1619
665
468
1411
2165
1974
1756
2126
2157
1223
359
548
1115
1074
724
688
599
-53
-778
-850
-445
-192
-224
-326
-491
-794
-1054
-1000
-613
-163
47
-38
-203
-293
-323
-236
126
626
825
596
309
250
306
386
613
929
1008
731
373
206
246
388
556
692
762
752
598
328
180
339
614
692
608
583
566
379
171
272
609
767
603
407
326
-35
-1152
-2694
-3444
-2676
-1333
-1031
-1958
-2952
-3571
-4397
-5099
-4297
-2071
-587
-1171
-2646
-3382
-3264
-2686
-1393
592
2196
2417
1453
366
199
1374
3274
4664
4995
4742
4261
3375
2524
2881
4511
5719
5254
3910
2984
2393
1588
1096
1630
2453
2210
868
-462
-1195
-1623
-1904
-1837
-1530
-1450
-1869
-2639
-3395
-3748
-3547
-3098
-2820
-2716
-2576
-2530
-2814
-3114
-2828
-1997
-1280
-964
-700
-334
-253
-592
-736
-141
835
1438
1541
1520
1454
1092
644
735
1407
1944
1871
1492
1151
723
206
66
509
994
923
403
-116
-495
-782
-818
-429
117
275
-138
-705
-955
-857
-635
-334
63
305
99
-357
-543
-291
97
377
593
751
675
363
128
255
653
1007
1125
1058
908
708
512
455
601
807
836
616
323
124
22
-39
-39
5
-34
-252
-529
-670
-645
-565
-492
-423
-398
-452
-533
-595
-746
-1100
-1480
-1519
-1155
-793
-798
-1039
-1247
-1470
-1791
-1870
-1370
-651
-398
-676
-997
-1134
-1203
-1081
-496
344
833
729
384
199
304
713
1362
2007
2338
2256
1893
1509
1419
1811
2481
2930
2881
2475
1947
1414
1077
1191
1625
1823
1434
696
-5
-526
-811
-749
-437
-245
-446
-956
-1518
-1913
-1984
-1725
-1359
-1168
-1228
-1434
-1670
-1826
-1713
-1262
-735
-478
-533
-686
-807
-884
-792
-379
176
468
377
165
22
-83
-88
180
619
828
644
334
157
81
72
242
552
693
484
115
-136
-215
-186
-72
89
157
32
-220
-436
-514
-441
-267
-80
50
80
8
-103
-130
-3
206
391
503
530
445
299
254
384
564
653
658
633
560
433
345
356
409
405
331
223
106
-3
-100
-179
-210
-193
-179
-212
-272
-322
-363
-388
-338
-199
-59
-8
-41
-96
-142
-143
-81
5
34
-9
-68
-111
-152
-177
-155
-124
-152
-235
-290
-274
-236
-248
-294
-320
-308
-288
-299
-317
-295
-237
-183
-147
-108
-65
-59
-103
-139
-107
-30
6
-31
-84
-97
-91
-100
-100
-69
-47
-70
-90
-52
37
109
146
163
169
178
208
282
391
502
569
567
530
531
611
726
808
839
836
782
691
630
656
715
699
592
472
373
271
172
117
88
15
-108
-211
-268
-319
-387
-446
-490
-540
-607
-669
-691
-676
-673
-716
-770
-784
-766
-763
-774
-751
-691
-650
-630
-583
-479
-360
-275
-221
-162
-101
-45
28
141
247
283
255
237
264
294
312
337
366
332
217
97
68
126
178
153
80
11
-30
-38
-2
71
136
134
70
14
31
122
212
237
202
174
172
157
126
141
221
269
208
118
101
122
91
26
30
99
111
30
-53
-66
-46
-43
-52
-46
-34
-39
-65
-96
-114
-103
-78
-71
-84
-86
-64
-59
-80
-96
-82
-76
-99
-103
-77
-65
-109
-158
-154
-110
-75
-63
-55
-49
-54
-64
-39
29
108
166
206
235
252
268
294
329
351
354
346
329
298
265
241
215
166
107
50
-6
-62
-109
-146
-186
-225
-243
-243
-242
-250
-260
-261
-244
-212
-181
-153
-116
-81
-72
-97
-96
-60
-42
-71
-95
-89
-101
-163
-225
-239
-221
-212
-205
-182
-166
-174
-199
-199
-162
-99
-22
47
93
116
148
200
261
302
324
345
358
352
333
327
338
330
282
225
197
187
162
110
64
43
20
-31
-92
-121
-108
-86
-82
-72
-60
-73
-113
-139
-118
-76
-56
-70
-103
-151
-200
-215
-171
-106
-82
-109
-137
-146
-147
-135
-107
-60
-16
10
25
28
28
40
66
85
94
109
130
125
82
42
37
40
19
-11
-25
-45
-104
-179
-206
-188
-175
-200
-224
-214
-202
-202
-195
-132
-38
21
32
38
75
134
186
226
262
294
305
289
263
253
261
269
247
205
178
174
165
130
89
73
78
85
90
103
109
98
79
70
79
109
161
207
194
127
69
63
90
104
101
93
57
-29
-132
-183
-161
-127
-137
-185
-235
-271
-298
-315
-313
-298
-295
-319
-335
-317
-264
-218
-217
-239
-245
-216
-171
-117
-43
21
30
-17
-45
3
79
108
93
90
101
79
33
24
64
84
36
-26
-35
6
37
35
30
37
36
16
8
46
105
129
98
55
34
34
36
48
66
67
36
-11
-41
-44
-25
12
49
67
55
25
2
-1
16
45
79
100
91
55
19
4
11
29
43
42
26
2
-17
-20
6
45
65
49
22
28
74
128
169
199
203
163
105
93
148
210
208
140
55
-19
-77
-114
-112
-92
-102
-172
-260
-304
-291
-264
-251
-246
-235
-224
-227
-228
-196
-126
-69
-56
-53
-9
63
112
115
116
146
169
155
137
165
218
222
162
109
113
143
133
96
83
87
59
-5
-41
-9
42
38
-13
-38
-17
13
14
8
24
43
26
-12
-23
11
48
44
11
-15
-22
-22
-28
-30
-24
-24
-44
-76
-89
-79
-67
-60
-55
-43
-24
-6
3
3
-7
-16
-8
11
31
33
21
-11
-60
-105
-118
-104
-103
-128
-159
-183
-199
-213
-212
-177
-129
-95
-79
-54
-23
-4
-3
6
36
74
100
107
108
97
74
44
31
44
64
67
53
37
26
20
19
28
51
78
92
98
107
119
136
148
152
157
167
175
169
152
138
133
126
108
80
55
37
20
-3
-20
-30
-43
-66
-94
-109
-96
-74
-61
-59
-57
-50
-44
-36
-15
17
46
53
46
36
34
39
41
44
44
36
9
-23
-46
-56
-61
-66
-72
-83
-99
-111
-116
-111
-98
-86
-73
-62
-49
-36
-19
-3
8
13
21
33
44
51
55
56
44
26
10
1
-3
-3
-6
-12
-20
-32
-46
-51
-45
-34
-28
-20
-9
1
7
14
20
26
29
28
33
43
51
46
34
19
6
3
8
14
16
13
7
-3
-15
-16
-9
-1
1
-4
-13
-20
-30
-42
-45
-43
-38
-38
-50
-61
-65
-61
-55
-48
-38
-23
-13
-13
-14
-1
23
37
41
44
55
65
64
61
66
72
70
57
50
50
52
46
35
28
22
18
10
2
-1
-4
-11
-25
-35
-39
-37
-39
-46
-49
-51
-54
-58
-53
-37
-22
-13
-9
-4
7
17
29
42
51
51
46
36
31
29
28
29
23
12
-2
-13
-20
-24
-22
-19
-11
-8
-10
-14
-15
-7
-3
6
15
21
21
16
9
7
10
7
7
0
-10
-21
-31
-35
-36
-34
-36
-41
-45
-48
-46
-40
-33
-26
-23
-21
-16
-11
-3
3
9
15
18
13
10
11
15
17
18
17
14
11
8
6
7
8
10
9
2
-5
-9
-10
-8
-11
-13
-16
-22
-30
-39
-42
-41
-39
-41
-47
-50
-56
-60
-62
-57
-44
-33
-29
-27
-24
-20
-12
0
21
41
54
57
58
64
75
85
98
104
108
104
94
85
77
77
80
78
68
52
37
23
11
6
6
4
-7
-22
-36
-42
-42
-41
-38
-39
-43
-43
-46
-46
-41
-35
-27
-28
-33
-33
-29
-27
-26
-24
-21
-17
-21
-23
-24
-22
-25
-29
-30
-26
-24
-24
-23
-23
