-1
-1
-2
-3
-3
-3
-3
-1
-2
-4
-2
-2
-2
1
1
2
4
4
4
5
6
8
6
5
2
1
-1
-3
-3
-2
-4
-4
-4
-5
-6
-6
-6
-5
-4
-3
0
-1
1
1
0
-1
-2
0
-1
0
0
3
6
5
4
1
1
0
1
0
3
4
4
2
0
-2
-3
-1
-1
1
4
8
10
12
10
8
5
3
3
4
2
4
5
5
1
-2
-3
-6
-7
-8
-9
-9
-10
-10
-9
-10
-13
-12
-12
-8
-6
-3
-1
1
-1
-2
-3
-4
-3
-2
-2
-2
0
0
-1
0
0
1
3
4
4
5
6
7
7
8
5
5
2
0
0
-2
-2
-2
-2
-1
-2
-2
-3
-3
-4
-3
-3
1
4
7
10
12
14
12
11
7
7
6
3
4
5
4
3
0
-1
-4
-5
-8
-7
-8
-7
-5
-5
-1
0
-1
0
0
0
-1
2
5
6
8
8
6
4
2
-1
-3
-7
-9
-9
-8
-10
-9
-10
-9
-8
-11
-13
-9
-8
-5
-5
-3
0
-2
0
-3
-2
-2
-3
0
0
2
6
5
5
2
3
4
4
4
6
5
7
7
9
11
10
7
6
6
4
4
5
4
4
3
1
1
0
1
-2
-4
-3
-2
-2
-1
0
-1
-2
-4
-6
-5
-7
-8
-5
-4
-1
-3
-1
-4
-6
-5
-6
-7
-5
-4
-2
-1
-2
-4
-4
-5
-4
-4
-1
-1
-2
0
2
4
5
5
5
3
2
3
4
6
7
9
9
8
7
6
7
5
3
2
3
3
2
0
1
0
-1
-4
-6
-7
-6
-6
-5
-4
-2
-1
0
1
-1
-2
-2
-3
0
1
2
0
2
2
1
-1
-2
-2
0
0
0
2
3
2
2
2
0
1
-1
1
2
3
4
4
4
5
4
3
3
2
-2
-5
-7
-9
-12
-13
-13
-12
-14
-16
-14
-15
-15
-15
-14
-12
-9
-6
-4
-3
-2
0
-3
-2
-2
-2
-4
-4
-3
-3
-2
-1
1
0
2
4
5
7
7
11
12
13
13
15
15
17
14
11
11
10
10
10
9
8
9
8
6
6
5
4
2
1
0
-1
-1
0
-1
-2
-3
-4
-3
-4
-4
-3
-3
-3
-6
-5
-6
-6
-5
-5
-6
-6
-6
-6
-6
-7
-8
-8
-10
-9
-10
-8
-8
-8
-4
-6
-5
-7
-8
-8
-8
-5
-3
-2
-2
-2
-1
0
-1
0
2
1
1
4
5
6
6
5
4
3
3
3
4
4
4
6
6
7
6
4
3
3
3
2
3
4
4
5
4
5
8
7
7
8
9
9
11
13
16
18
18
17
14
13
14
15
12
14
12
10
8
7
6
4
1
-2
-4
-4
-5
-4
-5
-7
-9
-11
-12
-15
-17
-18
-17
-20
-20
-24
-25
-26
-29
-30
-34
-37
-39
-39
-40
-41
-42
-43
-44
-41
-40
-39
-36
-34
-32
-28
-25
-23
-19
-15
-13
-11
-8
-6
-2
0
5
9
14
19
24
27
33
38
42
44
48
53
56
58
60
58
59
62
61
59
58
57
56
54
52
54
54
57
62
64
67
68
72
77
78
80
81
80
80
75
73
69
61
54
47
38
27
14
3
-10
-26
-42
-56
-68
-84
-98
-110
-120
-127
-136
-146
-153
-159
-162
-163
-166
-165
-159
-156
-147
-144
-138
-127
-118
-107
-100
-92
-79
-69
-58
-47
-37
-26
-15
-5
2
9
21
32
44
52
60
67
74
82
85
89
94
96
95
96
98
100
99
95
91
89
87
86
85
83
81
80
78
75
72
68
65
60
58
54
53
52
52
52
52
51
48
47
46
45
44
40
36
35
33
30
27
24
21
17
13
7
2
-3
-8
-17
-25
-31
-36
-44
-50
-55
-63
-69
-77
-84
-89
-97
-102
-108
-118
-125
-131
-137
-139
-143
-148
-149
-151
-150
-151
-151
-151
-149
-147
-144
-137
-128
-118
-102
-89
-76
-59
-44
-28
-10
5
23
37
52
66
78
88
95
100
103
103
99
96
94
89
90
92
98
110
129
155
184
220
255
293
331
366
399
425
439
444
436
424
406
377
341
300
258
217
170
120
69
18
-30
-81
-133
-183
-228
-276
-323
-365
-404
-440
-474
-509
-537
-560
-579
-594
-607
-613
-611
-604
-588
-570
-548
-512
-471
-426
-373
-321
-260
-196
-130
-64
4
74
142
205
267
326
382
429
469
501
527
550
561
561
553
543
514
481
453
415
380
337
293
258
221
186
153
120
95
72
52
37
22
10
-1
-13
-26
-39
-53
-67
-84
-104
-125
-144
-163
-180
-194
-209
-216
-221
-226
-226
-225
-217
-203
-192
-181
-165
-149
-126
-108
-92
-73
-55
-36
-16
1
19
39
57
70
87
102
117
131
138
147
152
154
151
142
129
115
98
80
59
39
22
4
-9
-21
-29
-37
-44
-49
-53
-55
-56
-59
-62
-66
-67
-68
-71
-70
-68
-71
-73
-75
-77
-79
-81
-82
-82
-81
-80
-79
-72
-68
-62
-57
-48
-38
-27
-13
5
25
48
70
92
111
124
131
126
109
85
49
5
-43
-89
-128
-160
-178
-182
-167
-139
-100
-52
0
53
103
148
185
215
235
243
249
247
239
229
213
195
177
157
137
116
92
69
43
19
-5
-30
-53
-76
-96
-113
-125
-135
-141
-148
-150
-147
-143
-141
-138
-133
-127
-122
-114
-103
-90
-76
-62
-47
-31
-11
10
27
47
65
79
92
102
110
114
114
111
103
95
85
71
54
39
23
9
-7
-23
-37
-50
-64
-75
-86
-97
-108
-120
-130
-133
-137
-138
-138
-138
-133
-127
-118
-110
-101
-91
-79
-67
-59
-51
-44
-37
-29
-22
-18
-10
-1
8
20
33
47
60
75
86
94
101
107
107
104
96
87
74
61
48
36
27
23
25
34
47
65
91
118
147
174
202
228
253
269
280
285
284
282
268
249
223
196
165
132
97
61
26
-8
-42
-73
-101
-129
-154
-178
-199
-216
-231
-243
-257
-263
-268
-272
-270
-270
-269
-260
-253
-242
-227
-216
-201
-181
-163
-138
-115
-90
-61
-34
-8
17
38
56
73
82
89
90
85
78
67
53
37
19
0
-21
-39
-58
-76
-91
-102
-109
-116
-122
-122
-121
-120
-115
-108
-98
-87
-75
-59
-45
-31
-17
-2
9
22
35
45
56
67
77
90
105
119
135
152
170
188
204
223
239
255
273
282
289
293
289
285
275
260
238
214
187
160
133
104
75
49
25
4
-12
-25
-33
-39
-41
-38
-33
-25
-16
-7
2
11
19
24
29
31
28
25
17
8
-6
-23
-43
-64
-85
-107
-129
-150
-169
-185
-199
-206
-208
-202
-193
-179
-158
-131
-102
-65
-26
14
55
92
127
154
174
181
179
165
138
98
45
-19
-94
-178
-265
-359
-450
-537
-616
-687
-746
-788
-813
-820
-808
-780
-731
-662
-579
-484
-382
-273
-164
-54
49
145
234
317
388
448
501
548
586
617
643
664
685
703
717
730
736
740
742
736
721
701
673
643
603
558
510
458
405
354
300
246
194
146
100
55
15
-24
-61
-97
-132
-167
-203
-238
-274
-312
-348
-381
-416
-449
-480
-506
-527
-544
-557
-551
-541
-536
-519
-502
-469
-425
-393
-350
-309
-258
-201
-149
-98
-46
5
51
94
128
160
185
199
205
209
205
198
184
161
142
120
98
77
55
34
18
3
-8
-17
-20
-25
-28
-30
-31
-31
-31
-31
-33
-34
-32
-32
-33
-34
-35
-33
-29
-29
-27
-24
-19
-12
-5
2
9
17
23
31
37
45
52
55
58
62
64
65
63
58
55
52
47
42
33
25
18
11
4
-1
-7
-11
-16
-19
-20
-21
-23
-26
-29
-32
-31
-36
-35
-39
-38
-39
-40
-39
-37
-34
-33
-32
-28
-23
-18
-12
-4
7
17
25
36
47
59
70
80
91
101
111
118
124
129
131
130
128
127
123
119
111
100
92
81
69
54
39
26
14
1
-12
-25
-37
-51
-64
-77
-85
-93
-103
-110
-115
-119
-121
-123
-127
-125
-126
-125
-123
-121
-119
-115
-112
-106
-103
-97
-96
-92
-87
-79
-73
-66
-57
-49
-42
-36
-30
-23
-15
-9
-2
4
13
23
30
39
48
55
59
63
68
75
80
88
92
96
100
101
101
104
104
103
104
103
103
100
95
92
87
79
71
63
55
45
36
27
16
3
-10
-23
-38
-52
-69
-86
-99
-110
-119
-124
-130
-135
-136
-140
-142
-140
-134
-127
-121
-107
-90
-73
-55
-38
-15
7
29
51
75
97
119
136
152
165
179
193
203
210
211
212
209
198
183
169
156
138
117
95
77
56
34
10
-12
-33
-51
-70
-84
-95
-103
-110
-117
-126
-132
-135
-137
-143
-148
-147
-145
-143
-146
-144
-138
-131
-126
-122
-116
-106
-98
-92
-84
-74
-64
-55
-47
-38
-29
-20
-12
-6
3
10
21
26
30
34
38
41
42
40
38
40
39
41
43
46
49
52
54
58
63
67
72
77
82
86
93
95
97
100
103
108
108
108
107
108
106
102
95
86
77
70
56
41
30
16
-1
-22
-44
-67
-89
-112
-133
-151
-166
-179
-192
-205
-220
-229
-236
-236
-237
-238
-225
-208
-188
-168
-143
-109
-74
-41
-8
33
74
117
160
202
246
287
321
346
366
380
394
399
391
375
354
333
307
268
230
191
154
110
58
10
-34
-80
-126
-162
-190
-214
-237
-258
-273
-279
-284
-287
-286
-284
-278
-266
-249
-234
-227
-208
-186
-169
-154
-142
-126
-110
-94
-77
-60
-48
-34
-21
-10
-1
5
13
20
28
33
38
45
51
55
60
65
70
72
75
79
80
83
83
85
85
82
82
83
79
77
77
81
87
88
91
96
101
108
111
114
121
124
134
144
151
161
171
183
194
198
204
206
206
207
203
193
179
158
137
110
73
31
-14
-61
-116
-173
-234
-298
-365
-437
-492
-540
-586
-627
-656
-675
-692
-705
-704
-684
-653
-618
-573
-510
-439
-365
-286
-196
-99
-4
92
188
284
379
473
564
646
720
784
836
875
899
915
924
920
902
869
823
767
697
617
535
455
369
277
186
96
8
-81
-166
-237
-299
-360
-413
-453
-483
-505
-519
-521
-518
-510
-498
-478
-453
-424
-393
-358
-322
-292
-260
-225
-195
-171
-149
-125
-102
-82
-65
-45
-27
-14
-7
0
7
9
6
4
-3
-13
-23
-35
-50
-69
-87
-105
-129
-152
-175
-195
-213
-237
-255
-254
-244
-223
-200
-175
-139
-101
-59
-14
41
106
175
247
317
385
444
488
532
564
594
630
658
686
703
710
715
690
639
570
477
380
272
154
40
-73
-179
-286
-396
-507
-618
-725
-829
-897
-915
-887
-821
-739
-633
-512
-401
-306
-226
-142
-52
34
112
188
261
306
315
287
240
177
98
26
-25
-45
-31
10
81
159
242
320
403
484
571
671
783
905
1009
1081
1131
1138
1108
1034
913
776
623
462
304
153
21
-106
-246
-397
-547
-691
-836
-969
-1076
-1146
-1173
-1186
-1187
-1178
-1177
-1172
-1163
-1148
-1110
-1055
-973
-866
-741
-603
-471
-355
-257
-177
-101
-30
40
115
201
291
367
415
437
435
416
383
350
327
318
317
316
313
301
274
230
177
124
87
74
84
106
131
156
174
173
154
135
133
151
185
235
300
368
430
466
473
467
460
456
463
473
497
531
563
586
591
591
588
574
556
540
530
528
515
486
441
382
315
226
119
0
-122
-252
-402
-578
-766
-919
-1024
-1121
-1220
-1316
-1385
-1430
-1509
-1605
-1659
-1636
-1555
-1474
-1376
-1219
-1020
-827
-666
-504
-297
-71
131
301
477
688
897
1061
1151
1205
1244
1248
1216
1155
1129
1176
1244
1293
1318
1339
1363
1337
1238
1101
958
814
624
357
59
-209
-433
-663
-884
-1049
-1096
-1012
-940
-881
-802
-712
-642
-662
-728
-743
-733
-743
-801
-896
-964
-1066
-1237
-1391
-1475
-1407
-1229
-1026
-755
-438
-118
110
175
121
45
1
-25
-24
77
322
645
947
1210
1521
1836
2132
2389
2618
2956
3287
3490
3610
3597
3569
3454
3073
2535
1857
1103
257
-721
-1733
-2682
-3482
-4234
-4822
-5139
-5266
-5131
-4922
-4617
-4055
-3385
-2637
-1919
-1269
-623
-36
446
816
1140
1455
1737
2005
2223
2463
2711
2860
2946
2965
2962
2933
2870
2769
2663
2586
2489
2289
1955
1530
1049
494
-106
-605
-856
-902
-926
-1026
-1160
-1339
-1734
-2406
-3162
-3766
-4227
-4685
-5121
-5384
-5465
-5528
-5653
-5724
-5619
-5357
-4998
-4504
-3818
-2930
-1911
-863
116
992
1807
2558
3202
3767
4360
5026
5656
6117
6424
6607
6637
6498
6239
5958
5697
5473
5270
4981
4561
4103
3652
3071
2302
1594
1162
806
262
-272
-491
-610
-1062
-1687
-2018
-2077
-2308
-2729
-2860
-2661
-2563
-2700
-2743
-2578
-2486
-2544
-2484
-2258
-2068
-1912
-1611
-1257
-1102
-1067
-887
-648
-649
-806
-755
-511
-456
-650
-760
-686
-726
-1006
-1236
-1208
-1107
-1122
-1152
-1083
-1044
-1183
-1408
-1584
-1744
-1905
-1926
-1778
-1637
-1585
-1493
-1308
-1223
-1327
-1397
-1282
-1134
-1109
-1069
-826
-484
-230
12
401
874
1268
1611
2020
2450
2809
3161
3605
4078
4491
4951
5503
5934
5985
5662
5097
4213
2920
1473
280
-529
-1082
-1441
-1539
-1462
-1387
-1325
-1178
-956
-665
-168
552
1166
1383
1346
1273
983
239
-652
-1165
-1306
-1524
-1929
-2178
-2149
-2153
-2346
-2458
-2237
-1799
-1355
-918
-445
20
437
806
1057
1123
1121
1223
1393
1519
1686
2053
2498
2704
2551
2167
1660
1041
382
-176
-582
-877
-1114
-1361
-1691
-2060
-2314
-2392
-2392
-2406
-2428
-2463
-2573
-2783
-3049
-3334
-3574
-3693
-3726
-3839
-4015
-3971
-3564
-3035
-2594
-2071
-1289
-501
-40
235
703
1366
1911
2264
2635
3097
3487
3686
3784
3872
3926
3884
3711
3406
3042
2750
2551
2295
1907
1526
1268
1001
567
89
-179
-263
-445
-798
-1090
-1184
-1244
-1420
-1574
-1528
-1362
-1256
-1204
-1067
-820
-568
-359
-173
1
160
316
471
600
742
977
1271
1501
1622
1731
1864
1938
1936
2001
2246
2592
2914
3215
3519
3751
3824
3768
3647
3427
3079
2641
2145
1513
697
-202
-1077
-1933
-2815
-3702
-4534
-5303
-6051
-6795
-7455
-7835
-7780
-7405
-7043
-6841
-6656
-6416
-6350
-6548
-6616
-6136
-5286
-4576
-4094
-3503
-2708
-2016
-1537
-940
36
1198
2221
3070
3909
4769
5543
6169
6645
6990
7265
7521
7736
7885
8046
8289
8473
8368
7950
7423
6910
6376
5777
5154
4486
3663
2637
1468
254
-909
-1937
-2809
-3578
-4240
-4723
-5039
-5315
-5624
-5916
-6181
-6458
-6627
-6449
-5890
-5233
-4712
-4296
-3938
-3731
-3649
-3390
-2730
-1821
-954
-227
413
934
1273
1493
1712
1943
2145
2297
2376
2340
2213
2091
1970
1751
1444
1234
1230
1306
1336
1372
1456
1421
1110
648
288
101
-6
-79
-94
-127
-308
-620
-923
-1117
-1193
-1138
-957
-733
-543
-354
-103
165
371
550
786
1055
1268
1474
1787
2157
2378
2381
2304
2232
2097
1861
1628
1472
1288
952
513
104
-235
-557
-857
-1065
-1149
-1135
-1075
-1026
-999
-967
-910
-884
-973
-1160
-1377
-1670
-2182
-2885
-3468
-3687
-3678
-3772
-4044
-4296
-4443
-4657
-4975
-5049
-4566
-3733
-3067
-2753
-2518
-2133
-1729
-1444
-1093
-400
547
1386
1954
2433
3040
3721
4310
4780
5237
5748
6238
6606
6836
6974
7036
6952
6626
6078
5468
4974
4627
4289
3833
3276
2690
2050
1288
462
-207
-572
-751
-996
-1419
-1915
-2365
-2750
-3102
-3392
-3545
-3581
-3657
-3953
-4453
-4843
-4768
-4258
-3726
-3470
-3348
-3108
-2840
-2762
-2702
-2256
-1449
-829
-727
-815
-646
-284
-82
-69
29
294
492
456
327
318
425
454
283
13
-127
-54
74
82
29
83
210
208
74
72
342
671
800
795
869
1021
1073
1014
1021
1184
1383
1477
1479
1480
1527
1579
1577
1523
1507
1598
1738
1814
1809
1830
1900
1913
1798
1658
1625
1656
1624
1504
1404
1377
1308
1096
782
499
326
151
-143
-527
-892
-1186
-1493
-1898
-2344
-2756
-3207
-3859
-4719
-5470
-5761
-5581
-5285
-5177
-5227
-5294
-5418
-5687
-5844
-5423
-4378
-3216
-2429
-1961
-1449
-826
-278
217
962
2085
3278
4168
4776
5357
6005
6558
6871
7042
7248
7507
7693
7714
7614
7450
7169
6653
5877
5002
4241
3660
3148
2545
1795
938
-1
-1029
-2072
-2938
-3471
-3739
-4004
-4435
-4941
-5349
-5643
-5923
-6177
-6238
-6049
-5764
-5551
-5352
-5000
-4525
-4195
-4168
-4247
-4061
-3486
-2686
-1797
-831
110
716
791
617
705
1259
2061
2822
3462
3952
4131
3910
3478
3181
3193
3371
3489
3491
3439
3342
3079
2599
2050
1630
1381
1180
979
828
735
560
131
-468
-994
-1317
-1460
-1530
-1534
-1477
-1492
-1685
-2006
-2262
-2274
-2062
-1743
-1399
-1078
-804
-625
-550
-500
-354
-75
259
563
811
1031
1204
1237
1112
920
776
751
784
821
848
814
691
476
219
-18
-195
-294
-337
-378
-488
-690
-961
-1321
-1849
-2531
-3113
-3267
-2980
-2639
-2647
-3059
-3705
-4534
-5488
-6139
-5877
-4629
-3088
-1978
-1382
-992
-698
-565
-343
419
1800
3365
4698
5794
6830
7800
8537
8980
9240
9461
9674
9821
9833
9662
9301
8679
7705
6397
4928
3530
2304
1180
6
-1276
-2614
-3928
-5162
-6243
-7015
-7335
-7229
-6939
-6706
-6552
-6381
-6224
-6231
-6368
-6449
-6444
-6573
-6894
-7146
-7177
-7184
-7264
-7078
-6469
-5810
-5298
-4447
-2934
-1373
-416
208
1015
1740
1952
2140
2997
4228
5048
5359
5599
5778
5638
5404
5461
5683
5770
5766
5779
5574
5035
4536
4300
4009
3455
3037
3047
3100
2814
2415
2219
2008
1476
893
663
659
527
237
-35
-335
-804
-1269
-1468
-1445
-1371
-1266
-1086
-967
-1025
-1121
-1083
-970
-921
-853
-665
-480
-470
-618
-800
-1037
-1417
-1829
-2064
-2119
-2166
-2332
-2571
-2805
-3019
-3176
-3238
-3234
-3207
-3162
-3073
-2987
-2968
-2977
-2987
-3136
-3607
-4237
-4484
-4019
-3151
-2507
-2282
-2187
-2120
-2347
-2846
-2955
-2115
-764
178
472
677
1155
1588
1725
1967
2775
3936
4845
5320
5706
6252
6795
7094
7170
7214
7339
7500
7623
7676
7666
7556
7250
6637
5726
4760
4037
3636
3324
2804
2023
1111
117
-974
-2053
-2838
-3214
-3423
-3760
-4244
-4690
-5033
-5385
-5777
-6027
-5966
-5709
-5526
-5461
-5290
-4942
-4741
-4849
-4845
-4325
-3642
-3406
-3422
-2946
-1996
-1369
-1284
-1059
-421
-15
-204
-396
-54
474
674
642
672
740
816
1056
1466
1843
2208
2704
3087
3021
2760
2821
3102
3049
2693
2615
2912
3040
2789
2562
2542
2332
1671
847
178
-392
-963
-1381
-1549
-1602
-1632
-1652
-1838
-2429
-3327
-4163
-4797
-5314
-5540
-5093
-4001
-2740
-1554
-243
1231
2469
3239
3831
4540
5221
5671
6047
6536
6963
7057
6871
6615
6306
5853
5275
4610
3795
2858
2004
1304
558
-339
-1285
-2315
-3704
-5379
-6686
-7173
-7270
-7663
-8339
-8839
-9212
-9911
-10797
-11041
-10264
-9118
-8375
-7950
-7291
-6302
-5343
-4461
-3206
-1317
842
2735
4284
5775
7332
8713
9656
10202
10554
10798
10905
10887
10817
10682
10375
9783
8850
7598
6207
4991
4126
3430
2618
1670
773
-73
-1074
-2235
-3209
-3724
-3971
-4293
-4713
-4977
-5027
-5133
-5421
-5663
-5686
-5676
-5831
-5961
-5850
-5690
-5638
-5369
-4636
-3931
-3761
-3675
-2980
-2000
-1520
-1331
-668
196
322
-190
-316
200
657
849
1258
1875
2211
2269
2478
2814
2971
3149
3613
3969
3844
3669
3921
4162
3809
3229
3039
2991
2521
1849
1571
1527
1175
525
-2
-291
-578
-796
-706
-461
-309
-219
-76
-3
-154
-298
-194
-53
-111
-191
-24
225
238
141
248
495
536
358
272
335
321
127
-94
-252
-493
-871
-1246
-1542
-1738
-1794
-1720
-1676
-1829
-2052
-2134
-2154
-2278
-2441
-2467
-2448
-2667
-3176
-3703
-3928
-3752
-3336
-2968
-2820
-2740
-2598
-2588
-2834
-2948
-2396
-1347
-553
-233
129
821
1452
1665
1793
2301
3016
3470
3609
3769
4124
4489
4657
4582
4331
4004
3706
3483
3308
3249
3433
3793
4032
3944
3671
3470
3381
3244
2967
2609
2249
1850
1284
500
-299
-816
-1053
-1337
-1847
-2339
-2561
-2676
-2977
-3405
-3729
-3990
-4390
-4902
-5301
-5419
-5144
-4441
-3603
-3080
-2839
-2409
-1700
-1150
-807
-98
1109
2058
2266
2282
2696
3217
3360
3315
3455
3602
3413
2996
2617
2255
1837
1460
1076
488
-187
-572
-681
-939
-1427
-1753
-1824
-2041
-2540
-2878
-2765
-2524
-2520
-2630
-2599
-2498
-2502
-2527
-2397
-2122
-1833
-1554
-1292
-1089
-911
-644
-314
-114
-69
52
354
619
708
829
1163
1485
1512
1376
1390
1555
1640
1634
1712
1859
1908
1850
1784
1687
1509
1381
1414
1441
1325
1216
1277
1331
1176
958
900
878
664
312
-4
-289
-551
-630
-498
-415
-551
-735
-876
-1192
-1746
-2135
-2041
-1727
-1609
-1626
-1473
-1185
-1040
-1045
-945
-642
-301
-49
151
385
720
1165
1612
1905
2046
2177
2317
2356
2324
2428
2701
2909
2866
2644
2345
1951
1481
1056
725
391
18
-314
-620
-1017
-1467
-1778
-1961
-2261
-2729
-3097
-3197
-3200
-3270
-3306
-3219
-3107
-3059
-3019
-2956
-2883
-2699
-2397
-2292
-2519
-2567
-1940
-1054
-625
-443
179
1008
1188
826
943
1770
2458
2591
2736
3220
3590
3545
3397
3347
3221
3013
2912
2791
2437
2128
2171
2175
1616
830
469
375
-71
-745
-975
-753
-735
-1130
-1440
-1419
-1393
-1572
-1727
-1679
-1563
-1480
-1362
-1241
-1227
-1225
-1067
-901
-972
-1143
-1056
-772
-683
-800
-739
-418
-225
-339
-445
-301
-100
-53
-32
121
324
453
558
683
775
860
1015
1170
1192
1150
1242
1422
1450
1310
1250
1335
1332
1121
882
756
610
287
-125
-429
-572
-661
-796
-985
-1178
-1355
-1578
-1898
-2202
-2286
-2120
-1889
-1710
-1472
-1094
-707
-454
-245
84
495
856
1167
1530
1932
2270
2536
2765
2911
2896
2781
2687
2624
2521
2393
2313
2259
2091
1753
1347
992
674
329
-24
-309
-519
-731
-1003
-1295
-1533
-1704
-1876
-2121
-2400
-2596
-2671
-2740
-2877
-2954
-2875
-2842
-3067
-3348
-3355
-3161
-3117
-3201
-3048
-2652
-2421
-2433
-2285
-1804
-1335
-1084
-813
-345
150
547
997
1548
2037
2432
2841
3199
3360
3454
3732
4058
4113
3975
3954
3997
3768
3287
2904
2677
2318
1745
1204
812
424
-34
-437
-747
-1068
-1398
-1644
-1817
-1999
-2108
-2024
-1843
-1752
-1715
-1532
-1237
-1055
-993
-845
-556
-324
-263
-213
-66
70
88
40
7
-39
-144
-256
-342
-445
-539
-581
-591
-641
-747
-782
-714
-639
-584
-408
-20
471
947
1413
1918
2414
2779
2991
3097
3093
2998
2806
2525
2167
1782
1477
1251
996
662
338
59
-274
-709
-1148
-1458
-1645
-1818
-2003
-2146
-2234
-2266
-2283
-2330
-2392
-2420
-2363
-2281
-2249
-2179
-1977
-1681
-1428
-1257
-1085
-895
-759
-686
-606
-479
-336
-195
-46
80
136
136
140
144
104
40
20
65
116
111
83
98
168
237
260
269
304
354
401
470
591
744
853
879
816
642
437
403
627
947
1169
1344
1562
1687
1575
1389
1409
1571
1643
1607
1630
1753
1816
1801
1797
1748
1570
1312
1058
819
578
471
554
602
453
203
14
-173
-462
-747
-856
-848
-916
-1064
-1175
-1236
-1319
-1443
-1570
-1686
-1813
-1925
-1971
-1988
-1964
-1867
-1724
-1614
-1612
-1647
-1620
-1555
-1495
-1416
-1270
-1061
-881
-752
-633
-517
-417
-345
-295
-248
-201
-135
-25
115
265
414
550
626
623
580
571
622
701
780
860
919
920
852
743
629
508
370
215
35
-163
-343
-462
-512
-543
-588
-640
-707
-798
-899
-957
-914
-782
-608
-425
-245
-64
119
304
494
701
930
1161
1372
1551
1727
1947
2178
2390
2545
2631
2669
2643
2559
2463
2367
2283
2197
2065
1882
1643
1381
1128
873
618
371
127
-126
-387
-633
-845
-1017
-1172
-1338
-1518
-1714
-1888
-2022
-2131
-2205
-2248
-2264
-2270
-2296
-2303
-2254
-2158
-2024
-1876
-1732
-1586
-1456
-1311
-1140
-955
-757
-558
-371
-212
-73
64
203
330
437
524
587
617
633
644
661
693
707
706
679
617
557
506
464
428
391
361
329
290
256
235
225
218
205
191
177
165
163
177
206
240
256
263
270
276
287
298
309
329
342
354
362
357
363
374
387
393
381
369
372
375
383
387
389
399
398
388
371
338
311
280
239
188
117
36
-50
-142
-238
-332
-428
-547
-681
-826
-956
-1031
-1099
-1148
-1171
-1191
-1165
-1151
-1167
-1155
-1127
-1034
-902
-796
-670
-533
-382
-222
-71
84
240
383
500
609
723
839
966
1072
1152
1225
1260
1262
1229
1158
1105
1064
1024
983
911
833
753
647
529
395
260
137
21
-86
-183
-260
-322
-387
-465
-555
-629
-700
-783
-856
-900
-884
-833
-803
-771
-736
-694
-656
-645
-622
-568
-494
-400
-308
-216
-118
-29
38
85
124
167
211
254
289
337
397
445
462
443
425
405
363
318
277
251
234
209
176
139
96
51
-2
-56
-96
-115
-120
-125
-129
-114
-91
-79
-75
-77
-66
-46
-28
-7
23
65
100
118
124
127
130
130
129
130
132
149
168
183
195
205
217
220
211
205
201
196
187
169
153
142
118
79
22
-52
-138
-233
-339
-455
-570
-686
-774
-831
-881
-917
-955
-990
-1005
-1035
-1052
-1037
-991
-891
-770
-631
-463
-292
-126
21
164
314
473
626
755
893
1046
1200
1347
1440
1491
1516
1497
1472
1416
1347
1292
1243
1168
1053
943
816
682
523
342
171
24
-103
-219
-324
-413
-489
-553
-644
-751
-852
-941
-990
-1025
-1056
-1045
-1015
-955
-901
-880
-832
-761
-689
-637
-603
-521
-388
-260
-164
-86
8
103
171
206
239
300
369
425
453
467
500
521
499
450
398
374
347
284
223
194
189
168
108
37
-17
-61
-110
-152
-172
-170
-148
-135
-141
-139
-117
-95
-95
-106
-93
-52
-15
2
21
58
101
118
109
104
116
142
148
154
187
235
298
327
319
317
311
308
296
269
276
292
285
264
221
183
110
-26
-196
-366
-523
-729
-934
-1114
-1224
-1228
-1282
-1349
-1412
-1524
-1615
-1712
-1736
-1586
-1405
-1207
-998
-776
-500
-276
-101
111
416
754
1051
1343
1616
1906
2176
2340
2516
2610
2589
2552
2444
2419
2463
2412
2315
2114
1858
1593
1234
893
615
358
120
-106
-310
-578
-926
-1278
-1518
-1622
-1780
-1981
-2139
-2219
-2123
-2008
-1939
-1827
-1741
-1918
-2466
-2947
-2734
-1952
-1246
-820
-392
30
-40
-574
-829
-415
206
582
848
1157
1358
1405
1424
1409
1246
1089
1151
1202
1067
1088
1475
1736
1368
716
376
244
-62
-341
-197
157
191
-139
-493
-756
-986
-1116
-1067
-1004
-997
-882
-690
-662
-790
-746
-475
-362
-528
-542
-122
389
594
644
824
1023
983
837
952
1344
1708
1896
1964
1959
1841
1670
1600
1593
1564
1527
1485
1374
1156
894
611
149
-571
-1478
-2551
-3688
-4472
-4506
-4070
-3896
-4191
-4537
-4787
-5332
-6113
-6268
-5325
-3973
-3118
-2701
-2128
-1307
-634
-200
374
1339
2497
3462
4143
4827
5775
6750
7206
7026
6689
6566
6506
6344
6278
6407
6345
5673
4500
3204
1992
997
352
-53
-574
-1346
-2135
-2825
-3589
-4430
-5004
-5121
-5099
-5268
-5478
-5342
-4848
-4370
-4126
-3955
-3641
-3204
-2748
-2244
-1598
-841
-131
295
248
-71
-34
687
1618
2167
2500
2954
3085
2376
1445
1331
1888
2150
1962
1889
1927
1547
835
317
41
-239
-414
-365
-346
-413
-254
-26
-349
-1109
-1439
-1143
-904
-901
-565
66
163
-453
-978
-933
-699
-554
-286
113
316
253
166
133
91
178
469
713
781
952
1346
1593
1439
1183
1210
1440
1581
1590
1619
1710
1734
1540
1157
857
872
1078
1145
905
347
-588
-2030
-4045
-6394
-8236
-8497
-7250
-6207
-6813
-8364
-9329
-9843
-10919
-11722
-10166
-6400
-3134
-1830
-882
1439
4278
5882
6471
7722
10142
12480
13707
14374
15504
16785
16794
15131
13259
12662
12971
12854
12038
11119
9946
7739
4597
1659
-344
-1679
-2786
-3931
-5443
-7357
-9162
-10477
-11660
-13037
-13998
-13905
-13246
-12881
-12672
-11829
-10481
-9692
-9769
-9663
-8355
-6124
-4040
-2535
-1260
-85
555
490
379
981
2214
3248
3437
2929
2349
2075
1878
1405
954
977
1129
694
-174
-497
-125
-85
-782
-1398
-1327
-1009
-904
-701
-182
252
288
176
314
872
1891
3038
3743
4007
4377
5018
5491
5703
6204
6978
7254
6829
6353
6184
5852
5038
4103
3363
2717
2077
1598
1329
1165
1081
1021
923
924
1229
1787
2276
2553
2757
2888
2814
2564
2340
2297
2355
2276
1911
1347
670
-263
-1515
-2882
-4672
-7788
-11697
-13535
-11676
-9054
-9656
-12669
-14091
-13578
-14525
-16958
-16401
-11532
-7276
-7475
-9154
-7682
-3872
-1769
-1976
-1269
1974
5502
6969
7371
9122
11965
13011
11103
8923
9337
11499
12603
12026
11220
10443
8516
5528
3172
2312
2172
1840
964
-677
-2798
-4312
-4785
-5331
-6733
-7772
-7108
-5641
-5097
-5178
-4325
-2747
-2338
-3393
-3637
-1412
1887
3813
4066
4108
4420
4220
3673
4137
5813
7019
6562
5200
4193
3727
3293
2559
1478
371
-273
-555
-1091
-1856
-2247
-2569
-3762
-5292
-5393
-3920
-2733
-2760
-2980
-2768
-2795
-3095
-2582
-1027
390
928
1028
1175
1366
1642
2011
2165
2049
2091
2346
2301
1876
1560
1295
493
-638
-1133
-861
-727
-1148
-1604
-1854
-2275
-2841
-2896
-2207
-1359
-850
-581
-339
-171
-84
112
542
1070
1517
1898
2332
2791
3066
3025
2710
2156
1400
612
-403
-2568
-6034
-8587
-7856
-5286
-4967
-7679
-9785
-9350
-9146
-11025
-11776
-8486
-4185
-3476
-5271
-4774
-1114
1838
1955
1763
4029
7680
9931
10536
11681
14058
15422
14069
11868
11851
13869
15018
13919
11990
10448
8677
6107
3599
2070
1202
165
-1428
-3493
-5522
-6798
-7392
-8369
-10134
-11332
-10670
-9032
-8236
-8302
-7819
-6640
-6151
-6588
-6068
-3383
-103
1485
1403
1382
2067
2553
2447
2655
3747
4864
4875
3796
2583
1879
1361
425
-825
-1612
-1662
-1825
-2721
-3682
-3943
-4097
-4999
-5897
-5392
-3769
-2609
-2385
-2195
-1674
-1365
-1243
-470
1128
2667
3442
3615
3686
3893
4175
4367
4428
4586
4890
4914
4406
3766
3367
2860
1897
1013
834
985
693
-36
-683
-1181
-1744
-2160
-2053
-1536
-1058
-781
-578
-369
-103
246
580
839
1181
1697
2119
2236
2283
2437
2367
1829
1111
483
-150
-934
-2357
-5399
-9636
-11963
-10119
-6924
-7143
-10389
-11954
-10741
-10629
-12639
-12297
-7542
-3109
-3192
-4719
-2549
2383
5078
4389
4196
7094
10954
12810
13203
14556
16628
16609
13828
11478
12235
14426
14645
12429
9926
8162
6198
3547
1118
-365
-1342
-2638
-4530
-6549
-7915
-8434
-9034
-10641
-12445
-12534
-10549
-8411
-7706
-7663
-6866
-5703
-5398
-5318
-3469
155
2960
3230
2380
2562
3707
4362
4290
4465
5058
5021
3799
2401
2060
2364
1721
-290
-2068
-2333
-2047
-2642
-3685
-4030
-4129
-5064
-6104
-5624
-3919
-2838
-2981
-3201
-2677
-1807
-1027
-146
1012
2083
2628
2736
2965
3699
4487
4558
4028
3755
4043
4220
3807
3207
2734
2043
1005
224
125
220
-180
-1023
-1749
-2076
-2104
-1979
-1729
-1405
-1077
-751
-326
294
1041
1682
1995
2099
2369
2978
3629
3940
3964
3994
4015
3757
3266
2852
2426
1547
151
-1565
-3931
-7139
-9716
-9641
-7616
-6952
-9015
-11264
-11410
-10845
-11464
-11723
-9288
-5621
-4062
-4450
-3449
-67
2890
3444
3419
5359
8803
11413
12454
13163
14118
14205
12748
11127
11111
12319
12660
11100
8634
6528
4778
2808
690
-1029
-2238
-3363
-4757
-6313
-7662
-8625
-9471
-10560
-11571
-11493
-9918
-7937
-6965
-6946
-6669
-5676
-4638
-3740
-2111
533
2841
3408
2757
2749
4111
5471
5406
4538
4493
5166
4938
3614
2862
3062
2347
71
-1603
-1231
-573
-1563
-3237
-3874
-3905
-4446
-4934
-4328
-3175
-2724
-2988
-3028
-2361
-1302
-400
116
568
1376
2274
2659
2746
3198
3769
3652
3092
3155
3776
3784
2917
2110
1776
1360
663
223
155
-138
-908
-1667
-1996
-2008
-1957
-1912
-1859
-1769
-1526
-1027
-314
417
1000
1372
1651
2032
2540
3028
3353
3501
3545
3582
3698
3793
3596
2964
2022
975
-85
-1336
-3283
-6099
-8652
-9259
-8069
-7411
-8711
-10520
-10998
-10740
-11065
-11066
-9053
-5884
-4103
-4036
-3379
-899
1848
3172
3763
5341
8050
10448
11680
12347
13107
13482
12774
11584
11283
12066
12497
11336
9020
6791
5076
3416
1577
-87
-1326
-2440
-3868
-5594
-7128
-8101
-8772
-9625
-10483
-10490
-9305
-7819
-7107
-7075
-6787
-5863
-4769
-3718
-2172
86
2119
2894
2828
3212
4282
5092
5184
4863
4054
2801
2366
3494
4395
3138
855
-339
-917
-2106
-2731
-1739
-1230
-2987
-4961
-4761
-3639
-3594
-3891
-3400
-2919
-2998
-2506
-1095
-15
238
381
667
1013
1984
3530
4247
3595
2936
3104
3283
3111
3343
3792
3219
1760
921
1011
900
203
-387
-713
-1228
-1738
-1671
-1297
-1350
-1774
-1906
-1541
-946
-226
614
1281
1530
1641
2021
2613
3114
3458
3693
3745
3654
3638
3692
3489
2844
1952
1049
120
-1178
-3437
-6576
-8961
-8845
-7111
-6754
-8748
-10721
-10837
-10490
-11161
-11246
-8847
-5573
-4374
-4879
-4054
-1040
1714
2436
2617
4496
7725
10135
10944
11433
12390
12777
11772
10638
11079
12538
12857
11176
8723
6845
5498
4009
2306
819
-275
-1362
-2915
-4815
-6397
-7302
-8013
-9084
-10042
-9820
-8377
-7063
-6942
-7420
-7222
-6178
-5085
-4101
-2471
-97
1693
1747
906
1157
3032
4801
4863
3963
3887
4590
4425
3188
2531
2884
2490
604
-836
-444
97
-1078
-2996
-3761
-3560
-3698
-4035
-3699
-3082
-3161
-3770
-3855
-2987
-1734
-848
-531
-281
402
1270
1751
1996
2641
3403
3438
3066
3315
4028
3993
3073
2379
2360
2301
1845
1448
1211
635
-330
-1058
-1189
-1032
-1002
-1165
-1353
-1392
-1262
-1048
-750
-265
337
796
1133
1681
2411
2755
2438
2034
2226
2918
3487
3590
3290
2662
1740
776
62
-704
-2443
-5316
-7689
-7703
-6030
-5517
-7355
-9506
-10032
-9826
-10224
-10042
-7747
-4878
-4164
-5136
-4719
-1973
753
1726
2213
4001
6652
8550
9383
10073
10917
11159
10482
9874
10419
11697
12063
10611
8218
6321
5270
4377
3197
1967
883
-367
-2111
-4055
-5484
-6176
-6744
-7745
-8705
-8661
-7633
-6783
-6915
-7429
-7256
-6272
-5147
-4053
-2458
-485
712
654
458
1020
1697
2042
2913
4407
4876
3744
2807
3014
2960
1999
1598
2119
1834
387
-496
-456
-1025
-2344
-2943
-2638
-2549
-2762
-2603
-2446
-2822
-3080
-2640
-2012
-1483
-655
166
206
-106
287
1147
1523
1666
2285
2864
2613
2049
2012
2197
1966
1650
1760
1909
1572
977
566
244
-227
-624
-602
-278
-114
-300
-580
-684
-586
-351
73
705
1317
1682
1813
1849
1894
1981
2128
2347
2610
2856
2932
2606
1820
848
-51
-1175
-3101
-5488
-6744
-5911
-4528
-5057
-7439
-9183
-9131
-8802
-9135
-8613
-6259
-3994
-3873
-4703
-3872
-1341
647
1190
1883
4051
6727
8191
8364
8553
9276
9682
9315
9177
10144
11298
10962
8975
6819
5609
5009
4221
3152
2146
1209
-46
-1794
-3636
-4958
-5620
-6144
-6963
-7656
-7503
-6760
-6558
-7277
-7846
-7250
-5920
-4823
-3894
-2481
-901
-275
-686
-738
452
1999
2756
3052
3663
4076
3405
2337
2286
3014
3135
2492
2053
1876
1134
-64
-789
-907
-1060
-1392
-1547
-1529
-1641
-1951
-2338
-2612
-2463
-1844
-1223
-934
-729
-457
-455
-705
-514
362
1205
1433
1388
1490
1520
1276
1106
1331
1681
1754
1592
1431
1246
878
383
27
-41
73
142
30
-223
-485
-683
-789
-674
-199
453
846
893
987
1349
1674
1739
1898
2445
2944
2839
2397
2308
2461
2000
772
-331
-993
-2326
-4781
-6456
-5552
-3736
-4284
-7064
-8692
-7903
-7177
-7947
-8049
-5881
-3609
-3650
-4626
-3677
-996
815
959
1361
3405
5955
7249
7338
7592
8441
8999
8815
8766
9583
10487
10151
8481
6644
5566
5059
4417
3304
1985
844
-215
-1628
-3375
-4726
-5225
-5482
-6264
-7127
-7063
-6286
-6128
-6977
-7540
-6786
-5421
-4595
-4109
-3036
-1589
-927
-1154
-923
421
1656
1665
1429
2444
3991
4043
2604
1747
2222
2636
2236
2076
2590
2354
672
-916
-1009
-322
-279
-891
-1304
-1429
-1757
-2282
-2445
-1997
-1400
-1195
-1239
-891
-101
347
120
-67
462
1268
1624
1733
2067
2265
1742
1011
996
1596
1915
1628
1228
991
655
154
-142
-34
155
41
-308
-542
-520
-478
-623
-770
-590
-88
345
486
579
813
998
958
944
1337
1952
2208
1977
1746
1754
1534
714
-434
-1775
-3572
-5188
-5043
-3193
-2362
-4344
-7100
-7764
-6894
-6773
-6996
-5540
-3140
-2632
-4114
-4465
-2284
133
704
646
2077
4589
6159
6258
6230
6922
7566
7471
7414
8422
9856
10001
8384
6340
5203
4890
4626
4096
3374
2407
1058
-604
-2273
-3518
-4084
-4283
-4773
-5603
-6037
-5790
-5689
-6434
-7317
-7123
-5906
-4803
-4283
-3667
-2600
-1923
-2184
-2253
-935
760
1080
732
1756
3504
3339
1487
1035
2547
3244
2301
2078
3113
2894
804
-472
275
1033
511
-132
-123
-277
-996
-1566
-1613
-1374
-1016
-824
-1036
-1162
-685
-321
-805
-1195
-454
546
573
289
767
1256
777
198
644
1490
1587
1169
1034
1050
765
399
357
520
549
372
90
-159
-257
-254
-302
-347
-169
149
236
124
221
584
826
844
1011
1398
1569
1411
1351
1544
1628
1445
1257
1039
379
-924
-2640
-4229
-4812
-3937
-2748
-3119
-5065
-6565
-6584
-6286
-6432
-5883
-4060
-2604
-2917
-3759
-3116
-1213
155
485
1078
2791
4695
5517
5453
5673
6454
6945
6862
7143
8313
9277
8736
7036
5602
5037
4778
4317
3768
3210
2329
889
-819
-2211
-2961
-3262
-3596
-4227
-4890
-5216
-5373
-5845
-6571
-6802
-6142
-5173
-4583
-4206
-3546
-2837
-2685
-2840
-2308
-820
662
1313
1498
1872
2133
1597
725
848
2236
3457
3214
2016
1156
846
438
52
420
1245
1252
107
-955
-1003
-659
-786
-1072
-810
-280
-256
-693
-865
-584
-387
-481
-367
293
1015
1107
650
341
515
840
1024
1254
1620
1672
1102
421
316
695
929
816
631
458
137
-239
-330
-89
133
93
-83
-166
-147
-154
-175
-31
327
667
780
795
908
1003
871
716
893
1302
1501
1331
1014
629
-5
-1100
-2633
-4023
-4305
-3304
-2430
-3168
-4997
-6128
-6158
-6188
-6331
-5346
-3320
-2270
-3155
-4180
-3433
-1571
-362
98
1090
2832
4061
4095
3893
4571
5740
6311
6325
6802
7931
8538
7799
6433
5615
5493
5416
5107
4758
4298
3286
1578
-252
-1400
-1627
-1501
-1806
-2707
-3689
-4367
-4952
-5667
-6113
-5785
-5004
-4638
-4887
-5006
-4547
-4066
-4064
-3941
-2858
-1246
-291
-154
-9
243
-46
-412
547
2597
3608
2746
1644
1513
1502
1055
1276
2509
3120
2133
808
433
535
358
186
341
442
166
-296
-736
-1032
-1060
-1001
-1106
-1072
-558
-145
-551
-1220
-1158
-608
-378
-247
349
870
532
-162
-212
336
805
1049
1235
1201
818
425
391
687
1080
1345
1289
981
737
657
567
488
671
1000
1052
795
643
737
787
685
688
873
958
802
649
713
796
647
277
-401
-1808
-3741
-4693
-3585
-1819
-1889
-3851
-5397
-5560
-5732
-6367
-5694
-3242
-1670
-2894
-4861
-4592
-2534
-1192
-908
19
1823
2757
2222
1876
2991
4599
5213
5073
5427
6447
7081
6701
5911
5546
5641
5699
5520
5290
5039
4395
3055
1367
189
13
337
177
-793
-1963
-2763
-3415
-4199
-4631
-4132
-3294
-3356
-4377
-5094
-4822
-4351
-4361
-4201
-3190
-2068
-1916
-2377
-2244
-1387
-710
-488
-5
1020
1836
1864
1538
1466
1475
1205
1042
1549
2295
2247
1296
376
99
145
208
470
849
708
-209
-1201
-1447
-995
-506
-347
-368
-438
-706
-1147
-1299
-810
-91
170
-26
-121
40
103
29
239
781
1160
1151
1111
1279
1427
1358
1269
1396
1649
1768
1656
1426
1227
1056
843
686
766
961
922
565
203
70
51
44
133
324
402
220
-89
-248
-157
-11
37
91
77
-829
-3027
-4904
-4273
-1809
-740
-2217
-3863
-4048
-4390
-5857
-6002
-3147
-237
-818
-3535
-4406
-2907
-1734
-1652
-706
1543
2709
1521
55
645
2644
3895
3971
4146
4920
5345
4815
4136
4289
5038
5398
5028
4539
4458
4443
3787
2480
1412
1278
1634
1481
616
-205
-629
-1315
-2629
-3565
-3075
-1945
-1936
-3195
-4125
-3988
-3855
-4336
-4285
-2961
-1759
-2205
-3460
-3657
-2722
-2020
-1841
-1216
-59
366
-482
-1332
-867
465
1301
1365
1468
1826
1676
889
598
1463
2451
2384
1711
1509
1599
1142
418
414
1021
1144
517
-13
-28
-109
-611
-975
-699
-208
-193
-598
-826
-730
-730
-931
-841
-252
223
37
-409
-428
-113
33
79
438
910
912
468
215
432
774
954
1076
1218
1189
870
503
422
631
823
786
623
494
334
80
-66
98
368
362
84
-158
-242
-278
-264
-102
83
-20
-559
-1361
-1991
-2021
-1461
-919
-996
-1599
-2222
-2712
-3146
-3194
-2458
-1401
-1080
-1704
-2362
-2323
-1852
-1382
-743
217
944
842
304
287
1026
1886
2387
2693
2978
2991
2601
2253
2457
3056
3443
3336
2966
2607
2280
1948
1729
1731
1832
1745
1302
665
146
-115
-286
-534
-762
-840
-937
-1317
-1871
-2197
-2171
-2095
-2160
-2160
-1940
-1765
-1895
-2106
-1988
-1575
-1250
-1119
-949
-689
-607
-778
-836
-522
-112
5
-74
-8
166
160
44
190
598
814
661
532
677
811
683
564
735
941
816
505
392
452
387
211
200
353
354
96
-143
-137
-10
39
64
173
268
169
-32
-78
79
230
243
214
227
178
23
-87
-12
148
212
175
150
164
140
75
73
184
314
337
261
179
135
107
93
117
143
86
-56
-174
-216
-227
-240
-255
-340
-584
-879
-959
-771
-605
-672
-844
-960
-1110
-1344
-1410
-1107
-696
-613
-848
-1028
-985
-876
-744
-435
21
300
230
62
107
374
686
972
1225
1357
1280
1101
1030
1152
1387
1589
1649
1520
1263
1020
900
900
953
997
954
735
382
90
2
40
47
4
-47
-164
-402
-639
-679
-532
-404
-407
-449
-470
-544
-678
-725
-585
-373
-270
-296
-349
-404
-476
-512
-421
-235
-89
-76
-155
-253
-320
-320
-231
-80
32
44
-39
-155
-237
-242
-168
-73
-24
-55
-146
-259
-342
-349
-285
-218
-207
-246
-309
-373
-415
-399
-329
-242
-200
-199
-199
-194
-183
-143
-57
52
132
180
213
245
279
329
407
488
554
601
625
641
653
676
705
686
645
628
632
625
572
512
479
428
336
239
186
170
127
51
-18
-56
-100
-178
-244
-261
-240
-233
-252
-254
-237
-239
-262
-274
-240
-187
-171
-179
-178
-164
-162
-188
-207
-188
-160
-158
-179
-198
-200
-217
-247
-265
-250
-211
-195
-220
-253
-266
-253
-235
-221
-194
-162
-153
-174
-191
-171
-128
-99
-79
-56
-31
-23
-27
-10
32
66
89
107
128
143
154
173
203
232
245
260
287
299
298
293
293
300
291
289
298
283
244
203
187
190
175
150
141
131
95
36
0
2
9
-6
-32
-46
-61
-85
-104
-102
-80
-72
-80
-91
-96
-88
-78
-76
-80
-84
-78
-70
-71
-78
-77
-71
-73
-87
-89
-73
-66
-75
-83
-74
-52
-41
-40
-29
-15
-5
-9
-5
12
30
33
23
17
21
29
28
24
20
20
21
9
-1
0
5
1
-14
-24
-19
-13
-19
-30
-33
-26
-26
-30
-25
-16
-15
-27
-33
-24
-10
-4
-3
3
9
6
6
19
36
40
34
30
33
32
26
23
29
31
20
9
6
7
6
3
4
7
6
-1
-6
-5
0
-1
-3
0
7
6
1
-2
2
5
2
-2
-5
-3
-3
-7
-5
2
7
4
-2
-3
3
8
8
7
10
10
4
-4
-5
-1
0
-5
-5
-4
-3
-9
-15
-11
-4
-1
1
6
12
12
7
7
17
26
27
22
20
19
13
12
12
13
10
2
-5
-6
-6
-6
-6
-4
-4
-8
-9
-10
-8
-6
-6
-7
-6
-6
-2
0
0
-1
-1
1
-1
0
1
3
1
-1
-4
-1
1
0
0
1
-1
-4
-6
-5
-6
-9
-15
-19
-19
-19
-18
-18
-15
-11
-9
-5
-1
6
13
16
18
20
19
18
16
18
15
13
9
8
5
0
-3
-3
-2
-1
0
4
7
8
8
10
12
10
5
4
2
0
-3
-7
-11
-13
-13
-13
-9
-8
-6
-7
-8
-8
-7
-5
-1
0
-2
-3
-4
-4
-4
-1
1
4
6
4
3
2
3
2
2
4
6
6
8
8
9
9
9
9
9
9
7
4
3
3
1
4
9
10
12
12
14
13
11
9
9
9
6
3
2
2
1
1
3
4
2
2
0
0
-3
-6
-9
-9
-11
-15
-16
-15
-12
-11
-12
-9
-6
-5
-9
-7
-3
-3
-5
-10
-10
-10
-9
-7
-2
2
1
-3
-6
-6
-10
-9
-7
-6
-6
-6
-2
1
6
11
12
15
15
14
14
11
12
10
9
10
11
9
10
9
9
8
8
8
5
0
-5
-6
-9
-11
-11
-10
-7
-7
-6
-3
-1
1
0
0
0
-2
-6
-10
-10
-11
-10
-10
-8
-5
0
-2
-1
3
5
5
4
3
2
-1
-1
1
5
9
10
10
10
11
10
10
12
13
11
9
7
9
12
13
11
12
9
7
3
2
-1
-5
-7
-13
-13
-12
-8
-5
-1
4
6
10
13
13
11
10
8
1
-3
-6
-10
-14
-14
-12
-12
-12
-12
-9
-8
-10
-11
-12
-9
-9
-8
-9
-6
-5
-6
-4
-1
3
4
1
2
3
3
2
2
3
5
3
2
3
4
5
5
4
4
1
0
-1
-2
-3
0
1
2
5
9
10
13
13
14
13
12
9
7
5
3
-1
-2
0
1
1
-2
-3
-3
-5
-7
-6
-6
-5
-9
-10
-10
-10
-10
-9
-5
-3
-4
-6
-4
-3
-2
-2
-3
-2
-4
-4
-4
-4
-4
-3
0
1
2
2
3
4
5
6
7
10
11
11
10
11
12
10
11
12
12
13
13
10
7
3
1
-3
-5
-5
-5
-5
-3
-4
-2
1
0
