-1
1
-1
-1
-2
-1
-2
-2
-1
-1
-1
-2
-4
-5
-4
-4
-4
-3
-2
-2
-1
-3
-3
-1
0
0
0
0
0
1
0
0
0
0
0
2
3
5
6
7
7
7
7
5
5
4
3
0
-1
-1
-3
-3
-5
-6
-4
-3
-3
-2
-2
-2
-1
-1
-2
-3
-1
0
-1
1
1
2
2
2
3
3
3
2
1
2
0
0
1
1
1
-1
-1
-2
-2
-1
0
0
-2
-1
0
-1
-1
1
-1
-1
1
-2
-3
-1
-2
0
-1
0
0
0
0
2
0
2
3
3
2
2
2
4
2
2
1
1
1
1
2
2
2
0
1
1
2
1
0
0
0
0
-1
1
0
1
2
4
3
2
3
2
0
-3
-1
-2
-2
-2
-1
2
2
0
0
-2
-2
-4
-5
-4
-4
-4
-3
-4
-2
-3
-3
-4
-2
-1
-1
1
4
4
3
5
4
2
2
1
-3
-3
-4
-4
-4
-5
-5
-5
-5
-4
-3
-2
1
2
3
2
4
4
5
4
3
3
5
4
4
3
4
1
2
1
1
2
1
1
0
1
0
2
1
2
2
3
2
2
2
1
1
0
-1
-1
-1
-1
-1
-1
-1
0
-1
-2
-1
-1
-1
0
-1
-2
-1
-2
-1
0
0
1
1
0
2
1
1
-1
-1
-1
-1
-1
-3
-4
-3
-4
-3
-3
-1
-1
0
-1
-1
-1
-2
-2
-3
-1
-1
1
1
1
2
4
4
5
3
5
4
3
2
2
0
-2
-2
-2
-1
1
3
1
2
2
1
1
-1
-1
0
-1
-1
-2
-1
-1
-1
-1
-3
-2
-4
-3
-4
-3
-3
-2
0
0
-1
-1
-2
-4
-5
-5
-3
-3
-3
-2
-3
-2
-1
0
-1
-2
-2
-2
-2
0
2
1
2
0
3
2
1
2
2
5
3
5
5
5
7
5
5
5
6
5
5
4
4
3
3
1
2
1
2
2
2
2
2
2
3
4
4
3
2
0
0
0
-1
-3
-5
-5
-6
-6
-5
-7
-8
-6
-6
-6
-6
-4
-2
-2
0
1
0
-1
0
1
1
2
3
-1
-1
-2
0
-2
-3
-2
-2
-3
-4
-1
-2
-1
-1
-2
-1
-1
-2
-1
-1
0
-3
-3
-3
-2
-2
-2
-4
-4
-3
-4
-4
-4
-5
-7
-9
-9
-8
-7
-6
-8
-5
-5
-4
-1
0
1
1
3
1
1
1
3
4
2
4
5
6
8
9
9
10
10
12
12
10
11
9
10
11
11
12
10
11
11
13
12
12
11
10
8
7
6
5
5
5
4
3
2
2
1
0
1
1
1
1
1
0
0
-1
-2
-5
-4
-4
-4
-4
-6
-7
-6
-7
-8
-11
-11
-12
-12
-12
-14
-12
-12
-11
-11
-10
-10
-9
-7
-7
-5
-7
-8
-8
-8
-8
-8
-8
-7
-8
-11
-13
-12
-10
-9
-12
-15
-14
-15
-16
-19
-22
-21
-22
-25
-29
-34
-37
-38
-39
-37
-35
-36
-30
-27
-23
-16
-9
-3
5
15
22
32
41
48
55
62
70
78
79
83
85
86
95
97
97
100
100
111
120
124
130
133
147
164
171
182
193
207
232
246
254
262
268
286
297
289
286
274
269
264
239
214
180
147
117
74
29
-16
-60
-109
-157
-200
-243
-280
-322
-365
-393
-419
-441
-461
-487
-500
-509
-512
-511
-525
-530
-524
-521
-512
-512
-511
-488
-470
-443
-415
-394
-368
-341
-308
-267
-236
-198
-149
-99
-49
-4
31
67
107
150
190
227
267
310
343
357
375
393
403
405
397
407
428
427
411
389
380
371
345
318
310
301
285
258
220
174
125
82
42
4
-16
-26
-63
-132
-203
-265
-353
-456
-526
-525
-512
-534
-519
-452
-399
-399
-383
-297
-195
-135
-66
65
215
326
427
564
696
783
855
934
992
1003
1009
1036
1043
1014
987
992
974
892
789
708
612
458
296
187
104
-1
-120
-216
-302
-417
-546
-655
-740
-811
-862
-878
-876
-875
-865
-846
-838
-849
-852
-836
-818
-799
-761
-708
-676
-668
-652
-629
-618
-610
-572
-508
-454
-414
-365
-313
-278
-258
-223
-172
-134
-106
-56
10
54
74
111
172
216
236
271
349
433
494
550
616
672
691
689
696
718
746
778
806
804
783
759
730
690
666
686
722
724
692
656
605
516
409
333
285
229
156
82
-8
-135
-277
-392
-494
-611
-743
-861
-980
-1138
-1319
-1457
-1517
-1541
-1573
-1594
-1574
-1531
-1510
-1500
-1432
-1270
-1072
-897
-722
-495
-237
0
209
439
704
952
1154
1340
1541
1747
1928
2073
2187
2262
2293
2289
2260
2203
2129
2037
1909
1726
1494
1256
1027
790
534
273
16
-254
-549
-847
-1119
-1350
-1532
-1677
-1815
-1945
-2037
-2086
-2121
-2150
-2124
-2026
-1913
-1836
-1749
-1600
-1404
-1221
-1043
-834
-602
-393
-221
-49
147
357
558
736
883
1006
1101
1159
1165
1143
1136
1135
1100
1022
930
845
733
581
422
287
167
42
-82
-182
-245
-278
-308
-343
-377
-399
-422
-445
-450
-416
-347
-269
-193
-121
-56
-7
24
59
116
205
324
438
519
563
586
586
563
542
550
575
591
584
576
575
561
516
438
342
239
143
72
39
32
27
-4
-82
-196
-310
-405
-495
-584
-661
-715
-778
-873
-985
-1088
-1203
-1346
-1478
-1543
-1543
-1517
-1478
-1419
-1355
-1302
-1239
-1139
-988
-810
-615
-402
-174
62
306
563
817
1058
1287
1504
1703
1883
2054
2208
2322
2379
2391
2377
2335
2257
2141
2011
1867
1683
1446
1183
938
698
435
156
-94
-303
-509
-719
-900
-1033
-1152
-1273
-1371
-1425
-1448
-1455
-1446
-1422
-1387
-1337
-1253
-1134
-1003
-861
-706
-550
-424
-319
-190
-36
101
209
314
414
463
456
429
417
392
326
235
146
40
-112
-281
-420
-513
-586
-662
-734
-823
-937
-1049
-1106
-1080
-1005
-907
-805
-735
-710
-707
-678
-640
-615
-597
-567
-548
-568
-601
-602
-576
-572
-593
-589
-529
-426
-306
-178
-47
93
256
432
604
753
885
987
1011
958
890
863
858
829
781
726
667
606
564
576
647
762
910
1086
1280
1471
1643
1778
1859
1893
1900
1900
1895
1882
1866
1838
1763
1633
1486
1380
1327
1294
1268
1257
1261
1259
1222
1152
1068
972
855
705
519
322
134
-58
-281
-540
-809
-1074
-1347
-1618
-1857
-2042
-2190
-2337
-2493
-2641
-2767
-2870
-2949
-3002
-3028
-3034
-3035
-3037
-3032
-2998
-2920
-2823
-2740
-2674
-2604
-2535
-2484
-2453
-2410
-2349
-2282
-2225
-2158
-2053
-1893
-1688
-1451
-1173
-849
-491
-126
245
639
1060
1483
1885
2260
2613
2943
3226
3447
3614
3743
3839
3884
3886
3872
3850
3806
3732
3629
3498
3349
3171
2942
2677
2447
2281
2139
1985
1827
1647
1402
1102
795
531
350
243
136
-14
-160
-277
-425
-626
-795
-879
-933
-997
-1029
-1010
-986
-1015
-1101
-1221
-1337
-1418
-1469
-1497
-1492
-1437
-1380
-1375
-1427
-1476
-1483
-1455
-1399
-1304
-1179
-1063
-996
-969
-943
-894
-820
-749
-694
-636
-571
-522
-499
-471
-425
-403
-450
-545
-626
-679
-739
-816
-868
-889
-936
-1063
-1221
-1290
-1249
-1199
-1210
-1216
-1143
-1051
-1016
-987
-838
-580
-350
-197
-24
242
545
816
1067
1346
1623
1836
1995
2145
2318
2506
2682
2819
2901
2935
2942
2920
2859
2770
2678
2583
2438
2218
1955
1703
1455
1155
817
524
296
59
-226
-479
-650
-822
-1054
-1283
-1435
-1545
-1672
-1788
-1826
-1807
-1787
-1764
-1709
-1622
-1518
-1399
-1265
-1119
-968
-801
-642
-514
-407
-278
-135
-45
-25
-4
64
121
120
110
146
167
97
-29
-127
-183
-238
-307
-364
-405
-444
-471
-476
-469
-452
-402
-323
-262
-222
-161
-59
34
83
127
213
317
392
448
520
590
637
687
769
847
892
918
937
923
887
881
907
890
822
783
778
740
661
605
570
487
354
252
207
159
79
-7
-87
-180
-281
-361
-406
-441
-498
-581
-682
-787
-877
-955
-1042
-1139
-1229
-1320
-1459
-1637
-1757
-1748
-1678
-1663
-1705
-1699
-1623
-1575
-1583
-1520
-1280
-963
-737
-592
-384
-73
223
448
677
977
1289
1535
1729
1941
2182
2398
2560
2663
2714
2728
2732
2723
2675
2590
2487
2360
2163
1872
1552
1261
972
636
276
-59
-372
-709
-1063
-1385
-1664
-1910
-2112
-2265
-2389
-2498
-2563
-2572
-2559
-2540
-2469
-2315
-2129
-1959
-1770
-1499
-1181
-890
-640
-380
-97
170
413
656
897
1094
1224
1299
1332
1343
1366
1406
1417
1366
1279
1174
1029
842
673
547
412
239
51
-121
-271
-405
-531
-639
-702
-721
-750
-811
-859
-855
-815
-771
-702
-591
-459
-359
-287
-201
-113
-36
83
257
378
425
500
579
535
436
449
538
573
600
700
790
781
698
605
526
489
522
602
668
683
651
582
467
331
271
313
355
318
243
177
65
-142
-394
-620
-827
-1064
-1339
-1613
-1823
-1931
-1981
-2079
-2264
-2450
-2540
-2566
-2587
-2523
-2253
-1845
-1525
-1364
-1202
-905
-546
-216
144
612
1127
1556
1867
2138
2438
2752
3031
3232
3379
3508
3625
3696
3698
3644
3545
3384
3136
2812
2469
2173
1924
1654
1303
890
458
7
-468
-930
-1322
-1648
-1965
-2324
-2730
-3126
-3419
-3602
-3740
-3845
-3845
-3738
-3665
-3674
-3612
-3367
-3042
-2760
-2466
-2068
-1636
-1279
-964
-595
-183
207
557
890
1219
1540
1846
2104
2283
2394
2474
2526
2539
2526
2522
2511
2421
2208
1931
1663
1407
1131
859
631
431
194
-75
-316
-506
-668
-807
-897
-942
-974
-978
-933
-860
-801
-746
-654
-550
-466
-369
-210
-22
109
184
262
356
423
453
486
536
577
595
612
622
603
562
520
472
389
291
227
207
219
244
252
203
92
-33
-115
-141
-123
-105
-160
-347
-640
-929
-1154
-1342
-1534
-1736
-1948
-2187
-2414
-2553
-2596
-2631
-2694
-2730
-2720
-2702
-2647
-2437
-2053
-1643
-1330
-1053
-716
-343
27
456
1007
1612
2123
2511
2852
3194
3532
3866
4195
4477
4660
4738
4737
4681
4582
4448
4267
3986
3591
3130
2671
2235
1796
1329
836
323
-212
-760
-1281
-1706
-2028
-2311
-2625
-2967
-3300
-3592
-3806
-3910
-3954
-3989
-3995
-3977
-4036
-4145
-4007
-3465
-2871
-2638
-2608
-2368
-1968
-1719
-1499
-931
-141
366
507
657
1002
1349
1588
1838
2126
2334
2437
2489
2514
2506
2509
2512
2385
2104
1860
1798
1776
1569
1222
930
695
369
-13
-230
-234
-260
-473
-743
-891
-944
-1009
-1056
-994
-863
-787
-780
-743
-628
-473
-317
-170
-55
32
142
295
426
498
572
684
753
707
649
710
831
841
739
694
757
758
615
484
498
542
462
334
305
352
356
322
324
293
72
-358
-850
-1321
-1831
-2386
-2792
-2869
-2761
-2845
-3240
-3684
-3942
-4116
-4329
-4347
-3888
-3174
-2712
-2600
-2448
-2014
-1486
-1031
-462
410
1381
2116
2606
3097
3672
4194
4601
4999
5436
5820
6089
6262
6329
6223
5969
5671
5338
4903
4402
3977
3623
3129
2368
1503
738
71
-609
-1265
-1762
-2137
-2576
-3172
-3798
-4265
-4539
-4728
-4904
-5001
-4963
-4907
-4971
-5073
-5023
-4853
-4698
-4441
-3848
-3057
-2499
-2279
-2081
-1727
-1348
-972
-404
359
1023
1422
1679
1899
2058
2196
2428
2713
2904
2995
3064
3062
2894
2652
2492
2370
2138
1839
1643
1523
1287
895
512
230
-26
-292
-472
-529
-570
-698
-878
-1024
-1099
-1097
-1010
-855
-683
-534
-409
-308
-223
-125
31
241
442
591
715
833
908
898
854
850
871
851
790
751
738
695
600
493
412
371
354
330
266
216
254
335
327
237
210
279
319
247
98
-148
-546
-1031
-1529
-2133
-2878
-3406
-3355
-3038
-3131
-3706
-4192
-4374
-4642
-5074
-5052
-4217
-3208
-2808
-2881
-2741
-2213
-1655
-1151
-372
780
1902
2625
3048
3493
4085
4714
5255
5707
6127
6537
6871
7037
7003
6825
6568
6224
5759
5211
4718
4354
3983
3353
2386
1325
446
-251
-921
-1551
-1998
-2332
-2866
-3690
-4483
-4916
-5043
-5138
-5277
-5316
-5231
-5227
-5407
-5534
-5333
-4920
-4636
-4429
-3895
-3008
-2313
-2105
-1971
-1513
-937
-529
-51
757
1592
2018
2105
2178
2320
2473
2711
3041
3263
3260
3136
2948
2631
2274
2093
2060
1895
1522
1186
999
754
322
-92
-288
-383
-569
-768
-795
-730
-798
-1005
-1146
-1121
-1016
-870
-648
-394
-213
-121
-65
-23
49
253
565
810
900
946
1022
1036
963
962
1107
1233
1195
1074
988
925
822
717
696
746
761
641
416
257
255
290
228
168
243
325
225
-1
-234
-589
-1193
-1919
-2594
-3195
-3582
-3516
-3195
-3262
-3920
-4629
-4982
-5201
-5412
-5171
-4279
-3364
-3055
-3146
-3049
-2613
-2016
-1251
-214
966
2002
2734
3228
3684
4294
5047
5727
6203
6598
7024
7363
7472
7393
7219
6913
6455
5940
5466
5029
4582
4064
3335
2311
1161
200
-487
-1076
-1670
-2174
-2611
-3233
-4112
-4915
-5307
-5368
-5383
-5432
-5434
-5394
-5399
-5442
-5407
-5191
-4821
-4470
-4222
-3855
-3130
-2245
-1652
-1436
-1224
-805
-360
36
620
1432
2084
2279
2215
2209
2315
2453
2619
2812
2922
2862
2656
2357
2037
1805
1695
1565
1300
976
741
571
319
-22
-292
-414
-502
-660
-776
-708
-582
-616
-787
-866
-775
-626
-470
-246
25
231
319
343
396
539
772
993
1120
1195
1289
1342
1268
1151
1124
1166
1166
1114
1091
1087
1006
848
703
631
556
432
310
254
230
190
171
178
138
31
-85
-243
-550
-994
-1493
-2195
-3227
-4159
-4322
-3794
-3463
-3836
-4441
-4777
-5143
-5829
-6210
-5527
-4173
-3272
-3170
-3183
-2797
-2248
-1781
-1084
146
1591
2643
3183
3594
4208
4969
5628
6111
6512
6906
7259
7536
7728
7792
7651
7287
6723
6006
5286
4786
4545
4225
3464
2335
1203
235
-698
-1578
-2158
-2399
-2690
-3409
-4393
-5159
-5519
-5702
-5879
-5916
-5732
-5541
-5548
-5608
-5428
-5023
-4645
-4402
-4142
-3692
-3035
-2272
-1552
-1002
-624
-330
-72
187
586
1227
1936
2386
2485
2442
2420
2403
2371
2415
2544
2621
2506
2226
1920
1674
1466
1229
953
685
472
305
133
-60
-238
-374
-513
-673
-777
-737
-588
-458
-408
-386
-337
-263
-178
-38
202
500
732
823
843
896
981
1046
1103
1197
1295
1307
1218
1097
1017
1017
1058
1036
893
738
675
623
471
303
245
222
87
-94
-139
-50
21
15
-9
-24
-81
-252
-576
-1029
-1582
-2282
-3115
-3766
-3855
-3504
-3314
-3587
-4008
-4315
-4720
-5300
-5512
-4913
-3926
-3293
-3081
-2822
-2379
-1995
-1645
-984
70
1179
2058
2759
3439
4136
4791
5350
5791
6137
6444
6755
7070
7343
7480
7400
7062
6502
5772
4995
4371
3995
3672
3100
2244
1314
400
-579
-1547
-2223
-2546
-2838
-3367
-3997
-4474
-4809
-5137
-5408
-5483
-5389
-5284
-5207
-5057
-4759
-4358
-3970
-3652
-3426
-3251
-2989
-2499
-1837
-1220
-727
-244
217
472
544
760
1256
1743
1970
2062
2208
2324
2280
2167
2115
2065
1919
1708
1503
1332
1196
1076
881
562
228
27
-77
-178
-255
-226
-159
-210
-370
-463
-399
-281
-196
-104
52
211
310
376
471
599
733
861
964
1027
1077
1154
1198
1157
1073
1043
1031
945
807
737
745
719
591
405
241
138
110
155
222
235
147
-21
-175
-246
-232
-160
-31
111
166
48
-208
-516
-891
-1463
-2319
-3256
-3812
-3706
-3246
-3024
-3233
-3556
-3871
-4433
-5198
-5493
-4862
-3780
-3052
-2772
-2465
-1985
-1612
-1387
-915
24
1137
2042
2718
3379
4131
4871
5442
5762
5908
6047
6267
6536
6783
6985
7086
6934
6381
5471
4471
3717
3315
3039
2598
1965
1275
500
-496
-1579
-2339
-2648
-2862
-3316
-3863
-4200
-4340
-4519
-4770
-4916
-4906
-4882
-4915
-4863
-4554
-3996
-3403
-3030
-2933
-2939
-2819
-2497
-2017
-1400
-697
-65
302
395
410
564
887
1238
1502
1698
1880
1994
1967
1853
1763
1705
1584
1391
1224
1169
1193
1186
1064
830
571
337
121
-55
-93
32
180
181
53
-57
-88
-114
-169
-157
-22
167
300
377
466
581
667
683
654
636
667
732
795
837
868
878
808
637
444
350
356
343
267
216
241
233
117
-12
-27
34
38
-36
-83
-35
82
199
283
336
341
258
47
-273
-648
-1093
-1671
-2304
-2730
-2794
-2692
-2729
-2932
-3127
-3322
-3692
-4156
-4331
-4047
-3560
-3152
-2774
-2302
-1818
-1442
-1083
-580
61
732
1388
2044
2697
3340
3972
4532
4935
5160
5275
5360
5432
5498
5562
5601
5543
5290
4783
4095
3410
2857
2382
1872
1340
864
396
-199
-886
-1473
-1893
-2295
-2767
-3189
-3449
-3597
-3711
-3772
-3745
-3712
-3752
-3831
-3848
-3744
-3513
-3159
-2756
-2462
-2362
-2330
-2148
-1790
-1419
-1104
-752
-354
-82
-3
87
373
726
939
1031
1158
1315
1399
1423
1481
1559
1572
1513
1416
1298
1201
1175
1162
1052
869
746
683
568
413
364
436
461
356
231
186
178
163
172
229
294
324
326
306
274
282
371
467
455
362
319
353
367
343
367
432
426
320
233
235
244
206
181
202
220
203
187
178
140
84
37
4
-18
11
97
171
186
170
116
-43
-313
-615
-964
-1477
-2102
-2553
-2671
-2633
-2683
-2778
-2803
-2866
-3150
-3555
-3783
-3701
-3448
-3163
-2821
-2361
-1839
-1353
-932
-513
-27
512
1032
1514
2042
2681
3365
3964
4425
4756
4946
4983
4938
4910
4923
4948
4957
4879
4607
4128
3582
3070
2552
1982
1452
1030
626
134
-393
-826
-1178
-1565
-2028
-2483
-2846
-3105
-3263
-3311
-3260
-3162
-3102
-3126
-3197
-3228
-3153
-2974
-2727
-2478
-2286
-2166
-2053
-1864
-1596
-1303
-1012
-726
-501
-387
-311
-138
157
461
689
842
944
1003
1033
1081
1164
1254
1307
1284
1189
1067
992
976
962
900
782
641
493
366
304
319
359
363
317
251
196
166
164
186
226
276
317
335
335
347
384
421
426
411
420
474
549
595
607
620
637
625
581
565
607
661
668
648
650
663
634
565
505
470
441
389
330
288
270
247
191
97
-35
-243
-557
-958
-1437
-2011
-2629
-3103
-3289
-3280
-3299
-3406
-3496
-3576
-3788
-4128
-4339
-4225
-3892
-3557
-3226
-2772
-2184
-1611
-1112
-612
-47
530
1034
1490
2001
2640
3352
4013
4517
4854
5053
5128
5106
5064
5072
5110
5098
4973
4705
4295
3806
3333
2898
2423
1896
1400
971
526
32
-392
-674
-941
-1334
-1800
-2183
-2439
-2619
-2736
-2751
-2693
-2664
-2722
-2819
-2865
-2804
-2643
-2448
-2313
-2267
-2236
-2127
-1937
-1718
-1446
-1095
-785
-672
-695
-625
-410
-178
1
194
389
492
504
528
601
676
737
776
749
665
638
703
748
696
615
564
473
313
198
218
294
318
284
222
143
56
-3
-32
-50
-52
-36
-25
-37
-17
77
191
239
226
225
261
295
306
342
435
527
524
442
387
398
417
404
394
421
463
503
546
585
609
631
646
632
617
675
799
893
915
902
841
639
271
-194
-738
-1357
-1910
-2173
-2149
-2092
-2147
-2225
-2295
-2518
-2963
-3373
-3477
-3336
-3165
-2972
-2622
-2108
-1592
-1158
-758
-339
85
469
823
1217
1749
2427
3108
3633
3977
4181
4233
4127
3992
3946
3959
3944
3865
3699
3396
2972
2549
2163
1719
1176
633
175
-252
-678
-1012
-1198
-1350
-1628
-2022
-2385
-2640
-2820
-2933
-2942
-2826
-2663
-2560
-2544
-2540
-2458
-2293
-2128
-2032
-1998
-1959
-1858
-1664
-1379
-1023
-659
-385
-266
-262
-244
-108
145
447
725
932
1057
1115
1132
1143
1175
1219
1235
1183
1108
1079
1104
1123
1084
989
854
702
560
470
452
499
566
589
539
449
358
263
166
107
107
126
129
115
96
90
114
156
149
60
-45
-90
-77
-48
10
81
87
-4
-91
-84
-41
-37
-23
68
183
228
233
264
290
253
200
221
304
379
430
494
565
569
421
101
-336
-864
-1470
-2018
-2296
-2267
-2160
-2189
-2302
-2405
-2595
-2977
-3373
-3506
-3349
-3106
-2877
-2565
-2096
-1563
-1093
-676
-233
238
658
998
1366
1902
2597
3303
3872
4266
4496
4538
4424
4285
4231
4227
4200
4121
3969
3675
3242
2790
2383
1931
1366
801
360
-15
-411
-757
-954
-1100
-1372
-1781
-2179
-2473
-2677
-2803
-2806
-2678
-2511
-2406
-2391
-2398
-2367
-2279
-2157
-2032
-1944
-1906
-1852
-1692
-1430
-1164
-936
-721
-547
-497
-523
-435
-173
122
334
514
702
810
797
771
825
912
950
947
936
910
885
893
896
835
739
669
599
502
456
523
628
633
546
470
429
368
278
216
186
147
95
60
46
40
60
102
110
50
-13
-11
31
59
110
237
379
423
371
334
349
348
320
322
380
449
494
519
528
512
464
383
276
219
282
419
482
363
62
-409
-1074
-1843
-2425
-2583
-2424
-2281
-2280
-2306
-2348
-2601
-3058
-3407
-3422
-3247
-3101
-2919
-2531
-1955
-1355
-821
-341
82
436
731
1028
1435
2049
2842
3609
4163
4476
4603
4581
4462
4351
4312
4318
4299
4202
3971
3600
3161
2716
2219
1611
964
410
-39
-466
-854
-1116
-1278
-1493
-1859
-2308
-2707
-2982
-3123
-3138
-3030
-2826
-2609
-2492
-2478
-2451
-2320
-2136
-1974
-1826
-1699
-1633
-1563
-1359
-1023
-701
-442
-197
-22
-25
-97
2
279
527
665
786
890
879
795
781
836
855
835
835
821
768
743
787
790
676
532
440
345
224
186
277
370
364
312
278
229
150
117
172
242
243
202
183
193
202
220
253
266
231
196
228
287
319
334
382
419
376
306
303
369
435
502
586
642
622
588
606
628
612
621
701
796
840
842
757
436
-208
-1098
-2043
-2774
-3058
-2932
-2692
-2593
-2636
-2803
-3230
-3879
-4356
-4344
-3993
-3645
-3314
-2814
-2168
-1577
-1083
-568
0
519
928
1290
1760
2484
3438
4354
4961
5225
5261
5103
4787
4530
4539
4728
4826
4703
4366
3823
3147
2490
1906
1301
643
54
-421
-888
-1345
-1632
-1745
-1933
-2368
-2918
-3345
-3570
-3614
-3474
-3168
-2813
-2563
-2487
-2526
-2527
-2348
-1990
-1604
-1342
-1207
-1077
-881
-643
-403
-128
177
387
370
230
233
467
756
935
1024
1060
977
759
559
522
602
673
656
555
441
395
398
357
256
206
224
185
54
5
154
336
364
283
229
211
187
207
331
500
591
565
470
370
327
357
393
383
355
350
341
290
249
303
387
366
259
211
264
318
322
333
389
453
496
518
521
527
593
703
761
768
796
752
357
-571
-1873
-3103
-3793
-3767
-3328
-2982
-2920
-2999
-3288
-4037
-4988
-5356
-4823
-3984
-3447
-3032
-2319
-1461
-864
-483
31
755
1445
1943
2408
3143
4266
5488
6312
6518
6355
6107
5772
5383
5249
5526
5863
5779
5164
4241
3223
2246
1427
762
131
-476
-979
-1458
-2056
-2675
-3079
-3331
-3762
-4433
-4945
-4971
-4627
-4198
-3772
-3337
-2996
-2928
-3114
-3219
-2874
-2101
-1320
-836
-503
-82
297
423
500
822
1225
1333
1172
1114
1303
1542
1672
1662
1486
1156
794
494
278
240
412
549
348
-62
-297
-316
-382
-518
-479
-291
-242
-370
-409
-247
-45
55
69
38
14
90
270
446
583
739
845
760
571
553
766
953
944
867
863
840
714
618
698
847
882
795
709
677
672
665
638
630
676
711
652
572
622
756
816
816
856
737
12
-1523
-3504
-5106
-5561
-4864
-3926
-3623
-3899
-4316
-5055
-6391
-7513
-7168
-5505
-3980
-3351
-2917
-2023
-1053
-525
-136
683
1891
2985
3752
4504
5687
7224
8387
8534
7893
7269
7024
6928
6925
7291
7842
7782
6627
4798
3045
1753
926
407
-71
-710
-1474
-2274
-3196
-4247
-5074
-5425
-5631
-6109
-6604
-6474
-5657
-4787
-4353
-4213
-4047
-3854
-3759
-3509
-2619
-1128
173
656
627
746
1071
1281
1502
2060
2716
2906
2604
2252
2052
1908
1772
1593
1227
754
474
373
149
-196
-403
-584
-1071
-1643
-1720
-1311
-984
-973
-1022
-1032
-1162
-1309
-1157
-685
-168
211
423
443
381
473
746
964
1051
1192
1409
1474
1372
1390
1557
1544
1244
994
997
1057
1024
1009
1047
967
757
638
710
856
986
1095
1101
998
946
1010
1043
1019
1155
1473
1623
1396
932
125
-1557
-4137
-6391
-6862
-5638
-4350
-4260
-5023
-5812
-6793
-8390
-9654
-8966
-6446
-4160
-3433
-3348
-2569
-1349
-649
-291
742
2620
4402
5462
6327
7750
9437
10257
9696
8568
8007
8205
8579
8862
9176
9220
8232
6035
3494
1636
755
466
198
-480
-1639
-2970
-4198
-5379
-6491
-7118
-7044
-6801
-6969
-7180
-6634
-5466
-4703
-4797
-5018
-4583
-3664
-2754
-1706
-135
1520
2216
1690
942
981
1691
2392
2950
3601
4054
3691
2581
1543
1118
1036
849
542
339
241
-22
-630
-1446
-2157
-2593
-2796
-2764
-2344
-1571
-925
-907
-1406
-1814
-1742
-1289
-624
274
1272
1903
1860
1429
1175
1306
1622
1925
2210
2472
2580
2405
1968
1452
1063
851
704
614
715
967
998
560
-35
-329
-330
-282
-98
440
1104
1413
1298
1092
946
835
950
1472
2115
2486
2603
2578
2155
1075
-651
-3196
-6336
-8301
-7245
-4438
-3437
-5211
-7162
-7923
-9305
-11718
-11946
-8337
-4199
-3091
-3957
-3764
-2279
-1253
-953
-20
2238
4976
6934
7796
8595
10219
11613
11005
8929
8045
9329
10804
10896
10390
10046
8749
5680
2320
630
626
929
583
-577
-2372
-4311
-5862
-6994
-7865
-8182
-7652
-6896
-6738
-6895
-6438
-5349
-4698
-5039
-5406
-4438
-2216
-160
933
1746
2790
3043
1719
451
1326
3535
4604
4186
3923
3989
2916
829
-317
48
429
-3
-555
-822
-1196
-1856
-2676
-3645
-4383
-4175
-3252
-2622
-2295
-1535
-852
-1423
-2555
-2323
-660
740
1357
2105
2973
2936
2122
1795
2317
2954
3321
3554
3578
3265
2817
2327
1595
824
610
825
775
457
360
279
-389
-1398
-1816
-1437
-904
-465
69
498
515
325
339
706
1314
1953
2390
2490
2495
2747
3086
3137
2923
2508
1450
-1121
-5221
-8536
-8158
-4759
-2771
-4773
-8058
-9240
-9610
-11651
-13047
-10135
-5077
-3336
-5366
-6371
-3990
-1119
-372
-309
1402
4459
6913
7931
8695
10522
12391
11926
9272
7840
9735
12525
12821
11025
9542
8255
5488
2039
533
1325
1976
680
-1909
-4274
-5789
-6690
-7440
-8224
-8637
-8243
-7467
-7093
-6990
-6352
-5223
-4697
-5182
-5277
-3361
17
2498
2907
2549
2816
2982
2111
1696
3604
6353
6765
4782
3189
2961
2392
831
-191
-6
85
-810
-1957
-2533
-2773
-3362
-4545
-5689
-5657
-4263
-2923
-2733
-2889
-2432
-2100
-2583
-2599
-870
1427
2366
2129
2155
2645
2813
2676
2907
3537
3993
3954
3571
3194
2959
2568
1732
820
536
812
843
346
-210
-637
-1272
-2008
-2140
-1454
-650
-411
-594
-709
-602
-339
175
1024
1956
2510
2563
2398
2280
2313
2634
3278
3871
3875
3141
1950
223
-2758
-6630
-8820
-7347
-4312
-3866
-6575
-8996
-9520
-10439
-12530
-12479
-8603
-4551
-3992
-5251
-4551
-1916
-252
-216
457
3184
6684
8967
9815
10643
11964
12264
10549
8717
9418
12077
13415
12020
9737
8032
6004
3014
625
276
873
285
-1866
-4244
-5883
-7000
-8089
-9115
-9543
-9006
-7860
-6908
-6514
-6342
-5960
-5487
-5226
-4689
-2811
355
3024
3656
2960
2777
3392
3652
3573
4488
6256
6873
5437
3469
2460
1761
333
-943
-790
-97
-759
-2728
-4240
-4627
-5001
-5847
-6095
-5265
-4393
-4174
-4097
-3670
-3096
-2613
-2047
-1144
180
1750
2931
3149
2906
3155
3716
3928
4150
4920
5477
4899
3758
3130
2905
2397
1803
1581
1362
709
-120
-792
-1335
-1778
-1999
-2020
-1930
-1670
-1321
-1265
-1543
-1519
-921
-156
621
1544
2414
2815
2786
2758
2895
3120
3502
4037
4376
4334
3999
3206
1728
-948
-5269
-9433
-9787
-5911
-2930
-5043
-9432
-11188
-11297
-13296
-14838
-11398
-5488
-3520
-5774
-6639
-3879
-985
-397
-142
2178
5955
9149
10688
11236
12118
12863
11749
9401
9154
12287
15266
14400
10825
7978
6228
3756
1047
269
1302
1407
-1055
-4493
-6618
-7380
-8241
-9579
-10281
-9558
-8029
-6887
-6477
-6415
-6396
-6269
-5851
-4761
-2477
950
3977
4657
3264
2293
3100
4186
4235
4558
6264
7369
5795
3208
2315
2438
1236
-841
-1432
-582
-581
-2099
-3629
-4414
-5248
-6571
-7473
-6847
-4932
-3349
-3305
-4141
-4348
-3650
-2878
-1931
60
2446
3384
2746
2319
2991
3805
4051
4297
4923
5297
4932
4193
3562
3041
2388
1615
1101
1119
1272
832
-297
-1414
-2012
-2281
-2332
-1880
-1110
-813
-1284
-1787
-1632
-1023
-366
441
1449
2142
2247
2322
2819
3315
3384
3416
3767
4061
3980
3853
3869
3427
2114
390
-1974
-5914
-9796
-9706
-5600
-3304
-6549
-11267
-12329
-11551
-12841
-13748
-10043
-4661
-3623
-6280
-6708
-3193
170
833
1049
3449
7298
10174
11110
11260
11986
12611
11601
9831
10188
13174
15123
13014
8745
6003
4998
3402
1094
203
835
241
-2979
-6525
-7867
-7737
-8322
-9708
-10049
-8778
-7338
-6833
-6903
-6799
-6362
-5641
-4475
-2661
-86
2787
4544
4114
2626
2522
4174
5555
5733
6073
7091
6748
4055
1555
1489
2162
949
-1222
-1869
-1472
-2334
-4441
-5719
-5798
-6109
-6804
-6620
-5291
-4119
-4112
-4760
-4846
-3752
-2018
-541
568
1713
2686
2828
2551
3081
4373
5152
5019
4857
5058
4944
4224
3478
3032
2556
1927
1467
1217
845
75
-1020
-1966
-2315
-2123
-1873
-1790
-1700
-1680
-1965
-2208
-1754
-775
1
520
1193
1909
2229
2317
2700
3289
3609
3675
3845
4063
4035
3827
3595
3239
2530
1428
-338
-3652
-7940
-9940
-7596
-4247
-4916
-9036
-11640
-11358
-11593
-12959
-11515
-6705
-3630
-4992
-6802
-4871
-1008
869
906
2126
5398
8642
10186
10534
11097
11958
11741
10257
9640
11505
13947
13506
9990
6597
5178
4217
2364
878
877
820
-1393
-4981
-7250
-7531
-7614
-8606
-9428
-8874
-7550
-6791
-6858
-6992
-6645
-5852
-4738
-3230
-1084
1551
3539
3651
2387
1898
3311
5131
5617
5402
5871
6259
4941
2716
1831
2237
1768
-26
-1158
-861
-903
-2528
-4627
-5768
-6051
-6148
-6025
-5326
-4310
-3882
-4540
-5424
-4998
-3013
-1005
-46
573
1507
2066
1884
2041
3216
4422
4689
4472
4550
4681
4332
3654
3012
2517
2195
2009
1764
1297
599
-341
-1318
-1855
-1703
-1263
-1139
-1338
-1583
-1874
-2084
-1783
-881
74
641
924
1224
1651
2064
2397
2720
3112
3499
3621
3520
3517
3588
3384
2926
2591
2176
1105
-811
-3606
-6819
-8633
-7404
-4851
-4882
-7990
-10503
-10571
-10524
-11410
-10413
-6613
-3805
-4529
-5887
-4384
-1245
475
913
2317
5112
7642
8868
9326
9899
10628
10678
9829
9390
10541
12169
11806
9083
6256
4908
4073
2552
1162
884
646
-1267
-4388
-6507
-6837
-6768
-7403
-7996
-7600
-6796
-6630
-6996
-6963
-6200
-5156
-4054
-2698
-972
853
2083
2183
1605
1702
3110
4714
5379
5551
6012
6046
4567
2507
1686
2061
1957
808
-157
-396
-1007
-2781
-4754
-5497
-5159
-4917
-5064
-4823
-4078
-3965
-4819
-5310
-4344
-2610
-1355
-532
380
1093
1163
1027
1518
2629
3739
4380
4478
4290
4018
3686
3240
2877
2866
2943
2666
2030
1341
638
-189
-846
-1024
-895
-833
-927
-1107
-1446
-1830
-1877
-1460
-814
-155
408
753
850
981
1349
1767
2116
2552
3103
3365
3113
2795
2736
2739
2628
2567
2604
2212
508
-3130
-7423
-8990
-6250
-2695
-3127
-6896
-9313
-9392
-10258
-11831
-10051
-4993
-2354
-4506
-6766
-5017
-1646
-484
-627
975
4306
6767
7328
7469
8477
9595
9230
7807
7797
10212
12609
11933
8727
6091
5139
4301
2834
2237
3038
2979
174
-3816
-5909
-5697
-5354
-6005
-6584
-6224
-5852
-6454
-7360
-7353
-6354
-5256
-4496
-3600
-2045
-144
922
480
-365
169
2162
3864
4445
4946
5696
5142
2764
1020
1959
3897
4033
2552
1465
868
-629
-2632
-3213
-2221
-1639
-2505
-3664
-3928
-3739
-4055
-4670
-4568
-3512
-2383
-1886
-1671
-1172
-683
-753
-845
75
1771
2887
2879
2481
2277
2147
2097
2460
3148
3493
3115
2310
1535
1012
767
711
691
612
420
62
-361
-674
-887
-1034
-917
-443
74
252
172
138
164
210
507
1239
2037
2360
2190
1909
1754
1732
1862
2175
2493
2537
2246
1793
581
-2610
-6684
-7687
-4127
-549
-1742
-5705
-7477
-7415
-9042
-10796
-8069
-2533
-783
-4006
-6499
-4926
-2359
-1706
-1307
1051
4142
5483
4984
4602
5609
7069
7232
6331
6623
9014
10955
9699
6525
4761
4800
4394
3220
3267
4549
4153
696
-3173
-4491
-3783
-3284
-3577
-3803
-3919
-4779
-6342
-7387
-7030
-5632
-4218
-3518
-3419
-3094
-2209
-1585
-1879
-2068
-676
1608
2711
2495
2740
3633
3223
1219
326
2159
4491
4619
3149
2075
1306
-211
-1568
-973
923
1518
-8
-1923
-2762
-2868
-2959
-2815
-2056
-1220
-1237
-2087
-2698
-2364
-1620
-1277
-1096
-363
640
936
491
229
544
936
1199
1713
2464
2765
2222
1322
767
768
1097
1518
1832
1788
1220
337
-346
-410
24
473
659
612
332
-160
-500
-368
63
418
662
901
975
736
472
583
884
1023
1068
1226
1361
1262
1043
988
400
-2139
-5572
-6190
-2790
349
-794
-4292
-5733
-5648
-7085
-8295
-5309
-297
640
-3111
-5949
-4738
-2379
-1464
-488
1962
4056
3843
2235
1725
3307
5467
6238
5651
5575
6873
7764
6466
4408
4102
4997
4719
3382
3245
4262
3686
644
-2121
-2431
-1456
-1153
-1519
-1808
-2360
-3830
-5595
-6252
-5326
-3626
-2391
-2429
-3448
-4181
-3905
-3243
-2845
-2068
-381
965
484
-770
-548
932
1481
834
1075
2716
3531
2329
1000
1223
1835
1303
543
1110
2237
1969
298
-954
-972
-706
-822
-729
-98
116
-885
-2300
-2679
-1902
-1049
-715
-554
-411
-693
-1422
-1747
-1038
134
817
876
810
787
605
386
613
1290
1799
1775
1519
1406
1317
1037
791
938
1282
1354
1109
875
711
380
-33
-103
213
431
305
71
-46
-170
-382
-412
-51
374
369
-20
-314
-268
-94
47
267
542
561
-74
-1645
-3578
-4209
-2628
-495
-304
-2021
-3435
-3877
-4610
-5283
-3869
-817
547
-1155
-3357
-3526
-2384
-1529
-549
1307
2930
2838
1451
629
1438
3090
4191
4435
4555
4961
4982
4031
3094
3454
4452
4457
3475
2959
3171
2735
1183
-69
-91
237
-33
-590
-896
-1283
-2236
-3338
-3778
-3379
-2606
-2091
-2258
-2968
-3606
-3740
-3480
-3000
-2129
-1014
-551
-1233
-2125
-2013
-1025
-160
361
1049
1650
1271
178
-153
814
1918
2180
2041
2035
1708
871
403
872
1546
1592
1210
881
489
-128
-576
-487
-114
21
-242
-654
-960
-1182
-1432
-1536
-1189
-571
-323
-628
-922
-832
-695
-735
-521
192
774
662
257
207
425
507
590
1026
1590
1667
1174
703
710
959
1022
975
1113
1254
935
294
13
284
544
416
202
181
98
-269
-598
-492
-113
52
-115
-338
-409
-338
-244
-504
-1540
-2876
-3107
-1814
-627
-996
-2055
-2415
-2668
-3724
-4169
-2358
91
239
-1675
-2903
-2534
-1921
-1434
-47
1961
2699
1488
-89
-294
971
2650
3811
4220
4114
3634
2749
1939
2254
3815
5054
4615
3226
2381
2084
1502
975
1372
2108
1769
366
-788
-1139
-1290
-1580
-1676
-1524
-1549
-1948
-2511
-3014
-3256
-3066
-2673
-2519
-2530
-2281
-1949
-2145
-2636
-2437
-1466
-745
-694
-575
-82
42
-440
-530
349
1315
1523
1385
1471
1435
982
776
1382
2184
2295
1805
1300
907
517
369
695
1152
1129
517
-257
-771
-907
-742
-389
-49
-51
-557
-1245
-1544
-1297
-873
-553
-262
-50
-241
-773
-1009
-585
75
431
528
616
587
305
86
332
896
1246
1164
941
840
771
637
611
837
1093
1044
711
425
321
233
95
59
184
234
26
-252
-350
-320
-329
-430
-818
-1672
-2476
-2335
-1427
-1019
-1557
-2088
-2136
-2462
-3137
-2894
-1453
-480
-1067
-2094
-2250
-1880
-1634
-1008
349
1429
1211
225
-273
155
1107
2146
2982
3325
3047
2351
1716
1744
2668
3858
4317
3798
2937
2249
1729
1507
1932
2698
2846
1986
779
-44
-412
-464
-186
180
82
-677
-1668
-2390
-2631
-2380
-1836
-1478
-1644
-2144
-2602
-2915
-3023
-2666
-1865
-1258
-1323
-1691
-1788
-1652
-1500
-1116
-357
258
240
-82
-145
23
160
426
944
1312
1171
802
659
728
781
838
996
1106
948
561
235
201
374
459
345
238
229
87
-263
-448
-226
57
30
-122
-96
-48
-230
-425
-271
104
302
271
232
260
243
196
279
512
702
703
598
532
527
507
508
614
735
681
460
278
230
210
177
221
282
169
-108
-310
-343
-331
-349
-345
-339
-451
-659
-786
-740
-611
-516
-495
-551
-710
-953
-1148
-1124
-870
-612
-588
-771
-955
-1054
-1094
-1001
-712
-410
-371
-586
-797
-837
-708
-425
-59
191
194
64
13
123
372
711
1028
1174
1113
970
912
1014
1247
1515
1692
1713
1586
1390
1233
1193
1264
1355
1341
1169
894
633
463
395
401
431
372
132
-244
-569
-677
-575
-421
-362
-431
-595
-827
-1051
-1109
-902
-565
-375
-460
-688
-868
-933
-882
-690
-401
-203
-263
-513
-713
-728
-604
-431
-268
-197
-287
-473
-569
-502
-353
-212
-109
-84
-181
-322
-347
-214
-44
49
72
66
21
-44
-38
82
233
303
285
254
244
255
290
349
419
467
493
510
518
493
448
437
508
622
695
676
594
521
479
446
422
434
465
427
297
161
92
56
1
-43
-48
-82
-191
-318
-374
-365
-352
-353
-359
-377
-410
-435
-429
-376
-302
-250
-240
-262
-275
-249
-178
-104
-66
-59
-70
-93
-119
-109
-59
-30
-55
-76
-48
-28
-71
-139
-167
-163
-167
-169
-137
-108
-153
-259
-329
-303
-220
-145
-110
-121
-175
-240
-261
-201
-91
1
41
26
-22
-59
-51
16
124
215
246
216
173
171
228
292
326
351
394
437
458
474
517
556
538
495
510
590
652
648
610
583
559
513
454
427
447
452
380
259
161
95
24
-54
-103
-127
-170
-254
-365
-480
-567
-613
-639
-674
-690
-668
-648
-697
-780
-808
-756
-673
-598
-523
-456
-420
-418
-402
-333
-206
-73
6
32
55
102
132
131
151
230
306
289
203
160
197
238
220
182
164
118
26
-53
-33
56
112
74
-26
-117
-150
-111
-28
51
92
90
42
-26
-58
-9
89
171
197
181
147
102
57
48
91
143
144
94
61
48
18
-44
-71
-43
-31
-68
-103
-92
-69
-87
-129
-142
-119
-90
-66
-31
37
101
100
44
13
56
127
174
225
294
321
254
164
155
216
262
275
295
309
261
168
127
166
207
195
166
154
134
95
77
84
64
19
4
23
14
-23
-38
-38
-83
-158
-178
-140
-116
-136
-172
-217
-269
-294
-285
-284
-307
-317
-316
-340
-384
-395
-381
-403
-456
-475
-437
-375
-324
-308
-344
-395
-385
-309
-235
-171
-73
22
15
-52
-20
128
227
213
215
315
403
387
352
399
459
430
367
389
474
499
428
352
339
353
332
280
258
281
285
226
151
144
174
141
50
15
73
118
68
-7
-20
-12
-56
-123
-127
-79
-54
-84
-127
-156
-189
-236
-266
-252
-215
-197
-220
-280
-353
-404
-410
-378
-351
-347
-361
-393
-429
-442
-409
-353
-308
-271
-233
-202
-166
-100
-18
31
56
104
185
240
260
302
374
401
342
274
275
331
372
371
345
299
220
120
60
78
157
209
172
87
29
17
13
11
52
128
169
136
86
88
132
146
125
135
185
198
139
76
81
108
79
20
4
20
2
-63
-106
-98
-89
-117
-168
-187
-160
-128
-126
-143
-143
-138
-165
-205
-193
-120
-57
-69
-122
-141
-117
-101
-108
-100
-60
-26
-44
-70
-42
10
-6
-80
-106
-51
-1
-17
-50
-48
-60
-120
-167
-147
-102
-97
-130
-143
-124
-111
-119
-125
-109
-66
-20
15
38
59
90
124
147
172
224
265
258
230
236
270
273
230
194
183
160
112
80
75
46
-21
-85
-110
-123
-147
-168
-171
-169
-185
-205
-213
-201
-173
-137
-103
-70
-34
-4
-1
-6
30
108
170
190
210
251
259
217
186
214
257
248
217
213
206
149
70
27
18
-11
-57
-83
-89
-114
-154
-180
-204
-243
-277
-253
-187
-147
-149
-152
-143
-155
-175
-130
-19
73
77
42
35
40
37
53
114
174
163
97
46
27
29
36
51
40
-4
-45
-56
-59
-78
-95
-81
-60
-61
-61
-39
-15
-29
-58
-44
19
83
98
74
66
85
100
99
109
146
161
117
67
76
115
104
43
9
23
35
7
-15
-1
8
-25
-60
-51
-12
5
-10
-16
-3
12
14
16
18
10
0
-4
-2
-9
-23
-33
-44
-76
-112
-133
-143
-151
-170
-183
-196
-220
-252
-271
-268
-252
-243
-239
-239
-236
-228
-200
-151
-116
-117
-129
-103
-31
42
87
112
126
114
89
111
209
322
359
317
268
255
250
248
287
362
385
318
230
188
185
180
172
179
178
132
64
21
21
25
12
-9
-28
-49
-70
-73
-57
-46
-58
-79
-85
-74
-56
-38
-16
1
-1
-22
-36
-23
5
30
44
47
31
-3
-33
-40
-28
-14
-4
-5
-29
-76
-112
-124
-124
-123
-117
-97
-90
-118
-160
-176
-157
-133
-118
-99
-71
-57
-71
-85
-74
-42
-13
2
14
31
37
27
22
32
43
44
36
31
27
27
29
34
25
3
-17
-20
-8
5
20
33
35
19
-5
-4
29
69
88
92
94
92
74
57
71
105
125
114
94
77
64
41
17
2
-1
-5
-27
-57
-88
-109
-127
-144
-155
-141
-119
-117
-133
-145
-133
-110
-94
-75
-40
-5
9
1
11
46
77
85
82
90
97
87
78
92
115
111
71
34
22
21
19
20
33
30
-9
-58
-75
-52
-24
-17
-12
-6
-18
-50
-69
-43
0
25
19
8
5
1
-13
-13
10
35
36
16
4
11
18
10
-1
3
12
10
4
9
24
24
8
-14
-21
-11
1
10
14
13
5
-14
-29
-27
-10
8
20
25
21
13
8
6
11
20
26
29
28
20
14
6
-1
-8
-11
-6
-5
-11
-19
-24
-29
-36
-41
-42
-37
-32
-35
-37
-38
-37
-36
-36
-33
-31
-25
-22
-18
-18
-20
-20
-17
-13
-11
-8
-1
6
3
-7
-12
-7
0
1
2
8
14
7
-10
-22
-10
7
9
-2
-9
-8
-13
-25
-27
-14
0
3
-1
1
8
14
19
28
42
57
64
66
73
79
83
84
85
88
91
89
81
73
64
52
42
39
36
25
9
-10
-22
-28
-29
-27
-29
-37
-48
-61
-67
-64
-49
-39
-42
-50
-58
-58
-53
-45
-33
-23
-29
-45
-59
-56
-36
-18
-14
-19
-29
-41
-50
-46
-30
-12
-10
-21
-34
-38
-36
-32
-28
-19
-12
-14
-13
-6
7
16
16
19
25
36
46
55
62
65
62
52
46
51
59
63
58
50
40
28
22
20
19
21
21
13
6
1
-2
-3
-4
-2
-1
1
-1
-4
-6
-5
-8
-14
-19
-15
-9
-6
-13
-20
-23
-27
-36
-40
-35
-29
-30
-36
-43
-44
-40
-41
-46
-41
-29
-27
-27
-26
-22
-20
-20
-22
-20
-9
-2
-3
-2
2
4
2
6
11
18
26
24
21
21
25
28
27
29
32
33
29
26
18
17
21
22
23
24
22
16
9
7
10
16
22
22
21
17
9
3
2
8
15
18
16
13
4
-3
-2
2
6
8
7
5
-3
-11
-13
-6
2
1
-5
-10
-14
-18
-15
-6
-1
-5
-16
-28
-32
-28
-19
-12
-11
-15
-21
-32
-34
-25
-12
-6
-7
-11
-12
-15
-15
-11
-2
3
1
0
1
3
4
5
6
7
10
13
15
16
14
12
