0
1
-2
-3
-1
-2
-3
-2
-3
-1
-2
-1
-1
1
0
2
2
0
-2
-2
0
-2
-3
-3
-3
-3
-4
-3
-1
-2
-2
-3
-4
-4
-6
-5
-5
-3
-2
-1
1
3
4
4
4
5
4
4
4
5
5
6
6
6
7
6
6
5
5
5
5
6
7
5
4
3
2
0
0
-1
0
-2
-1
0
0
0
-1
-2
-3
-1
-3
-2
-2
-3
-3
-2
-4
-2
-2
-3
-4
-4
-3
-4
-5
-7
-4
-5
-5
-5
-4
-2
-3
-3
-2
-2
-1
-1
-1
1
-1
-1
0
1
1
0
0
-3
-3
-4
-2
-1
-1
0
0
-1
0
1
2
2
2
2
3
2
2
4
4
4
5
6
7
8
7
7
5
6
5
3
2
4
3
4
4
4
5
3
2
2
1
2
1
0
2
1
0
0
0
-1
-2
-3
-4
-5
-7
-8
-9
-8
-9
-9
-8
-7
-7
-6
-6
-7
-7
-5
-4
-4
-2
-2
-2
-1
-3
-2
-2
0
1
2
1
1
2
2
2
3
2
3
3
3
3
3
4
5
7
6
5
6
5
4
2
2
3
2
2
0
-1
0
0
1
3
4
4
2
2
4
4
5
3
2
3
1
1
-1
1
-1
-1
-2
-1
-2
-3
-3
-3
-4
-5
-6
-7
-8
-8
-8
-6
-4
-5
-3
-3
-3
-2
-1
-3
-5
-3
-5
-3
-2
-3
-3
-4
-3
-2
-4
-4
-4
-3
-3
-3
-2
-2
-1
1
2
3
5
3
4
5
6
7
4
4
6
5
5
6
5
7
6
6
6
5
6
7
6
6
5
4
5
5
5
5
3
2
2
1
0
-1
-1
1
0
-1
-3
-2
-3
-4
-4
-3
-1
-1
-3
-5
-5
-5
-7
-8
-8
-8
-7
-7
-5
-5
-3
-3
-3
-3
-3
-1
-2
-3
-3
-2
-3
-2
0
-1
-2
0
1
-1
-3
-2
-2
0
0
0
1
1
2
3
2
4
2
4
5
5
3
1
1
1
-1
1
-1
-3
-3
-3
-3
-3
-4
-3
-3
-2
-3
-1
1
1
4
3
4
5
5
5
5
5
4
5
5
4
4
3
2
2
2
2
1
2
3
2
2
3
2
3
2
5
4
4
2
3
2
1
1
-1
-1
-2
-3
-4
-4
-3
-4
-7
-6
-6
-6
-5
-6
-7
-6
-6
-6
-4
-5
-2
-2
-1
-2
-1
-1
-1
-2
0
0
-2
-3
-2
-2
-1
-1
-1
-2
-3
-3
-4
-3
-2
-2
-1
1
1
1
3
5
4
5
5
6
7
5
6
6
5
7
5
7
7
5
2
2
0
-1
0
0
0
-1
-1
-2
-3
-2
0
-1
-3
-3
-2
-4
-4
-6
-3
-2
-3
-3
-3
-3
-2
-3
-4
-3
-3
-3
-2
-1
-1
0
1
0
1
0
1
-1
-1
-1
-1
-2
-2
-1
-2
-2
0
2
3
6
5
6
6
5
4
5
5
5
6
2
2
2
1
1
-1
0
0
1
3
3
2
1
2
2
4
3
4
4
4
3
5
5
5
3
4
2
2
4
4
3
2
1
0
-1
-2
-3
-4
-6
-7
-7
-6
-6
-6
-8
-11
-10
-9
-9
-9
-9
-7
-10
-9
-7
-7
-7
-7
-7
-7
-8
-8
-6
-7
-6
-5
-8
-6
-7
-10
-9
-14
-17
-19
-21
-23
-29
-30
-33
-36
-39
-44
-45
-47
-50
-49
-50
-52
-50
-49
-45
-40
-38
-32
-25
-19
-11
-1
8
18
30
40
51
64
77
88
98
106
121
132
139
148
151
174
188
185
189
183
193
209
199
193
181
171
176
160
141
123
103
90
72
49
29
2
-22
-50
-77
-103
-126
-146
-175
-193
-206
-218
-224
-244
-256
-254
-258
-256
-265
-279
-272
-267
-258
-248
-249
-238
-225
-215
-204
-204
-197
-184
-174
-161
-151
-140
-123
-112
-98
-90
-87
-77
-63
-42
-14
15
51
91
128
159
188
211
208
193
170
150
132
109
87
70
40
1
-39
-86
-149
-227
-315
-417
-545
-674
-767
-817
-841
-838
-796
-731
-675
-638
-587
-502
-405
-314
-216
-93
35
165
318
518
737
951
1157
1349
1501
1613
1719
1828
1910
1946
1977
2023
2030
1981
1913
1868
1813
1664
1428
1192
992
786
521
258
63
-114
-357
-643
-866
-1009
-1155
-1344
-1534
-1679
-1809
-1937
-2027
-2063
-2028
-1935
-1832
-1752
-1683
-1558
-1379
-1239
-1149
-1017
-826
-677
-606
-498
-285
-65
65
153
278
396
443
449
476
529
553
532
478
416
382
383
370
323
286
285
266
176
84
71
102
101
81
114
200
271
322
389
478
567
631
666
683
685
681
673
646
612
624
699
774
782
737
689
643
557
442
314
163
-30
-323
-774
-1318
-1736
-1872
-1883
-1991
-2112
-2034
-1884
-2008
-2341
-2433
-2174
-1974
-2032
-2023
-1704
-1340
-1171
-977
-514
47
455
787
1191
1584
1895
2247
2666
2962
3072
3187
3376
3451
3360
3345
3511
3618
3476
3217
3020
2817
2475
2064
1738
1501
1240
906
541
200
-106
-408
-753
-1142
-1510
-1831
-2153
-2505
-2807
-2984
-3076
-3156
-3243
-3313
-3390
-3488
-3569
-3607
-3617
-3580
-3410
-3122
-2853
-2634
-2340
-1928
-1550
-1308
-1058
-660
-213
122
400
753
1135
1418
1625
1874
2159
2396
2584
2755
2871
2890
2855
2797
2673
2476
2304
2182
2032
1823
1633
1494
1309
1013
686
409
151
-141
-405
-567
-646
-700
-737
-722
-674
-641
-623
-607
-602
-600
-563
-479
-382
-293
-179
-46
47
88
147
259
354
392
426
482
506
461
418
433
470
471
455
481
546
574
528
463
314
-279
-1512
-2836
-3376
-3160
-3097
-3465
-3457
-2777
-2517
-3384
-4294
-3996
-3121
-3015
-3444
-3173
-2247
-1777
-1848
-1446
-340
604
1001
1368
1932
2362
2699
3351
4161
4558
4592
4814
5170
5124
4799
4927
5569
5883
5417
4718
4344
4051
3402
2588
2109
1981
1704
986
137
-385
-614
-980
-1664
-2357
-2785
-3142
-3675
-4174
-4275
-4055
-3901
-3957
-4127
-4382
-4682
-4786
-4591
-4334
-4142
-3748
-3079
-2569
-2415
-2138
-1426
-749
-520
-357
189
808
1078
1272
1790
2377
2588
2554
2642
2811
2847
2833
2906
2929
2781
2597
2443
2164
1768
1512
1427
1214
791
460
352
172
-250
-634
-772
-885
-1195
-1487
-1490
-1308
-1193
-1135
-1007
-863
-802
-759
-634
-452
-233
52
335
493
581
772
1037
1173
1193
1313
1528
1593
1457
1374
1469
1528
1379
1170
1090
1058
913
701
563
478
330
81
-228
-573
-1055
-1994
-3574
-5174
-5693
-5046
-4537
-4956
-5328
-4804
-4509
-5645
-6965
-6437
-4612
-3716
-3966
-3530
-1987
-937
-969
-663
809
2385
3138
3626
4528
5521
6257
7022
7852
8185
7943
7822
8078
8134
7801
7758
8226
8253
7073
5367
4268
3764
3006
1834
977
724
328
-915
-2550
-3561
-3817
-4193
-5168
-6082
-6259
-6099
-6336
-6754
-6623
-6031
-5735
-5903
-5979
-5662
-5134
-4489
-3770
-3224
-2929
-2565
-2039
-1680
-1396
-553
766
1551
1458
1393
1900
2307
2167
2176
2825
3394
3198
2730
2678
2817
2636
2253
1997
1781
1418
1021
708
428
216
135
-31
-518
-1049
-1168
-997
-1006
-1173
-1098
-828
-817
-1089
-1125
-713
-253
-47
100
393
685
818
936
1198
1521
1762
1893
1938
1944
2017
2187
2294
2212
2063
1987
1909
1721
1562
1589
1651
1502
1184
927
774
588
345
161
88
5
-180
-391
-531
-613
-696
-833
-1088
-1452
-1888
-2692
-4340
-6400
-7306
-6276
-4842
-4891
-5867
-5921
-5395
-6274
-8157
-8097
-5329
-2884
-2904
-3545
-2529
-925
-727
-1070
189
2713
4389
4751
5176
6279
7328
7905
8297
8507
8334
8184
8548
9027
8969
8643
8585
8284
6823
4654
3331
3358
3492
2611
1192
252
-420
-1835
-3864
-5054
-4746
-4220
-4867
-6163
-6671
-6366
-6456
-7184
-7420
-6630
-5776
-5666
-5717
-5085
-4047
-3431
-3303
-3140
-2768
-2343
-1701
-602
640
1502
1940
2116
1928
1535
1687
2661
3583
3721
3535
3538
3245
2344
1701
1987
2423
2134
1565
1405
1292
693
-1
-271
-413
-812
-1182
-1195
-1073
-1067
-1065
-1066
-1313
-1721
-1806
-1426
-948
-594
-224
121
120
-168
-202
260
853
1246
1527
1785
1836
1622
1447
1547
1770
1892
1944
2005
2007
1904
1801
1744
1599
1331
1106
1001
919
844
878
893
618
132
-200
-293
-349
-385
-274
-166
-372
-903
-1464
-1893
-2406
-3538
-5450
-7078
-6848
-4994
-3933
-5019
-6461
-6396
-6190
-7706
-9081
-7165
-3221
-1605
-3041
-3856
-2332
-974
-1285
-942
1813
4905
5889
5607
6077
7231
7907
8148
8594
9067
9264
9614
10232
10295
9439
8497
7976
7125
5488
4157
4221
4795
4079
1847
-377
-1575
-2434
-3789
-4972
-4854
-4024
-4358
-6310
-8063
-8170
-7544
-7649
-8066
-7478
-6187
-5684
-6113
-6131
-5220
-4420
-4420
-4410
-3419
-1719
-336
254
394
578
880
1089
1295
2013
3386
4566
4582
3681
2994
2955
2971
2731
2752
3275
3533
2791
1501
675
506
356
-65
-334
-208
-147
-618
-1364
-1796
-1809
-1788
-1925
-1946
-1576
-1035
-806
-978
-1132
-939
-577
-321
-9
619
1326
1596
1398
1224
1393
1734
2007
2234
2509
2705
2593
2175
1769
1669
1802
1872
1806
1769
1766
1531
993
513
401
494
485
367
292
218
-2
-320
-581
-706
-696
-637
-752
-1156
-1601
-2114
-3578
-6306
-8315
-7226
-4227
-3283
-5431
-7259
-6750
-6626
-8827
-9950
-6632
-2009
-1425
-4095
-4848
-2593
-1044
-1487
-808
2461
5431
5800
5215
5944
7483
8305
8450
8707
9152
9674
10481
11197
10878
9530
8314
7722
6944
5656
4986
5603
5983
4196
808
-1648
-2120
-2199
-3253
-4255
-3929
-3468
-4946
-7747
-9080
-8120
-7051
-7433
-7993
-7241
-6104
-6147
-6858
-6644
-5447
-4519
-4284
-4001
-3122
-1806
-482
295
209
-108
356
1430
2093
2430
3428
4675
4506
2951
2135
2944
3788
3527
3144
3403
3279
2001
678
496
922
873
334
-141
-473
-842
-1211
-1509
-1740
-1795
-1635
-1546
-1659
-1590
-1138
-820
-1058
-1334
-936
-105
427
605
913
1343
1407
1123
1126
1719
2408
2641
2496
2371
2341
2219
2035
2042
2277
2426
2246
1882
1622
1516
1393
1155
892
720
597
377
59
-140
-113
-90
-294
-614
-898
-1255
-1710
-2138
-3063
-5278
-7796
-7947
-5275
-3329
-4883
-7580
-7828
-6888
-8143
-10100
-8220
-3272
-1198
-3825
-6078
-4357
-1648
-1356
-1513
994
4594
5751
4772
4775
6581
8188
8506
8552
9207
10127
10848
11258
11049
10030
8821
8153
7777
7055
6312
6311
6445
5027
1853
-945
-1606
-1169
-1730
-3206
-3861
-3693
-4740
-7421
-9229
-8436
-6855
-6939
-8034
-7938
-6777
-6501
-7353
-7536
-6291
-4917
-4421
-4125
-3160
-1914
-1314
-1394
-1298
-441
821
1750
2188
2601
3184
3483
3190
2787
2981
3724
4243
4059
3537
3205
2926
2265
1439
1177
1511
1556
826
-54
-444
-666
-1227
-1807
-1801
-1389
-1260
-1564
-1834
-1799
-1683
-1719
-1740
-1431
-797
-226
1
64
282
617
831
996
1417
2056
2481
2471
2305
2302
2413
2455
2466
2582
2745
2766
2562
2234
1947
1791
1716
1598
1389
1171
937
562
113
-132
-121
-140
-337
-621
-1026
-1600
-2166
-2997
-4966
-7645
-8423
-5963
-3325
-4254
-7381
-8388
-7271
-7905
-10231
-9387
-4399
-1082
-3110
-6179
-5242
-2208
-1424
-1922
98
4038
5892
4937
4370
5858
7688
8343
8505
9153
10113
10950
11489
11338
10265
8982
8361
8113
7429
6577
6500
6806
5721
2659
-457
-1521
-1086
-1348
-2769
-3687
-3578
-4338
-7024
-9443
-9153
-7303
-6848
-7976
-8305
-7208
-6688
-7623
-8187
-7003
-5289
-4618
-4570
-3931
-2678
-1632
-1123
-909
-612
156
1387
2410
2802
3117
3789
4049
3277
2593
3348
4766
5027
4140
3571
3541
2950
1796
1391
2018
2389
1699
614
-81
-475
-907
-1311
-1496
-1492
-1471
-1629
-2014
-2330
-2235
-1912
-1838
-1952
-1695
-1002
-486
-429
-360
55
468
587
788
1425
2149
2423
2295
2184
2249
2397
2617
2922
3157
3172
2982
2657
2285
2051
2066
2118
1910
1475
1077
784
482
205
75
9
-299
-963
-1696
-2268
-3189
-5216
-7635
-8193
-6129
-4137
-5031
-7506
-8260
-7517
-8283
-10215
-9331
-5026
-2112
-3527
-5830
-5049
-2706
-2090
-2210
-58
3643
5512
4972
4633
5858
7370
8095
8587
9431
10325
10993
11468
11446
10634
9573
9022
8712
7887
6832
6551
6818
6008
3417
560
-779
-952
-1587
-2902
-3551
-3308
-3920
-6335
-8746
-9021
-7846
-7450
-8082
-8107
-7188
-6883
-7777
-8357
-7468
-5972
-5087
-4658
-3949
-2979
-2189
-1655
-1214
-755
-67
956
1938
2503
2965
3699
4197
3813
3122
3267
4138
4572
4258
3975
3923
3366
2187
1385
1499
1797
1544
974
488
-52
-789
-1398
-1612
-1608
-1600
-1617
-1754
-2066
-2278
-2131
-1873
-1823
-1739
-1262
-671
-444
-405
-58
475
696
678
963
1618
2135
2277
2323
2465
2542
2478
2460
2631
2869
2956
2809
2497
2189
2002
1882
1719
1545
1430
1257
877
411
100
-25
-129
-319
-598
-993
-1656
-3017
-5287
-7392
-7454
-5381
-3800
-4722
-6590
-7011
-6894
-8423
-10170
-8634
-4464
-2277
-3664
-5082
-4026
-2622
-2910
-2919
-370
3081
4501
4123
4234
5389
6398
6853
7418
8290
9072
9716
10290
10440
9952
9325
8950
8357
7125
5980
5906
6460
6109
4283
2109
726
-220
-1613
-3057
-3301
-2511
-2542
-4370
-6555
-7341
-7131
-7394
-8005
-7636
-6362
-5838
-6648
-7417
-7034
-6119
-5586
-5193
-4340
-3208
-2294
-1627
-1037
-577
-241
193
736
1219
1778
2634
3363
3306
2754
2660
3121
3264
2858
2739
3188
3288
2528
1741
1657
1704
1201
567
417
430
62
-467
-727
-835
-1037
-1199
-1230
-1307
-1392
-1220
-917
-902
-1061
-889
-447
-259
-302
-6
652
1038
954
929
1258
1565
1560
1522
1736
2020
2096
2008
1940
1913
1841
1708
1564
1437
1345
1298
1244
1098
877
676
475
163
-220
-433
-375
-270
-319
-427
-486
-659
-1133
-1954
-3179
-4653
-5545
-5029
-3700
-3181
-3884
-4542
-4554
-5077
-6603
-7309
-5662
-3160
-2291
-2883
-2897
-2026
-1831
-2514
-2269
-272
1923
2812
2915
3431
4364
4984
5232
5617
6275
6887
7240
7403
7486
7550
7607
7497
6935
5896
4852
4325
4241
4024
3358
2560
1911
1016
-530
-2134
-2738
-2387
-2286
-3016
-3782
-3947
-4141
-5021
-5907
-5817
-5066
-4724
-4947
-4996
-4577
-4167
-4043
-3890
-3493
-3030
-2638
-2211
-1715
-1213
-634
54
527
508
344
547
939
974
799
1077
1734
1947
1557
1358
1683
1800
1271
786
930
1207
1015
662
634
686
393
-58
-298
-378
-433
-343
-119
-39
-139
-130
3
-41
-203
-70
368
628
574
626
964
1212
1121
999
1134
1315
1291
1198
1278
1441
1445
1289
1140
1038
901
732
611
556
515
472
408
262
28
-185
-292
-350
-423
-452
-375
-304
-391
-572
-624
-480
-310
-236
-199
-127
-111
-336
-950
-1900
-2743
-2916
-2439
-2019
-2108
-2297
-2168
-2233
-3099
-4134
-4135
-3158
-2435
-2455
-2409
-1794
-1297
-1511
-1806
-1309
-250
507
766
1078
1740
2461
2953
3304
3664
3973
4108
4080
4039
4139
4437
4834
5070
4902
4348
3702
3208
2817
2372
1975
1881
1953
1643
754
-173
-597
-756
-1178
-1752
-1938
-1770
-1852
-2350
-2714
-2601
-2419
-2611
-2988
-3124
-3008
-2880
-2751
-2486
-2137
-1904
-1859
-1925
-1989
-1927
-1627
-1147
-746
-619
-685
-738
-726
-707
-597
-227
323
698
692
538
503
510
401
334
515
762
760
572
491
546
545
471
447
450
389
320
346
432
527
656
766
714
525
425
498
607
681
816
1009
1076
929
737
691
754
777
746
753
802
789
679
583
572
559
459
323
228
172
139
149
167
111
-7
-73
-86
-149
-234
-179
-1
81
-4
-86
-55
-16
-41
-20
127
282
297
180
2
-274
-773
-1444
-1966
-2033
-1792
-1698
-1880
-2002
-1941
-2116
-2730
-3208
-2998
-2481
-2343
-2465
-2258
-1757
-1521
-1601
-1460
-917
-396
-173
-18
331
809
1286
1769
2246
2597
2761
2822
2860
2908
3032
3299
3633
3815
3696
3352
2981
2713
2489
2207
1922
1776
1694
1409
888
460
324
201
-192
-657
-837
-829
-989
-1307
-1456
-1374
-1349
-1517
-1698
-1751
-1770
-1835
-1865
-1791
-1683
-1607
-1558
-1553
-1614
-1672
-1622
-1508
-1435
-1359
-1154
-863
-665
-587
-451
-207
-24
-2
3
139
330
456
559
712
845
848
758
675
630
631
712
837
900
866
821
803
754
673
655
713
717
616
534
539
535
438
325
270
221
114
-19
-112
-161
-191
-224
-272
-326
-350
-337
-336
-371
-397
-371
-329
-317
-291
-188
-48
37
66
111
177
217
237
309
451
585
665
696
696
667
641
662
722
774
793
756
602
264
-243
-786
-1150
-1212
-1095
-1039
-1105
-1156
-1210
-1481
-1957
-2230
-2053
-1729
-1648
-1702
-1554
-1255
-1125
-1159
-1035
-668
-333
-199
-107
152
541
934
1303
1656
1940
2099
2156
2165
2172
2255
2470
2744
2875
2748
2476
2242
2037
1747
1408
1207
1167
1054
713
316
103
11
-206
-589
-904
-1011
-1072
-1254
-1453
-1466
-1342
-1317
-1451
-1594
-1646
-1678
-1747
-1784
-1713
-1553
-1373
-1269
-1279
-1337
-1318
-1198
-1085
-1021
-904
-686
-494
-433
-386
-195
81
250
290
348
476
577
616
695
854
979
981
922
900
907
910
928
978
1014
980
889
786
695
639
647
675
650
576
511
459
378
291
254
246
194
109
67
63
46
19
9
-14
-71
-126
-148
-174
-221
-229
-177
-131
-130
-136
-114
-86
-69
-36
25
72
70
30
5
16
36
22
-30
-73
-68
-25
2
-24
-114
-285
-634
-1209
-1817
-2107
-1982
-1740
-1673
-1701
-1649
-1685
-2076
-2604
-2742
-2382
-1947
-1736
-1545
-1164
-781
-642
-613
-388
69
540
904
1240
1640
2091
2516
2852
3082
3226
3311
3330
3284
3236
3273
3408
3536
3497
3232
2841
2466
2118
1715
1283
984
850
674
290
-144
-394
-548
-869
-1334
-1642
-1705
-1759
-1939
-2077
-2027
-1929
-2002
-2250
-2517
-2645
-2578
-2413
-2288
-2185
-1970
-1693
-1618
-1776
-1813
-1498
-1112
-972
-928
-680
-329
-188
-205
-67
258
504
553
560
647
771
866
918
944
979
1047
1063
931
742
693
776
782
639
530
566
608
496
318
254
299
288
174
83
109
181
168
69
-11
-3
37
16
-50
-57
39
125
80
-9
26
176
265
250
280
428
557
556
525
592
724
799
784
756
767
775
717
604
523
549
642
663
517
249
-88
-619
-1450
-2283
-2579
-2281
-1978
-2091
-2310
-2302
-2423
-3086
-3816
-3788
-3084
-2546
-2460
-2298
-1777
-1332
-1295
-1300
-890
-195
369
720
1093
1641
2264
2780
3103
3287
3433
3536
3548
3516
3601
3853
4102
4144
3912
3471
2958
2524
2172
1794
1406
1177
1075
767
109
-536
-836
-1032
-1500
-2039
-2187
-2023
-2033
-2294
-2407
-2268
-2240
-2514
-2801
-2818
-2652
-2465
-2229
-1914
-1665
-1601
-1638
-1641
-1559
-1370
-1053
-715
-530
-467
-301
12
243
278
334
544
701
661
667
923
1201
1198
1028
973
997
921
809
838
939
935
833
726
608
489
450
462
387
248
214
256
170
-21
-79
10
7
-148
-248
-190
-121
-141
-143
-59
33
55
68
110
169
241
351
457
508
547
632
714
737
784
931
1060
1036
946
946
986
925
824
834
918
915
807
667
431
-110
-1072
-2251
-3109
-3173
-2662
-2348
-2554
-2817
-2900
-3360
-4421
-5091
-4468
-3221
-2620
-2651
-2350
-1629
-1312
-1499
-1308
-359
665
1206
1567
2198
3002
3667
4108
4372
4464
4476
4526
4613
4725
4936
5209
5252
4826
4027
3188
2571
2205
1914
1499
1012
635
224
-571
-1608
-2255
-2357
-2535
-3138
-3604
-3458
-3163
-3333
-3709
-3700
-3439
-3461
-3720
-3664
-3129
-2498
-2064
-1768
-1501
-1300
-1173
-1012
-783
-580
-434
-253
-56
7
-6
228
722
991
802
611
783
991
934
985
1428
1780
1592
1203
1069
1055
956
971
1183
1274
1150
1098
1141
1032
867
957
1137
1011
744
788
1038
1032
801
717
739
566
290
254
421
478
364
252
160
18
-84
-54
10
26
70
148
128
16
34
223
341
271
205
294
406
388
325
349
417
421
391
397
406
288
-218
-1508
-3502
-5102
-5087
-3831
-3051
-3449
-3938
-3905
-4516
-6372
-7627
-6441
-4018
-2905
-3240
-3113
-2035
-1473
-1913
-1880
-395
1498
2478
2787
3475
4798
6015
6462
6263
6056
6231
6575
6783
7044
7626
8119
7747
6408
4814
3667
3149
3074
3028
2573
1706
779
-217
-1603
-3003
-3472
-3053
-3031
-3965
-4751
-4498
-4053
-4475
-5200
-5109
-4467
-4351
-4679
-4337
-3063
-1876
-1559
-1735
-1696
-1329
-892
-424
272
1222
1964
1743
440
-792
-595
767
1683
1533
1338
1570
1179
-198
-990
-118
1067
941
104
-47
293
122
-419
-534
-276
-219
-366
-354
-60
471
997
959
237
-319
-11
632
877
1083
1717
2079
1407
395
232
792
1114
1017
1011
1119
925
458
167
217
408
539
516
372
340
572
809
717
476
487
677
698
622
804
1150
1203
913
715
840
1038
1067
861
37
-2012
-4861
-6615
-5888
-3907
-3150
-4059
-4960
-5372
-6757
-9048
-9453
-6627
-3394
-2837
-3915
-3759
-2398
-1905
-2219
-1243
1337
3444
3943
4124
5389
7233
8250
8031
7404
7284
7763
8353
8824
9341
9668
9022
7148
4940
3490
3064
3245
3395
2821
1236
-746
-2307
-3502
-4693
-5393
-5049
-4540
-5238
-6658
-7011
-6139
-5781
-6570
-6987
-6039
-4866
-4519
-4142
-2726
-1150
-874
-1598
-1766
-764
612
1557
2109
2594
2913
2693
1969
1410
1666
2490
2934
2571
2005
1814
1614
840
-75
-268
88
15
-655
-1058
-863
-850
-1502
-2157
-2107
-1650
-1407
-1292
-900
-371
-194
-442
-660
-422
244
966
1418
1633
1816
1917
1708
1364
1410
1915
2279
2150
1902
1862
1759
1344
932
873
995
980
853
778
721
566
331
133
109
320
619
756
686
589
571
571
577
716
1046
1371
1372
831
-451
-2782
-5893
-8041
-7288
-4446
-2940
-4426
-6634
-7401
-8087
-10073
-10841
-7771
-3488
-2553
-4481
-4941
-2887
-1382
-1624
-1096
1654
4556
5651
5971
7310
9257
10023
9124
8002
8216
9723
11184
11646
11291
10450
8840
6461
4361
3600
3939
4206
3500
1645
-876
-3081
-4321
-5014
-5850
-6456
-6196
-5847
-6642
-7951
-8009
-6971
-6795
-7790
-7858
-5951
-3758
-2908
-2642
-1738
-827
-1013
-1556
-805
1248
3052
3647
3258
2395
1680
1815
2634
3119
3068
3149
3011
1676
42
23
1043
770
-720
-1250
-678
-830
-1792
-1988
-1499
-1790
-2685
-2727
-1803
-950
-509
-352
-633
-1052
-828
-18
604
1050
1784
2230
1680
1020
1437
2298
2354
1950
2043
2294
1946
1423
1447
1627
1295
735
531
625
730
806
787
537
230
206
423
614
844
1222
1369
1016
672
906
1425
1663
1737
1991
2065
1332
-298
-2842
-6126
-8406
-7455
-4235
-2873
-5142
-7924
-8536
-8955
-11058
-11764
-8069
-3335
-2775
-5324
-5704
-2970
-1080
-1525
-1127
2082
5660
6955
6961
8097
10169
10779
9237
7880
8885
11369
12774
12267
11069
9853
7937
5363
3629
3583
4202
3981
2466
88
-2432
-4309
-5280
-5979
-6848
-7212
-6601
-6128
-6928
-8088
-8049
-7306
-7494
-8170
-7159
-4230
-1836
-1530
-1964
-1481
-616
-504
-397
1187
3605
4520
3286
1988
2378
3463
3433
2576
2382
2748
2318
1106
539
843
581
-855
-2215
-2364
-1778
-1489
-1723
-2132
-2515
-2915
-3259
-3130
-2165
-832
-271
-799
-1250
-677
242
597
853
1693
2424
2200
1750
2190
3061
3140
2465
2055
2215
2367
2196
1943
1753
1439
845
193
-43
283
631
367
-334
-720
-556
-292
-112
315
943
1147
784
569
960
1550
1879
2098
2402
2578
2445
2162
1841
1199
-508
-3853
-7548
-8458
-5512
-2492
-3616
-7396
-9235
-9007
-10208
-12153
-10287
-4982
-2416
-4867
-7094
-5014
-1651
-979
-1423
574
4372
6716
7047
7652
9516
10814
9966
8281
8438
10910
13281
13348
11563
9628
7943
5983
4220
3712
4199
4120
2454
-322
-2971
-4584
-5244
-5878
-6989
-7778
-7416
-6688
-6998
-8070
-8383
-7759
-7570
-7974
-7118
-4174
-1254
-671
-1691
-1890
-788
77
337
1464
3752
5140
4294
2840
2861
3788
3746
2803
2563
3150
3030
1759
643
341
-129
-1354
-2346
-2204
-1544
-1455
-2056
-2760
-3190
-3365
-3358
-3030
-2189
-1124
-660
-1074
-1430
-868
71
483
711
1519
2419
2448
1984
2102
2660
2671
2156
2034
2471
2652
2171
1503
1105
869
542
213
186
447
467
-131
-852
-947
-532
-270
-205
169
780
1052
955
1025
1396
1680
1746
1868
2246
2748
3108
3144
2801
2143
1267
-138
-2860
-6496
-8302
-6192
-2801
-3092
-7213
-10086
-9551
-9360
-11324
-11214
-6700
-2850
-4290
-7393
-6230
-2022
-217
-1203
-467
3478
7147
8003
7812
8978
10624
10415
8762
8597
11119
13881
13948
11529
9081
7731
6549
5019
4023
4011
3845
2179
-744
-3412
-4822
-5395
-6217
-7557
-8387
-7856
-6881
-7103
-8440
-9172
-8591
-7842
-7599
-6605
-3910
-1169
-688
-1965
-2275
-574
1292
1821
2216
3815
5152
4249
2356
2293
3873
4315
3010
2252
2813
2701
1123
-92
-37
-227
-1479
-2342
-1824
-1092
-1406
-2383
-3092
-3271
-3056
-2602
-1997
-1210
-517
-564
-1245
-1276
-22
1261
1425
1318
2011
2686
2320
1804
2290
3024
2765
1996
1920
2340
2205
1408
697
417
299
109
-99
-146
-84
-322
-990
-1458
-1097
-256
204
187
321
712
818
665
929
1675
2223
2247
2207
2528
2924
2923
2525
1948
1275
238
-2087
-5843
-8388
-6848
-3210
-2882
-6902
-10112
-9448
-8618
-10471
-11109
-7207
-3050
-3861
-6968
-6211
-1889
476
-474
-411
3046
6964
8279
8043
8836
10436
10567
9083
8653
10840
13552
13705
11205
8581
7326
6560
5299
4069
3601
3293
1887
-733
-3262
-4589
-5111
-6029
-7533
-8392
-7755
-6663
-6805
-8143
-9000
-8511
-7601
-7055
-6020
-3661
-1274
-874
-2091
-2364
-559
1569
2315
2455
3295
4068
3515
2637
3180
4378
4069
2440
1666
2176
2215
1070
-79
-604
-1238
-2200
-2576
-2002
-1427
-1806
-2897
-3645
-3392
-2538
-1928
-1685
-1269
-711
-646
-906
-435
875
1749
1579
1405
2045
2779
2779
2498
2624
2855
2624
2193
2148
2348
2135
1336
533
301
490
482
92
-288
-458
-730
-1178
-1257
-699
-103
-27
-163
69
554
817
942
1306
1777
2016
2151
2477
2883
3051
2926
2642
2181
1528
390
-2287
-6294
-8361
-6022
-2477
-3119
-7508
-10020
-9024
-8921
-11109
-10822
-6314
-3124
-5043
-7740
-5895
-1573
-152
-1423
-653
3356
6984
7815
7567
8567
9975
9632
8247
8726
11650
14056
13312
10364
8044
7231
6576
5326
4309
4041
3573
1756
-1018
-3200
-4092
-4630
-5904
-7434
-7770
-6706
-5896
-6723
-8350
-8917
-8098
-7142
-6495
-5083
-2615
-933
-1521
-2888
-2382
-21
1775
2061
2392
3611
4246
3226
2000
2277
3329
3327
2324
1921
2427
2299
696
-1059
-1469
-1082
-1275
-1868
-1770
-1338
-1949
-3403
-3950
-3036
-2015
-1813
-1779
-1271
-793
-864
-1003
-481
581
1416
1676
1794
2200
2579
2408
1999
2152
2804
3058
2682
2343
2248
1791
885
357
606
931
663
95
-222
-399
-816
-1260
-1167
-556
-104
-121
-170
78
325
373
565
1142
1742
1922
1828
1907
2236
2482
2517
2591
2757
2585
1772
367
-1981
-5324
-7577
-6203
-2799
-2313
-5968
-9177
-8953
-8349
-9897
-10331
-6884
-3396
-4323
-7023
-6106
-2268
-507
-1566
-1244
2306
6016
7143
6907
7562
8675
8510
7560
8143
10790
13061
12597
9990
7651
6726
6335
5540
4657
4259
3809
2273
-268
-2481
-3511
-4034
-5063
-6303
-6563
-5702
-5204
-6232
-7938
-8564
-7779
-6704
-5875
-4607
-2756
-1661
-2276
-3305
-2678
-457
1356
1886
2340
3444
3909
2871
1878
2408
3235
2666
1736
2307
3410
2664
384
-1031
-1149
-1483
-2072
-1587
-460
-661
-2426
-3851
-3801
-3038
-2418
-1888
-1341
-1064
-1216
-1538
-1486
-692
456
1118
1234
1583
2294
2469
1883
1617
2231
2846
2853
2854
3145
2935
1837
795
700
1162
1359
1132
744
256
-390
-1032
-1318
-1037
-465
-171
-299
-411
-263
-180
-276
-57
639
1186
1276
1420
1843
1992
1667
1517
1934
2474
2691
2654
2370
1388
-906
-4378
-7078
-6478
-3160
-1430
-3897
-7586
-8600
-8046
-8918
-9828
-7589
-3982
-3589
-6028
-6437
-3522
-1220
-1693
-2025
568
4400
6362
6343
6373
7095
7343
6821
7127
9354
11966
12346
10115
7507
6419
6390
6051
5294
4859
4581
3382
1005
-1349
-2565
-3040
-3867
-5050
-5491
-4861
-4423
-5427
-7311
-8366
-7882
-6705
-5696
-4653
-3287
-2411
-2934
-3991
-3600
-1409
720
1441
1642
2482
3285
2923
2102
2384
3576
3993
3156
2413
2514
2334
1010
-281
-259
155
-556
-1821
-2145
-1899
-2481
-3494
-3448
-2590
-2411
-2921
-2875
-2139
-1726
-1849
-1676
-829
110
567
675
956
1568
2034
2028
2092
2765
3458
3291
2626
2477
2747
2567
2002
1851
2081
1903
1161
496
239
59
-276
-543
-527
-369
-422
-791
-1104
-1013
-719
-560
-419
-6
557
825
774
861
1224
1509
1583
1707
1985
2217
2289
2303
2281
2033
1323
-429
-3642
-6558
-6102
-2633
-893
-3704
-7660
-8453
-7506
-8356
-9417
-7086
-3425
-3490
-6657
-7312
-3939
-1194
-1799
-2433
122
3842
5304
4855
5120
6467
6967
6323
6727
9269
11875
11897
9469
7095
6418
6708
6612
6084
5730
5259
3712
1124
-1047
-1782
-1860
-2613
-3952
-4638
-4356
-4355
-5651
-7421
-8073
-7326
-6288
-5675
-5000
-3885
-3234
-3892
-4779
-3959
-1497
477
858
903
1734
2432
2008
1565
2585
4209
4412
3250
2631
2964
2673
1382
796
1496
1661
317
-870
-682
-574
-1861
-3234
-3114
-2272
-2204
-2743
-2915
-2760
-2880
-3118
-2795
-1787
-772
-451
-707
-696
-28
667
903
1214
2027
2621
2355
1942
2253
2786
2653
2208
2284
2635
2451
1764
1254
1110
962
670
487
539
546
174
-457
-843
-730
-435
-286
-202
-58
-24
-197
-280
13
515
889
1068
1167
1211
1190
1212
1386
1642
1811
1851
1848
1805
1500
398
-1994
-4889
-6006
-4145
-1620
-1887
-4807
-7037
-7226
-7359
-8184
-7477
-4646
-2958
-4496
-6414
-5327
-2561
-1511
-2008
-1114
1727
3982
4282
4118
4900
5824
5808
5739
7138
9526
10690
9511
7310
6030
6005
6215
6062
5804
5482
4484
2523
379
-849
-1096
-1345
-2266
-3354
-3829
-3953
-4669
-6088
-7139
-7001
-6152
-5516
-5159
-4548
-3868
-3966
-4698
-4592
-2831
-600
541
705
1010
1585
1716
1571
2226
3744
4747
4479
3887
3767
3258
1717
501
874
1730
1523
760
328
-591
-2535
-3865
-3324
-2263
-2141
-2411
-2487
-3030
-4028
-4246
-3339
-2248
-1461
-857
-694
-1006
-1015
-424
168
760
1866
2926
2940
2364
2309
2577
2482
2494
3191
3815
3500
2685
2053
1523
1051
973
1197
1206
896
446
-219
-993
-1307
-1001
-653
-582
-513
-443
-701
-1095
-1046
-506
65
488
853
1039
894
645
621
874
1320
1836
2143
2025
1701
1329
173
-2502
-5284
-5288
-2311
-197
-1908
-5295
-6661
-6399
-7113
-7973
-6109
-2725
-2218
-5035
-6686
-4788
-2276
-1935
-2095
-214
2615
3672
2994
2919
4238
5392
5476
5811
7625
9733
9919
7985
6006
5589
6214
6604
6528
6375
5839
4191
1689
-269
-718
-297
-388
-1441
-2690
-3476
-4152
-5291
-6510
-6787
-5952
-5073
-4985
-5179
-4860
-4459
-4828
-5343
-4424
-2060
-174
76
-242
107
617
480
528
1997
4079
4694
3510
2318
2247
2471
2213
2151
2816
3140
2052
398
-293
-157
-491
-1367
-1583
-978
-874
-1866
-2889
-3075
-2961
-3094
-2902
-1949
-1104
-1341
-2188
-2426
-1762
-899
-248
433
1149
1367
915
541
984
1929
2496
2498
2493
2673
2563
1998
1598
1805
2124
1951
1521
1356
1271
763
27
-248
41
304
151
-167
-335
-444
-678
-840
-601
-76
193
-47
-388
-324
70
349
417
574
864
951
785
800
1154
1400
1179
548
-619
-2472
-3997
-3576
-1631
-891
-2665
-4855
-5356
-5142
-5707
-5893
-4246
-2455
-3006
-4901
-5067
-3165
-1665
-1574
-1275
291
1904
2326
2237
2905
4170
4924
5023
5482
6772
7883
7640
6373
5466
5534
5906
5887
5596
5249
4486
2982
1272
286
202
251
-314
-1424
-2469
-3170
-3791
-4533
-5056
-4921
-4374
-4184
-4570
-4837
-4482
-4046
-4137
-4158
-3175
-1628
-860
-1054
-1059
-366
265
444
956
2191
3108
2755
1829
1567
1814
1596
1178
1696
2790
2643
905
-518
-487
-242
-785
-1047
-295
10
-1278
-2734
-2707
-1915
-1771
-1938
-1498
-938
-1180
-1813
-1786
-1008
-222
140
298
601
953
982
773
974
1772
2412
2386
2232
2408
2396
1853
1490
1845
2251
2009
1515
1327
1153
618
132
187
475
396
-81
-517
-700
-799
-922
-897
-586
-256
-320
-718
-917
-671
-351
-273
-157
253
589
471
230
368
732
857
502
-558
-2276
-3479
-2795
-1016
-647
-2318
-3898
-4077
-4188
-5014
-4857
-2892
-1521
-2762
-4713
-4462
-2539
-1450
-1455
-808
731
1560
1196
1112
2300
3805
4370
4285
4679
5706
6373
6046
5313
5108
5473
5707
5476
5154
4944
4344
2999
1576
1063
1405
1535
774
-462
-1461
-2144
-2832
-3461
-3577
-3159
-2941
-3533
-4476
-4776
-4298
-3902
-3981
-3817
-2928
-2127
-2259
-2699
-2330
-1372
-889
-863
-318
729
1117
566
281
939
1599
1464
1239
1688
2111
1619
807
756
1194
1136
637
473
548
114
-721
-1055
-705
-439
-684
-1032
-1145
-1260
-1526
-1596
-1202
-667
-503
-688
-740
-442
-133
-52
100
580
1015
996
829
1038
1447
1539
1409
1543
1900
1964
1640
1390
1435
1470
1270
1067
1069
1055
752
324
122
142
97
-77
-186
-220
-394
-671
-702
-417
-221
-364
-550
-511
-425
-453
-366
-43
189
127
78
252
438
494
408
-290
-1895
-3195
-2561
-679
-104
-1531
-2925
-3126
-3449
-4446
-4215
-2000
-430
-1653
-3792
-3930
-2448
-1559
-1353
-383
1065
1273
216
-174
1072
2747
3473
3451
3624
4101
4245
3908
3751
4235
4871
4906
4406
4068
4057
3770
2906
2060
1845
1998
1812
1119
306
-376
-1025
-1706
-2165
-2095
-1682
-1664
-2498
-3594
-3971
-3583
-3230
-3146
-2761
-2108
-2102
-2937
-3397
-2628
-1493
-1108
-1126
-682
-146
-399
-987
-683
436
1102
939
827
1070
841
-125
-703
13
1281
1739
1200
518
80
-466
-977
-588
697
1424
632
-669
-1088
-809
-639
-322
576
1165
439
-833
-1092
-267
501
795
1042
1207
823
135
28
753
1570
1775
1488
1215
1060
831
644
866
1356
1456
960
462
375
344
45
-155
45
225
-40
-425
-485
-437
-659
-908
-735
-339
-281
-589
-795
-723
-655
-685
-542
-152
127
53
-130
-107
67
35
-528
-1466
-1996
-1477
-484
-316
-1151
-1865
-1972
-2248
-2823
-2524
-1095
-261
-1192
-2568
-2634
-1723
-1126
-791
78
1041
926
-62
-397
614
2001
2686
2762
2823
2881
2623
2286
2513
3359
4042
3921
3257
2749
2593
2457
2208
2126
2304
2295
1705
834
274
127
-14
-347
-632
-694
-782
-1192
-1789
-2163
-2156
-2047
-2104
-2197
-2088
-1981
-2249
-2709
-2734
-2238
-1824
-1805
-1776
-1496
-1386
-1693
-1857
-1355
-604
-327
-458
-438
-243
-276
-416
-108
615
1047
862
544
534
653
639
697
1026
1287
1047
516
305
548
795
776
716
728
533
68
-177
123
561
610
387
289
270
101
-33
199
614
706
426
198
220
275
225
258
461
566
351
37
-19
148
214
108
74
161
99
-171
-326
-194
-45
-124
-272
-280
-262
-371
-471
-391
-247
-232
-294
-279
-197
-166
-160
-86
30
70
11
-51
-41
10
34
28
19
-16
-129
-305
-480
-608
-683
-676
-604
-580
-688
-854
-949
-943
-888
-781
-605
-453
-451
-547
-550
-383
-146
53
225
394
502
520
551
699
917
1084
1160
1195
1214
1223
1270
1381
1498
1523
1436
1298
1176
1082
1010
968
937
847
635
365
146
36
-15
-80
-179
-305
-461
-645
-809
-885
-877
-852
-851
-866
-872
-878
-897
-918
-912
-861
-789
-740
-731
-735
-736
-741
-708
-595
-473
-450
-507
-539
-546
-578
-573
-443
-301
-297
-353
-291
-153
-81
-30
94
205
206
225
347
442
451
513
668
755
743
780
882
894
808
775
811
805
740
673
600
501
407
331
253
185
138
49
-105
-210
-209
-218
-313
-404
-419
-425
-454
-435
-362
-331
-369
-390
-342
-258
-169
-94
-57
-56
-32
49
149
227
282
298
248
184
185
263
333
335
289
231
169
100
57
54
46
-13
-96
-146
-167
-201
-248
-291
-333
-373
-387
-370
-362
-377
-392
-406
-439
-468
-423
-298
-186
-160
-184
-171
-116
-68
-30
42
129
163
135
140
217
291
287
246
260
326
358
320
283
306
342
319
282
320
398
390
292
240
298
356
321
252
240
257
237
187
163
171
158
103
50
43
76
84
31
-52
-105
-113
-116
-132
-152
-161
-171
-212
-273
-307
-295
-284
-315
-353
-354
-344
-355
-364
-329
-288
-297
-344
-357
-313
-246
-196
-161
-129
-116
-124
-127
-89
-27
1
-17
-47
-61
-70
-80
-88
-106
-137
-166
-190
-216
-228
-219
-218
-229
-217
-168
-128
-123
-91
-1
80
92
93
154
245
297
328
396
472
478
424
406
465
537
556
534
515
510
486
424
367
356
368
341
287
250
215
142
50
-1
-5
-13
-42
-70
-91
-123
-162
-181
-168
-145
-127
-118
-101
-73
-60
-66
-69
-50
-21
-11
-21
-23
-8
-6
-37
-88
-119
-118
-124
-155
-190
-205
-217
-255
-292
-285
-250
-258
-306
-317
-266
-211
-199
-200
-184
-175
-185
-167
-94
-20
-11
-56
-79
-51
-7
14
24
46
64
61
49
57
96
113
82
52
84
160
189
143
95
103
131
125
115
149
189
165
100
79
116
146
142
141
167
187
176
154
142
141
148
165
191
204
194
150
87
31
4
8
17
12
-26
-94
-172
-233
-275
-299
-291
-264
-254
-297
-368
-401
-381
-341
-301
-248
-182
-152
-176
-198
-157
-73
-6
25
48
85
102
85
74
104
148
157
137
143
174
182
155
141
171
200
187
168
179
204
201
177
162
161
154
138
125
129
147
148
121
86
69
75
88
89
91
98
92
60
19
0
13
31
17
-27
-64
-79
-97
-140
-177
-181
-188
-226
-268
-276
-257
-277
-327
-341
-303
-256
-238
-229
-207
-194
-188
-157
-95
-30
9
32
48
60
72
93
132
162
171
170
169
170
167
157
162
176
182
171
145
136
157
173
152
111
86
84
76
57
44
36
17
-24
-65
-78
-69
-71
-82
-88
-84
-83
-94
-103
-98
-78
-50
-23
-16
-21
-35
-37
-25
-13
-7
4
15
5
-23
-42
-42
-34
-41
-47
-48
-50
-66
-93
-105
-104
-101
-96
-88
-73
-62
-63
-60
-50
-36
-16
7
35
53
55
53
58
64
67
69
74
75
67
56
54
61
65
60
59
64
75
80
80
86
87
84
75
73
80
80
74
64
54
48
43
40
39
27
10
-2
-5
-7
-14
-23
-34
-42
-50
-58
-58
-54
-54
-63
-77
-78
-68
-62
-60
-61
-58
-55
-60
-65
-60
-54
-52
-56
-54
-45
-40
-39
-36
-29
-23
-24
-17
-1
10
10
6
11
19
26
29
33
41
41
37
40
46
50
47
44
44
44
48
51
50
46
36
29
32
33
28
19
11
2
-5
-10
-4
-2
-10
-26
-39
-41
-37
-31
-27
-26
-31
-37
-40
-36
-28
-23
-22
-19
-13
-12
-13
-10
-4
1
1
4
12
17
13
6
8
14
15
8
5
6
0
-5
-8
-3
1
-1
-6
-5
-1
0
-2
4
6
7
2
-6
-4
-1
-2
-5
-5
-3
-2
-2
-3
0
4
6
7
11
18
22
17
11
13
15
13
11
12
16
16
11
5
5
9
11
10
10
11
9
5
2
3
2
1
-5
-10
-15
-16
-20
-24
-26
-26
-23
-23
-23
-22
-18
-20
-23
-21
-18
-18
-18
-19
-21
-21
-21
-15
-9
-5
-1
4
11
16
21
26
32
32
30
27
24
24
22
22
21
15
11
6
3
1
-1
1
3
2
-1
-8
-11
-10
-6
-5
-7
-10
-14
-19
-19
-18
-15
-18
-20
-23
-22
-17
-11
-8
-8
-5
-1
4
4
3
2
4
7
10
9
10
12
9
9
12
18
21
20
15
15
18
15
13
10
5
-2
-9
-13
-13
-15
-14
-12
-10
-17
-19
-15
-9
-6
-5
-1
3
1
-5
-12
-12
-7
-4
-6
-8
-5
-5
-8
-9
-6
2
8
11
11
15
18
19
17
14
12
10
11
10
11
12
10
10
3
-6
-11
-8
0
15
20
20
14
2
-12
-18
-10
-1
5
1
-6
-18
-28
-31
-25
-14
-8
-8
-9
-13
-19
-21
-22
-20
-20
-18
-13
-9
-6
-7
-7
-8
-7
-1
14
30
37
33
23
18
16
17
18
23
27
18
4
-7
-12
-13
-18
-18
-6
7
7
2
3
6
3
-3
-1
8
13
5
