1
0
-1
1
3
4
4
5
3
3
2
-1
-3
-2
-3
-7
-7
-8
-6
-5
-7
-8
-7
-6
-5
-3
-1
1
1
2
3
3
2
1
1
0
0
2
1
1
3
2
1
1
3
3
2
2
1
-1
-1
-1
-1
-2
-3
-2
-2
-2
1
2
1
1
2
0
1
4
4
2
1
3
0
1
3
2
2
2
4
5
4
4
4
3
3
3
3
1
-1
-2
-2
0
1
-1
0
-3
-3
-3
-2
0
-1
-1
-3
-2
-1
-1
0
-2
-2
-2
-3
-2
-2
-5
-6
-6
-9
-5
-5
-4
-6
-7
-6
-5
-3
-2
-2
-2
-1
1
-1
1
3
1
0
1
0
1
1
2
1
0
-1
-1
2
3
3
4
5
8
8
10
11
11
9
7
7
7
5
4
2
1
0
0
2
-1
-1
-2
-3
-3
-2
-1
-2
0
0
0
1
2
3
3
3
4
3
2
2
1
0
-3
-3
-4
-3
-4
-5
-4
-7
-6
-6
-6
-6
-6
-7
-6
-7
-5
-5
-6
-5
-5
-6
-4
-4
-2
-3
-1
0
3
5
6
7
6
3
1
0
-1
-2
-4
-5
-5
-6
-5
-2
0
1
1
2
3
4
4
5
4
6
4
5
5
3
4
4
4
3
5
5
4
3
5
5
4
4
3
1
0
-1
-1
-1
-1
-3
-3
-3
-1
1
0
0
0
0
2
2
3
1
-1
-3
-4
-6
-6
-6
-6
-6
-4
-3
-1
-1
-1
-1
-1
-1
0
1
0
-2
-3
-1
-2
-2
-4
-3
-5
-5
0
1
2
4
5
6
8
7
7
5
5
4
3
4
4
5
3
2
1
-2
-3
-2
-2
-3
-4
-3
-2
1
-1
0
-2
-2
-1
-1
4
4
4
1
2
2
2
0
-1
-3
-4
-5
-5
-5
-4
-5
-6
-5
-4
-3
-2
-2
-2
-2
-4
-3
-2
-2
-2
-5
-5
-5
-4
-2
-2
-3
-4
-4
-4
-2
-1
2
3
2
3
4
5
5
5
5
3
3
3
2
4
4
4
5
7
9
9
10
9
10
7
5
6
5
5
3
3
5
5
5
6
4
3
3
1
0
-1
-1
-3
-3
-5
-4
-5
-5
-4
-3
-5
-7
-6
-7
-6
-6
-7
-6
-6
-6
-5
-6
-6
-7
-6
-6
-5
-5
-5
-4
-4
-3
-3
-1
-1
0
-1
-1
-2
-2
0
-1
-3
-3
-5
-6
-3
-2
-1
0
-1
2
3
3
5
5
4
5
4
6
6
6
4
4
2
3
5
3
3
2
5
7
7
9
8
9
8
6
5
6
3
0
0
1
1
1
1
0
0
0
0
2
1
2
1
1
3
4
5
6
5
4
3
4
2
3
2
1
1
-1
0
1
-3
-4
-6
-8
-7
-7
-8
-9
-10
-10
-11
-10
-8
-8
-7
-7
-9
-8
-6
-5
-4
-6
-8
-8
-8
-6
-7
-8
-6
-6
-6
-3
-3
-4
-4
-3
-3
-1
-2
-3
-3
-4
-4
-3
-3
-2
0
2
3
4
5
8
9
9
8
9
10
12
10
10
10
9
11
9
11
11
9
9
8
8
8
8
7
6
6
5
4
4
6
6
5
5
5
7
7
6
5
4
3
3
2
2
1
0
0
-2
-2
-2
-1
-2
-2
-2
-3
-1
-2
-4
-4
-4
-6
-6
-5
-7
-5
-5
-4
-4
-3
-2
-2
-1
-3
-2
-2
-1
-2
-1
0
-1
0
-1
-2
-2
-2
-5
-5
-5
-5
-6
-7
-7
-7
-9
-10
-11
-13
-12
-14
-16
-19
-21
-24
-23
-24
-23
-22
-22
-21
-18
-17
-14
-11
-10
-9
-9
-9
-7
-5
-3
-4
-1
1
3
4
6
9
9
10
13
14
16
18
21
22
24
26
28
29
29
30
30
29
31
32
31
31
31
32
32
31
30
29
27
25
23
24
22
20
20
20
21
19
18
18
15
14
10
15
16
12
8
4
2
-2
-7
-10
-16
-20
-27
-33
-36
-43
-49
-61
-72
-75
-83
-86
-99
-119
-126
-134
-139
-151
-183
-195
-205
-217
-220
-249
-269
-267
-274
-268
-280
-300
-291
-284
-273
-267
-278
-267
-251
-240
-227
-238
-243
-237
-241
-242
-260
-289
-296
-309
-317
-326
-351
-350
-335
-315
-285
-262
-219
-153
-84
-5
78
174
271
374
478
587
729
842
944
1049
1133
1273
1384
1446
1512
1546
1602
1653
1654
1647
1616
1583
1573
1516
1434
1354
1256
1187
1096
978
869
748
643
540
416
301
183
71
-35
-146
-257
-366
-467
-574
-676
-768
-860
-941
-1032
-1123
-1187
-1251
-1302
-1352
-1425
-1463
-1486
-1509
-1516
-1555
-1571
-1554
-1544
-1516
-1511
-1512
-1473
-1440
-1395
-1356
-1339
-1288
-1228
-1166
-1094
-1045
-979
-893
-810
-715
-635
-553
-454
-361
-270
-187
-111
-39
28
82
122
151
168
170
159
138
105
64
14
-41
-90
-127
-159
-173
-169
-149
-108
-52
27
132
254
396
543
700
878
1068
1262
1457
1642
1831
2020
2201
2375
2536
2684
2817
2927
3018
3085
3120
3128
3103
3045
2957
2835
2686
2512
2311
2087
1844
1588
1319
1045
765
485
207
-69
-338
-597
-841
-1075
-1299
-1511
-1708
-1888
-2050
-2198
-2329
-2445
-2541
-2620
-2682
-2726
-2750
-2760
-2755
-2740
-2708
-2661
-2602
-2532
-2453
-2365
-2262
-2151
-2033
-1906
-1771
-1631
-1487
-1337
-1183
-1022
-864
-703
-546
-390
-240
-91
58
201
345
479
606
737
866
990
1110
1220
1331
1443
1549
1651
1739
1822
1898
1963
2020
2064
2095
2119
2129
2127
2110
2081
2037
1974
1896
1794
1678
1540
1379
1198
990
765
520
249
-35
-335
-643
-946
-1252
-1545
-1814
-2057
-2260
-2436
-2576
-2672
-2724
-2726
-2683
-2601
-2484
-2334
-2146
-1920
-1672
-1406
-1129
-841
-543
-241
63
368
668
957
1228
1482
1715
1927
2110
2255
2367
2446
2490
2500
2474
2420
2339
2226
2090
1930
1754
1570
1374
1171
960
746
539
336
141
-51
-236
-412
-578
-728
-866
-991
-1099
-1196
-1274
-1338
-1383
-1409
-1422
-1423
-1410
-1386
-1345
-1295
-1241
-1182
-1124
-1062
-997
-937
-877
-816
-759
-702
-650
-603
-554
-506
-459
-415
-375
-338
-300
-263
-225
-185
-150
-109
-67
-26
24
78
132
193
251
313
382
449
521
585
648
712
772
831
883
927
969
1009
1043
1069
1081
1081
1071
1048
1003
939
850
732
583
405
200
-37
-294
-574
-869
-1167
-1454
-1717
-1954
-2164
-2339
-2472
-2553
-2586
-2571
-2513
-2414
-2277
-2108
-1903
-1662
-1392
-1107
-809
-499
-180
154
498
849
1198
1539
1867
2181
2477
2748
2985
3183
3333
3437
3495
3514
3491
3424
3315
3165
2983
2773
2544
2297
2034
1758
1476
1192
911
635
366
99
-164
-419
-661
-888
-1102
-1300
-1482
-1649
-1794
-1916
-2011
-2082
-2130
-2160
-2168
-2157
-2126
-2078
-2014
-1941
-1859
-1771
-1677
-1579
-1479
-1378
-1282
-1188
-1099
-1013
-927
-843
-768
-702
-642
-588
-540
-497
-460
-432
-407
-385
-362
-334
-302
-260
-206
-145
-72
20
123
239
366
498
633
766
898
1024
1141
1249
1346
1433
1504
1564
1613
1653
1678
1689
1688
1676
1649
1602
1536
1446
1327
1176
993
779
532
249
-64
-402
-753
-1098
-1426
-1729
-2004
-2244
-2449
-2596
-2682
-2716
-2698
-2641
-2540
-2403
-2227
-2015
-1771
-1512
-1239
-954
-659
-349
-24
319
669
1021
1370
1712
2045
2359
2642
2882
3074
3216
3302
3341
3330
3272
3166
3010
2820
2601
2365
2113
1848
1576
1299
1022
753
493
240
-10
-255
-493
-720
-933
-1133
-1320
-1488
-1640
-1772
-1879
-1960
-2015
-2044
-2055
-2046
-2019
-1972
-1911
-1836
-1754
-1668
-1581
-1492
-1400
-1304
-1208
-1113
-1018
-927
-835
-741
-648
-556
-471
-392
-325
-261
-208
-161
-125
-100
-81
-67
-51
-31
-7
26
67
122
191
278
380
490
608
727
849
966
1072
1170
1254
1326
1382
1423
1454
1476
1491
1505
1514
1513
1506
1490
1467
1423
1354
1255
1121
945
729
474
176
-158
-523
-901
-1282
-1644
-1981
-2285
-2544
-2756
-2918
-3017
-3059
-3044
-2980
-2877
-2737
-2558
-2344
-2104
-1841
-1562
-1272
-969
-654
-321
26
382
743
1109
1472
1826
2168
2486
2774
3022
3227
3386
3504
3576
3598
3575
3507
3397
3254
3080
2882
2665
2425
2168
1899
1622
1343
1059
772
481
188
-101
-381
-655
-912
-1157
-1388
-1600
-1790
-1954
-2089
-2197
-2279
-2334
-2367
-2370
-2353
-2312
-2245
-2165
-2070
-1973
-1866
-1743
-1617
-1488
-1363
-1251
-1137
-1023
-915
-813
-731
-655
-586
-529
-479
-440
-407
-380
-358
-341
-325
-300
-273
-243
-206
-162
-95
-16
68
171
279
405
543
673
812
947
1083
1223
1343
1449
1546
1629
1707
1767
1806
1832
1845
1848
1832
1805
1761
1696
1608
1490
1350
1184
981
747
476
174
-144
-481
-822
-1163
-1497
-1801
-2078
-2318
-2518
-2682
-2787
-2839
-2851
-2819
-2757
-2648
-2495
-2312
-2104
-1876
-1630
-1361
-1069
-759
-429
-83
271
628
990
1352
1704
2038
2345
2620
2858
3056
3214
3329
3396
3416
3388
3312
3202
3054
2876
2669
2437
2185
1918
1640
1355
1068
773
476
179
-117
-407
-690
-960
-1221
-1471
-1706
-1920
-2108
-2270
-2404
-2509
-2584
-2627
-2639
-2618
-2565
-2485
-2381
-2260
-2119
-1965
-1793
-1618
-1440
-1261
-1085
-915
-752
-597
-451
-322
-206
-105
-15
60
123
172
209
235
252
266
272
279
286
293
308
327
357
395
435
490
553
623
697
771
849
934
1012
1090
1155
1211
1271
1320
1359
1388
1406
1417
1421
1415
1399
1369
1328
1271
1199
1110
1002
878
725
550
354
136
-95
-347
-611
-879
-1146
-1399
-1642
-1873
-2078
-2264
-2411
-2522
-2605
-2652
-2667
-2642
-2576
-2479
-2345
-2175
-1979
-1749
-1498
-1226
-931
-617
-284
57
403
752
1098
1439
1764
2071
2355
2610
2833
3020
3171
3287
3361
3394
3384
3335
3252
3132
2979
2799
2586
2351
2099
1826
1540
1241
933
620
304
-11
-323
-626
-919
-1198
-1458
-1699
-1917
-2107
-2270
-2402
-2502
-2571
-2607
-2612
-2587
-2534
-2453
-2351
-2229
-2092
-1939
-1780
-1613
-1447
-1280
-1120
-968
-826
-696
-580
-480
-392
-319
-260
-213
-177
-153
-134
-120
-113
-104
-95
-83
-67
-43
-15
24
69
120
180
246
318
393
473
557
642
726
810
894
974
1053
1125
1196
1259
1316
1366
1411
1449
1478
1501
1514
1517
1509
1490
1457
1412
1350
1274
1182
1067
937
792
628
448
252
45
-169
-388
-608
-825
-1036
-1234
-1418
-1584
-1728
-1846
-1940
-2007
-2042
-2050
-2028
-1978
-1897
-1791
-1661
-1507
-1335
-1144
-937
-720
-490
-257
-18
223
459
693
918
1130
1329
1509
1668
1809
1924
2014
2075
2113
2123
2108
2068
2002
1911
1799
1667
1517
1351
1170
977
776
567
355
141
-69
-277
-477
-669
-849
-1014
-1164
-1296
-1410
-1502
-1571
-1626
-1657
-1665
-1656
-1627
-1585
-1525
-1454
-1371
-1279
-1181
-1081
-980
-878
-779
-684
-592
-504
-423
-349
-280
-217
-161
-110
-67
-30
2
32
58
82
100
119
135
152
169
184
199
217
233
253
273
297
323
351
381
411
446
483
521
558
598
637
675
713
747
781
812
838
859
876
888
897
898
892
880
859
833
797
753
701
636
565
481
390
290
184
70
-51
-176
-303
-430
-556
-676
-792
-901
-1001
-1088
-1157
-1216
-1258
-1284
-1294
-1288
-1266
-1226
-1171
-1101
-1016
-918
-810
-691
-563
-427
-287
-142
6
155
301
446
582
713
833
940
1036
1117
1183
1231
1264
1280
1279
1265
1234
1190
1134
1069
993
911
822
726
629
529
426
322
218
114
13
-86
-183
-275
-361
-444
-523
-594
-658
-716
-767
-812
-847
-874
-893
-908
-916
-915
-907
-895
-877
-852
-827
-797
-766
-734
-700
-663
-626
-591
-554
-517
-478
-444
-408
-371
-335
-296
-257
-218
-176
-133
-90
-44
2
49
95
141
188
236
280
324
366
406
443
474
507
540
567
596
618
642
667
690
717
735
747
766
781
797
805
801
803
804
796
787
763
738
713
678
641
594
538
482
417
347
269
184
95
2
-92
-191
-288
-387
-485
-580
-674
-757
-830
-901
-961
-1013
-1051
-1069
-1084
-1089
-1078
-1058
-1015
-969
-920
-859
-797
-721
-639
-562
-479
-395
-310
-224
-142
-59
18
90
161
231
297
353
410
458
502
540
576
620
650
662
683
704
712
715
708
701
689
670
651
622
583
549
501
450
416
389
342
278
233
203
157
99
51
15
-21
-64
-105
-137
-165
-198
-227
-250
-267
-285
-306
-323
-334
-341
-354
-364
-373
-375
-376
-384
-387
-390
-393
-393
-396
-399
-399
-397
-388
-378
-375
-367
-357
-341
-324
-308
-284
-264
-240
-216
-190
-164
-141
-117
-84
-55
-25
9
43
77
108
144
182
224
260
289
325
362
397
429
454
482
506
520
533
539
538
533
518
498
470
431
386
331
276
220
155
83
11
-63
-136
-207
-276
-341
-399
-452
-496
-528
-549
-561
-568
-566
-546
-512
-471
-421
-361
-293
-220
-147
-68
17
103
184
263
342
413
481
536
579
610
627
636
631
613
591
559
521
468
406
345
285
220
151
85
26
-32
-91
-150
-196
-230
-274
-324
-358
-372
-389
-408
-424
-436
-445
-435
-431
-437
-431
-409
-395
-401
-386
-361
-321
-298
-298
-262
-207
-176
-159
-129
-78
-42
-20
2
39
88
104
118
140
161
176
188
198
186
180
196
203
185
168
165
168
150
133
144
145
115
110
135
137
111
109
141
153
146
159
185
199
219
249
275
296
318
351
395
408
405
433
480
477
439
435
441
428
372
313
281
220
132
39
-42
-133
-249
-371
-500
-625
-732
-849
-962
-1091
-1212
-1298
-1380
-1449
-1497
-1490
-1500
-1495
-1456
-1397
-1285
-1171
-1054
-903
-735
-539
-328
-108
123
350
578
795
1025
1242
1427
1603
1725
1827
1917
1969
2010
1975
1881
1809
1708
1590
1436
1238
1059
887
710
532
345
167
19
-106
-245
-404
-500
-541
-612
-740
-833
-810
-783
-870
-988
-954
-803
-828
-987
-955
-740
-670
-827
-859
-592
-421
-584
-692
-430
-149
-266
-482
-306
56
53
-251
-250
151
288
-70
-218
140
380
69
-228
69
396
126
-222
-4
331
142
-218
-87
272
187
-185
-136
234
247
-74
-120
186
294
58
-17
252
381
193
103
335
525
384
241
438
671
580
415
531
747
752
572
542
758
831
658
545
644
744
602
390
376
436
339
82
-86
-86
-157
-423
-689
-777
-859
-1093
-1331
-1461
-1517
-1649
-1877
-1988
-1993
-2006
-2045
-2101
-2052
-1918
-1805
-1664
-1502
-1298
-1038
-783
-502
-171
186
532
853
1193
1545
1913
2220
2478
2742
2957
3104
3204
3283
3307
3243
3112
2964
2777
2515
2202
1887
1553
1176
772
388
20
-356
-726
-1048
-1326
-1593
-1837
-2025
-2152
-2258
-2359
-2388
-2350
-2308
-2265
-2162
-2004
-1859
-1737
-1563
-1328
-1127
-973
-770
-516
-288
-139
3
234
455
565
633
763
912
979
972
966
1014
1025
930
823
770
732
620
454
332
260
151
-22
-151
-229
-320
-413
-491
-543
-562
-573
-582
-554
-512
-483
-422
-326
-243
-189
-115
3
113
174
233
331
454
547
583
647
767
882
953
995
1056
1157
1247
1270
1280
1309
1323
1287
1203
1102
979
833
623
356
85
-195
-508
-870
-1250
-1625
-1975
-2301
-2605
-2882
-3137
-3356
-3512
-3607
-3646
-3627
-3550
-3398
-3182
-2907
-2575
-2180
-1738
-1282
-801
-272
295
875
1445
1998
2539
3062
3553
4004
4409
4759
5049
5268
5419
5509
5523
5445
5271
5010
4682
4291
3823
3285
2700
2072
1405
715
20
-684
-1388
-2060
-2677
-3239
-3761
-4232
-4629
-4944
-5191
-5356
-5417
-5382
-5271
-5080
-4801
-4443
-4031
-3574
-3057
-2491
-1897
-1290
-672
-61
514
1042
1534
1972
2342
2651
2889
3051
3138
3142
3076
2948
2752
2497
2217
1919
1598
1262
911
547
196
-121
-427
-708
-941
-1148
-1333
-1463
-1534
-1574
-1583
-1555
-1477
-1340
-1173
-993
-797
-573
-319
-80
137
383
677
941
1101
1218
1407
1612
1716
1736
1782
1890
1960
1931
1848
1790
1768
1711
1572
1394
1266
1191
1037
760
464
224
-5
-330
-750
-1165
-1522
-1866
-2310
-2850
-3344
-3693
-3970
-4290
-4637
-4870
-4931
-4928
-4941
-4899
-4689
-4324
-3922
-3511
-2992
-2322
-1589
-879
-187
561
1389
2227
3003
3721
4425
5107
5708
6195
6595
6943
7202
7330
7335
7269
7133
6881
6493
5998
5435
4808
4111
3346
2534
1691
813
-84
-977
-1845
-2675
-3473
-4232
-4928
-5524
-6009
-6413
-6743
-6961
-7025
-6969
-6835
-6607
-6250
-5787
-5273
-4708
-4064
-3353
-2620
-1882
-1127
-370
370
1073
1737
2352
2907
3399
3823
4166
4412
4578
4660
4649
4539
4334
4046
3674
3234
2751
2228
1656
1042
418
-188
-767
-1308
-1801
-2244
-2646
-3004
-3258
-3375
-3382
-3337
-3258
-3098
-2819
-2443
-2008
-1564
-1165
-763
-279
278
834
1310
1690
2025
2326
2544
2698
2926
3211
3352
3230
3004
2934
3041
3101
2976
2731
2482
2277
2054
1782
1459
1038
495
-51
-511
-917
-1399
-2025
-2823
-3954
-5382
-6527
-6568
-5907
-5806
-6739
-7792
-7875
-7279
-7091
-7295
-6952
-5728
-4489
-3858
-3107
-1521
252
879
592
1007
2975
5483
7077
7626
8007
8690
9261
9436
9588
10046
10476
10362
9843
9507
9415
8972
7723
6002
4512
3587
3031
2429
1484
114
-1514
-3097
-4416
-5451
-6280
-6979
-7593
-8161
-8644
-8914
-9043
-9281
-9719
-10018
-9606
-8405
-7006
-6013
-5481
-5013
-4359
-3516
-2473
-1171
243
1412
2236
2918
3620
4296
4704
4827
4920
5188
5685
6119
6110
5612
4836
4088
3531
3141
2879
2607
2118
1323
402
-360
-894
-1312
-1757
-2176
-2407
-2488
-2503
-2566
-2729
-2857
-2875
-2690
-2249
-1646
-1051
-637
-429
-328
-89
378
951
1472
1859
2121
2289
2405
2483
2516
2483
2391
2327
2325
2298
2133
1755
1261
900
834
1030
1233
1197
924
495
-23
-530
-865
-947
-967
-1206
-1672
-2159
-2661
-3537
-5004
-6521
-7171
-6757
-6090
-6013
-6464
-6798
-6816
-6896
-7094
-6757
-5487
-3842
-2624
-1784
-636
939
2203
2680
2943
3930
5747
7612
8872
9607
10169
10558
10529
10195
10022
10221
10454
10235
9563
8776
8021
7064
5685
4037
2505
1337
466
-358
-1349
-2554
-3892
-5268
-6595
-7742
-8511
-8820
-8849
-8899
-9081
-9245
-9241
-9111
-8961
-8691
-8013
-6805
-5337
-4035
-3099
-2374
-1662
-921
-112
878
2091
3300
4169
4581
4703
4755
4793
4766
4680
4623
4659
4661
4416
3843
3057
2248
1531
957
575
364
152
-270
-956
-1704
-2257
-2539
-2626
-2614
-2525
-2381
-2250
-2171
-2115
-2018
-1844
-1556
-1107
-490
197
763
1074
1156
1199
1380
1742
2204
2606
2815
2804
2660
2498
2390
2325
2267
2152
1889
1463
1064
943
1080
1192
1016
649
380
419
624
599
202
-283
-489
-504
-762
-1396
-2012
-2436
-3290
-5192
-7481
-8480
-7608
-6316
-6332
-7524
-8280
-7967
-7559
-7726
-7550
-5960
-3650
-2192
-1810
-1067
934
3131
4099
4080
4625
6511
8832
10373
11049
11514
11924
11814
11122
10539
10637
11037
10841
9731
8209
6874
5758
4491
2881
1144
-358
-1513
-2500
-3535
-4648
-5727
-6777
-7900
-9016
-9791
-9915
-9521
-9084
-8926
-8933
-8784
-8353
-7742
-6997
-5965
-4549
-2977
-1617
-611
205
1022
1803
2458
3096
3882
4777
5475
5706
5500
5064
4569
4079
3662
3367
3189
2977
2524
1776
911
157
-421
-907
-1327
-1613
-1780
-1972
-2288
-2643
-2874
-2899
-2758
-2536
-2286
-2008
-1742
-1557
-1418
-1182
-731
-95
559
1028
1274
1427
1567
1680
1778
1946
2223
2504
2622
2569
2519
2522
2454
2234
1924
1578
1214
1054
1304
1762
1841
1386
866
706
665
418
148
125
207
137
-84
-610
-1579
-2863
-4499
-6980
-9910
-11106
-9295
-6629
-6555
-8672
-9492
-8180
-7556
-8782
-8763
-5604
-2115
-1364
-1834
-156
3592
6322
6681
6432
7513
9720
11642
12666
13265
13890
14100
13257
11734
10773
10888
11105
10277
8449
6409
4551
2868
1373
-31
-1629
-3369
-4780
-5732
-6695
-7832
-8620
-8910
-9328
-10248
-10948
-10538
-9291
-8234
-7789
-7484
-6809
-5823
-4813
-3789
-2526
-1022
314
1130
1563
2116
3016
3855
4228
4212
4169
4277
4228
3781
3110
2483
1984
1443
807
308
67
-122
-576
-1285
-1864
-2046
-1928
-1792
-1696
-1506
-1228
-1003
-967
-944
-650
-181
229
449
645
989
1367
1538
1491
1487
1627
1760
1751
1714
1857
2113
2183
1920
1527
1294
1251
1219
1121
1077
1129
1079
792
467
423
672
873
787
575
503
657
924
1109
993
492
-86
-302
-229
-460
-1268
-2289
-3447
-5444
-8414
-10755
-10744
-9069
-8186
-8961
-9668
-8928
-7861
-7947
-8291
-6975
-4233
-2183
-1516
-413
2554
6180
8323
8767
9115
10366
11875
12777
13288
14033
14787
14674
13476
12004
11056
10497
9612
8021
5931
3752
1779
133
-1311
-2803
-4372
-5789
-6952
-8069
-9170
-9836
-9800
-9524
-9624
-9923
-9661
-8618
-7347
-6309
-5367
-4246
-3059
-2069
-1256
-364
763
1949
2808
3128
3224
3556
4025
4045
3430
2733
2385
2067
1367
591
199
3
-572
-1555
-2368
-2693
-2735
-2747
-2713
-2559
-2327
-2068
-1803
-1544
-1231
-741
-102
400
652
955
1505
2069
2282
2209
2237
2389
2393
2195
2015
1960
1867
1640
1380
1153
931
747
648
557
359
129
95
310
625
892
1040
1028
991
1188
1575
1746
1547
1434
1764
2172
2199
2091
2227
2330
1979
1463
1193
713
-518
-2199
-4295
-7809
-12476
-15169
-13593
-10478
-10252
-12273
-12074
-9207
-8219
-10529
-11349
-7491
-2873
-2137
-3066
-373
5816
10497
11405
11268
12675
14634
15226
14779
15011
16332
17314
16548
14383
12459
11602
10856
8942
5949
2858
147
-2228
-4116
-5427
-6577
-7807
-8795
-9614
-10935
-12572
-13068
-11909
-10700
-10677
-10551
-8657
-5830
-4094
-3436
-2205
-183
1152
1374
1883
3518
5310
6149
6209
6149
6005
5553
4899
4116
3095
1986
1037
87
-1156
-2290
-2711
-2814
-3614
-5026
-5809
-5522
-5072
-5019
-4665
-3553
-2452
-2067
-1852
-1002
238
1160
1678
2141
2598
2965
3366
3842
4101
3971
3699
3369
2781
2011
1512
1354
1006
256
-374
-511
-529
-819
-1129
-1123
-1055
-1204
-1203
-624
283
966
1364
1728
2115
2528
3064
3533
3440
2878
2747
3450
4214
4248
3783
3337
2888
2305
1632
631
-971
-2841
-5229
-9646
-15740
-19214
-16981
-12942
-13069
-15876
-14813
-9921
-8278
-11522
-12409
-7060
-1695
-1905
-3278
975
9036
14164
14872
15107
17013
18768
18666
17518
17001
17584
18067
16865
14114
11871
11213
10424
7615
3429
-421
-3648
-6610
-8749
-9691
-10307
-11060
-11291
-11197
-12077
-13583
-13446
-11271
-9631
-9732
-9139
-5906
-1936
117
903
2631
5060
6093
5436
5088
6190
7489
7408
6161
5160
4883
4437
3141
1321
-312
-1665
-3219
-4998
-6457
-7082
-6963
-6905
-7439
-8075
-7887
-6833
-5856
-5346
-4516
-2800
-928
217
1058
2476
4247
5344
5439
5364
5702
6107
6105
5722
5310
4980
4450
3557
2413
1314
507
-173
-1029
-2005
-2581
-2530
-2281
-2283
-2318
-1925
-1278
-890
-688
-62
1091
2191
2870
3386
4088
4951
5710
6056
5771
5106
4724
4802
4736
4104
3296
2735
2207
1434
426
-990
-2927
-5081
-7934
-13054
-19690
-23248
-21036
-17399
-17697
-19347
-16134
-9741
-7893
-10969
-10737
-4339
776
-280
-1468
3963
12736
17605
18193
19262
22131
23707
22258
19578
17955
17533
16686
14153
10810
8831
8524
7533
4201
-251
-4167
-7680
-11107
-13463
-14269
-14527
-14555
-13526
-11939
-11448
-11530
-9875
-6783
-5266
-5752
-4925
-1238
2622
4424
5657
8089
10423
10695
9443
8446
8057
7376
5847
3667
1515
200
-279
-1052
-2917
-5093
-6544
-7739
-9579
-11406
-11744
-10625
-9582
-9286
-8757
-7090
-4806
-2953
-1664
-317
1338
2893
4020
4993
6225
7623
8594
8668
8063
7429
7039
6436
5123
3446
2130
1185
32
-1347
-2260
-2499
-2790
-3632
-4495
-4672
-4270
-3852
-3510
-2838
-1700
-473
484
1341
2551
4078
5296
5779
5889
6237
6892
7465
7631
7267
6415
5380
4514
3800
3000
2118
1253
271
-850
-1868
-2941
-4536
-6388
-8250
-11814
-18415
-24632
-25104
-20773
-18527
-20039
-18646
-11296
-5175
-5931
-7621
-2821
4407
5519
2254
3652
11344
18021
19595
19806
22284
25038
24679
21456
18074
16001
14194
10897
6280
2837
2117
2235
507
-2809
-5757
-8188
-11065
-13778
-15092
-15464
-15654
-14793
-12339
-9904
-8333
-5746
-1345
1976
2023
1360
3238
6263
7283
6991
8241
10692
11366
9762
8320
8071
7240
4468
846
-2117
-4333
-6322
-8032
-9114
-9672
-10030
-10263
-10438
-10566
-10339
-9492
-8367
-7579
-6836
-5126
-2377
290
2237
4084
6211
7781
8122
7951
8160
8326
7612
6327
5390
4884
4216
3249
2272
1226
-138
-1701
-3146
-4370
-5272
-5615
-5519
-5409
-5235
-4429
-2992
-1714
-964
-161
1090
2249
2788
3124
3944
5144
6142
6774
7267
7595
7586
7365
7118
6575
5364
3777
2458
1476
444
-540
-1031
-1275
-1907
-2668
-2896
-3150
-4428
-6181
-7673
-10782
-17193
-23308
-23614
-19411
-17525
-18832
-16463
-8288
-2036
-2622
-3586
1619
8080
7859
3691
4459
11029
16198
16731
16833
19855
23252
23212
19918
16332
14004
11498
7005
1502
-1898
-2148
-1898
-3438
-5576
-6485
-6957
-8418
-10153
-11006
-11603
-12414
-12136
-10176
-7981
-5940
-2306
2830
6206
6370
6282
8210
9889
8769
6617
6452
7456
6731
4367
3076
3618
3634
1294
-2286
-4996
-6655
-8740
-11563
-13592
-13684
-12640
-11897
-11303
-9704
-7090
-4637
-3207
-2477
-1524
38
1747
2890
3613
4890
6938
8589
8938
8756
8979
8894
7338
4769
2761
1739
725
-699
-1862
-2291
-2389
-2754
-3290
-3546
-3480
-3479
-3817
-4188
-3944
-2902
-1536
-328
855
2400
4082
5172
5415
5430
5771
6107
5773
4965
4545
4757
4933
4688
4455
4470
4122
2952
1482
387
-434
-1418
-2531
-3353
-3494
-2945
-2446
-2853
-3750
-4390
-6429
-12347
-19833
-22717
-20134
-18707
-21248
-20922
-12906
-4147
-2513
-3347
1961
10206
11429
6101
4390
9484
13956
13286
12209
15407
20258
22036
20484
18367
16923
14718
10087
3641
-1751
-4162
-5177
-7183
-9438
-9633
-8091
-7058
-6928
-6657
-6629
-7663
-8607
-8166
-7303
-6724
-4552
87
4291
5769
6907
10304
13567
13039
9918
8061
7606
5576
1636
-1223
-1541
-1316
-2630
-4823
-6104
-6280
-6834
-8836
-11444
-12975
-13025
-12668
-12524
-11605
-8873
-5077
-1884
259
2283
4699
6609
6946
6104
5579
5986
6366
5894
5277
5519
6080
5628
4176
2934
2189
979
-1164
-3354
-4628
-5075
-5246
-5272
-4837
-3774
-2472
-1528
-1017
-400
629
1509
1651
1485
1929
3074
4113
4558
4830
5466
6194
6253
5481
4569
4043
3519
2549
1564
1181
1105
764
344
353
561
403
-63
-406
-482
-454
-672
-1420
-2197
-2574
-4329
-9982
-17351
-20382
-18105
-17213
-20800
-21679
-14358
-5827
-4594
-5898
-272
9192
11559
6657
4952
9906
13717
11713
9232
11516
15897
17441
16011
14446
13777
12548
9167
3851
-1177
-4014
-5647
-8143
-10859
-11297
-9247
-6873
-5142
-3419
-1880
-1122
-436
753
1173
368
663
3204
5300
5025
5103
8121
11332
10816
7848
6281
5955
3595
-1144
-5151
-6858
-7936
-9961
-12034
-12415
-10992
-9335
-8786
-8825
-8017
-6324
-5202
-5212
-4920
-3105
-648
1060
2237
3987
6296
7932
8111
7399
6781
6289
5058
2793
561
-564
-1035
-1905
-2994
-3197
-2480
-2044
-2475
-2985
-2767
-2196
-2120
-2559
-2682
-1968
-854
-2
677
1775
3303
4524
4948
4938
5053
5195
4839
3909
2974
2507
2266
1762
1115
869
1022
880
188
-387
-227
269
285
-188
-308
408
1331
1654
1608
1976
2702
3131
3336
3671
3540
2384
885
-1176
-6096
-13762
-19088
-18994
-18436
-22185
-25002
-19595
-10257
-6796
-7685
-3059
7100
12137
8871
6507
10497
14458
12610
9118
9953
13640
15396
14445
13010
12133
11091
8840
4757
-342
-4413
-6904
-9510
-12790
-14540
-13105
-9903
-6902
-4223
-1432
1340
4017
6386
7315
6440
5768
6708
7335
5807
4281
5580
7989
7884
5689
4674
5054
3792
-160
-4430
-7136
-9067
-11518
-14071
-15223
-14278
-12110
-10152
-8596
-6250
-2773
211
1292
1406
2279
3698
4112
3358
2924
3616
4507
4459
3757
3496
3775
3480
1919
-131
-1541
-2394
-3522
-4957
-5811
-5584
-4729
-3890
-3151
-2143
-722
633
1310
1348
1456
1929
2167
1797
1457
1888
2821
3456
3705
4063
4555
4617
4009
3179
2512
1736
517
-764
-1438
-1523
-1566
-1617
-1166
-114
986
1728
2205
2605
3008
3401
3536
3172
2706
2778
3238
3513
3682
3927
3651
2500
1056
-1318
-6650
-13876
-18236
-18578
-20125
-24862
-26033
-19084
-10697
-8200
-6998
686
11100
14723
12121
11861
15540
16522
12412
8396
8064
9026
8413
6695
5344
4815
4716
3924
1292
-2432
-5156
-6669
-8691
-11385
-12612
-11195
-8292
-5172
-1971
1500
5419
9624
12764
13293
12060
11470
11327
9044
4671
1664
1375
1052
-1044
-2753
-2219
-1117
-1620
-3283
-4674
-5697
-6903
-8470
-10300
-11720
-11473
-9489
-7445
-6018
-3518
845
4743
6140
6493
7805
8850
7435
4414
2292
1305
-175
-2319
-3646
-3564
-3001
-2740
-2633
-2387
-2053
-1852
-2066
-2793
-3575
-3749
-3348
-3014
-2789
-1856
73
2012
3046
3619
4526
5316
4972
3704
2673
2146
1371
227
-418
-190
263
447
644
1086
1479
1553
1353
929
374
-3
-137
-404
-797
-603
473
1649
2261
2766
3745
4789
5198
4996
4656
4374
4039
3555
3011
2623
2262
1358
-45
-1265
-3026
-7359
-13481
-17127
-17176
-18402
-22817
-24242
-18128
-10388
-8052
-7121
-51
10186
14612
13095
13251
16783
17780
13845
9447
7874
7293
5435
2806
761
-114
39
153
-1077
-3173
-4325
-4433
-5230
-7098
-8257
-7503
-5545
-3418
-1365
1013
4415
8702
12034
12821
12353
12848
13276
10826
6144
2823
1613
-292
-3767
-6189
-6124
-5413
-5624
-5992
-5677
-5166
-4943
-5036
-5701
-6733
-6894
-5831
-4995
-4952
-3907
-845
2232
3483
4203
6077
7806
7318
5283
3699
2552
522
-2229
-4337
-5356
-5826
-5962
-5632
-4951
-3984
-2640
-1339
-782
-761
-396
248
227
-424
-493
402
1199
1308
1569
2597
3601
3706
3270
3034
2854
2179
1095
170
-354
-646
-816
-812
-574
-89
585
1202
1490
1519
1592
1709
1522
1010
692
886
1266
1551
2024
2888
3695
4103
4440
4869
4854
4148
3405
3111
2866
2156
930
-597
-1977
-3067
-5165
-9560
-14316
-16003
-15612
-17589
-21286
-20435
-13789
-8213
-7168
-4803
3103
11097
13172
12301
13956
16711
16041
12279
8967
7084
5306
3140
815
-1430
-2670
-2301
-1710
-2611
-4153
-4327
-3390
-3273
-4406
-5244
-4488
-2478
-595
405
1621
4658
8639
10728
10452
10513
11977
12098
9086
5341
3348
1846
-1082
-4355
-6069
-6563
-6967
-7116
-6685
-6199
-5700
-4642
-3604
-3703
-4278
-3754
-2609
-2563
-3194
-2425
-282
1131
1391
2207
4039
5183
4716
3771
3175
2228
416
-1648
-3355
-4696
-5595
-5882
-5843
-5639
-4741
-3047
-1570
-935
-313
911
1812
1592
1081
1271
1642
1386
961
1118
1593
1791
1774
1827
1873
1829
1731
1417
819
368
357
297
-159
-438
-8
640
822
803
1191
1816
2066
1897
1781
1935
2137
2225
2359
2695
3112
3421
3663
3922
4023
3781
3377
3082
2869
2590
2069
950
-738
-2209
-3428
-6117
-10937
-15057
-15972
-16148
-18887
-21469
-18768
-12206
-7921
-6486
-2513
5377
11835
13416
13156
14530
16283
15415
11746
7642
5129
3957
2138
-1249
-4114
-4147
-2634
-2645
-4223
-4598
-3001
-1721
-2225
-3231
-3092
-1834
-508
266
920
2536
5390
8116
9378
9776
10641
11590
11038
8691
5883
3580
1459
-1138
-4139
-6617
-7646
-7497
-7471
-7939
-7616
-5782
-3895
-3472
-3670
-2817
-1302
-841
-1523
-1708
-662
494
755
681
1364
2699
3500
3170
2423
2107
1870
734
-1258
-2983
-3827
-4404
-5335
-6140
-5941
-4792
-3587
-2810
-1969
-532
1078
1960
2003
2017
2435
2654
2081
1179
807
957
908
437
129
435
1002
1204
1006
913
1191
1439
1199
669
427
589
685
479
342
631
1121
1395
1466
1694
2135
2450
2493
2614
3075
3511
3495
3317
3498
3774
3448
2632
2109
2005
1771
1270
794
118
-1072
-2269
-3337
-5572
-9569
-13131
-14253
-14672
-16971
-19256
-17423
-12032
-7764
-5957
-2703
4110
10820
13395
13170
14009
16079
15967
12186
7460
4773
3481
979
-2982
-5779
-5783
-4563
-4365
-5004
-4603
-2657
-763
-324
-797
-674
470
1606
1848
1736
2529
4491
6443
7333
7570
8277
9457
9736
8248
5928
4204
2900
657
-2705
-5593
-6857
-7341
-8328
-9401
-9128
-7373
-5561
-4600
-3763
-2109
-100
998
954
831
1351
1880
1544
701
447
989
1377
1017
504
565
859
507
-582
-1642
-2223
-2732
-3639
-4628
-5000
-4626
-4042
-3587
-2937
-1708
-177
1005
1646
2159
2806
3231
2980
2243
1624
1322
941
240
-381
-442
-81
183
234
440
988
1526
1665
1500
1415
1488
1418
1060
689
632
791
843
791
964
1477
1997
2267
2511
3034
3647
3889
3727
3555
3526
3311
2659
1813
1172
861
709
446
-156
-997
-1671
-2234
-3671
-6642
-10012
-12038
-12968
-14668
-17129
-17610
-14579
-10333
-7598
-5305
-598
6043
10908
12332
12770
14512
16022
14498
10351
6658
4747
2809
-747
-4598
-6385
-6018
-5478
-5802
-5831
-4273
-1722
99
600
868
1899
3238
3739
3258
2897
3560
4798
5489
5449
5649
6715
7826
7734
6502
5310
4602
3400
903
-2127
-4367
-5692
-7062
-8769
-9837
-9431
-8040
-6730
-5656
-4084
-1759
466
1696
2135
2613
3256
3311
2400
1245
703
580
96
-813
-1366
-1171
-862
-1134
-1767
-2067
-1974
-2109
-2785
-3511
-3712
-3486
-3330
-3308
-2951
-1994
-792
174
905
1728
2651
3254
3262
2903
2545
2185
1569
712
-22
-358
-424
-469
-453
-159
425
1015
1387
1637
1930
2180
2167
1908
1659
1531
1372
1091
890
1004
1326
1592
1807
2219
2868
3415
3583
3506
3456
3402
3058
2347
1542
972
675
422
-64
-827
-1581
-2118
-2866
-4608
-7303
-9746
-11098
-12141
-13951
-15669
-15227
-12401
-9321
-7267
-4707
17
5613
9276
10587
11740
13784
14876
13151
9652
6828
5094
2730
-1037
-4574
-6099
-6044
-6094
-6610
-6297
-4359
-1790
-51
786
1758
3304
4636
4915
4396
4086
4464
4960
4872
4417
4474
5291
6005
5791
4964
4410
4118
3137
1050
-1331
-3072
-4360
-5948
-7766
-8840
-8647
-7778
-6987
-6105
-4470
-2151
-52
1249
2140
3174
4074
4136
3352
2469
1929
1337
273
-928
-1616
-1756
-1923
-2385
-2756
-2664
-2361
-2359
-2682
-2880
-2719
-2479
-2458
-2494
-2193
-1500
-754
-195
330
1049
1835
2329
2404
2289
2192
1990
1474
745
135
-203
-420
-656
-760
-524
-20
480
885
1321
1823
2207
2312
2234
2143
2020
1735
1338
1056
1000
1036
1035
1116
1445
1950
2363
2568
2704
2894
3040
2954
2590
2121
1753
1477
1060
290
-713
-1652
-2525
-3788
-5743
-7939
-9602
-10654
-11714
-12904
-13287
-12054
-9721
-7406
-5174
-2097
2026
5954
8497
9972
11383
12658
12648
10885
8360
6171
4168
1547
-1568
-4039
-5182
-5534
-5862
-6011
-5245
-3500
-1610
-256
767
1996
3374
4289
4434
4230
4265
4548
4617
4291
3994
4154
4565
4642
4213
3678
3318
2797
1645
-27
-1645
-2950
-4238
-5729
-7047
-7659
-7556
-7164
-6640
-5672
-4084
-2250
-687
559
1767
2926
3629
3655
3296
2907
2424
1607
544
-371
-964
-1441
-2000
-2505
-2701
-2638
-2598
-2695
-2734
-2547
-2257
-2062
-1921
-1630
-1123
-569
-104
331
854
1414
1842
2049
2117
2143
2095
1877
1480
1047
699
435
165
-98
-221
-119
127
381
620
933
1341
1700
1862
1847
1783
1705
1507
1155
800
613
591
612
681
939
1406
1877
2175
2386
2644
2830
2702
2305
1938
1705
1315
535
-415
-1212
-2000
-3264
-5104
-6985
-8435
-9652
-11024
-12278
-12603
-11690
-10106
-8373
-6210
-3099
659
4088
6673
8753
10679
12025
12098
10926
9211
7414
5321
2658
-178
-2442
-3858
-4770
-5475
-5711
-5098
-3770
-2310
-1078
111
1487
2852
3772
4133
4281
4529
4775
4742
4442
4235
4332
4503
4401
4027
3670
3385
2855
1828
475
-851
-2093
-3460
-4965
-6263
-7024
-7301
-7307
-7029
-6246
-4926
-3363
-1868
-467
937
2226
3117
3500
3535
3371
2965
2242
1305
377
-441
-1191
-1916
-2532
-2920
-3106
-3188
-3216
-3142
-2919
-2609
-2304
-1989
-1594
-1116
-637
-191
272
784
1273
1653
1926
2141
2284
2272
2075
1763
1418
1045
619
187
-152
-331
-369
-312
-147
153
552
948
1273
1529
1722
1812
1755
1605
1445
1326
1249
1223
1302
1513
1836
2205
2528
2751
2883
2972
2978
2771
2337
1881
1598
1346
771
-184
-1143
-1892
-2901
-4760
-7201
-9199
-10368
-11481
-13081
-14204
-13443
-11053
-8637
-6734
-4066
300
5028
8107
9512
10878
12792
13644
12091
9144
6725
5107
2819
-710
-3971
-5445
-5587
-5883
-6551
-6330
-4545
-2205
-630
222
1376
3137
4611
4972
4591
4491
4956
5278
4869
4175
4071
4615
4946
4495
3737
3392
3276
2534
893
-914
-2203
-3238
-4662
-6351
-7465
-7576
-7172
-6827
-6332
-5093
-3155
-1263
104
1241
2544
3753
4261
3985
3451
3011
2411
1329
-19
-1090
-1724
-2273
-2960
-3521
-3607
-3337
-3137
-3124
-3002
-2574
-2055
-1744
-1583
-1259
-669
-63
357
699
1189
1772
2171
2260
2202
2163
2040
1646
1043
494
120
-217
-604
-882
-859
-592
-293
-20
358
879
1348
1589
1669
1743
1777
1626
1322
1074
988
975
967
1072
1397
1853
2255
2551
2822
3050
3073
2800
2358
1911
1417
776
90
-424
-780
-1241
-1915
-2618
-3263
-4115
-5422
-6936
-8200
-9117
-9940
-10628
-10649
-9628
-7823
-5747
-3439
-567
2795
5945
8252
9788
10933
11574
11174
9583
7361
5117
2853
312
-2298
-4342
-5451
-5875
-5963
-5649
-4640
-2994
-1202
328
1632
2919
4116
4876
5041
4876
4714
4585
4280
3771
3332
3188
3218
3124
2810
2444
2117
1642
784
-417
-1688
-2868
-4025
-5210
-6228
-6783
-6803
-6445
-5814
-4833
-3441
-1831
-291
1037
2170
3096
3659
3741
3402
2801
2039
1120
85
-920
-1742
-2352
-2798
-3078
-3151
-3020
-2773
-2493
-2185
-1832
-1465
-1135
-839
-529
-177
191
535
867
1213
1550
1793
1895
1883
1793
1597
1256
805
355
-28
-348
-618
-770
-722
-481
-133
257
694
1187
1666
2024
2212
2262
2227
2104
1872
1551
1231
1007
913
911
970
1113
1369
1709
2021
2185
2175
2070
1926
1664
1191
579
60
-266
-575
-1075
-1711
-2260
-2753
-3529
-4804
-6326
-7661
-8727
-9760
-10747
-11194
-10636
-9189
-7326
-5196
-2516
771
4123
6845
8782
10223
11214
11346
10312
8425
6284
4141
1832
-651
-2847
-4253
-4845
-4973
-4807
-4142
-2831
-1165
361
1559
2618
3676
4518
4852
4743
4565
4536
4510
4288
3981
3875
4015
4090
3842
3346
2812
2208
1264
-112
-1649
-3028
-4210
-5344
-6371
-6975
-6942
-6417
-5679
-4769
-3532
-2003
-514
617
1417
2081
2584
2677
2293
1679
1104
563
-111
-883
-1512
-1860
-2057
-2306
-2584
-2706
-2632
-2540
-2571
-2611
-2459
-2111
-1743
-1423
-1000
-375
328
917
1341
1706
2028
2178
2045
1695
1291
891
443
-52
-457
-635
-591
-429
-178
212
751
1319
1788
2132
2384
2548
2555
2379
2089
1770
1465
1172
916
758
754
898
1141
1445
1799
2176
2505
2699
2723
2586
2298
1859
1300
690
126
-334
-679
-926
-1095
-1229
-1443
-1863
-2570
-3590
-4921
-6497
-8160
-9698
-10899
-11571
-11540
-10684
-8991
-6574
-3617
-355
2945
5969
8407
10049
10794
10637
9627
7897
5668
3218
828
-1294
-2976
-4078
-4533
-4385
-3751
-2761
-1563
-318
826
1761
2443
2874
3097
3194
3247
3328
3512
3838
4295
4811
5296
5657
5799
5621
5044
4061
2720
1114
-640
-2404
-4019
-5318
-6185
-6565
-6464
-5912
-4982
-3801
-2540
-1346
-313
485
988
1173
1092
842
522
188
-110
-313
-384
-356
-309
-288
-341
-500
-804
-1259
-1824
-2425
-2978
-3405
-3642
-3638
-3348
-2773
-1976
-1046
-75
860
1645
2178
2408
2349
2052
1541
888
208
-385
-804
-1021
-1019
-797
-364
208
808
1342
1776
2085
2227
2157
1912
1579
1230
894
597
393
338
435
656
945
1261
1605
1942
2219
2382
2438
2420
2335
2166
1917
1623
1312
1016
762
580
459
384
378
429
436
243
-236
-1008
-2072
-3492
-5313
-7388
-9354
-10888
-11912
-12399
-12120
-10768
-8397
-5442
-2304
910
4159
7066
9070
9962
9979
9430
8318
6533
4336
2271
707
-453
-1438
-2142
-2293
-1927
-1455
-1177
-1011
-738
-376
-151
-105
12
475
1278
2202
3144
4192
5394
6521
7233
7394
7106
6462
5374
3767
1827
-107
-1805
-3245
-4429
-5211
-5438
-5162
-4621
-4014
-3368
-2684
-2095
-1779
-1747
-1814
-1835
-1815
-1766
-1564
-1067
-317
486
1207
1828
2298
2445
2148
1443
470
-635
-1808
-2937
-3845
-4364
-4424
-4096
-3472
-2599
-1542
-463
448
1091
1483
1639
1541
1217
792
391
79
-114
-185
-114
97
391
690
926
1085
1178
1193
1117
980
845
753
715
723
784
909
1069
1214
1302
1339
1334
1284
1183
1059
958
922
958
1045
1182
1385
1637
1876
2037
2097
2075
1967
1726
1337
880
467
151
-114
-337
-463
-441
-384
-545
-1069
-1921
-3023
-4458
-6341
-8462
-10330
-11569
-12150
-12137
-11299
-9333
-6378
-3030
187
3205
6030
8316
9518
9501
8750
7727
6440
4747
2912
1542
880
573
227
-109
-128
79
33
-497
-1186
-1554
-1571
-1506
-1366
-774
538
2277
3925
5301
6545
7662
8264
8002
7013
5718
4313
2688
881
-776
-1916
-2545
-2918
-3163
-3201
-3004
-2807
-2871
-3197
-3580
-3902
-4220
-4516
-4573
-4200
-3434
-2452
-1345
-118
1112
2097
2637
2723
2434
1802
844
-328
-1495
-2460
-3156
-3589
-3739
-3565
-3111
-2537
-1983
-1490
-1034
-661
-436
-330
-246
-106
73
259
465
712
966
1156
1242
1231
1157
1043
892
732
630
637
739
896
1086
1303
1512
1658
1692
1631
1509
1346
1150
964
839
809
858
965
1121
1312
1499
1632
1696
1701
1668
1602
1509
1417
1365
1359
1361
1326
1248
1126
923
599
189
-210
-535
-789
-976
-1063
-1055
-1077
-1313
-1890
-2806
-4035
-5579
-7356
-9093
-10403
-11038
-10950
-10113
-8442
-5984
-3078
-191
2378
4506
6070
6882
6884
6294
5462
4618
3817
3116
2671
2559
2619
2578
2289
1801
1160
314
-723
-1743
-2442
-2658
-2395
-1690
-538
1011
2743
4344
5595
6434
6835
6735
6130
5184
4132
3136
2248
1504
971
638
385
49
-454
-1132
-1995
-3049
-4188
-5209
-5941
-6321
-6312
-5831
-4847
-3517
-2101
-740
508
1529
2160
2345
2203
1874
1412
834
237
-267
-645
-956
-1280
-1616
-1926
-2191
-2454
-2719
-2883
-2846
-2611
-2258
-1809
-1235
-590
-8
414
690
862
916
851
715
603
576
626
714
825
955
1085
1142
1084
929
730
523
320
157
89
147
312
537
791
1045
1262
1404
1439
1390
1295
1187
1098
1062
1110
1239
1418
1618
1802
1929
1955
1858
1660
1386
1049
667
292
-20
-248
-403
-494
-488
-387
-249
-156
-155
-275
-599
-1233
-2208
-3435
-4795
-6190
-7488
-8477
-8922
-8714
-7912
-6603
-4869
-2836
-764
1070
2517
3566
4253
4584
4594
4448
4330
4312
4349
4352
4298
4159
3839
3218
2294
1200
81
-950
-1813
-2378
-2516
-2195
-1509
-593
440
1513
2500
3271
3762
4006
4079
4021
3861
3641
3423
3224
2989
2643
2151
1489
642
-394
-1588
-2838
-4015
-5003
-5727
-6138
-6161
-5764
-5017
-4064
-3008
-1913
-880
-15
627
1079
1367
1513
1552
1523
1434
1274
1039
719
285
-258
-864
-1459
-2005
-2459
-2746
-2817
-2683
-2385
-1970
-1486
-995
-547
-179
99
295
436
559
685
828
978
1139
1293
1398
1436
1402
1313
1173
999
816
666
564
513
505
531
579
626
654
659
641
614
586
570
584
628
704
802
916
1030
1131
1210
1261
1285
1283
1243
1158
1006
778
472
89
-357
-848
-1345
-1789
-2129
-2341
-2422
-2378
-2232
-2009
-1754
-1508
-1320
-1225
-1238
-1329
-1446
-1545
-1598
-1587
-1494
-1303
-1028
-696
-352
-30
251
471
632
746
830
899
956
1008
1065
1130
1191
1228
1228
1195
1143
1081
1019
971
945
950
983
1043
1126
1215
1294
1346
1363
1343
1293
1210
1095
950
788
619
448
278
118
-25
-149
-254
-345
-427
-496
-557
-618
-687
-761
-831
-887
-923
-929
-894
-823
-723
-606
-481
-374
-308
-292
-329
-418
-550
-698
-840
-957
-1036
-1065
-1042
-974
-870
-752
-630
-517
-425
-356
-313
-288
-275
-265
-258
-243
-210
-160
-94
-21
54
128
195
248
283
299
288
253
205
150
95
55
37
50
94
167
266
388
513
627
720
784
809
798
758
692
617
547
492
465
465
495
552
634
728
822
907
972
1008
1016
994
945
867
773
670
564
461
369
286
200
107
-8
-151
-347
-600
-901
-1241
-1604
-1975
-2331
-2647
-2900
-3073
-3158
-3154
-3068
-2909
-2689
-2420
-2118
-1793
-1455
-1122
-802
-504
-223
43
296
529
745
963
1181
1395
1605
1809
2003
2171
2305
2403
2465
2490
2470
2406
2309
2190
2054
1907
1757
1612
1485
1374
1290
1234
1203
1186
1169
1140
1087
1005
879
707
498
271
34
-202
-422
-600
-729
-817
-882
-929
-973
-1024
-1096
-1179
-1269
-1371
-1476
-1581
-1670
-1736
-1778
-1795
-1793
-1767
-1721
-1652
-1561
-1455
-1342
-1233
-1127
-1030
-940
-863
-806
-761
-721
-682
-640
-586
-522
-453
-384
-309
-226
-141
-62
9
80
150
217
283
356
439
525
618
719
822
921
1009
1081
1135
1165
1171
1152
1120
1077
1036
1004
991
1000
1031
1088
1165
1255
1342
1417
1468
1491
1481
1437
1358
1250
1120
979
834
691
560
438
318
199
82
-40
-180
-341
-528
-746
-998
-1272
-1553
-1832
-2102
-2349
-2557
-2707
-2792
-2807
-2757
-2657
-2515
-2341
-2145
-1933
-1726
-1528
-1340
-1164
-994
-814
-610
-390
-162
84
352
632
909
1174
1414
1618
1775
1890
1969
2010
2017
1995
1952
1902
1848
1796
1743
1687
1628
1567
1503
1437
1361
1277
1186
1086
980
870
760
654
559
470
378
293
212
136
62
-14
-90
-170
-262
-368
-476
-586
-701
-821
-942
-1055
-1153
-1233
-1286
-1320
-1336
-1334
-1311
-1277
-1237
-1192
-1151
-1116
-1085
-1056
-1031
-1002
-979
-953
-927
-897
-864
-831
-795
-763
-732
-691
-649
-605
-555
-499
-434
-365
-290
-205
-113
-22
68
160
251
332
406
472
530
577
613
650
687
722
768
822
886
959
1042
1132
1225
1312
1391
1462
1518
1551
1563
1557
1532
1483
1413
1328
1228
1115
999
878
752
619
481
342
201
56
-95
-247
-401
-563
-731
-896
-1057
-1216
-1368
-1511
-1642
-1754
-1848
-1920
-1964
-1980
-1973
-1947
-1899
-1826
-1729
-1616
-1488
-1346
-1194
-1030
-854
-665
-466
-265
-65
139
347
547
739
916
1077
1221
1344
1445
1522
1573
1599
1598
1577
1537
1479
1407
1321
1228
1133
1039
952
871
796
727
670
620
584
558
543
530
516
505
495
487
467
435
393
341
279
201
109
5
-115
-240
-370
-499
-618
-734
-841
-937
-1015
-1078
-1125
-1158
-1181
-1196
-1199
-1192
-1174
-1153
-1128
-1097
-1063
-1028
-993
-954
-919
-884
-854
-820
-782
-745
-708
-672
-634
-596
-558
-521
-484
-444
-402
-356
-305
-247
-184
-113
-35
51
146
248
353
464
581
695
811
926
1035
1139
1236
1324
1401
1465
1511
1539
1552
1549
1529
1490
1438
1375
1302
1221
1138
1050
956
858
763
669
577
483
383
275
159
35
-97
-241
-395
-561
-735
-912
-1089
-1258
-1418
-1561
-1687
-1796
-1875
-1925
-1942
-1930
-1899
-1839
-1753
-1642
-1502
-1346
-1177
-997
-808
-605
-398
-191
10
204
388
562
724
867
996
1101
1184
1249
1295
1317
1323
1301
1260
1211
1146
1082
1003
919
839
764
698
638
586
548
523
510
501
497
503
510
512
512
510
501
482
448
404
347
279
195
101
3
-103
-208
-312
-412
-503
-589
-663
-725
-780
-823
-858
-885
-906
-914
-919
-920
-913
-905
-896
-882
-868
-848
-830
-817
-800
-785
-769
-755
-745
-732
-719
-713
-704
-696
-685
-668
-647
-618
-584
-542
-484
-415
-338
-253
-157
-49
68
189
318
450
586
718
848
975
1097
1207
1299
1383
1447
1498
1534
1547
1543
1526
1496
1459
1412
1355
1295
1229
1162
1095
1017
932
838
735
624
494
350
192
17
-172
-373
-583
-793
-1004
-1211
-1409
-1582
-1734
-1854
-1940
-1999
-2017
-2005
-1958
-1876
-1760
-1619
-1461
-1281
-1090
-890
-681
-468
-257
-52
142
322
489
638
768
876
962
1027
1074
1099
1108
1098
1074
1038
992
937
881
820
759
701
652
607
566
526
493
471
460
457
459
463
466
466
468
469
466
453
430
398
359
313
259
192
115
32
-55
-143
-232
-319
-403
-483
-555
-619
-673
-720
-761
-794
-820
-836
-845
-846
-842
-836
-827
-816
-802
-787
-777
-769
-764
-762
-758
-755
-751
-747
-744
-734
-722
-700
-677
-649
-614
-574
-525
-469
-403
-330
-249
-159
-60
46
157
270
384
503
620
739
857
972
1075
1165
1248
1316
1374
1414
1436
1449
1444
1430
1400
1355
1298
1231
1157
1078
991
896
793
681
564
438
301
157
4
-160
-331
-506
-679
-850
-1015
-1175
-1318
-1443
-1544
-1617
-1665
-1687
-1679
-1649
-1586
-1498
-1388
-1254
-1104
-938
-763
-579
-387
-196
-11
166
335
487
625
745
842
921
974
1004
1020
1015
994
952
906
852
795
736
675
619
566
518
479
443
412
388
373
369
372
381
389
392
395
397
398
398
390
370
344
313
272
225
167
98
24
-56
-135
-214
-293
-371
-449
-522
-588
-648
-700
-747
-781
-810
-828
-836
-838
-828
-816
-802
-782
-761
-733
-709
-692
-674
-662
-651
-639
-635
-634
-634
-631
-624
-611
-594
-569
-535
-492
-441
-382
-314
-242
-165
-79
13
111
212
316
417
521
622
716
809
881
948
1015
1069
1118
1145
1150
1162
1162
1154
1136
1092
1060
1024
978
932
864
793
725
638
547
441
326
209
82
-52
-197
-338
-480
-622
-756
-891
-995
-1090
-1178
-1239
-1284
-1288
-1265
-1248
-1207
-1149
-1068
-953
-844
-729
-603
-473
-328
-187
-51
81
212
328
428
527
609
681
733
755
778
790
784
769
728
682
640
589
543
487
427
382
339
303
267
233
214
209
208
212
214
218
223
227
232
240
242
226
206
180
147
114
71
20
-35
-92
-148
-203
-256
-308
-354
-400
-446
-476
-502
-527
-550
-580
-593
-600
-606
-608
-623
-635
-631
-630
-624
-629
-636
-629
-623
-615
-608
-611
-599
-584
-567
-543
-528
-503
-463
-423
-375
-330
-281
-217
-152
-84
-13
65
144
226
308
391
483
576
659
746
825
909
992
1053
1115
1165
1212
1269
1296
1310
1318
1312
1319
1305
1263
1216
1145
1077
998
883
749
599
437
255
72
-123
-323
-528
-724
-909
-1094
-1257
-1416
-1534
-1611
-1681
-1711
-1719
-1694
-1616
-1543
-1450
-1326
-1187
-1014
-845
-687
-519
-345
-169
2
156
298
433
559
660
757
838
903
955
973
984
994
985
966
922
865
824
772
717
652
579
517
457
395
338
283
236
203
176
154
132
113
105
104
106
102
92
80
67
50
31
6
-26
-64
-108
-149
-189
-226
-270
-312
-352
-384
-406
-431
-453
-473
-488
-509
-517
-517
-519
-515
-517
-521
-511
-506
-500
-497
-508
-507
-503
-500
-495
-502
-501
-491
-483
-469
-457
-443
-413
-378
-337
-289
-243
-185
-121
-57
14
88
168
248
335
421
511
605
686
761
828
893
971
1024
1063
1092
1108
1136
1148
1134
1119
1087
1054
1019
955
886
803
710
620
501
366
224
69
-95
-270
-452
-636
-809
-988
-1166
-1314
-1448
-1557
-1643
-1722
-1743
-1728
-1698
-1631
-1566
-1460
-1313
-1150
-975
-786
-589
-393
-192
7
205
385
554
716
864
1001
1106
1193
1267
1318
1352
1355
1335
1308
1260
1199
1127
1039
951
858
758
662
563
471
386
302
229
166
111
70
36
9
-17
-41
-54
-60
-67
-83
-102
-123
-150
-179
-211
-246
-287
-338
-383
-427
-466
-503
-543
-579
-609
-632
-642
-647
-656
-658
-655
-640
-617
-599
-580
-564
-543
-514
-490
-472
-457
-445
-432
-423
-417
-410
-408
-405
-396
-387
-376
-361
-344
-325
-297
-261
-214
-159
-100
-34
41
122
205
290
377
461
544
624
701
783
849
904
952
988
1030
1057
1064
1067
1056
1047
1032
999
959
910
854
800
731
649
554
450
343
222
89
-55
-209
-374
-548
-719
-889
-1050
-1201
-1353
-1475
-1570
-1638
-1671
-1689
-1672
-1620
-1546
-1444
-1329
-1195
-1029
-850
-665
-477
-289
-93
100
288
462
626
776
910
1033
1133
1222
1295
1338
1365
1369
1359
1343
1299
1236
1163
1081
991
897
805
708
612
522
446
382
329
282
244
216
197
182
178
178
170
156
141
120
89
45
-8
-71
-149
-237
-330
-424
-525
-621
-711
-802
-886
-950
-976
-981
-986
-985
-970
-933
-870
-798
-730
-669
-609
-540
-470
-422
-394
-378
-373
-373
-384
-404
-434
-470
-500
-524
-548
-567
-586
-592
-583
-567
-530
-487
-427
-346
-250
-140
-21
103
237
373
509
635
758
870
972
1064
1129
1170
1200
1227
1255
1251
1207
1154
1094
1021
915
788
681
582
482
385
295
208
126
59
14
-39
-109
-163
-194
-230
-284
-336
-388
-456
-536
-605
-672
-765
-865
-934
-987
-1041
-1078
-1085
-1054
-1014
-956
-858
-750
-646
-527
-388
-245
-121
1
136
261
355
429
504
555
581
592
594
588
567
550
544
525
509
504
510
514
512
518
538
554
569
592
610
625
633
639
639
619
597
576
543
502
454
399
342
274
206
139
66
-13
-87
-158
-233
-306
-380
-448
-512
-572
-628
-679
-723
-759
-787
-806
-824
-832
-833
-830
-823
-817
-808
-792
-778
-761
-740
-721
-700
-677
-652
-621
-592
-560
-518
-475
-425
-370
-311
-242
-170
-93
-11
66
138
209
281
351
422
491
561
626
682
736
779
811
834
845
848
843
824
798
761
714
662
601
534
463
392
327
268
215
165
122
86
61
43
30
27
31
36
36
35
24
2
-30
-77
-142
-221
-313
-412
-515
-640
-761
-867
-956
-1015
-1075
-1108
-1109
-1099
-1045
-962
-851
-709
-554
-370
-174
20
214
397
560
692
818
929
1001
1039
1035
1022
995
930
856
758
646
543
448
369
298
241
214
204
202
219
246
275
310
348
395
429
443
456
454
439
405
344
274
194
104
12
-88
-186
-280
-360
-441
-510
-562
-608
-639
-666
-673
-656
-641
-626
-608
-591
-561
-535
-514
-491
-474
-453
-430
-411
-398
-387
-378
-370
-365
-354
-340
-329
-315
-298
-283
-272
-264
-254
-243
-231
-214
-193
-167
-134
-95
-54
-6
46
105
169
232
299
366
424
473
515
547
571
585
586
583
572
552
525
490
453
417
383
352
327
303
288
274
264
256
248
242
238
230
223
213
200
184
167
148
119
88
53
16
-19
-54
-86
-118
-146
-166
-185
-206
-227
-241
-251
-259
-265
-265
-264
-264
-266
-272
-284
-296
-314
-333
-351
-367
-379
-385
-390
-394
-392
-381
-374
-361
-338
-303
-261
-219
-168
-116
-64
-18
27
70
109
146
182
220
256
289
319
344
362
377
391
402
409
420
432
444
452
455
456
452
440
424
407
384
358
332
301
267
231
190
145
97
50
5
-41
-86
-129
-170
-211
-253
-292
-330
-363
-393
-419
-439
-454
-467
-478
-486
-488
-488
-481
-475
-464
-452
-436
-418
-399
-379
-360
-335
-312
-290
-267
-244
-214
-185
-161
-135
-108
-83
-57
-30
-4
24
52
79
102
123
147
173
191
205
223
238
253
265
274
286
294
305
313
312
312
316
316
320
318
311
311
306
300
291
274
259
245
233
224
211
197
183
165
150
136
119
104
91
75
61
42
23
2
-20
-41
-64
-86
-106
-121
-133
-140
-146
-151
-155
-161
-168
-173
-179
-185
-187
-188
-184
-183
-186
-183
-187
-188
-188
-188
-183
-180
-173
-164
-157
-151
-147
-145
-139
-132
-124
-116
-110
-95
-78
-65
-53
-39
-24
-11
4
19
28
43
57
66
71
76
82
89
93
98
103
110
116
117
120
122
124
128
128
124
124
125
128
121
116
112
109
101
91
82
71
64
56
49
38
32
25
16
6
-5
-13
-25
-34
-43
-52
-57
-64
-73
-82
-89
-91
-92
-93
-91
-89
-87
-81
-76
-71
-69
-66
-59
-55
-48
-43
-41
-35
-31
-28
-27
-29
-29
-30
-28
-23
-18
-11
0
5
13
19
25
26
29
27
24
25
29
30
35
39
39
42
38
35
33
31
34
36
38
35
36
38
37
31
25
21
15
13
9
6
7
8
8
7
3
4
5
9
11
12
17
20
20
16
10
8
11
11
8
4
-2
-2
-2
-5
-10
-8
-5
-7
-8
-4
-3
-7
-8
-11
-15
-13
-11
-13
-16
-16
-18
-22
-25
-24
-23
-21
-16
-13
-14
-19
-23
-27
-31
-34
-33
-29
-25
-21
-18
-16
-15
-18
-17
-14
-13
-8
-3
-3
4
13
15
16
19
17
16
16
12
10
11
11
10
13
17
20
22
23
18
17
19
18
17
16
17
19
16
13
11
6
1
1
-1
-1
0
7
10
11
14
15
13
10
7
0
-4
-10
-13
-15
-15
-11
-6
-1
-3
-6
-9
-11
-15
-19
-19
-14
-11
-9
-5
-4
-3
-2
-8
-15
-18
-17
-15
-16
-13
-9
-4
4
9
12
11
11
12
7
2
0
-1
1
4
9
14
17
17
11
2
-7
-12
-9
-6
-2
5
13
18
19
14
10
10
7
4
0
0
3
10
9
3
0
-2
-8
-16
-19
-16
-14
-8
-1
5
6
10
13
13
11
11
11
8
7
5
6
6
4
4
6
3
1
-1
-3
-6
-5
-7
-8
-7
-3
0
-1
0
0
2
0
-3
-6
-6
-8
-6
-5
-4
-1
1
2
3
4
4
2
0
-5
-8
-10
-10
-10
-6
-4
-7
-8
-7
-8
-4
0
3
7
7
8
6
7
6
6
3
2
1
-1
-4
-7
-8
-9
-8
-7
-5
0
4
3
4
3
2
0
-3
0
4
8
11
14
16
18
16
14
12
9
7
4
1
0
0
2
4
4
4
8
9
8
4
3
4
6
6
5
3
5
8
9
10
10
11
8
6
2
-2
-3
-4
-9
-10
-12
-9
-7
-7
-7
-8
-7
-6
-9
-14
-13
-15
-14
-11
-10
-9
-8
-6
-8
-8
-10
-8
-10
-15
-14
-13
-13
-11
-10
-9
-8
-6
-2
-1
-1
5
9
12
12
12
12
13
14
15
13
10
11
13
13
13
15
18
20
16
13
11
12
11
10
7
7
8
7
9
9
9
13
14
11
10
11
11
9
6
2
-1
-4
-9
-13
-13
-11
-9
-7
-7
-6
-4
-1
-1
-4
-3
-4
-1
-3
-3
-3
-2
-3
-4
-6
-17
-19
-18
-21
-23
-22
-19
-15
-16
-15
-15
-14
-12
-12
-12
-10
-10
-7
-6
-4
-5
-4
1
2
1
0
1
1
-3
-5
-5
-2
1
1
5
8
8
7
9
11
13
18
22
23
26
32
33
34
34
35
34
34
33
31
28
26
25
20
14
11
7
1
-4
-8
-8
-9
-9
-12
-14
-11
-11
-12
-14
-15
-19
-24
-26
-28
-29
-26
-24
-23
-20
-17
-13
-10
-12
-13
-13
-11
-12
-12
-11
-10
-9
-8
-6
-6
-5
-3
-3
-4
-5
-2
-2
0
3
5
7
10
11
15
19
20
19
20
18
16
14
13
11
11
11
7
6
6
7
7
6
6
4
3
5
4
4
4
7
5
3
0
-1
1
0
-3
-3
0
-1
0
-1
-3
-5
-4
-5
-5
-7
-10
-9
-8
-9
-9
-8
-7
-5
-5
-6
-4
-2
1
3
0
1
5
7
4
2
-1
0
-2
-4
-1
-2
-2
-3
-4
-3
-1
3
3
3
2
2
2
2
0
-1
0
0
0
2
5
7
6
6
8
8
6
7
6
5
7
9
9
9
6
4
3
1
-2
-5
-5
-3
-4
-6
-7
-6
-7
-5
-4
-2
-1
1
3
6
1
1
2
0
-3
-5
-5
-7
-7
-7
-6
-6
-7
-7
-5
-3
-2
