2
0
2
2
1
4
3
3
3
4
3
3
2
2
2
3
3
5
7
8
9
6
6
7
7
5
5
4
5
5
4
4
1
2
2
1
1
0
-1
-1
-3
-4
-5
-3
-5
-6
-5
-5
-4
-4
-4
-3
-4
-3
-4
-3
-4
-4
-3
-2
-2
-2
0
-1
0
1
0
-1
-1
-2
1
1
-2
-3
-3
-4
-4
-4
-4
-5
-4
-5
-4
-5
-4
-2
-2
-2
-3
-4
-3
-3
-2
-1
2
2
3
2
2
3
0
1
1
2
3
4
3
6
7
5
4
4
4
4
5
4
3
3
3
2
3
2
3
3
3
2
3
4
5
4
3
2
2
3
1
0
0
-2
-4
-4
-7
-6
-6
-6
-7
-6
-8
-8
-7
-4
-2
0
0
-1
1
2
4
6
5
6
7
5
5
5
3
2
1
3
1
2
0
2
2
1
0
1
0
-1
-3
-3
-4
-4
-5
-6
-5
-6
-5
-5
-4
-3
-5
-3
-2
-2
-1
0
0
0
1
2
1
2
2
0
2
1
1
1
1
3
2
2
1
1
2
3
4
5
5
6
5
6
6
6
6
5
5
2
1
0
-1
-1
-4
-5
-5
-5
-6
-6
-7
-8
-9
-10
-9
-11
-9
-6
-6
-6
-7
-6
-5
-3
-4
-3
-1
0
0
1
3
5
6
5
9
10
10
11
9
6
6
4
4
4
3
2
2
5
4
-1
1
7
2
1
1
5
6
3
3
4
2
-1
-2
0
2
2
0
1
0
0
0
-2
-4
-4
-6
-7
-5
-6
-7
-6
-6
-7
-6
-4
-3
0
-1
1
3
2
3
2
3
2
3
4
2
2
2
1
-1
-3
-2
-2
-2
-4
-4
-6
-7
-8
-9
-9
-9
-10
-8
-7
-8
-6
-5
-6
-4
-3
-1
1
0
1
3
6
7
7
7
6
8
8
9
9
7
6
6
5
4
4
5
4
3
4
1
1
1
2
1
1
2
1
1
3
3
4
3
3
3
3
3
1
1
2
0
2
0
1
1
0
0
0
1
-1
-1
-2
-3
-4
-2
-2
-3
-3
-3
-3
-4
-3
-2
-3
-2
-1
0
1
1
-1
-1
0
-1
-1
-1
-2
-1
-3
-2
-3
-5
-6
-5
-5
-6
-6
-8
-7
-7
-6
-3
-4
-3
-2
-1
1
2
2
3
5
6
5
5
4
3
2
1
3
2
1
0
0
-1
1
-1
-4
-4
-3
-3
-2
-2
-1
-1
-1
-1
-1
0
0
-1
1
5
4
4
5
5
5
6
5
4
4
4
3
3
1
2
3
2
1
2
1
1
-2
-1
-1
-2
0
0
1
-1
1
2
1
1
3
3
6
11
9
11
12
15
18
18
18
16
17
19
16
14
12
10
10
10
8
6
6
6
7
7
5
6
8
8
10
11
11
11
10
9
3
0
-4
-12
-22
-29
-38
-47
-56
-70
-79
-87
-94
-97
-109
-116
-115
-115
-110
-110
-110
-100
-92
-82
-71
-63
-52
-43
-32
-25
-19
-16
-15
-18
-22
-30
-45
-61
-82
-105
-131
-170
-202
-232
-268
-296
-341
-380
-404
-430
-448
-463
-474
-472
-466
-453
-431
-404
-366
-321
-268
-202
-131
-54
31
121
213
308
406
503
601
693
784
875
954
1025
1087
1139
1188
1225
1248
1261
1262
1258
1244
1211
1172
1122
1063
1005
931
848
765
673
578
481
379
273
168
64
-40
-143
-242
-341
-433
-525
-613
-692
-764
-831
-897
-951
-996
-1033
-1062
-1093
-1117
-1130
-1142
-1141
-1134
-1129
-1107
-1078
-1050
-1015
-986
-948
-899
-848
-795
-739
-679
-627
-581
-538
-501
-472
-448
-427
-406
-396
-397
-407
-428
-459
-497
-533
-566
-591
-606
-622
-638
-642
-629
-606
-578
-520
-432
-332
-229
-98
55
206
354
523
708
889
1068
1254
1447
1630
1796
1959
2112
2253
2386
2504
2598
2678
2751
2791
2788
2761
2721
2644
2520
2384
2239
2058
1840
1615
1386
1124
841
576
325
50
-239
-489
-697
-931
-1192
-1401
-1549
-1724
-1928
-2070
-2141
-2232
-2352
-2411
-2416
-2441
-2472
-2435
-2362
-2323
-2269
-2141
-2003
-1918
-1807
-1629
-1473
-1378
-1252
-1060
-908
-829
-723
-579
-479
-426
-339
-226
-167
-133
-47
48
85
119
213
294
305
343
464
572
598
620
698
773
807
857
940
997
1033
1091
1152
1173
1198
1264
1312
1313
1335
1406
1454
1441
1413
1411
1423
1438
1450
1434
1388
1338
1292
1226
1134
1038
935
797
637
488
338
125
-178
-517
-775
-930
-1096
-1359
-1666
-1898
-2058
-2238
-2430
-2533
-2540
-2565
-2631
-2610
-2451
-2282
-2199
-2126
-1957
-1722
-1485
-1246
-974
-680
-406
-165
66
321
604
843
1022
1205
1451
1707
1898
2031
2146
2215
2210
2207
2250
2297
2289
2231
2146
2049
1924
1757
1579
1407
1222
1038
897
785
637
447
251
14
-328
-653
-711
-591
-668
-1034
-1368
-1482
-1544
-1652
-1731
-1765
-1845
-1918
-1844
-1674
-1581
-1574
-1543
-1449
-1280
-977
-615
-390
-340
-292
-129
53
197
352
477
480
416
449
535
518
374
266
227
175
173
218
170
-20
-107
-131
-237
-280
-171
-90
-210
-259
-177
-100
-79
-2
141
75
25
290
691
725
472
434
637
901
882
636
666
1020
1002
507
533
1015
1000
544
443
703
794
776
701
524
419
538
641
466
227
136
79
-164
-492
-648
-668
-802
-1149
-1506
-1684
-1741
-1861
-2080
-2243
-2258
-2219
-2200
-2112
-1905
-1720
-1651
-1578
-1350
-1003
-673
-414
-197
23
269
545
808
1038
1219
1374
1535
1731
1968
2175
2292
2320
2323
2346
2389
2432
2457
2399
2257
2111
2010
1896
1710
1493
1255
1011
794
649
526
350
118
-139
-349
-500
-643
-868
-1219
-1449
-1357
-1219
-1440
-1855
-2044
-2094
-2260
-2388
-2223
-2115
-2317
-2440
-2138
-1828
-1828
-1807
-1608
-1464
-1373
-953
-395
-207
-250
-73
237
315
386
622
735
575
499
696
838
732
649
342
312
746
873
575
330
402
396
600
530
403
45
562
1018
149
-133
453
986
593
23
-87
592
1140
808
43
-25
844
1017
331
94
671
1171
642
251
519
842
690
407
616
492
459
517
806
463
24
212
467
626
384
92
-14
300
450
8
-416
-420
-300
-518
-1017
-1144
-908
-893
-1389
-1811
-1880
-1796
-1859
-2131
-2265
-2282
-2233
-2191
-2107
-2067
-2061
-1930
-1777
-1597
-1297
-914
-592
-406
-269
3
346
664
901
1106
1320
1566
1852
2142
2327
2422
2518
2614
2709
2806
2984
2995
2864
2736
2732
2652
2430
2160
1861
1572
1309
1088
835
522
197
-183
-581
-851
-989
-1111
-1333
-1541
-1695
-1798
-1942
-2067
-2125
-2156
-2271
-2308
-2092
-1932
-2002
-2041
-1844
-1620
-1418
-1246
-1041
-788
-566
-362
-232
-113
30
219
307
344
360
435
619
464
556
833
508
11
568
1144
392
-191
188
640
375
165
-85
-98
325
241
20
-92
74
142
3
121
141
-71
94
335
201
215
158
149
187
421
904
594
-432
208
1298
779
38
379
714
609
678
647
405
319
718
1005
616
28
495
908
686
408
340
340
388
743
458
34
-57
-71
102
79
-397
-865
-832
-663
-839
-1187
-1482
-1484
-1485
-1689
-1964
-2123
-2002
-1958
-2046
-2180
-2104
-1857
-1688
-1629
-1587
-1396
-1076
-827
-612
-337
-3
340
595
849
1127
1484
1823
2050
2216
2451
2781
2949
2949
2925
2944
2945
2836
2640
2344
2062
1869
1603
1234
866
497
219
-50
-221
-320
-841
-1203
-812
-814
-1433
-1587
-1374
-1314
-1421
-1728
-1727
-1543
-1535
-1591
-1623
-1478
-1381
-1258
-1096
-1092
-1081
-985
-778
-469
-331
-442
-472
-126
274
269
-13
-51
501
680
151
-48
588
948
721
64
-302
341
1310
1275
-278
-1061
541
1862
754
-363
-718
-138
1174
975
-533
-931
416
852
-528
-645
428
205
-246
-33
6
-222
-134
109
62
-133
187
496
-142
-192
389
554
380
316
208
148
496
922
525
-222
-87
849
1178
362
-246
-6
474
667
407
-138
80
496
366
91
-32
52
230
-137
-506
-289
-179
-390
-631
-922
-1169
-1168
-1082
-1157
-1370
-1436
-1467
-1547
-1586
-1567
-1486
-1432
-1477
-1420
-1122
-850
-690
-594
-470
-203
83
416
772
1006
1198
1407
1665
1927
2152
2308
2356
2314
2269
2342
2278
2060
1891
1759
1533
1307
1128
992
819
623
283
-86
-192
278
270
-1074
-1738
-589
151
-973
-1835
-1464
-895
-1024
-1398
-1325
-1035
-974
-1043
-892
-763
-964
-950
-557
-367
-778
-1104
-751
-167
-82
-652
-1115
-598
296
171
-539
-791
-363
443
546
-317
-709
12
745
254
-131
-63
-93
465
708
156
0
36
107
808
742
-348
-711
241
1318
937
-299
-899
-343
1089
1291
17
-872
-714
471
1540
579
-1129
-648
1129
1206
-220
-443
465
686
569
784
482
-118
411
1489
1094
176
-27
-86
718
1720
655
-836
-197
997
581
-223
-52
60
115
504
364
-376
-712
-76
439
-360
-1215
-677
97
-255
-1118
-1435
-1108
-802
-1041
-1654
-1863
-1573
-1353
-1333
-1607
-1873
-1755
-1455
-1324
-1467
-1451
-1130
-690
-342
-347
-351
-37
443
826
993
1118
1403
1832
2087
2122
2108
2110
2236
2372
2299
2103
2070
2215
2138
1642
1081
1032
1486
1317
341
111
447
125
-254
-203
-583
-930
-610
-679
-1200
-1091
-588
-703
-1085
-1105
-1117
-937
-450
-339
-620
-949
-1047
-686
140
66
-934
-853
-118
-250
-387
-145
-466
-644
-425
-50
-22
-790
-987
-237
205
-286
-744
-373
-201
-910
-848
155
422
-162
-802
-764
-96
278
-23
59
29
-242
-286
-35
560
913
154
-758
-354
830
1426
421
-363
203
612
762
789
46
278
1196
867
193
288
718
1090
880
54
82
915
1193
871
370
-133
102
793
883
283
-42
193
240
-63
-110
-14
-33
-93
-157
-194
-523
-599
-96
-45
-652
-1023
-823
-263
-177
-940
-1248
-682
-624
-1181
-1439
-1365
-1198
-1052
-1051
-1322
-1406
-1115
-934
-916
-909
-951
-732
-184
217
275
138
255
840
1268
1207
1109
1268
1813
2121
1849
1736
1991
2026
1811
1688
1747
1671
1374
1357
1352
1028
899
802
405
107
-144
-311
-271
-503
-901
-920
-770
-989
-1377
-1227
-883
-1287
-1480
-1047
-977
-878
-761
-1003
-931
-584
-490
-350
-172
-141
32
198
57
-100
50
413
515
173
-214
-102
453
439
-330
-399
2
-167
-200
-146
-501
-633
-485
-592
-619
-450
-490
-800
-643
-293
-499
-539
-33
-121
-644
-361
541
1025
293
-446
211
869
582
91
56
706
1251
875
557
493
284
1134
1119
-167
189
1010
825
797
421
-456
-308
942
1196
89
-232
712
940
115
-188
557
741
-285
-124
831
590
-77
-19
313
426
104
-632
-1336
-840
252
85
-1329
-2237
-1799
-1144
-1100
-1849
-2730
-2600
-1794
-1403
-1531
-1948
-1964
-1472
-1144
-1359
-1453
-846
44
594
492
195
585
1507
2024
2058
1827
1831
2496
3205
3523
3382
2754
2543
2852
2781
2607
2756
2484
1882
1564
1193
704
524
328
-185
-744
-1155
-1370
-1298
-1356
-1959
-2570
-2607
-2264
-2147
-2186
-2170
-2048
-1946
-1712
-1426
-1379
-1312
-811
-328
-308
-124
136
109
266
665
687
508
674
992
707
336
525
511
218
263
186
114
164
27
195
-44
-679
-692
-532
-625
-365
-239
-765
-1095
-864
-662
-772
-829
-600
-238
-193
-650
-301
314
118
514
592
-73
224
929
910
1204
1352
512
-52
460
1675
1949
1155
401
541
1404
1387
676
814
1416
1012
555
651
614
892
974
225
-512
-360
-33
-38
206
249
-271
-651
-375
-92
-167
-639
-1196
-1024
-944
-1243
-1339
-1693
-1996
-1778
-2134
-3186
-3675
-3546
-3051
-2276
-2204
-2811
-2898
-2466
-2075
-1743
-1414
-812
-82
311
831
1626
2199
2597
3019
3283
3351
3595
4248
4933
5277
5158
4642
4217
4077
4006
3953
3783
3146
2366
1878
1542
1109
384
-444
-1134
-1775
-2373
-2743
-2791
-2881
-3369
-3956
-4208
-4220
-4095
-3726
-3242
-2930
-2901
-2753
-2114
-1346
-880
-733
-531
82
772
1194
1374
1433
1594
1793
1635
1364
1502
1791
1867
1499
961
580
241
86
-17
-380
-955
-1224
-1022
-1088
-1636
-1819
-1574
-1643
-1766
-1509
-1139
-946
-718
-381
-297
-323
-268
-77
482
983
1001
889
809
750
946
1147
1222
1181
818
806
1299
1209
792
1030
1302
977
637
619
749
981
1092
889
696
775
835
509
180
354
502
318
314
294
127
307
664
703
402
121
-22
-296
-731
-1261
-1738
-1867
-2090
-2752
-3547
-4498
-5139
-4980
-4630
-4570
-4684
-4658
-4201
-3667
-3376
-2988
-2392
-1638
-679
308
1220
2142
3153
4007
4449
4827
5377
5888
6454
7100
7408
7238
6943
6762
6407
5777
5242
4731
4004
3208
2475
1724
843
-93
-1031
-2079
-3103
-3867
-4369
-4727
-5182
-5745
-6120
-6238
-6134
-5822
-5404
-5021
-4683
-4220
-3561
-2798
-1971
-1089
-292
279
765
1327
1810
2243
2768
3021
2850
2763
2893
2922
2768
2470
2023
1497
1047
720
333
-116
-424
-697
-1112
-1526
-1733
-1747
-1736
-1812
-1948
-1981
-1844
-1634
-1333
-942
-605
-358
-107
155
356
623
1024
1246
1210
1305
1595
1736
1667
1607
1507
1232
892
661
688
826
663
351
249
241
207
114
65
168
157
56
164
419
664
710
572
548
546
510
667
882
983
996
1018
1149
1185
962
622
-41
-1239
-2436
-3173
-3987
-5399
-6791
-7220
-6679
-6010
-5935
-6384
-6771
-6681
-6169
-5509
-4648
-3297
-1538
207
1638
2750
3741
4765
5805
6739
7497
8224
9130
10164
10897
10839
10167
9425
8641
7708
6781
5933
5120
4324
3376
2065
471
-1094
-2456
-3653
-4719
-5616
-6271
-6676
-6916
-7117
-7407
-7743
-7899
-7777
-7441
-6777
-5639
-4233
-2929
-1918
-1197
-691
-190
569
1531
2410
3102
3606
3894
3948
3767
3446
3050
2544
1972
1505
1185
917
637
252
-375
-1217
-1950
-2277
-2300
-2230
-2093
-1928
-1801
-1733
-1699
-1602
-1395
-1100
-741
-398
-73
316
756
1088
1214
1213
1165
1163
1315
1519
1659
1722
1646
1424
1107
787
608
546
457
342
296
322
347
331
253
139
81
195
518
851
1031
1230
1516
1636
1458
1212
1124
1141
1191
1289
1306
1161
993
932
944
779
431
294
210
-477
-1762
-3070
-4085
-5155
-6861
-8991
-10443
-10300
-8882
-7651
-7514
-7808
-7625
-7034
-6451
-5654
-4050
-1670
876
3105
4854
6216
7531
8932
10028
10466
10580
10964
11773
12610
12930
12516
11504
10094
8436
6588
4710
3232
2335
1543
317
-1293
-2904
-4336
-5628
-6807
-7849
-8664
-9016
-8784
-8244
-7744
-7220
-6533
-5888
-5507
-5180
-4470
-3181
-1473
279
1629
2387
2763
3035
3227
3317
3435
3603
3622
3411
3041
2518
1888
1206
373
-639
-1594
-2174
-2341
-2331
-2323
-2426
-2714
-3021
-3135
-3042
-2732
-2181
-1476
-815
-349
-18
337
703
996
1235
1463
1665
1846
2049
2203
2142
1868
1550
1230
842
496
328
230
92
-95
-358
-639
-805
-798
-677
-528
-358
-81
270
594
894
1202
1500
1757
1983
2195
2434
2720
3018
3242
3204
2785
2204
1794
1601
1480
1312
1108
963
892
734
380
-53
-562
-1434
-2787
-4217
-5366
-6647
-8710
-11146
-12501
-11993
-10527
-9552
-9311
-8957
-8076
-7128
-6395
-5359
-3395
-652
2095
4333
6234
8161
10051
11521
12337
12557
12483
12526
12869
13228
13134
12463
11437
10088
8151
5661
3222
1373
33
-1252
-2724
-4226
-5477
-6430
-7285
-8191
-9004
-9450
-9437
-9055
-8367
-7360
-6084
-4696
-3439
-2520
-1902
-1172
10
1392
2518
3370
4145
4708
4800
4500
4066
3593
3066
2498
1816
948
114
-451
-956
-1744
-2704
-3520
-4111
-4485
-4532
-4283
-3940
-3538
-3023
-2551
-2240
-1849
-1173
-399
234
779
1352
1932
2451
2824
2932
2796
2591
2384
2104
1771
1480
1209
861
396
-150
-684
-1110
-1415
-1623
-1693
-1595
-1363
-1060
-765
-539
-329
2
456
902
1306
1754
2280
2844
3388
3793
3935
3858
3744
3641
3441
3126
2781
2385
1869
1355
1029
825
510
51
-371
-659
-867
-1110
-1631
-2657
-3979
-5123
-6151
-7739
-10040
-12055
-12681
-11935
-10712
-9668
-8721
-7542
-6205
-5110
-4289
-3139
-1127
1431
3765
5671
7576
9671
11558
12775
13219
13100
12737
12397
12087
11605
10915
10182
9322
7939
5868
3465
1221
-660
-2291
-3871
-5377
-6537
-7183
-7531
-7906
-8274
-8361
-8155
-7849
-7437
-6699
-5513
-4007
-2458
-1129
-98
798
1756
2705
3402
3805
4108
4377
4425
4089
3487
2872
2296
1613
724
-289
-1241
-1993
-2558
-3085
-3645
-4117
-4382
-4467
-4435
-4242
-3840
-3260
-2599
-1966
-1400
-805
-87
682
1352
1871
2290
2665
2992
3206
3229
3067
2810
2511
2093
1531
956
477
11
-537
-1082
-1506
-1807
-2017
-2116
-2092
-1969
-1763
-1476
-1105
-680
-225
299
893
1461
1958
2459
2992
3467
3832
4129
4341
4373
4211
3955
3643
3202
2636
2064
1587
1182
753
256
-214
-514
-656
-779
-957
-1228
-1782
-2781
-4038
-5265
-6638
-8710
-11409
-13538
-13869
-12603
-11067
-9999
-8866
-7151
-5393
-4292
-3484
-2019
297
2729
4686
6395
8395
10691
12710
13918
14271
14068
13580
12886
12016
11025
9990
8952
7790
6245
4182
1892
-143
-1786
-3355
-5085
-6710
-7792
-8253
-8379
-8389
-8188
-7637
-6876
-6186
-5576
-4756
-3539
-2080
-678
503
1494
2423
3364
4225
4785
4949
4842
4560
3976
3047
2042
1263
637
-117
-1063
-2027
-2868
-3544
-4051
-4444
-4790
-5020
-5012
-4813
-4519
-4042
-3278
-2402
-1655
-1008
-331
344
972
1623
2237
2628
2809
2976
3124
3078
2847
2585
2259
1744
1110
501
-64
-594
-1039
-1414
-1802
-2138
-2280
-2251
-2175
-2027
-1723
-1308
-875
-409
155
799
1487
2188
2812
3286
3656
3988
4251
4414
4514
4568
4485
4227
3868
3490
3051
2491
1778
956
202
-309
-637
-991
-1336
-1427
-1282
-1237
-1505
-2067
-2929
-4066
-5337
-6897
-9186
-11922
-13668
-13364
-11775
-10390
-9402
-7893
-5700
-3769
-2642
-1670
-28
2144
4012
5233
6414
8267
10540
12264
12952
12966
12710
12125
11097
9811
8499
7232
5989
4625
2946
1048
-636
-1859
-2893
-4106
-5417
-6408
-6812
-6717
-6393
-5941
-5210
-4143
-3047
-2259
-1610
-686
517
1558
2195
2581
2936
3290
3565
3653
3448
3003
2450
1741
714
-500
-1526
-2227
-2847
-3587
-4314
-4759
-4849
-4727
-4569
-4395
-4093
-3605
-3045
-2531
-2014
-1340
-498
297
869
1292
1770
2300
2666
2768
2714
2604
2398
2072
1665
1214
742
276
-204
-732
-1235
-1579
-1757
-1872
-1977
-2040
-1997
-1805
-1470
-1070
-643
-178
323
802
1240
1688
2193
2721
3133
3347
3463
3623
3797
3857
3794
3689
3535
3266
2899
2509
2112
1688
1209
684
142
-391
-905
-1301
-1426
-1287
-1083
-968
-922
-926
-1178
-1877
-2939
-4190
-5778
-7942
-10254
-11663
-11630
-10758
-9828
-8770
-7125
-5045
-3164
-1676
-202
1516
3205
4455
5326
6311
7708
9209
10264
10714
10749
10467
9761
8631
7265
5795
4224
2567
894
-713
-2108
-3102
-3672
-4036
-4387
-4641
-4588
-4168
-3491
-2704
-1851
-910
88
1003
1749
2429
3149
3797
4180
4238
4006
3532
2920
2316
1695
914
-28
-992
-1936
-2921
-3874
-4610
-5101
-5454
-5678
-5676
-5407
-4885
-4148
-3310
-2501
-1737
-978
-272
330
858
1348
1742
1990
2129
2203
2212
2153
2013
1749
1338
851
358
-135
-651
-1154
-1595
-1971
-2285
-2505
-2571
-2463
-2232
-1928
-1580
-1197
-789
-324
213
756
1236
1681
2110
2457
2710
2956
3179
3257
3203
3136
3033
2821
2596
2467
2376
2257
2129
1954
1670
1374
1186
1029
779
496
240
-43
-270
-234
31
240
291
342
432
342
-180
-1173
-2477
-4030
-6109
-8852
-11428
-12529
-12025
-11158
-10568
-9420
-7071
-4339
-2268
-693
1116
3148
4739
5560
6030
6825
8085
9184
9534
9366
9218
9006
8228
6855
5306
3733
1959
8
-1857
-3425
-4515
-4994
-4972
-4755
-4404
-3722
-2642
-1415
-302
634
1475
2295
3015
3455
3648
3901
4316
4562
4332
3796
3269
2717
1905
817
-354
-1466
-2493
-3440
-4309
-5032
-5441
-5464
-5248
-4982
-4611
-3959
-3069
-2212
-1532
-906
-239
384
853
1175
1409
1576
1683
1680
1516
1262
1060
890
579
109
-337
-689
-1050
-1450
-1814
-2098
-2284
-2352
-2347
-2315
-2171
-1844
-1441
-1096
-757
-340
105
508
878
1214
1504
1773
2017
2147
2168
2217
2330
2381
2324
2253
2218
2178
2121
2095
2088
2038
1950
1859
1739
1591
1502
1477
1352
1099
946
997
999
808
664
704
711
557
349
-21
-850
-2054
-3341
-4895
-7062
-9417
-10996
-11425
-11169
-10621
-9567
-7678
-5116
-2482
-295
1467
3161
4775
5820
6114
6164
6456
6824
6836
6460
6008
5681
5332
4614
3400
2025
850
-250
-1578
-2928
-3742
-3901
-3760
-3464
-2770
-1603
-210
1177
2447
3488
4255
4824
5174
5137
4710
4155
3653
3155
2560
1876
1200
612
45
-669
-1532
-2323
-2946
-3558
-4225
-4744
-4928
-4797
-4461
-4013
-3484
-2775
-1856
-978
-381
56
540
939
1032
915
792
656
459
237
-8
-287
-496
-614
-814
-1158
-1446
-1573
-1687
-1870
-2012
-2025
-1927
-1745
-1530
-1329
-1089
-743
-387
-149
44
308
579
771
935
1136
1348
1570
1806
1959
1989
2025
2115
2133
2043
1975
1934
1812
1658
1605
1624
1642
1706
1829
1894
1888
1891
1851
1708
1627
1677
1609
1278
966
921
966
852
625
430
194
-313
-1232
-2478
-3861
-5418
-7349
-9419
-10856
-11202
-10846
-10245
-9156
-7121
-4373
-1698
441
2247
4048
5647
6491
6475
6174
6091
6024
5567
4857
4353
4113
3746
3030
2162
1391
668
-224
-1311
-2321
-2967
-3207
-3170
-2857
-2149
-1051
267
1626
2925
4060
4930
5498
5714
5480
4830
3990
3155
2293
1316
337
-430
-940
-1349
-1785
-2196
-2471
-2631
-2833
-3152
-3463
-3610
-3585
-3456
-3218
-2773
-2092
-1299
-581
19
599
1140
1447
1416
1174
858
459
-21
-504
-941
-1338
-1644
-1819
-1900
-1919
-1830
-1648
-1489
-1403
-1339
-1254
-1189
-1176
-1192
-1172
-1060
-863
-617
-346
-47
265
559
809
1022
1212
1383
1532
1654
1763
1852
1877
1823
1740
1681
1634
1566
1490
1431
1401
1407
1471
1604
1782
1957
2089
2175
2234
2254
2194
2046
1836
1597
1351
1117
871
603
384
248
5
-603
-1524
-2521
-3647
-5224
-7238
-9073
-10125
-10425
-10361
-9971
-8826
-6702
-4077
-1660
377
2366
4406
5992
6656
6570
6305
6072
5599
4705
3713
3065
2717
2268
1614
1071
818
576
16
-768
-1423
-1798
-2042
-2261
-2285
-1877
-1015
121
1357
2620
3854
4926
5651
5897
5688
5158
4388
3329
2007
649
-483
-1319
-1951
-2453
-2787
-2856
-2663
-2396
-2238
-2170
-2095
-2041
-2077
-2164
-2197
-2098
-1847
-1484
-1060
-542
92
698
1067
1206
1238
1129
764
190
-442
-1064
-1623
-2025
-2241
-2334
-2317
-2130
-1816
-1489
-1188
-905
-707
-650
-679
-713
-767
-857
-924
-898
-782
-582
-283
89
473
841
1181
1474
1693
1826
1864
1805
1682
1532
1391
1266
1140
1046
1049
1166
1320
1460
1633
1870
2108
2275
2384
2458
2456
2330
2087
1776
1462
1216
1059
922
765
639
548
331
-181
-934
-1813
-2889
-4355
-6156
-7898
-9148
-9779
-9943
-9682
-8758
-6973
-4631
-2315
-251
1782
3842
5506
6343
6444
6223
5913
5398
4545
3523
2678
2137
1687
1142
665
467
402
130
-381
-838
-1090
-1282
-1546
-1742
-1630
-1114
-297
670
1730
2885
4059
5013
5531
5606
5347
4772
3815
2532
1143
-148
-1265
-2225
-2982
-3413
-3446
-3179
-2830
-2515
-2189
-1818
-1485
-1306
-1280
-1307
-1322
-1311
-1248
-1069
-739
-294
152
520
829
1102
1233
1067
622
66
-501
-1100
-1719
-2228
-2506
-2550
-2424
-2178
-1819
-1359
-880
-517
-324
-248
-222
-276
-457
-708
-900
-952
-891
-758
-534
-188
267
753
1185
1531
1795
1968
2000
1886
1694
1489
1257
1010
836
793
849
970
1157
1392
1676
2015
2317
2451
2449
2460
2462
2293
1971
1665
1428
1175
904
676
515
389
229
-120
-759
-1566
-2427
-3539
-5112
-6850
-8174
-8910
-9312
-9415
-8858
-7407
-5347
-3183
-1150
862
2962
4856
6037
6368
6271
6101
5699
4803
3620
2621
1936
1321
660
160
8
70
30
-215
-445
-476
-462
-651
-950
-1000
-652
-100
495
1208
2147
3222
4197
4875
5182
5171
4883
4229
3152
1819
491
-743
-1932
-2993
-3714
-4008
-3965
-3701
-3297
-2796
-2206
-1580
-1080
-822
-718
-634
-593
-649
-700
-611
-397
-158
71
325
608
852
919
725
346
-81
-540
-1102
-1721
-2214
-2473
-2518
-2397
-2136
-1755
-1279
-761
-299
-2
131
157
78
-115
-345
-508
-602
-655
-615
-431
-125
250
672
1089
1438
1709
1895
1955
1850
1630
1377
1114
836
590
467
509
674
914
1217
1598
2010
2368
2615
2750
2751
2611
2381
2081
1671
1205
831
572
314
74
-59
-189
-519
-1044
-1637
-2368
-3413
-4758
-6194
-7464
-8365
-8827
-8882
-8428
-7237
-5374
-3315
-1382
579
2721
4688
5958
6443
6462
6255
5772
4898
3729
2560
1632
915
268
-245
-421
-310
-221
-272
-277
-143
-60
-194
-415
-473
-270
104
542
1073
1792
2706
3631
4333
4733
4874
4751
4266
3371
2187
903
-368
-1601
-2732
-3597
-4067
-4158
-3992
-3652
-3136
-2468
-1755
-1153
-728
-436
-244
-165
-205
-285
-302
-244
-160
-65
81
298
497
552
437
219
-78
-491
-1008
-1528
-1960
-2261
-2399
-2367
-2196
-1894
-1455
-944
-468
-75
215
332
275
144
0
-193
-412
-557
-582
-480
-234
127
518
904
1299
1644
1836
1875
1833
1722
1519
1253
983
767
637
586
605
759
1075
1416
1675
1964
2359
2668
2697
2554
2400
2158
1733
1254
862
531
238
54
-78
-303
-615
-935
-1361
-2055
-3007
-4149
-5456
-6732
-7654
-8171
-8444
-8315
-7407
-5768
-3922
-2158
-298
1758
3710
5157
5937
6172
6081
5742
5036
3946
2789
1851
1059
273
-325
-498
-391
-321
-321
-212
29
214
191
21
-80
44
333
625
959
1516
2310
3123
3774
4247
4535
4540
4193
3504
2527
1359
123
-1111
-2281
-3255
-3876
-4133
-4112
-3853
-3376
-2747
-2059
-1371
-786
-389
-152
1
53
-12
-105
-136
-150
-180
-141
17
196
283
261
150
-39
-306
-677
-1158
-1623
-1934
-2114
-2219
-2179
-1906
-1494
-1074
-660
-246
98
320
434
414
255
52
-110
-264
-405
-413
-236
19
296
646
1042
1363
1571
1711
1745
1614
1382
1150
935
726
572
515
557
718
1005
1338
1642
1935
2244
2505
2622
2580
2421
2179
1842
1401
911
499
219
-12
-275
-553
-823
-1149
-1613
-2263
-3125
-4211
-5438
-6630
-7595
-8198
-8381
-8086
-7202
-5693
-3799
-1869
3
1949
3890
5418
6211
6378
6225
5866
5173
4076
2794
1683
862
179
-423
-757
-729
-547
-413
-279
-39
213
296
208
140
269
562
861
1154
1607
2317
3118
3762
4158
4345
4327
4031
3389
2416
1251
45
-1147
-2300
-3295
-3960
-4248
-4236
-3992
-3541
-2910
-2175
-1459
-882
-447
-116
98
159
100
19
-42
-76
-71
-32
25
116
217
226
79
-150
-409
-763
-1222
-1658
-1964
-2156
-2238
-2151
-1888
-1505
-1051
-572
-157
153
385
509
459
298
154
22
-157
-294
-271
-120
83
354
691
1031
1347
1620
1763
1753
1677
1558
1323
1014
778
646
570
583
747
1026
1356
1717
2056
2319
2506
2580
2480
2254
2003
1680
1208
709
350
103
-147
-405
-648
-930
-1284
-1722
-2309
-3116
-4131
-5265
-6388
-7316
-7905
-8129
-7946
-7167
-5724
-3921
-2138
-372
1566
3529
5055
5867
6091
6003
5709
5100
4092
2874
1796
972
252
-384
-717
-687
-523
-394
-214
89
375
477
413
352
446
688
938
1161
1528
2161
2892
3476
3872
4138
4186
3890
3273
2440
1436
276
-945
-2077
-3011
-3683
-4057
-4146
-3949
-3478
-2830
-2156
-1524
-912
-370
-10
160
218
211
147
53
-23
-54
-41
-7
36
82
106
55
-123
-409
-750
-1115
-1489
-1827
-2059
-2152
-2096
-1881
-1527
-1092
-627
-179
182
401
498
507
407
198
-44
-243
-381
-442
-389
-209
82
459
859
1200
1460
1655
1755
1694
1499
1270
1041
782
518
346
314
400
589
867
1211
1596
1995
2344
2559
2618
2586
2483
2236
1805
1300
853
478
130
-164
-390
-631
-962
-1367
-1841
-2445
-3233
-4200
-5304
-6405
-7269
-7756
-7889
-7627
-6782
-5331
-3570
-1795
14
1953
3832
5250
5986
6167
6037
5684
5005
3931
2665
1543
701
17
-564
-901
-909
-736
-550
-349
-81
166
269
222
172
273
521
794
1065
1489
2157
2907
3521
3947
4209
4251
3983
3390
2513
1423
241
-931
-2036
-2993
-3670
-4030
-4113
-3929
-3472
-2847
-2206
-1596
-995
-451
-67
138
224
229
178
113
74
70
87
123
165
190
182
106
-77
-375
-732
-1097
-1461
-1781
-1999
-2092
-2061
-1870
-1512
-1077
-662
-280
59
296
416
442
354
165
-14
-111
-169
-172
-39
200
455
719
1014
1267
1432
1543
1573
1462
1259
1048
808
529
338
288
296
342
518
831
1173
1490
1796
2074
2285
2393
2383
2260
2041
1717
1310
909
557
223
-58
-226
-387
-713
-1161
-1590
-2051
-2712
-3608
-4663
-5763
-6690
-7259
-7516
-7517
-7019
-5785
-4078
-2379
-755
1020
2904
4502
5475
5821
5781
5554
5081
4204
3022
1904
1064
366
-291
-736
-812
-673
-549
-436
-216
70
246
223
125
162
409
727
975
1277
1853
2638
3330
3761
4020
4153
4036
3565
2780
1793
703
-406
-1484
-2456
-3198
-3639
-3821
-3781
-3488
-2975
-2409
-1889
-1362
-834
-425
-183
-38
43
46
27
38
50
67
160
280
295
226
172
59
-227
-616
-962
-1287
-1628
-1880
-1963
-1920
-1781
-1496
-1103
-716
-359
-12
250
359
362
333
235
54
-107
-167
-142
-64
81
304
582
867
1120
1296
1372
1376
1339
1238
1032
770
573
458
356
289
361
582
852
1135
1461
1795
2072
2301
2474
2491
2312
2064
1834
1515
1057
632
386
199
-90
-454
-815
-1205
-1695
-2318
-3116
-4112
-5233
-6305
-7166
-7713
-7900
-7662
-6869
-5477
-3703
-1895
-137
1714
3580
5062
5852
6043
5917
5596
4996
4028
2826
1724
926
313
-263
-664
-712
-549
-452
-431
-290
-34
92
-18
-141
-3
373
747
1048
1500
2261
3122
3741
4068
4275
4359
4086
3349
2340
1273
164
-1040
-2213
-3124
-3691
-4003
-4120
-3973
-3507
-2842
-2196
-1665
-1184
-687
-254
-9
46
38
81
160
193
201
281
430
522
474
361
234
18
-366
-849
-1277
-1604
-1873
-2075
-2125
-1972
-1656
-1256
-825
-400
0
333
534
571
500
403
280
97
-90
-168
-117
3
174
434
775
1097
1316
1429
1447
1367
1194
958
678
403
190
59
16
101
331
634
956
1298
1656
1962
2191
2342
2385
2305
2137
1892
1546
1131
740
426
189
26
-123
-366
-721
-1131
-1605
-2273
-3215
-4377
-5627
-6722
-7457
-7829
-7909
-7520
-6385
-4635
-2766
-1039
715
2602
4321
5460
5907
5875
5622
5184
4410
3313
2218
1403
797
228
-223
-363
-274
-219
-295
-348
-279
-218
-340
-563
-588
-262
238
690
1173
1917
2869
3685
4174
4425
4505
4282
3637
2665
1557
414
-767
-1928
-2887
-3484
-3740
-3785
-3660
-3310
-2741
-2111
-1591
-1220
-902
-572
-315
-225
-221
-142
33
203
335
486
656
781
805
707
486
157
-276
-808
-1352
-1778
-2055
-2233
-2290
-2138
-1781
-1323
-848
-388
18
314
466
459
323
145
-17
-171
-302
-337
-213
29
328
644
962
1250
1472
1575
1511
1322
1103
871
584
286
92
20
16
109
335
623
912
1244
1596
1827
1919
2012
2115
2080
1932
1815
1660
1362
1080
950
800
507
246
85
-223
-790
-1462
-2182
-3071
-4167
-5396
-6595
-7464
-7807
-7786
-7530
-6707
-5071
-3050
-1251
328
2015
3732
5026
5589
5542
5258
4980
4537
3681
2637
1898
1496
1035
435
62
26
-31
-362
-767
-945
-934
-998
-1210
-1282
-906
-168
569
1201
1976
2992
3921
4429
4565
4525
4264
3603
2590
1478
423
-596
-1589
-2435
-2978
-3203
-3233
-3172
-3012
-2700
-2298
-1960
-1755
-1597
-1380
-1118
-879
-635
-298
126
522
837
1115
1347
1431
1294
984
590
133
-394
-960
-1466
-1824
-2008
-2062
-2006
-1820
-1500
-1116
-749
-436
-181
-3
68
30
-62
-142
-200
-232
-204
-81
122
374
653
914
1118
1272
1381
1382
1242
1028
810
598
398
243
137
86
129
260
413
565
787
1061
1299
1481
1657
1809
1871
1855
1804
1703
1548
1387
1220
995
771
638
518
275
-35
-319
-717
-1378
-2187
-3010
-3998
-5276
-6523
-7274
-7489
-7457
-7182
-6294
-4649
-2683
-952
477
1910
3420
4609
5056
4874
4569
4407
4132
3480
2684
2175
1949
1627
1079
602
387
180
-338
-1016
-1414
-1430
-1410
-1541
-1488
-870
139
1062
1779
2564
3496
4239
4492
4345
4057
3635
2907
1893
876
61
-631
-1335
-1954
-2300
-2396
-2449
-2565
-2662
-2651
-2561
-2481
-2446
-2355
-2074
-1619
-1150
-699
-141
514
1035
1292
1417
1499
1422
1087
599
103
-352
-767
-1141
-1448
-1620
-1612
-1496
-1367
-1226
-1031
-815
-655
-562
-487
-407
-361
-375
-391
-307
-129
32
137
288
518
721
824
882
950
989
973
906
788
633
504
430
348
241
187
229
296
350
449
635
849
1020
1179
1363
1537
1641
1695
1750
1788
1736
1603
1480
1366
1183
935
705
511
291
39
-205
-475
-882
-1461
-2147
-2888
-3761
-4858
-6006
-6787
-6989
-6831
-6519
-5809
-4412
-2582
-893
435
1639
2863
3885
4382
4332
4076
3923
3781
3376
2797
2409
2264
1998
1421
811
420
81
-493
-1223
-1707
-1744
-1559
-1416
-1167
-503
497
1412
2050
2609
3231
3704
3779
3532
3213
2885
2377
1626
860
301
-128
-638
-1216
-1659
-1912
-2147
-2472
-2792
-2948
-2903
-2781
-2680
-2486
-2004
-1305
-682
-206
320
918
1322
1393
1304
1205
1031
709
314
-58
-376
-635
-857
-1077
-1255
-1320
-1307
-1326
-1341
-1240
-1052
-912
-817
-662
-457
-305
-215
-116
-6
89
184
267
321
388
491
586
649
732
831
876
847
783
699
598
484
344
204
162
230
284
322
465
694
855
954
1110
1270
1324
1351
1437
1493
1471
1462
1490
1453
1337
1215
1063
833
575
336
77
-203
-447
-679
-1023
-1552
-2224
-2948
-3723
-4666
-5749
-6560
-6698
-6334
-5885
-5250
-3998
-2259
-679
453
1429
2468
3350
3783
3780
3637
3637
3712
3563
3148
2810
2697
2465
1821
1007
414
-3
-549
-1216
-1643
-1599
-1261
-937
-621
-55
797
1589
2059
2355
2704
3018
3073
2898
2718
2615
2417
1968
1362
819
370
-184
-919
-1615
-2084
-2443
-2843
-3191
-3292
-3144
-2892
-2630
-2337
-1933
-1381
-799
-351
-11
389
806
1019
1014
998
1013
875
564
252
-10
-324
-675
-955
-1148
-1299
-1391
-1405
-1382
-1314
-1169
-990
-866
-768
-629
-465
-341
-232
-62
151
322
442
574
720
817
865
897
904
860
809
744
613
458
391
385
345
320
384
455
475
566
756
855
836
896
1039
1071
1022
1101
1237
1226
1171
1261
1343
1225
1075
1071
1020
760
492
379
223
-95
-334
-359
-399
-612
-864
-1136
-1640
-2373
-3094
-3819
-4750
-5676
-6049
-5773
-5298
-4820
-3991
-2631
-1175
-127
555
1217
1928
2430
2588
2613
2787
3125
3375
3389
3259
3140
2971
2506
1711
901
337
-105
-634
-1101
-1169
-832
-432
-172
97
554
1073
1403
1521
1663
1966
2266
2368
2344
2382
2423
2228
1745
1192
714
217
-411
-1067
-1555
-1835
-2041
-2267
-2436
-2429
-2285
-2154
-2095
-1984
-1695
-1304
-967
-688
-344
65
387
534
585
611
578
408
137
-120
-320
-503
-687
-835
-927
-972
-994
-1016
-1036
-1024
-968
-908
-857
-757
-575
-372
-208
-44
153
335
450
519
574
595
582
574
580
581
595
632
659
675
723
784
780
724
715
754
734
634
554
550
571
584
629
683
691
681
728
804
805
752
766
838
850
808
801
783
664
500
410
334
157
-57
-183
-241
-336
-473
-641
-928
-1385
-1903
-2376
-2858
-3461
-4133
-4632
-4720
-4418
-3975
-3537
-2961
-2093
-1104
-334
140
537
1034
1565
1955
2169
2373
2697
3047
3194
3084
2876
2663
2334
1796
1193
739
442
191
-23
-114
-72
18
101
181
278
396
512
607
719
908
1147
1348
1488
1610
1688
1642
1470
1242
984
685
356
37
-257
-526
-761
-977
-1183
-1344
-1433
-1497
-1587
-1654
-1630
-1524
-1394
-1255
-1100
-941
-799
-674
-549
-441
-374
-347
-343
-335
-321
-331
-370
-391
-382
-396
-473
-568
-619
-627
-633
-672
-762
-880
-971
-992
-972
-967
-979
-980
-940
-815
-593
-322
-78
132
361
647
962
1265
1525
1725
1863
1950
2011
2053
2049
1962
1802
1627
1475
1334
1180
1010
847
710
592
483
394
330
278
217
162
145
159
160
135
120
145
203
263
307
330
345
364
387
373
313
238
148
-9
-256
-545
-833
-1136
-1486
-1849
-2183
-2468
-2690
-2804
-2818
-2808
-2814
-2773
-2635
-2440
-2239
-2019
-1762
-1506
-1275
-1019
-700
-366
-88
132
355
610
858
1063
1235
1397
1532
1616
1669
1715
1738
1719
1669
1619
1570
1521
1474
1425
1383
1367
1370
1350
1305
1297
1349
1402
1408
1388
1359
1292
1183
1070
973
859
701
543
441
390
343
268
169
56
-78
-238
-403
-562
-723
-891
-1031
-1128
-1200
-1255
-1281
-1279
-1281
-1283
-1257
-1212
-1180
-1156
-1110
-1053
-1027
-1025
-1009
-977
-966
-981
-998
-1007
-1011
-991
-933
-869
-815
-749
-654
-552
-452
-346
-240
-166
-116
-55
25
96
150
200
242
275
319
388
463
527
582
640
692
739
790
841
881
919
963
1010
1077
1178
1295
1385
1435
1471
1505
1515
1490
1449
1398
1321
1219
1114
1015
904
755
551
296
8
-286
-579
-876
-1189
-1521
-1857
-2145
-2332
-2401
-2406
-2408
-2416
-2370
-2230
-2023
-1795
-1569
-1362
-1186
-1034
-854
-620
-374
-185
-49
97
290
517
735
921
1069
1195
1293
1353
1378
1377
1333
1231
1098
999
953
923
878
843
846
876
923
979
1036
1060
1056
1036
1006
956
877
776
672
577
490
404
306
205
117
44
-25
-111
-229
-377
-520
-635
-726
-817
-912
-979
-1020
-1043
-1037
-992
-930
-892
-883
-862
-815
-772
-765
-791
-816
-818
-806
-794
-786
-763
-723
-669
-608
-548
-486
-423
-370
-319
-265
-207
-155
-117
-84
-48
-12
23
56
94
137
191
265
354
444
519
570
612
645
669
674
662
650
653
669
692
729
769
801
824
856
899
928
915
880
858
843
804
730
660
615
565
489
408
361
336
288
203
127
84
49
-15
-96
-171
-257
-378
-550
-734
-900
-1047
-1215
-1426
-1644
-1804
-1879
-1902
-1927
-1962
-1974
-1944
-1874
-1756
-1580
-1378
-1206
-1072
-914
-673
-385
-138
30
174
349
542
721
886
1052
1197
1291
1361
1454
1570
1637
1617
1546
1494
1470
1433
1364
1283
1217
1161
1113
1083
1068
1035
947
826
730
685
642
560
440
329
250
197
164
152
142
93
10
-61
-85
-91
-134
-225
-340
-457
-573
-688
-786
-877
-964
-1048
-1114
-1139
-1132
-1122
-1121
-1116
-1090
-1048
-997
-946
-905
-866
-821
-759
-685
-619
-568
-530
-492
-454
-411
-367
-319
-277
-250
-231
-215
-197
-181
-163
-137
-101
-63
-30
9
70
150
232
303
367
427
481
538
601
672
735
788
838
900
969
1027
1061
1071
1067
1056
1047
1027
981
911
829
762
716
683
630
550
455
370
315
288
263
223
181
146
112
71
5
-99
-265
-481
-713
-929
-1152
-1402
-1640
-1786
-1821
-1805
-1800
-1810
-1787
-1715
-1608
-1464
-1293
-1135
-1036
-968
-843
-621
-373
-194
-90
15
175
375
574
760
921
1035
1111
1186
1286
1376
1389
1321
1240
1206
1213
1209
1163
1085
1012
968
955
952
921
838
713
589
519
505
499
453
373
300
266
269
285
281
237
165
104
77
65
20
-75
-200
-318
-416
-502
-588
-684
-782
-871
-933
-954
-958
-973
-1011
-1042
-1039
-1002
-959
-933
-920
-905
-869
-811
-746
-686
-639
-603
-570
-530
-479
-430
-396
-384
-378
-363
-346
-339
-346
-339
-297
-226
-154
-85
-16
56
133
215
311
406
479
526
567
633
720
793
830
840
845
864
884
891
884
871
861
862
880
904
907
877
831
794
777
744
677
584
498
447
428
418
386
318
228
146
97
81
72
29
-73
-209
-336
-432
-526
-652
-820
-1016
-1213
-1372
-1459
-1483
-1499
-1550
-1605
-1618
-1567
-1476
-1369
-1263
-1170
-1085
-976
-811
-607
-416
-265
-138
-2
150
315
472
609
720
804
889
984
1068
1115
1114
1083
1050
1029
1008
978
921
850
791
756
742
733
723
709
678
638
612
607
595
558
516
500
500
490
484
485
481
441
370
299
226
128
7
-117
-231
-354
-475
-577
-657
-731
-797
-841
-866
-888
-908
-918
-915
-917
-923
-924
-918
-907
-881
-833
-779
-733
-691
-636
-572
-511
-458
-417
-393
-392
-386
-362
-327
-304
-293
-285
-277
-266
-246
-206
-156
-112
-68
-14
48
101
151
208
268
325
382
455
541
623
701
778
849
891
910
925
940
940
930
920
905
877
840
806
777
739
693
651
623
593
554
510
464
411
355
306
265
217
147
57
-39
-150
-276
-412
-547
-694
-856
-1015
-1162
-1291
-1392
-1447
-1453
-1434
-1421
-1407
-1370
-1297
-1191
-1060
-926
-809
-721
-634
-515
-369
-223
-102
1
100
210
336
473
600
695
763
816
871
920
945
938
914
892
883
885
883
868
841
821
815
826
827
805
758
703
656
620
586
533
470
413
380
362
339
302
250
190
137
96
52
-13
-112
-217
-310
-384
-458
-539
-627
-710
-768
-798
-807
-815
-837
-863
-875
-864
-847
-836
-842
-853
-851
-826
-779
-730
-697
-674
-642
-591
-527
-469
-433
-419
-418
-410
-390
-364
-345
-335
-323
-293
-241
-178
-115
-62
-10
51
121
196
265
320
367
427
514
619
708
768
819
879
946
1011
1066
1090
1058
998
966
972
954
881
792
724
661
607
586
569
490
371
308
315
309
259
198
141
73
23
31
47
1
-86
-147
-170
-188
-223
-283
-380
-492
-579
-640
-695
-770
-866
-971
-1047
-1064
-1054
-1053
-1062
-1052
-1032
-1001
-937
-848
-782
-748
-706
-639
-560
-480
-393
-307
-233
-156
-54
50
138
208
276
342
399
450
494
527
552
589
634
674
702
736
776
815
852
890
919
929
935
950
965
963
945
916
882
848
823
798
758
700
636
574
521
467
395
299
184
65
-43
-143
-248
-354
-462
-560
-639
-697
-738
-776
-819
-859
-889
-906
-919
-934
-956
-980
-997
-1002
-990
-972
-956
-944
-925
-895
-857
-823
-800
-790
-777
-755
-722
-676
-634
-593
-541
-470
-377
-274
-175
-89
-9
78
182
283
370
437
497
558
627
704
769
811
841
878
927
975
1013
1029
1032
1035
1046
1060
1062
1041
1003
963
929
906
881
840
782
716
653
595
538
477
401
317
231
150
75
-3
-86
-173
-261
-344
-415
-472
-521
-570
-628
-693
-756
-803
-834
-862
-898
-945
-991
-1024
-1030
-1016
-999
-991
-996
-994
-971
-926
-869
-814
-773
-737
-692
-624
-540
-446
-351
-259
-165
-60
56
171
276
368
453
535
619
703
782
849
906
957
1004
1050
1089
1118
1130
1128
1119
1108
1089
1064
1025
975
921
867
815
769
719
663
599
531
467
403
339
265
177
80
-18
-109
-192
-273
-360
-454
-544
-624
-690
-750
-810
-873
-938
-993
-1041
-1080
-1118
-1152
-1181
-1199
-1203
-1191
-1169
-1140
-1104
-1060
-1007
-946
-884
-823
-764
-709
-651
-588
-517
-447
-379
-318
-257
-184
-100
-11
65
127
185
249
329
419
495
551
595
645
720
811
897
956
993
1023
1064
1109
1139
1134
1095
1044
1009
1002
999
973
915
843
784
752
738
720
673
604
537
480
428
369
288
188
98
38
9
-10
-46
-105
-174
-228
-256
-276
-327
-428
-563
-681
-744
-744
-719
-723
-760
-805
-828
-817
-787
-761
-759
-761
-737
-689
-646
-631
-654
-690
-708
-688
-633
-566
-498
-424
-331
-233
-149
-101
-87
-94
-90
-64
-20
34
89
149
211
267
311
342
367
406
455
514
569
606
622
623
614
601
582
562
552
551
563
580
593
591
571
539
496
445
388
331
272
220
171
126
84
48
9
-33
-76
-116
-152
-184
-216
-250
-290
-329
-364
-396
-421
-438
-441
-441
-444
-456
-477
-502
-518
-524
-522
-519
-519
-524
-526
-521
-510
-490
-461
-423
-372
-311
-251
-195
-148
-112
-83
-57
-29
6
47
96
152
207
259
309
353
394
427
454
473
488
502
515
517
510
496
480
467
461
454
441
426
414
411
416
427
430
418
390
348
300
253
212
179
149
115
82
44
4
-34
-65
-88
-108
-116
-117
-117
-121
-137
-165
-199
-232
-257
-273
-290
-306
-323
-335
-337
-335
-335
-348
-364
-381
-389
-380
-365
-349
-337
-325
-312
-302
-296
-300
-304
-301
-280
-245
-206
-171
-147
-132
-119
-103
-88
-70
-48
-21
18
55
82
92
86
76
70
77
95
116
139
165
191
215
228
233
237
238
241
247
252
261
263
262
258
246
236
221
207
194
179
174
172
171
166
157
147
135
124
110
93
73
54
36
23
9
-4
-15
-24
-31
-38
-47
-60
-76
-93
-109
-124
-133
-146
-158
-167
-175
-174
-172
-169
-165
-161
-152
-140
-132
-127
-118
-113
-105
-96
-85
-72
-59
-42
-29
-20
-9
0
8
14
22
29
34
39
40
41
44
46
47
48
49
52
55
59
57
52
44
36
29
24
20
19
23
27
31
32
33
32
30
28
25
23
24
23
22
19
11
3
-5
-10
-12
-10
-7
-3
-1
0
-1
-5
-10
-15
-17
-17
-11
-9
-7
-5
-4
-2
2
5
8
9
11
13
12
6
-1
-8
-11
-11
-10
-9
-8
-8
-7
-6
-8
-8
-11
-13
-13
-10
-8
-9
-12
-14
-17
-18
-14
-9
-6
-5
-7
-8
-10
-10
-11
-14
-16
-20
-20
-20
-20
-20
-19
-21
-17
-13
-6
0
3
5
4
6
3
7
9
11
12
16
18
19
20
24
25
25
26
25
28
28
25
22
19
16
14
12
10
8
7
7
5
4
4
2
3
2
0
-3
-5
-7
-10
-10
-13
-13
-11
-12
-9
-8
-9
-12
-12
-12
-9
-10
-10
-13
-17
-22
-23
-22
-18
-16
-14
-12
-9
-6
-3
-2
-1
-2
-2
-1
1
4
5
8
9
8
5
5
7
6
5
6
3
1
-1
-2
-2
-3
-2
-1
-2
-3
-2
-2
-2
-3
-2
-2
-1
0
1
1
3
4
4
4
4
6
7
8
8
8
7
3
1
0
0
-1
-3
0
-1
0
1
1
2
2
1
0
1
2
1
2
1
1
2
2
3
3
4
2
2
3
4
4
2
3
1
0
-2
-2
-5
-7
-8
-8
-9
-10
-12
-13
-13
-14
-10
-11
-11
-10
-9
-7
-7
-7
-7
-7
-5
-5
-1
2
2
2
5
5
7
7
7
7
6
7
9
9
10
9
7
7
6
5
5
6
4
4
3
1
0
-1
0
0
0
-2
-1
0
-1
2
3
1
1
0
-1
-3
-2
-3
-4
-4
-2
-3
-3
-2
-3
-4
-3
-3
-4
-3
-2
-2
-1
-2
-3
-2
-2
-3
-4
-3
-3
-3
-2
-2
-3
-5
-6
-6
-7
-6
-8
-6
-6
-6
-5
-7
-4
-4
-2
1
1
2
2
2
1
2
1
2
2
1
0
3
4
5
6
6
5
5
6
7
7
7
6
6
5
3
2
2
3
6
10
8
7
7
4
4
2
1
6
4
3
3
4
3
1
0
0
1
0
2
3
2
1
-1
-1
-2
-2
-2
0
0
0
0
-1
-1
-4
-6
-8
-8
-11
-10
-8
-9
-10
-12
-12
-11
-9
-9
-7
-8
-7
-8
-8
-9
-10
-10
-11
-11
-9
-6
-3
-3
-2
-3
-2
-3
-3
-2
-1
1
3
4
4
6
4
2
2
4
5
6
9
13
12
12
11
8
6
6
5
7
7
9
9
11
11
9
7
5
5
4
4
5
3
4
4
2
0
-3
-4
-4
-4
-4
-4
-2
-3
-4
-6
-7
-10
-10
-11
-10
-8
-6
-4
-3
-4
-3
-5
-6
-5
-8
-7
-6
-6
-5
-5
-5
-5
-3
-2
-3
-3
-2
-1
-1
-2
-1
0
1
2
2
2
3
4
4
3
5
4
4
3
3
2
3
