-3
-3
-2
-4
-3
-1
-2
-2
0
0
0
0
1
1
1
1
1
0
0
1
-1
0
0
-1
0
-1
-2
0
-1
-2
-2
0
-1
-1
0
-1
-1
0
0
-1
-1
-2
-3
-2
0
-1
0
3
2
1
0
2
3
3
3
2
3
2
2
4
5
4
3
1
1
2
3
3
3
2
4
3
1
1
1
1
2
0
0
1
0
0
-2
-2
-2
-4
-4
-4
-5
-4
-4
-4
-5
-4
-3
-3
-2
-1
-1
0
1
3
4
3
4
5
3
3
3
4
2
0
2
0
1
-2
-2
-1
-2
-2
-1
-1
-2
-2
-1
0
0
0
0
2
0
0
0
1
2
1
2
3
4
4
4
4
4
3
1
1
0
-1
-1
-4
-4
-5
-7
-7
-8
-8
-8
-8
-6
-4
-5
-4
-4
-3
-3
-1
0
0
2
1
1
2
1
1
2
2
3
3
4
4
4
4
3
4
6
5
5
6
5
4
5
6
6
5
6
6
6
5
4
4
4
3
3
2
3
2
0
1
-1
-2
-1
-2
-3
-4
-3
-4
-6
-6
-7
-11
-12
-8
-7
-10
-9
-6
-4
-3
-2
-1
-4
-3
-5
-3
0
0
0
-1
-1
-4
-3
-1
0
0
-1
-1
0
-2
1
0
2
3
3
4
6
5
5
6
5
5
5
5
5
5
4
7
7
6
7
5
3
5
5
4
3
1
1
1
-1
-1
-2
-3
-3
-5
-6
-4
-4
-3
-2
-4
-4
-2
-1
0
1
2
3
4
4
2
3
3
1
0
-1
-1
-2
-3
-5
-5
-4
-5
-5
-4
-4
-4
-3
-4
-3
-2
-2
-2
-2
-1
0
0
0
1
2
1
1
0
1
0
-1
0
0
0
1
1
0
2
1
-1
-1
0
1
2
3
2
2
3
2
2
2
2
3
3
3
3
5
3
4
2
1
-1
0
1
0
-2
-2
-1
-2
-2
-1
0
0
1
2
2
2
2
2
1
-1
-2
-2
-3
-5
-4
-6
-8
-8
-8
-8
-7
-7
-6
-5
-5
-2
-2
-2
0
-1
1
2
1
2
2
2
3
3
5
5
5
5
5
3
4
5
4
4
4
4
6
3
4
3
1
1
1
3
2
3
2
1
1
2
2
2
1
0
0
-1
0
-2
-3
-2
-2
-3
-3
-2
-3
-3
-2
-2
-2
-2
-2
-3
-4
-3
-4
-3
-2
-1
-1
-1
0
0
0
1
1
2
2
3
3
4
4
4
3
2
0
-1
-2
-1
-2
-3
-3
-4
-3
-2
-2
-2
-3
-3
-3
-3
-3
-2
-1
-3
-4
-5
-3
-4
-4
-3
-4
-3
-2
-2
-1
1
1
2
3
5
6
6
5
5
3
2
2
2
2
1
0
-1
0
2
2
3
2
0
0
0
-1
0
1
-1
-1
-1
0
0
0
1
-1
-3
-3
-1
-1
-2
-2
1
0
-1
1
2
1
3
1
0
-2
-2
0
-1
-2
-1
-1
-2
-2
0
0
2
3
3
5
6
4
6
6
7
8
5
8
8
8
7
6
4
3
3
1
-2
-2
-5
-4
-2
-3
-2
-2
-3
-2
-1
-2
-2
-2
-3
-4
-4
-3
-4
-4
-5
-6
-7
-7
-6
-6
-4
-4
-4
-3
-2
-3
-2
-2
-3
-2
-3
-4
-4
-4
-4
-4
-4
-4
-2
-2
-1
0
-2
-1
-1
-2
-3
-3
0
0
-2
-2
0
1
1
0
1
3
3
3
2
1
2
1
0
-1
-1
0
0
1
1
0
1
1
1
-1
0
0
0
1
1
2
4
4
2
3
2
2
2
3
3
2
2
4
4
5
5
8
9
9
8
7
9
8
8
9
9
9
13
20
19
19
17
18
25
26
25
22
21
23
21
17
14
10
6
2
-4
-9
-12
-17
-26
-28
-34
-37
-40
-49
-52
-54
-60
-63
-70
-78
-81
-86
-89
-92
-106
-109
-112
-119
-118
-130
-140
-141
-142
-136
-143
-153
-145
-137
-127
-120
-115
-98
-81
-67
-44
-24
-5
16
43
67
89
115
139
158
173
194
222
234
241
249
251
259
258
245
232
207
182
161
125
79
28
-20
-73
-135
-201
-263
-326
-396
-468
-530
-588
-651
-713
-759
-795
-832
-855
-865
-862
-847
-811
-762
-703
-620
-520
-408
-286
-151
-4
157
322
486
660
838
1007
1173
1337
1483
1615
1743
1854
1938
1997
2036
2059
2051
1998
1923
1837
1729
1588
1418
1240
1061
874
678
479
278
87
-78
-247
-426
-535
-605
-786
-998
-1012
-931
-1057
-1300
-1395
-1308
-1192
-1277
-1569
-1680
-1434
-1272
-1467
-1668
-1627
-1455
-1310
-1354
-1504
-1467
-1260
-1153
-1154
-1141
-1100
-1006
-871
-810
-793
-698
-589
-544
-471
-335
-219
-133
-30
83
185
282
410
558
658
710
787
875
910
918
948
972
946
860
783
758
671
443
214
142
139
18
-221
-380
-390
-410
-541
-638
-577
-431
-331
-301
-218
3
249
373
460
644
885
1100
1267
1417
1595
1774
1870
1893
1954
2087
2211
2238
2202
2195
2219
2168
1997
1807
1664
1508
1263
994
798
634
368
1
-345
-614
-843
-1084
-1319
-1486
-1582
-1702
-1865
-1973
-2010
-2053
-2091
-2067
-2004
-1939
-1882
-1830
-1770
-1712
-1664
-1593
-1473
-1338
-1225
-1152
-1106
-1054
-966
-859
-776
-725
-667
-580
-501
-436
-375
-390
-468
-424
-284
-250
-262
-190
-131
-111
7
129
63
13
295
640
575
315
461
934
1027
659
541
965
1301
1070
776
927
1203
1236
1192
1118
1043
1271
1516
1276
1030
1354
1659
1366
1022
1194
1514
1437
1068
914
1103
1201
979
736
718
777
651
389
224
212
185
30
-184
-350
-460
-631
-907
-1225
-1460
-1567
-1667
-1876
-2134
-2318
-2401
-2488
-2666
-2786
-2737
-2610
-2521
-2440
-2254
-1997
-1761
-1599
-1437
-1149
-773
-427
-134
172
496
823
1089
1313
1535
1790
2041
2235
2406
2589
2764
2821
2798
2760
2687
2563
2439
2326
2198
2000
1707
1426
1157
858
531
244
-3
-232
-437
-616
-781
-930
-1086
-1252
-1375
-1406
-1391
-1389
-1398
-1356
-1285
-1237
-1256
-1213
-1088
-1007
-891
-843
-615
-362
-483
-740
-362
73
-353
-580
-137
416
-147
-955
-358
729
68
-1308
-602
639
251
-926
-962
-23
506
-229
-1267
-685
621
172
-774
-586
22
57
-416
-197
21
10
-3
222
231
1
265
554
624
322
197
704
1054
663
516
1102
1103
556
687
1080
1233
1165
982
600
908
1531
1044
571
759
1132
1015
755
506
422
911
955
114
-349
321
743
77
-585
-426
-95
-312
-931
-1189
-973
-992
-1358
-1543
-1588
-1600
-1690
-1936
-2089
-2076
-2005
-1970
-1895
-1858
-1742
-1569
-1443
-1334
-1179
-946
-668
-379
-147
133
478
750
923
1141
1365
1596
1834
2074
2259
2408
2513
2542
2563
2535
2488
2423
2342
2205
2097
1904
1631
1379
1087
790
527
252
-23
-263
-488
-719
-902
-1138
-1284
-1031
-1252
-1979
-1997
-1031
-1087
-2049
-2131
-1372
-1007
-1632
-1718
-1362
-1075
-1055
-927
-981
-1118
-672
-236
-385
-640
-680
-224
360
-60
-498
-107
424
-159
-198
516
442
-298
-58
760
272
-306
-115
384
654
122
-499
0
618
524
-24
-187
212
630
557
50
95
345
444
587
408
-148
142
1148
818
-171
133
1182
1196
264
151
748
1166
1051
622
314
470
1132
872
129
437
1268
840
-409
124
1291
737
-278
-180
373
544
280
-285
-240
336
124
-612
-715
-222
39
-446
-1160
-1076
-566
-908
-1603
-1688
-1345
-1224
-1619
-1980
-1864
-1487
-1488
-1982
-2150
-1728
-1376
-1340
-1402
-1276
-962
-766
-689
-547
-243
96
350
514
687
1039
1430
1644
1694
1852
2181
2443
2604
2703
2728
2728
2677
2531
2373
2280
2160
1883
1500
1203
989
630
217
104
43
-402
-622
-602
-881
-1027
-1099
-1208
-1292
-1502
-1501
-1170
-1133
-1556
-1634
-1385
-860
-892
-1340
-1182
-972
-648
-346
-553
-999
-617
204
-129
-587
-99
-9
-109
-83
-160
-30
-75
-28
196
-328
-361
246
-173
-335
-44
-146
-385
-67
73
-293
-691
-303
566
-153
-529
-50
-30
262
80
-805
-200
1414
655
-966
-128
1441
1536
145
-1000
521
2383
1029
-805
127
1804
1777
219
-446
1164
2111
653
-76
827
1056
838
607
513
795
757
513
292
414
662
421
-139
32
375
-217
-363
-10
-393
-786
-615
-609
-1036
-1235
-955
-1060
-1754
-1958
-1553
-1222
-1435
-2100
-2312
-1668
-1319
-1734
-1926
-1532
-1107
-1027
-1070
-905
-410
-7
-76
-135
341
890
1189
1319
1401
1678
1964
2063
2145
2356
2461
2376
2291
2244
2310
2371
1984
1496
1383
1318
1028
816
689
297
-349
-36
149
-1091
-1336
0
-458
-2221
-2015
-539
-118
-1635
-2408
-1230
-640
-750
-689
-1348
-1620
-585
192
-264
-1270
-1237
270
901
-369
-1322
-780
544
1006
9
-1260
-1041
644
1530
-38
-1685
-997
1080
1243
-1269
-1839
737
1556
-869
-1888
259
1400
-49
-1153
-588
433
828
-152
-934
617
629
-568
327
460
-504
314
1329
-70
-992
423
1428
624
-381
4
1127
1289
-107
-309
1184
1327
440
-138
671
1571
610
-174
706
961
509
505
254
58
505
1234
330
-975
148
1085
-245
-376
329
-352
-535
-120
-444
-729
-632
-795
-818
-938
-1285
-1300
-1152
-1312
-1595
-1527
-1492
-1598
-1272
-1313
-1677
-1383
-1033
-1040
-994
-793
-465
-156
-128
26
337
503
804
1219
1256
1175
1618
2093
2078
1897
1884
2155
2377
2315
2049
1869
2087
2035
1599
1258
1170
1199
1038
471
-11
70
34
-235
-359
-873
-1527
-1238
-808
-1163
-1650
-1516
-1223
-1725
-2047
-1229
-854
-1306
-1425
-1279
-966
-744
-759
-546
-393
-484
-292
-115
-236
62
332
83
84
84
-37
241
546
349
11
-34
325
690
-348
-1082
505
1428
-171
-1081
-247
98
-210
81
223
-553
-604
-81
-430
-162
703
-85
-965
-394
42
397
787
78
-281
170
310
646
906
606
412
448
404
608
1232
1352
340
-32
611
1024
1197
933
443
260
237
448
1088
1099
91
-376
112
586
418
365
743
-155
-1351
-356
1216
360
-1287
-1047
-212
-415
-1011
-896
-702
-894
-1262
-1913
-2023
-1278
-1046
-1872
-2462
-2022
-1478
-1416
-1495
-1631
-1779
-1706
-1216
-737
-591
-391
-158
-2
256
637
1087
1406
1526
1545
1770
2247
2725
2897
2628
2471
2588
2603
2573
2717
2681
2135
1587
1575
1661
1310
914
593
252
75
-38
-321
-794
-1142
-1185
-1147
-1312
-1577
-1714
-1631
-1613
-1860
-1839
-1442
-1320
-1513
-1419
-980
-765
-822
-830
-795
-544
-230
-146
209
420
-43
-222
166
421
315
303
363
139
3
119
190
269
64
-482
-492
-54
-91
-269
-216
-490
-705
-550
-434
-478
-504
-481
-506
-392
-332
-537
-545
-96
153
-48
-84
96
325
357
254
473
634
617
896
924
656
916
1153
952
845
908
996
1160
1231
1004
892
981
930
798
708
873
1158
855
218
229
491
613
623
58
-317
120
243
-355
-596
-358
-572
-1142
-1412
-1360
-1254
-1165
-1395
-2054
-2375
-2284
-2312
-2241
-2059
-2126
-2246
-2262
-2230
-1931
-1562
-1418
-1484
-1590
-1164
-238
328
379
538
818
962
1294
1873
2408
2822
2936
2809
2920
3252
3447
3459
3329
3083
2962
2960
2825
2607
2257
1703
1240
949
562
172
30
-197
-791
-1362
-1603
-1757
-1974
-2218
-2346
-2239
-2210
-2471
-2650
-2394
-2012
-1998
-2106
-1865
-1430
-1042
-825
-815
-670
-371
-173
65
482
772
781
734
681
701
905
1032
942
834
691
415
346
499
386
92
-148
-463
-587
-390
-369
-598
-790
-894
-865
-834
-874
-701
-506
-550
-603
-663
-648
-351
77
345
136
-160
143
608
654
561
644
829
845
797
1120
1403
1183
1088
1094
759
811
1320
1432
1125
747
464
628
959
799
472
291
87
209
611
576
255
215
29
-440
-371
143
269
-112
-617
-903
-929
-927
-1055
-1300
-1668
-2167
-2664
-3085
-3350
-3151
-2692
-2709
-3224
-3610
-3465
-2831
-2335
-2380
-2306
-1642
-910
-384
262
967
1396
1742
2210
2660
3251
4084
4795
5064
4920
4813
5079
5325
5208
5027
4905
4618
4164
3789
3431
2756
1877
1117
396
-344
-937
-1403
-1961
-2762
-3610
-4212
-4578
-4878
-5152
-5302
-5276
-5156
-4948
-4625
-4264
-3958
-3608
-3020
-2296
-1638
-962
-191
478
961
1368
1766
2135
2501
2887
3239
3441
3401
3193
3068
3023
2777
2359
2049
1837
1496
982
394
-169
-632
-1006
-1358
-1674
-1894
-2042
-2148
-2237
-2402
-2625
-2676
-2411
-1998
-1731
-1559
-1199
-742
-491
-355
28
614
1085
1394
1565
1695
1988
2231
2202
2163
2146
2003
1890
1811
1704
1729
1670
1192
618
463
637
641
268
-141
-304
-362
-422
-427
-392
-412
-518
-562
-508
-529
-612
-682
-880
-1161
-1364
-1596
-1957
-2407
-3009
-3797
-4381
-4325
-3823
-3463
-3570
-3893
-3965
-3800
-3661
-3404
-2788
-1837
-821
-77
490
1199
2050
2869
3535
4075
4751
5686
6616
7226
7459
7491
7445
7186
6714
6381
6339
6246
5752
4912
3941
2910
1843
859
-26
-945
-1802
-2449
-3101
-3907
-4725
-5449
-6089
-6671
-7104
-7146
-6745
-6166
-5726
-5503
-5368
-5111
-4561
-3788
-2928
-1873
-677
300
842
1093
1459
2090
2677
3052
3373
3713
3927
3865
3589
3239
2797
2332
1961
1627
1305
1014
660
186
-378
-917
-1256
-1443
-1636
-1793
-1830
-1808
-1834
-1939
-2028
-2012
-1858
-1594
-1287
-957
-633
-371
-158
60
320
633
904
1126
1400
1673
1836
1876
1820
1718
1636
1553
1489
1512
1500
1344
1132
961
825
666
491
437
529
581
520
493
542
534
436
304
185
197
409
650
667
478
368
322
-24
-586
-881
-875
-1066
-1736
-2665
-3653
-4820
-6106
-6871
-6620
-5794
-5337
-5593
-5996
-5955
-5621
-5345
-4858
-3732
-2125
-586
585
1617
2860
4154
5082
5643
6251
7238
8432
9393
9989
10295
10190
9582
8669
7764
7089
6570
5950
5128
4135
2905
1414
-108
-1450
-2651
-3783
-4717
-5351
-5794
-6213
-6675
-7109
-7427
-7586
-7548
-7272
-6695
-5804
-4822
-3998
-3243
-2335
-1345
-509
173
994
2063
3023
3622
4055
4424
4528
4346
4097
3869
3602
3264
2858
2330
1623
827
95
-589
-1321
-2017
-2518
-2820
-3057
-3319
-3509
-3566
-3624
-3702
-3600
-3271
-2867
-2456
-2022
-1560
-1122
-770
-403
82
527
835
1142
1477
1724
1900
2040
2054
1954
1879
1841
1760
1657
1602
1559
1422
1150
859
684
597
548
651
847
868
743
741
901
1096
1357
1741
2077
2155
2000
1790
1679
1789
2120
2402
2283
1827
1492
1375
1010
234
-481
-887
-1413
-2533
-4284
-6384
-8267
-9088
-8418
-7145
-6674
-7064
-7168
-6682
-6451
-6624
-6008
-3853
-1183
583
1601
3001
4930
6471
7108
7310
7791
8699
9599
10101
10324
10527
10476
9561
7694
5674
4247
3282
2262
1121
21
-1162
-2675
-4417
-6025
-7316
-8341
-9017
-9209
-9080
-8890
-8553
-7866
-7048
-6498
-6106
-5405
-4219
-2744
-1171
451
2030
3272
3944
4296
4817
5578
6187
6424
6492
6542
6358
5779
4996
4189
3271
2205
1216
427
-344
-1146
-1797
-2341
-3010
-3722
-4140
-4188
-4073
-3856
-3388
-2705
-2090
-1637
-1153
-555
15
482
959
1503
1994
2300
2469
2581
2514
2162
1743
1466
1214
863
501
204
-157
-690
-1247
-1642
-1941
-2251
-2463
-2457
-2309
-2144
-1988
-1816
-1566
-1213
-794
-293
311
924
1447
1872
2192
2443
2708
2974
3184
3256
3107
2876
2742
2554
2136
1623
1196
878
591
195
-415
-1188
-1945
-2532
-3142
-4098
-5281
-6455
-7861
-9589
-10807
-10508
-8931
-7520
-7054
-6700
-5686
-4596
-4034
-3309
-1451
1289
3710
5305
6751
8532
10178
11157
11568
11847
12213
12503
12449
12045
11521
10962
10003
8274
6072
4000
2179
426
-1204
-2510
-3585
-4794
-6135
-7204
-8010
-8899
-9590
-9553
-9025
-8485
-7727
-6525
-5193
-3836
-2494
-1536
-722
550
1867
2453
2684
3303
4159
4645
4646
4390
4040
3555
2632
1290
75
-623
-1013
-1550
-2334
-3054
-3576
-4106
-4681
-5051
-5065
-4833
-4470
-4067
-3661
-3088
-2256
-1345
-562
52
709
1607
2456
2985
3412
3840
4019
3837
3506
3240
2998
2632
2159
1661
1120
496
-161
-761
-1291
-1741
-2050
-2182
-2165
-2085
-1922
-1599
-1237
-937
-535
54
677
1238
1857
2552
3114
3466
3808
4218
4508
4593
4591
4544
4362
4068
3774
3435
2862
2017
1161
502
-71
-650
-1129
-1486
-1849
-2304
-2840
-3458
-4121
-4704
-5206
-5782
-6664
-8161
-10174
-11797
-11984
-10719
-9159
-8158
-7214
-5664
-4104
-3509
-3345
-2058
541
2961
4359
5574
7457
9467
10644
11028
11321
11757
11906
11362
10348
9456
8885
8216
6976
5246
3486
1869
163
-1674
-3239
-4219
-4861
-5528
-6154
-6561
-6837
-6982
-6745
-6108
-5394
-4693
-3719
-2423
-1183
-189
863
2158
3347
4065
4405
4651
4856
4900
4704
4105
2878
1254
31
-459
-946
-2077
-3305
-3883
-4270
-5240
-6255
-6268
-5618
-5378
-5479
-5062
-4134
-3338
-2666
-1699
-604
232
994
1942
2745
3153
3589
4303
4761
4587
4243
4157
3983
3320
2469
1919
1517
788
-209
-1021
-1537
-2022
-2525
-2839
-2919
-2921
-2887
-2717
-2414
-2074
-1658
-1047
-364
189
730
1457
2210
2720
3092
3528
3902
4011
3949
3884
3804
3604
3262
2797
2224
1640
1215
944
552
-103
-775
-1221
-1530
-1854
-2141
-2288
-2276
-2140
-1998
-2021
-2200
-2352
-2469
-2787
-3477
-4565
-6048
-7690
-8886
-9117
-8452
-7426
-6371
-5179
-3874
-2850
-2271
-1653
-451
1198
2726
3969
5253
6720
8118
9218
10034
10658
11055
11011
10374
9344
8320
7460
6545
5374
4041
2710
1313
-253
-1791
-3009
-3880
-4588
-5258
-5810
-6156
-6302
-6211
-5804
-5140
-4388
-3603
-2726
-1765
-817
112
1122
2164
3008
3522
3781
3884
3833
3594
3207
2770
2060
507
-1757
-3488
-3882
-3856
-4613
-5590
-5563
-5067
-5455
-6218
-5834
-4541
-3761
-3534
-2808
-1587
-670
73
1195
2324
2929
3387
4006
4277
4025
3986
4472
4694
4096
3277
2872
2510
1664
675
135
-126
-680
-1529
-2145
-2339
-2418
-2532
-2517
-2317
-2072
-1805
-1403
-868
-308
313
1079
1788
2182
2412
2827
3342
3600
3602
3669
3812
3667
3167
2719
2520
2268
1726
1100
634
201
-344
-860
-1228
-1580
-1970
-2223
-2292
-2302
-2216
-1921
-1595
-1530
-1690
-1902
-2289
-3054
-4167
-5640
-7560
-9428
-10214
-9628
-8618
-7902
-6920
-5113
-3283
-2451
-2106
-938
1103
2807
3671
4510
6001
7747
9060
9948
10827
11729
12155
11663
10428
9101
8074
7042
5561
3802
2290
1091
-223
-1748
-3033
-3805
-4355
-4999
-5637
-6041
-6185
-6085
-5660
-4950
-4137
-3247
-2179
-1009
47
996
2014
3060
3833
4164
4177
4035
3725
3170
2421
1580
675
-301
-1339
-2422
-3500
-4445
-5156
-5732
-6284
-6668
-6640
-6178
-5462
-4610
-3636
-2571
-1533
-640
124
900
1751
2525
3062
3403
3667
3846
3858
3712
3477
3152
2696
2112
1439
743
126
-356
-788
-1257
-1684
-1930
-2020
-2075
-2068
-1862
-1464
-1057
-709
-320
197
785
1338
1828
2293
2732
3076
3260
3303
3269
3159
2950
2679
2360
1982
1620
1358
1128
798
392
38
-235
-498
-706
-779
-827
-991
-1176
-1226
-1164
-1077
-869
-470
-72
64
-69
-375
-838
-1452
-2344
-3884
-6132
-8353
-9623
-9908
-9850
-9515
-8338
-6389
-4576
-3384
-2235
-509
1449
2871
3675
4405
5366
6399
7278
8012
8770
9507
9873
9510
8458
7178
5995
4710
3048
1226
-359
-1590
-2567
-3282
-3599
-3487
-3123
-2709
-2345
-2016
-1580
-925
-175
448
918
1414
2032
2637
3093
3479
3888
4156
4009
3377
2480
1538
534
-678
-2054
-3355
-4402
-5221
-5882
-6320
-6406
-6200
-5895
-5567
-5136
-4520
-3717
-2738
-1655
-602
329
1173
1924
2458
2734
2876
2928
2760
2324
1796
1352
919
379
-173
-559
-805
-1055
-1325
-1502
-1555
-1558
-1548
-1481
-1327
-1105
-830
-491
-98
315
743
1199
1641
2003
2290
2529
2688
2719
2659
2592
2505
2325
2093
1894
1698
1427
1134
913
710
447
192
49
-25
-92
-87
63
268
402
516
709
888
885
749
690
736
710
534
351
225
15
-376
-879
-1455
-2200
-3183
-4415
-5947
-7662
-9067
-9705
-9669
-9299
-8536
-7098
-5140
-3177
-1417
356
2177
3701
4650
5139
5471
5793
6065
6185
6134
6028
5925
5671
5076
4202
3286
2357
1260
11
-1123
-1911
-2335
-2454
-2297
-1877
-1194
-269
768
1725
2544
3271
3851
4103
4007
3755
3510
3239
2862
2410
1964
1554
1131
612
-61
-873
-1769
-2738
-3776
-4776
-5544
-5975
-6081
-5889
-5410
-4679
-3759
-2742
-1757
-893
-120
599
1144
1421
1525
1594
1561
1320
976
678
389
12
-420
-828
-1214
-1582
-1880
-2102
-2259
-2292
-2142
-1874
-1595
-1279
-842
-320
167
558
866
1104
1259
1325
1339
1368
1443
1537
1619
1697
1782
1848
1880
1863
1787
1638
1457
1298
1159
1025
912
851
811
746
698
746
860
957
1053
1213
1416
1556
1618
1674
1715
1619
1341
997
694
411
99
-185
-373
-539
-813
-1224
-1715
-2297
-3051
-4027
-5247
-6677
-8093
-9094
-9411
-9135
-8474
-7394
-5742
-3653
-1575
232
1877
3462
4732
5361
5414
5277
5183
5036
4689
4240
3907
3732
3520
3088
2502
1948
1414
715
-162
-941
-1382
-1524
-1483
-1220
-634
240
1250
2243
3123
3854
4435
4802
4829
4484
3932
3326
2648
1844
1007
309
-207
-667
-1170
-1706
-2261
-2854
-3483
-4091
-4594
-4899
-4963
-4808
-4446
-3837
-2982
-1976
-965
-67
664
1215
1590
1749
1660
1356
942
476
-34
-547
-966
-1262
-1497
-1698
-1840
-1919
-1964
-1969
-1908
-1803
-1670
-1463
-1173
-862
-549
-177
249
613
854
1019
1146
1191
1131
1037
983
955
931
966
1097
1272
1436
1587
1720
1781
1730
1585
1380
1158
968
838
742
693
742
878
1016
1156
1400
1725
1956
2031
2079
2154
2100
1831
1496
1206
881
463
65
-230
-490
-799
-1169
-1613
-2153
-2778
-3517
-4484
-5708
-7009
-8104
-8783
-8947
-8591
-7743
-6408
-4605
-2512
-471
1309
2877
4259
5240
5621
5531
5260
4917
4420
3780
3170
2729
2422
2117
1764
1419
1122
820
392
-162
-671
-970
-1046
-985
-762
-252
561
1535
2504
3395
4170
4756
5045
4974
4580
3964
3195
2281
1260
248
-650
-1422
-2059
-2544
-2913
-3240
-3472
-3519
-3467
-3492
-3577
-3536
-3311
-2997
-2591
-1984
-1218
-472
187
797
1294
1562
1610
1493
1169
631
35
-503
-1037
-1572
-1956
-2116
-2192
-2251
-2164
-1889
-1587
-1349
-1079
-741
-462
-303
-187
-76
1
75
190
309
392
502
678
833
893
927
1010
1087
1096
1086
1121
1172
1198
1235
1305
1360
1356
1326
1294
1249
1197
1175
1199
1261
1388
1598
1830
2004
2099
2131
2062
1866
1593
1302
992
654
341
99
-118
-378
-696
-1061
-1486
-1991
-2609
-3377
-4301
-5356
-6499
-7568
-8256
-8351
-7950
-7255
-6195
-4566
-2504
-489
1184
2651
4058
5169
5629
5457
5038
4659
4267
3685
2956
2353
2031
1812
1463
1042
789
685
457
7
-417
-591
-595
-574
-479
-145
490
1337
2253
3104
3840
4463
4888
4958
4635
4051
3319
2415
1338
217
-802
-1672
-2400
-2994
-3461
-3772
-3823
-3643
-3451
-3359
-3212
-2895
-2562
-2347
-2091
-1639
-1098
-601
-106
418
852
1113
1228
1185
948
579
156
-369
-999
-1537
-1859
-2070
-2264
-2317
-2119
-1796
-1494
-1172
-776
-393
-120
76
233
294
247
186
178
166
140
193
357
523
658
850
1103
1281
1316
1322
1357
1328
1188
1045
1005
1032
1053
1067
1114
1222
1375
1494
1525
1544
1678
1880
1996
2013
2059
2148
2140
1929
1565
1166
830
548
221
-166
-476
-644
-879
-1367
-2008
-2617
-3261
-4169
-5395
-6711
-7755
-8277
-8312
-8035
-7397
-6120
-4198
-2147
-422
1109
2790
4443
5480
5663
5381
5095
4809
4221
3257
2284
1686
1415
1108
659
367
402
480
273
-94
-277
-247
-257
-384
-390
-22
692
1518
2270
2979
3764
4550
5069
5139
4857
4381
3706
2754
1557
284
-899
-1903
-2715
-3366
-3816
-3948
-3758
-3475
-3298
-3139
-2800
-2329
-1975
-1788
-1551
-1125
-648
-283
-1
312
646
882
936
819
609
346
-26
-552
-1140
-1614
-1949
-2254
-2526
-2608
-2424
-2095
-1747
-1369
-921
-461
-77
178
297
311
296
271
216
148
143
222
342
492
675
878
1068
1232
1341
1365
1331
1291
1209
1055
899
831
830
821
799
834
961
1143
1346
1543
1746
1969
2191
2343
2373
2322
2229
2051
1737
1330
944
616
320
44
-212
-493
-838
-1231
-1680
-2242
-2938
-3712
-4548
-5511
-6550
-7382
-7741
-7626
-7183
-6382
-5061
-3264
-1351
351
1843
3304
4653
5499
5609
5226
4792
4386
3746
2783
1814
1181
829
495
140
-34
38
140
79
-80
-143
-88
-49
-80
-32
287
875
1544
2173
2814
3529
4203
4622
4677
4417
3930
3233
2308
1180
-43
-1195
-2162
-2947
-3575
-3978
-4050
-3818
-3463
-3102
-2709
-2241
-1780
-1434
-1187
-938
-630
-298
0
228
411
585
734
783
686
477
184
-212
-709
-1218
-1655
-2021
-2337
-2542
-2551
-2354
-2021
-1612
-1151
-668
-208
177
438
565
596
567
479
339
222
191
232
313
431
597
783
958
1092
1158
1152
1123
1106
1042
890
744
702
728
742
782
931
1169
1419
1670
1923
2146
2309
2423
2479
2435
2271
2011
1686
1336
990
636
259
-78
-314
-519
-856
-1371
-1966
-2562
-3202
-4011
-5042
-6167
-7071
-7500
-7528
-7344
-6846
-5708
-3948
-2079
-483
991
2617
4204
5229
5474
5271
5040
4772
4141
3070
1966
1253
847
391
-161
-463
-368
-203
-267
-398
-293
-15
112
27
17
330
892
1464
1960
2501
3197
3932
4433
4571
4453
4202
3752
2983
1934
799
-281
-1312
-2307
-3165
-3750
-4025
-4064
-3933
-3636
-3168
-2612
-2107
-1684
-1272
-846
-475
-194
38
235
387
531
692
809
812
701
453
50
-401
-803
-1227
-1725
-2153
-2395
-2532
-2609
-2506
-2167
-1719
-1250
-755
-283
84
359
560
632
551
425
339
278
231
254
375
536
701
903
1141
1332
1415
1410
1353
1241
1077
878
658
463
370
401
507
648
829
1083
1406
1730
1968
2133
2315
2513
2620
2574
2406
2160
1859
1512
1111
659
245
-70
-394
-883
-1510
-2137
-2755
-3514
-4498
-5635
-6730
-7534
-7916
-7932
-7650
-6891
-5444
-3522
-1638
2
1653
3430
4960
5785
5908
5690
5388
4911
4054
2876
1753
975
434
-125
-652
-878
-791
-686
-720
-724
-556
-330
-226
-207
-60
358
977
1600
2142
2733
3490
4246
4688
4743
4587
4316
3795
2919
1793
622
-482
-1535
-2540
-3390
-3923
-4123
-4149
-4088
-3817
-3275
-2660
-2181
-1785
-1298
-745
-287
34
314
617
900
1079
1118
1060
994
893
624
153
-361
-799
-1227
-1715
-2148
-2379
-2430
-2396
-2269
-2002
-1616
-1165
-704
-297
13
253
446
548
517
435
405
403
361
329
414
583
727
842
988
1128
1167
1104
1009
899
766
618
485
375
302
286
348
482
699
1010
1351
1632
1858
2111
2382
2524
2463
2313
2176
1975
1636
1238
905
636
361
57
-281
-664
-1121
-1687
-2378
-3162
-4020
-5025
-6168
-7162
-7674
-7700
-7446
-6862
-5648
-3820
-1855
-149
1400
3037
4627
5694
5953
5642
5237
4872
4221
3071
1799
948
519
65
-532
-902
-840
-638
-626
-723
-643
-378
-186
-187
-165
175
796
1400
1861
2388
3139
3916
4401
4533
4449
4214
3752
2979
1937
781
-326
-1338
-2309
-3184
-3768
-3990
-4002
-3913
-3627
-3097
-2509
-2039
-1642
-1200
-722
-292
36
280
514
784
1020
1093
1030
973
899
644
181
-312
-737
-1179
-1685
-2128
-2377
-2447
-2412
-2271
-1985
-1569
-1101
-659
-275
43
268
388
404
333
217
129
106
113
131
218
397
598
780
968
1139
1216
1192
1129
1045
922
783
655
545
485
511
606
734
927
1197
1471
1691
1885
2062
2176
2229
2225
2111
1873
1604
1358
1082
748
442
211
-5
-252
-577
-1042
-1660
-2333
-3039
-3907
-5011
-6155
-7011
-7424
-7487
-7290
-6666
-5372
-3537
-1689
-134
1358
3047
4653
5590
5695
5395
5137
4840
4106
2900
1731
1030
607
55
-566
-843
-711
-577
-689
-805
-643
-350
-243
-319
-233
231
890
1428
1847
2412
3196
3913
4280
4321
4214
3985
3506
2702
1659
553
-497
-1504
-2471
-3269
-3751
-3942
-3951
-3799
-3443
-2939
-2407
-1880
-1356
-871
-439
-11
376
627
780
955
1121
1149
1067
993
878
584
156
-249
-646
-1129
-1622
-1964
-2160
-2297
-2340
-2187
-1872
-1496
-1082
-635
-234
32
197
319
361
271
123
21
-33
-85
-83
37
229
412
605
838
1037
1114
1089
1015
886
701
524
385
250
140
144
286
486
695
954
1271
1563
1783
1983
2175
2285
2272
2183
2051
1847
1587
1345
1112
827
535
305
45
-415
-1062
-1751
-2449
-3261
-4261
-5388
-6440
-7168
-7452
-7394
-7069
-6273
-4810
-2924
-1122
430
1994
3672
5085
5779
5782
5513
5234
4787
3925
2776
1747
1061
537
-53
-610
-858
-801
-751
-863
-935
-783
-555
-486
-514
-346
130
739
1281
1788
2413
3168
3840
4196
4227
4079
3807
3276
2392
1307
261
-714
-1729
-2724
-3448
-3782
-3893
-3927
-3789
-3354
-2768
-2274
-1893
-1454
-915
-431
-119
90
336
669
982
1128
1105
1072
1107
1059
759
277
-175
-554
-979
-1463
-1850
-2030
-2084
-2087
-1966
-1655
-1245
-859
-522
-191
99
270
313
264
176
101
67
53
33
67
217
451
655
801
942
1078
1135
1084
982
876
743
564
388
264
196
189
262
418
629
873
1137
1386
1588
1760
1929
2050
2055
1951
1798
1620
1390
1113
833
577
353
151
-88
-455
-975
-1602
-2280
-3040
-3976
-5099
-6212
-7004
-7338
-7337
-7098
-6404
-5010
-3122
-1307
186
1653
3330
4862
5670
5685
5397
5174
4844
4076
2942
1905
1250
812
290
-275
-577
-556
-517
-666
-824
-738
-531
-492
-579
-453
46
695
1241
1724
2338
3113
3819
4202
4242
4100
3851
3373
2555
1511
461
-516
-1491
-2439
-3182
-3598
-3765
-3833
-3808
-3557
-3043
-2476
-2084
-1792
-1337
-709
-210
16
207
585
1016
1244
1257
1223
1203
1106
815
337
-200
-662
-1063
-1505
-1942
-2177
-2169
-2099
-2032
-1795
-1334
-864
-559
-318
-33
204
279
238
173
97
27
3
26
72
183
402
654
843
973
1085
1149
1107
963
785
623
490
369
249
180
220
348
481
610
824
1138
1436
1615
1721
1844
1971
2012
1948
1840
1730
1580
1363
1117
894
715
548
343
62
-351
-935
-1668
-2470
-3347
-4425
-5695
-6830
-7450
-7559
-7439
-7081
-6108
-4385
-2379
-644
825
2378
4018
5255
5692
5527
5239
4974
4450
3494
2415
1635
1165
682
99
-320
-417
-405
-571
-856
-985
-900
-817
-873
-886
-585
36
732
1349
1966
2702
3472
4033
4233
4154
3923
3522
2843
1892
859
-94
-964
-1822
-2612
-3159
-3393
-3447
-3477
-3441
-3168
-2673
-2220
-1955
-1688
-1192
-581
-141
130
484
981
1396
1562
1563
1518
1393
1115
673
119
-443
-922
-1339
-1745
-2055
-2119
-1978
-1826
-1673
-1360
-907
-531
-301
-120
38
111
112
93
39
-25
-10
85
166
228
371
584
751
824
856
868
822
707
553
379
228
144
109
84
106
231
425
604
758
941
1163
1352
1459
1517
1583
1650
1659
1599
1522
1462
1376
1219
1018
842
690
513
295
39
-317
-885
-1658
-2476
-3289
-4287
-5540
-6668
-7202
-7148
-6904
-6545
-5625
-3905
-1844
-121
1196
2557
4103
5309
5642
5304
4933
4741
4336
3445
2425
1757
1408
991
397
-67
-228
-296
-554
-947
-1172
-1128
-1003
-969
-905
-562
97
870
1557
2170
2823
3496
3981
4076
3837
3450
2986
2337
1439
445
-448
-1194
-1896
-2584
-3110
-3334
-3343
-3367
-3438
-3320
-2914
-2464
-2196
-1944
-1429
-726
-134
276
695
1190
1597
1768
1712
1524
1269
935
453
-157
-720
-1099
-1387
-1703
-1925
-1879
-1649
-1441
-1255
-957
-569
-253
-71
53
157
222
232
203
178
197
253
319
388
473
572
678
771
795
723
623
574
518
358
170
102
136
142
130
218
393
539
646
770
882
952
1040
1178
1301
1364
1408
1451
1464
1434
1365
1246
1089
932
762
543
300
112
-13
-179
-521
-1104
-1844
-2590
-3360
-4373
-5639
-6688
-7041
-6838
-6542
-6124
-5053
-3200
-1196
338
1490
2725
4065
4991
5094
4645
4272
4156
3841
3030
2147
1747
1677
1364
730
248
128
13
-423
-986
-1273
-1205
-1039
-943
-770
-255
601
1490
2155
2673
3244
3794
4033
3840
3420
2979
2480
1786
914
67
-600
-1149
-1752
-2407
-2888
-3071
-3144
-3313
-3458
-3316
-2931
-2561
-2248
-1787
-1112
-413
148
615
1074
1476
1689
1636
1392
1109
826
421
-155
-712
-1049
-1232
-1453
-1687
-1742
-1600
-1439
-1328
-1162
-902
-648
-466
-315
-153
-11
82
134
169
218
294
369
406
422
454
490
495
483
490
519
517
474
435
420
403
380
382
418
470
539
646
750
809
874
1001
1136
1192
1220
1298
1387
1401
1380
1404
1440
1386
1251
1092
913
697
475
255
3
-238
-408
-616
-1097
-1831
-2516
-3071
-3817
-4946
-6049
-6540
-6380
-6022
-5664
-4927
-3449
-1546
50
1076
1956
3055
4042
4336
3971
3588
3535
3473
3011
2369
2031
2011
1844
1290
658
307
115
-294
-936
-1400
-1398
-1120
-884
-668
-188
642
1543
2210
2645
3036
3415
3591
3413
3000
2584
2209
1715
1033
340
-190
-647
-1225
-1886
-2410
-2731
-3005
-3294
-3428
-3287
-2980
-2637
-2202
-1583
-862
-204
328
753
1096
1342
1418
1276
990
718
484
161
-266
-634
-858
-1039
-1252
-1413
-1447
-1422
-1415
-1373
-1220
-995
-787
-598
-380
-127
97
242
314
355
386
393
379
367
367
364
365
376
385
379
378
380
351
302
302
363
414
432
474
555
624
662
709
759
790
849
970
1075
1100
1106
1168
1228
1226
1195
1171
1107
992
859
706
514
307
118
-83
-286
-404
-411
-440
-632
-1021
-1553
-2129
-2692
-3335
-4228
-5219
-5786
-5659
-5198
-4799
-4224
-3020
-1366
27
849
1464
2241
3021
3365
3200
2947
3006
3229
3168
2794
2537
2555
2445
1866
1085
541
215
-231
-848
-1296
-1299
-972
-612
-319
95
771
1527
2034
2255
2446
2717
2854
2676
2343
2118
1968
1647
1084
475
-27
-505
-1085
-1731
-2294
-2705
-2984
-3132
-3118
-2935
-2630
-2234
-1761
-1242
-720
-242
144
431
648
812
883
834
715
585
431
198
-80
-347
-609
-896
-1168
-1334
-1378
-1371
-1361
-1278
-1080
-841
-641
-454
-226
-15
107
167
233
298
311
269
229
238
282
303
278
257
293
362
387
368
380
439
484
497
548
653
744
774
791
824
830
779
699
651
668
741
832
917
991
1062
1112
1110
1021
866
722
613
473
264
82
-6
-76
-209
-326
-357
-372
-419
-454
-588
-1076
-1876
-2616
-3207
-3990
-4993
-5592
-5346
-4660
-4106
-3556
-2526
-1098
100
725
1073
1586
2245
2643
2614
2549
2871
3393
3551
3243
2946
2891
2677
1942
976
298
-53
-408
-857
-1123
-983
-567
-178
52
277
682
1160
1438
1479
1565
1849
2126
2155
2012
1931
1922
1767
1324
728
197
-253
-772
-1378
-1871
-2102
-2197
-2323
-2417
-2340
-2145
-1981
-1844
-1604
-1243
-872
-551
-248
63
351
574
673
638
517
377
200
-44
-306
-506
-632
-765
-903
-971
-947
-907
-887
-831
-719
-621
-566
-488
-374
-295
-277
-248
-168
-101
-83
-46
58
180
269
348
451
539
586
629
711
799
844
859
884
899
863
785
706
627
529
458
465
507
499
466
493
581
657
701
749
800
820
801
766
734
713
717
728
693
585
454
347
230
70
-82
-165
-232
-441
-877
-1463
-2052
-2560
-3048
-3647
-4343
-4849
-4839
-4370
-3812
-3362
-2809
-1922
-885
-90
350
684
1163
1740
2188
2404
2540
2786
3104
3250
3090
2769
2475
2175
1723
1142
641
331
140
-15
-101
-68
36
142
248
367
478
563
664
819
1021
1232
1417
1543
1619
1677
1715
1643
1392
1023
666
353
25
-324
-645
-904
-1136
-1358
-1552
-1718
-1851
-1921
-1898
-1805
-1696
-1577
-1431
-1246
-1049
-878
-758
-691
-654
-626
-597
-570
-535
-486
-439
-412
-406
-403
-411
-450
-501
-538
-558
-591
-624
-629
-608
-593
-579
-531
-455
-372
-275
-137
32
198
359
537
727
906
1070
1217
1338
1424
1490
1545
1571
1561
1531
1474
1362
1195
1025
895
775
630
470
335
236
144
55
-6
-19
-11
-15
-26
-10
40
96
139
174
208
239
270
300
316
295
251
212
161
78
-24
-119
-229
-396
-613
-837
-1057
-1281
-1488
-1680
-1893
-2125
-2276
-2271
-2180
-2127
-2123
-2066
-1915
-1723
-1533
-1322
-1083
-871
-712
-536
-285
4
234
396
559
771
992
1179
1333
1479
1602
1653
1636
1610
1608
1589
1527
1453
1421
1432
1432
1408
1384
1377
1378
1367
1343
1319
1297
1263
1200
1112
1018
910
765
594
438
316
198
63
-37
-69
-81
-144
-250
-357
-472
-627
-799
-934
-1031
-1114
-1176
-1196
-1180
-1146
-1108
-1082
-1083
-1102
-1115
-1108
-1098
-1081
-1057
-1021
-986
-948
-906
-866
-833
-811
-797
-780
-742
-684
-617
-549
-476
-402
-333
-269
-205
-139
-78
-20
43
116
190
258
315
365
409
457
512
549
551
548
579
627
666
703
751
790
801
813
882
989
1082
1143
1186
1207
1199
1181
1172
1157
1093
979
861
775
708
630
543
455
345
206
43
-141
-358
-612
-859
-1057
-1233
-1444
-1706
-1951
-2075
-2056
-1977
-1934
-1927
-1897
-1803
-1645
-1439
-1216
-1022
-875
-748
-582
-345
-71
161
324
467
648
849
1020
1152
1257
1325
1344
1325
1302
1281
1233
1142
1040
971
951
944
907
851
813
811
832
842
828
801
771
736
701
669
627
551
442
334
249
176
93
5
-81
-172
-266
-349
-411
-476
-567
-666
-744
-795
-845
-899
-941
-959
-968
-981
-981
-962
-941
-931
-925
-904
-871
-834
-796
-751
-699
-653
-608
-560
-512
-482
-453
-399
-319
-259
-236
-212
-160
-95
-54
-30
11
67
109
130
155
205
258
297
324
353
394
440
468
476
488
537
614
668
687
706
748
795
828
854
891
914
900
867
840
808
744
659
585
535
482
406
321
238
168
114
77
34
-24
-74
-102
-123
-169
-216
-230
-227
-250
-304
-361
-419
-513
-642
-753
-834
-938
-1111
-1308
-1444
-1482
-1465
-1455
-1476
-1490
-1454
-1365
-1245
-1111
-967
-826
-702
-574
-403
-185
22
165
276
420
606
782
922
1054
1180
1274
1323
1358
1391
1387
1323
1234
1166
1115
1058
1007
976
950
906
852
815
788
749
692
632
582
533
481
428
369
307
261
239
229
207
169
129
97
59
-3
-99
-212
-320
-419
-515
-614
-710
-787
-855
-920
-985
-1040
-1073
-1100
-1129
-1145
-1131
-1097
-1055
-1009
-948
-874
-800
-740
-694
-638
-571
-503
-450
-402
-352
-304
-268
-241
-218
-200
-195
-198
-193
-165
-123
-93
-72
-39
11
68
133
205
279
337
391
463
555
639
695
724
749
786
817
829
834
844
851
851
847
847
838
822
812
804
788
749
688
613
543
481
418
349
278
216
170
143
136
131
118
89
44
-18
-100
-200
-315
-448
-586
-725
-859
-985
-1108
-1219
-1305
-1347
-1354
-1349
-1347
-1333
-1288
-1211
-1114
-1012
-907
-805
-707
-597
-461
-301
-143
-3
124
254
388
515
623
712
782
828
861
889
917
931
921
901
887
874
855
828
804
789
766
731
690
660
626
582
541
510
483
444
404
383
390
400
387
350
307
259
207
149
77
-10
-118
-233
-339
-421
-491
-557
-617
-669
-703
-713
-700
-679
-673
-684
-695
-693
-686
-687
-696
-702
-696
-671
-634
-592
-556
-533
-517
-496
-471
-457
-458
-465
-461
-440
-409
-378
-352
-325
-290
-245
-196
-143
-90
-42
5
59
115
174
222
257
285
320
371
427
475
516
562
623
691
754
805
842
865
874
876
873
867
843
804
757
719
694
664
616
549
486
438
393
339
265
193
134
91
55
10
-41
-103
-174
-242
-301
-363
-450
-570
-696
-794
-865
-926
-991
-1058
-1110
-1131
-1113
-1068
-1014
-968
-924
-865
-781
-681
-584
-496
-420
-341
-247
-141
-30
74
170
268
370
471
558
625
671
694
697
688
673
656
637
627
626
637
655
671
679
676
661
635
600
559
513
471
442
434
436
433
418
394
367
342
320
295
256
204
146
92
38
-27
-108
-201
-297
-382
-453
-510
-561
-609
-646
-663
-665
-664
-669
-677
-679
-670
-652
-634
-620
-608
-591
-563
-523
-477
-435
-408
-393
-381
-371
-362
-361
-367
-384
-401
-410
-405
-390
-367
-341
-311
-275
-237
-195
-151
-104
-62
-23
23
80
159
256
356
446
517
581
646
722
795
854
885
891
886
883
883
878
864
840
809
778
746
709
671
627
579
533
492
456
419
374
318
251
181
115
50
-15
-93
-181
-274
-365
-448
-529
-609
-691
-771
-840
-898
-947
-994
-1035
-1059
-1058
-1033
-991
-945
-896
-835
-748
-640
-518
-405
-305
-221
-144
-64
17
92
150
199
240
289
345
401
450
489
523
551
581
599
598
580
545
508
476
455
439
423
406
389
381
388
410
444
477
501
513
519
518
519
516
503
473
429
372
311
250
185
118
44
-33
-109
-179
-245
-300
-351
-405
-457
-505
-549
-580
-596
-603
-599
-593
-582
-568
-555
-541
-534
-537
-551
-576
-601
-624
-637
-648
-659
-665
-665
-659
-644
-625
-605
-579
-555
-519
-478
-426
-371
-309
-241
-161
-71
29
131
236
336
431
518
595
658
710
750
779
801
820
828
831
829
828
828
830
836
837
835
826
815
799
782
759
728
692
649
602
552
500
442
376
307
232
153
65
-29
-126
-227
-333
-436
-539
-636
-727
-808
-879
-937
-984
-1019
-1041
-1051
-1051
-1037
-1013
-978
-934
-882
-827
-768
-704
-636
-560
-480
-396
-308
-219
-136
-54
23
90
151
204
256
306
351
397
439
474
503
530
553
567
579
593
607
612
609
604
595
586
582
589
607
621
631
638
643
633
613
588
561
525
476
425
371
304
222
136
57
-15
-84
-139
-179
-216
-254
-293
-327
-359
-399
-440
-477
-506
-535
-567
-592
-612
-633
-652
-662
-665
-674
-686
-696
-704
-717
-736
-749
-754
-755
-745
-720
-680
-631
-575
-514
-445
-380
-319
-259
-200
-144
-95
-43
12
64
116
170
228
284
337
393
450
498
545
589
631
662
693
728
763
794
822
855
885
903
909
913
898
867
833
801
764
715
664
618
570
516
461
403
340
266
193
130
64
-17
-108
-196
-276
-349
-416
-479
-543
-609
-662
-699
-732
-774
-822
-867
-899
-919
-939
-953
-966
-974
-970
-942
-896
-845
-796
-737
-661
-572
-480
-388
-299
-216
-135
-49
37
113
172
228
281
336
388
436
482
522
561
596
634
669
693
713
731
745
756
762
764
762
758
753
748
739
724
704
679
649
615
570
521
467
407
342
279
214
141
71
-1
-72
-137
-205
-271
-341
-408
-469
-528
-585
-640
-694
-742
-780
-809
-833
-849
-858
-859
-851
-834
-815
-793
-769
-740
-709
-674
-641
-610
-580
-551
-518
-482
-449
-415
-381
-342
-296
-245
-194
-143
-90
-34
29
99
166
236
301
366
427
489
553
615
673
724
768
808
839
866
888
906
919
925
924
909
883
851
822
800
776
739
690
631
572
520
476
436
387
328
265
201
134
69
7
-55
-119
-190
-269
-353
-440
-521
-589
-648
-706
-766
-823
-875
-916
-947
-965
-976
-981
-980
-973
-962
-942
-919
-887
-846
-799
-746
-692
-635
-571
-500
-427
-351
-277
-203
-131
-56
22
100
175
245
315
385
452
518
579
636
688
740
791
836
873
902
928
951
963
969
973
971
954
931
902
866
823
770
712
653
594
534
466
395
328
261
190
120
47
-27
-101
-180
-255
-326
-390
-454
-520
-580
-634
-679
-726
-772
-809
-834
-856
-877
-898
-911
-914
-913
-913
-909
-899
-886
-868
-849
-825
-786
-735
-684
-634
-579
-522
-461
-401
-340
-268
-193
-114
-38
36
104
169
242
316
387
457
532
600
655
701
749
791
829
862
889
903
896
886
884
888
889
882
876
862
832
795
754
710
665
617
566
501
433
375
323
253
164
79
0
-79
-158
-226
-300
-375
-433
-469
-505
-570
-639
-686
-728
-772
-814
-834
-777
-628
-477
-474
-628
-801
-854
-782
-698
-687
-766
-854
-844
-759
-718
-763
-818
-824
-788
-701
-547
-382
-273
-198
-94
50
189
303
387
446
526
669
842
961
1001
1030
1076
1110
1110
1094
1071
1037
1020
1036
1066
1061
1024
995
975
935
883
837
787
719
649
598
532
437
341
264
176
61
-47
-131
-220
-323
-411
-490
-587
-700
-790
-864
-945
-1012
-1050
-1088
-1155
-1217
-1236
-1222
-1210
-1188
-1153
-1121
-1087
-1035
-966
-903
-845
-778
-712
-656
-590
-509
-433
-377
-322
-266
-213
-147
-69
11
82
158
237
303
365
439
511
567
608
646
689
748
824
898
949
960
936
891
860
873
915
956
978
981
962
909
827
737
674
653
654
631
556
466
401
352
284
188
90
27
-5
-23
-63
-143
-228
-279
-314
-393
-500
-584
-625
-657
-693
-730
-767
-801
-822
-844
-891
-928
-901
-836
-806
-811
-808
-783
-762
-744
-716
-680
-641
-578
-497
-442
-413
-371
-308
-254
-213
-159
-92
-25
56
169
279
351
411
488
567
616
645
683
732
795
871
936
961
970
993
1013
989
934
890
871
863
846
815
773
726
681
623
540
448
375
319
262
198
128
59
-6
-79
-164
-256
-342
-405
-453
-503
-562
-623
-670
-707
-745
-786
-827
-860
-881
-890
-895
-897
-885
-857
-828
-807
-794
-777
-750
-715
-674
-632
-580
-519
-458
-402
-352
-311
-275
-231
-168
-97
-22
47
108
154
193
237
279
319
364
426
491
542
572
594
614
642
681
711
706
677
656
664
687
712
725
715
679
630
581
521
457
420
421
435
425
387
338
285
237
189
134
75
30
15
20
9
-21
-57
-89
-130
-182
-239
-300
-355
-388
-402
-409
-426
-445
-466
-506
-552
-582
-589
-594
-592
-579
-566
-565
-563
-558
-561
-567
-554
-525
-496
-459
-408
-362
-326
-295
-260
-234
-212
-185
-145
-103
-41
35
112
166
206
242
277
301
330
372
418
469
524
571
583
585
600
620
625
616
611
605
598
588
574
543
511
500
495
475
427
384
342
298
255
210
156
106
69
44
0
-56
-108
-150
-189
-226
-264
-308
-350
-382
-401
-422
-447
-474
-498
-521
-535
-543
-552
-557
-559
-553
-543
-531
-521
-509
-489
-464
-439
-418
-395
-372
-344
-315
-279
-243
-205
-166
-131
-102
-77
-50
-16
21
59
97
138
176
210
243
279
307
332
356
376
392
403
415
422
425
443
471
494
500
486
466
440
406
381
349
321
313
325
336
321
284
239
183
118
59
8
-27
-38
-16
11
13
-10
-50
-107
-179
-240
-266
-265
-237
-184
-136
-121
-140
-171
-214
-271
-307
-302
-275
-236
-191
-154
-145
-166
-191
-220
-252
-263
-239
-206
-175
-147
-129
-126
-131
-127
-118
-111
-84
-47
-16
-1
12
29
40
52
74
97
111
125
137
133
123
125
133
136
143
157
167
165
153
142
124
111
105
104
106
113
124
133
132
126
117
105
94
86
79
77
76
80
79
67
51
33
11
-5
-15
-25
-37
-47
-54
-65
-79
-95
-109
-120
-124
-120
-118
-116
-113
-113
-115
-120
-124
-122
-118
-106
-97
-90
-82
-77
-70
-67
-64
-62
-62
-60
-55
-52
-47
-37
-25
-15
-10
-4
-2
1
4
5
5
7
12
17
21
26
36
43
50
53
55
55
51
51
50
52
57
63
66
66
63
57
51
45
43
40
37
33
31
29
26
26
30
35
37
35
29
23
20
19
21
24
24
19
9
-3
-14
-22
-25
-24
-22
-20
-24
-31
-35
-38
-36
-30
-22
-13
-10
-8
-9
-12
-17
-21
-22
-21
-15
-10
-8
-10
-12
-17
-20
-22
-15
-12
-7
1
5
6
7
9
8
9
13
16
16
16
18
13
9
9
9
8
7
7
8
7
10
12
14
18
20
18
14
11
8
4
2
1
-2
-4
-6
-10
-13
-15
-16
-18
-19
-18
-20
-22
-22
-20
-19
-15
-13
-13
-11
-12
-15
-16
-16
-17
-15
-12
-10
-7
-5
-6
-4
-1
1
2
3
4
5
5
6
5
6
8
7
8
5
4
5
3
1
1
1
-1
0
1
2
1
2
2
-2
-3
-4
-5
-2
-1
1
2
4
7
5
6
5
6
8
7
7
9
9
9
8
9
7
6
6
6
7
8
8
7
5
4
3
-1
-3
-2
-4
-5
-2
-1
-1
-1
-2
-3
-5
-5
-6
-4
-3
0
5
2
3
6
7
9
8
9
12
11
11
7
6
5
7
9
8
8
9
9
9
9
8
7
8
10
10
7
4
1
0
-5
-8
-11
-15
-16
-12
-11
-12
-12
-12
-10
-11
-11
-15
-19
-22
-23
-23
-27
-25
-23
-17
-13
-8
-7
-9
-10
-12
-13
-16
-17
-14
-11
-10
-8
-7
-5
-7
-8
-8
-10
-11
-8
-7
-3
0
2
4
7
9
12
13
11
11
10
11
11
11
13
14
15
17
19
20
19
20
18
15
14
13
13
12
13
12
11
9
8
8
8
7
6
5
7
8
8
11
11
12
10
9
8
5
4
1
0
-4
-6
-7
-9
-9
-10
-9
-8
-10
-10
-10
-11
-12
-12
-13
-13
-12
-12
-8
-6
-3
-3
0
0
-2
-5
-6
-7
-7
-6
-6
-3
1
5
7
7
8
6
6
5
4
1
0
2
3
5
