-2
-2
-1
-4
-2
2
2
3
3
3
2
1
-1
-1
-4
-7
-7
-11
-9
-10
-11
-10
-10
-12
-12
-12
-11
-10
-9
-7
-4
0
4
7
7
7
7
5
6
5
6
5
4
1
1
1
2
1
0
0
0
0
0
2
3
4
4
3
1
1
1
0
-1
-2
-1
1
0
0
-2
-2
0
0
3
4
7
10
12
12
12
12
11
10
6
5
4
2
0
-1
-4
-6
-9
-11
-12
-13
-14
-13
-11
-10
-9
-5
-2
1
3
4
5
5
6
6
7
7
6
2
0
-2
-2
-2
-3
-3
-4
-5
-2
-1
-2
-4
-2
-2
0
1
1
0
-5
-4
-5
-6
-7
-8
-8
-7
-6
-2
-1
0
-1
-2
-2
1
5
7
7
7
6
7
10
13
12
9
5
2
1
0
1
0
-2
-3
-3
-3
-1
1
3
5
4
8
10
11
12
12
9
4
0
0
-3
-4
-10
-10
-9
-11
-11
-11
-11
-11
-11
-6
-2
-1
-1
-1
2
3
3
1
-1
-2
-3
-4
-4
-4
-8
-10
-8
-5
-4
-4
-3
-2
-2
1
5
8
7
6
9
10
8
8
10
10
7
6
7
6
3
0
-4
-2
-4
-3
0
-1
0
-1
3
5
4
2
1
0
-2
-5
-3
-4
-2
-4
-5
-4
-5
-5
-5
-3
-1
0
4
6
7
6
6
7
6
8
9
9
7
5
1
-2
-6
-10
-12
-10
-9
-7
-4
-4
-2
-1
-2
0
3
5
6
4
6
6
6
6
5
5
1
-2
-5
-7
-11
-14
-13
-17
-18
-17
-14
-14
-12
-10
-7
-2
0
5
7
9
11
9
7
5
7
7
6
5
3
2
-2
-3
-4
-3
-4
-2
-2
2
3
3
7
7
7
8
9
9
8
8
9
8
6
8
6
7
4
3
2
1
1
1
0
-1
-1
-1
-2
-2
-2
-3
-4
-4
-5
-4
-4
-4
-4
-3
-2
-2
-1
0
1
1
0
2
2
1
1
1
0
0
0
-1
0
-2
-4
-4
-3
-3
-3
-3
-5
-5
-4
-3
-5
-4
-5
-5
-7
-6
-5
-4
-3
-3
-2
-1
-1
-2
-2
-2
-3
-1
-2
-3
-2
-1
0
1
2
6
6
6
7
8
7
7
6
6
8
8
8
8
7
8
6
4
5
4
4
4
3
1
1
0
-1
-1
-4
-4
-5
-5
-4
-4
-4
-6
-6
-5
-7
-6
-5
-5
-5
-5
-4
-5
-4
-4
-4
-5
-5
-5
-4
-2
-3
-3
-3
-3
-3
-2
-2
-1
-1
0
1
1
3
3
7
8
8
8
9
9
11
11
13
14
13
11
11
11
10
9
9
8
4
3
2
3
1
1
1
2
2
1
3
1
1
2
1
1
0
-1
-1
-2
-5
-6
-8
-9
-13
-21
-19
-20
-17
-18
-24
-23
-22
-24
-22
-26
-28
-26
-25
-22
-22
-23
-19
-16
-12
-11
-8
-7
-5
-2
1
1
2
3
3
3
4
3
0
-2
-4
-1
2
6
7
10
12
15
19
20
23
23
29
31
31
26
17
4
-6
-15
-23
-30
-38
-53
-72
-84
-99
-110
-125
-139
-141
-141
-133
-124
-126
-125
-123
-121
-111
-99
-78
-51
-29
-8
11
30
47
65
82
103
131
160
189
212
225
233
239
248
265
287
307
323
340
356
367
373
375
380
388
404
423
442
455
454
441
419
397
375
352
329
304
273
237
191
139
79
14
-46
-102
-147
-186
-219
-258
-301
-349
-394
-434
-466
-487
-496
-498
-498
-498
-500
-505
-509
-512
-506
-493
-472
-449
-427
-410
-397
-386
-380
-369
-356
-333
-302
-272
-245
-221
-202
-184
-165
-142
-122
-106
-95
-85
-75
-65
-58
-63
-72
-76
-71
-62
-55
-61
-74
-89
-99
-102
-108
-128
-171
-224
-272
-306
-329
-346
-364
-374
-369
-335
-277
-210
-152
-98
-29
71
208
370
526
655
762
865
982
1112
1235
1340
1426
1501
1578
1659
1724
1742
1700
1619
1531
1458
1390
1304
1180
1010
819
640
479
325
164
-4
-159
-286
-373
-438
-507
-599
-705
-790
-838
-862
-876
-900
-940
-987
-1015
-1019
-1017
-1024
-1026
-1021
-1000
-965
-925
-897
-891
-896
-889
-863
-829
-803
-791
-794
-803
-808
-800
-790
-784
-773
-747
-698
-641
-578
-520
-467
-419
-360
-277
-185
-95
-11
68
141
211
279
344
398
446
497
560
631
701
766
825
879
931
983
1033
1074
1101
1124
1141
1153
1156
1146
1124
1085
1033
976
914
840
746
636
510
376
236
79
-99
-301
-510
-712
-895
-1054
-1201
-1339
-1458
-1547
-1596
-1610
-1597
-1571
-1523
-1450
-1335
-1187
-1024
-858
-701
-543
-373
-184
20
225
418
606
796
989
1180
1353
1503
1628
1735
1838
1930
1998
2028
2026
1994
1928
1841
1738
1614
1469
1305
1129
946
751
545
331
114
-100
-300
-482
-651
-825
-1000
-1156
-1284
-1401
-1508
-1596
-1672
-1735
-1772
-1796
-1815
-1820
-1801
-1763
-1709
-1632
-1529
-1405
-1280
-1167
-1044
-910
-775
-652
-525
-402
-290
-185
-86
-4
62
122
172
211
243
268
288
319
347
355
359
371
382
375
376
395
421
456
526
600
614
611
662
711
684
647
665
723
788
771
540
232
257
652
933
815
633
754
1065
1201
1061
889
919
1095
1173
1060
903
860
889
835
656
474
394
363
257
53
-123
-196
-245
-361
-503
-614
-692
-769
-872
-1012
-1145
-1246
-1335
-1422
-1492
-1557
-1622
-1693
-1784
-1853
-1859
-1841
-1853
-1849
-1778
-1666
-1552
-1428
-1303
-1180
-1039
-861
-653
-441
-241
-32
190
403
611
812
989
1159
1353
1552
1728
1892
2038
2148
2214
2237
2222
2195
2151
2085
2001
1878
1713
1546
1372
1160
942
757
604
469
348
239
140
-2
-169
-243
-242
-319
-437
-475
-476
-518
-591
-698
-787
-798
-825
-907
-919
-920
-1028
-1037
-886
-909
-1096
-1081
-926
-914
-935
-906
-986
-1051
-873
-720
-876
-1053
-938
-690
-601
-732
-863
-739
-491
-422
-499
-517
-441
-294
-170
-187
-241
-173
-51
18
63
90
65
122
339
454
330
253
359
542
756
797
630
672
979
1115
1021
975
1059
1171
1218
1213
1205
1176
1140
1124
1116
1079
987
948
1020
970
758
670
707
669
587
488
351
272
260
225
121
-16
-112
-168
-263
-364
-420
-505
-651
-780
-847
-904
-998
-1131
-1237
-1256
-1218
-1266
-1401
-1472
-1436
-1395
-1430
-1484
-1468
-1353
-1261
-1229
-1185
-1075
-946
-826
-704
-582
-405
-205
-9
138
292
454
652
823
948
1055
1162
1258
1300
1316
1319
1294
1252
1200
1102
1031
884
727
1044
1224
500
-66
545
1149
798
-9
-279
272
722
420
-98
-273
-68
400
338
-324
-535
25
289
-151
-481
-322
-163
-186
-141
-232
-555
-564
-65
182
-336
-801
-456
101
8
-446
-657
-514
-260
-217
-489
-753
-707
-553
-607
-726
-699
-678
-710
-641
-554
-541
-550
-546
-493
-366
-95
11
-443
-649
12
464
144
-232
-314
32
514
442
59
-1
259
609
695
414
353
647
799
753
721
605
707
1170
1066
408
446
1061
1179
748
335
381
740
966
771
85
-199
500
1021
425
-391
-365
348
599
20
-554
-511
-60
132
-343
-918
-879
-423
-337
-832
-1276
-1167
-846
-838
-1181
-1441
-1321
-1038
-982
-1201
-1319
-1122
-826
-722
-773
-755
-539
-228
-14
18
20
201
504
717
769
798
938
1117
1203
1195
1172
1218
1319
1276
1178
1250
1236
914
698
902
1035
792
451
132
15
474
511
-327
-600
-45
42
-390
-688
-591
-292
-303
-513
-622
-689
-586
-196
-227
-561
-632
-301
-95
-199
-623
-549
32
92
-494
-525
-98
8
-358
-445
-109
-149
-552
-504
-59
60
-377
-686
-358
-65
-147
-149
14
-114
-531
-885
-1036
-875
-289
-88
-467
-409
193
565
564
624
940
1100
1067
1060
961
945
1035
1008
840
654
555
637
581
426
327
159
-69
-48
154
178
-98
-189
-111
-160
-148
-82
-136
-166
-164
-128
163
295
-182
-424
-32
211
-40
-283
-196
-6
-61
-411
-555
-312
-174
-362
-669
-856
-732
-569
-806
-1230
-1286
-1153
-1053
-1110
-1304
-1344
-1105
-896
-1033
-1133
-792
-428
-335
-309
-227
35
381
550
642
844
1081
1385
1634
1717
1810
1978
2097
2085
2100
2148
2138
2039
1883
1800
1732
1497
1216
1009
823
694
541
185
-38
-70
-271
-548
-689
-824
-960
-1077
-1309
-1410
-1149
-1091
-1546
-1822
-1512
-1078
-1079
-1354
-1408
-1086
-711
-605
-778
-819
-588
-332
-261
-393
-354
9
40
-228
-149
-92
-66
256
220
-265
-387
24
604
502
-534
-940
-32
589
233
-257
-407
-223
-139
-240
223
609
-106
-559
69
548
571
419
129
19
119
283
452
570
639
357
-4
223
725
945
786
251
45
575
1122
1127
710
249
243
659
889
775
534
213
236
764
828
457
490
518
255
126
37
136
380
105
-479
-741
-610
-265
-227
-883
-1606
-1538
-1174
-1483
-1929
-1893
-1911
-2036
-2054
-2152
-2120
-1922
-1859
-1892
-1949
-1777
-1209
-616
-385
-486
-474
-13
607
1055
1230
1278
1559
2046
2470
2768
2840
2810
2864
2929
3006
3123
3170
3084
2810
2392
2094
2016
1915
1551
986
402
-20
-206
-358
-702
-1213
-1774
-2159
-2181
-2067
-2096
-2326
-2611
-2660
-2418
-2157
-1987
-1854
-1765
-1695
-1524
-1129
-709
-615
-628
-462
-302
-95
393
793
697
495
664
944
1027
1071
981
786
833
957
796
613
635
584
241
-67
-124
-84
-125
-422
-739
-700
-650
-642
-585
-803
-941
-596
-465
-670
-699
-518
-281
-163
-86
-57
-174
-139
303
694
634
404
402
722
932
990
1210
1054
620
877
1478
1298
876
1045
1092
705
459
531
786
988
686
158
101
238
392
401
-170
-673
-555
-369
-368
-567
-897
-1037
-1059
-1239
-1486
-1626
-1641
-1828
-2243
-2428
-2334
-2015
-1669
-1901
-2312
-2255
-1982
-1609
-1297
-1306
-1127
-598
-228
129
613
947
1185
1375
1580
2075
2688
3020
3142
3231
3301
3398
3470
3449
3440
3404
3213
2999
2874
2653
2300
1909
1390
840
534
348
56
-362
-944
-1533
-1890
-2193
-2529
-2745
-2938
-3135
-3200
-3209
-3186
-3075
-2939
-2818
-2687
-2516
-2206
-1702
-1186
-910
-805
-594
-226
140
422
706
977
1191
1439
1579
1485
1448
1577
1604
1427
1219
1141
1138
1025
787
498
189
-60
-162
-146
-235
-558
-797
-817
-908
-1073
-1117
-1114
-1139
-1152
-1063
-842
-685
-614
-404
-155
-116
-78
310
803
825
524
575
996
1259
1142
891
960
1411
1608
1313
1109
1137
1077
1000
963
933
951
824
552
427
461
597
726
513
55
-149
39
349
448
168
-400
-921
-1096
-986
-907
-1129
-1604
-2099
-2547
-2966
-3177
-3143
-3128
-3240
-3389
-3516
-3425
-3011
-2612
-2466
-2450
-2383
-1953
-1101
-271
352
845
1212
1623
2214
2845
3423
3962
4430
4777
5009
5222
5454
5565
5431
5156
4848
4496
4183
3940
3584
3021
2296
1516
805
164
-504
-1176
-1748
-2224
-2721
-3286
-3795
-4142
-4483
-4994
-5391
-5250
-4738
-4420
-4406
-4284
-3866
-3392
-2957
-2429
-1840
-1344
-850
-174
554
1023
1246
1547
1983
2283
2430
2661
2928
2991
2871
2721
2516
2230
2008
1879
1644
1222
847
645
365
-164
-684
-958
-1132
-1312
-1444
-1594
-1790
-1921
-1946
-1901
-1871
-1905
-1776
-1308
-871
-790
-725
-398
-73
126
307
443
646
1028
1289
1300
1402
1675
1805
1683
1443
1322
1525
1789
1678
1341
1201
1245
1124
786
598
558
432
362
327
143
-110
-317
-299
-144
-309
-628
-676
-659
-821
-1074
-1260
-1382
-1751
-2418
-2955
-3216
-3426
-3607
-3523
-3236
-3153
-3283
-3243
-3055
-2936
-2735
-2279
-1653
-1019
-395
338
1114
1711
2194
2722
3209
3634
4178
4822
5371
5764
5991
5992
5816
5572
5356
5175
4826
4346
3980
3600
2956
2174
1452
748
-87
-984
-1689
-2181
-2646
-3143
-3644
-4172
-4709
-5095
-5255
-5338
-5467
-5555
-5391
-4904
-4321
-3909
-3627
-3214
-2606
-2001
-1434
-738
46
699
1183
1645
2071
2334
2522
2770
2923
2871
2822
2911
2916
2633
2211
1866
1579
1282
980
696
419
105
-218
-500
-829
-1205
-1419
-1455
-1525
-1615
-1583
-1489
-1462
-1501
-1469
-1262
-975
-730
-517
-281
-15
290
597
807
857
830
925
1187
1408
1481
1501
1484
1341
1131
1018
1018
1045
985
754
550
580
600
459
377
353
209
87
76
5
-91
-11
145
153
105
183
306
290
110
-135
-324
-455
-606
-791
-1028
-1393
-1975
-2800
-3727
-4458
-4781
-4752
-4579
-4426
-4301
-4114
-3897
-3766
-3591
-3123
-2435
-1692
-786
352
1537
2607
3491
4172
4681
5081
5523
6105
6699
7186
7565
7735
7566
7134
6592
5964
5229
4458
3758
3128
2441
1670
878
-15
-1100
-2235
-3212
-4006
-4620
-5017
-5227
-5372
-5570
-5827
-6041
-6106
-5974
-5674
-5286
-4798
-4073
-3126
-2223
-1531
-973
-436
137
732
1306
1856
2366
2796
3103
3198
3095
2944
2762
2463
2091
1742
1462
1248
997
625
173
-276
-660
-940
-1145
-1302
-1389
-1405
-1391
-1413
-1497
-1526
-1390
-1225
-1134
-970
-673
-375
-129
135
388
557
676
851
1086
1296
1475
1651
1738
1672
1571
1545
1478
1262
1056
1063
1157
1068
836
625
416
178
21
6
97
275
467
486
222
-149
-254
3
261
272
280
443
526
383
228
231
210
-95
-620
-1085
-1390
-1667
-2085
-2833
-4014
-5364
-6339
-6602
-6331
-5947
-5628
-5303
-4980
-4738
-4511
-4110
-3385
-2341
-1109
165
1459
2865
4359
5659
6485
6927
7301
7765
8257
8744
9201
9501
9489
9092
8336
7315
6172
5057
4015
2969
1890
856
-84
-990
-1974
-3076
-4222
-5281
-6120
-6661
-6897
-6869
-6645
-6332
-6044
-5834
-5677
-5458
-4987
-4186
-3251
-2431
-1666
-705
382
1179
1535
1777
2162
2517
2665
2740
2870
2936
2839
2605
2205
1614
1023
625
289
-190
-684
-938
-1035
-1245
-1585
-1827
-1887
-1872
-1831
-1726
-1536
-1273
-947
-642
-451
-293
-25
300
514
638
820
1051
1188
1220
1250
1291
1278
1202
1110
1028
955
902
863
761
561
364
284
303
336
358
421
535
627
672
744
881
1012
1119
1262
1401
1352
1077
853
917
1111
1151
1033
902
736
429
87
-69
-54
-127
-475
-1066
-1755
-2338
-2761
-3373
-4702
-6693
-8417
-8911
-8240
-7354
-6865
-6500
-5867
-5211
-4965
-4893
-4252
-2724
-803
898
2357
3977
5879
7621
8702
9142
9380
9685
9968
10122
10239
10376
10381
10024
9147
7705
5878
4069
2578
1317
51
-1211
-2295
-3196
-4104
-5133
-6175
-7024
-7603
-7995
-8252
-8217
-7668
-6655
-5540
-4631
-3949
-3365
-2774
-2083
-1199
-133
969
1923
2608
3013
3254
3465
3608
3534
3215
2802
2389
1936
1446
1003
582
55
-619
-1345
-2013
-2537
-2818
-2864
-2816
-2770
-2683
-2485
-2198
-1859
-1452
-991
-509
-19
468
905
1273
1630
1989
2214
2191
2031
1923
1856
1721
1522
1305
1014
614
202
-147
-463
-700
-764
-736
-785
-869
-813
-632
-469
-303
-42
249
505
835
1280
1631
1757
1860
2142
2470
2629
2655
2679
2657
2478
2161
1780
1368
997
746
541
251
-97
-443
-940
-1747
-2647
-3282
-3728
-4494
-5991
-8092
-10068
-10925
-10288
-8960
-8054
-7585
-6711
-5369
-4478
-4248
-3587
-1732
607
2401
3750
5392
7486
9496
10900
11558
11652
11491
11246
10866
10398
10092
9956
9513
8327
6512
4488
2510
707
-848
-2272
-3757
-5141
-6038
-6472
-6887
-7420
-7735
-7710
-7700
-7855
-7728
-6870
-5403
-3774
-2266
-954
162
1107
1834
2217
2409
2866
3684
4239
4088
3693
3620
3548
2836
1627
555
-254
-1097
-1959
-2587
-2979
-3258
-3421
-3562
-3896
-4295
-4292
-3782
-3211
-2814
-2272
-1368
-411
286
852
1507
2144
2548
2744
2889
3012
3098
3177
3150
2813
2190
1569
1069
498
-208
-778
-1069
-1304
-1680
-2031
-2142
-2052
-1882
-1655
-1372
-1033
-568
67
724
1237
1707
2287
2827
3056
3065
3203
3567
3899
3996
3887
3630
3183
2576
1945
1379
875
395
-97
-634
-1175
-1620
-1929
-2176
-2444
-2749
-3136
-3638
-4103
-4303
-4342
-4712
-5778
-7281
-8485
-8781
-8155
-7094
-6003
-4821
-3420
-2117
-1276
-634
405
1873
3225
4181
5038
6141
7423
8541
9199
9274
8822
7993
6916
5725
4612
3743
3052
2302
1345
251
-802
-1686
-2382
-2956
-3464
-3820
-3833
-3423
-2733
-1939
-1066
-127
689
1174
1421
1737
2231
2739
3114
3366
3492
3410
3077
2530
1806
900
-145
-1225
-2283
-3297
-4170
-4730
-4996
-5202
-5463
-5604
-5433
-5029
-4539
-3940
-3155
-2273
-1417
-581
263
1038
1646
2083
2362
2448
2376
2294
2244
2111
1820
1453
1083
648
130
-368
-775
-1142
-1490
-1747
-1888
-1955
-1944
-1809
-1586
-1362
-1117
-775
-363
52
483
954
1404
1783
2132
2506
2852
3082
3168
3153
3100
3042
2925
2705
2446
2237
2047
1755
1376
1061
843
577
160
-292
-592
-698
-687
-633
-576
-537
-506
-455
-385
-362
-427
-576
-824
-1221
-1752
-2367
-3169
-4368
-5904
-7246
-7842
-7685
-7190
-6592
-5749
-4576
-3302
-2191
-1214
-141
1078
2255
3221
4038
4915
5918
6818
7284
7210
6753
6074
5201
4151
3059
2070
1224
467
-238
-852
-1291
-1510
-1583
-1647
-1712
-1647
-1345
-826
-177
543
1283
1989
2621
3132
3460
3596
3617
3547
3312
2879
2361
1897
1425
755
-165
-1192
-2171
-3113
-4035
-4832
-5369
-5639
-5733
-5679
-5468
-5066
-4433
-3575
-2606
-1691
-866
-56
734
1391
1845
2151
2328
2313
2097
1766
1426
1096
742
322
-175
-688
-1118
-1419
-1629
-1772
-1808
-1731
-1591
-1444
-1282
-1043
-723
-399
-158
27
269
606
972
1302
1562
1745
1871
1995
2119
2208
2271
2321
2322
2222
2075
1955
1826
1639
1422
1235
1095
1053
1121
1155
1043
898
877
907
796
590
472
461
443
373
280
162
47
-46
-251
-726
-1408
-2049
-2592
-3260
-4240
-5505
-6840
-7888
-8315
-8134
-7681
-7098
-6132
-4670
-3081
-1762
-586
736
2085
3087
3711
4284
4980
5649
6043
6076
5831
5448
4948
4206
3172
2052
1102
310
-467
-1143
-1492
-1492
-1335
-1123
-805
-380
87
610
1208
1793
2287
2769
3328
3856
4173
4272
4258
4126
3767
3159
2419
1670
949
193
-686
-1665
-2568
-3281
-3901
-4568
-5191
-5509
-5444
-5172
-4856
-4453
-3837
-3014
-2110
-1254
-488
193
782
1220
1449
1499
1464
1374
1162
790
343
-52
-382
-734
-1134
-1496
-1734
-1867
-1949
-1982
-1915
-1723
-1448
-1166
-901
-608
-261
83
355
552
732
942
1167
1335
1421
1495
1608
1710
1749
1788
1868
1907
1836
1734
1655
1535
1346
1181
1069
918
756
745
893
1024
1081
1200
1405
1576
1663
1696
1616
1419
1267
1238
1147
873
610
462
209
-291
-834
-1271
-1815
-2620
-3539
-4483
-5626
-6993
-8175
-8738
-8642
-8109
-7288
-6157
-4654
-2850
-1055
418
1589
2711
3781
4486
4751
4920
5220
5441
5326
4961
4554
4088
3410
2498
1488
520
-325
-1016
-1548
-1892
-1948
-1681
-1191
-603
70
824
1564
2200
2751
3226
3582
3838
4061
4216
4164
3908
3584
3223
2682
1905
1037
218
-596
-1522
-2526
-3438
-4117
-4592
-4962
-5231
-5282
-5046
-4585
-4006
-3379
-2702
-1959
-1146
-351
314
821
1216
1500
1598
1496
1285
1015
649
170
-347
-812
-1208
-1534
-1785
-1978
-2120
-2148
-2015
-1796
-1591
-1352
-994
-575
-224
62
376
698
939
1102
1266
1440
1579
1670
1725
1746
1750
1748
1709
1603
1479
1397
1334
1238
1134
1066
1025
970
906
850
804
778
810
887
977
1106
1289
1454
1555
1642
1736
1738
1582
1347
1091
768
378
17
-302
-675
-1153
-1691
-2284
-2994
-3825
-4785
-5923
-7135
-8065
-8397
-8181
-7649
-6807
-5496
-3753
-1892
-199
1261
2539
3635
4455
4875
4929
4843
4796
4704
4388
3915
3500
3139
2611
1838
1016
319
-274
-835
-1306
-1577
-1578
-1292
-761
-81
661
1451
2261
2995
3549
3902
4102
4173
4110
3904
3563
3121
2637
2119
1511
799
78
-593
-1306
-2154
-3033
-3773
-4338
-4789
-5088
-5128
-4882
-4424
-3827
-3121
-2321
-1464
-630
80
613
989
1249
1371
1316
1106
818
501
155
-224
-609
-966
-1294
-1584
-1809
-1944
-1995
-1964
-1846
-1643
-1386
-1078
-710
-295
89
393
648
896
1096
1195
1232
1281
1338
1358
1353
1372
1413
1423
1374
1292
1227
1188
1156
1085
982
904
886
880
813
701
629
674
804
942
1068
1230
1449
1667
1819
1888
1888
1818
1673
1456
1161
814
484
215
-65
-436
-899
-1422
-2043
-2817
-3728
-4755
-5883
-6998
-7829
-8168
-8012
-7455
-6513
-5157
-3466
-1650
73
1582
2853
3881
4588
4888
4823
4595
4341
4012
3553
3059
2643
2244
1747
1175
628
128
-353
-792
-1131
-1326
-1333
-1107
-656
-44
675
1469
2276
3016
3639
4101
4360
4417
4307
4039
3586
2973
2303
1637
952
246
-418
-1009
-1583
-2201
-2843
-3452
-3989
-4405
-4626
-4618
-4399
-3992
-3397
-2653
-1832
-995
-191
510
1040
1395
1596
1613
1417
1072
671
243
-229
-713
-1132
-1460
-1717
-1897
-1983
-1987
-1924
-1790
-1607
-1416
-1207
-924
-594
-287
1
331
682
965
1150
1278
1350
1342
1287
1233
1181
1115
1063
1030
991
949
944
959
943
882
819
787
781
779
748
690
660
710
817
926
1046
1212
1404
1575
1715
1807
1804
1707
1581
1444
1252
993
727
470
183
-151
-555
-1089
-1781
-2551
-3338
-4190
-5171
-6198
-7081
-7614
-7684
-7311
-6592
-5561
-4151
-2416
-638
905
2209
3399
4404
4981
5073
4863
4542
4147
3640
3044
2444
1938
1536
1137
674
224
-114
-393
-693
-953
-1054
-983
-777
-415
120
779
1504
2258
2962
3515
3890
4130
4215
4086
3729
3191
2525
1766
966
169
-589
-1272
-1883
-2456
-2983
-3371
-3573
-3675
-3744
-3701
-3455
-3054
-2592
-2083
-1503
-852
-169
473
954
1218
1337
1377
1287
997
568
102
-370
-839
-1262
-1611
-1880
-2033
-2049
-1973
-1850
-1647
-1341
-1015
-756
-529
-280
-47
117
237
369
509
632
726
783
787
777
796
833
847
834
804
772
753
767
801
814
796
770
754
748
748
758
789
848
925
1005
1104
1264
1477
1668
1787
1857
1897
1889
1812
1658
1425
1150
882
603
281
-35
-295
-608
-1144
-1865
-2598
-3305
-4133
-5137
-6141
-6885
-7207
-7129
-6769
-6125
-5029
-3441
-1674
-99
1253
2557
3793
4677
5028
4951
4678
4324
3844
3167
2377
1686
1212
862
491
133
-100
-225
-364
-555
-694
-703
-605
-444
-200
181
718
1379
2088
2748
3287
3705
3996
4117
3997
3625
3051
2344
1548
687
-211
-1081
-1845
-2458
-2911
-3206
-3338
-3333
-3217
-3013
-2731
-2407
-2062
-1693
-1297
-870
-415
16
350
585
776
929
958
819
555
235
-118
-501
-896
-1293
-1654
-1919
-2049
-2064
-1984
-1793
-1505
-1164
-826
-514
-235
-16
114
162
172
179
182
170
174
245
380
546
708
835
921
985
1036
1048
984
883
817
776
710
616
563
571
593
618
699
853
1039
1238
1457
1671
1837
1948
2015
2004
1914
1788
1639
1415
1135
907
731
486
146
-192
-540
-1037
-1719
-2477
-3261
-4183
-5251
-6205
-6768
-6917
-6797
-6431
-5673
-4402
-2724
-1000
467
1757
3105
4360
5029
4985
4682
4466
4149
3451
2519
1675
1048
576
164
-225
-520
-618
-580
-594
-692
-722
-620
-503
-401
-204
152
639
1208
1813
2402
2964
3496
3896
4018
3855
3492
2969
2290
1477
547
-436
-1339
-2059
-2619
-3056
-3317
-3345
-3193
-2958
-2667
-2310
-1921
-1532
-1149
-785
-440
-103
223
508
736
923
1070
1121
1015
777
502
246
-58
-503
-1010
-1392
-1623
-1814
-1981
-2008
-1866
-1642
-1380
-1070
-731
-425
-179
-4
86
115
117
90
33
-12
0
77
191
320
457
612
775
895
935
901
818
705
578
470
378
299
265
330
494
693
904
1156
1460
1759
1965
2083
2170
2247
2231
2049
1761
1483
1232
933
580
265
62
-84
-350
-869
-1556
-2214
-2860
-3749
-4924
-5988
-6549
-6671
-6662
-6473
-5732
-4311
-2573
-975
394
1777
3289
4610
5279
5265
5004
4810
4462
3634
2496
1558
1004
540
-56
-576
-760
-702
-672
-736
-758
-676
-561
-481
-424
-278
47
515
1012
1495
2031
2629
3182
3593
3805
3766
3474
3011
2398
1568
542
-498
-1391
-2163
-2879
-3449
-3725
-3695
-3482
-3191
-2820
-2341
-1791
-1273
-843
-468
-88
280
549
695
789
916
1037
1050
922
719
519
307
-3
-430
-874
-1228
-1486
-1713
-1911
-1988
-1885
-1645
-1360
-1060
-728
-387
-106
78
192
265
278
217
107
7
-36
-17
41
129
280
509
766
966
1077
1125
1120
1042
889
686
473
300
216
230
301
415
615
908
1221
1487
1713
1913
2051
2095
2066
1975
1791
1520
1249
1000
728
417
148
-49
-304
-776
-1444
-2153
-2864
-3723
-4810
-5891
-6591
-6805
-6748
-6544
-5946
-4677
-2914
-1188
235
1599
3160
4627
5426
5457
5223
5115
4873
4060
2829
1777
1143
601
-101
-730
-972
-913
-858
-898
-870
-689
-487
-380
-316
-154
160
562
979
1412
1906
2467
3018
3441
3647
3624
3419
3046
2462
1634
643
-359
-1275
-2101
-2833
-3385
-3666
-3664
-3471
-3169
-2785
-2316
-1799
-1298
-857
-471
-138
131
327
471
592
709
807
850
817
732
641
540
351
27
-368
-717
-994
-1263
-1536
-1711
-1695
-1547
-1372
-1182
-917
-603
-349
-206
-120
-52
-26
-61
-117
-132
-94
-27
57
181
359
571
771
929
1035
1089
1082
1006
869
702
530
366
228
153
171
289
485
751
1080
1433
1754
2011
2192
2285
2263
2108
1849
1528
1199
882
559
256
33
-123
-393
-912
-1585
-2244
-2930
-3836
-4930
-5873
-6383
-6517
-6456
-6151
-5353
-3978
-2324
-783
576
1992
3515
4725
5215
5136
4978
4856
4397
3405
2256
1421
887
325
-322
-774
-859
-752
-697
-708
-645
-475
-311
-240
-188
-33
255
606
973
1395
1908
2462
2946
3289
3453
3426
3210
2806
2189
1347
379
-577
-1453
-2270
-2994
-3499
-3711
-3677
-3479
-3147
-2696
-2179
-1663
-1172
-729
-349
-35
228
429
574
705
838
930
934
865
763
647
472
204
-145
-499
-808
-1081
-1351
-1583
-1678
-1606
-1421
-1193
-924
-595
-256
21
205
307
338
303
208
93
1
-38
-24
30
132
303
529
752
918
1025
1085
1092
1027
890
700
488
306
185
107
60
114
327
625
873
1073
1324
1604
1788
1819
1775
1689
1531
1291
1001
680
367
135
-30
-253
-608
-1049
-1527
-2074
-2747
-3585
-4553
-5444
-5995
-6171
-6172
-6009
-5345
-4012
-2384
-955
291
1716
3327
4601
5136
5130
5059
5016
4631
3695
2549
1688
1143
574
-121
-637
-758
-673
-665
-716
-633
-409
-232
-173
-102
119
457
807
1144
1538
2031
2559
3004
3277
3375
3326
3127
2718
2046
1166
207
-712
-1573
-2394
-3115
-3617
-3828
-3798
-3610
-3285
-2823
-2272
-1722
-1213
-749
-335
6
262
444
586
698
776
816
830
800
699
530
326
85
-219
-567
-881
-1126
-1336
-1502
-1548
-1440
-1246
-1031
-781
-484
-194
22
149
209
218
184
122
45
-22
-31
45
170
302
464
692
946
1132
1208
1214
1183
1090
909
666
417
216
81
5
-18
52
260
568
868
1122
1386
1682
1923
2009
1955
1828
1651
1414
1133
848
574
304
47
-230
-612
-1154
-1808
-2508
-3309
-4287
-5317
-6103
-6491
-6588
-6496
-6049
-5025
-3521
-1930
-507
868
2365
3793
4711
4967
4899
4852
4696
4088
3081
2141
1545
1082
496
-87
-381
-380
-340
-414
-493
-441
-302
-217
-205
-138
98
470
874
1274
1727
2271
2822
3240
3437
3440
3283
2951
2387
1599
692
-208
-1045
-1829
-2533
-3060
-3340
-3387
-3288
-3081
-2768
-2375
-1963
-1579
-1220
-868
-539
-264
-55
121
313
533
734
848
864
817
743
625
413
81
-319
-697
-1006
-1270
-1492
-1614
-1578
-1412
-1182
-913
-599
-281
-31
125
210
240
205
110
-3
-71
-64
4
106
234
402
607
808
956
1037
1058
1029
951
828
666
482
298
152
68
48
86
196
403
680
946
1159
1351
1547
1682
1684
1592
1483
1362
1172
907
635
419
239
54
-150
-398
-749
-1237
-1838
-2509
-3259
-4132
-5024
-5691
-5974
-5942
-5733
-5251
-4263
-2808
-1284
-9
1130
2392
3660
4479
4649
4492
4389
4276
3815
2988
2182
1680
1323
849
306
-43
-149
-235
-448
-665
-722
-664
-633
-623
-484
-127
364
867
1354
1876
2438
2950
3286
3367
3222
2919
2475
1840
996
57
-817
-1542
-2140
-2631
-2962
-3076
-2993
-2811
-2603
-2368
-2070
-1727
-1410
-1141
-863
-546
-237
8
196
382
582
753
837
811
709
582
415
150
-208
-559
-817
-995
-1137
-1216
-1167
-1001
-791
-580
-370
-163
-13
57
58
10
-76
-170
-234
-267
-275
-203
-23
195
383
575
806
1001
1065
1040
1011
957
804
587
410
298
222
164
147
192
306
460
606
734
881
1051
1178
1228
1243
1242
1193
1083
956
836
707
560
421
299
169
7
-209
-547
-1062
-1704
-2373
-3088
-3961
-4916
-5601
-5776
-5598
-5329
-4880
-3918
-2428
-869
333
1266
2284
3405
4176
4264
3953
3776
3767
3488
2776
2046
1689
1531
1177
625
210
59
-69
-375
-736
-893
-812
-683
-611
-465
-68
540
1146
1613
2005
2428
2815
2999
2896
2584
2175
1687
1095
396
-328
-967
-1451
-1802
-2092
-2301
-2343
-2229
-2116
-2090
-2025
-1814
-1554
-1383
-1248
-1002
-647
-306
-38
215
485
724
859
855
746
603
448
221
-106
-439
-663
-787
-901
-1009
-1027
-925
-774
-646
-534
-427
-338
-291
-292
-333
-388
-409
-387
-350
-308
-208
-16
214
402
551
709
854
912
870
787
708
610
476
333
233
196
208
240
279
346
467
618
745
842
955
1106
1247
1336
1382
1396
1373
1302
1172
982
765
567
394
212
9
-172
-314
-471
-745
-1181
-1716
-2256
-2809
-3483
-4261
-4877
-5069
-4904
-4640
-4284
-3542
-2319
-953
132
937
1753
2661
3363
3561
3384
3223
3223
3125
2713
2174
1844
1696
1402
863
350
78
-112
-439
-825
-1013
-922
-715
-534
-323
69
657
1260
1709
2022
2313
2565
2639
2464
2132
1765
1374
904
354
-194
-670
-1066
-1443
-1805
-2071
-2177
-2176
-2180
-2191
-2109
-1882
-1583
-1301
-1014
-658
-264
69
299
469
616
719
710
584
417
265
112
-96
-341
-544
-671
-746
-816
-868
-862
-797
-704
-609
-514
-407
-306
-235
-206
-205
-203
-167
-105
-49
11
106
230
337
404
455
545
641
646
592
545
502
432
329
236
205
207
239
291
322
386
527
672
765
851
985
1124
1182
1151
1108
1116
1093
979
857
755
655
586
519
379
199
39
-115
-326
-667
-1131
-1703
-2252
-2666
-3254
-4002
-4473
-4867
-5041
-4501
-4017
-3796
-2781
-1340
-322
584
1391
1984
2694
3288
3424
3190
3009
3173
3149
2632
2193
2046
1860
1455
898
348
8
-143
-464
-885
-914
-617
-354
-145
121
507
1009
1479
1748
1855
2015
2206
2167
1885
1634
1482
1248
875
451
17
-415
-826
-1289
-1801
-2215
-2445
-2532
-2568
-2530
-2358
-2092
-1751
-1386
-1085
-795
-464
-171
42
211
360
489
558
539
478
400
287
154
-10
-217
-408
-529
-601
-693
-780
-764
-696
-660
-613
-546
-479
-411
-360
-293
-188
-95
-5
103
230
359
460
562
697
747
703
713
728
632
514
482
500
483
434
425
446
440
444
442
408
422
479
500
523
616
735
794
813
861
935
970
928
844
757
667
561
398
198
50
-47
-146
-264
-404
-550
-737
-1092
-1625
-2197
-2694
-3155
-3727
-4318
-4594
-4384
-3860
-3313
-2789
-2038
-977
59
732
1092
1449
1962
2405
2524
2448
2499
2723
2870
2751
2476
2260
2075
1725
1199
688
301
3
-241
-414
-449
-341
-161
31
248
495
706
853
989
1141
1297
1395
1408
1414
1454
1445
1312
1049
720
383
-1
-464
-938
-1331
-1618
-1818
-1944
-1989
-1956
-1865
-1751
-1631
-1479
-1292
-1124
-971
-769
-526
-303
-118
51
211
321
354
333
291
235
176
97
4
-61
-112
-173
-212
-222
-232
-262
-309
-359
-392
-389
-362
-331
-315
-330
-380
-397
-362
-325
-303
-283
-270
-251
-233
-179
-55
80
178
279
399
512
622
720
804
861
860
800
724
674
655
612
522
442
415
421
448
485
510
533
554
548
541
586
646
679
704
713
700
706
748
812
872
907
884
794
651
450
195
-57
-263
-497
-859
-1301
-1686
-1932
-2044
-2120
-2216
-2298
-2336
-2331
-2262
-2119
-1951
-1807
-1695
-1574
-1367
-1072
-798
-593
-390
-135
143
405
631
826
1003
1150
1244
1295
1304
1281
1232
1148
1062
1007
948
848
758
705
680
684
697
686
648
630
659
714
755
778
774
758
777
819
837
840
842
825
791
764
739
680
561
407
264
119
-45
-216
-377
-523
-640
-736
-808
-830
-828
-842
-849
-833
-818
-814
-810
-805
-789
-764
-739
-700
-629
-550
-485
-430
-375
-347
-357
-394
-455
-536
-621
-701
-778
-833
-849
-835
-793
-712
-610
-501
-395
-292
-170
-27
100
198
280
354
435
512
570
611
659
703
716
712
743
809
859
899
949
998
1016
998
964
940
932
896
813
734
708
706
667
594
501
346
131
-79
-260
-466
-742
-1103
-1475
-1741
-1861
-1919
-1978
-2025
-2037
-2004
-1886
-1666
-1411
-1201
-1042
-888
-689
-430
-160
60
243
439
655
875
1084
1267
1406
1508
1594
1654
1678
1665
1603
1490
1369
1270
1182
1081
953
813
702
642
601
547
491
450
413
367
324
296
278
226
136
65
57
72
39
-45
-119
-162
-204
-290
-419
-562
-700
-839
-964
-1041
-1089
-1144
-1206
-1227
-1201
-1166
-1147
-1130
-1096
-1045
-990
-926
-838
-719
-594
-480
-350
-198
-68
19
87
152
198
218
205
165
108
43
-18
-74
-122
-165
-199
-218
-205
-163
-95
-1
106
208
313
430
543
639
716
783
829
849
852
852
844
830
824
819
806
782
739
682
627
571
499
426
370
324
278
243
225
227
233
223
190
154
142
147
154
144
127
118
119
114
81
11
-104
-273
-489
-724
-944
-1161
-1394
-1635
-1829
-1934
-1959
-1963
-1958
-1913
-1807
-1666
-1518
-1361
-1182
-1003
-858
-731
-574
-379
-183
-23
122
297
513
727
906
1058
1197
1316
1393
1432
1450
1445
1400
1320
1240
1187
1149
1096
1024
959
927
924
937
953
959
945
909
860
816
772
718
637
537
438
359
310
293
276
233
174
114
57
-28
-146
-273
-388
-493
-607
-716
-795
-848
-890
-930
-941
-923
-903
-894
-878
-849
-817
-795
-784
-775
-768
-760
-743
-725
-711
-698
-680
-653
-633
-621
-604
-573
-532
-501
-471
-435
-397
-363
-332
-299
-258
-219
-191
-154
-89
-2
89
171
249
339
426
490
532
570
616
667
716
766
826
885
918
932
944
965
992
1008
1000
980
961
940
911
861
790
719
658
604
553
502
448
391
325
255
182
106
22
-82
-218
-393
-588
-790
-1000
-1217
-1410
-1537
-1590
-1615
-1646
-1668
-1643
-1575
-1494
-1404
-1297
-1168
-1047
-942
-823
-667
-496
-348
-223
-88
84
269
433
574
707
837
950
1036
1105
1154
1176
1159
1118
1074
1043
1009
958
900
862
847
833
812
786
762
729
683
628
570
506
422
319
228
184
181
185
171
151
132
105
61
12
-39
-100
-180
-264
-325
-361
-400
-462
-532
-589
-627
-649
-669
-687
-699
-708
-718
-723
-721
-716
-714
-709
-684
-644
-602
-566
-530
-486
-442
-401
-363
-330
-308
-308
-305
-294
-285
-283
-280
-270
-254
-227
-183
-135
-102
-73
-18
52
115
169
226
275
301
325
379
447
503
549
610
673
721
764
816
861
869
856
842
808
739
667
629
607
576
528
483
432
364
301
266
248
223
182
140
96
50
0
-55
-143
-281
-466
-671
-876
-1078
-1253
-1366
-1417
-1449
-1490
-1518
-1492
-1411
-1305
-1191
-1069
-943
-830
-720
-574
-387
-196
-46
72
199
354
523
674
801
917
1012
1080
1125
1163
1186
1166
1104
1041
1004
983
943
878
816
776
744
713
683
650
601
529
452
400
362
309
226
143
92
78
80
80
77
71
54
26
-2
-25
-70
-154
-253
-342
-417
-484
-557
-626
-675
-710
-742
-772
-792
-805
-812
-806
-789
-766
-749
-734
-708
-666
-618
-580
-547
-516
-485
-453
-421
-383
-347
-316
-293
-275
-252
-233
-219
-206
-187
-160
-136
-114
-81
-31
39
113
173
223
273
331
390
447
495
530
553
578
618
675
725
754
760
761
771
780
778
750
708
666
629
594
555
508
458
407
357
315
282
240
183
124
79
59
51
32
-2
-47
-104
-173
-255
-349
-464
-601
-760
-927
-1078
-1198
-1279
-1322
-1339
-1340
-1326
-1280
-1202
-1097
-980
-862
-745
-630
-514
-390
-254
-115
20
140
255
372
485
590
676
750
812
864
899
926
937
936
923
901
882
867
854
838
817
790
772
763
761
756
738
697
635
560
482
420
377
341
299
255
215
193
191
195
177
127
45
-56
-145
-215
-281
-353
-444
-541
-620
-674
-709
-746
-793
-852
-904
-934
-935
-924
-910
-900
-890
-862
-820
-770
-731
-703
-677
-641
-595
-542
-500
-472
-456
-437
-405
-362
-320
-289
-270
-250
-217
-162
-100
-37
17
62
103
148
191
234
280
328
378
420
452
481
513
554
608
665
712
738
752
769
798
846
894
923
930
916
902
894
890
870
822
753
674
601
534
467
390
305
222
149
88
30
-34
-102
-170
-228
-277
-330
-403
-497
-601
-699
-780
-852
-932
-1028
-1129
-1205
-1233
-1217
-1180
-1152
-1137
-1111
-1052
-956
-845
-746
-674
-616
-545
-440
-313
-189
-88
-5
79
184
309
430
526
586
625
667
725
783
822
826
808
797
811
838
860
855
826
790
767
761
755
731
683
623
578
558
551
540
512
471
433
406
382
352
299
229
156
93
40
-12
-73
-143
-210
-268
-315
-357
-408
-467
-531
-591
-639
-678
-713
-752
-787
-810
-817
-814
-806
-804
-802
-790
-766
-736
-707
-683
-662
-635
-598
-556
-522
-499
-480
-453
-412
-367
-327
-294
-265
-226
-172
-115
-69
-41
-22
7
55
117
174
218
257
307
382
477
572
651
711
761
818
885
944
987
1005
1004
998
989
975
943
895
837
773
708
636
558
473
384
302
229
160
93
22
-46
-105
-159
-219
-292
-382
-481
-577
-664
-741
-824
-913
-989
-1027
-1016
-972
-924
-885
-851
-802
-724
-627
-539
-480
-445
-409
-344
-247
-141
-48
25
95
185
297
413
505
556
578
593
618
645
652
627
586
551
541
552
566
561
535
505
483
476
467
437
384
322
272
244
233
223
204
182
166
164
170
176
166
140
105
64
22
-28
-88
-157
-226
-290
-347
-397
-443
-485
-522
-548
-564
-572
-577
-585
-594
-601
-596
-585
-571
-559
-552
-543
-524
-491
-454
-416
-386
-364
-345
-324
-302
-282
-266
-260
-255
-249
-234
-212
-189
-165
-138
-103
-54
3
56
103
147
194
251
314
374
422
461
500
552
611
672
718
742
751
758
767
774
766
734
684
631
586
551
515
472
424
375
332
296
260
217
169
123
80
38
-4
-48
-93
-129
-156
-179
-206
-243
-284
-324
-362
-405
-459
-524
-594
-659
-715
-766
-815
-856
-879
-877
-852
-814
-770
-722
-665
-594
-512
-432
-358
-292
-223
-147
-65
20
99
174
244
315
385
444
494
533
558
571
575
570
562
553
543
531
518
507
500
498
500
502
499
491
485
481
481
482
477
466
450
433
419
406
390
365
336
305
273
238
196
142
73
-4
-83
-162
-247
-332
-416
-493
-557
-602
-640
-671
-695
-713
-721
-720
-716
-718
-718
-719
-712
-701
-689
-677
-666
-654
-636
-616
-594
-576
-562
-548
-532
-509
-484
-458
-426
-390
-342
-282
-214
-142
-68
8
89
172
253
327
398
465
531
594
651
703
748
788
823
849
866
871
869
868
867
854
826
787
743
698
652
604
556
506
464
432
406
381
342
292
236
184
134
87
43
10
-15
-38
-68
-103
-140
-187
-246
-318
-400
-478
-539
-586
-624
-672
-737
-806
-860
-890
-918
-963
-1014
-1045
-1031
-974
-902
-840
-809
-790
-753
-685
-595
-504
-427
-351
-247
-119
6
106
176
236
299
369
444
516
575
627
682
735
783
817
833
842
857
881
907
923
930
929
925
922
915
893
856
806
756
713
674
628
570
504
438
374
307
232
147
60
-24
-97
-165
-236
-312
-388
-462
-533
-596
-654
-710
-763
-809
-852
-893
-928
-959
-984
-1002
-1016
-1026
-1028
-1025
-1012
-996
-980
-960
-934
-894
-840
-772
-698
-622
-543
-463
-387
-314
-249
-185
-120
-50
22
95
157
207
250
291
337
382
424
465
507
554
618
694
773
837
871
882
889
909
943
974
985
971
941
912
887
857
801
706
587
475
411
397
403
398
369
311
227
140
75
34
6
-12
-13
-8
-10
-21
-43
-91
-166
-240
-289
-319
-332
-328
-328
-355
-410
-463
-522
-589
-656
-706
-742
-782
-804
-799
-792
-807
-826
-839
-850
-852
-821
-758
-697
-643
-568
-480
-405
-328
-234
-146
-82
-16
74
160
234
319
407
457
478
506
539
556
577
618
649
657
672
700
721
730
744
751
731
706
695
687
670
648
622
579
515
455
402
339
276
219
159
91
21
-46
-111
-179
-243
-302
-362
-415
-458
-494
-526
-554
-582
-616
-647
-667
-677
-683
-687
-682
-673
-663
-648
-630
-614
-603
-584
-556
-524
-492
-459
-427
-394
-357
-317
-276
-235
-192
-151
-103
-48
0
34
65
106
154
200
248
296
332
366
408
457
496
522
547
576
601
617
636
659
684
707
729
742
733
713
695
684
673
648
616
587
557
512
454
396
330
255
191
148
105
51
-2
-54
-110
-167
-222
-273
-320
-367
-406
-424
-430
-447
-476
-497
-510
-524
-539
-548
-555
-554
-548
-540
-529
-526
-545
-567
-563
-536
-508
-480
-455
-438
-426
-416
-398
-371
-345
-327
-296
-257
-232
-213
-179
-131
-98
-60
-12
32
66
116
174
204
227
274
320
333
345
384
430
471
515
558
598
633
639
622
613
622
655
696
688
624
613
535
77
-584
-735
-157
500
712
552
233
-15
120
510
528
80
-161
144
519
615
617
588
341
-17
-168
-179
-355
-624
-656
-459
-318
-292
-264
-295
-484
-691
-753
-771
-867
-906
-754
-534
-405
-325
-241
-251
-395
-506
-499
-500
-570
-549
-373
-227
-190
-133
-51
-87
-193
-200
-154
-206
-249
-120
71
151
171
229
256
218
216
284
309
283
348
505
598
595
612
669
673
623
595
568
499
443
443
437
386
361
381
365
296
247
225
163
82
53
57
36
22
57
84
56
30
31
3
-64
-96
-97
-130
-175
-161
-125
-143
-196
-231
-267
-327
-377
-399
-419
-441
-435
-409
-389
-376
-361
-351
-357
-356
-356
-370
-387
-367
-319
-287
-273
-239
-175
-123
-92
-48
4
38
55
88
124
138
143
162
175
191
242
289
283
246
236
249
245
234
235
249
268
292
299
269
224
197
190
179
169
175
194
203
204
200
178
150
133
118
84
58
52
43
14
-9
-15
-33
-70
-92
-95
-99
-113
-115
-99
-93
-110
-136
-144
-136
-133
-124
-105
-95
-109
-132
-150
-173
-191
-185
-160
-142
-129
-108
-83
-77
-103
-151
-185
-178
-153
-141
-144
-135
-108
-79
-59
-48
-44
-46
-58
-75
-77
-61
-38
-21
-10
-5
8
40
79
88
58
37
55
86
104
105
99
83
72
79
107
138
163
183
192
173
140
124
126
142
162
184
204
210
201
185
155
116
88
78
92
110
110
90
59
46
39
15
-18
-40
-41
-31
-29
-43
-68
-86
-87
-85
-91
-105
-109
-111
-116
-124
-130
-123
-117
-125
-137
-139
-127
-106
-91
-77
-67
-68
-64
-56
-51
-52
-49
-39
-32
-33
-23
-12
-14
-18
-15
-7
-7
-13
-9
-3
-4
-6
2
16
30
42
45
36
29
29
36
41
46
58
64
67
67
62
56
49
47
47
48
52
53
47
41
38
40
37
30
33
39
39
34
30
31
30
25
18
10
-4
-9
-9
-9
-9
-11
-13
-24
-34
-38
-34
-30
-35
-41
-44
-41
-42
-48
-53
-55
-49
-38
-30
-29
-27
-28
-31
-36
-38
-39
-39
-39
-34
-32
-33
-34
-32
-22
-12
-5
-1
4
8
12
9
-3
-17
-22
-18
-9
1
9
18
27
34
33
25
18
13
11
10
8
8
11
17
20
22
22
25
25
24
18
12
11
12
14
14
14
17
24
27
25
19
14
9
8
10
8
7
5
7
7
5
2
0
-2
-5
-7
-7
-2
0
1
-2
-4
-5
-9
-9
-8
-7
-4
-1
2
1
-1
-1
2
1
-1
-3
-5
-7
-8
-7
-4
-5
-4
-3
-1
0
-1
-2
-4
-3
-1
1
0
-3
-6
-8
-10
-13
-13
-14
-16
-16
-11
-9
-5
-5
-7
-7
-7
-6
-6
-5
-9
-10
-12
-12
-11
-7
-6
-3
-3
-2
2
3
3
1
0
-2
0
1
3
1
1
2
2
4
5
7
7
9
8
8
8
9
8
5
6
4
4
5
5
4
1
-1
-3
-1
-2
0
1
2
2
1
0
-1
0
0
2
3
2
1
0
0
1
0
-2
-5
-3
-3
-2
-3
-4
-4
-3
1
0
-1
-2
-4
-3
-4
-4
-3
-3
-3
-1
0
2
3
3
4
4
4
2
4
5
3
-1
-2
-2
0
0
0
1
2
3
4
4
1
0
-3
-1
0
1
2
4
4
5
4
4
4
3
3
2
3
1
-2
-2
-3
-3
-4
-5
-4
-1
-1
1
2
3
3
2
2
2
-1
-3
-5
-7
-6
-7
-7
-8
-7
-6
-5
-5
-7
-7
-6
-5
-4
-4
-4
-3
-3
-2
-5
-3
-3
-3
-2
0
2
0
1
2
2
2
3
2
1
1
0
-1
1
1
-3
-4
-2
-2
-1
1
2
4
4
4
0
1
2
2
2
4
6
5
1
-1
-1
-2
-3
-3
-1
1
-1
-3
-2
0
-1
-2
2
3
0
