0
0
0
2
1
0
-1
2
1
1
2
2
1
-2
-3
-1
-2
-4
-3
-4
-4
-6
-5
-5
-6
-6
-6
-7
-6
-6
-6
-6
-5
-5
-1
0
-1
1
2
3
4
4
5
6
9
10
10
11
12
12
11
12
10
9
8
8
7
6
3
2
3
2
2
1
1
1
1
0
0
0
1
0
-1
-2
-1
-1
-2
-2
-2
-5
-6
-7
-8
-8
-8
-8
-9
-10
-11
-11
-9
-8
-7
-8
-6
-5
-5
-4
-3
-5
-6
-4
-4
-3
-3
-2
-1
-3
-2
-3
0
2
4
4
3
5
8
7
7
8
8
8
10
13
13
14
11
8
8
9
8
9
9
8
6
5
6
7
5
2
1
0
0
0
-1
-2
-2
-3
-3
-5
-7
-6
-9
-12
-12
-10
-10
-11
-10
-9
-8
-8
-7
-5
-6
-6
-6
-5
-5
-4
-3
-4
-3
-4
-6
-4
-5
-6
-6
-5
-4
-4
-1
1
1
1
2
3
5
8
9
9
10
11
12
10
11
9
8
8
7
7
7
7
7
8
7
6
7
7
8
7
6
5
5
4
4
6
3
-1
-1
-3
-2
-1
-4
-4
-4
-4
-3
-1
-1
-3
-2
-4
-5
-3
-3
-4
-6
-8
-9
-7
-8
-10
-10
-8
-8
-10
-9
-9
-9
-9
-8
-7
-5
-7
-7
-5
-5
-5
-2
0
1
-2
0
1
1
1
2
0
1
2
3
4
5
5
3
4
3
4
4
5
4
6
7
7
8
7
8
7
8
7
6
8
8
8
9
9
7
4
3
2
1
1
2
1
1
2
1
1
1
-2
-1
-1
-3
-2
-1
-1
-4
-5
-6
-6
-7
-7
-8
-7
-8
-8
-7
-7
-5
-6
-6
-4
-4
-4
-2
-1
-1
-2
-2
-1
-3
-2
-3
-4
-6
-6
-4
-3
-2
-1
0
0
0
2
2
2
2
3
3
5
4
4
5
3
3
4
5
5
4
6
6
6
7
6
4
3
3
4
5
6
7
6
5
3
3
2
-2
-2
-1
-2
0
-2
-1
-2
-3
-4
-3
-1
-4
-5
-4
-4
-1
-4
-3
-3
-3
-2
-1
-1
0
-1
-3
-4
-2
-3
-1
0
-2
-4
-3
-2
-1
-3
-2
-1
-1
-2
-3
-2
-4
-6
-6
-4
-4
-3
-2
-3
-2
0
1
0
2
1
1
2
4
4
4
4
4
5
4
4
6
5
3
2
2
2
3
2
3
2
2
4
4
5
2
4
5
5
5
6
7
8
6
6
4
4
4
2
2
3
1
-2
-2
-2
-4
-2
-1
0
-2
-4
0
1
0
-2
-2
-6
-6
-4
-5
-7
-9
-10
-12
-10
-7
-6
-6
-6
-4
0
0
-1
1
-1
1
1
1
1
0
1
2
1
0
-4
-6
-2
0
3
1
-3
-3
-5
-4
-4
-2
-1
-1
2
6
7
5
2
1
1
2
1
1
5
4
5
3
3
3
0
-3
-2
-3
-3
-1
2
0
0
0
1
2
1
-1
-4
-3
-5
-4
-1
1
0
0
3
3
4
3
0
-1
-1
2
4
5
6
8
10
9
7
6
7
9
16
17
13
11
11
16
18
12
5
3
8
12
11
5
1
0
-1
3
6
3
-1
-2
0
1
-2
-10
-13
-9
-5
-8
-9
-8
-9
-13
-20
-26
-31
-36
-31
-23
-20
-25
-28
-27
-27
-27
-27
-25
-26
-23
-16
-6
-3
-11
-14
-5
6
10
5
10
26
30
24
18
16
15
12
19
28
32
31
29
22
10
6
10
6
-5
-12
-12
-12
-20
-42
-59
-68
-82
-92
-95
-88
-91
-118
-139
-140
-148
-160
-180
-194
-187
-193
-194
-190
-196
-201
-219
-229
-200
-163
-131
-111
-81
-33
2
27
65
123
186
249
328
391
443
499
546
611
647
663
732
799
861
888
858
872
886
882
894
883
879
863
796
759
722
664
601
507
422
345
264
202
127
24
-105
-231
-333
-422
-518
-628
-705
-743
-814
-900
-1008
-1102
-1142
-1196
-1243
-1250
-1224
-1201
-1207
-1237
-1267
-1273
-1245
-1202
-1165
-1126
-1061
-970
-900
-873
-858
-814
-739
-661
-586
-489
-373
-251
-153
-81
-30
7
44
94
164
234
280
311
325
322
297
277
275
267
225
168
125
72
-19
-126
-221
-289
-340
-385
-400
-359
-293
-239
-189
-104
11
117
234
409
643
879
1063
1201
1307
1416
1556
1705
1833
1949
2086
2215
2308
2375
2428
2438
2396
2332
2249
2136
2010
1881
1696
1407
1093
846
630
398
179
-14
-246
-499
-699
-843
-1011
-1227
-1437
-1602
-1716
-1766
-1794
-1874
-1991
-2053
-2061
-2068
-2065
-2011
-1941
-1903
-1848
-1747
-1652
-1592
-1524
-1446
-1376
-1261
-1087
-945
-894
-858
-767
-666
-591
-521
-487
-504
-495
-409
-318
-266
-205
-129
-79
-37
55
157
203
232
299
388
483
591
700
799
897
987
1045
1086
1150
1218
1251
1279
1346
1413
1434
1421
1402
1377
1361
1383
1421
1425
1396
1381
1370
1313
1230
1155
1083
999
912
818
714
615
511
357
154
-25
-164
-321
-504
-673
-840
-1063
-1322
-1566
-1792
-2015
-2201
-2307
-2366
-2406
-2413
-2393
-2373
-2340
-2271
-2173
-2059
-1901
-1701
-1483
-1258
-1010
-766
-531
-278
-12
223
449
717
1007
1273
1536
1809
2039
2217
2397
2544
2606
2636
2692
2693
2581
2444
2323
2160
1956
1788
1632
1411
1154
921
692
450
244
79
-69
-192
-311
-469
-640
-774
-908
-1069
-1171
-1187
-1218
-1289
-1319
-1327
-1390
-1445
-1401
-1323
-1293
-1266
-1202
-1128
-1051
-936
-821
-751
-691
-605
-515
-436
-352
-282
-258
-265
-277
-301
-331
-354
-383
-428
-458
-457
-432
-392
-350
-323
-295
-247
-201
-166
-103
-3
82
135
209
287
328
373
451
505
534
613
716
770
804
877
937
939
941
975
994
986
1005
1057
1087
1073
1055
1041
994
912
833
755
664
579
512
481
471
420
322
231
168
112
53
-9
-59
-123
-243
-380
-494
-632
-791
-918
-1037
-1180
-1336
-1481
-1569
-1580
-1614
-1703
-1718
-1646
-1584
-1569
-1556
-1493
-1351
-1168
-992
-813
-618
-412
-243
-105
69
145
-70
-213
233
902
1055
834
959
1530
1964
1945
1779
1859
2140
2313
2235
2082
2106
2193
2039
1709
1519
1484
1355
1034
712
555
454
235
-15
-151
-224
-345
-541
-694
-779
-831
-884
-942
-990
-1010
-965
-978
-1080
-1169
-1128
-1026
-1025
-1104
-1111
-969
-902
-980
-1004
-829
-734
-879
-930
-841
-763
-791
-773
-745
-838
-900
-779
-583
-603
-626
-581
-453
-215
-215
-418
-264
252
290
-5
55
378
512
364
222
208
516
776
574
264
484
1050
1056
699
651
1140
1490
1327
741
-52
199
1289
1403
226
-309
474
1320
1365
748
654
1107
1346
1202
892
832
953
954
614
427
622
818
615
34
-71
289
384
-74
-432
-271
-174
-448
-743
-643
-540
-733
-1025
-1140
-1068
-1178
-1408
-1571
-1578
-1594
-1684
-1750
-1792
-1790
-1856
-1850
-1709
-1551
-1398
-1224
-1086
-1032
-897
-705
-476
-283
-150
19
270
568
852
1089
1214
1279
1393
1571
1712
1766
1787
1857
1977
2024
1923
1727
1557
1429
1315
1126
905
716
739
919
489
-244
-176
387
181
-411
-520
-241
-97
-241
-322
-500
-610
-402
-293
-486
-607
-573
-522
-486
-491
-351
-526
-953
-431
380
-225
-1156
-997
-55
335
-620
-1619
-725
547
75
-1129
-1111
0
408
-459
-1271
-818
181
-31
-901
-985
-359
9
-186
-789
-718
7
59
-563
-823
-170
570
199
-765
-464
818
788
-620
-649
595
1015
349
-226
253
1129
1236
305
135
1009
1296
810
554
786
970
1093
1104
821
693
1034
1177
984
613
590
818
822
790
574
326
149
419
744
203
-325
-120
499
454
-436
-704
-122
288
-320
-965
-858
-462
-237
-784
-1249
-1034
-712
-890
-1185
-1161
-1240
-1094
-997
-1323
-1595
-1326
-874
-1027
-1379
-1393
-1004
-710
-857
-970
-774
-485
-355
-269
-134
69
231
238
302
495
647
767
925
1004
909
949
1344
1558
1103
630
1067
1578
1229
807
1206
1253
695
683
955
699
269
709
970
499
20
389
982
538
-311
-571
309
566
-95
-203
-5
-6
-134
-70
-151
-498
-269
-165
-341
-562
-453
-314
-581
-250
-294
-661
-553
-291
-534
-985
-616
-634
-655
-309
-926
-1022
-413
12
-692
-1487
31
187
-980
-1423
-620
193
-1
-453
-1444
-248
1188
189
-844
-705
582
670
26
-306
-486
683
473
-234
-234
455
414
20
641
114
-97
361
1146
742
-377
386
1405
1008
-156
311
969
667
493
385
651
628
711
513
483
1278
679
78
258
655
662
115
67
301
547
-106
-604
171
263
-178
-619
-760
-448
132
-178
-1243
-988
-246
-496
-1038
-780
-559
-881
-985
-874
-662
-598
-869
-893
-783
-740
-611
-456
-496
-613
-394
-330
-241
-26
40
-28
28
85
73
263
799
883
350
264
853
1181
963
785
794
955
879
713
895
859
496
863
1117
399
136
841
785
291
372
98
-179
283
674
25
-740
-389
253
367
205
-535
-717
-65
-126
-643
-256
22
-743
-780
-39
-211
-1002
-602
263
-260
-1315
-1459
198
1291
-702
-2562
-22
1268
-701
-772
37
-984
-967
536
46
-1203
-1169
234
79
-1274
-115
901
-266
-1076
-478
421
944
483
-791
-361
130
76
364
566
642
-177
-537
-5
1105
2064
742
-1184
-216
1847
1095
-311
126
1106
1182
-427
-854
870
1367
698
402
-680
-742
1455
2055
-138
-907
394
1087
753
-40
-307
282
652
-195
-912
-85
513
-81
-329
-290
-594
-324
-145
-642
-766
-626
-280
-384
-1097
-924
-374
-512
-646
-871
-1252
-1013
-490
-685
-1037
-833
-715
-777
-448
-521
-905
-297
137
-200
-249
-208
-76
527
727
419
283
548
828
1011
1171
1386
1224
800
1141
1793
1413
731
1115
1460
1219
1124
962
628
541
627
599
424
359
592
482
-427
-974
-58
599
-158
-818
-781
-825
-538
167
61
-708
-1128
-1050
-479
222
118
-573
-773
-865
-1191
-574
794
609
-1319
-1809
-448
12
-244
-377
-390
-933
-1763
-1124
595
821
-568
-1564
-1426
-575
315
902
159
-1764
-1916
-82
794
632
315
-27
-435
-763
108
1569
1213
80
45
199
361
1214
1223
619
181
-337
-314
1120
1966
352
-1007
-628
254
1377
1579
90
-612
539
1109
672
545
663
752
298
-88
363
945
936
300
-278
-398
283
765
243
64
-5
-722
-486
425
242
-540
-875
-478
-87
-680
-1223
-613
-190
-1039
-1871
-1260
-540
-1128
-1343
-1173
-1449
-1351
-950
-749
-658
-983
-1183
-660
-373
-390
-136
-88
-99
410
582
322
716
1250
1013
576
770
1368
1766
1801
1530
1325
1578
1943
1912
1458
1052
1175
1194
881
787
846
779
588
287
-52
-50
96
-38
-223
-374
-459
-488
-506
-584
-661
-690
-776
-561
-226
-385
-746
-633
-269
-276
-696
-1072
-986
-579
-379
-487
-575
-292
-6
-509
-897
-233
86
-495
-825
-733
-673
-547
-570
-857
-866
-681
-707
-843
-636
-480
-515
-303
-354
-313
193
210
-84
-39
167
131
203
436
438
371
572
798
708
847
924
624
535
596
867
1191
948
603
685
657
508
497
532
638
536
659
574
169
727
1318
555
-156
317
922
817
223
13
321
396
268
108
102
164
-66
-322
-484
-682
-823
-918
-1114
-1343
-1403
-1333
-1482
-1862
-2224
-2377
-2256
-2099
-1963
-1814
-1587
-1369
-1554
-1639
-1116
-774
-727
-354
58
321
728
1174
1390
1394
1471
1634
1857
2307
2751
2895
2933
2911
2806
2774
2724
2597
2312
1893
1703
1660
1460
1195
898
527
87
-387
-680
-758
-962
-1401
-1747
-1862
-1914
-1931
-1915
-1970
-2085
-2058
-1879
-1704
-1525
-1392
-1262
-1064
-830
-667
-482
-172
97
174
184
361
563
620
565
515
535
575
645
614
399
286
269
163
-68
-267
-315
-450
-676
-788
-765
-698
-779
-1026
-1125
-979
-809
-699
-565
-462
-381
-220
-151
-156
109
385
357
411
633
837
1017
1061
970
945
925
965
1220
1412
1264
1168
1322
1063
646
772
976
966
875
717
632
684
583
433
456
363
289
281
199
163
190
342
286
-71
-384
-625
-766
-861
-1059
-1208
-1312
-1718
-2205
-2626
-3378
-4093
-4156
-3661
-3217
-3283
-3469
-3291
-3005
-2943
-2915
-2513
-1766
-926
-196
455
1193
1907
2471
2857
3163
3508
4084
4941
5649
5929
5921
5803
5680
5487
5060
4643
4413
4154
3701
3055
2342
1610
849
-12
-1050
-2021
-2606
-2926
-3303
-3800
-4273
-4694
-5105
-5372
-5379
-5230
-4912
-4336
-3729
-3197
-2693
-2234
-1741
-1242
-709
-80
634
1335
1797
2039
2224
2354
2357
2285
2196
2137
2160
2176
2040
1577
941
517
298
114
-137
-455
-673
-840
-1103
-1430
-1652
-1675
-1656
-1686
-1704
-1519
-1137
-907
-878
-797
-667
-480
-105
254
463
671
913
1019
975
1031
1176
1189
1144
1171
1252
1321
1226
1025
994
985
772
682
706
553
312
257
452
580
493
385
416
514
544
476
438
457
375
298
364
515
664
664
472
90
-372
-597
-694
-996
-1494
-1989
-2443
-3182
-4302
-5306
-5650
-5363
-4934
-4755
-4780
-4687
-4380
-4053
-3794
-3304
-2379
-1250
-156
834
1858
3009
3993
4597
5035
5517
6103
6856
7585
8032
8216
8130
7775
7190
6462
5776
5130
4480
3816
3040
2132
1182
215
-837
-2006
-3123
-3962
-4649
-5321
-5839
-6185
-6382
-6471
-6568
-6593
-6391
-5946
-5290
-4530
-3752
-2909
-2002
-1135
-319
458
1129
1713
2283
2719
2966
3153
3327
3401
3238
2840
2446
2140
1796
1395
975
517
16
-465
-852
-1185
-1519
-1756
-1870
-1952
-1979
-1904
-1769
-1687
-1635
-1474
-1242
-1019
-716
-348
-47
158
365
710
1065
1199
1249
1385
1540
1610
1582
1506
1373
1190
1043
891
653
458
378
315
280
328
384
277
-2
-171
-33
274
511
628
733
844
911
995
1107
1104
971
932
1063
1084
927
976
1270
1302
911
500
182
-335
-1029
-1588
-2027
-2627
-3555
-4769
-6130
-7367
-7896
-7460
-6764
-6564
-6538
-6094
-5489
-5187
-4791
-3684
-2060
-523
748
2046
3587
5207
6592
7533
8039
8367
8810
9388
9852
10118
10261
10103
9364
8180
6926
5720
4505
3345
2253
1087
-137
-1230
-2200
-3274
-4471
-5517
-6281
-6914
-7458
-7739
-7660
-7331
-6929
-6515
-6099
-5665
-5020
-4035
-2909
-1818
-738
279
1126
1776
2332
2917
3422
3659
3648
3513
3342
3187
2952
2487
1833
1161
521
-73
-575
-1010
-1436
-1814
-2144
-2488
-2756
-2794
-2631
-2444
-2276
-1988
-1559
-1138
-781
-444
-89
294
672
1008
1303
1585
1844
1969
1912
1800
1747
1731
1624
1419
1236
1060
810
555
342
88
-180
-367
-459
-461
-349
-158
-17
15
42
179
397
685
1107
1550
1754
1763
1814
1880
1811
1755
1905
2032
1844
1528
1444
1468
1233
788
335
-269
-1212
-2179
-2766
-3222
-4107
-5673
-7756
-9781
-10770
-10245
-9048
-8265
-7780
-6939
-6030
-5737
-5574
-4384
-2184
-119
1376
2971
5062
7236
9024
10272
10949
11163
11200
11188
11085
11068
11319
11454
10822
9347
7481
5549
3640
1874
357
-1037
-2433
-3685
-4633
-5466
-6353
-7107
-7601
-8111
-8779
-9118
-8645
-7593
-6486
-5472
-4507
-3622
-2762
-1780
-677
375
1370
2423
3345
3828
4035
4325
4598
4495
3971
3269
2564
1845
1090
397
-205
-824
-1503
-2205
-2904
-3465
-3749
-3823
-3798
-3705
-3537
-3235
-2767
-2218
-1634
-992
-336
231
712
1198
1718
2179
2539
2811
2915
2803
2619
2457
2213
1848
1438
989
464
-46
-420
-707
-1006
-1266
-1374
-1411
-1496
-1514
-1325
-1046
-813
-497
15
581
1082
1595
2176
2715
3107
3397
3600
3614
3479
3375
3336
3178
2824
2428
2107
1764
1342
953
602
148
-410
-951
-1572
-2462
-3542
-4500
-5330
-6534
-8570
-10949
-12428
-12242
-10916
-9640
-8836
-7819
-6218
-4863
-4330
-3742
-1988
543
2559
3838
5471
7952
10374
11829
12469
12793
12853
12425
11541
10615
10055
9820
9358
8150
6332
4458
2712
860
-1132
-3003
-4583
-5853
-6778
-7360
-7677
-7767
-7622
-7383
-7333
-7461
-7264
-6405
-5212
-4098
-2917
-1417
168
1418
2309
3109
3859
4329
4430
4338
4227
4165
4109
3886
3320
2471
1520
485
-701
-1886
-2761
-3291
-3714
-4154
-4461
-4501
-4359
-4201
-4048
-3802
-3383
-2814
-2136
-1338
-458
430
1236
1890
2329
2598
2832
3054
3142
3061
2887
2622
2219
1754
1351
946
407
-197
-725
-1173
-1560
-1819
-1965
-2094
-2184
-2136
-1995
-1812
-1485
-940
-312
257
828
1459
2076
2621
3151
3632
3939
4076
4195
4297
4205
3880
3552
3302
2911
2255
1529
949
485
68
-275
-557
-897
-1351
-1970
-2858
-3928
-4840
-5531
-6546
-8379
-10563
-11942
-11886
-10893
-9805
-8723
-7224
-5362
-3849
-3004
-2165
-563
1575
3395
4669
6079
8122
10314
11820
12503
12833
12959
12518
11365
9982
8901
8078
7078
5670
4046
2500
1072
-422
-2111
-3850
-5380
-6575
-7468
-8063
-8248
-7968
-7350
-6643
-6012
-5427
-4698
-3721
-2694
-1854
-1087
-74
1151
2240
3089
3891
4612
4917
4707
4226
3666
3030
2346
1662
934
168
-556
-1254
-2032
-2834
-3450
-3857
-4237
-4621
-4755
-4489
-4023
-3583
-3108
-2454
-1685
-943
-246
462
1163
1785
2307
2726
3019
3169
3216
3194
3044
2734
2352
1926
1390
783
236
-266
-840
-1431
-1859
-2119
-2322
-2450
-2421
-2266
-2083
-1870
-1544
-1107
-632
-108
496
1124
1715
2322
2928
3389
3647
3850
4064
4148
4016
3771
3483
3094
2552
1984
1537
1132
579
-74
-562
-841
-1133
-1538
-1914
-2248
-2764
-3579
-4449
-5121
-5849
-7179
-9079
-10661
-11039
-10295
-9155
-7964
-6398
-4258
-2121
-693
267
1630
3529
5131
5980
6711
7941
9334
10209
10546
10766
10845
10291
8873
6976
5201
3757
2417
966
-483
-1673
-2581
-3364
-4051
-4459
-4513
-4394
-4284
-4147
-3782
-3078
-2095
-986
79
990
1780
2486
3012
3246
3287
3276
3100
2583
1861
1241
747
133
-649
-1418
-2113
-2820
-3546
-4162
-4594
-4834
-4875
-4780
-4644
-4406
-3896
-3134
-2372
-1735
-1084
-353
288
713
1050
1450
1848
2100
2198
2262
2339
2315
2089
1705
1291
883
430
-81
-559
-915
-1162
-1365
-1544
-1641
-1623
-1540
-1463
-1372
-1188
-909
-597
-240
218
737
1205
1582
1913
2224
2482
2670
2783
2812
2781
2739
2668
2533
2361
2206
2035
1789
1500
1191
828
441
129
-111
-364
-593
-676
-680
-752
-843
-786
-615
-546
-673
-978
-1430
-2024
-2714
-3632
-5034
-6859
-8460
-9162
-8978
-8407
-7622
-6299
-4394
-2463
-985
273
1778
3434
4641
5181
5521
6171
7010
7547
7637
7586
7557
7234
6298
4949
3678
2593
1402
-42
-1416
-2333
-2749
-2900
-2892
-2644
-2113
-1452
-859
-360
162
775
1361
1769
1989
2175
2415
2650
2737
2622
2353
1985
1508
881
134
-626
-1338
-2054
-2781
-3365
-3661
-3759
-3824
-3846
-3741
-3544
-3304
-2979
-2561
-2129
-1714
-1273
-829
-432
-38
402
782
970
1000
990
943
795
583
400
245
43
-219
-473
-667
-804
-928
-1083
-1255
-1346
-1311
-1248
-1222
-1131
-887
-580
-322
-99
148
423
717
982
1147
1237
1372
1553
1644
1645
1713
1884
2006
2027
2065
2167
2227
2170
2048
1947
1896
1849
1729
1558
1464
1453
1346
1093
878
819
799
692
524
375
248
90
-237
-813
-1480
-2020
-2581
-3597
-5170
-6877
-8218
-8993
-9230
-8966
-8167
-6781
-4937
-2997
-1233
454
2203
3790
4827
5288
5544
5875
6196
6272
6075
5809
5567
5154
4386
3388
2432
1526
465
-752
-1830
-2522
-2851
-2957
-2874
-2529
-1869
-986
-83
722
1469
2191
2751
3002
2996
2913
2803
2576
2213
1836
1547
1277
906
428
-95
-669
-1317
-1971
-2545
-3026
-3389
-3555
-3506
-3341
-3110
-2776
-2341
-1911
-1548
-1221
-912
-652
-443
-245
-68
60
149
216
246
228
202
181
101
-87
-308
-486
-638
-796
-923
-959
-936
-923
-935
-915
-828
-707
-581
-435
-263
-107
36
221
447
632
747
884
1092
1300
1455
1604
1784
1927
1962
1941
1956
1984
1949
1899
1929
1976
1911
1798
1770
1776
1673
1510
1410
1336
1184
991
834
685
519
377
243
41
-216
-487
-847
-1374
-1971
-2517
-3165
-4176
-5518
-6860
-7891
-8512
-8681
-8354
-7521
-6205
-4468
-2492
-582
1121
2694
4127
5143
5553
5569
5540
5527
5351
4967
4533
4163
3788
3263
2565
1823
1138
459
-329
-1157
-1784
-2084
-2159
-2103
-1838
-1267
-473
366
1192
2008
2713
3160
3333
3287
3035
2598
2085
1565
1003
420
-39
-338
-625
-990
-1318
-1531
-1751
-2074
-2371
-2500
-2520
-2557
-2574
-2439
-2143
-1772
-1397
-1041
-730
-448
-155
93
199
201
210
217
120
-48
-138
-152
-224
-373
-478
-504
-544
-648
-757
-830
-869
-882
-907
-972
-1012
-940
-821
-772
-727
-532
-241
-45
67
269
573
798
905
1033
1231
1411
1536
1627
1664
1628
1569
1517
1432
1357
1419
1595
1693
1674
1726
1907
1977
1768
1469
1323
1270
1107
849
659
570
462
255
-31
-367
-759
-1222
-1766
-2398
-3168
-4153
-5393
-6725
-7814
-8401
-8482
-8163
-7420
-6161
-4444
-2535
-661
1135
2867
4412
5515
6041
6117
5992
5777
5412
4858
4248
3732
3291
2803
2252
1751
1302
760
55
-680
-1254
-1616
-1830
-1918
-1801
-1382
-664
222
1143
2036
2839
3430
3712
3702
3445
2947
2262
1501
738
-1
-631
-1062
-1339
-1568
-1737
-1804
-1839
-1923
-2007
-2051
-2133
-2277
-2361
-2295
-2136
-1943
-1689
-1360
-995
-627
-267
45
252
356
383
335
194
-17
-240
-459
-682
-863
-928
-886
-833
-828
-846
-855
-860
-867
-871
-904
-992
-1080
-1069
-961
-847
-736
-539
-250
29
266
527
808
1029
1176
1318
1458
1554
1634
1730
1787
1770
1751
1767
1747
1680
1673
1740
1768
1745
1809
1941
1927
1720
1534
1456
1306
997
708
560
432
226
27
-116
-343
-744
-1212
-1660
-2221
-3034
-4012
-5011
-6004
-6924
-7522
-7603
-7212
-6478
-5401
-3958
-2274
-557
1070
2566
3889
4929
5536
5660
5474
5206
4867
4308
3556
2882
2420
2025
1569
1148
835
496
38
-420
-767
-1022
-1231
-1336
-1274
-1014
-521
179
941
1639
2261
2815
3227
3410
3310
2898
2235
1472
706
-74
-822
-1417
-1830
-2149
-2381
-2425
-2283
-2093
-1944
-1804
-1670
-1577
-1521
-1446
-1341
-1226
-1083
-890
-668
-428
-129
191
414
513
571
596
470
193
-91
-327
-588
-865
-1036
-1072
-1061
-1044
-962
-804
-634
-491
-399
-396
-476
-545
-547
-551
-621
-678
-604
-409
-190
35
309
630
948
1233
1435
1513
1517
1549
1582
1518
1420
1421
1491
1475
1397
1440
1628
1782
1777
1715
1718
1730
1610
1335
1076
952
859
634
330
146
69
-150
-602
-1107
-1526
-1989
-2707
-3698
-4816
-5901
-6818
-7458
-7727
-7567
-6912
-5743
-4190
-2479
-769
943
2662
4208
5277
5759
5836
5742
5506
5013
4279
3501
2832
2239
1651
1132
812
647
453
151
-145
-328
-477
-718
-988
-1068
-842
-414
90
697
1448
2233
2870
3285
3516
3570
3355
2793
1923
938
50
-731
-1538
-2342
-2901
-3064
-3005
-2930
-2786
-2421
-1899
-1478
-1272
-1172
-1040
-903
-875
-955
-995
-874
-643
-449
-317
-108
210
473
520
412
299
176
-77
-440
-756
-935
-1043
-1146
-1198
-1138
-971
-770
-581
-414
-264
-157
-145
-238
-359
-437
-488
-560
-617
-564
-361
-66
237
545
891
1256
1521
1626
1644
1662
1656
1586
1515
1489
1457
1385
1373
1487
1642
1749
1847
1986
2084
2033
1844
1615
1407
1178
864
483
150
-78
-307
-646
-1042
-1399
-1795
-2372
-3100
-3863
-4700
-5692
-6667
-7279
-7371
-7050
-6408
-5377
-3930
-2233
-519
1137
2759
4248
5320
5775
5766
5593
5333
4807
3950
3000
2213
1597
1028
530
226
98
-10
-156
-244
-212
-169
-245
-398
-448
-282
55
454
880
1386
1990
2601
3072
3344
3438
3335
2948
2261
1380
433
-526
-1468
-2321
-2971
-3360
-3511
-3487
-3324
-2998
-2498
-1920
-1417
-1055
-777
-533
-379
-365
-424
-450
-432
-403
-323
-143
83
252
340
392
419
365
188
-101
-428
-698
-878
-1033
-1201
-1298
-1232
-1049
-863
-689
-489
-288
-140
-46
12
13
-50
-134
-201
-221
-151
17
225
427
663
958
1238
1425
1529
1583
1551
1411
1234
1108
1032
990
1006
1108
1276
1481
1700
1860
1914
1914
1917
1865
1657
1334
1025
759
463
82
-356
-817
-1302
-1826
-2436
-3164
-4001
-4909
-5832
-6649
-7143
-7185
-6857
-6252
-5290
-3877
-2195
-544
1023
2622
4161
5314
5901
6067
6016
5742
5131
4216
3199
2273
1479
766
153
-255
-428
-480
-532
-548
-455
-327
-284
-292
-207
30
339
668
1054
1527
2061
2580
2988
3227
3288
3174
2821
2190
1362
478
-423
-1379
-2295
-2983
-3364
-3535
-3579
-3444
-3054
-2473
-1894
-1447
-1095
-750
-430
-257
-254
-317
-363
-410
-486
-521
-440
-260
-71
71
192
325
401
324
93
-179
-412
-643
-901
-1115
-1194
-1155
-1059
-913
-698
-454
-248
-94
27
118
163
157
110
53
33
80
174
278
419
644
925
1151
1273
1347
1429
1463
1385
1250
1156
1100
1021
933
929
1040
1190
1328
1482
1677
1866
1955
1902
1734
1514
1259
938
536
80
-410
-921
-1420
-1893
-2395
-3002
-3675
-4349
-5045
-5780
-6390
-6647
-6523
-6131
-5465
-4420
-3057
-1596
-153
1331
2863
4232
5149
5542
5625
5606
5410
4828
3892
2938
2174
1450
661
-7
-375
-537
-661
-734
-641
-376
-111
29
122
309
603
898
1145
1417
1790
2212
2571
2836
3011
3060
2942
2644
2125
1374
469
-471
-1362
-2184
-2927
-3502
-3818
-3927
-3910
-3688
-3163
-2469
-1852
-1394
-924
-355
97
242
178
65
-57
-148
-193
-239
-242
-150
-104
-206
-284
-186
-86
-209
-461
-606
-671
-813
-982
-1043
-1034
-1022
-919
-691
-448
-257
-65
140
305
411
497
533
476
407
430
505
558
638
784
930
1055
1208
1360
1428
1431
1454
1485
1458
1380
1292
1195
1105
1100
1201
1294
1325
1372
1478
1550
1514
1407
1266
1069
816
526
179
-272
-805
-1377
-1995
-2678
-3413
-4225
-5127
-5993
-6617
-6944
-7028
-6805
-6114
-4986
-3658
-2293
-833
787
2427
3825
4788
5322
5592
5697
5532
4972
4120
3246
2460
1687
914
283
-131
-391
-561
-618
-528
-348
-197
-131
-78
74
344
631
872
1136
1536
2049
2518
2837
3038
3173
3170
2903
2366
1671
899
36
-894
-1786
-2522
-3068
-3444
-3654
-3665
-3441
-2984
-2383
-1779
-1262
-825
-430
-126
30
36
-54
-206
-369
-466
-470
-442
-420
-365
-252
-130
-59
-66
-159
-312
-473
-613
-765
-950
-1111
-1167
-1116
-1006
-852
-637
-387
-160
34
208
341
395
394
390
404
418
425
443
499
612
765
925
1051
1145
1226
1291
1314
1282
1217
1154
1104
1070
1043
1026
1024
1058
1160
1319
1465
1559
1616
1643
1616
1510
1329
1079
759
391
-28
-540
-1154
-1813
-2469
-3146
-3899
-4736
-5560
-6224
-6617
-6710
-6506
-5944
-4976
-3722
-2400
-1065
394
1972
3411
4412
4956
5253
5422
5365
4925
4167
3319
2540
1785
983
246
-248
-508
-693
-837
-809
-581
-348
-262
-220
-25
306
600
798
1034
1419
1902
2325
2598
2766
2905
2979
2823
2366
1744
1099
374
-526
-1466
-2213
-2737
-3183
-3560
-3688
-3464
-2996
-2458
-1932
-1423
-926
-454
-82
120
177
175
126
-8
-174
-248
-234
-262
-345
-353
-246
-160
-186
-262
-336
-446
-613
-786
-940
-1068
-1130
-1092
-1002
-903
-759
-547
-328
-147
30
202
309
346
385
456
510
515
526
586
691
839
1023
1199
1319
1386
1423
1429
1381
1297
1214
1134
1063
1020
1033
1096
1182
1270
1358
1444
1537
1630
1677
1622
1446
1202
945
667
309
-144
-649
-1184
-1758
-2394
-3097
-3873
-4708
-5526
-6190
-6607
-6763
-6636
-6119
-5163
-3928
-2656
-1369
92
1727
3205
4214
4787
5165
5408
5331
4826
4050
3260
2509
1707
883
216
-197
-470
-705
-816
-694
-424
-225
-160
-77
173
521
793
959
1175
1563
2044
2443
2695
2881
3056
3122
2947
2513
1919
1227
423
-472
-1349
-2085
-2659
-3121
-3465
-3605
-3455
-3057
-2555
-2060
-1567
-1047
-566
-236
-63
30
84
48
-88
-233
-288
-264
-248
-260
-234
-139
-63
-109
-250
-370
-457
-611
-864
-1093
-1189
-1197
-1198
-1172
-1039
-810
-567
-358
-169
33
230
358
385
370
394
459
505
527
588
717
847
933
1011
1109
1205
1254
1261
1244
1194
1118
1031
962
945
989
1077
1175
1298
1458
1611
1707
1743
1730
1670
1551
1372
1125
809
475
156
-214
-702
-1256
-1797
-2357
-3012
-3766
-4567
-5351
-6001
-6388
-6492
-6319
-5771
-4775
-3505
-2218
-921
559
2149
3478
4307
4745
5016
5153
4994
4412
3532
2648
1907
1199
439
-199
-526
-646
-758
-836
-716
-445
-262
-222
-142
124
473
722
885
1136
1572
2069
2455
2693
2860
2989
2999
2783
2321
1676
930
118
-737
-1549
-2220
-2731
-3126
-3378
-3375
-3077
-2592
-2058
-1548
-1082
-648
-253
46
184
185
126
36
-95
-214
-240
-203
-188
-197
-156
-71
-35
-100
-228
-375
-535
-716
-910
-1092
-1222
-1262
-1207
-1081
-912
-713
-498
-284
-79
97
203
228
205
192
217
253
293
352
448
573
713
861
997
1092
1150
1194
1219
1186
1089
982
901
840
800
835
972
1158
1323
1474
1635
1781
1844
1807
1701
1559
1372
1105
762
402
84
-237
-647
-1149
-1667
-2172
-2746
-3424
-4178
-4927
-5568
-6014
-6200
-6104
-5657
-4804
-3642
-2394
-1155
209
1732
3146
4103
4576
4824
4990
4932
4443
3611
2737
1994
1303
573
-70
-452
-603
-690
-763
-711
-503
-289
-200
-144
41
361
655
848
1085
1494
2005
2422
2667
2823
2944
2943
2708
2260
1694
1027
202
-730
-1563
-2185
-2673
-3108
-3381
-3343
-3039
-2631
-2203
-1720
-1190
-703
-353
-171
-81
1
69
28
-123
-232
-188
-92
-76
-92
-44
20
-8
-117
-242
-391
-592
-811
-997
-1119
-1154
-1099
-986
-837
-622
-345
-101
34
108
194
261
250
180
117
82
77
111
195
317
471
659
850
1007
1135
1240
1290
1253
1140
1000
865
768
739
791
900
1042
1208
1394
1577
1721
1813
1832
1782
1676
1510
1248
912
604
386
176
-139
-572
-1063
-1575
-2136
-2781
-3549
-4434
-5309
-5979
-6361
-6489
-6339
-5753
-4670
-3298
-1928
-625
774
2300
3675
4540
4861
4920
4916
4719
4113
3198
2338
1697
1113
442
-132
-398
-476
-621
-817
-834
-655
-513
-524
-524
-316
84
517
902
1312
1839
2419
2878
3120
3226
3256
3121
2710
2044
1227
344
-545
-1381
-2102
-2639
-2926
-2972
-2896
-2763
-2489
-2034
-1548
-1182
-906
-642
-424
-324
-300
-258
-178
-102
-46
21
137
285
386
355
224
93
-29
-251
-600
-930
-1111
-1179
-1238
-1271
-1194
-1009
-789
-573
-354
-165
-40
23
37
5
-52
-97
-124
-132
-72
79
261
410
560
755
937
1031
1052
1048
1008
913
779
648
545
504
527
601
741
977
1271
1518
1681
1811
1923
1974
1950
1864
1713
1491
1219
927
627
359
162
-29
-341
-793
-1291
-1801
-2389
-3119
-3967
-4850
-5611
-6096
-6282
-6234
-5883
-5041
-3734
-2285
-959
315
1685
3029
4021
4480
4547
4475
4323
3936
3255
2497
1913
1481
1016
511
158
13
-126
-419
-726
-820
-738
-698
-738
-659
-307
219
744
1238
1778
2378
2900
3206
3283
3205
3004
2605
1966
1178
375
-408
-1170
-1822
-2267
-2520
-2646
-2655
-2542
-2359
-2136
-1863
-1573
-1331
-1135
-932
-731
-572
-414
-190
50
213
296
372
455
467
353
145
-87
-313
-544
-793
-1028
-1187
-1227
-1177
-1089
-951
-738
-482
-276
-147
-51
28
47
8
-24
-30
-43
-46
24
154
271
374
508
656
758
813
864
899
885
839
789
737
688
663
670
692
747
853
982
1094
1226
1420
1618
1737
1783
1810
1792
1671
1442
1175
925
690
440
170
-99
-375
-703
-1134
-1663
-2230
-2799
-3392
-4027
-4707
-5355
-5810
-5914
-5667
-5179
-4447
-3368
-1990
-613
540
1564
2621
3577
4117
4164
3988
3837
3670
3299
2732
2189
1813
1494
1061
562
181
-69
-358
-743
-1026
-1027
-832
-638
-454
-108
468
1133
1709
2154
2525
2846
3034
2977
2696
2322
1921
1435
831
165
-491
-1069
-1503
-1813
-2102
-2363
-2437
-2305
-2192
-2191
-2101
-1796
-1457
-1234
-1014
-685
-340
-86
117
287
387
421
411
329
191
91
12
-189
-498
-716
-774
-842
-997
-1089
-1025
-887
-771
-649
-499
-368
-279
-225
-200
-186
-164
-142
-155
-176
-136
-42
50
123
211
329
452
567
668
746
805
848
860
813
729
663
626
593
581
670
864
1055
1173
1295
1495
1701
1792
1770
1754
1775
1734
1548
1268
1006
796
570
289
20
-179
-402
-816
-1423
-2033
-2534
-3034
-3677
-4402
-5015
-5395
-5531
-5416
-5016
-4288
-3253
-2027
-793
299
1262
2166
2965
3481
3634
3563
3465
3379
3190
2836
2427
2100
1816
1418
874
336
-81
-438
-827
-1152
-1239
-1082
-823
-528
-121
454
1092
1643
2060
2378
2601
2666
2546
2311
2045
1742
1344
881
415
-73
-626
-1161
-1561
-1855
-2146
-2394
-2469
-2396
-2293
-2156
-1903
-1569
-1238
-910
-562
-258
-50
107
250
329
328
310
286
209
96
12
-93
-300
-537
-675
-740
-839
-939
-932
-837
-757
-678
-540
-385
-278
-202
-126
-96
-128
-152
-115
-60
-23
26
111
207
294
388
488
580
665
752
809
800
742
672
599
513
449
458
513
559
622
775
996
1170
1246
1295
1397
1532
1604
1575
1502
1451
1391
1237
977
712
516
339
109
-166
-465
-841
-1334
-1895
-2446
-2987
-3539
-4075
-4599
-5093
-5390
-5255
-4693
-3974
-3241
-2344
-1175
28
966
1620
2187
2758
3200
3363
3281
3181
3220
3272
3086
2671
2283
1998
1598
953
272
-196
-474
-711
-901
-914
-705
-361
9
367
722
1083
1428
1704
1868
1929
1937
1924
1864
1719
1497
1243
957
606
162
-384
-1023
-1658
-2120
-2355
-2498
-2644
-2673
-2453
-2080
-1762
-1554
-1360
-1120
-854
-599
-403
-278
-149
61
292
411
401
346
268
127
-64
-234
-372
-505
-607
-641
-633
-618
-571
-469
-386
-390
-432
-416
-354
-336
-380
-403
-343
-208
-36
145
315
457
580
695
776
804
791
772
749
712
669
646
654
685
712
696
636
596
636
727
800
840
893
977
1061
1115
1132
1117
1092
1067
1042
985
857
654
416
209
71
-28
-143
-295
-488
-741
-1071
-1454
-1841
-2213
-2581
-2952
-3319
-3666
-3908
-3913
-3605
-3075
-2499
-1989
-1521
-1013
-447
100
546
874
1138
1377
1614
1857
2093
2257
2297
2240
2171
2124
2044
1891
1690
1516
1408
1328
1241
1137
1030
927
819
704
603
527
453
357
263
220
223
227
215
222
259
292
298
271
198
81
-67
-210
-348
-503
-663
-771
-807
-811
-853
-944
-1041
-1119
-1186
-1253
-1301
-1327
-1367
-1425
-1432
-1341
-1214
-1129
-1063
-930
-740
-574
-457
-334
-199
-92
2
127
260
329
332
324
316
271
196
138
114
86
46
32
62
95
103
111
144
185
200
209
241
294
340
385
457
547
623
692
765
823
849
872
937
1002
1000
930
861
826
796
736
654
566
469
368
292
263
257
224
155
96
95
134
157
150
162
204
232
212
173
132
50
-115
-342
-576
-803
-1079
-1449
-1843
-2113
-2195
-2190
-2229
-2317
-2344
-2270
-2138
-1968
-1746
-1500
-1322
-1217
-1067
-795
-466
-214
-66
92
351
676
973
1206
1408
1594
1740
1852
1937
1980
1934
1793
1630
1519
1460
1391
1282
1164
1082
1046
1027
1000
965
924
854
762
690
660
630
537
399
290
226
148
41
-6
55
127
90
-28
-134
-213
-326
-456
-539
-597
-715
-869
-941
-916
-903
-959
-1006
-988
-960
-967
-970
-927
-888
-894
-913
-898
-860
-860
-889
-882
-821
-747
-686
-613
-517
-439
-390
-329
-245
-195
-210
-247
-260
-265
-282
-284
-247
-208
-189
-134
-11
112
171
226
342
477
566
630
720
807
850
893
984
1073
1098
1089
1111
1146
1150
1140
1157
1192
1205
1195
1182
1149
1079
998
946
906
842
758
684
613
498
326
114
-121
-380
-646
-904
-1185
-1530
-1876
-2077
-2093
-2047
-2069
-2125
-2121
-2042
-1928
-1771
-1556
-1353
-1230
-1144
-990
-736
-465
-264
-125
31
243
481
683
842
995
1145
1254
1307
1330
1335
1295
1205
1115
1061
1035
997
930
858
808
792
797
795
770
722
650
579
527
498
459
379
268
167
104
84
85
87
78
53
23
-19
-80
-162
-253
-337
-414
-485
-539
-574
-615
-667
-705
-710
-718
-759
-807
-830
-832
-833
-819
-773
-715
-670
-628
-561
-477
-412
-360
-289
-213
-165
-156
-150
-142
-158
-201
-248
-282
-317
-353
-368
-348
-308
-267
-215
-146
-63
23
109
194
273
344
417
495
579
661
729
788
843
897
929
926
899
875
867
864
857
854
838
799
744
697
668
627
558
479
424
403
391
370
336
293
259
243
237
193
89
-49
-190
-336
-500
-677
-854
-1066
-1353
-1656
-1851
-1897
-1896
-1949
-2023
-2014
-1907
-1781
-1666
-1517
-1331
-1180
-1088
-959
-721
-445
-245
-101
80
325
572
772
958
1150
1319
1439
1515
1567
1585
1544
1451
1349
1266
1198
1125
1039
956
898
858
815
756
696
654
615
564
514
494
481
441
377
339
350
361
335
295
280
270
220
135
55
-15
-115
-257
-400
-513
-628
-764
-889
-958
-985
-1011
-1043
-1041
-1000
-958
-928
-881
-803
-731
-696
-669
-614
-543
-488
-458
-438
-427
-441
-469
-485
-484
-491
-511
-524
-515
-492
-461
-408
-336
-264
-205
-138
-56
21
83
153
242
322
367
404
458
528
593
650
699
731
744
765
814
862
878
855
824
807
798
784
763
734
698
671
667
694
719
722
694
648
608
569
528
474
409
347
301
261
194
77
-92
-280
-462
-634
-803
-987
-1210
-1482
-1763
-1966
-2030
-2001
-1968
-1975
-1976
-1916
-1790
-1619
-1424
-1216
-1031
-891
-742
-520
-239
20
206
358
527
716
886
1008
1096
1161
1204
1222
1226
1221
1194
1142
1084
1053
1056
1061
1032
978
937
928
930
922
900
866
815
751
692
653
613
534
417
304
234
200
169
124
76
22
-43
-113
-176
-237
-320
-428
-531
-602
-647
-687
-724
-748
-748
-733
-706
-688
-687
-707
-734
-747
-746
-744
-750
-759
-757
-744
-726
-702
-679
-648
-607
-553
-492
-429
-372
-330
-299
-263
-213
-172
-157
-163
-167
-149
-113
-67
-21
27
85
146
211
272
321
351
372
397
437
488
536
574
599
627
677
744
803
832
826
802
792
817
868
916
937
924
884
836
802
786
764
698
588
466
366
286
207
129
54
-25
-110
-193
-278
-376
-497
-614
-708
-798
-907
-1045
-1203
-1393
-1594
-1748
-1787
-1742
-1689
-1656
-1594
-1480
-1341
-1201
-1042
-859
-706
-612
-531
-399
-232
-95
9
131
284
438
572
708
854
988
1093
1180
1262
1322
1337
1315
1277
1246
1217
1178
1130
1086
1040
983
921
875
841
793
730
672
624
573
522
482
447
390
310
243
218
223
219
180
118
39
-53
-153
-240
-318
-425
-563
-699
-796
-876
-955
-1020
-1054
-1069
-1077
-1066
-1044
-1015
-988
-944
-880
-812
-753
-715
-680
-638
-584
-523
-471
-428
-397
-373
-342
-303
-265
-257
-261
-259
-243
-225
-213
-195
-183
-163
-124
-58
11
63
113
169
248
331
422
498
546
584
621
678
735
783
822
858
892
910
914
900
876
847
823
808
785
737
666
599
550
525
514
490
442
373
312
267
234
200
151
88
19
-26
-47
-74
-131
-214
-314
-425
-526
-618
-724
-843
-947
-1037
-1128
-1216
-1301
-1383
-1441
-1430
-1357
-1263
-1186
-1122
-1058
-973
-866
-747
-628
-527
-438
-341
-204
-38
115
224
303
378
463
557
658
760
841
906
962
1019
1061
1073
1057
1032
1028
1037
1048
1047
1033
1008
985
969
959
929
853
741
617
503
419
368
332
294
249
206
178
157
122
71
5
-64
-118
-162
-208
-268
-346
-424
-489
-545
-599
-659
-718
-760
-773
-764
-754
-765
-800
-838
-864
-875
-877
-879
-878
-861
-819
-761
-698
-654
-636
-624
-598
-546
-481
-423
-376
-331
-288
-238
-191
-157
-135
-107
-60
9
75
127
157
178
201
225
245
257
270
308
377
468
560
639
705
769
841
913
966
990
993
989
990
987
964
909
830
753
693
647
600
539
460
379
304
234
158
75
-4
-61
-97
-120
-140
-157
-161
-151
-144
-156
-204
-284
-377
-465
-545
-626
-722
-827
-923
-994
-1046
-1096
-1146
-1184
-1189
-1160
-1106
-1046
-993
-949
-897
-817
-706
-591
-482
-372
-241
-93
66
216
345
449
535
618
705
784
835
855
865
881
906
922
910
881
846
816
802
801
790
747
677
614
591
599
603
586
550
522
512
516
516
492
434
365
324
318
316
268
165
45
-59
-137
-215
-302
-389
-462
-514
-548
-568
-605
-665
-733
-776
-788
-798
-818
-831
-814
-778
-740
-712
-699
-694
-680
-641
-590
-553
-547
-558
-560
-546
-524
-516
-527
-540
-533
-504
-455
-402
-356
-321
-286
-229
-149
-81
-41
-11
37
105
190
290
388
468
542
628
726
806
860
892
903
908
924
938
928
887
847
826
814
804
797
776
727
674
651
651
634
573
489
415
350
287
228
167
96
23
-24
-45
-69
-112
-164
-216
-272
-328
-387
-467
-581
-690
-768
-823
-880
-926
-949
-977
-1015
-1034
-1010
-984
-981
-970
-917
-847
-790
-738
-674
-602
-534
-455
-357
-262
-191
-124
-31
77
177
253
314
370
433
514
610
698
766
824
878
922
942
916
835
724
641
628
662
698
707
690
647
594
567
565
559
535
532
566
594
571
494
383
263
167
116
91
59
27
12
12
2
-50
-143
-262
-369
-437
-472
-505
-559
-619
-674
-723
-780
-844
-896
-927
-922
-886
-844
-818
-811
-805
-782
-749
-723
-716
-718
-706
-673
-618
-552
-483
-433
-405
-374
-333
-294
-256
-212
-149
-75
5
83
153
206
257
321
391
457
521
586
642
683
722
761
785
780
766
769
791
810
814
774
687
586
522
500
486
469
468
497
520
501
429
313
192
124
131
163
163
140
147
196
255
278
234
126
0
-71
-68
-42
-33
-50
-82
-140
-221
-318
-432
-569
-699
-806
-893
-973
-1040
-1071
-1068
-1055
-1044
-1041
-1039
-1013
-935
-818
-705
-620
-552
-478
-390
-293
-194
-104
-23
57
149
233
297
347
399
449
484
508
520
526
544
592
667
750
833
916
982
1013
1031
1049
1060
1054
1045
1037
1016
976
934
881
792
677
569
483
397
302
213
118
8
-101
-191
-284
-396
-501
-572
-626
-682
-740
-802
-876
-942
-979
-988
-987
-991
-990
-979
-972
-971
-961
-936
-903
-863
-812
-762
-723
-690
-657
-621
-593
-573
-545
-502
-449
-386
-316
-254
-204
-161
-100
-22
59
139
223
310
393
462
508
534
561
603
662
723
774
816
855
885
890
862
814
780
777
799
824
839
838
827
811
779
717
637
556
478
406
350
325
325
321
288
218
123
28
-54
-116
-153
-158
-135
-106
-109
-152
-222
-300
-374
-444
-497
-512
-490
-448
-413
-410
-435
-481
-542
-618
-687
-726
-722
-677
-619
-571
-540
-520
-512
-535
-585
-646
-684
-679
-649
-610
-571
-527
-475
-430
-396
-370
-331
-258
-162
-64
24
101
179
263
340
402
455
520
614
716
792
829
846
864
888
908
911
913
929
964
987
968
914
851
805
768
725
667
599
544
507
468
395
292
189
110
49
-12
-84
-163
-236
-292
-353
-436
-534
-618
-669
-701
-737
-783
-830
-861
-874
-881
-899
-929
-946
-930
-901
-867
-832
-796
-757
-716
-685
-664
-642
-604
-546
-480
-411
-339
-264
-191
-133
-94
-67
-35
20
89
156
212
264
327
381
420
440
458
493
541
587
614
634
662
712
762
788
795
794
795
790
772
741
705
690
708
728
720
681
625
558
489
416
339
275
241
232
210
148
60
-33
-119
-189
-244
-287
-318
-320
-306
-300
-311
-336
-373
-420
-478
-523
-543
-542
-512
-474
-447
-425
-420
-428
-452
-488
-499
-489
-467
-444
-440
-433
-408
-374
-335
-313
-295
-268
-239
-228
-231
-236
-211
-158
-92
-39
-2
23
39
45
39
31
38
74
124
173
210
235
252
262
266
260
260
272
299
338
369
388
400
400
400
386
360
342
331
332
339
332
317
297
282
266
233
187
145
115
94
69
39
13
-6
-16
-35
-62
-95
-125
-142
-165
-190
-214
-228
-231
-235
-244
-254
-264
-266
-267
-279
-289
-291
-280
-264
-259
-249
-230
-208
-190
-186
-188
-186
-174
-151
-125
-94
-56
-13
19
37
42
42
45
49
52
53
63
79
101
116
116
110
106
110
112
107
103
109
122
128
124
121
123
127
123
103
80
67
69
81
91
99
109
112
109
96
76
56
35
16
5
2
8
16
29
40
38
21
-6
-33
-51
-54
-48
-36
-21
-1
15
18
-2
-22
-42
-59
-72
-78
-74
-63
-45
-29
-27
-38
-47
-53
-66
-78
-75
-61
-47
-36
-29
-27
-35
-42
-42
-40
-41
-34
-14
11
27
33
33
29
24
20
11
-10
-18
-11
1
4
0
-7
-13
-24
-36
-40
-42
-40
-30
-13
-1
-8
-18
-25
-29
-35
-43
-40
-35
-25
-19
-9
-3
-7
-14
-15
-4
11
19
25
39
59
71
68
57
52
50
40
23
16
25
41
47
53
66
77
76
67
58
51
43
36
33
35
43
47
41
31
26
20
4
-14
-22
-19
-22
-25
-19
-10
-2
1
3
2
-6
-21
-36
-49
-58
-64
-65
-58
-45
-30
-20
-18
-19
-21
-28
-39
-51
-51
-44
-40
-39
-35
-25
-28
-34
-39
-38
-44
-53
-49
-42
-37
-30
-18
-6
-2
-4
-1
3
0
-3
1
10
14
19
30
41
43
40
42
45
41
35
38
47
48
50
56
62
63
60
62
62
53
44
41
45
46
49
53
55
49
39
34
27
15
6
3
2
1
1
2
0
-8
-19
-29
-37
-42
-43
-40
-35
-34
-36
-43
-52
-60
-66
-68
-67
-62
-52
-45
-37
-35
-41
-47
-54
-55
-54
-51
-43
-31
-22
-17
-11
-6
-9
-15
-16
-14
-16
-18
-15
-4
-2
-4
6
15
18
16
20
27
24
22
30
38
39
43
54
59
57
51
47
39
26
17
15
18
22
35
48
53
49
43
29
10
-9
-18
-21
-20
-12
-1
11
17
18
15
8
-2
-12
-19
-24
-26
-22
-14
-10
-6
-4
0
0
-8
-14
-22
-30
-36
-37
-33
-32
-27
-18
-10
-11
-14
-15
-20
-28
-32
-33
-31
-27
-19
-9
-8
-13
-15
-16
-21
-25
-23
-15
-2
13
28
41
48
49
48
40
25
11
4
-2
-10
-11
-2
8
15
26
37
41
39
39
38
30
19
15
17
15
13
17
21
24
26
28
28
23
18
13
5
-8
-21
-25
-27
-23
-18
-10
1
7
8
3
-6
-15
-23
-25
-24
-15
-1
10
18
20
18
10
1
-10
-16
-21
-24
-28
-29
-31
-33
-29
-20
-11
-1
5
9
12
3
-8
-19
-27
-29
-24
-11
3
14
21
18
9
-6
-23
-39
-47
-45
-35
-21
-3
17
32
37
40
36
25
11
-4
-16
-28
-37
-39
-31
-18
-5
10
22
27
23
14
4
-4
-11
-6
5
20
31
40
40
28
16
1
-14
-24
-28
-20
-7
6
15
23
28
26
17
10
0
-9
-10
-10
-7
-7
-5
0
3
1
2
7
9
10
13
14
13
9
11
