-14
-16
-16
-15
-19
-25
-24
-22
-22
-23
-23
-20
-19
-19
-18
-19
-18
-17
-15
-14
-10
-7
-5
-2
0
1
-1
1
3
7
10
10
10
11
12
13
13
14
19
21
21
19
19
20
19
18
18
16
16
15
16
17
16
17
17
17
13
10
8
4
-1
-6
-8
-11
-14
-18
-20
-24
-28
-26
-21
-17
-13
-11
-10
-9
-6
-6
-7
-8
-10
-14
-14
-12
-12
-11
-14
-17
-18
-15
-11
-8
-7
-8
-8
-8
-6
-4
-2
-1
2
4
8
11
13
13
16
18
16
19
19
20
18
17
20
21
21
18
13
12
9
7
5
4
4
3
2
3
2
0
0
1
2
2
1
-2
-5
-5
-4
-5
-7
-9
-10
-10
-13
-10
-8
-6
-6
-5
-4
-5
-7
-6
-4
-5
-8
-11
-11
-11
-13
-12
-11
-9
-11
-10
-7
-8
-6
-7
-8
-6
-3
0
3
5
6
8
10
12
15
17
20
19
20
22
22
19
15
16
14
11
9
7
7
8
3
-4
-7
-7
-11
-11
-10
-9
-6
-4
-2
0
3
3
1
0
-1
-5
-7
-11
-10
-11
-13
-14
-13
-12
-13
-14
-10
-9
-7
-8
-10
-9
-8
-7
-9
-10
-8
-7
-4
-2
-2
-2
1
2
2
7
8
8
8
6
9
8
8
7
6
10
12
15
17
17
19
19
22
22
22
22
23
23
21
19
17
14
16
15
10
8
5
1
-3
-6
-8
-11
-14
-15
-14
-15
-13
-12
-10
-11
-13
-15
-16
-18
-21
-25
-27
-28
-30
-29
-29
-27
-26
-24
-25
-23
-19
-18
-17
-14
-11
-6
-3
-1
1
3
6
11
16
16
18
19
24
23
24
24
21
20
18
17
17
15
15
13
12
10
12
14
14
14
15
17
17
14
12
11
8
6
5
4
4
1
-1
-4
-6
-7
-7
-5
-8
-9
-9
-9
-11
-10
-9
-9
-10
-14
-15
-15
-17
-19
-20
-20
-19
-21
-18
-13
-11
-13
-13
-10
-6
-6
-8
-8
-8
-7
-8
-7
-4
-1
2
3
6
11
11
10
11
14
17
19
16
18
16
14
14
15
19
17
17
17
18
19
19
14
13
12
15
14
13
11
8
6
6
9
10
7
6
6
6
5
1
-4
-8
-11
-12
-13
-17
-20
-21
-24
-28
-28
-28
-26
-24
-25
-25
-25
-25
-26
-24
-21
-19
-18
-17
-11
-9
-10
-12
-12
-10
-7
-5
-5
-2
0
5
9
13
15
10
11
12
15
15
15
15
19
23
26
28
27
28
29
29
28
28
29
24
21
18
19
21
21
17
14
14
15
16
14
12
7
4
0
-4
-8
-11
-17
-19
-20
-20
-22
-26
-27
-29
-27
-27
-29
-28
-25
-22
-20
-18
-18
-17
-17
-13
-13
-17
-17
-18
-14
-13
-12
-12
-9
-4
0
1
-2
-1
0
1
3
5
6
6
6
8
11
14
13
16
18
20
23
25
25
23
22
18
18
20
20
19
19
19
21
23
22
18
17
16
15
14
10
4
0
-3
-5
-8
-10
-11
-11
-13
-15
-18
-19
-19
-18
-19
-19
-20
-18
-19
-22
-22
-21
-21
-19
-18
-17
-16
-16
-12
-9
-5
-7
-7
-6
-3
-1
2
4
4
4
5
7
10
9
9
9
10
13
12
11
12
13
12
10
11
13
14
11
9
11
14
15
12
10
11
12
9
8
9
8
4
0
-2
-2
-2
-5
-7
-8
-10
-11
-15
-15
-16
-15
-14
-13
-13
-13
-12
-11
-12
-11
-8
-9
-11
-12
-11
-8
-4
-5
-5
-3
-1
1
3
4
3
4
7
8
7
8
7
7
8
7
9
5
5
6
6
7
9
10
10
9
7
10
10
11
12
13
14
14
12
9
8
6
5
4
4
3
0
2
3
3
0
-3
-3
-5
-9
-10
-10
-14
-18
-19
-18
-13
-15
-19
-21
-23
-24
-28
-32
-28
-27
-30
-39
-52
-54
-55
-60
-56
-54
-55
-54
-50
-41
-39
-45
-36
-13
3
2
8
24
33
32
34
41
53
57
53
51
59
65
66
73
86
101
114
122
141
152
133
120
126
131
124
110
107
109
86
50
23
20
20
18
18
-1
-31
-54
-70
-92
-115
-118
-121
-146
-161
-136
-135
-261
-397
-302
-100
-93
-248
-260
-87
14
-73
-155
-55
95
121
64
56
127
181
153
96
108
172
181
126
84
95
117
92
55
67
93
84
58
41
38
32
21
16
12
7
2
-8
-17
-23
-28
-36
-37
-35
-36
-36
-28
-26
-34
-31
-14
-4
-3
-5
-15
-13
7
16
-7
-17
5
11
-17
-36
-20
-16
-32
-36
-29
-39
-58
-56
-45
-50
-57
-56
-48
-36
-33
-42
-43
-23
-13
-25
-19
-2
-8
-30
-20
4
-2
-16
-7
-3
-20
-30
-15
-12
-33
-39
-8
11
-1
-23
-28
-12
3
-3
-16
10
50
40
2
-2
31
48
38
31
41
67
80
69
51
40
46
65
82
85
80
68
61
69
84
83
69
64
76
110
129
99
60
82
120
119
99
97
116
131
117
92
86
112
121
93
82
102
117
105
63
51
84
86
40
43
93
57
-4
25
36
-42
-40
24
-17
-85
-57
-52
-101
-123
-150
-165
-107
-126
-249
-237
-130
-209
-338
-263
-174
-238
-266
-206
-250
-334
-255
-116
-194
-387
-317
-11
-5
-359
-451
-91
70
-234
-390
-91
92
-157
-321
-85
61
-117
-181
17
95
-40
-100
7
112
89
-26
-54
92
222
149
-27
-45
133
220
76
-24
111
220
107
14
79
144
122
62
26
83
159
115
-3
-11
82
114
47
-10
21
87
85
17
-17
7
23
-13
-47
-46
-34
-40
-51
-61
-75
-65
-50
-47
-6
77
114
131
208
308
362
392
471
609
731
772
793
843
881
892
894
864
816
793
803
778
554
269
303
443
216
-80
-103
-106
-83
-146
-615
-771
-241
-266
-955
-875
-327
-518
-1013
-948
-636
-718
-961
-857
-719
-977
-996
-627
-723
-1116
-1032
-673
-551
-723
-1074
-893
-216
-330
-1208
-951
117
-24
-866
-710
-19
108
-90
-298
-215
129
347
248
209
265
408
628
578
403
536
825
680
496
635
921
934
633
363
604
1045
857
318
384
999
1043
421
224
690
858
401
171
435
597
362
120
99
151
69
-142
-234
-162
-159
-384
-536
-455
-392
-478
-619
-702
-614
-490
-538
-622
-541
-436
-405
-384
-293
-171
-125
-93
13
178
318
407
452
470
558
662
735
785
818
830
835
810
745
716
589
452
420
428
326
167
107
-60
-366
-475
-355
-378
-546
-834
-1008
-554
-377
-1081
-1503
-903
-386
-704
-1240
-1093
-419
-368
-832
-933
-500
-190
-386
-576
-381
-22
19
-165
-324
-70
349
312
-50
-264
150
679
615
-16
-364
334
1054
516
-512
-166
818
892
61
-572
-62
1014
1045
-427
-929
581
1382
167
-910
-220
1026
1038
-277
-570
548
992
88
-561
112
854
623
-83
-6
532
608
174
69
514
527
261
155
435
574
273
81
280
449
203
97
-17
21
249
294
16
-331
-210
11
-40
-385
-511
-369
-250
-349
-716
-838
-668
-555
-909
-1248
-1073
-872
-1076
-1469
-1416
-1149
-1008
-1077
-1228
-1216
-997
-779
-752
-666
-520
-272
-7
79
110
294
617
776
817
907
1148
1485
1652
1504
1354
1585
1907
1938
1681
1497
1631
1769
1645
1306
1018
989
1092
955
529
107
105
208
-246
-651
-520
-430
-642
-858
-1081
-1193
-914
-777
-1136
-1430
-1103
-542
-513
-967
-1333
-848
-13
-98
-962
-965
6
429
-162
-780
-342
317
249
-272
-337
75
178
207
-97
-356
-17
508
74
-515
-147
25
-78
-120
-102
-174
-406
-539
-284
137
-289
-470
-228
-272
-237
-42
-161
-361
79
205
-444
-469
474
702
-75
-499
-233
717
1107
213
-268
482
1073
773
403
383
877
1416
992
287
421
1124
1433
1000
343
300
940
1106
605
157
158
416
409
330
-40
-360
-268
-97
-318
-820
-816
-489
-429
-1084
-1602
-1147
-692
-939
-1596
-1710
-1366
-1151
-1333
-1499
-1306
-1264
-1335
-1240
-982
-782
-669
-544
-461
-288
25
406
618
665
842
1163
1443
1635
1814
1907
1898
1938
2115
2224
2186
2064
1933
1769
1590
1513
1380
1071
711
457
286
55
-248
-529
-630
-753
-1188
-1570
-1481
-1259
-1407
-1688
-1774
-1776
-1661
-1425
-1374
-1302
-1033
-1004
-1110
-827
-457
-240
13
5
-237
-82
744
1058
337
58
672
962
659
561
802
946
484
18
424
726
426
110
40
-32
-58
-98
-233
-270
-440
-701
-845
-614
-236
-240
-419
-823
-1129
-413
380
-147
-699
-207
-69
-64
548
356
-298
-4
607
513
572
769
425
336
630
1071
967
598
719
977
695
411
823
853
635
517
415
529
823
722
-37
-195
112
170
26
-92
-207
-534
-791
-977
-729
-456
-899
-1586
-1760
-1451
-1309
-1471
-1965
-2342
-2099
-1694
-1627
-1770
-1811
-1678
-1481
-1454
-1386
-906
-301
-150
-257
-90
566
1332
1590
1392
1464
2063
2616
2953
3073
3048
3115
3196
3193
3208
3285
3203
2920
2513
2204
2142
2050
1655
992
350
-4
-73
-168
-610
-1215
-1787
-2238
-2449
-2433
-2379
-2543
-2840
-3011
-2981
-2866
-2636
-2410
-2390
-2384
-2117
-1641
-1213
-927
-788
-643
-434
-133
286
741
988
877
801
1080
1467
1476
1271
1228
1288
1169
962
893
755
460
159
-13
5
114
-83
-450
-667
-934
-1077
-863
-643
-849
-1033
-1000
-926
-628
-206
-279
-691
-442
103
282
364
493
479
481
630
920
1335
1438
1212
1162
1276
1073
940
1419
1822
1215
523
908
1517
1309
665
382
507
880
1125
877
318
135
331
169
-155
-223
-32
-24
-511
-1069
-1083
-829
-933
-1309
-1786
-2076
-2066
-2079
-2378
-2904
-3365
-3519
-3207
-2780
-2740
-2949
-2910
-2602
-2442
-2393
-2117
-1475
-767
-366
-22
590
1288
1723
1982
2256
2670
3287
3878
4276
4515
4693
4724
4652
4622
4543
4369
4124
3888
3685
3468
3087
2502
1893
1251
605
116
-238
-689
-1346
-2009
-2533
-2946
-3352
-3850
-4351
-4593
-4451
-4242
-4246
-4330
-4231
-3890
-3513
-3117
-2661
-2189
-1727
-1256
-727
-263
115
509
909
1265
1601
2011
2353
2487
2519
2601
2650
2566
2502
2485
2364
2041
1661
1393
1136
793
380
11
-278
-564
-892
-1231
-1528
-1712
-1797
-1943
-2064
-2037
-1939
-1734
-1480
-1357
-1274
-1038
-732
-455
-183
174
576
794
855
1021
1272
1449
1592
1676
1641
1623
1760
1928
1880
1626
1324
1051
885
908
979
919
775
596
354
142
88
146
139
-9
-174
-193
-49
-2
-314
-864
-1337
-1599
-1741
-1961
-2378
-2896
-3427
-3950
-4263
-4190
-3926
-3812
-3926
-4037
-3892
-3474
-2957
-2456
-1991
-1525
-932
-119
794
1650
2347
2854
3349
3990
4730
5407
5941
6317
6532
6567
6471
6398
6351
6116
5597
5014
4543
4068
3461
2717
1864
953
57
-746
-1425
-2025
-2620
-3246
-3890
-4459
-4874
-5211
-5567
-5866
-5917
-5710
-5526
-5516
-5411
-4954
-4336
-3866
-3461
-2842
-2071
-1386
-715
52
690
1059
1421
1918
2334
2596
2902
3218
3277
3120
3045
3045
2900
2628
2398
2173
1848
1511
1265
979
545
119
-179
-459
-773
-1014
-1180
-1359
-1544
-1659
-1674
-1623
-1561
-1481
-1359
-1212
-990
-656
-342
-175
-41
220
530
742
933
1164
1290
1284
1318
1431
1472
1411
1355
1300
1202
1140
1170
1093
765
415
377
564
689
685
569
296
-61
-277
-258
-132
-36
-7
-49
-107
-117
-154
-257
-399
-646
-1032
-1392
-1545
-1627
-2026
-2979
-4174
-4961
-5046
-4772
-4560
-4485
-4431
-4376
-4373
-4324
-4024
-3391
-2551
-1670
-790
156
1197
2219
3083
3704
4168
4709
5498
6461
7312
7819
7997
7981
7808
7451
7000
6612
6273
5844
5233
4472
3663
2807
1788
589
-579
-1545
-2315
-2971
-3573
-4173
-4771
-5325
-5819
-6218
-6447
-6481
-6406
-6218
-5861
-5406
-4943
-4444
-3805
-3106
-2515
-2018
-1382
-542
266
887
1410
1893
2237
2446
2627
2796
2861
2865
2851
2710
2413
2062
1762
1434
1034
642
318
43
-208
-393
-594
-857
-1095
-1247
-1342
-1390
-1357
-1228
-1072
-1043
-1061
-920
-624
-369
-197
-17
185
381
578
803
995
1102
1167
1219
1252
1298
1415
1537
1539
1392
1202
1059
980
925
875
824
730
619
550
530
469
372
328
371
439
433
364
358
462
524
427
277
223
290
346
282
152
88
6
-301
-858
-1464
-1933
-2343
-2980
-4004
-5155
-5983
-6323
-6374
-6340
-6207
-5952
-5720
-5576
-5354
-4839
-3986
-2961
-1862
-684
569
1867
3142
4330
5301
6054
6762
7523
8280
8943
9438
9694
9644
9301
8690
7898
7103
6355
5556
4633
3612
2533
1371
135
-1103
-2272
-3332
-4272
-5063
-5668
-6083
-6347
-6523
-6627
-6629
-6504
-6260
-5928
-5497
-4921
-4143
-3219
-2376
-1726
-1070
-206
664
1233
1580
1970
2393
2688
2887
3043
3015
2769
2465
2141
1684
1159
773
497
98
-411
-794
-1038
-1304
-1608
-1818
-1889
-1881
-1804
-1637
-1455
-1312
-1155
-939
-718
-541
-341
-31
334
610
770
916
1069
1179
1255
1346
1415
1402
1349
1302
1231
1124
1041
976
828
593
402
300
180
33
-29
-21
-37
-27
109
305
424
486
570
676
822
1006
1106
1064
1068
1241
1355
1212
992
927
929
876
850
847
705
410
82
-362
-1038
-1722
-2105
-2383
-3010
-4027
-5100
-6065
-6897
-7413
-7428
-7075
-6607
-6129
-5664
-5239
-4737
-3962
-2926
-1796
-581
826
2371
3854
5200
6426
7440
8154
8659
9086
9427
9639
9767
9760
9423
8676
7671
6566
5362
4096
2879
1729
560
-630
-1767
-2861
-3912
-4840
-5607
-6288
-6867
-7173
-7130
-6848
-6443
-5927
-5321
-4694
-4045
-3323
-2559
-1892
-1435
-1053
-414
662
1859
2675
3008
3092
3030
2750
2402
2235
2199
2070
1797
1442
955
363
-149
-588
-1146
-1779
-2170
-2231
-2194
-2155
-2009
-1790
-1663
-1624
-1500
-1210
-821
-398
22
404
726
996
1230
1389
1432
1396
1362
1353
1320
1256
1202
1144
1005
768
485
218
10
-104
-142
-161
-206
-259
-302
-327
-313
-217
-43
136
290
479
756
1040
1262
1478
1732
1935
2000
1984
1916
1747
1528
1430
1459
1436
1274
1058
824
531
213
-54
-337
-808
-1496
-2264
-2972
-3610
-4359
-5521
-7094
-8500
-9073
-8817
-8291
-7763
-7030
-6075
-5275
-4786
-4207
-3106
-1550
82
1571
3027
4650
6404
7986
9128
9859
10357
10658
10666
10448
10212
10018
9668
8957
7865
6476
4928
3370
1892
446
-1014
-2381
-3537
-4538
-5492
-6319
-6849
-7131
-7354
-7533
-7482
-7077
-6369
-5468
-4479
-3492
-2536
-1608
-746
49
873
1718
2358
2701
3019
3463
3757
3656
3325
2947
2410
1679
988
439
-141
-793
-1345
-1818
-2370
-2907
-3199
-3293
-3390
-3443
-3282
-2944
-2604
-2229
-1689
-1057
-484
31
555
1035
1407
1757
2138
2387
2413
2355
2310
2194
1924
1599
1329
1048
670
296
11
-255
-525
-733
-898
-1066
-1180
-1164
-1054
-927
-751
-457
-141
81
295
647
1122
1571
1926
2244
2533
2748
2890
3033
3147
3079
2832
2553
2212
1775
1394
1132
925
671
310
-48
-336
-657
-1026
-1473
-2124
-2907
-3658
-4351
-5222
-6654
-8440
-9721
-10038
-9698
-9084
-8289
-7249
-5991
-4783
-3853
-3012
-1771
-56
1575
2813
4102
5800
7604
9026
9986
10730
11292
11411
11009
10315
9634
9036
8235
7073
5773
4422
2955
1501
104
-1351
-2781
-4039
-5140
-6064
-6698
-6987
-6991
-6815
-6531
-6190
-5727
-5009
-4042
-3002
-1998
-961
112
1072
1854
2527
3069
3430
3636
3707
3605
3325
2956
2520
1891
1049
138
-733
-1552
-2283
-2872
-3343
-3759
-4090
-4276
-4321
-4231
-3998
-3660
-3259
-2771
-2187
-1538
-847
-142
556
1235
1861
2377
2736
2957
3082
3108
3010
2793
2484
2109
1706
1269
769
229
-283
-712
-1071
-1386
-1633
-1783
-1823
-1759
-1627
-1442
-1145
-687
-156
308
762
1308
1858
2279
2612
2927
3195
3400
3577
3698
3712
3677
3662
3535
3107
2459
1837
1317
806
302
-99
-395
-691
-1034
-1355
-1625
-1922
-2366
-3042
-3884
-4771
-5820
-7377
-9329
-10768
-10912
-10160
-9458
-8827
-7511
-5519
-3823
-2870
-1909
-271
1575
2840
3651
4823
6630
8479
9740
10468
11062
11524
11401
10514
9310
8281
7322
6009
4325
2685
1330
102
-1148
-2338
-3382
-4310
-5113
-5711
-6079
-6199
-5966
-5350
-4552
-3782
-2964
-1910
-701
376
1219
1968
2705
3304
3621
3697
3690
3648
3412
2828
2012
1172
303
-715
-1828
-2837
-3715
-4603
-5485
-6097
-6223
-5946
-5487
-4969
-4361
-3621
-2802
-1962
-1075
-123
802
1580
2200
2749
3286
3779
4122
4212
4063
3779
3420
2952
2393
1840
1298
690
4
-648
-1194
-1628
-1960
-2205
-2396
-2505
-2442
-2217
-1933
-1605
-1155
-590
-44
453
983
1561
2115
2566
2911
3141
3284
3367
3361
3236
3039
2878
2743
2517
2123
1630
1188
790
319
-261
-792
-1125
-1370
-1647
-1896
-1951
-1876
-1813
-1740
-1683
-1794
-2211
-2758
-3420
-4737
-6939
-9091
-9801
-9097
-8322
-7990
-7088
-4890
-2500
-1189
-447
984
3004
4241
4335
4472
5602
7164
7973
7992
8079
8558
8699
7786
6312
5114
4167
2762
781
-944
-1870
-2302
-2754
-3152
-3153
-2824
-2388
-1961
-1464
-898
-329
280
870
1370
1836
2498
3335
3947
4127
4031
3933
3763
3239
2378
1438
632
-245
-1487
-2900
-3946
-4458
-4970
-5781
-6448
-6521
-6255
-6108
-5908
-5415
-4752
-4010
-3028
-1776
-585
506
1620
2536
2956
3121
3436
3575
3148
2495
2077
1763
1185
517
74
-265
-742
-1257
-1583
-1778
-1922
-1977
-1943
-1863
-1734
-1401
-909
-516
-247
137
698
1144
1394
1662
2030
2301
2354
2362
2439
2481
2456
2427
2398
2277
2111
1995
1861
1599
1343
1304
1315
1093
811
755
785
595
273
121
148
156
99
94
149
195
184
67
-211
-674
-1381
-2321
-3605
-5539
-8004
-10067
-10798
-10520
-10263
-10025
-8714
-6116
-3558
-1922
-466
1662
3847
4922
5041
5407
6425
7289
7349
7035
7093
7444
7223
6043
4570
3500
2552
1033
-928
-2466
-3234
-3674
-4034
-3983
-3313
-2307
-1287
-294
716
1706
2623
3363
3790
3968
4161
4470
4681
4603
4340
4065
3779
3301
2511
1495
453
-566
-1744
-3185
-4598
-5585
-6171
-6688
-7148
-7192
-6693
-5951
-5190
-4360
-3446
-2525
-1575
-565
351
1100
1829
2484
2762
2679
2621
2624
2271
1554
910
440
-161
-878
-1373
-1634
-1898
-2146
-2201
-2120
-2029
-1827
-1455
-1066
-753
-377
121
547
798
1031
1362
1656
1776
1851
2009
2139
2085
1944
1896
1888
1764
1589
1522
1513
1426
1288
1221
1177
1055
955
979
1024
979
990
1194
1395
1425
1407
1467
1463
1278
1120
1115
1097
909
631
361
-52
-703
-1542
-2594
-4106
-6346
-8929
-10897
-11611
-11517
-11396
-10930
-9215
-6379
-3670
-1660
428
2959
5108
6071
6238
6521
7043
7347
7091
6478
6026
5867
5575
4627
3267
2188
1397
259
-1428
-2898
-3524
-3654
-3877
-4060
-3539
-2186
-611
654
1758
3073
4457
5328
5496
5437
5499
5421
4884
4103
3498
3040
2474
1764
1033
280
-600
-1569
-2632
-3792
-4956
-6034
-6856
-7270
-7177
-6722
-6030
-4941
-3508
-2100
-967
128
1236
1942
2205
2359
2499
2309
1821
1435
1123
653
136
-159
-421
-911
-1362
-1556
-1744
-2106
-2350
-2281
-2167
-2114
-1867
-1334
-776
-338
126
623
996
1230
1406
1487
1424
1326
1287
1246
1165
1116
1152
1218
1259
1309
1388
1457
1457
1355
1186
1074
1046
1001
897
844
956
1171
1403
1639
1853
1994
2074
2122
2062
1871
1671
1486
1197
845
610
415
-52
-831
-1680
-2608
-4031
-6149
-8480
-10192
-10922
-11081
-11079
-10545
-8788
-6023
-3323
-1201
904
3404
5627
6706
6811
6827
7101
7093
6342
5265
4604
4364
3840
2723
1601
1010
607
-280
-1544
-2462
-2778
-2913
-3151
-3146
-2500
-1347
-88
1119
2381
3726
4950
5776
6092
6042
5817
5413
4717
3754
2741
1856
1101
362
-414
-1162
-1802
-2395
-3066
-3836
-4628
-5354
-5878
-6062
-5914
-5536
-4877
-3833
-2578
-1407
-348
712
1642
2210
2432
2431
2214
1775
1222
630
10
-558
-981
-1319
-1639
-1852
-1893
-1873
-1922
-1969
-1900
-1733
-1551
-1379
-1139
-780
-349
48
392
733
1054
1280
1374
1412
1443
1440
1359
1225
1135
1124
1157
1182
1197
1236
1285
1298
1267
1231
1234
1243
1226
1189
1169
1229
1398
1633
1842
2006
2187
2335
2329
2177
2001
1823
1554
1216
892
590
265
-145
-729
-1504
-2374
-3484
-5260
-7626
-9633
-10510
-10696
-10953
-10909
-9522
-6807
-3995
-1839
197
2748
5328
6866
7134
6962
7045
7031
6218
4802
3744
3377
2965
1914
747
246
198
-234
-1224
-2071
-2297
-2254
-2424
-2632
-2327
-1385
-229
846
1958
3272
4629
5680
6223
6348
6258
5962
5274
4138
2827
1660
693
-204
-1134
-2050
-2772
-3209
-3585
-4148
-4682
-4778
-4538
-4438
-4445
-4051
-3181
-2309
-1655
-928
52
1056
1781
2137
2245
2284
2240
1874
1136
355
-222
-763
-1458
-2114
-2437
-2471
-2480
-2548
-2489
-2165
-1735
-1446
-1282
-1020
-619
-273
-80
49
222
441
632
715
708
760
912
1014
997
1009
1151
1279
1239
1122
1098
1173
1202
1079
926
934
1027
966
791
822
1092
1288
1367
1610
2037
2343
2407
2397
2408
2357
2146
1735
1272
987
810
451
-120
-610
-972
-1530
-2472
-3666
-4983
-6393
-7811
-9011
-9723
-9810
-9293
-8228
-6604
-4474
-2137
125
2251
4190
5758
6768
7197
7141
6707
6018
5139
4117
3079
2143
1351
685
139
-280
-624
-931
-1195
-1421
-1579
-1635
-1544
-1291
-845
-156
732
1715
2720
3697
4573
5251
5649
5712
5421
4822
3950
2864
1681
528
-532
-1484
-2283
-2897
-3318
-3577
-3705
-3717
-3646
-3534
-3391
-3190
-3090
-3267
-3430
-3200
-2739
-2432
-1979
-921
320
1126
1640
2270
2713
2605
2156
1514
646
-295
-1019
-1679
-2423
-2840
-2738
-2492
-2392
-2087
-1364
-681
-368
-209
105
393
386
220
148
210
304
445
673
926
1224
1592
1891
1961
1896
1866
1757
1423
994
721
623
563
554
682
966
1304
1597
1817
2001
2200
2368
2447
2435
2352
2195
1967
1697
1391
1105
926
799
596
326
55
-358
-1122
-2209
-3577
-5366
-7523
-9478
-10673
-11202
-11395
-11043
-9608
-7145
-4415
-1951
431
3039
5536
7163
7619
7412
7183
6867
5943
4421
3044
2285
1746
949
157
-110
0
-105
-564
-967
-1052
-1064
-1283
-1560
-1496
-911
-10
928
1884
3023
4343
5515
6232
6512
6503
6201
5480
4340
2956
1543
220
-1004
-2120
-3015
-3564
-3809
-3941
-4069
-4085
-3892
-3630
-3533
-3550
-3381
-2943
-2474
-2101
-1628
-896
-77
569
1036
1475
1883
2058
1855
1364
775
164
-527
-1316
-2070
-2600
-2843
-2886
-2787
-2496
-1996
-1442
-969
-547
-121
235
424
471
441
381
326
287
245
212
289
500
732
886
1000
1144
1302
1395
1395
1362
1342
1269
1083
841
688
644
627
633
744
976
1237
1453
1630
1816
2048
2304
2470
2467
2357
2214
2045
1845
1597
1295
997
786
581
162
-558
-1453
-2428
-3703
-5538
-7698
-9426
-10260
-10557
-10739
-10382
-8768
-6140
-3528
-1377
844
3535
6078
7493
7675
7445
7367
7028
5829
4064
2642
1858
1163
176
-686
-910
-730
-765
-1093
-1252
-1057
-873
-982
-1146
-938
-278
548
1293
2022
2965
4115
5140
5744
5930
5879
5618
4973
3846
2429
1038
-227
-1470
-2708
-3726
-4319
-4532
-4596
-4650
-4580
-4204
-3585
-3033
-2693
-2337
-1725
-1031
-584
-353
-15
522
1013
1297
1453
1568
1570
1361
949
397
-215
-844
-1493
-2134
-2611
-2779
-2717
-2599
-2386
-1904
-1212
-585
-142
239
623
903
986
902
726
518
329
169
28
-43
48
276
507
704
958
1262
1470
1498
1451
1427
1366
1161
831
553
476
523
500
425
566
992
1408
1630
1863
2274
2616
2630
2431
2255
2100
1843
1471
1048
677
427
224
-145
-694
-1223
-1754
-2623
-3969
-5478
-6835
-8022
-9019
-9590
-9526
-8790
-7416
-5524
-3385
-1197
1091
3407
5308
6430
6931
7104
6906
6167
5028
3809
2665
1596
626
-167
-701
-949
-997
-998
-983
-859
-628
-462
-418
-323
-12
451
949
1514
2218
3015
3777
4433
4939
5225
5230
4927
4277
3287
2090
856
-344
-1507
-2544
-3330
-3812
-4042
-4104
-4018
-3748
-3302
-2831
-2527
-2354
-2077
-1635
-1246
-1103
-1045
-752
-212
267
527
785
1208
1571
1558
1205
753
256
-370
-1094
-1785
-2342
-2683
-2770
-2673
-2449
-2018
-1374
-726
-227
207
640
918
929
797
688
590
436
263
138
121
245
459
629
740
911
1152
1286
1214
1064
967
876
697
486
386
424
518
642
861
1172
1469
1693
1897
2109
2270
2354
2372
2299
2123
1913
1691
1368
964
652
467
263
-26
-324
-707
-1315
-2144
-3127
-4349
-5841
-7311
-8408
-9044
-9262
-8978
-8047
-6470
-4419
-2159
51
2114
4032
5649
6638
6869
6600
6104
5352
4244
2930
1725
794
77
-515
-945
-1100
-1003
-852
-778
-680
-455
-214
-91
31
359
875
1424
1997
2679
3451
4182
4760
5109
5165
4930
4440
3688
2656
1432
176
-1016
-2095
-2981
-3601
-3942
-4017
-3844
-3527
-3214
-2909
-2543
-2197
-2045
-2013
-1850
-1528
-1254
-1100
-884
-472
45
500
809
1011
1177
1259
1090
608
-10
-565
-1079
-1649
-2196
-2510
-2492
-2256
-1928
-1492
-908
-276
231
570
831
1029
1061
894
663
501
413
362
352
399
526
748
998
1152
1199
1231
1231
1094
853
629
444
265
131
76
87
197
450
766
1058
1356
1662
1874
1973
2044
2090
2058
1981
1898
1731
1452
1181
966
729
463
251
64
-236
-680
-1231
-1923
-2853
-4044
-5441
-6866
-8019
-8702
-8977
-8883
-8182
-6676
-4623
-2517
-522
1526
3603
5315
6296
6581
6471
6131
5460
4380
3094
1943
1055
298
-396
-881
-1030
-947
-840
-762
-621
-368
-98
85
235
511
979
1531
2070
2643
3323
4042
4628
4956
5012
4850
4462
3772
2765
1567
361
-769
-1805
-2699
-3341
-3683
-3807
-3829
-3751
-3508
-3137
-2810
-2596
-2356
-1978
-1569
-1268
-1019
-670
-211
229
543
744
906
1026
992
712
268
-197
-665
-1219
-1796
-2201
-2373
-2431
-2401
-2163
-1681
-1115
-613
-180
239
617
866
949
908
820
726
626
520
420
372
413
520
628
711
811
928
991
978
945
914
831
690
563
487
449
453
516
632
785
955
1111
1246
1380
1502
1564
1583
1624
1682
1691
1654
1620
1596
1540
1404
1179
919
727
584
333
-126
-724
-1392
-2221
-3390
-4974
-6759
-8268
-9136
-9477
-9572
-9229
-7924
-5661
-3174
-1049
904
3091
5289
6732
6994
6548
6160
5881
5077
3534
1985
1151
770
166
-635
-1013
-813
-597
-754
-991
-903
-618
-527
-634
-537
12
804
1528
2175
2966
3954
4868
5382
5433
5199
4809
4191
3195
1861
481
-668
-1583
-2410
-3138
-3600
-3739
-3681
-3563
-3420
-3220
-2924
-2564
-2238
-1964
-1633
-1175
-682
-239
205
672
1067
1328
1511
1589
1420
988
457
-69
-644
-1274
-1833
-2215
-2409
-2437
-2298
-2022
-1647
-1198
-716
-268
81
321
451
470
425
371
307
202
110
119
212
309
400
530
688
817
869
853
797
712
588
442
326
287
306
330
364
463
614
741
823
917
1051
1161
1202
1228
1288
1343
1350
1343
1383
1455
1495
1487
1472
1457
1387
1216
972
709
456
175
-228
-817
-1563
-2378
-3297
-4509
-6053
-7508
-8332
-8482
-8333
-7965
-6934
-4958
-2519
-370
1311
2958
4780
6232
6615
6062
5417
5105
4609
3416
1975
1116
872
556
-116
-661
-687
-523
-681
-1097
-1301
-1149
-957
-937
-850
-347
551
1508
2298
3015
3806
4578
5042
5019
4616
4049
3377
2495
1373
201
-768
-1467
-2055
-2673
-3207
-3426
-3361
-3333
-3481
-3513
-3165
-2642
-2306
-2094
-1632
-857
-119
326
635
1058
1547
1820
1736
1446
1144
814
312
-347
-940
-1332
-1636
-1958
-2164
-2092
-1840
-1619
-1436
-1125
-676
-273
-40
97
224
337
405
413
370
318
336
423
487
501
533
600
633
598
542
499
450
402
355
317
326
400
485
533
605
755
902
945
925
939
973
960
924
925
974
1050
1123
1176
1232
1326
1421
1411
1298
1211
1157
1005
717
434
244
65
-233
-699
-1333
-2095
-2971
-4061
-5438
-6849
-7803
-8104
-7996
-7624
-6711
-5006
-2804
-716
977
2468
3956
5188
5687
5387
4806
4405
4027
3275
2277
1575
1334
1149
714
248
55
8
-245
-741
-1158
-1254
-1140
-1030
-863
-381
498
1516
2385
3100
3808
4467
4832
4765
4369
3814
3154
2360
1442
508
-315
-1015
-1675
-2312
-2813
-3124
-3343
-3543
-3620
-3474
-3203
-2946
-2647
-2138
-1421
-687
-88
436
995
1515
1788
1719
1465
1204
897
395
-264
-866
-1281
-1600
-1903
-2107
-2108
-1965
-1801
-1632
-1387
-1051
-720
-451
-208
65
326
488
526
506
504
525
498
390
280
267
320
318
233
183
240
321
332
310
357
480
599
673
713
747
790
826
818
745
678
665
671
651
661
757
881
973
1078
1217
1330
1391
1474
1588
1613
1483
1281
1075
828
502
140
-186
-425
-583
-762
-1070
-1492
-1937
-2427
-3101
-4024
-5066
-5969
-6482
-6542
-6285
-5758
-4783
-3239
-1422
172
1369
2395
3397
4160
4366
4046
3582
3276
3042
2645
2129
1771
1647
1503
1132
663
315
42
-364
-891
-1245
-1241
-1014
-772
-466
125
1017
1936
2635
3127
3547
3880
3952
3666
3153
2608
2056
1402
670
36
-469
-1031
-1713
-2287
-2586
-2797
-3103
-3334
-3254
-2936
-2582
-2228
-1804
-1267
-634
-12
423
673
931
1207
1246
975
662
459
191
-251
-673
-913
-1082
-1287
-1463
-1507
-1448
-1343
-1204
-1030
-805
-508
-188
32
129
206
322
376
284
136
68
66
22
-65
-92
-29
51
108
180
286
393
461
487
502
532
575
580
546
551
641
735
723
646
628
687
716
645
558
565
657
760
856
974
1117
1247
1334
1361
1331
1259
1149
978
761
565
407
242
64
-43
-101
-301
-766
-1374
-1966
-2594
-3425
-4481
-5545
-6270
-6444
-6174
-5717
-5038
-3843
-2147
-497
652
1463
2333
3211
3693
3628
3344
3227
3281
3223
2921
2568
2366
2192
1765
1090
466
24
-430
-1014
-1472
-1498
-1155
-740
-350
165
889
1653
2217
2525
2723
2925
3051
2965
2696
2410
2158
1827
1352
794
216
-381
-1007
-1629
-2200
-2652
-2907
-2968
-2910
-2770
-2515
-2160
-1773
-1366
-921
-499
-179
80
352
589
673
609
494
363
193
-12
-239
-492
-733
-891
-968
-1041
-1103
-1072
-933
-777
-649
-501
-334
-213
-153
-130
-143
-196
-246
-272
-301
-311
-242
-126
-47
24
178
386
550
666
783
885
927
909
847
762
710
699
660
577
523
518
494
422
353
338
362
400
429
449
532
707
883
952
968
1048
1177
1252
1244
1196
1123
1032
928
789
576
341
187
106
-41
-383
-901
-1491
-2093
-2750
-3518
-4358
-5155
-5776
-6089
-5985
-5500
-4763
-3821
-2612
-1216
70
1034
1755
2405
2990
3361
3437
3345
3300
3353
3332
3114
2801
2499
2132
1576
901
290
-190
-578
-895
-1048
-940
-611
-214
161
571
1057
1531
1892
2137
2325
2502
2647
2686
2594
2451
2298
2045
1629
1095
413
-462
-1327
-1926
-2349
-2826
-3215
-3199
-2860
-2577
-2444
-2259
-1941
-1597
-1289
-1021
-801
-558
-182
233
479
554
625
685
558
270
44
-94
-313
-616
-817
-865
-895
-968
-1021
-1045
-1065
-1040
-949
-875
-860
-811
-659
-480
-349
-216
-14
211
387
542
727
898
991
1027
1047
1050
1018
968
922
891
877
863
811
710
592
472
337
236
229
281
305
293
294
319
359
439
529
613
746
963
1160
1261
1331
1419
1432
1330
1225
1129
924
612
359
201
1
-268
-480
-619
-854
-1283
-1839
-2421
-2983
-3488
-3944
-4420
-4887
-5127
-4966
-4504
-3929
-3278
-2473
-1537
-604
194
790
1212
1599
2049
2474
2702
2765
2856
3029
3130
3023
2764
2450
2081
1629
1142
707
342
44
-154
-223
-166
-21
181
414
658
902
1146
1391
1624
1828
1971
2044
2071
2094
2087
1959
1643
1166
645
182
-209
-572
-933
-1249
-1463
-1572
-1642
-1725
-1824
-1895
-1877
-1752
-1563
-1386
-1261
-1142
-972
-750
-549
-437
-418
-442
-453
-462
-511
-619
-752
-893
-1042
-1177
-1267
-1304
-1317
-1316
-1293
-1226
-1111
-970
-846
-750
-656
-540
-401
-243
-86
57
193
376
626
876
1050
1171
1289
1402
1490
1579
1675
1719
1684
1618
1560
1484
1366
1228
1091
950
811
685
562
449
380
361
350
321
298
314
363
434
500
525
502
446
373
299
243
209
165
85
10
-28
-58
-125
-209
-263
-317
-428
-585
-738
-906
-1109
-1285
-1378
-1449
-1605
-1861
-2128
-2327
-2419
-2385
-2278
-2204
-2192
-2150
-1987
-1730
-1475
-1264
-1070
-862
-624
-338
-14
284
500
658
831
1049
1255
1374
1418
1488
1633
1799
1883
1880
1859
1856
1855
1850
1852
1841
1776
1666
1579
1542
1503
1411
1282
1167
1063
944
824
743
688
609
487
362
271
204
140
79
27
-11
-37
-60
-106
-191
-304
-424
-546
-676
-817
-968
-1106
-1209
-1278
-1330
-1365
-1385
-1405
-1437
-1446
-1402
-1325
-1253
-1191
-1129
-1067
-1010
-966
-929
-888
-821
-729
-632
-562
-514
-469
-412
-348
-304
-288
-287
-289
-293
-293
-295
-301
-304
-275
-196
-89
22
116
200
283
374
468
567
670
778
904
1045
1165
1225
1247
1277
1341
1418
1495
1557
1563
1504
1423
1365
1313
1239
1153
1070
983
884
790
699
596
479
339
147
-103
-366
-584
-772
-980
-1214
-1435
-1639
-1863
-2069
-2169
-2132
-2056
-2044
-2071
-2033
-1877
-1654
-1425
-1201
-987
-787
-610
-412
-173
70
268
419
578
769
942
1042
1081
1132
1215
1298
1334
1321
1286
1232
1167
1099
1056
1019
974
915
857
824
796
773
747
738
746
749
729
660
556
419
279
147
48
5
-6
-21
-80
-151
-226
-313
-401
-453
-450
-454
-502
-585
-665
-731
-785
-807
-813
-810
-822
-822
-796
-758
-742
-780
-835
-868
-851
-814
-794
-792
-793
-774
-708
-596
-482
-408
-368
-330
-273
-228
-204
-190
-167
-133
-89
-41
-5
9
15
38
99
189
293
391
463
505
529
548
558
564
578
619
671
703
706
692
683
688
707
728
732
711
674
642
627
624
619
602
571
540
524
510
480
426
357
295
241
198
149
86
16
-55
-117
-164
-195
-238
-312
-412
-509
-590
-679
-791
-914
-1033
-1159
-1304
-1438
-1498
-1475
-1425
-1394
-1362
-1281
-1149
-1008
-885
-771
-666
-576
-497
-382
-221
-48
78
177
296
453
611
735
846
965
1083
1161
1192
1201
1202
1189
1163
1141
1138
1139
1114
1061
1002
960
914
849
776
713
658
579
467
356
289
276
279
274
261
253
252
262
280
288
251
162
59
-23
-96
-199
-337
-490
-636
-761
-861
-934
-993
-1044
-1081
-1101
-1108
-1114
-1118
-1114
-1100
-1082
-1058
-1024
-980
-930
-863
-776
-669
-557
-461
-383
-320
-271
-241
-217
-196
-178
-173
-168
-143
-102
-65
-31
2
35
58
82
111
137
146
153
182
235
296
354
413
478
546
621
709
795
864
913
956
995
1024
1027
1012
996
981
953
899
822
733
638
555
487
427
356
277
220
195
190
185
173
161
152
158
183
205
195
145
63
-43
-180
-345
-520
-690
-848
-1001
-1149
-1292
-1422
-1515
-1556
-1558
-1541
-1515
-1471
-1392
-1282
-1145
-998
-851
-716
-583
-430
-254
-75
82
219
344
467
595
714
815
886
919
918
895
853
792
714
629
561
523
520
534
548
549
539
540
561
604
647
674
674
654
632
625
636
652
657
648
631
610
580
527
445
340
222
104
-14
-126
-230
-330
-421
-497
-556
-596
-621
-631
-632
-624
-621
-628
-645
-665
-678
-684
-686
-687
-685
-680
-676
-670
-660
-642
-617
-596
-584
-588
-602
-625
-645
-656
-653
-637
-616
-595
-573
-540
-486
-411
-328
-248
-182
-129
-83
-31
29
96
168
251
353
472
595
704
789
859
928
1000
1062
1095
1093
1056
1009
966
938
914
883
847
817
805
801
790
757
712
668
638
615
584
536
460
374
294
226
155
66
-46
-167
-286
-400
-514
-632
-753
-870
-976
-1065
-1139
-1209
-1277
-1327
-1338
-1309
-1263
-1219
-1172
-1105
-1005
-887
-763
-639
-526
-422
-316
-198
-77
28
104
169
242
331
420
490
541
578
612
652
692
726
736
719
698
685
676
662
628
583
548
533
545
562
572
565
549
539
538
543
531
500
455
409
371
339
303
258
203
142
79
14
-57
-135
-216
-295
-363
-417
-464
-509
-552
-591
-618
-628
-623
-611
-603
-605
-615
-622
-625
-621
-611
-600
-583
-555
-519
-484
-464
-470
-495
-525
-542
-542
-531
-521
-526
-534
-538
-524
-496
-453
-397
-327
-243
-143
-40
52
126
188
249
322
408
500
580
637
670
689
709
738
782
830
870
897
908
908
903
889
866
840
820
812
812
809
792
756
704
654
609
568
525
475
414
340
256
156
44
-75
-188
-288
-384
-480
-586
-703
-822
-934
-1029
-1107
-1166
-1215
-1244
-1249
-1239
-1212
-1174
-1124
-1054
-969
-865
-753
-640
-538
-451
-375
-301
-218
-127
-34
51
130
200
255
303
349
391
424
448
474
508
543
570
580
574
565
570
599
645
687
702
693
692
711
743
766
764
741
711
686
671
650
607
535
457
396
356
313
250
166
81
12
-34
-63
-94
-142
-204
-265
-314
-349
-383
-414
-446
-476
-506
-541
-586
-641
-700
-750
-784
-803
-821
-845
-886
-933
-978
-1008
-1006
-967
-904
-832
-771
-726
-690
-648
-587
-503
-405
-313
-230
-163
-111
-76
-50
-23
13
66
134
208
268
310
338
363
402
465
550
644
736
814
877
933
986
1037
1083
1123
1152
1168
1175
1169
1148
1104
1038
964
883
810
745
677
597
505
404
306
215
136
68
1
-71
-152
-240
-325
-408
-482
-551
-617
-683
-750
-818
-890
-960
-1024
-1072
-1098
-1102
-1097
-1090
-1093
-1100
-1099
-1079
-1035
-966
-883
-800
-726
-662
-604
-541
-470
-382
-280
-169
-65
26
102
166
233
311
403
504
603
693
760
806
836
861
888
924
962
993
1010
1004
977
940
903
875
862
859
857
846
824
790
749
705
662
623
579
525
458
375
281
180
82
-13
-103
-195
-287
-383
-482
-582
-680
-765
-841
-901
-952
-998
-1042
-1082
-1113
-1125
-1117
-1090
-1051
-1011
-975
-946
-917
-887
-853
-810
-760
-707
-658
-617
-586
-561
-535
-497
-451
-396
-340
-288
-241
-193
-142
-78
-1
87
179
271
363
455
543
633
720
804
882
950
1006
1050
1087
1117
1141
1158
1165
1162
1145
1118
1081
1038
994
952
908
861
807
748
683
619
557
504
456
410
363
307
242
168
90
12
-61
-131
-204
-283
-372
-473
-579
-684
-784
-872
-947
-1009
-1061
-1110
-1155
-1192
-1213
-1214
-1195
-1155
-1101
-1045
-989
-941
-894
-840
-777
-700
-613
-531
-457
-396
-349
-307
-261
-205
-136
-61
13
77
128
172
212
255
311
374
445
511
568
615
651
685
721
767
820
874
920
951
965
960
945
926
910
895
885
873
852
818
774
718
657
594
532
468
403
330
249
161
73
-14
-91
-157
-214
-267
-317
-368
-423
-478
-533
-586
-635
-682
-723
-761
-795
-826
-853
-871
-887
-896
-899
-898
-893
-885
-873
-856
-831
-800
-762
-720
-670
-616
-560
-503
-445
-385
-321
-255
-186
-115
-43
26
91
153
212
272
338
407
473
533
586
628
666
700
732
766
796
825
844
852
847
832
811
785
759
732
706
677
642
600
553
496
439
386
344
307
274
241
200
153
104
58
17
-17
-45
-73
-101
-135
-175
-221
-264
-306
-343
-378
-411
-446
-484
-522
-560
-592
-622
-641
-655
-664
-674
-683
-689
-691
-687
-675
-660
-634
-608
-578
-544
-509
-473
-436
-393
-347
-298
-244
-191
-137
-85
-34
16
66
117
168
223
277
329
385
441
490
535
577
617
650
681
710
734
747
756
760
759
749
729
705
675
638
600
567
528
482
430
375
309
237
172
115
57
0
-49
-97
-154
-218
-275
-326
-366
-398
-420
-442
-469
-506
-543
-571
-588
-598
-601
-598
-605
-620
-627
-623
-613
-590
-555
-524
-505
-483
-449
-412
-384
-358
-317
-272
-228
-188
-145
-98
-52
1
62
124
171
205
226
250
291
334
371
407
443
465
472
480
488
465
425
404
407
411
417
430
423
401
385
366
322
257
209
197
202
211
244
279
257
212
196
68
-344
-787
-790
-373
-47
-62
-202
-262
-194
9
205
150
-37
65
442
618
458
326
343
268
58
-73
-116
-215
-297
-243
-199
-315
-447
-438
-426
-551
-646
-567
-448
-424
-385
-258
-165
-170
-176
-158
-209
-309
-311
-224
-180
-184
-130
-34
-22
-84
-131
-166
-229
-251
-185
-123
-133
-121
-15
95
116
107
143
204
254
329
440
538
600
653
686
664
610
579
567
507
416
377
372
336
269
202
139
62
5
-14
-28
-57
-64
-42
-34
-47
-53
-57
-67
-77
-73
-66
-71
-81
-92
-115
-140
-142
-132
-128
-141
-149
-155
-172
-197
-213
-229
-240
-240
-219
-194
-191
-193
-191
-197
-202
-194
-173
-150
-135
-108
-81
-76
-66
-36
5
30
38
47
55
48
39
32
29
35
65
97
99
79
59
52
49
51
70
100
129
154
167
165
151
131
121
113
111
114
108
74
21
-19
-43
-62
-64
-44
-8
23
43
46
42
33
21
0
-30
-50
-56
-57
-63
-61
-53
-42
-34
-32
-36
-39
-30
-13
-6
-1
6
7
-6
-33
-57
-67
-58
-48
-41
-43
-42
-37
-36
-45
-60
-64
-41
-8
10
9
12
17
6
-18
-33
-32
-24
-11
2
1
-5
-6
-8
-16
-20
0
27
46
61
76
76
58
38
31
26
28
41
64
81
86
82
75
63
50
45
45
49
59
74
77
65
43
25
17
4
-21
-38
-36
-18
-4
-8
-16
-15
-12
-19
-36
-52
-54
-49
-55
-76
-96
-92
-76
-69
-83
-91
-73
-48
-45
-62
-80
-81
-74
-72
-77
-80
-67
-45
-38
-49
-58
-51
-33
-15
1
19
35
38
32
12
-8
-14
-2
13
22
30
37
37
26
10
-6
-19
-15
12
43
62
60
55
46
39
41
50
57
63
65
67
62
40
9
-13
-12
9
45
83
106
109
82
39
-13
-50
-65
-61
-33
16
66
94
92
73
42
0
-36
-61
-74
-60
-19
28
53
59
58
43
9
-25
-43
-49
-48
-25
19
53
53
36
19
-6
-36
-45
-31
-11
16
37
26
-24
-61
-53
-38
-43
-46
-16
21
38
33
19
4
-6
-2
3
-4
-20
-19
-9
-16
-25
-19
-8
-3
0
15
24
8
-16
-21
-18
-29
-52
-59
-45
-25
-2
7
2
-10
-15
-13
-22
-35
-36
-24
-14
-12
-7
-1
0
-5
-8
-7
-9
-11
-8
1
10
16
11
1
-6
-13
-16
-13
-2
6
11
12
7
-2
-10
-13
-10
-3
11
25
34
31
20
11
7
8
8
7
11
19
25
26
15
4
-7
-14
-18
-16
-8
2
10
17
23
25
24
17
2
-9
-9
-6
-4
-8
-9
-5
2
6
4
-3
-7
-4
-1
-3
-6
-5
-3
-2
-7
-10
-14
-23
-26
-26
-20
-15
-9
-6
-6
-11
-15
-13
-5
6
22
34
33
23
7
-7
-15
-17
-11
6
27
42
48
45
36
31
29
28
27
27
34
41
45
41
38
29
17
10
8
11
15
24
31
37
36
27
17
7
1
-2
-8
-16
-26
-35
-44
-44
-41
-35
-33
-38
-45
-52
-55
-57
-60
-63
-60
-57
-52
-52
-55
-57
-58
-52
-46
-43
-39
-35
-26
-17
-11
-10
-16
-19
-19
-18
-18
-18
-13
-5
6
16
19
18
16
15
15
17
18
18
20
28
36
39
36
30
25
22
16
12
8
14
21
34
44
47
45
38
25
12
0
-6
-6
-1
13
28
37
40
33
18
4
-8
-10
-3
11
28
42
46
39
22
-1
-23
-35
-35
-28
-12
4
17
23
23
15
-3
-22
-35
-38
-33
-17
0
16
24
18
