-5
-3
-2
1
1
1
1
1
3
0
-1
0
2
2
2
4
8
9
5
4
4
4
4
2
1
0
-2
1
2
1
-2
-7
-8
-10
-9
-14
-16
-16
-14
-12
-10
-6
-6
-4
-7
-9
-6
-5
-7
-7
-6
-1
3
4
5
5
4
3
4
3
4
4
6
5
7
10
11
7
7
7
6
4
3
4
2
0
0
2
3
0
0
-1
-2
-2
-5
-5
-4
-4
-3
-2
-1
-2
0
-2
-3
-3
0
0
1
3
5
10
11
10
11
13
12
12
12
10
11
12
9
7
6
3
3
-1
-5
-4
-4
-5
-6
-9
-11
-11
-13
-14
-12
-10
-12
-12
-11
-10
-10
-11
-10
-9
-10
-11
-8
-6
-2
-1
-1
-1
1
2
2
3
3
4
3
5
6
7
7
5
7
9
8
7
7
6
4
4
3
3
2
2
1
1
1
1
2
1
1
1
2
2
-2
0
0
-2
0
-1
-1
-1
0
0
-1
-1
-1
-3
-1
-1
1
2
4
4
6
6
6
4
5
5
3
1
2
0
-3
-2
-2
-5
-5
-6
-7
-7
-8
-9
-8
-8
-8
-9
-9
-8
-8
-7
-7
-8
-5
-4
-4
-3
0
2
4
5
6
7
6
7
7
7
8
8
8
9
7
7
6
4
4
2
2
1
0
0
-1
0
0
-2
0
-1
-1
-1
-2
-1
0
1
1
2
2
1
0
1
2
1
2
1
1
0
-1
1
2
1
2
2
1
2
3
4
7
6
5
4
3
3
1
0
-1
-2
-2
-4
-6
-7
-6
-7
-8
-7
-7
-8
-8
-7
-7
-7
-9
-8
-9
-10
-8
-8
-6
-5
-4
-4
-2
-1
0
2
2
2
4
3
4
5
5
4
2
2
2
3
2
3
3
2
3
3
4
3
3
3
3
3
3
1
3
0
0
0
-1
1
2
1
3
2
2
3
4
2
4
5
3
4
4
4
4
3
2
2
2
3
2
2
2
2
2
2
2
1
-1
0
0
0
-1
-2
-2
-2
-1
-4
-7
-8
-9
-7
-8
-10
-9
-8
-7
-7
-7
-7
-5
-4
-5
-5
-5
-3
-3
-2
-1
-1
0
-1
1
1
1
2
4
2
4
4
7
6
5
4
3
4
3
4
3
4
6
5
4
4
2
1
3
2
2
1
1
2
1
1
0
1
0
-1
-2
-1
-1
0
1
0
-1
1
3
2
1
3
1
0
0
-1
-1
-3
-5
-6
-4
-5
-5
-6
-6
-4
-5
-5
-5
-9
-10
-11
-12
-12
-17
-21
-19
-18
-17
-17
-19
-17
-15
-14
-11
-9
-6
-1
4
8
12
17
21
26
30
37
45
48
52
55
59
69
74
77
78
78
86
92
90
93
90
95
102
100
100
96
93
95
92
86
81
74
72
69
60
54
45
38
30
19
9
0
-12
-23
-35
-47
-57
-67
-80
-95
-106
-116
-124
-137
-152
-158
-165
-172
-176
-189
-194
-196
-198
-198
-199
-196
-194
-191
-187
-183
-179
-171
-164
-157
-146
-137
-128
-115
-102
-91
-80
-65
-53
-42
-29
-16
-4
6
18
27
35
46
53
57
64
68
71
76
75
75
72
71
70
64
55
44
35
28
13
-1
-18
-36
-52
-72
-91
-110
-130
-151
-173
-188
-205
-215
-224
-239
-239
-233
-221
-201
-186
-161
-123
-83
-32
16
66
132
198
264
334
402
473
541
606
668
732
787
831
871
901
923
933
939
933
919
896
865
822
770
712
650
580
502
419
334
245
155
65
-25
-116
-208
-294
-373
-451
-526
-591
-652
-714
-769
-808
-839
-871
-904
-928
-938
-945
-949
-948
-944
-935
-918
-894
-863
-827
-785
-744
-702
-657
-606
-549
-493
-437
-391
-343
-287
-227
-176
-129
-77
-27
13
51
95
143
178
205
225
233
239
240
231
207
178
144
94
30
-26
-75
-129
-188
-239
-275
-299
-314
-313
-287
-242
-191
-134
-54
43
142
247
374
508
628
743
857
977
1113
1245
1347
1426
1500
1566
1644
1739
1800
1808
1788
1766
1743
1710
1644
1547
1437
1315
1163
993
841
690
490
271
90
-70
-272
-531
-762
-915
-1042
-1177
-1315
-1463
-1616
-1712
-1744
-1786
-1875
-1862
-1796
-2164
-2807
-2630
-1579
-1115
-1740
-2225
-1690
-795
-570
-956
-1058
-552
8
145
0
3
290
518
465
348
355
439
462
270
13
5
142
97
-120
-288
-247
-58
-17
-181
-252
-113
65
176
253
357
457
487
557
720
773
738
856
1002
1001
1012
1086
1105
1117
1182
1215
1195
1205
1258
1239
1090
977
1001
1000
838
636
536
488
380
204
25
-121
-260
-440
-633
-814
-1032
-1248
-1385
-1509
-1682
-1837
-1947
-2058
-2154
-2201
-2188
-2151
-2110
-1980
-1784
-1634
-1451
-1163
-914
-710
-430
-106
188
461
724
993
1240
1433
1648
1879
2030
2153
2298
2380
2410
2450
2466
2432
2350
2246
2160
2051
1872
1675
1478
1246
1005
778
534
295
77
-185
-545
-908
-1058
-990
-1059
-1456
-1816
-1823
-1737
-1813
-1896
-1894
-1918
-1911
-1729
-1478
-1380
-1396
-1297
-1090
-950
-786
-508
-335
-382
-392
-183
66
111
42
103
251
296
291
352
417
318
92
151
428
247
-124
31
58
-376
-281
106
-301
-739
-284
101
-290
-542
-128
215
59
-78
174
501
572
472
498
674
746
744
881
908
699
730
1047
1037
692
640
980
1108
759
561
889
1055
691
435
648
835
630
259
232
510
503
122
-45
88
72
-170
-352
-332
-315
-512
-793
-902
-925
-1030
-1271
-1538
-1661
-1602
-1635
-1831
-2005
-2036
-1984
-1955
-2001
-1968
-1774
-1583
-1459
-1324
-1117
-849
-571
-384
-209
82
447
745
949
1130
1385
1648
1816
1975
2191
2358
2443
2544
2619
2636
2627
2583
2477
2369
2265
2129
1940
1713
1483
1254
1012
750
487
250
24
-216
-427
-678
-1054
-1403
-1418
-1268
-1390
-1789
-1998
-1889
-1769
-1857
-1881
-1790
-1746
-1653
-1393
-1202
-1112
-1038
-955
-852
-700
-445
-202
-216
-366
-291
-95
21
-69
-277
-288
90
143
-133
-172
-161
-327
59
284
-311
-600
80
385
-169
-538
-85
378
236
-90
-217
29
555
705
116
-249
213
957
1016
388
-20
554
1229
919
359
622
1013
800
608
823
1012
850
609
664
808
663
629
898
783
286
271
747
815
382
110
367
563
316
1
159
315
91
-195
-150
-67
-200
-392
-475
-606
-792
-751
-694
-987
-1450
-1514
-1340
-1291
-1503
-1712
-1825
-1793
-1737
-1692
-1718
-1722
-1619
-1466
-1332
-1199
-973
-716
-585
-497
-210
168
501
743
891
1071
1328
1588
1842
2020
2055
2131
2309
2433
2462
2452
2356
2188
2049
1960
1877
1667
1360
1092
851
583
354
179
-19
-353
-598
-632
-662
-756
-927
-1183
-1238
-1138
-1161
-1273
-1335
-1249
-1046
-1054
-1357
-1466
-1109
-749
-809
-1075
-1119
-770
-361
-286
-627
-899
-410
279
72
-531
-414
220
413
7
-205
-117
-7
245
151
-271
-130
312
245
-131
-307
54
301
185
79
-284
-631
38
743
158
-774
-476
362
308
33
15
-250
69
989
439
-497
162
1182
870
208
186
524
837
1141
814
111
493
1156
838
487
654
680
598
628
730
556
332
368
358
428
490
222
-24
103
343
299
-146
-369
17
209
-171
-512
-526
-325
-235
-570
-982
-952
-662
-728
-1158
-1405
-1368
-1213
-1133
-1321
-1576
-1541
-1287
-1227
-1368
-1340
-1110
-929
-938
-861
-577
-271
-182
-165
-20
289
593
792
890
984
1169
1387
1536
1580
1611
1692
1719
1709
1689
1670
1596
1430
1305
1229
1084
915
829
750
582
337
302
208
-170
-217
171
-55
-766
-731
-228
-214
-701
-970
-775
-599
-694
-758
-688
-580
-690
-971
-783
-478
-734
-735
-270
-392
-877
-731
-230
-52
-394
-774
-624
-101
225
-117
-627
-577
-30
19
-312
-223
-89
-391
-115
-25
-409
193
399
-610
-522
362
271
-222
130
571
-104
-515
208
879
453
-553
-181
895
450
46
456
379
-117
-6
610
878
617
98
-470
285
1396
1030
249
-188
-21
955
970
474
518
252
-82
436
909
574
405
279
-139
255
687
461
285
68
-245
-251
191
692
614
-443
-1222
-512
333
108
-544
-762
-715
-1086
-1086
-511
-454
-962
-1487
-1778
-1578
-996
-639
-1061
-1658
-1723
-1332
-946
-717
-686
-992
-1119
-788
-430
-8
300
162
-44
60
570
1260
1482
1058
883
1312
1772
2002
1871
1566
1682
2054
1946
1462
1377
1751
1863
1375
692
681
1027
874
456
66
-49
-82
-305
-397
-578
-727
-733
-898
-1020
-1095
-1083
-1111
-1231
-969
-638
-1031
-1540
-1090
-371
-568
-847
-572
-461
-567
-422
-29
291
59
-481
-444
357
933
409
-514
-443
638
1179
347
-857
-597
462
1111
902
-928
-1611
500
1282
-560
-1030
388
554
-588
-918
-699
-327
878
881
-1025
-1864
-683
672
1032
200
-1081
-1254
-392
703
925
288
-346
-614
68
788
372
256
865
739
305
408
564
877
1375
934
-17
145
1223
1674
849
-108
-11
768
1043
496
110
47
25
45
335
288
-326
-521
-315
-90
-199
-719
-645
-234
-789
-1506
-1023
-410
-859
-1291
-1301
-1331
-1189
-1212
-1540
-1437
-1094
-1186
-1371
-1222
-990
-910
-803
-504
-163
-91
-246
81
737
866
847
1080
1193
1352
1622
1741
1832
1934
1949
1870
1903
1988
1979
1910
1703
1493
1354
1145
1026
985
714
355
126
-5
-164
-464
-684
-705
-763
-1065
-1408
-1417
-1230
-1304
-1551
-1576
-1329
-1136
-1259
-1237
-906
-868
-900
-649
-565
-567
-141
253
-46
-361
36
437
378
286
345
432
432
293
229
513
722
378
-66
-76
255
324
-61
-182
171
107
-522
-787
-385
86
31
-570
-1036
-778
-160
-142
-527
-448
-290
-307
-99
14
-170
-83
384
373
-69
302
990
792
330
318
524
643
683
731
661
514
395
430
640
571
187
-18
147
523
813
659
165
-3
206
469
677
488
90
88
278
245
105
70
-61
-505
-820
-676
-509
-628
-928
-1275
-1479
-1508
-1414
-1417
-1777
-2268
-2440
-2096
-1651
-1633
-1810
-1779
-1571
-1412
-1212
-837
-486
-137
169
401
840
1298
1618
1882
1993
2047
2294
2869
3361
3403
3311
3217
3132
3172
3092
2934
2857
2639
2260
1838
1504
1214
796
288
-229
-630
-888
-1126
-1374
-1684
-2133
-2634
-3043
-3233
-3191
-3014
-2788
-2622
-2530
-2472
-2430
-2229
-1860
-1536
-1138
-632
-257
-74
160
474
609
664
857
1197
1470
1590
1719
1653
1325
1062
941
874
805
697
510
295
35
-338
-634
-776
-840
-894
-1015
-1118
-1183
-1145
-1035
-1140
-1302
-1159
-770
-401
-214
-81
140
259
243
283
541
938
1005
779
967
1490
1624
1286
944
859
978
1307
1420
1010
760
779
639
525
490
549
688
522
248
383
605
437
46
-264
-314
-148
-37
-81
-239
-433
-634
-860
-1079
-1315
-1399
-1322
-1474
-1781
-2004
-2332
-2871
-3459
-3700
-3357
-2778
-2468
-2502
-2563
-2397
-2086
-1869
-1649
-1089
-351
264
919
1671
2313
2759
3076
3310
3554
3974
4578
5132
5382
5316
5079
4783
4479
4208
3918
3522
3123
2698
2155
1615
1107
488
-291
-1035
-1598
-2038
-2332
-2563
-2858
-3184
-3563
-3893
-4338
-5399
-6253
-5512
-3735
-2662
-2819
-3052
-2690
-2465
-2278
-1382
-300
244
703
1521
1971
1727
1780
2336
2398
1755
1515
2276
2985
2772
2217
1794
1194
560
454
677
644
348
128
-88
-732
-1470
-1499
-1238
-1460
-1793
-1698
-1395
-1341
-1455
-1421
-1378
-1451
-1267
-685
-183
12
285
670
718
473
495
905
1265
1400
1559
1744
1632
1282
1103
1110
1010
872
968
1160
1043
718
654
757
564
186
100
278
362
383
449
383
187
37
11
46
-42
-109
5
-114
-626
-1142
-1505
-1943
-2550
-3172
-3833
-4594
-5116
-5014
-4517
-4294
-4432
-4411
-4146
-3923
-3633
-2951
-1882
-760
184
1019
1855
2715
3657
4523
5075
5522
6128
6754
7214
7475
7608
7604
7277
6647
5991
5373
4716
4092
3498
2708
1683
679
-216
-1172
-2186
-3028
-3647
-4241
-4824
-5146
-5242
-5357
-5469
-5433
-5255
-5040
-4756
-4326
-4116
-4329
-4208
-3200
-1807
-667
125
710
1051
1127
1270
1693
2190
2553
2799
2895
2719
2401
2224
2037
1504
826
409
247
126
28
3
-110
-477
-929
-1228
-1348
-1334
-1180
-917
-745
-756
-719
-540
-403
-382
-326
-135
28
97
289
607
774
732
707
736
666
611
733
856
783
643
619
646
579
482
465
470
406
326
352
473
559
583
627
669
632
589
613
649
683
774
913
950
807
666
626
535
372
254
152
-112
-641
-1303
-1888
-2407
-3027
-3848
-4867
-5943
-6767
-7034
-6740
-6199
-5692
-5253
-4818
-4386
-3915
-3238
-2217
-888
564
1942
3224
4456
5618
6660
7465
7983
8372
8749
9004
9088
9083
8969
8614
7918
6877
5624
4360
3172
2039
927
-162
-1193
-2196
-3229
-4259
-5148
-5819
-6320
-6681
-6856
-6786
-6468
-5946
-5293
-4610
-3963
-3348
-2777
-2294
-1861
-1304
-475
562
1533
2198
2588
2813
2848
2667
2425
2264
2092
1804
1468
1117
683
188
-300
-855
-1507
-2066
-2335
-2370
-2342
-2258
-2045
-1802
-1655
-1491
-1189
-836
-533
-180
270
660
928
1188
1440
1558
1550
1541
1528
1409
1214
1091
1028
879
647
465
320
94
-154
-291
-330
-346
-311
-229
-169
-115
20
223
405
547
729
984
1231
1432
1613
1719
1703
1700
1790
1817
1693
1583
1550
1445
1206
935
645
280
-75
-301
-466
-746
-1175
-1699
-2362
-3162
-3912
-4495
-5129
-6070
-7162
-7932
-8054
-7585
-6816
-5994
-5144
-4203
-3292
-2566
-1824
-664
922
2463
3700
4883
6215
7455
8328
8908
9326
9505
9368
9008
8551
8053
7536
6928
6088
4963
3628
2198
764
-602
-1830
-2874
-3764
-4527
-5166
-5674
-6020
-6161
-6132
-6012
-5796
-5422
-4861
-4124
-3257
-2328
-1435
-630
147
941
1645
2128
2420
2610
2708
2693
2595
2440
2190
1829
1366
818
230
-344
-897
-1447
-1953
-2361
-2648
-2820
-2892
-2879
-2789
-2604
-2324
-1998
-1667
-1289
-812
-296
173
603
1024
1389
1643
1813
1911
1908
1827
1722
1586
1382
1130
863
546
168
-185
-452
-682
-928
-1130
-1177
-1089
-962
-829
-663
-462
-231
52
388
743
1120
1522
1891
2153
2336
2507
2661
2762
2818
2843
2801
2655
2415
2086
1668
1218
824
497
168
-199
-548
-842
-1138
-1466
-1786
-2138
-2660
-3333
-3954
-4439
-4945
-5587
-6322
-7075
-7664
-7730
-7102
-6110
-5163
-4210
-3036
-1835
-937
-151
974
2363
3514
4331
5208
6287
7254
7909
8363
8656
8639
8254
7601
6793
5949
5175
4413
3505
2453
1402
368
-723
-1784
-2669
-3374
-3981
-4458
-4746
-4874
-4821
-4506
-3990
-3467
-3001
-2480
-1876
-1334
-867
-295
403
1034
1539
2030
2420
2488
2299
2080
1806
1313
686
142
-362
-972
-1534
-1837
-2030
-2331
-2634
-2776
-2858
-2951
-2882
-2579
-2215
-1876
-1449
-918
-399
73
553
1046
1447
1688
1858
2029
2095
2016
2014
2099
1908
1444
1137
946
468
-143
-454
-610
-960
-1347
-1521
-1577
-1604
-1529
-1385
-1259
-1075
-753
-390
-77
282
757
1214
1499
1691
1941
2217
2398
2496
2569
2581
2502
2372
2206
2017
1815
1541
1147
716
353
42
-236
-407
-512
-693
-954
-1153
-1268
-1387
-1552
-1745
-1989
-2318
-2691
-3072
-3481
-3943
-4430
-4976
-5610
-6109
-6092
-5499
-4709
-3963
-3052
-1804
-564
299
1009
1978
3089
3894
4340
4776
5378
5954
6297
6432
6464
6366
5984
5244
4297
3398
2605
1781
878
47
-588
-1071
-1474
-1763
-1906
-1939
-1909
-1844
-1737
-1543
-1235
-830
-368
79
485
890
1255
1484
1591
1615
1553
1358
1029
664
278
-204
-767
-1521
-2640
-3696
-4045
-3905
-4035
-4362
-4067
-3206
-2770
-2751
-2187
-1169
-638
-567
-227
344
684
956
1476
1852
1763
1681
1836
1702
1203
949
1025
812
171
-239
-195
-244
-608
-867
-865
-924
-1151
-1251
-1116
-963
-861
-670
-411
-207
10
384
808
1074
1285
1624
1971
2133
2202
2361
2515
2445
2223
2096
2027
1845
1598
1414
1246
963
625
411
278
92
-90
-225
-359
-494
-546
-490
-418
-406
-390
-368
-439
-564
-708
-975
-1394
-1872
-2358
-2929
-3664
-4429
-5118
-5830
-6433
-6547
-6116
-5445
-4686
-3629
-2220
-856
233
1277
2387
3339
3975
4414
4824
5190
5449
5638
5710
5581
5290
4840
4135
3216
2281
1409
484
-503
-1312
-1805
-2090
-2211
-2078
-1719
-1279
-831
-365
100
524
923
1324
1671
1913
2122
2336
2470
2441
2277
2046
1734
1275
701
93
-533
-1155
-1762
-2378
-2953
-3360
-3538
-3575
-3593
-3522
-3262
-2897
-2537
-2158
-1679
-1128
-622
-194
211
587
905
1126
1198
1134
1001
846
642
349
36
-231
-503
-812
-1089
-1272
-1383
-1482
-1560
-1566
-1510
-1413
-1283
-1121
-903
-621
-304
37
401
770
1129
1462
1749
1976
2123
2199
2222
2199
2155
2112
2032
1895
1722
1552
1376
1151
900
692
533
388
274
242
312
429
523
573
609
652
667
642
613
585
503
341
155
-18
-195
-385
-604
-910
-1324
-1781
-2240
-2771
-3398
-3961
-4429
-5009
-5716
-6092
-5774
-5058
-4388
-3609
-2336
-779
486
1384
2310
3323
4017
4182
4092
4052
4068
3971
3688
3324
3031
2794
2391
1722
989
397
-158
-844
-1527
-1934
-2033
-1963
-1748
-1323
-704
26
785
1492
2065
2502
2824
2997
2977
2824
2647
2440
2123
1685
1215
784
370
-87
-585
-1071
-1499
-1904
-2339
-2771
-3065
-3127
-3045
-2946
-2784
-2396
-1797
-1190
-684
-199
305
707
885
892
864
821
686
441
170
-44
-213
-407
-659
-910
-1082
-1184
-1298
-1441
-1523
-1471
-1366
-1301
-1221
-1018
-732
-499
-330
-109
199
489
676
808
953
1104
1210
1263
1289
1322
1372
1421
1424
1383
1348
1315
1217
1048
899
783
611
396
260
242
255
300
445
642
780
868
968
1013
948
863
820
733
545
338
169
-9
-184
-310
-487
-821
-1233
-1586
-1987
-2586
-3257
-3767
-4208
-4829
-5461
-5618
-5191
-4586
-4018
-3199
-1906
-463
680
1539
2426
3350
3962
4069
3900
3766
3675
3435
3017
2625
2400
2225
1901
1438
1002
658
290
-183
-655
-948
-1027
-968
-815
-509
2
655
1306
1858
2324
2727
2988
3002
2789
2462
2092
1643
1078
457
-108
-569
-961
-1331
-1654
-1879
-2034
-2200
-2409
-2611
-2725
-2744
-2700
-2584
-2346
-1989
-1549
-1039
-476
47
447
748
952
987
840
647
454
159
-243
-575
-759
-924
-1123
-1220
-1190
-1172
-1206
-1177
-1055
-940
-853
-735
-597
-475
-316
-95
101
225
370
573
726
788
868
1004
1080
1056
1023
1017
988
944
947
977
962
934
955
978
928
853
834
822
753
685
713
815
920
1037
1231
1460
1606
1614
1528
1392
1200
942
660
392
147
-69
-250
-415
-600
-813
-1069
-1395
-1816
-2300
-2814
-3342
-3851
-4327
-4791
-5197
-5364
-5147
-4648
-4021
-3221
-2129
-880
230
1121
1946
2726
3247
3386
3274
3098
2906
2643
2312
1995
1777
1639
1473
1224
989
862
747
502
182
-36
-102
-109
-69
104
453
907
1373
1811
2239
2635
2906
2947
2767
2464
2079
1562
918
269
-300
-810
-1278
-1623
-1785
-1847
-1925
-2008
-2017
-1967
-1941
-1938
-1900
-1816
-1707
-1550
-1293
-956
-595
-236
104
372
522
568
543
423
177
-145
-465
-756
-1005
-1173
-1245
-1253
-1212
-1090
-900
-704
-535
-375
-227
-131
-97
-94
-80
-54
-26
24
123
264
406
530
644
735
778
794
820
841
827
813
822
820
771
722
730
758
736
693
685
697
690
674
696
773
876
975
1062
1139
1205
1224
1152
1012
857
667
399
110
-100
-246
-403
-557
-688
-874
-1171
-1499
-1817
-2213
-2700
-3143
-3498
-3896
-4362
-4637
-4530
-4171
-3738
-3149
-2232
-1087
-12
879
1719
2568
3258
3581
3557
3376
3175
2906
2484
1983
1594
1377
1186
906
644
551
553
452
227
48
6
13
-5
14
170
465
829
1199
1572
1957
2315
2535
2546
2408
2204
1875
1333
635
-34
-589
-1089
-1541
-1846
-1946
-1919
-1884
-1868
-1802
-1644
-1478
-1424
-1458
-1442
-1325
-1203
-1121
-990
-750
-463
-230
-68
55
160
206
129
-84
-342
-567
-794
-1057
-1280
-1348
-1287
-1202
-1098
-909
-637
-368
-158
8
151
256
294
260
193
159
178
211
244
335
524
736
879
968
1059
1141
1162
1119
1055
1000
956
894
813
763
794
845
822
753
759
840
876
856
893
1008
1080
1071
1052
1042
971
828
661
482
277
81
-88
-279
-482
-621
-720
-908
-1206
-1503
-1776
-2125
-2568
-2987
-3332
-3684
-4068
-4353
-4399
-4195
-3824
-3305
-2577
-1626
-596
336
1141
1932
2689
3204
3349
3246
3079
2846
2457
1959
1524
1213
947
676
476
418
458
487
467
452
496
563
594
591
633
783
999
1231
1491
1790
2077
2276
2370
2382
2282
2011
1571
1022
433
-171
-767
-1291
-1665
-1891
-2047
-2149
-2116
-1921
-1682
-1505
-1334
-1104
-903
-832
-816
-752
-681
-657
-616
-511
-413
-351
-272
-187
-181
-237
-279
-361
-561
-785
-911
-990
-1111
-1192
-1120
-972
-852
-710
-478
-248
-102
16
150
219
179
108
71
39
-1
17
101
192
278
420
635
844
990
1088
1164
1208
1198
1146
1074
998
920
845
785
755
777
845
934
1021
1119
1243
1363
1411
1361
1256
1128
960
712
424
189
10
-190
-421
-594
-683
-790
-982
-1208
-1433
-1729
-2137
-2579
-2994
-3426
-3901
-4321
-4526
-4457
-4166
-3711
-3052
-2128
-1047
-25
863
1725
2572
3199
3429
3353
3190
2980
2628
2116
1592
1197
915
656
425
325
388
489
506
495
571
707
761
703
677
784
960
1101
1242
1464
1743
1967
2085
2127
2096
1927
1578
1086
536
-5
-522
-1031
-1492
-1809
-1967
-2060
-2127
-2084
-1900
-1684
-1517
-1341
-1117
-934
-844
-773
-664
-551
-447
-342
-272
-250
-193
-82
-32
-100
-178
-230
-358
-579
-758
-862
-993
-1146
-1191
-1120
-1036
-950
-798
-601
-432
-272
-91
54
119
155
215
259
259
278
353
432
482
548
655
757
824
893
984
1050
1065
1074
1099
1102
1067
1028
1010
987
950
935
981
1060
1136
1205
1265
1290
1267
1211
1120
965
753
533
313
63
-182
-346
-451
-601
-833
-1073
-1290
-1552
-1896
-2280
-2666
-3062
-3491
-3953
-4360
-4557
-4445
-4122
-3709
-3112
-2193
-1081
-65
814
1708
2585
3188
3405
3371
3235
2997
2618
2103
1549
1099
808
582
340
197
268
453
547
577
681
848
934
917
922
1012
1130
1236
1357
1515
1703
1874
1980
1989
1914
1742
1434
983
466
-62
-607
-1163
-1636
-1948
-2129
-2264
-2320
-2195
-1925
-1666
-1464
-1216
-903
-654
-522
-416
-301
-226
-194
-152
-124
-143
-154
-126
-151
-274
-377
-417
-520
-729
-902
-975
-1064
-1202
-1242
-1142
-1036
-957
-807
-576
-368
-196
-3
170
250
290
345
373
335
320
378
446
481
548
680
821
937
1043
1146
1210
1231
1224
1190
1121
1046
973
894
810
755
737
733
754
817
898
950
972
989
989
929
807
645
453
233
7
-225
-445
-617
-740
-891
-1111
-1343
-1551
-1810
-2204
-2649
-3044
-3425
-3877
-4294
-4452
-4301
-3977
-3531
-2841
-1863
-779
224
1152
2089
2948
3510
3682
3594
3413
3137
2672
2046
1444
1018
725
449
212
136
234
358
411
453
559
666
674
626
637
747
896
1047
1225
1455
1726
1976
2132
2176
2134
1987
1668
1183
635
91
-476
-1065
-1581
-1918
-2078
-2145
-2180
-2126
-1896
-1543
-1239
-1054
-858
-591
-387
-347
-368
-332
-283
-297
-357
-417
-444
-430
-428
-529
-701
-801
-829
-951
-1177
-1304
-1283
-1285
-1360
-1337
-1148
-942
-797
-626
-403
-203
-33
131
240
278
339
464
532
492
499
625
747
781
827
955
1080
1139
1183
1235
1251
1227
1189
1120
1019
946
924
888
818
781
826
915
985
1037
1106
1201
1264
1239
1156
1087
991
779
479
194
-48
-294
-542
-776
-1018
-1266
-1494
-1742
-2072
-2454
-2804
-3136
-3543
-4001
-4374
-4529
-4447
-4184
-3759
-3102
-2174
-1094
-49
915
1868
2789
3469
3736
3672
3482
3229
2808
2193
1534
1009
640
339
86
-33
28
171
277
346
463
630
732
711
676
755
928
1099
1244
1451
1753
2079
2322
2427
2408
2293
2064
1647
1036
364
-238
-785
-1356
-1860
-2118
-2122
-2054
-2030
-1948
-1687
-1337
-1096
-1015
-962
-838
-700
-654
-703
-729
-663
-565
-534
-550
-498
-380
-354
-488
-653
-729
-794
-982
-1245
-1423
-1443
-1395
-1358
-1286
-1093
-785
-474
-246
-66
132
330
425
404
379
415
455
430
392
444
588
729
815
892
1007
1128
1182
1150
1097
1071
1038
938
824
791
836
875
899
976
1120
1261
1350
1387
1413
1465
1506
1462
1319
1174
1062
888
611
333
154
12
-197
-476
-760
-1040
-1367
-1777
-2253
-2748
-3220
-3710
-4265
-4772
-5009
-4917
-4636
-4221
-3524
-2491
-1346
-320
618
1586
2498
3122
3342
3262
3050
2765
2345
1767
1181
761
494
248
27
-34
85
227
284
328
443
566
608
594
625
750
963
1223
1496
1786
2124
2473
2735
2841
2799
2623
2279
1757
1096
347
-413
-1083
-1627
-2061
-2345
-2406
-2271
-2063
-1857
-1635
-1382
-1127
-934
-863
-887
-862
-708
-565
-549
-525
-330
-63
81
128
205
268
202
24
-201
-468
-762
-1031
-1266
-1451
-1499
-1382
-1220
-1092
-888
-538
-209
-50
18
115
184
142
52
1
-12
-6
41
145
293
482
682
833
919
978
1016
982
870
748
659
587
516
471
479
542
657
800
930
1048
1198
1359
1456
1459
1423
1384
1306
1159
996
858
718
539
347
186
33
-154
-386
-665
-1013
-1415
-1834
-2300
-2846
-3411
-3894
-4310
-4677
-4840
-4662
-4229
-3681
-2920
-1839
-644
383
1256
2125
2919
3404
3512
3369
3095
2754
2337
1829
1292
873
635
437
205
59
76
113
25
-93
-92
-14
21
20
117
380
772
1208
1630
2041
2451
2809
3006
3004
2845
2542
2045
1373
642
-37
-666
-1256
-1738
-2022
-2100
-2052
-1960
-1821
-1612
-1368
-1194
-1113
-1034
-931
-873
-856
-769
-577
-395
-263
-117
52
159
166
105
-41
-288
-570
-834
-1120
-1427
-1627
-1664
-1648
-1606
-1429
-1098
-781
-559
-324
-43
152
202
208
227
202
152
158
207
244
321
503
694
787
851
949
996
909
787
733
676
551
444
445
504
559
647
784
920
1031
1137
1225
1254
1260
1295
1319
1276
1201
1155
1111
1028
926
816
668
474
276
97
-90
-307
-581
-935
-1338
-1750
-2191
-2713
-3263
-3748
-4181
-4571
-4771
-4637
-4260
-3768
-3068
-2046
-900
91
923
1746
2514
3023
3191
3093
2856
2575
2276
1909
1496
1169
994
847
636
466
418
357
149
-102
-224
-226
-231
-242
-138
158
610
1111
1569
1965
2334
2634
2753
2656
2417
2077
1596
983
342
-246
-769
-1193
-1473
-1638
-1741
-1740
-1617
-1494
-1463
-1433
-1317
-1226
-1259
-1282
-1137
-904
-687
-395
50
473
695
802
895
877
662
356
18
-410
-856
-1142
-1287
-1441
-1538
-1416
-1183
-1059
-979
-766
-532
-476
-497
-419
-325
-345
-383
-321
-209
-87
105
331
482
575
703
799
760
676
664
636
503
390
426
513
538
564
654
738
762
772
775
739
711
745
780
763
771
871
963
957
936
993
1053
999
850
709
591
448
260
48
-164
-385
-656
-1005
-1433
-1902
-2377
-2838
-3311
-3832
-4303
-4508
-4355
-3995
-3535
-2850
-1825
-656
336
1106
1824
2525
3018
3144
2991
2769
2585
2372
2037
1666
1428
1318
1148
837
532
341
162
-141
-490
-695
-699
-597
-449
-210
213
802
1426
1934
2307
2608
2804
2769
2490
2113
1729
1278
728
177
-289
-687
-1047
-1348
-1586
-1777
-1903
-1973
-2039
-2110
-2126
-2092
-2061
-1963
-1683
-1294
-946
-593
-112
377
669
784
835
774
543
256
-21
-349
-674
-832
-858
-912
-958
-872
-736
-703
-700
-600
-492
-482
-473
-370
-262
-198
-89
97
253
356
475
602
648
626
611
595
531
455
425
430
434
455
518
600
661
696
718
722
702
678
659
628
604
637
718
778
824
935
1091
1162
1122
1081
1052
936
736
548
377
164
-36
-148
-261
-460
-645
-738
-902
-1274
-1724
-2117
-2541
-3071
-3593
-4029
-4384
-4531
-4313
-3830
-3283
-2604
-1627
-522
384
1045
1643
2199
2557
2665
2628
2566
2537
2507
2398
2226
2097
2009
1793
1373
912
552
226
-153
-500
-667
-629
-447
-154
232
683
1161
1602
1922
2092
2160
2157
2029
1776
1511
1308
1108
851
580
330
34
-345
-734
-1087
-1428
-1744
-1970
-2088
-2114
-2030
-1842
-1664
-1541
-1352
-1027
-719
-552
-405
-147
99
183
168
151
97
-35
-189
-365
-594
-796
-882
-943
-1067
-1145
-1083
-999
-1005
-993
-852
-676
-569
-472
-302
-126
-11
81
199
320
432
532
606
658
730
811
829
779
745
758
759
714
677
688
727
755
754
735
719
714
688
627
559
529
543
567
589
637
733
827
867
880
913
931
871
760
659
548
386
215
90
-13
-147
-298
-465
-694
-1015
-1416
-1905
-2447
-2949
-3365
-3791
-4247
-4488
-4291
-3792
-3274
-2730
-1948
-949
-57
540
985
1471
1930
2181
2229
2273
2421
2554
2527
2381
2242
2108
1836
1373
852
419
99
-179
-414
-515
-394
-112
202
494
815
1187
1502
1668
1741
1838
1942
1956
1864
1765
1702
1610
1411
1107
752
377
-75
-636
-1199
-1603
-1845
-2046
-2207
-2195
-1995
-1806
-1730
-1646
-1447
-1252
-1124
-950
-658
-364
-144
73
273
334
262
186
71
-192
-505
-672
-761
-918
-1060
-1039
-955
-950
-954
-865
-774
-764
-720
-566
-408
-291
-137
33
123
190
336
470
493
500
591
672
661
682
805
889
868
867
926
943
900
851
800
692
570
511
481
416
371
406
434
405
409
482
549
572
588
641
721
772
756
698
676
688
611
387
189
157
190
126
-47
-241
-417
-630
-992
-1536
-2134
-2615
-2971
-3380
-3889
-4235
-4141
-3687
-3199
-2787
-2238
-1409
-555
-6
317
761
1350
1773
1917
2069
2418
2745
2797
2645
2501
2380
2127
1656
1094
649
377
147
-87
-186
-78
73
143
230
440
694
877
1025
1207
1412
1598
1758
1883
1957
1974
1901
1717
1455
1153
809
404
-41
-504
-965
-1369
-1671
-1902
-2114
-2268
-2301
-2263
-2228
-2198
-2166
-2110
-1943
-1620
-1254
-952
-644
-252
97
253
280
289
240
102
-26
-92
-166
-259
-302
-321
-398
-502
-556
-595
-679
-739
-692
-584
-503
-433
-327
-214
-140
-68
39
164
283
430
613
787
936
1078
1201
1271
1310
1347
1355
1303
1213
1107
987
858
738
616
491
394
316
221
134
120
151
141
99
105
162
209
264
373
469
468
412
396
400
321
194
116
70
-14
-104
-140
-189
-347
-587
-864
-1216
-1667
-2118
-2496
-2851
-3188
-3393
-3388
-3210
-2899
-2479
-2044
-1666
-1277
-792
-285
109
395
691
1055
1444
1777
2011
2161
2253
2279
2249
2187
2085
1912
1676
1479
1385
1348
1278
1149
1020
945
911
863
772
638
488
360
290
286
322
360
375
384
432
536
641
685
664
607
528
435
328
192
10
-204
-407
-557
-659
-745
-858
-997
-1131
-1245
-1337
-1408
-1486
-1598
-1700
-1722
-1642
-1536
-1468
-1408
-1329
-1246
-1161
-1026
-843
-685
-604
-556
-471
-351
-263
-246
-260
-253
-230
-216
-190
-121
-45
-3
38
116
206
276
352
447
523
573
653
768
853
887
920
980
1023
1033
1041
1063
1074
1049
1007
950
888
831
787
757
730
692
630
565
521
490
455
409
352
279
203
165
170
172
142
99
71
42
-3
-29
-28
-30
-67
-113
-129
-141
-198
-307
-439
-580
-752
-959
-1168
-1360
-1547
-1736
-1878
-1921
-1880
-1830
-1806
-1776
-1701
-1588
-1457
-1309
-1150
-1004
-891
-767
-586
-352
-115
86
253
417
606
810
997
1155
1291
1403
1475
1526
1579
1610
1576
1494
1430
1421
1435
1433
1414
1400
1407
1422
1444
1458
1442
1375
1270
1157
1049
929
785
636
502
386
267
144
37
-46
-115
-204
-328
-484
-665
-843
-978
-1054
-1110
-1205
-1334
-1425
-1445
-1430
-1431
-1456
-1485
-1506
-1496
-1427
-1315
-1216
-1165
-1135
-1069
-959
-843
-756
-699
-648
-589
-504
-389
-268
-183
-140
-94
-8
89
155
199
245
281
301
320
363
404
416
416
439
483
524
553
575
593
609
636
671
693
698
704
729
764
808
872
935
967
970
979
1013
1039
1025
980
921
850
757
652
556
481
412
333
245
171
109
42
-46
-154
-290
-475
-702
-929
-1118
-1275
-1433
-1589
-1716
-1782
-1783
-1745
-1701
-1668
-1638
-1588
-1503
-1376
-1228
-1094
-990
-895
-750
-538
-308
-108
52
205
373
566
765
954
1108
1207
1267
1322
1391
1445
1443
1387
1321
1276
1250
1232
1211
1179
1136
1090
1052
1016
969
904
818
713
617
549
506
459
394
320
247
167
97
51
20
-39
-145
-263
-356
-427
-501
-582
-682
-824
-994
-1126
-1179
-1194
-1227
-1277
-1305
-1303
-1287
-1247
-1171
-1089
-1046
-1022
-974
-885
-787
-701
-617
-527
-448
-379
-298
-206
-126
-77
-39
7
57
93
114
127
134
140
154
192
234
263
276
301
350
413
463
499
535
566
591
622
665
704
722
731
751
784
815
830
834
840
834
817
787
749
701
642
582
530
491
455
412
360
299
235
169
111
58
0
-62
-125
-182
-220
-242
-269
-327
-426
-548
-670
-780
-895
-1025
-1177
-1338
-1481
-1558
-1565
-1535
-1511
-1498
-1462
-1375
-1238
-1076
-921
-798
-701
-602
-465
-282
-91
71
205
334
486
657
832
982
1093
1166
1218
1265
1311
1332
1320
1271
1204
1139
1086
1043
993
933
870
812
766
729
686
626
553
484
431
403
387
367
328
278
238
229
238
224
156
43
-75
-171
-246
-309
-389
-510
-667
-806
-877
-891
-900
-941
-1016
-1090
-1140
-1143
-1092
-1030
-1001
-1009
-1011
-968
-883
-794
-719
-656
-599
-533
-446
-336
-225
-138
-78
-25
35
85
109
108
100
93
92
101
118
128
128
138
181
246
309
357
396
433
471
519
572
611
616
604
602
615
625
621
607
590
575
569
565
548
511
466
437
424
404
365
308
251
211
198
200
193
161
125
111
126
143
141
110
62
13
-19
-43
-89
-180
-310
-437
-535
-613
-708
-835
-984
-1134
-1244
-1290
-1283
-1269
-1282
-1307
-1289
-1207
-1072
-920
-786
-677
-586
-478
-326
-146
25
157
257
358
485
624
755
855
922
966
1007
1052
1092
1098
1054
986
930
902
891
873
838
786
732
702
705
720
713
673
615
561
507
454
407
363
316
261
203
143
75
2
-47
-67
-94
-168
-285
-410
-504
-561
-597
-637
-703
-797
-881
-913
-891
-858
-852
-875
-899
-899
-867
-824
-790
-778
-776
-758
-706
-628
-558
-510
-481
-444
-385
-313
-247
-193
-161
-135
-101
-48
11
53
72
87
109
147
197
246
282
302
313
326
346
362
372
380
394
423
460
496
523
544
565
592
624
648
654
644
630
622
619
612
588
547
497
457
430
414
398
377
347
311
278
246
215
182
149
121
99
79
53
24
-6
-39
-84
-138
-200
-278
-374
-472
-560
-644
-727
-806
-881
-968
-1059
-1126
-1155
-1148
-1132
-1125
-1128
-1111
-1054
-962
-851
-735
-629
-545
-453
-324
-164
-23
87
186
290
398
496
597
690
765
813
852
901
943
962
957
949
936
914
893
878
859
815
762
714
697
695
680
631
543
433
339
320
342
319
217
92
-6
-65
-56
6
10
-102
-228
-272
-261
-251
-251
-292
-401
-507
-532
-506
-513
-558
-623
-698
-739
-717
-675
-681
-713
-715
-687
-653
-599
-539
-524
-535
-511
-448
-406
-390
-372
-353
-356
-349
-312
-279
-274
-268
-240
-212
-192
-160
-114
-73
-24
42
111
166
214
271
332
401
479
540
570
586
606
637
669
696
703
685
659
651
656
654
638
608
577
546
520
503
484
453
424
400
372
341
311
288
268
246
220
194
163
136
113
88
48
-1
-51
-94
-137
-189
-258
-336
-406
-466
-515
-566
-634
-711
-776
-806
-818
-832
-853
-879
-899
-896
-864
-825
-803
-789
-771
-733
-670
-597
-535
-487
-441
-378
-293
-203
-117
-40
27
97
183
273
359
429
483
538
595
651
706
748
768
778
787
803
821
829
824
809
787
768
756
747
731
706
673
635
596
560
529
496
458
412
363
318
274
232
191
150
104
54
0
-56
-110
-167
-225
-287
-354
-426
-499
-569
-633
-690
-746
-798
-848
-895
-927
-947
-957
-957
-951
-936
-914
-884
-847
-802
-754
-705
-655
-607
-558
-505
-454
-402
-355
-315
-275
-234
-188
-139
-96
-57
-15
28
79
140
200
258
314
370
433
505
571
631
690
737
787
837
882
917
940
953
958
953
938
918
895
867
829
777
709
632
564
514
469
410
332
241
161
108
76
45
-8
-80
-150
-195
-213
-227
-262
-322
-385
-430
-446
-455
-481
-527
-579
-616
-627
-622
-624
-645
-672
-688
-682
-658
-634
-623
-619
-611
-590
-555
-518
-486
-457
-429
-395
-357
-314
-270
-222
-172
-124
-79
-37
11
67
130
183
224
255
288
331
383
429
463
481
493
513
541
574
597
605
608
610
620
635
646
645
637
619
603
595
583
564
531
490
447
406
367
321
267
206
141
80
23
-35
-98
-164
-229
-292
-347
-397
-447
-495
-538
-580
-611
-639
-659
-671
-692
-703
-709
-708
-693
-685
-673
-657
-638
-605
-572
-542
-505
-469
-427
-383
-341
-293
-244
-194
-143
-95
-43
13
72
128
178
227
274
320
361
396
429
453
471
483
484
490
492
487
479
451
425
407
391
380
363
337
312
287
272
269
264
261
246
228
216
209
210
214
203
183
159
137
126
117
100
72
38
6
-23
-48
-72
-101
-135
-168
-196
-220
-239
-256
-275
-292
-304
-308
-305
-302
-297
-289
-280
-265
-247
-233
-218
-208
-194
-180
-172
-165
-164
-161
-155
-150
-148
-147
-147
-141
-132
-120
-106
-96
-88
-76
-63
-46
-27
-9
6
16
30
44
59
72
80
84
84
88
92
96
97
98
99
97
94
95
96
97
96
98
97
103
110
118
125
134
145
155
167
181
194
205
212
219
228
226
223
220
207
194
178
160
144
120
95
68
39
15
-8
-30
-55
-77
-99
-118
-131
-143
-150
-158
-167
-173
-176
-174
-168
-164
-163
-162
-162
-155
-147
-140
-131
-127
-117
-105
-96
-86
-77
-72
-63
-56
-51
-46
-42
-39
-36
-36
-37
-35
-33
-33
-33
-37
-41
-41
-38
-35
-31
-24
-18
-8
0
6
15
20
25
29
39
51
68
82
89
96
97
94
92
89
89
94
100
103
106
104
98
91
83
77
74
73
74
75
73
71
64
56
48
40
34
28
27
25
25
19
14
7
-1
-13
-27
-43
-56
-63
-67
-73
-77
-82
-84
-85
-86
-86
-84
-81
-78
-72
-62
-52
-48
-50
-51
-53
-52
-52
-51
-52
-54
-58
-64
-72
-77
-78
-75
-74
-70
-63
-58
-52
-45
-38
-38
-38
-29
-11
0
6
14
24
36
49
56
63
73
88
100
109
116
122
128
130
138
141
138
132
120
108
100
91
75
58
55
52
38
30
12
-63
-184
-244
-197
-111
-57
-31
-1
27
59
99
104
65
61
132
194
178
141
146
146
89
20
-15
-49
-82
-79
-53
-60
-89
-92
-91
-137
-203
-231
-217
-207
-202
-175
-138
-120
-112
-104
-110
-137
-150
-126
-98
-87
-79
-55
-35
-38
-48
-48
-51
-65
-69
-47
-23
-12
3
25
33
31
41
63
76
92
132
172
183
181
199
217
211
193
186
188
191
194
177
137
104
107
110
82
39
22
24
33
39
29
7
-1
9
9
-9
-17
-9
-2
-2
3
2
-9
-10
4
22
28
36
38
19
-10
-38
-60
-83
-100
-108
-111
-122
-141
-161
-184
-208
-225
-237
-237
-223
-200
-172
-146
-120
-103
-95
-88
-73
-50
-25
2
30
52
73
93
106
103
97
102
108
112
118
132
147
152
151
145
134
117
103
90
72
64
78
94
100
93
89
79
62
54
49
44
38
44
44
25
6
-7
-20
-42
-64
-76
-90
-104
-107
-100
-97
-100
-95
-90
-87
-84
-71
-55
-46
-38
-24
-11
-9
-11
-10
-15
-24
-33
-36
-40
-53
-64
-67
-73
-80
-80
-74
-69
-62
-54
-43
-43
-51
-56
-54
-49
-39
-23
0
23
43
64
74
74
74
77
83
84
89
95
101
102
106
105
97
85
69
54
43
47
59
68
67
63
52
34
22
24
27
32
45
57
54
43
33
18
0
-11
-13
-21
-32
-31
-25
-27
-30
-26
-22
-23
-25
-24
-31
-48
-52
-47
-40
-40
-29
-18
-13
-14
-18
-26
-39
-44
-42
-45
-51
-49
-40
-40
-43
-45
-50
-56
-54
-44
-41
-48
-49
-46
-45
-50
-51
-45
-40
-27
-7
6
12
19
31
38
34
30
33
33
35
43
49
53
55
55
55
52
42
33
28
24
25
23
25
24
25
25
23
19
16
13
13
17
16
17
22
25
25
26
25
24
22
21
20
19
16
17
15
10
7
1
-2
-7
-13
-24
-31
-40
-45
-50
-53
-57
-63
-68
-75
-79
-83
-85
-80
-71
-57
-49
-43
-38
-34
-31
-27
-19
-11
0
11
21
26
29
34
38
40
44
47
48
48
50
48
43
38
32
28
19
13
15
22
30
36
32
20
6
-3
-8
-6
2
17
33
42
33
19
3
-5
-3
1
7
15
24
28
27
19
11
8
12
18
22
24
27
32
36
40
33
28
20
10
-2
-14
-28
-40
-48
-56
-69
-83
-95
-104
-109
-110
-106
-102
-97
-91
-82
-76
-69
-59
-45
-30
-14
-3
8
14
26
35
43
50
56
63
68
70
66
67
64
63
59
52
45
39
35
30
21
12
5
-4
-12
-19
-23
-28
-32
-32
-31
-29
-26
-21
-18
-13
-9
-6
-2
2
7
9
11
12
12
12
14
18
15
16
15
15
13
16
21
25
27
27
27
21
18
14
9
8
6
2
-3
-10
-18
-31
-40
-49
-56
-62
-64
-65
-64
-63
-62
-59
-58
-54
-49
-41
-31
-19
-4
10
23
31
40
45
50
62
70
80
91
93
92
86
77
72
66
59
57
53
46
37
25
13
1
-7
-12
-16
-17
-17
-19
-21
-22
-23
-23
-24
-26
-26
-27
-31
-30
-31
-30
-28
-28
-26
-27
-33
-35
-37
-36
-28
-22
-17
-15
-10
-5
-3
-2
-1
-1
-1
0
0
-1
0
-1
-4
-3
-5
-10
-12
-13
-16
-18
-17
-13
-11
-8
-4
0
2
6
8
7
11
15
16
21
24
23
23
21
20
16
17
18
16
16
17
15
13
11
9
9
5
2
1
-1
0
-3
-4
-2
-5
-9
-7
-10
-10
-12
-13
-10
-11
-12
-10
-10
-7
-6
-6
-3
-2
-5
-3
-1
-3
-1
-1
0
1
-1
0
-3
-8
-9
-12
-14
-14
-12
-7
-2
0
-1
-2
-1
0
0
-1
4
8
12
16
18
18
17
19
17
18
17
19
23
26
28
25
25
26
23
21
23
24
25
25
24
24
21
17
13
9
5
0
-3
-3
-10
-15
-18
-23
-31
-34
-34
-33
-34
-32
-29
-29
-32
-33
-33
-32
-31
-31
-28
-25
-24
-22
-18
-16
-17
-19
-17
-16
-13
-10
-8
-9
-10
-11
-13
-11
-8
-8
-6
-6
-8
-10
-10
-11
-12
-11
-6
-4
1
7
11
13
15
19
21
27
32
36
39
45
46
45
45
47
46
47
46
45
43
40
35
33
30
25
22
17
13
7
6
2
-4
-9
-14
-19
-25
-26
-28
-31
-30
-31
-31
-30
-30
-29
-31
-30
-28
-27
-26
-23
-21
-18
-17
-15
-14
-14
-14
-11
-7
-3
2
5
