1
1
0
1
1
1
2
0
-1
-2
-2
-3
-2
-2
-2
-2
-3
-4
-3
-2
-1
-1
0
-2
-1
1
1
1
0
1
-2
-2
-2
-1
0
-1
-2
-3
-1
-1
-1
-1
-2
-2
-1
-1
-1
-1
-2
-2
-1
-1
1
3
3
4
2
4
3
3
3
2
2
0
0
0
-1
-1
-1
-2
-3
-1
0
0
0
1
0
1
2
2
4
4
3
3
3
1
0
-2
0
-1
-2
-2
-2
-2
-2
-1
0
2
3
5
5
5
4
4
2
2
2
1
1
1
0
-2
-1
-1
-1
0
0
-2
-2
-3
-2
-1
-1
-1
-1
0
-1
-2
-3
-2
-3
-5
-3
-5
-5
-4
-6
-6
-5
-3
-3
-3
-2
-3
-1
-1
0
2
0
1
3
3
3
3
3
3
3
2
1
-1
-2
-2
-3
-3
-4
-2
-2
1
0
2
3
5
7
6
7
8
7
7
6
5
2
1
2
2
3
3
2
1
2
2
2
1
-1
0
-1
-2
-2
-4
-4
-3
-5
-6
-4
-2
-2
-3
-1
0
2
2
2
1
1
3
1
1
0
-1
-1
-2
-1
-1
0
-2
-2
-2
-1
0
-2
-3
-3
-3
-2
-1
-1
-2
-2
-3
-3
-2
-1
-1
0
0
1
2
0
-2
-1
0
-1
0
0
2
1
0
0
1
0
1
2
3
2
2
2
3
4
4
2
3
3
2
3
2
2
2
1
2
2
2
2
2
2
3
1
2
1
0
0
-1
-3
-2
-3
-3
-4
-4
-5
-7
-4
-6
-6
-5
-3
-3
-2
-1
-3
0
2
2
3
4
4
3
3
2
3
2
2
0
0
2
4
4
3
0
-1
1
1
1
2
1
1
1
1
1
1
-1
-2
-3
-3
-4
-2
-3
-3
-4
-3
-2
-1
-1
-1
-1
-1
0
2
2
2
2
2
2
2
1
1
-1
0
0
1
1
2
2
2
1
2
1
1
3
2
2
1
1
2
1
0
0
0
0
-1
-2
-2
-3
-4
-4
-3
-2
-4
-4
-3
-4
-2
-4
-3
-3
-4
-2
-2
-3
-4
-6
-3
-4
-4
-3
-3
-2
-1
0
1
1
2
2
4
5
4
4
4
3
4
4
4
1
0
-2
-1
1
1
2
-1
1
1
2
4
6
6
4
7
7
7
7
6
3
0
0
-1
-2
-1
-2
-3
-3
-2
0
1
1
-1
1
0
1
1
3
2
2
1
2
2
1
1
0
1
1
0
-1
-2
-1
-1
0
1
1
-1
-1
-2
-5
-4
-4
-5
-6
-8
-7
-6
-6
-8
-7
-6
-7
-5
-5
-5
-4
0
1
0
-1
1
-1
0
1
-1
-1
-1
-1
0
-2
-2
-3
-3
-2
-3
-3
-1
-1
0
1
-1
-1
-3
-1
-1
-2
-2
-1
0
0
0
-1
0
-2
0
2
0
1
1
1
2
3
4
5
5
5
5
4
4
3
3
3
3
4
4
4
3
1
4
3
3
4
4
6
7
8
8
9
8
9
8
9
8
9
7
8
9
8
8
8
7
6
6
7
7
5
4
3
3
2
1
0
0
0
-3
-4
-6
-5
-6
-7
-9
-12
-11
-11
-11
-10
-12
-11
-12
-12
-13
-12
-10
-10
-8
-6
-5
-3
-2
-1
-1
-4
-2
-3
-1
0
-3
-4
-6
-7
-6
-5
-6
-9
-12
-13
-13
-9
-9
-10
-12
-13
-15
-13
-11
-11
-12
-15
-15
-12
-10
-11
-11
-11
-11
-9
-6
-6
-9
-10
-11
-8
-8
-8
-8
-8
-8
-7
-6
-2
2
8
13
20
32
42
54
64
77
104
122
138
157
171
213
248
263
288
299
338
391
398
412
417
428
477
481
471
461
437
454
448
409
379
330
303
277
225
174
120
68
20
-38
-94
-149
-200
-261
-325
-371
-423
-464
-523
-593
-630
-672
-703
-741
-812
-844
-862
-881
-885
-935
-965
-950
-950
-926
-933
-949
-912
-878
-835
-790
-741
-685
-629
-568
-506
-444
-380
-314
-250
-185
-122
-61
-5
49
99
146
190
230
263
295
324
345
359
371
379
385
388
386
373
347
314
279
246
206
156
96
30
-26
-63
-75
-79
-77
-70
-49
9
92
197
305
409
504
603
722
851
974
1071
1138
1190
1244
1306
1368
1424
1447
1447
1441
1441
1453
1455
1420
1339
1227
1102
978
856
704
514
286
52
-150
-312
-453
-602
-769
-934
-1058
-1120
-1135
-1149
-1187
-1248
-1302
-1314
-1288
-1256
-1253
-1285
-1331
-1350
-1328
-1280
-1238
-1222
-1219
-1199
-1137
-1042
-935
-850
-788
-731
-655
-557
-455
-373
-318
-287
-253
-203
-140
-80
-39
-15
9
47
102
166
223
266
302
349
409
480
546
600
645
688
737
787
837
877
905
926
949
974
1003
1026
1042
1055
1065
1077
1088
1091
1083
1066
1041
1009
966
919
861
797
724
646
566
477
386
291
192
87
-27
-152
-295
-451
-616
-795
-987
-1194
-1410
-1629
-1837
-2021
-2174
-2295
-2385
-2442
-2458
-2419
-2330
-2199
-2036
-1858
-1661
-1443
-1200
-942
-683
-433
-199
32
269
514
759
993
1212
1424
1628
1828
2019
2185
2313
2401
2453
2475
2468
2427
2349
2235
2099
1953
1798
1633
1456
1270
1083
901
726
550
361
162
-33
-210
-364
-509
-656
-807
-944
-1045
-1111
-1148
-1180
-1215
-1249
-1259
-1234
-1186
-1136
-1105
-1093
-1079
-1045
-984
-919
-868
-839
-815
-774
-706
-623
-549
-499
-466
-436
-395
-341
-298
-281
-290
-311
-323
-318
-306
-300
-306
-313
-303
-270
-215
-155
-99
-46
16
92
178
270
351
419
484
551
626
701
768
825
873
917
965
1013
1056
1089
1111
1123
1135
1142
1143
1130
1099
1057
1007
951
890
823
747
663
575
488
400
315
222
123
17
-100
-227
-366
-518
-690
-880
-1088
-1305
-1524
-1740
-1938
-2114
-2263
-2380
-2455
-2484
-2464
-2397
-2290
-2151
-1982
-1786
-1572
-1342
-1098
-852
-605
-358
-108
142
400
656
913
1169
1419
1664
1898
2117
2309
2472
2599
2689
2741
2755
2731
2670
2574
2450
2307
2146
1971
1786
1596
1402
1207
1014
826
640
451
257
65
-121
-303
-482
-659
-834
-1004
-1158
-1292
-1406
-1505
-1590
-1655
-1697
-1715
-1712
-1691
-1659
-1621
-1574
-1514
-1445
-1370
-1298
-1231
-1166
-1100
-1031
-952
-875
-799
-726
-653
-575
-497
-422
-356
-302
-260
-225
-194
-167
-147
-134
-123
-108
-83
-46
3
60
126
202
291
391
501
610
719
822
920
1018
1108
1187
1250
1300
1337
1364
1386
1397
1399
1389
1371
1347
1323
1292
1253
1204
1145
1082
1010
932
842
742
632
516
398
277
156
35
-82
-198
-312
-420
-526
-635
-747
-866
-990
-1121
-1259
-1404
-1555
-1706
-1856
-1994
-2120
-2223
-2304
-2352
-2367
-2350
-2295
-2206
-2086
-1937
-1763
-1568
-1360
-1137
-908
-675
-442
-207
29
266
503
741
978
1209
1439
1660
1869
2064
2239
2390
2518
2614
2684
2721
2725
2699
2642
2557
2446
2311
2156
1983
1798
1601
1398
1190
980
771
563
361
162
-31
-220
-398
-571
-735
-891
-1038
-1171
-1294
-1402
-1494
-1573
-1634
-1677
-1704
-1715
-1709
-1687
-1654
-1607
-1550
-1485
-1412
-1336
-1255
-1171
-1087
-1003
-919
-838
-762
-689
-622
-559
-503
-453
-408
-370
-336
-307
-279
-251
-223
-194
-161
-125
-82
-34
19
82
150
224
302
386
473
561
648
735
820
901
980
1050
1116
1175
1226
1268
1302
1327
1344
1351
1348
1337
1313
1279
1237
1186
1127
1059
982
899
810
714
617
520
420
319
220
122
23
-78
-178
-281
-384
-496
-611
-732
-858
-988
-1123
-1258
-1390
-1519
-1641
-1751
-1844
-1918
-1974
-2005
-2012
-1991
-1945
-1875
-1779
-1659
-1519
-1363
-1189
-1003
-805
-598
-389
-176
39
253
464
669
871
1063
1246
1414
1571
1712
1838
1944
2031
2098
2145
2170
2170
2152
2109
2045
1961
1858
1741
1607
1460
1303
1138
964
784
609
432
255
82
-83
-239
-391
-535
-670
-794
-905
-1010
-1101
-1178
-1245
-1304
-1346
-1372
-1391
-1397
-1392
-1375
-1348
-1314
-1270
-1220
-1168
-1111
-1055
-994
-932
-876
-819
-762
-711
-662
-614
-566
-522
-484
-445
-406
-366
-330
-287
-242
-194
-140
-83
-18
54
125
200
278
355
431
503
576
644
703
760
812
860
903
935
964
992
1013
1029
1042
1053
1057
1056
1052
1041
1024
1007
985
952
913
873
831
777
719
658
601
537
464
393
324
254
173
89
5
-82
-178
-279
-390
-507
-630
-755
-885
-1021
-1157
-1281
-1396
-1515
-1624
-1702
-1756
-1801
-1831
-1821
-1775
-1718
-1647
-1544
-1407
-1259
-1109
-946
-761
-573
-391
-207
-21
156
324
492
650
790
926
1066
1190
1291
1386
1484
1564
1622
1671
1715
1736
1733
1723
1702
1646
1563
1483
1398
1271
1115
976
854
699
514
359
239
105
-48
-175
-261
-354
-465
-552
-599
-656
-742
-802
-825
-867
-928
-954
-957
-987
-1016
-983
-941
-966
-985
-883
-769
-805
-870
-747
-550
-566
-733
-694
-444
-386
-617
-705
-462
-295
-489
-686
-510
-239
-304
-522
-451
-178
-103
-225
-216
-32
65
46
123
248
212
159
376
605
424
179
456
895
749
302
431
1010
1091
581
431
957
1289
922
555
827
1238
1114
739
745
1040
1096
862
713
816
921
822
634
561
609
601
461
319
284
285
191
27
-70
-94
-166
-326
-470
-548
-634
-785
-944
-1073
-1205
-1339
-1451
-1552
-1670
-1781
-1838
-1870
-1918
-1953
-1919
-1848
-1797
-1743
-1623
-1453
-1302
-1180
-1007
-793
-610
-439
-218
22
204
377
596
825
1006
1180
1395
1588
1716
1853
2048
2212
2276
2309
2383
2456
2442
2366
2298
2221
2086
1895
1680
1465
1266
1035
733
429
198
15
-198
-487
-760
-869
-903
-1078
-1322
-1405
-1341
-1298
-1372
-1543
-1589
-1315
-1043
-1217
-1526
-1328
-842
-759
-1024
-1104
-861
-562
-531
-694
-661
-470
-371
-326
-392
-487
-227
47
-192
-470
-348
59
362
-156
-833
-98
872
42
-889
-3
810
135
-473
-47
619
617
-45
-289
445
992
453
-242
-59
761
1063
256
-365
376
1138
635
7
194
567
766
791
443
178
620
1108
775
236
324
722
925
830
320
-28
621
1261
481
-497
40
929
581
-78
-31
95
46
191
163
-264
-456
-232
-43
-106
-412
-720
-657
-403
-508
-862
-985
-892
-811
-825
-981
-1173
-1188
-1049
-1000
-1131
-1254
-1164
-962
-902
-963
-957
-853
-750
-664
-538
-386
-263
-141
7
135
258
447
641
747
825
958
1137
1286
1355
1377
1411
1443
1462
1489
1487
1398
1241
1117
1057
997
890
743
584
436
308
209
118
-10
-114
-171
-233
-277
-297
-359
-442
-549
-591
-428
-309
-442
-550
-554
-487
-331
-391
-535
-447
-471
-381
53
-180
-858
-513
198
-162
-803
-430
267
-30
-698
-514
-66
-179
-363
-338
-482
-455
92
109
-762
-912
-36
117
-607
-574
136
-38
-602
-280
-78
-372
-109
118
-197
-226
47
255
254
-162
-356
49
382
552
388
-110
157
547
134
454
981
191
253
1317
735
153
1053
1159
640
831
766
580
1092
1349
753
103
225
893
1020
357
-216
-68
466
421
-330
-747
-332
116
-328
-1189
-1113
-447
-591
-1250
-1492
-1426
-1323
-1329
-1515
-1611
-1595
-1641
-1620
-1569
-1587
-1457
-1249
-1186
-1043
-763
-512
-238
-40
54
367
789
975
1204
1633
1893
1965
2064
2209
2429
2587
2508
2445
2509
2461
2327
2201
1969
1660
1417
1188
895
520
130
-59
-162
-532
-989
-1236
-1356
-1467
-1680
-1920
-1834
-1618
-1772
-1963
-1792
-1636
-1574
-1352
-1240
-1278
-1031
-607
-438
-479
-436
-210
66
198
194
270
475
588
477
350
405
467
478
530
299
-116
-75
290
305
-224
-630
-276
56
-439
-752
-88
71
-921
-1077
-77
320
-158
-729
-619
42
202
-83
-97
189
330
163
-7
99
743
1055
211
-255
397
1053
1236
866
321
182
502
1121
1399
870
184
423
1113
882
484
826
886
379
-19
243
1086
1248
348
-351
-147
345
508
370
20
-311
-465
-588
-436
-240
-691
-1320
-1568
-1646
-1517
-1278
-1523
-2251
-2693
-2614
-2363
-2041
-1936
-2242
-2437
-2268
-1981
-1640
-1285
-1006
-818
-748
-503
270
1089
1313
1209
1317
1765
2408
2942
3209
3349
3375
3338
3486
3709
3757
3686
3464
3106
2890
2800
2600
2241
1707
1065
566
233
-92
-415
-820
-1424
-2030
-2365
-2396
-2441
-2804
-3228
-3294
-3135
-3042
-2936
-2762
-2696
-2664
-2375
-1812
-1327
-1145
-989
-610
-259
-49
337
850
1030
955
1110
1437
1565
1467
1371
1371
1331
1222
1199
1151
801
344
131
35
-179
-431
-608
-754
-977
-1233
-1313
-1260
-1361
-1552
-1481
-1130
-884
-944
-945
-621
-423
-548
-323
371
745
641
670
1016
1302
1268
1108
1187
1457
1568
1506
1514
1600
1550
1278
1018
1059
1229
1116
790
692
876
911
563
126
-32
-60
-182
-54
373
369
-176
-463
-369
-472
-712
-645
-491
-773
-1313
-1461
-1235
-1335
-1985
-2735
-3298
-3557
-3184
-2330
-2013
-2743
-3556
-3386
-2644
-2360
-2448
-2074
-1275
-759
-483
160
1031
1469
1494
1665
2228
3101
4123
4903
5019
4694
4613
4902
5091
5039
5007
4949
4593
4106
3814
3535
2912
2058
1333
758
188
-269
-562
-1072
-2036
-3035
-3679
-4199
-4732
-4884
-4655
-4778
-5423
-5704
-5195
-4675
-4657
-4526
-3848
-3120
-2630
-1984
-1152
-613
-306
276
1060
1567
1920
2536
3129
3154
2907
3056
3458
3508
3225
3058
2985
2664
2175
1838
1560
1070
535
239
4
-454
-952
-1230
-1474
-1906
-2303
-2361
-2238
-2259
-2363
-2307
-2144
-2041
-1894
-1574
-1203
-896
-517
-36
296
420
663
1123
1449
1515
1656
1963
2069
1871
1702
1721
1788
1837
1829
1614
1255
1117
1246
1190
788
420
342
426
531
583
410
25
-242
-248
-207
-203
-135
-169
-609
-1182
-1367
-1319
-1602
-2230
-2818
-3402
-4169
-4691
-4474
-3958
-3932
-4350
-4569
-4403
-4128
-3780
-3217
-2551
-1960
-1324
-482
473
1379
2180
2826
3327
3908
4801
5842
6631
7034
7211
7258
7171
7065
7066
6994
6594
5991
5452
4893
4079
3099
2187
1290
257
-759
-1524
-2129
-2823
-3635
-4418
-5125
-5729
-6066
-6099
-6074
-6090
-5976
-5865
-6120
-6342
-5671
-4444
-3921
-3986
-3234
-1653
-770
-796
-358
761
1407
1537
2134
2993
3191
3085
3438
3653
3066
2558
2904
3171
2506
1751
1742
1762
1069
280
95
74
-328
-762
-849
-923
-1242
-1465
-1427
-1496
-1730
-1644
-1188
-995
-1241
-1255
-726
-258
-247
-237
114
465
587
786
1169
1376
1316
1330
1465
1448
1361
1523
1737
1560
1127
955
1040
956
680
583
706
673
348
40
30
237
426
453
242
-142
-338
-43
395
370
9
-22
264
261
20
107
288
-194
-1090
-1443
-1358
-1748
-2591
-3174
-3729
-4973
-6290
-6328
-5277
-4652
-4955
-5270
-5066
-4760
-4508
-3887
-2784
-1581
-506
472
1355
2291
3508
4748
5431
5667
6204
7242
8182
8684
8972
9038
8574
7753
7138
6814
6402
5801
5146
4264
2938
1511
460
-377
-1438
-2643
-3578
-4213
-4800
-5328
-5693
-6039
-6495
-6826
-6817
-6543
-6069
-5389
-4733
-4370
-4107
-3673
-3290
-3044
-2273
-665
795
1198
1129
1540
2160
2350
2427
2861
3216
3028
2713
2678
2584
2143
1674
1292
667
-80
-322
-57
-53
-598
-1139
-1344
-1534
-1821
-1788
-1332
-964
-992
-1087
-962
-746
-550
-249
113
293
333
501
784
911
882
948
1108
1114
1007
1085
1379
1517
1278
915
726
657
544
466
518
537
377
219
237
261
130
56
240
469
503
474
569
660
644
729
1046
1308
1199
857
662
741
911
968
880
755
620
320
-282
-975
-1385
-1540
-1933
-2801
-3794
-4582
-5409
-6561
-7585
-7720
-7012
-6340
-6266
-6360
-5988
-5225
-4522
-3857
-2780
-1181
496
1849
3017
4312
5698
6854
7627
8204
8831
9537
10178
10586
10645
10308
9622
8702
7655
6559
5494
4512
3534
2356
879
-697
-2069
-3191
-4269
-5365
-6259
-6802
-7129
-7376
-7459
-7301
-7018
-6747
-6464
-6054
-5379
-4381
-3256
-2337
-1645
-914
-126
516
1158
2094
2998
3213
2830
2607
2793
2948
2909
2919
2876
2389
1536
740
78
-586
-1134
-1447
-1740
-2120
-2257
-2003
-1799
-1998
-2300
-2305
-2110
-1925
-1590
-928
-204
227
437
680
973
1229
1501
1804
1970
1925
1847
1863
1825
1641
1466
1421
1342
1070
733
514
335
39
-284
-423
-378
-342
-352
-280
-133
-75
-134
-133
52
352
687
1045
1395
1669
1866
1966
1855
1584
1444
1533
1529
1226
945
1007
1131
910
483
201
-26
-519
-1240
-1895
-2413
-2916
-3459
-4206
-5474
-7199
-8650
-9097
-8654
-8009
-7536
-7087
-6526
-5978
-5493
-4762
-3435
-1627
114
1412
2523
3960
5752
7404
8554
9385
10177
10829
11123
11155
11161
11074
10598
9636
8397
7134
5974
4903
3770
2376
705
-1036
-2637
-4045
-5236
-6148
-6762
-7202
-7620
-8004
-8162
-7942
-7428
-6829
-6212
-5430
-4384
-3175
-1933
-696
438
1228
1601
1830
2221
2757
3226
3504
3607
3554
3320
2884
2303
1700
1132
506
-281
-1139
-1844
-2301
-2616
-2925
-3231
-3447
-3527
-3509
-3425
-3220
-2840
-2347
-1878
-1448
-890
-122
688
1326
1756
2084
2367
2565
2676
2787
2923
2970
2802
2472
2149
1870
1523
1061
582
160
-216
-523
-730
-859
-938
-924
-858
-886
-972
-848
-461
-110
90
412
962
1414
1614
1858
2291
2614
2658
2632
2602
2415
2232
2323
2401
1983
1382
1277
1426
1007
125
-337
-333
-747
-1820
-2765
-3169
-3575
-4464
-5667
-7045
-8753
-10489
-11347
-10892
-9762
-8808
-8097
-7188
-6016
-4934
-4000
-2731
-837
1174
2627
3700
5239
7469
9606
10971
11816
12594
13069
12798
12039
11437
11043
10333
9094
7658
6312
4990
3553
1986
272
-1613
-3531
-5234
-6574
-7514
-8038
-8187
-8116
-8022
-7960
-7790
-7302
-6457
-5444
-4424
-3318
-1977
-510
850
2077
3276
4376
5135
5366
5079
4521
4043
3700
3164
2313
1526
1006
312
-901
-2234
-3237
-4099
-5101
-5987
-6422
-6491
-6343
-5900
-5216
-4540
-3883
-3056
-2165
-1464
-804
148
1251
2088
2705
3483
4385
4980
5121
5077
4976
4661
4119
3558
3080
2588
2048
1533
992
319
-381
-947
-1452
-2027
-2501
-2620
-2505
-2442
-2374
-2028
-1456
-939
-491
71
718
1258
1720
2247
2765
3125
3356
3585
3780
3840
3786
3674
3450
3016
2413
1793
1241
714
149
-359
-684
-951
-1417
-2014
-2416
-2608
-2979
-3677
-4380
-4867
-5390
-6297
-7665
-9246
-10471
-10748
-10094
-9182
-8379
-7272
-5613
-4026
-3030
-2093
-496
1406
2754
3590
4729
6485
8357
9866
11029
11962
12558
12609
12045
11054
9996
9063
8049
6698
5189
3893
2821
1632
179
-1371
-2875
-4313
-5607
-6619
-7274
-7527
-7359
-6922
-6489
-6060
-5346
-4268
-3175
-2331
-1541
-540
565
1523
2368
3319
4335
5076
5328
5226
4972
4545
3892
3052
1826
-79
-2159
-3263
-3348
-3805
-5187
-6242
-6260
-6397
-7329
-7788
-6910
-5912
-5840
-5789
-4718
-3082
-1607
-166
1313
2386
3053
3788
4527
4822
4891
5271
5679
5427
4739
4478
4642
4314
3186
2021
1338
686
-330
-1250
-1592
-1677
-2017
-2484
-2668
-2561
-2382
-2173
-1914
-1688
-1432
-931
-213
427
952
1651
2513
3090
3235
3409
3867
4138
3817
3284
3036
2912
2589
2239
2062
1766
1153
512
3
-618
-1283
-1571
-1644
-2129
-2856
-2951
-2437
-2341
-2931
-3362
-3371
-3767
-4924
-6295
-7604
-8992
-9976
-9860
-9076
-8487
-7697
-5879
-3731
-2586
-2048
-689
1319
2507
2769
3518
5260
7021
8218
9363
10754
11890
12301
12009
11203
10120
9034
7875
6330
4598
3304
2488
1512
180
-995
-1849
-2859
-4174
-5338
-6116
-6713
-7095
-6973
-6452
-5856
-5037
-3725
-2287
-1284
-526
484
1540
2097
2318
2795
3508
3962
4081
4164
4201
3915
3240
2276
1055
-287
-1521
-2707
-4012
-5153
-5733
-6043
-6621
-7174
-7004
-6330
-5964
-5870
-5321
-4283
-3434
-2821
-1815
-319
1091
2146
3110
4044
4708
5078
5310
5344
5068
4649
4279
3827
3143
2471
2077
1741
1091
256
-333
-692
-1235
-1967
-2400
-2364
-2257
-2287
-2141
-1634
-1056
-623
-169
406
925
1328
1773
2218
2451
2550
2782
3049
3024
2793
2724
2790
2622
2214
1925
1777
1407
762
232
19
-144
-514
-974
-1311
-1499
-1619
-1692
-1683
-1590
-1476
-1473
-1667
-2013
-2420
-2893
-3539
-4526
-5932
-7521
-8730
-9165
-9085
-8928
-8477
-7226
-5443
-4004
-3027
-1686
248
1879
2622
3194
4419
5997
7209
8117
9244
10520
11375
11547
11242
10674
9819
8564
6906
5032
3268
1788
486
-753
-1803
-2529
-3084
-3676
-4299
-4825
-5225
-5483
-5514
-5328
-4991
-4372
-3279
-1880
-597
504
1680
2863
3614
3806
3840
3936
3812
3273
2625
2200
1875
1378
726
-5
-1002
-2412
-3939
-5206
-6263
-7269
-7992
-8129
-7844
-7403
-6597
-5213
-3667
-2497
-1551
-444
614
1251
1726
2472
3276
3703
3945
4401
4859
4898
4620
4321
3838
2930
1866
1010
264
-563
-1236
-1482
-1504
-1589
-1605
-1360
-1076
-1026
-1027
-791
-447
-265
-122
283
887
1387
1752
2178
2642
2933
3013
2981
2812
2449
2024
1676
1294
803
374
141
-29
-246
-368
-308
-250
-310
-367
-339
-342
-420
-427
-303
-139
25
232
452
607
719
753
454
-321
-1312
-2312
-3772
-6238
-9139
-11008
-11286
-11024
-11079
-10612
-8512
-5527
-3373
-2131
-335
2317
4252
4544
4419
5295
6760
7590
7776
8283
9367
10197
10074
9210
8167
7029
5403
3108
598
-1457
-2869
-3905
-4659
-4881
-4431
-3541
-2554
-1653
-932
-365
191
715
944
892
1075
1819
2694
3191
3577
4357
5222
5352
4609
3626
2738
1544
-263
-2253
-3784
-4786
-5634
-6418
-6792
-6531
-5918
-5388
-5024
-4633
-4106
-3525
-3009
-2561
-2030
-1225
-200
729
1404
2044
2744
3138
2936
2420
1978
1494
691
-245
-884
-1189
-1435
-1672
-1725
-1565
-1372
-1246
-1155
-1061
-932
-749
-554
-390
-150
314
931
1488
1951
2471
3025
3355
3360
3221
3080
2817
2338
1794
1381
1095
839
607
453
386
380
359
230
-6
-221
-347
-476
-627
-618
-315
161
634
1111
1687
2290
2717
2845
2731
2521
2270
1873
1254
589
97
-267
-757
-1450
-2208
-2968
-3849
-5097
-6975
-9318
-11210
-11830
-11629
-11575
-11269
-9312
-5850
-2822
-991
1063
4135
6701
7341
6985
7178
7666
7312
6217
5473
5486
5688
5503
4877
4116
3462
2740
1493
-298
-1976
-3076
-3870
-4625
-4945
-4347
-3002
-1386
270
1890
3358
4641
5664
6074
5708
5072
4673
4225
3299
2312
1962
2037
1790
1195
777
493
-239
-1528
-2936
-4195
-5349
-6313
-6928
-7212
-7097
-6322
-4953
-3511
-2228
-823
675
1656
1873
1831
1874
1671
997
243
-195
-426
-649
-810
-849
-826
-788
-816
-1064
-1500
-1850
-2036
-2266
-2540
-2521
-2086
-1531
-1028
-405
426
1211
1717
2008
2193
2250
2130
1887
1643
1491
1452
1476
1527
1637
1828
2009
2054
1923
1667
1335
970
597
227
-84
-216
-164
-61
33
232
581
940
1213
1457
1691
1835
1881
1907
1916
1845
1678
1451
1179
865
528
165
-197
-519
-836
-1282
-1888
-2557
-3271
-4120
-5148
-6326
-7565
-8597
-9086
-9024
-8673
-7960
-6476
-4289
-2102
-317
1416
3342
4972
5768
5924
5960
5939
5553
4799
4098
3748
3593
3321
2867
2430
2120
1784
1198
375
-441
-1101
-1672
-2206
-2501
-2284
-1556
-573
496
1668
2911
4028
4830
5250
5282
4960
4371
3593
2664
1672
810
199
-252
-696
-1130
-1453
-1710
-2100
-2678
-3264
-3703
-4095
-4536
-4825
-4693
-4191
-3562
-2813
-1802
-637
357
1048
1534
1834
1817
1450
875
222
-441
-1033
-1498
-1821
-1962
-1877
-1657
-1483
-1379
-1216
-1009
-940
-1041
-1111
-1026
-891
-786
-593
-223
226
631
988
1317
1574
1705
1716
1645
1515
1355
1212
1120
1087
1097
1143
1243
1375
1476
1524
1548
1519
1352
1081
837
640
408
208
215
400
599
824
1182
1575
1816
1952
2111
2148
1905
1561
1308
1007
518
67
-174
-407
-780
-1072
-1229
-1616
-2382
-3201
-3968
-5135
-6838
-8373
-9105
-9290
-9393
-9094
-7743
-5466
-3080
-1022
990
3208
5240
6467
6768
6592
6331
5859
4900
3662
2759
2423
2213
1750
1300
1278
1515
1461
974
393
-77
-588
-1248
-1834
-2060
-1823
-1224
-375
671
1905
3269
4542
5427
5798
5766
5442
4763
3666
2302
972
-122
-1007
-1795
-2465
-2847
-2902
-2873
-3017
-3254
-3332
-3276
-3356
-3621
-3730
-3421
-2847
-2281
-1674
-829
191
1068
1621
1933
2109
2056
1636
896
47
-723
-1392
-2020
-2550
-2802
-2703
-2401
-2093
-1761
-1295
-773
-424
-304
-235
-105
-17
-50
-80
46
290
527
737
978
1223
1375
1401
1349
1271
1174
1052
940
873
855
888
953
1025
1090
1157
1209
1190
1082
957
863
762
645
606
717
896
1057
1280
1643
2000
2149
2124
2085
2003
1718
1267
861
559
240
-148
-537
-963
-1567
-2347
-3169
-4128
-5532
-7310
-8806
-9533
-9773
-9915
-9570
-8027
-5493
-3011
-1024
1091
3746
6189
7439
7601
7514
7435
6829
5456
3938
2931
2327
1587
670
116
246
633
646
252
-89
-182
-359
-871
-1433
-1602
-1350
-928
-370
523
1803
3205
4405
5265
5809
6055
5928
5290
4100
2577
1057
-310
-1620
-2904
-3931
-4472
-4621
-4638
-4580
-4285
-3738
-3192
-2859
-2632
-2266
-1745
-1287
-993
-686
-192
408
887
1194
1465
1732
1809
1520
964
375
-175
-821
-1601
-2302
-2704
-2838
-2852
-2743
-2373
-1749
-1087
-548
-82
392
802
983
922
780
680
576
396
209
157
261
406
531
709
992
1274
1409
1417
1428
1473
1445
1276
1051
901
846
795
700
630
695
889
1066
1141
1222
1429
1689
1826
1838
1881
1963
1915
1693
1460
1296
1073
746
436
175
-183
-708
-1336
-2033
-2838
-3817
-5153
-6957
-8746
-9736
-9905
-9996
-10042
-8966
-6359
-3488
-1492
277
2894
5810
7542
7837
7713
7713
7321
6095
4457
3142
2350
1666
725
-165
-355
158
524
206
-252
-168
116
-147
-830
-1155
-884
-459
-85
534
1588
2859
4040
4979
5623
5988
6092
5757
4764
3258
1710
305
-1187
-2806
-4135
-4886
-5258
-5479
-5443
-5026
-4393
-3751
-3163
-2653
-2221
-1736
-1180
-796
-663
-430
131
683
893
1007
1344
1650
1520
1072
655
246
-394
-1201
-1923
-2463
-2824
-2964
-2902
-2692
-2265
-1573
-822
-241
245
788
1222
1314
1196
1152
1151
996
735
596
643
755
844
929
1062
1262
1443
1484
1408
1354
1340
1235
1014
837
780
751
695
684
786
948
1111
1282
1494
1739
1959
2089
2117
2093
2009
1778
1390
993
687
385
5
-362
-639
-977
-1560
-2292
-3007
-3927
-5467
-7469
-9099
-9866
-10235
-10659
-10507
-8851
-6060
-3479
-1498
845
4023
6947
8390
8580
8574
8584
7895
6239
4346
2972
2001
854
-441
-1145
-868
-233
-71
-300
-217
300
558
155
-431
-592
-384
-172
75
691
1761
3012
4165
5135
5932
6499
6657
6193
5073
3554
1962
361
-1389
-3219
-4743
-5644
-6046
-6246
-6230
-5769
-4901
-4039
-3439
-2920
-2254
-1559
-1110
-902
-671
-258
228
617
902
1225
1615
1861
1755
1384
982
549
-137
-1067
-1901
-2431
-2800
-3125
-3224
-2911
-2313
-1669
-1028
-320
415
1020
1370
1494
1499
1458
1326
1050
738
571
565
586
593
700
957
1213
1338
1398
1478
1512
1404
1194
1008
884
763
637
576
619
744
911
1084
1262
1503
1845
2188
2360
2358
2341
2322
2111
1678
1247
942
599
126
-310
-646
-1110
-1833
-2622
-3479
-4852
-6901
-8906
-10090
-10674
-11265
-11511
-10399
-7897
-5193
-2988
-610
2614
5976
8166
8926
9117
9279
8964
7637
5654
3890
2615
1333
-226
-1459
-1674
-1159
-847
-987
-937
-310
328
320
-114
-316
-114
143
313
685
1503
2630
3776
4794
5704
6506
7012
6923
6136
4902
3511
1973
165
-1779
-3508
-4819
-5730
-6252
-6352
-6097
-5568
-4778
-3861
-3130
-2677
-2206
-1609
-1228
-1235
-1201
-778
-287
-91
71
583
1212
1499
1440
1293
1047
537
-206
-1042
-1887
-2630
-3143
-3452
-3598
-3411
-2752
-1884
-1153
-472
393
1244
1692
1784
1850
1895
1680
1263
981
919
907
884
970
1205
1497
1757
1924
1953
1886
1801
1651
1336
934
664
543
417
286
340
603
870
1055
1304
1695
2060
2257
2360
2446
2430
2238
1928
1579
1218
878
557
178
-244
-553
-766
-1186
-1954
-2829
-3788
-5290
-7402
-9280
-10232
-10684
-11195
-11176
-9695
-7109
-4638
-2523
74
3373
6329
7982
8552
8789
8850
8256
6757
4824
3174
1934
657
-770
-1719
-1709
-1232
-1067
-1134
-796
-41
435
308
39
92
365
564
725
1118
1883
2905
3945
4861
5664
6352
6733
6534
5733
4582
3279
1764
-16
-1857
-3413
-4519
-5265
-5729
-5830
-5500
-4865
-4140
-3412
-2707
-2102
-1659
-1342
-1136
-1066
-1034
-841
-517
-258
-30
380
886
1138
1072
925
711
192
-607
-1367
-2001
-2655
-3248
-3523
-3460
-3203
-2723
-1964
-1099
-316
422
1142
1635
1776
1748
1700
1527
1181
881
789
801
805
905
1178
1498
1706
1823
1920
1950
1833
1596
1315
1014
696
418
243
168
189
335
616
969
1337
1718
2065
2294
2396
2432
2370
2146
1849
1613
1354
917
414
91
-59
-259
-583
-969
-1446
-2146
-3214
-4815
-6831
-8636
-9738
-10445
-11134
-11186
-9728
-7211
-4897
-2890
-185
3331
6325
7830
8363
8766
8947
8267
6630
4668
3013
1678
269
-1222
-2143
-2054
-1507
-1306
-1299
-756
248
822
630
312
407
666
706
669
944
1662
2659
3682
4579
5380
6135
6612
6447
5621
4501
3280
1792
-59
-1974
-3550
-4619
-5278
-5689
-5858
-5584
-4778
-3790
-3045
-2497
-1823
-1083
-678
-719
-870
-858
-714
-588
-554
-489
-165
406
822
819
671
645
435
-292
-1224
-1888
-2378
-2976
-3478
-3505
-3108
-2555
-1902
-1128
-321
467
1211
1721
1845
1779
1759
1638
1220
756
599
655
646
652
910
1332
1639
1770
1851
1890
1801
1585
1300
975
661
448
344
294
325
526
852
1160
1426
1726
2025
2220
2324
2392
2315
2001
1620
1360
1090
629
147
-83
-173
-392
-707
-949
-1240
-1866
-2965
-4541
-6434
-8175
-9373
-10193
-10840
-10790
-9399
-7098
-4886
-2788
-15
3367
6164
7635
8268
8681
8714
7910
6308
4430
2753
1352
-8
-1345
-2179
-2134
-1615
-1328
-1223
-721
149
653
489
199
256
488
593
677
1030
1762
2778
3873
4840
5627
6294
6685
6458
5559
4335
3011
1441
-439
-2295
-3738
-4705
-5309
-5592
-5547
-5165
-4431
-3486
-2659
-2142
-1740
-1233
-804
-757
-967
-1000
-725
-403
-209
11
426
917
1231
1255
1081
764
226
-603
-1564
-2382
-2951
-3375
-3688
-3708
-3264
-2448
-1545
-741
6
787
1478
1826
1794
1618
1456
1193
755
365
264
394
546
704
998
1427
1803
1986
1977
1859
1689
1448
1085
640
286
132
79
22
77
396
869
1258
1555
1917
2312
2532
2515
2393
2218
1925
1531
1140
758
362
62
-62
-121
-254
-397
-502
-778
-1545
-2935
-4814
-6804
-8480
-9736
-10743
-11304
-10725
-8822
-6415
-4227
-1842
1355
4766
7105
8050
8387
8609
8303
7024
5101
3281
1906
737
-505
-1539
-1791
-1281
-758
-702
-682
-187
395
322
-323
-752
-609
-292
-121
163
975
2293
3723
4920
5856
6647
7175
7085
6196
4783
3241
1618
-227
-2153
-3713
-4640
-5069
-5238
-5150
-4680
-3881
-3028
-2377
-1970
-1704
-1491
-1347
-1348
-1446
-1429
-1139
-655
-159
340
943
1561
1914
1892
1612
1144
389
-662
-1779
-2705
-3337
-3712
-3855
-3706
-3176
-2304
-1319
-455
263
903
1388
1545
1379
1097
818
495
138
-95
-70
158
458
791
1189
1622
1960
2075
1961
1738
1498
1186
753
317
61
11
56
149
364
742
1179
1545
1798
2004
2210
2340
2290
2088
1883
1735
1560
1317
1079
883
674
448
268
122
-100
-450
-949
-1794
-3266
-5310
-7388
-8989
-10117
-10973
-11292
-10447
-8348
-5755
-3335
-871
2109
5216
7377
8103
7994
7770
7332
6183
4432
2825
1828
1141
330
-408
-537
-99
198
-91
-581
-745
-754
-1148
-1889
-2317
-1998
-1190
-304
669
2016
3718
5358
6521
7131
7336
7138
6328
4837
2979
1199
-345
-1772
-3045
-3882
-4106
-3912
-3629
-3375
-3087
-2760
-2520
-2527
-2825
-3217
-3376
-3179
-2811
-2397
-1709
-562
749
1765
2431
2959
3276
3040
2183
1036
-106
-1213
-2305
-3252
-3830
-3885
-3482
-2878
-2255
-1546
-676
107
473
482
465
487
316
-51
-269
-141
141
368
631
1068
1558
1867
1937
1864
1715
1470
1129
738
383
162
129
221
322
432
631
883
1043
1069
1096
1190
1260
1253
1269
1387
1534
1646
1751
1852
1882
1838
1747
1549
1181
746
370
20
-368
-729
-1011
-1399
-2157
-3412
-5103
-6935
-8439
-9388
-9961
-10207
-9616
-7758
-5154
-2723
-570
1857
4525
6539
7291
7141
6765
6315
5504
4263
3016
2260
1954
1585
954
506
565
647
86
-938
-1691
-1980
-2257
-2694
-2818
-2184
-909
589
2041
3471
4937
6240
6984
6979
6447
5654
4546
3021
1360
10
-892
-1533
-2039
-2355
-2451
-2429
-2443
-2648
-3090
-3641
-4132
-4531
-4827
-4848
-4402
-3516
-2349
-987
486
1841
2819
3335
3412
3063
2345
1378
279
-840
-1778
-2327
-2497
-2478
-2346
-2041
-1593
-1203
-989
-901
-861
-863
-884
-831
-648
-362
-20
364
772
1159
1452
1583
1533
1345
1100
853
611
382
230
234
399
624
812
969
1122
1172
1019
724
459
278
119
10
76
372
817
1283
1688
2025
2308
2491
2455
2188
1845
1553
1230
806
439
290
220
22
-205
-270
-354
-901
-2075
-3649
-5412
-7283
-9008
-10137
-10418
-9915
-8701
-6712
-4078
-1288
1176
3178
4796
5958
6414
6073
5241
4424
3875
3486
3124
2922
3016
3175
2999
2412
1658
830
-255
-1642
-2952
-3723
-3828
-3439
-2663
-1409
346
2330
4073
5285
5980
6249
6037
5289
4191
3062
2065
1190
489
97
32
70
-82
-547
-1242
-2065
-3004
-4085
-5191
-6012
-6274
-5942
-5158
-4029
-2589
-967
545
1685
2373
2647
2534
2058
1345
612
35
-336
-548
-653
-672
-625
-604
-757
-1133
-1597
-1981
-2240
-2403
-2417
-2169
-1641
-946
-201
522
1135
1536
1678
1582
1307
929
547
242
64
61
259
594
939
1225
1418
1465
1333
1065
735
361
-17
-262
-268
-92
136
396
721
1057
1313
1457
1516
1519
1507
1510
1534
1564
1621
1702
1720
1614
1434
1224
936
532
73
-344
-697
-1064
-1590
-2421
-3578
-4939
-6396
-7805
-8841
-9136
-8675
-7743
-6405
-4474
-2061
223
1889
3046
4015
4767
5018
4729
4279
4100
4253
4436
4392
4225
4096
3822
3042
1776
449
-680
-1735
-2792
-3536
-3578
-2918
-1865
-668
608
1915
3083
3907
4274
4240
3950
3539
3091
2688
2402
2223
2069
1885
1645
1259
597
-382
-1542
-2715
-3830
-4822
-5523
-5742
-5478
-4894
-4111
-3147
-2051
-1003
-201
273
511
643
749
823
863
921
1044
1187
1244
1128
826
356
-263
-959
-1614
-2118
-2414
-2483
-2312
-1924
-1404
-852
-348
39
261
334
319
268
211
188
266
455
689
916
1129
1306
1378
1311
1167
1010
833
606
393
293
300
333
365
429
518
564
542
500
465
439
457
572
787
1050
1335
1613
1833
1965
2031
2016
1835
1470
1041
652
261
-137
-424
-537
-598
-711
-873
-1151
-1769
-2840
-4189
-5558
-6766
-7580
-7742
-7253
-6361
-5172
-3592
-1738
-86
1015
1654
2086
2401
2589
2696
2802
2997
3389
3987
4539
4749
4550
4050
3299
2305
1222
263
-517
-1126
-1408
-1187
-574
107
657
1093
1431
1593
1562
1409
1199
981
864
945
1200
1510
1784
1979
2023
1854
1498
1014
399
-336
-1070
-1627
-1932
-2044
-2045
-1991
-1910
-1811
-1698
-1596
-1565
-1624
-1725
-1799
-1797
-1712
-1555
-1361
-1178
-1027
-900
-777
-661
-565
-504
-480
-472
-441
-366
-258
-171
-130
-113
-109
-120
-150
-173
-168
-154
-160
-174
-156
-100
-29
31
84
137
205
286
373
458
530
591
648
700
759
839
944
1047
1118
1160
1190
1208
1202
1167
1110
1033
943
866
841
869
915
941
946
935
909
857
768
653
525
393
267
159
99
92
116
157
207
253
225
56
-257
-650
-1072
-1532
-2013
-2422
-2652
-2717
-2740
-2794
-2827
-2763
-2624
-2484
-2342
-2153
-1919
-1703
-1519
-1305
-1033
-763
-573
-443
-277
-16
299
606
897
1211
1548
1853
2082
2242
2355
2408
2374
2267
2132
1998
1851
1676
1511
1391
1315
1255
1201
1173
1173
1166
1120
1046
973
902
817
715
611
520
452
411
386
351
280
185
92
5
-86
-200
-335
-491
-661
-819
-938
-1034
-1147
-1290
-1437
-1545
-1617
-1667
-1703
-1709
-1673
-1597
-1491
-1364
-1229
-1110
-1026
-965
-902
-822
-730
-648
-577
-500
-412
-319
-244
-215
-232
-268
-301
-316
-319
-311
-289
-250
-194
-113
-11
96
188
267
356
468
600
730
851
960
1072
1197
1332
1462
1558
1616
1647
1688
1742
1784
1763
1650
1469
1276
1117
997
896
791
700
649
649
678
677
569
299
-94
-522
-918
-1301
-1716
-2140
-2477
-2639
-2630
-2538
-2453
-2411
-2387
-2327
-2179
-1941
-1669
-1457
-1322
-1197
-996
-714
-444
-267
-167
-55
149
447
791
1117
1379
1578
1739
1887
2005
2038
1943
1752
1553
1428
1372
1324
1236
1112
1005
953
951
956
918
821
698
603
576
588
581
523
439
390
405
454
472
409
281
134
8
-84
-191
-362
-599
-841
-1014
-1094
-1125
-1172
-1265
-1376
-1452
-1460
-1424
-1393
-1401
-1434
-1441
-1382
-1255
-1108
-991
-917
-851
-759
-638
-513
-416
-360
-320
-259
-168
-65
9
40
39
35
48
59
46
0
-59
-94
-84
-34
37
115
204
317
456
600
729
838
938
1047
1166
1284
1378
1446
1499
1558
1614
1641
1614
1524
1402
1273
1139
987
797
583
391
265
219
229
244
232
192
143
103
63
12
-61
-142
-217
-297
-418
-612
-886
-1214
-1540
-1808
-1997
-2113
-2181
-2219
-2240
-2244
-2224
-2192
-2155
-2110
-2043
-1938
-1794
-1616
-1405
-1169
-923
-677
-436
-189
70
338
606
863
1099
1318
1514
1684
1818
1902
1929
1904
1848
1781
1710
1629
1536
1445
1363
1297
1250
1213
1181
1157
1138
1116
1088
1046
983
905
818
728
652
592
548
526
512
490
442
355
229
81
-80
-246
-414
-587
-750
-889
-999
-1082
-1156
-1233
-1315
-1390
-1443
-1468
-1471
-1466
-1459
-1437
-1387
-1306
-1206
-1109
-1022
-947
-871
-791
-711
-645
-603
-577
-552
-516
-466
-418
-384
-370
-369
-369
-365
-359
-354
-337
-294
-202
-58
122
313
495
658
801
930
1045
1138
1198
1222
1224
1222
1226
1231
1234
1232
1234
1252
1283
1314
1311
1260
1163
1054
952
866
787
699
601
503
414
344
281
211
149
117
129
169
192
154
31
-183
-458
-767
-1092
-1419
-1729
-1984
-2151
-2229
-2255
-2272
-2294
-2301
-2269
-2180
-2047
-1890
-1722
-1543
-1341
-1103
-853
-626
-444
-285
-108
108
364
617
843
1031
1192
1336
1453
1520
1528
1490
1439
1411
1422
1444
1446
1415
1372
1343
1332
1312
1263
1181
1093
1023
980
944
888
805
710
632
590
570
524
440
335
248
203
188
158
86
-25
-153
-274
-386
-516
-674
-847
-991
-1072
-1086
-1069
-1057
-1059
-1065
-1054
-1021
-987
-970
-976
-974
-937
-863
-777
-706
-671
-663
-655
-641
-635
-648
-681
-715
-725
-697
-647
-591
-546
-504
-450
-372
-282
-196
-126
-64
4
90
187
277
343
396
456
536
636
738
823
890
953
1027
1106
1169
1196
1184
1159
1146
1144
1144
1126
1078
1024
986
973
959
920
856
787
734
702
668
610
520
411
300
182
26
-200
-486
-793
-1073
-1311
-1530
-1747
-1947
-2090
-2147
-2138
-2109
-2094
-2085
-2048
-1948
-1782
-1585
-1406
-1252
-1097
-901
-666
-437
-250
-109
33
222
457
700
904
1054
1166
1266
1358
1425
1435
1379
1293
1224
1205
1216
1218
1197
1169
1157
1172
1191
1186
1138
1059
980
930
907
884
833
753
679
631
606
571
503
409
321
258
226
201
146
48
-82
-213
-335
-468
-627
-803
-965
-1084
-1148
-1175
-1185
-1198
-1214
-1219
-1206
-1193
-1193
-1208
-1216
-1206
-1171
-1126
-1086
-1057
-1036
-1006
-963
-910
-860
-815
-771
-721
-661
-597
-538
-486
-437
-377
-296
-196
-84
30
140
248
354
456
545
627
699
767
836
913
997
1074
1143
1193
1231
1256
1274
1283
1279
1262
1239
1223
1220
1216
1203
1168
1113
1046
974
900
819
722
613
505
409
321
232
128
13
-106
-217
-321
-432
-564
-725
-899
-1068
-1221
-1364
-1506
-1641
-1755
-1829
-1857
-1845
-1816
-1783
-1746
-1687
-1598
-1481
-1352
-1225
-1096
-956
-794
-612
-427
-254
-94
61
228
402
569
714
831
928
1013
1086
1143
1179
1191
1189
1190
1200
1211
1213
1202
1176
1135
1090
1041
987
927
865
815
784
778
788
801
807
811
810
808
794
762
701
614
510
395
273
141
4
-135
-264
-376
-471
-556
-638
-724
-809
-889
-964
-1036
-1104
-1165
-1209
-1231
-1234
-1222
-1201
-1174
-1143
-1101
-1056
-1011
-967
-924
-875
-824
-775
-733
-705
-687
-669
-645
-611
-569
-520
-461
-392
-310
-222
-138
-63
3
64
126
192
261
335
416
507
609
718
827
932
1034
1123
1202
1268
1310
1330
1330
1308
1268
1215
1148
1077
1004
933
864
805
754
701
651
598
536
463
376
274
156
21
-128
-288
-456
-629
-801
-964
-1111
-1238
-1340
-1413
-1458
-1471
-1459
-1426
-1383
-1327
-1260
-1181
-1092
-991
-879
-759
-629
-488
-338
-184
-29
117
252
377
487
580
657
716
756
785
803
810
809
798
778
751
721
686
644
601
556
518
488
470
465
476
500
532
576
616
651
676
684
681
664
634
593
540
477
405
328
246
159
65
-30
-128
-223
-315
-409
-497
-586
-672
-751
-819
-876
-921
-945
-953
-944
-918
-881
-836
-792
-748
-708
-678
-656
-647
-646
-652
-662
-673
-682
-683
-675
-655
-621
-575
-517
-454
-384
-311
-238
-168
-101
-36
26
89
156
229
308
395
485
577
672
760
840
906
959
997
1023
1037
1044
1048
1045
1036
1022
1003
977
943
899
844
780
709
629
544
457
364
266
170
74
-24
-127
-233
-346
-467
-588
-709
-833
-954
-1070
-1173
-1259
-1322
-1360
-1370
-1352
-1309
-1238
-1148
-1040
-924
-805
-682
-560
-440
-323
-209
-102
3
111
220
331
437
535
620
691
747
784
799
795
777
746
714
682
655
638
627
623
626
632
639
643
637
623
604
588
577
566
556
544
533
521
504
484
455
410
351
283
215
145
73
0
-72
-140
-206
-265
-323
-385
-448
-508
-563
-614
-658
-697
-727
-751
-764
-772
-778
-785
-798
-812
-825
-839
-853
-865
-868
-863
-847
-817
-781
-738
-688
-638
-588
-539
-494
-455
-417
-377
-330
-275
-213
-139
-57
33
125
220
313
399
479
551
613
663
709
754
794
834
877
919
956
991
1022
1044
1055
1052
1033
1003
962
912
855
795
729
659
592
522
449
373
291
202
106
1
-114
-237
-362
-490
-615
-732
-839
-932
-1009
-1071
-1113
-1139
-1151
-1148
-1136
-1110
-1074
-1032
-977
-912
-838
-749
-649
-536
-417
-296
-173
-51
67
174
269
350
415
471
518
556
588
611
633
654
671
682
686
686
678
668
655
641
623
609
602
600
601
603
603
596
583
570
554
525
486
445
403
362
320
276
231
185
135
84
30
-31
-99
-171
-240
-306
-367
-422
-472
-515
-554
-591
-629
-673
-722
-770
-814
-850
-876
-888
-884
-865
-830
-784
-738
-695
-658
-632
-612
-596
-581
-565
-542
-512
-472
-418
-360
-304
-248
-199
-155
-118
-82
-49
-16
26
75
135
205
282
364
450
536
617
690
752
801
839
866
885
897
901
900
896
888
874
855
825
784
734
672
601
523
440
354
268
184
105
31
-41
-112
-181
-248
-313
-374
-434
-487
-537
-579
-615
-641
-661
-679
-694
-706
-713
-714
-707
-691
-666
-632
-588
-533
-474
-413
-356
-298
-245
-192
-138
-85
-31
25
86
150
219
284
346
404
455
499
533
557
569
577
578
575
572
571
571
573
579
586
595
599
599
594
582
562
538
507
472
435
393
351
309
264
220
174
127
75
20
-39
-103
-172
-247
-320
-397
-473
-545
-611
-665
-709
-739
-758
-771
-776
-778
-779
-777
-774
-772
-770
-766
-756
-741
-720
-693
-661
-621
-580
-540
-501
-467
-441
-417
-396
-371
-343
-302
-246
-179
-98
-12
78
167
246
318
382
437
486
528
571
613
657
700
738
768
796
821
843
866
889
903
900
881
839
782
711
633
553
481
419
372
337
306
270
224
167
101
20
-68
-158
-247
-333
-415
-491
-563
-625
-680
-720
-743
-750
-743
-723
-700
-672
-644
-620
-600
-583
-563
-538
-499
-451
-387
-311
-225
-137
-44
44
123
191
245
289
324
349
369
384
396
409
423
441
460
479
498
515
528
539
543
543
536
527
514
500
485
468
453
438
420
405
384
357
328
292
251
199
142
81
13
-59
-133
-209
-278
-342
-399
-445
-482
-509
-529
-544
-555
-567
-583
-601
-626
-649
-673
-699
-716
-725
-720
-704
-685
-657
-628
-598
-566
-542
-521
-504
-487
-463
-434
-402
-355
-297
-228
-153
-77
3
78
148
208
258
299
341
384
428
470
511
551
601
652
696
732
749
755
754
744
726
690
636
575
518
477
446
413
374
332
302
285
270
245
207
160
121
89
58
24
-25
-77
-127
-167
-207
-251
-300
-349
-389
-416
-433
-447
-466
-482
-491
-491
-484
-481
-479
-474
-462
-437
-407
-378
-344
-306
-259
-205
-153
-104
-59
-14
27
69
105
135
165
191
218
249
276
303
323
338
352
365
372
375
369
362
358
353
350
347
341
344
344
343
339
324
305
280
250
215
177
139
101
64
33
2
-25
-49
-72
-98
-123
-150
-179
-213
-247
-281
-312
-340
-367
-390
-412
-424
-428
-435
-434
-432
-428
-419
-413
-411
-407
-405
-397
-388
-381
-367
-352
-327
-299
-271
-236
-204
-168
-133
-96
-59
-23
12
46
80
112
144
177
206
238
266
292
319
342
361
377
390
400
403
400
392
384
372
360
350
342
339
338
335
329
318
305
288
266
242
215
188
164
140
119
97
76
55
33
12
-10
-32
-56
-79
-103
-127
-144
-165
-186
-198
-209
-215
-216
-222
-223
-226
-230
-235
-243
-253
-263
-271
-272
-271
-270
-262
-252
-238
-222
-207
-193
-184
-174
-164
-157
-151
-145
-135
-122
-105
-86
-63
-40
-13
14
42
69
93
116
134
153
168
182
194
203
213
228
237
246
254
258
266
271
274
273
267
260
251
242
229
213
200
182
164
150
134
118
104
90
76
62
47
30
10
-12
-35
-60
-83
-106
-129
-146
-161
-175
-185
-192
-200
-206
-211
-216
-225
-233
-241
-245
-249
-255
-255
-253
-246
-234
-223
-211
-197
-183
-168
-156
-144
-134
-122
-109
-98
-85
-69
-52
-33
-12
9
29
50
68
83
97
106
114
123
129
136
142
148
153
159
165
173
181
187
192
188
188
188
183
176
164
152
145
133
124
118
111
104
100
95
89
80
72
63
51
40
28
18
9
-2
-8
-14
-19
-22
-25
-31
-36
-41
-43
-46
-49
-51
-54
-54
-58
-58
-60
-62
-64
-68
-71
-73
-74
-74
-74
-76
-78
-80
-83
-85
-89
-92
-95
-93
-89
-85
-84
-82
-79
-74
-72
-68
-64
-58
-50
-43
-34
-26
-19
-12
-4
2
9
16
24
32
39
47
52
59
62
64
67
69
74
74
74
79
80
80
81
78
76
73
72
70
67
63
60
56
52
47
40
34
28
22
14
8
3
-4
-12
-18
-23
-28
-33
-38
-42
-45
-47
-49
-52
-52
-53
-51
-51
-51
-50
-47
-45
-43
-40
-35
-33
-29
-26
-24
-22
-22
-19
-18
-18
-15
-14
-12
-9
-7
-5
-4
-1
1
2
5
9
12
14
16
14
14
12
13
14
16
19
19
18
19
17
19
21
22
24
24
23
23
24
24
24
25
25
25
28
28
28
30
27
27
25
27
26
26
24
20
18
14
12
10
8
4
1
-1
-4
-7
-12
-16
-19
-23
-24
-27
-27
-28
-31
-33
-34
-34
-35
-34
-33
-31
-28
-27
-25
-25
-24
-22
-19
-19
-18
-15
-13
-11
-8
-5
-7
-7
-4
-2
1
4
5
7
5
6
5
7
7
7
9
8
10
10
12
13
11
11
10
10
10
9
9
8
10
10
9
9
8
6
4
6
4
6
5
4
5
5
4
5
7
6
5
3
3
3
2
1
0
-1
-1
-4
-4
-7
-8
-7
-6
-6
-5
-2
-3
-2
-2
-3
-2
-2
-3
-2
-3
-2
-3
-4
-6
-7
-5
-5
-6
-5
-5
-5
-1
-1
1
2
0
1
2
1
1
1
2
2
3
5
5
4
4
5
5
5
4
5
4
4
3
3
1
1
1
0
1
0
1
1
1
2
1
1
0
0
-2
-2
-2
1
1
1
0
-1
0
-1
-2
-3
-4
-4
-3
-2
-1
0
-1
-4
-3
-3
-3
-2
1
3
2
2
2
0
-2
-4
-2
-2
-2
0
-2
-1
-1
-2
-1
-2
-2
-4
-1
-1
0
0
0
2
2
0
-1
-3
-2
-1
1
2
3
0
-1
-2
-2
-1
-2
-2
-3
-2
-1
-1
-2
-1
-2
-2
-1
0
0
-1
1
1
1
1
1
1
2
1
2
2
2
-1
-3
-4
-4
-3
-4
-4
-4
-4
-4
-4
-4
-4
-1
2
3
5
6
4
5
5
7
7
7
8
8
7
7
7
7
7
7
7
5
4
3
2
3
2
2
1
1
-1
-1
-1
-2
-2
-1
-1
0
-1
-2
-1
-2
-4
-2
-4
-3
-3
-3
-5
-5
-4
-5
-5
-6
-5
-6
-4
-6
-7
-8
-9
-9
-9
-7
-6
-6
-7
-6
-7
-5
-6
-4
-4
-4
-3
-3
-2
-2
-1
-2
0
-1
0
2
2
1
2
1
1
1
2
5
4
3
4
4
4
6
7
7
9
10
11
10
12
13
11
12
11
11
10
8
8
