3
1
0
0
0
0
0
-2
-2
-4
-3
-4
-4
-5
-5
-6
-6
-7
-6
-6
-5
-5
-6
-6
-4
-3
-5
-5
-5
-6
-3
-3
-3
-1
-1
0
-1
-1
0
2
0
1
2
1
2
0
0
0
-1
0
2
1
3
3
4
5
5
5
5
7
7
7
7
6
6
6
6
5
3
2
2
1
3
4
1
0
0
1
0
0
-2
-4
-4
-5
-4
-3
-2
-3
-3
-5
-4
-4
-2
-1
-1
0
0
0
1
1
0
0
-1
-1
-1
-1
-1
-3
-2
-3
-2
-2
-3
-3
-3
-4
-4
-3
-3
-3
-4
-2
-3
-1
0
0
0
1
2
2
2
3
2
2
3
0
1
0
1
0
1
-1
0
1
1
0
-1
0
1
0
1
0
0
2
0
2
1
2
3
4
3
2
4
4
5
4
4
5
6
7
5
5
6
4
4
4
3
2
1
1
0
1
-1
-1
-1
-1
0
-2
-4
-3
0
0
-2
-2
0
2
0
-2
-4
-4
-5
-6
-7
-7
-8
-9
-11
-11
-10
-6
-7
-6
-6
-5
-2
-1
-1
-1
-1
-1
0
1
1
1
3
2
4
4
3
3
3
3
3
2
3
3
4
5
4
4
5
4
5
4
4
2
1
0
1
1
2
2
2
3
3
2
4
5
5
4
2
2
3
2
0
0
-2
-2
-2
-3
-2
-2
-2
-2
-1
-2
-3
-4
-4
-4
-4
-5
-4
-3
-5
-3
-4
-4
-3
-4
-3
-3
-3
-3
-4
-4
-3
-1
-1
-1
-1
1
1
-1
1
1
1
0
0
0
1
0
1
1
-1
1
2
2
1
2
3
4
4
4
3
3
3
3
2
2
3
4
3
2
2
1
4
3
5
4
5
7
7
8
8
8
7
6
6
7
6
4
4
2
0
-1
-3
-4
-4
-4
-5
-5
-5
-8
-12
-14
-8
-6
-10
-13
-10
-5
-6
-10
-10
-6
-4
-4
-4
-3
-1
-1
-1
-1
2
1
1
-2
-1
0
0
-3
-6
-4
-3
-4
-4
-3
-3
-1
0
-1
0
1
4
3
2
5
7
7
7
8
6
7
7
6
4
3
5
3
3
5
3
3
2
1
-1
-1
0
-2
-1
-1
-1
-2
-2
-1
1
0
2
3
3
4
4
4
4
4
3
3
4
4
3
2
2
0
-1
-1
0
-3
-4
-4
-4
-4
-4
-2
-1
0
-1
0
0
-1
0
0
1
0
-2
-3
-2
-3
-3
-5
-5
-4
-5
-3
-2
-2
-1
0
1
0
1
1
-1
0
-2
-2
-3
-3
-3
-2
-1
-2
-2
0
0
-1
1
2
3
2
1
3
3
3
4
4
2
2
1
0
-3
-1
0
-2
-3
-1
-1
-3
-2
0
0
-3
-2
2
4
0
-2
0
4
5
1
1
4
3
1
-1
2
2
-1
-5
-4
0
-1
-5
-5
-4
-3
-3
-5
-4
-2
-1
-1
-4
-3
-1
1
0
-1
1
2
4
2
1
4
5
4
2
2
5
3
0
-1
2
2
1
-4
-2
1
1
-1
-2
0
3
4
0
2
3
6
3
0
2
5
6
4
4
4
6
4
5
-2
-4
6
10
0
-8
-1
2
9
9
-9
-20
5
29
1
-25
-5
16
5
-7
-2
-2
-13
-10
11
10
-24
-32
17
42
-31
-66
21
63
-44
-94
30
84
-32
-96
3
71
9
-47
-38
5
41
24
-41
-49
30
50
-33
-54
34
55
-48
-80
33
102
6
-118
-65
94
119
-35
-136
-32
113
100
-29
-112
-52
87
128
6
-128
-80
102
154
-3
-139
-63
111
118
-35
-96
3
62
13
-3
20
-21
-59
17
92
22
-90
-69
45
98
28
-95
-110
41
141
23
-137
-100
74
113
-27
-110
-32
55
45
-9
-56
-47
36
83
-5
-104
-30
114
58
-96
-34
85
-18
-63
98
50
-147
-47
149
42
-116
-34
83
14
-82
6
123
1
-148
-42
122
120
-8
-174
-125
203
221
-183
-235
121
182
-40
-113
-44
73
86
-86
-83
122
39
-162
-29
158
63
-135
-157
82
217
-82
-241
97
186
-150
-151
153
140
-120
-199
23
269
67
-300
-144
260
199
-148
-246
-13
260
164
-211
-247
96
240
56
-117
-147
-44
150
197
-55
-264
-49
251
148
-164
-198
63
218
48
-208
-140
171
198
-119
-228
51
214
-3
-198
-22
184
16
-186
-29
148
37
-80
-58
-20
40
72
-6
-84
-70
17
122
61
-145
-146
80
182
39
-173
-171
121
263
-33
-266
-56
212
168
-72
-191
-11
237
190
-68
-177
11
304
310
-91
-304
151
547
182
-270
-70
288
364
213
-153
-244
340
640
-68
-525
102
691
169
-478
-170
344
223
-66
-149
-191
4
127
-38
-140
-114
-235
-234
91
117
-340
-551
-4
254
-196
-539
-358
18
106
-208
-584
-224
156
-170
-448
-195
-50
-234
-160
-141
-199
-132
-115
-101
-96
-258
-205
146
-21
-161
76
-53
-267
99
322
-59
-119
238
413
28
-247
234
687
379
-185
15
530
648
358
66
106
384
512
346
275
199
156
360
480
94
-211
148
483
211
-262
-241
85
198
-109
-444
-368
-145
-142
-362
-490
-503
-408
-420
-603
-700
-606
-496
-564
-701
-769
-655
-530
-538
-616
-593
-407
-293
-303
-247
-32
116
182
247
392
646
836
871
899
1041
1226
1332
1292
1244
1349
1469
1416
1230
1054
1034
1103
1034
934
611
357
239
315
272
296
1
-866
-831
188
317
-1055
-1527
-616
-46
-510
-1571
-1358
-173
-148
-1502
-1738
-578
-188
-657
-1223
-1291
-1047
-455
23
-800
-1593
-772
257
-410
-1099
-397
151
-198
-885
-380
457
278
-408
-380
184
376
135
-92
373
424
48
138
316
408
624
333
-42
501
753
324
352
644
332
114
534
857
590
332
410
451
588
668
455
320
574
481
157
288
575
465
27
-151
-49
72
-174
-574
-607
-373
-299
-693
-1046
-994
-797
-909
-1253
-1310
-1089
-776
-777
-1017
-1019
-735
-466
-466
-449
-215
200
467
450
508
838
1206
1290
1246
1390
1754
2021
1979
1888
1965
2022
1955
1837
1779
1760
1635
1359
1136
1003
776
455
68
-240
-429
-582
-774
-964
-1313
-1668
-1768
-1874
-1973
-2011
-2003
-2073
-2067
-2022
-2075
-1942
-1671
-1535
-1660
-1491
-1006
-670
-697
-808
-509
-185
-18
139
259
367
517
698
912
811
481
593
1049
1146
782
628
692
611
458
905
694
-311
55
949
800
-339
-892
78
1139
313
-952
-454
389
807
412
-685
-628
738
1060
-156
-402
582
878
364
271
361
341
700
845
464
297
757
1102
691
242
649
1169
752
211
348
647
586
333
82
18
106
-99
-500
-820
-1116
-1265
-1217
-1269
-1477
-1755
-2058
-2201
-2212
-2336
-2548
-2564
-2389
-2150
-2008
-2022
-1940
-1649
-1440
-1389
-1151
-603
19
372
449
670
1172
1609
1797
1966
2323
2773
3089
3224
3328
3474
3530
3465
3391
3377
3458
3467
3235
2910
2656
2398
2059
1689
1313
985
683
293
-129
-504
-896
-1366
-1850
-2243
-2428
-2517
-2815
-3277
-3554
-3546
-3496
-3608
-3834
-3903
-3734
-3487
-3261
-3101
-2987
-2772
-2404
-1993
-1580
-1162
-765
-385
-9
356
774
1256
1589
1769
2065
2429
2646
2701
2700
2676
2548
2362
2310
2259
1964
1608
1475
1356
959
682
610
228
-132
-36
-4
-379
-862
-901
-471
-548
-1071
-1011
-725
-711
-697
-713
-715
-487
-154
3
-161
-195
307
726
568
300
391
780
1090
1024
729
816
1320
1245
784
1006
1262
891
682
856
967
810
390
129
141
-63
-627
-1314
-1758
-1644
-1304
-1442
-2155
-2819
-2975
-2894
-3062
-3460
-3658
-3410
-3024
-2924
-3001
-2889
-2571
-2330
-2258
-2034
-1341
-435
143
336
545
995
1571
2061
2400
2784
3309
3799
4155
4399
4502
4524
4528
4499
4540
4686
4731
4549
4165
3739
3396
3033
2612
2234
1868
1448
1001
567
143
-358
-1012
-1663
-2080
-2310
-2528
-2780
-3116
-3533
-3860
-4050
-4241
-4461
-4605
-4580
-4491
-4542
-4587
-4304
-3895
-3804
-3865
-3581
-2949
-2337
-1924
-1587
-1163
-712
-222
421
1020
1360
1665
2149
2649
2981
3217
3495
3685
3652
3619
3802
3905
3636
3253
3015
2776
2440
2117
1801
1393
859
363
19
-277
-436
-625
-1240
-1607
-1261
-1228
-1651
-1685
-1594
-1577
-1330
-1298
-1431
-1034
-477
-445
-614
-341
290
578
424
535
956
1119
1106
1157
1116
1111
1330
1509
1488
1381
1199
1009
984
963
665
318
98
-430
-1294
-1792
-1688
-1486
-1731
-2545
-3284
-3327
-3108
-3319
-3891
-4272
-4117
-3708
-3502
-3450
-3291
-3048
-2867
-2703
-2300
-1517
-638
-82
126
407
1109
2003
2560
2749
3066
3725
4414
4872
5148
5330
5378
5282
5259
5492
5741
5635
5208
4778
4476
4207
3833
3296
2687
2156
1739
1326
842
315
-302
-1082
-1794
-2136
-2261
-2558
-3089
-3598
-3907
-4086
-4346
-4784
-5234
-5437
-5304
-5128
-5237
-5414
-5223
-4851
-4761
-4778
-4455
-3863
-3366
-2960
-2454
-1949
-1565
-1035
-247
392
721
1170
1920
2538
2800
3045
3473
3850
4014
4164
4410
4530
4393
4226
4152
3996
3718
3458
3170
2741
2263
1865
1507
1036
427
-88
-381
-673
-1054
-1375
-1581
-1715
-1870
-1945
-1713
-1625
-2069
-2127
-1363
-860
-1051
-1206
-907
-274
255
350
334
574
939
1173
1204
1208
1397
1622
1585
1377
1320
1472
1573
1387
976
605
470
354
-348
-1664
-2615
-2385
-1502
-1473
-2859
-4301
-4417
-3785
-3836
-4716
-5375
-5128
-4427
-4060
-4092
-4058
-3766
-3448
-3286
-2959
-1967
-556
336
398
460
1254
2421
3194
3516
3897
4566
5307
5942
6450
6691
6531
6229
6260
6700
7054
6896
6343
5763
5319
4931
4422
3754
3101
2576
2019
1353
752
256
-455
-1544
-2551
-2943
-2931
-3152
-3770
-4418
-4853
-5180
-5489
-5672
-5719
-5785
-5879
-5925
-5946
-5877
-5620
-5359
-5307
-5224
-4672
-3757
-3073
-2846
-2702
-2331
-1723
-913
-38
603
962
1369
2014
2657
3017
3212
3480
3771
4006
4294
4567
4565
4272
3957
3830
3840
3776
3531
3163
2699
2199
1802
1516
1184
691
167
-166
-377
-706
-1093
-1395
-1673
-1837
-1760
-1610
-1503
-1364
-1346
-1495
-1433
-1023
-594
-333
-160
40
386
786
968
972
1093
1340
1465
1373
1280
1434
1605
1461
1210
1084
1031
1086
1154
902
369
-36
-151
-340
-1181
-2542
-3432
-3282
-2658
-2489
-3246
-4496
-5167
-4911
-4622
-5010
-5556
-5459
-4794
-4232
-4022
-3846
-3519
-3221
-2965
-2404
-1339
-36
1036
1589
1816
2243
3099
4069
4777
5255
5796
6465
7060
7476
7680
7531
7074
6767
6928
7234
7113
6479
5704
4986
4244
3464
2757
2120
1448
710
-58
-788
-1462
-2212
-3132
-4024
-4555
-4665
-4648
-4853
-5295
-5726
-6026
-6220
-6230
-5969
-5615
-5421
-5289
-4934
-4449
-4145
-4022
-3916
-3738
-3301
-2487
-1588
-976
-622
-281
64
327
706
1403
2130
2484
2570
2755
3071
3267
3279
3239
3157
3098
3291
3580
3410
2786
2283
2124
2038
1874
1716
1552
1203
689
310
148
-37
-321
-506
-524
-525
-611
-707
-753
-867
-1045
-979
-656
-443
-332
-71
137
28
-145
5
521
981
931
725
983
1301
1092
815
986
1268
1266
1046
847
844
968
875
468
170
302
572
475
-20
-350
-272
-354
-927
-1496
-1805
-2267
-3169
-4310
-4946
-4333
-3202
-3305
-4831
-6046
-5833
-4966
-4691
-5088
-5258
-4629
-3581
-2813
-2499
-2247
-1736
-1080
-384
562
1881
3252
4172
4476
4621
5149
5915
6546
7131
7688
7875
7769
7835
8039
7860
7086
6149
5664
5669
5557
4914
3889
2765
1690
704
-173
-864
-1332
-1833
-2621
-3525
-4184
-4574
-4997
-5580
-6044
-6124
-5932
-5672
-5407
-5251
-5328
-5494
-5372
-4763
-3928
-3263
-2800
-2351
-1898
-1447
-958
-569
-482
-521
-84
1089
2144
1999
1111
923
1630
2159
2088
1942
2008
2022
1882
1790
1670
1254
802
715
724
494
344
498
434
-244
-971
-970
-411
-41
-75
-199
-320
-463
-333
153
488
470
552
920
1263
1417
1461
1506
1564
1490
1404
1717
2157
2045
1560
1205
879
635
752
928
760
366
-19
-200
-106
-141
-467
-620
-486
-464
-481
-271
-130
-304
-497
-421
-108
263
474
476
466
489
389
288
347
253
-174
-540
-706
-1138
-2105
-3398
-4618
-5196
-4742
-3823
-3705
-4800
-6024
-6281
-5897
-5769
-5840
-5384
-4310
-3265
-2678
-2230
-1502
-649
50
770
1722
2936
4502
6124
6983
6994
6984
7309
7726
8262
8908
9212
8983
8537
8140
7636
6736
5612
4847
4461
3798
2713
1749
1012
-4
-1489
-2978
-3939
-4307
-4445
-4717
-5233
-5877
-6435
-6793
-6992
-7014
-6737
-6181
-5560
-5004
-4489
-4039
-3693
-3294
-2673
-1943
-1236
-468
236
410
122
296
1373
2409
2387
1745
1548
1906
2212
2231
2051
1668
1239
1119
1248
1124
636
240
120
-136
-624
-795
-436
-149
-427
-926
-1110
-976
-734
-417
-140
-111
-157
129
672
973
919
931
1231
1506
1537
1618
1922
2089
1840
1450
1234
1178
1259
1441
1458
1100
607
361
369
316
106
-27
-21
-78
-195
-154
5
33
-122
-291
-281
-49
275
548
680
586
431
574
913
910
603
595
897
887
481
166
35
-266
-812
-1364
-1899
-2704
-4085
-5916
-7379
-7462
-6223
-5209
-5818
-7415
-8155
-7564
-6884
-6755
-6279
-4780
-2961
-1752
-1024
-51
1379
2767
3700
4431
5510
7153
8995
10350
10806
10629
10338
10119
9978
9955
9911
9550
8848
8008
6940
5376
3554
2167
1369
493
-867
-2197
-2988
-3628
-4774
-6290
-7452
-7907
-7922
-7807
-7573
-7180
-6722
-6359
-6126
-5870
-5324
-4372
-3173
-1963
-857
84
786
1347
1778
1697
1053
866
2026
3625
3925
2765
1514
947
677
465
472
446
34
-478
-762
-1166
-1886
-2332
-2174
-2063
-2391
-2433
-1635
-720
-582
-992
-1169
-910
-439
222
1000
1576
1844
2073
2306
2241
1952
1984
2451
2728
2464
2180
2313
2409
1953
1289
984
908
649
270
-13
-311
-661
-760
-553
-464
-627
-651
-421
-358
-593
-669
-343
78
369
707
1175
1562
1740
1785
1702
1501
1428
1672
1976
1998
1848
1796
1718
1339
816
470
227
-181
-733
-1295
-1929
-2657
-3414
-4567
-6660
-9205
-10610
-10052
-8690
-8166
-8592
-8898
-8595
-8143
-7812
-7094
-5466
-3188
-1128
199
1266
2909
5177
7167
8323
9193
10477
11933
12855
13111
13067
12846
12308
11500
10661
9855
9009
8063
6844
5072
2753
414
-1399
-2675
-3781
-4889
-5851
-6556
-7188
-8024
-9021
-9719
-9694
-9081
-8363
-7655
-6603
-5114
-3681
-2716
-1985
-1057
81
1201
2279
3381
4400
5117
5258
4629
3584
3026
3240
3224
2122
658
-25
-264
-1144
-2556
-3507
-3859
-4262
-4833
-5148
-5170
-5116
-4915
-4559
-4322
-4061
-3172
-1721
-614
-192
276
1258
2211
2660
3034
3812
4685
5128
5149
5033
4812
4423
3980
3540
3015
2485
2142
1818
1112
116
-631
-990
-1365
-1892
-2203
-2147
-2050
-2099
-2097
-1920
-1656
-1297
-776
-259
95
476
1131
1887
2381
2594
2815
3141
3365
3369
3325
3391
3400
3117
2686
2429
2289
1936
1346
772
224
-446
-1038
-1266
-1384
-1891
-2765
-3600
-4320
-5379
-7367
-10400
-13373
-14266
-12402
-9953
-9481
-10338
-9816
-7677
-6508
-7101
-6791
-3775
-131
1512
1982
3941
7726
11095
12451
12543
12937
13959
14593
14105
13175
12979
13340
12888
11118
9088
7631
6206
4133
1679
-693
-2980
-4972
-6126
-6577
-7185
-8110
-8603
-8579
-8983
-10041
-10489
-9324
-7274
-5656
-4578
-3157
-1074
903
2060
2692
3597
4892
5849
6055
6065
6496
6978
6681
5538
4189
2945
1551
-108
-1791
-3346
-4782
-5981
-6850
-7521
-8063
-8290
-8231
-8298
-8588
-8528
-7659
-6304
-4989
-3665
-2022
-232
1260
2382
3382
4330
5130
5787
6328
6658
6786
6894
6927
6528
5628
4640
3808
2863
1655
550
-160
-726
-1448
-2191
-2718
-3060
-3301
-3380
-3296
-3135
-2846
-2297
-1568
-850
-118
756
1642
2284
2705
3159
3682
4075
4289
4457
4603
4607
4461
4230
3806
3087
2272
1614
1040
397
-127
-342
-568
-1168
-1855
-2110
-2079
-2336
-2878
-3169
-3087
-3154
-3671
-4329
-4961
-6114
-8297
-10822
-12120
-11513
-10100
-9295
-8970
-7944
-6115
-4733
-4350
-3801
-2004
296
1733
2499
4036
6818
9674
11468
12381
13119
13652
13395
12326
11238
10727
10434
9606
8119
6522
5172
3842
2239
422
-1454
-3350
-5083
-6295
-6922
-7259
-7434
-7272
-6852
-6585
-6488
-5966
-4702
-3216
-2110
-1227
-34
1488
2854
3817
4638
5542
6233
6253
5650
4972
4483
3790
2521
986
-285
-1359
-2694
-4300
-5728
-6790
-7709
-8568
-9117
-9176
-8823
-8168
-7304
-6354
-5329
-4063
-2563
-1144
56
1277
2626
3743
4398
4896
5517
5999
6015
5713
5373
4896
4114
3170
2291
1452
594
-152
-722
-1239
-1726
-2051
-2245
-2500
-2723
-2575
-2068
-1576
-1189
-584
308
1117
1664
2205
2871
3397
3638
3788
3971
4042
3918
3698
3420
3046
2626
2196
1673
1070
558
177
-240
-698
-971
-1039
-1111
-1212
-1149
-910
-670
-490
-325
-218
-174
-35
185
236
21
-316
-780
-1576
-2845
-4793
-7608
-10649
-12449
-12405
-11718
-11509
-11031
-9182
-6762
-5381
-4821
-3466
-1034
1003
1833
2556
4489
7405
9987
11501
12402
13289
13806
13055
11086
9113
7854
6575
4469
2157
748
170
-479
-1457
-2305
-2908
-3591
-4376
-4919
-4997
-4579
-3677
-2469
-1276
-106
1335
3017
4406
5119
5336
5394
5345
5063
4546
3992
3588
3242
2541
1293
-64
-1070
-2054
-3670
-5703
-7235
-8001
-8615
-9297
-9426
-8690
-7754
-7196
-6631
-5451
-3831
-2396
-1321
-333
691
1650
2457
3068
3434
3605
3631
3342
2628
1841
1380
1024
287
-684
-1305
-1500
-1710
-2037
-2103
-1829
-1533
-1356
-1091
-645
-112
470
1084
1603
1973
2398
2958
3390
3510
3525
3629
3645
3385
3044
2862
2719
2386
1927
1549
1286
1025
712
400
147
-28
-155
-243
-236
-86
152
354
490
676
1058
1593
2003
2091
2032
2107
2196
1965
1520
1265
1108
530
-486
-1431
-2201
-3241
-4724
-6455
-8518
-11039
-13352
-14455
-14292
-13595
-12548
-10644
-7893
-5086
-2723
-533
1772
3868
5232
5882
6450
7527
8920
9878
10164
10290
10484
10078
8557
6481
4602
2769
493
-1867
-3449
-4053
-4155
-4029
-3549
-2673
-1621
-596
303
1049
1702
2346
2940
3414
3922
4677
5624
6437
6852
6830
6444
5727
4621
3078
1248
-505
-1953
-3220
-4409
-5261
-5539
-5535
-5751
-6180
-6373
-6189
-5991
-5991
-5865
-5229
-4167
-3058
-2030
-908
334
1400
1986
2122
2016
1755
1263
530
-275
-903
-1267
-1518
-1788
-1986
-1954
-1820
-1870
-2106
-2215
-2067
-1880
-1787
-1538
-896
-50
658
1218
1824
2461
2897
3027
2986
2935
2906
2827
2634
2408
2311
2336
2249
1985
1766
1676
1482
1066
662
429
224
1
-51
112
330
593
991
1419
1720
1978
2278
2488
2538
2588
2666
2582
2357
2259
2270
2014
1338
509
-171
-614
-925
-1376
-2123
-2872
-3309
-3784
-4820
-6190
-7471
-9002
-11095
-12776
-12856
-11741
-10582
-9247
-6812
-3545
-717
1244
2960
4733
6063
6484
6219
5988
6277
6742
6663
6121
5982
6345
6101
4694
3055
1972
832
-1037
-2926
-3786
-3718
-3447
-3069
-2125
-505
1357
2931
4031
4833
5476
5744
5446
4897
4552
4383
4122
3821
3655
3492
3124
2595
1888
765
-768
-2324
-3677
-4986
-6223
-6934
-6854
-6295
-5669
-4953
-3942
-2753
-1794
-1278
-997
-698
-429
-373
-466
-416
-103
260
421
396
354
283
-34
-686
-1436
-2012
-2445
-2902
-3287
-3281
-2848
-2306
-1878
-1434
-824
-206
169
289
377
543
694
739
783
997
1363
1707
1929
2090
2252
2382
2378
2178
1866
1609
1454
1287
1092
1034
1161
1269
1229
1177
1210
1220
1111
964
901
970
1141
1361
1640
2063
2537
2761
2704
2709
2839
2650
1973
1261
807
351
-250
-685
-813
-900
-1062
-1182
-1379
-1917
-2709
-3523
-4543
-6128
-8115
-9865
-10897
-11173
-10831
-9867
-8143
-5688
-2963
-601
1232
2918
4598
5738
5861
5379
5074
5006
4692
4155
3986
4302
4453
3968
3169
2512
1907
956
-390
-1749
-2712
-3193
-3338
-3136
-2319
-829
885
2327
3524
4739
5834
6382
6285
5832
5253
4538
3699
2863
2147
1604
1193
776
236
-351
-893
-1533
-2462
-3543
-4441
-5065
-5518
-5715
-5426
-4673
-3702
-2614
-1416
-268
591
1102
1306
1180
770
279
-177
-640
-1068
-1300
-1314
-1277
-1265
-1217
-1150
-1195
-1401
-1681
-1938
-2135
-2241
-2205
-1990
-1629
-1180
-669
-119
386
746
963
1092
1116
1001
846
772
776
822
957
1213
1491
1708
1901
2077
2118
1970
1733
1471
1137
755
470
340
285
286
433
692
911
1106
1404
1690
1757
1740
1955
2297
2379
2225
2194
2286
2144
1736
1371
1143
851
417
-54
-518
-978
-1425
-1933
-2620
-3410
-4164
-5034
-6273
-7692
-8736
-9125
-9072
-8726
-7860
-6253
-4119
-1950
-43
1666
3338
4841
5763
5885
5536
5174
4797
4122
3269
2714
2535
2291
1719
1138
888
795
426
-303
-1047
-1503
-1724
-1891
-1927
-1534
-616
539
1635
2735
3989
5188
5908
6031
5802
5402
4765
3828
2712
1593
567
-318
-1043
-1603
-2028
-2369
-2689
-3016
-3319
-3548
-3665
-3635
-3446
-3127
-2685
-2092
-1391
-705
-92
463
907
1116
1089
928
655
227
-316
-852
-1329
-1741
-2037
-2199
-2262
-2228
-2071
-1857
-1677
-1516
-1304
-1086
-956
-879
-762
-611
-464
-302
-100
126
351
557
713
820
915
986
982
954
1010
1148
1271
1361
1452
1536
1578
1572
1495
1333
1140
950
712
427
210
131
133
195
383
700
1063
1441
1803
2073
2252
2431
2591
2602
2469
2305
2071
1661
1182
825
545
213
-120
-401
-787
-1404
-2113
-2801
-3634
-4806
-6256
-7689
-8759
-9288
-9305
-8840
-7693
-5751
-3443
-1376
452
2486
4648
6152
6568
6358
6090
5673
4771
3536
2485
1823
1269
585
-15
-138
138
235
-164
-665
-793
-739
-1013
-1560
-1810
-1517
-954
-321
557
1817
3222
4399
5205
5736
6061
6021
5375
4154
2719
1360
52
-1244
-2317
-2950
-3247
-3414
-3443
-3194
-2712
-2230
-1917
-1723
-1505
-1241
-1061
-1017
-952
-696
-334
-67
98
308
582
754
716
536
293
-48
-546
-1155
-1711
-2081
-2294
-2433
-2484
-2332
-1961
-1509
-1108
-755
-402
-98
60
60
-6
-46
-96
-214
-349
-370
-231
-11
235
515
821
1107
1348
1541
1676
1742
1722
1579
1343
1141
1014
844
589
406
386
405
372
386
533
724
886
1051
1240
1457
1698
1876
1909
1925
2082
2203
2013
1642
1432
1319
1012
612
434
370
24
-653
-1378
-2023
-2746
-3777
-5246
-6925
-8235
-8893
-9184
-9229
-8480
-6627
-4391
-2571
-856
1467
4116
6028
6741
6772
6702
6486
5738
4381
2903
1824
1054
148
-767
-1026
-569
-219
-445
-650
-266
237
105
-517
-895
-764
-476
-289
6
725
1808
2858
3625
4275
4998
5514
5352
4511
3476
2506
1365
-134
-1681
-2808
-3446
-3850
-4139
-4141
-3716
-3020
-2320
-1730
-1163
-553
-32
194
134
29
32
-8
-226
-463
-478
-320
-216
-201
-147
-71
-136
-408
-765
-1069
-1315
-1587
-1907
-2135
-2109
-1856
-1555
-1274
-902
-412
18
248
376
522
588
433
152
-24
-59
-105
-186
-150
100
462
782
1014
1229
1490
1735
1826
1731
1594
1500
1346
1039
703
516
437
322
199
197
324
473
591
723
899
1098
1264
1347
1383
1446
1527
1525
1407
1253
1090
870
629
486
441
372
169
-168
-577
-1046
-1699
-2733
-4164
-5664
-6844
-7671
-8304
-8558
-8002
-6633
-5004
-3470
-1724
578
3057
4890
5743
6077
6391
6490
5830
4453
3069
2095
1164
-52
-1070
-1271
-907
-737
-839
-564
279
993
978
561
445
682
709
316
30
363
1092
1676
2082
2710
3599
4237
4241
3826
3368
2806
1808
377
-1033
-2058
-2822
-3592
-4257
-4454
-4101
-3496
-2885
-2207
-1345
-414
322
754
987
1127
1100
795
310
-100
-365
-637
-967
-1161
-1102
-954
-923
-972
-933
-813
-781
-933
-1128
-1185
-1122
-1099
-1143
-1088
-859
-597
-437
-317
-123
111
259
269
228
236
270
239
139
107
238
431
566
697
945
1271
1520
1612
1623
1635
1621
1508
1291
1058
875
712
519
345
290
352
420
453
527
688
852
938
999
1097
1190
1217
1192
1159
1099
975
805
616
419
212
-16
-313
-718
-1228
-1885
-2827
-4070
-5350
-6353
-7032
-7464
-7527
-7008
-5934
-4592
-3147
-1487
485
2528
4147
5064
5503
5854
6049
5620
4473
3175
2185
1273
109
-992
-1477
-1420
-1342
-1337
-998
-207
560
875
917
1133
1542
1734
1512
1242
1359
1746
2000
2084
2341
2849
3224
3176
2875
2567
2150
1386
320
-744
-1619
-2395
-3195
-3916
-4292
-4182
-3756
-3265
-2714
-1905
-862
79
680
1049
1348
1505
1358
960
504
96
-314
-739
-1092
-1279
-1315
-1315
-1348
-1335
-1189
-996
-923
-960
-919
-747
-605
-587
-568
-426
-238
-142
-119
-68
26
75
32
-35
-38
20
61
80
160
320
469
546
630
779
947
1044
1052
1031
1026
1038
1037
986
906
861
878
920
963
1032
1116
1163
1157
1151
1185
1241
1268
1212
1073
941
888
839
694
525
446
404
258
4
-287
-658
-1201
-1956
-2952
-4162
-5351
-6242
-6830
-7200
-7176
-6501
-5329
-4053
-2727
-1071
952
2903
4262
4949
5319
5653
5724
5085
3831
2611
1746
847
-352
-1375
-1700
-1579
-1561
-1560
-1094
-196
523
759
893
1343
1908
2087
1832
1667
1930
2319
2407
2309
2464
2872
3065
2833
2468
2190
1797
1047
75
-795
-1494
-2205
-3017
-3721
-4017
-3866
-3524
-3193
-2732
-1934
-942
-120
414
849
1278
1503
1359
979
603
277
-122
-644
-1121
-1372
-1461
-1592
-1769
-1770
-1521
-1269
-1199
-1153
-917
-604
-469
-499
-445
-232
-56
-78
-184
-170
-45
8
-83
-158
-80
59
109
119
236
446
601
651
698
822
951
997
970
940
945
953
917
859
858
936
1001
1003
1033
1175
1353
1443
1469
1509
1559
1559
1491
1376
1228
1087
963
798
593
448
386
293
114
-52
-215
-538
-1109
-1893
-2916
-4169
-5396
-6315
-6930
-7309
-7241
-6526
-5356
-4047
-2581
-773
1257
3080
4344
5045
5446
5720
5635
4848
3525
2272
1328
331
-887
-1834
-2108
-2008
-1960
-1812
-1204
-296
380
668
920
1399
1876
1976
1751
1654
1917
2247
2310
2261
2455
2822
2940
2682
2348
2129
1793
1087
147
-699
-1373
-2053
-2810
-3397
-3548
-3325
-3016
-2696
-2133
-1227
-300
286
608
994
1423
1544
1226
776
488
265
-149
-739
-1202
-1373
-1438
-1641
-1870
-1824
-1537
-1365
-1410
-1348
-1009
-687
-643
-670
-481
-186
-79
-159
-190
-78
33
13
-91
-135
-51
72
108
97
198
412
553
567
622
795
919
854
725
712
773
765
686
661
727
807
859
942
1120
1354
1544
1632
1670
1733
1807
1793
1674
1544
1452
1297
1016
730
576
482
282
-31
-357
-687
-1120
-1762
-2689
-3889
-5130
-6131
-6849
-7355
-7507
-7021
-5916
-4545
-3123
-1483
519
2606
4254
5205
5697
6074
6244
5755
4522
3101
1990
994
-285
-1577
-2241
-2245
-2156
-2163
-1824
-913
68
575
759
1138
1749
2095
1923
1650
1775
2186
2390
2312
2371
2775
3142
3083
2748
2473
2206
1607
606
-481
-1379
-2160
-3006
-3823
-4261
-4148
-3726
-3290
-2757
-1871
-740
186
702
1073
1512
1812
1666
1155
658
343
14
-507
-1048
-1317
-1340
-1403
-1590
-1649
-1451
-1247
-1281
-1413
-1346
-1109
-978
-1020
-1006
-791
-533
-421
-393
-269
-48
94
75
23
74
192
265
276
321
447
581
651
685
765
875
918
863
804
817
845
813
759
774
873
998
1091
1172
1277
1413
1543
1613
1638
1667
1682
1625
1510
1418
1347
1205
963
727
573
454
292
71
-190
-517
-957
-1520
-2183
-2976
-3962
-5058
-6017
-6643
-6941
-6917
-6408
-5330
-3934
-2550
-1112
659
2642
4222
4993
5246
5485
5664
5263
4111
2738
1699
881
-124
-1194
-1780
-1759
-1619
-1639
-1459
-781
25
419
467
678
1182
1558
1502
1295
1425
1903
2298
2407
2517
2882
3259
3247
2852
2371
1884
1187
187
-893
-1785
-2474
-3106
-3698
-4023
-3876
-3376
-2817
-2273
-1558
-630
213
715
996
1286
1523
1448
1040
572
261
18
-333
-746
-1002
-1033
-1019
-1118
-1227
-1179
-1053
-1052
-1169
-1193
-1049
-914
-926
-935
-771
-517
-368
-335
-258
-95
46
82
57
60
117
162
147
129
198
322
379
385
469
641
756
763
775
856
935
944
908
878
889
933
972
999
1083
1266
1446
1527
1576
1685
1779
1757
1687
1633
1502
1226
910
662
441
194
-34
-221
-424
-687
-1022
-1459
-1973
-2532
-3219
-4153
-5178
-5956
-6380
-6589
-6513
-5873
-4684
-3324
-2025
-587
1180
3011
4360
4977
5151
5284
5316
4805
3651
2384
1481
762
-128
-993
-1337
-1183
-997
-939
-683
-65
546
765
709
783
1082
1293
1214
1097
1329
1864
2307
2501
2696
3056
3321
3183
2685
2062
1371
506
-534
-1568
-2400
-2999
-3467
-3840
-3947
-3625
-3005
-2375
-1789
-1064
-206
488
829
961
1075
1113
912
483
36
-238
-386
-583
-844
-981
-915
-849
-954
-1093
-1072
-988
-1061
-1235
-1269
-1122
-983
-941
-860
-630
-340
-146
-59
31
180
299
289
188
130
152
157
102
76
174
336
455
515
591
713
820
853
847
870
920
934
901
882
915
964
996
1038
1148
1312
1449
1511
1548
1626
1716
1705
1569
1416
1314
1176
898
564
327
193
41
-176
-386
-577
-856
-1311
-1896
-2528
-3243
-4135
-5140
-5999
-6508
-6689
-6576
-6008
-4852
-3328
-1828
-423
1135
2845
4243
4905
4972
4880
4731
4217
3191
2013
1130
551
-7
-563
-800
-606
-288
-132
-6
326
719
820
599
401
473
673
785
885
1237
1894
2610
3142
3486
3743
3851
3618
2972
2049
1038
2
-1067
-2098
-2916
-3394
-3568
-3557
-3392
-2992
-2352
-1646
-1057
-585
-123
286
470
374
189
97
50
-98
-319
-448
-434
-405
-469
-586
-679
-789
-1002
-1274
-1471
-1532
-1539
-1558
-1514
-1306
-976
-671
-460
-256
-8
198
264
215
156
103
7
-125
-193
-127
23
165
293
464
687
882
976
994
1003
1007
945
811
696
675
715
745
769
847
994
1155
1297
1430
1564
1674
1724
1699
1621
1544
1488
1400
1235
1047
906
791
627
424
265
172
86
-50
-274
-610
-1077
-1653
-2305
-3023
-3824
-4711
-5586
-6223
-6460
-6339
-5940
-5154
-3859
-2290
-863
339
1583
2894
3863
4163
3984
3739
3520
3094
2354
1583
1128
947
716
366
186
290
376
180
-111
-200
-162
-263
-493
-527
-165
441
1036
1579
2233
3046
3778
4160
4190
4034
3701
3044
2044
925
-85
-943
-1702
-2315
-2647
-2652
-2471
-2290
-2133
-1905
-1589
-1314
-1185
-1133
-995
-736
-480
-320
-178
57
332
495
503
447
359
134
-268
-728
-1117
-1434
-1747
-2024
-2132
-2006
-1730
-1426
-1132
-798
-425
-145
-41
-48
-67
-121
-256
-408
-458
-390
-273
-143
40
289
546
732
821
858
874
839
717
567
486
496
531
569
644
781
933
1058
1154
1245
1326
1345
1272
1168
1126
1143
1147
1130
1155
1226
1277
1278
1278
1293
1262
1134
928
682
419
150
-104
-311
-481
-684
-1001
-1429
-1896
-2398
-3058
-3946
-4904
-5648
-6043
-6161
-6034
-5492
-4391
-2909
-1445
-196
980
2202
3235
3719
3656
3424
3265
3031
2549
1998
1711
1686
1616
1349
1072
964
869
508
-61
-513
-692
-781
-932
-957
-575
175
987
1677
2344
3076
3706
3979
3868
3551
3126
2504
1630
685
-82
-618
-1062
-1468
-1701
-1675
-1549
-1579
-1798
-2006
-2051
-2011
-2021
-2005
-1755
-1260
-747
-363
-3
430
789
868
683
414
138
-215
-675
-1130
-1440
-1588
-1674
-1752
-1730
-1538
-1278
-1108
-1016
-880
-702
-616
-661
-693
-619
-491
-402
-336
-216
-35
129
221
275
359
461
509
480
441
450
505
587
693
816
940
1038
1096
1126
1164
1221
1251
1236
1210
1197
1151
1083
1079
1156
1193
1145
1125
1185
1213
1159
1140
1217
1272
1214
1105
1005
868
669
453
232
13
-163
-281
-422
-649
-950
-1350
-1892
-2533
-3216
-4054
-5079
-5966
-6309
-6152
-5831
-5327
-4299
-2753
-1233
-137
716
1652
2557
3022
2946
2720
2736
2901
2834
2507
2313
2426
2455
2018
1342
865
548
15
-740
-1270
-1303
-1055
-823
-566
-29
812
1638
2166
2483
2826
3169
3245
2983
2643
2418
2178
1735
1165
689
354
24
-415
-891
-1258
-1489
-1719
-2049
-2381
-2502
-2355
-2088
-1811
-1435
-864
-251
162
350
475
576
516
258
-44
-259
-425
-627
-837
-979
-1052
-1120
-1230
-1363
-1453
-1462
-1427
-1401
-1347
-1189
-947
-740
-617
-509
-366
-256
-238
-257
-234
-157
-75
-19
36
133
273
398
473
545
667
811
897
930
985
1078
1125
1085
1037
1052
1082
1041
948
909
932
926
862
832
912
1031
1083
1086
1148
1265
1326
1282
1210
1149
1032
837
631
463
297
131
17
-32
-80
-144
-188
-223
-380
-822
-1560
-2425
-3269
-4175
-5208
-6045
-6224
-5757
-5121
-4515
-3595
-2189
-772
108
538
1020
1679
2137
2143
2031
2293
2889
3268
3156
2931
2950
2922
2334
1321
510
124
-215
-755
-1156
-1022
-485
0
262
545
1043
1561
1778
1734
1773
2037
2283
2315
2278
2349
2393
2192
1787
1362
918
339
-323
-882
-1303
-1679
-1999
-2147
-2100
-1972
-1825
-1629
-1377
-1131
-929
-765
-636
-536
-438
-337
-272
-243
-216
-200
-252
-382
-534
-694
-887
-1093
-1239
-1311
-1339
-1324
-1247
-1127
-1014
-933
-884
-864
-874
-889
-877
-818
-733
-627
-477
-275
-67
97
217
350
502
640
744
842
957
1084
1208
1300
1324
1279
1220
1176
1112
1004
906
871
867
843
816
828
840
807
767
785
848
887
913
987
1092
1149
1140
1121
1099
1011
845
681
569
466
333
192
81
-3
-89
-186
-325
-597
-1073
-1731
-2474
-3244
-4068
-4891
-5430
-5404
-4862
-4164
-3542
-2856
-1907
-870
-142
156
329
674
1128
1462
1651
1899
2307
2731
2959
2949
2775
2467
2013
1477
988
615
323
94
5
111
314
439
441
429
505
617
661
662
755
993
1282
1519
1695
1822
1849
1723
1482
1231
984
667
266
-110
-357
-516
-693
-912
-1095
-1204
-1277
-1352
-1403
-1415
-1429
-1474
-1500
-1469
-1417
-1408
-1418
-1374
-1252
-1089
-919
-740
-560
-404
-277
-159
-63
-34
-75
-135
-180
-223
-280
-327
-353
-389
-455
-502
-482
-427
-405
-417
-399
-333
-251
-159
-36
102
215
308
435
604
754
844
906
981
1066
1132
1155
1129
1068
1001
948
893
810
701
584
467
342
239
205
232
257
256
264
321
398
456
493
528
549
522
455
402
384
368
327
273
241
236
227
188
115
17
-110
-282
-529
-849
-1206
-1560
-1872
-2098
-2199
-2193
-2159
-2165
-2171
-2095
-1927
-1739
-1595
-1474
-1338
-1180
-997
-772
-498
-226
-15
151
346
600
860
1068
1235
1394
1554
1675
1740
1771
1785
1768
1709
1636
1589
1558
1501
1400
1299
1227
1169
1087
983
887
811
758
722
700
672
607
501
386
290
204
114
31
-9
2
33
52
45
6
-86
-233
-403
-557
-690
-819
-937
-1011
-1034
-1038
-1064
-1116
-1174
-1235
-1300
-1360
-1389
-1391
-1381
-1361
-1318
-1250
-1176
-1106
-1028
-934
-849
-783
-721
-649
-567
-498
-436
-371
-292
-215
-139
-64
8
61
96
136
193
259
314
365
423
480
520
551
604
672
714
709
693
722
802
894
974
1056
1150
1241
1313
1375
1440
1488
1491
1460
1421
1381
1308
1190
1064
962
868
757
633
521
419
313
197
47
-183
-504
-861
-1186
-1477
-1779
-2066
-2246
-2272
-2224
-2191
-2153
-2044
-1887
-1752
-1647
-1504
-1313
-1151
-1056
-953
-754
-499
-291
-147
7
220
440
621
784
972
1145
1235
1251
1268
1318
1346
1294
1194
1110
1059
1006
931
869
838
823
806
799
822
855
852
791
709
638
573
499
416
331
254
191
156
148
135
94
26
-48
-117
-198
-289
-381
-466
-560
-662
-746
-791
-805
-813
-828
-841
-843
-848
-870
-900
-926
-934
-931
-913
-882
-831
-763
-699
-638
-587
-545
-521
-517
-517
-498
-461
-424
-390
-356
-312
-264
-228
-205
-177
-140
-88
-21
64
163
266
359
448
537
618
675
692
687
695
733
795
860
913
950
970
974
968
962
955
930
883
835
808
794
761
689
594
506
432
368
314
278
255
228
191
161
141
113
61
-3
-61
-104
-142
-183
-235
-332
-498
-729
-972
-1190
-1373
-1519
-1617
-1675
-1737
-1809
-1844
-1792
-1669
-1540
-1437
-1333
-1202
-1061
-912
-735
-526
-336
-195
-71
101
321
533
700
839
974
1098
1196
1282
1360
1408
1407
1378
1356
1345
1306
1229
1141
1062
1000
950
911
883
849
798
754
730
715
673
596
506
432
374
322
282
255
229
192
159
138
106
39
-64
-181
-293
-402
-509
-609
-699
-786
-860
-912
-951
-999
-1058
-1113
-1148
-1162
-1158
-1135
-1098
-1068
-1037
-992
-927
-866
-829
-807
-779
-734
-675
-609
-547
-505
-481
-463
-435
-401
-369
-337
-301
-253
-187
-102
-4
90
167
232
299
366
427
485
546
611
678
744
805
861
910
960
1006
1042
1058
1059
1056
1053
1048
1034
1014
982
941
898
864
839
801
745
675
611
560
510
457
402
340
268
196
139
103
68
12
-67
-168
-283
-416
-568
-736
-922
-1119
-1316
-1477
-1572
-1606
-1611
-1617
-1620
-1603
-1553
-1469
-1368
-1260
-1163
-1083
-993
-875
-714
-545
-402
-282
-159
-7
171
352
511
639
734
812
892
973
1030
1035
998
955
932
933
933
912
875
835
814
812
815
796
743
670
604
564
549
541
529
519
523
548
591
623
625
597
550
499
436
353
243
109
-31
-163
-279
-386
-492
-592
-679
-739
-777
-800
-820
-839
-860
-870
-863
-849
-836
-834
-843
-851
-852
-841
-825
-808
-790
-768
-736
-692
-645
-603
-577
-557
-540
-525
-511
-495
-477
-451
-412
-356
-285
-211
-135
-55
31
118
203
281
350
414
484
562
639
700
744
778
813
851
888
923
947
965
987
1020
1057
1082
1081
1050
1000
937
870
800
728
652
571
499
446
405
368
318
248
163
76
-10
-95
-189
-298
-422
-549
-666
-774
-876
-981
-1082
-1168
-1217
-1226
-1206
-1169
-1130
-1086
-1026
-948
-863
-784
-711
-649
-584
-503
-407
-307
-214
-131
-55
24
109
194
274
352
430
510
588
657
711
738
737
714
671
612
547
489
445
419
411
420
444
475
506
538
562
579
585
583
574
560
543
522
503
488
471
455
435
406
363
304
232
144
44
-67
-177
-287
-381
-460
-526
-580
-628
-674
-719
-760
-801
-839
-872
-898
-910
-909
-895
-872
-839
-803
-763
-721
-674
-626
-583
-545
-510
-482
-461
-447
-443
-442
-437
-424
-401
-362
-312
-253
-189
-119
-45
25
91
153
215
276
342
408
477
543
610
677
746
813
873
930
982
1030
1066
1092
1100
1088
1060
1017
965
905
840
774
707
646
591
539
490
439
388
333
280
225
166
103
32
-43
-121
-206
-297
-396
-493
-595
-696
-791
-878
-957
-1025
-1078
-1115
-1134
-1137
-1129
-1110
-1079
-1034
-979
-915
-840
-758
-672
-579
-482
-381
-280
-182
-87
6
92
174
246
310
363
404
436
460
475
484
490
496
502
510
519
527
537
548
560
569
580
586
595
607
619
633
646
658
668
674
682
686
681
667
641
604
556
495
421
334
241
143
38
-62
-164
-262
-354
-441
-520
-593
-654
-710
-753
-786
-810
-823
-825
-817
-802
-779
-756
-732
-708
-687
-665
-645
-632
-625
-621
-621
-619
-619
-620
-625
-628
-628
-615
-592
-566
-533
-493
-445
-385
-310
-226
-137
-46
51
160
271
383
485
576
658
734
803
869
920
954
978
999
1021
1040
1050
1045
1028
1009
995
984
963
928
880
827
777
730
678
617
547
474
404
339
274
200
114
19
-73
-161
-249
-338
-435
-530
-618
-692
-755
-810
-863
-912
-955
-985
-1005
-1017
-1026
-1035
-1037
-1025
-998
-955
-905
-849
-786
-714
-631
-545
-463
-382
-306
-231
-155
-79
-1
73
146
221
294
371
442
506
562
609
654
693
728
758
785
809
833
857
878
894
904
906
902
892
874
848
813
774
731
686
631
569
503
432
358
278
192
100
9
-81
-165
-245
-326
-408
-484
-550
-609
-661
-712
-766
-813
-851
-878
-899
-923
-947
-969
-985
-990
-986
-981
-980
-980
-970
-949
-916
-881
-847
-815
-778
-728
-662
-590
-524
-459
-390
-310
-220
-127
-38
41
120
208
306
404
491
566
638
713
798
876
936
975
1009
1047
1088
1128
1149
1148
1137
1136
1145
1151
1139
1105
1065
1026
996
965
914
838
752
671
596
524
432
321
199
80
-28
-129
-236
-354
-479
-593
-688
-765
-834
-906
-975
-1032
-1071
-1093
-1103
-1114
-1122
-1126
-1118
-1096
-1067
-1038
-1009
-979
-941
-895
-845
-789
-732
-670
-598
-520
-435
-347
-258
-169
-80
11
97
186
274
362
451
542
630
716
798
876
947
1006
1054
1093
1120
1139
1150
1146
1136
1115
1086
1049
1004
953
892
827
754
674
587
498
404
306
204
106
10
-78
-155
-223
-283
-339
-389
-438
-487
-537
-592
-650
-705
-752
-792
-833
-871
-901
-916
-919
-916
-917
-924
-941
-953
-951
-940
-931
-930
-923
-897
-853
-791
-721
-655
-599
-546
-484
-408
-324
-252
-194
-144
-75
13
112
209
298
376
440
512
590
663
726
774
811
855
921
989
1022
1025
1024
1041
1066
1078
1062
1037
1028
1032
1018
966
878
723
521
413
523
689
671
491
347
274
177
90
108
116
-37
-240
-287
-231
-285
-455
-584
-630
-679
-743
-768
-778
-814
-852
-852
-829
-832
-871
-927
-954
-909
-837
-811
-822
-792
-717
-663
-639
-597
-541
-502
-451
-343
-226
-184
-181
-132
-39
41
105
176
230
258
312
423
538
593
611
630
657
685
727
775
792
779
773
792
812
796
763
730
696
664
641
609
552
484
430
394
356
298
234
168
111
63
12
-58
-140
-212
-261
-294
-330
-381
-442
-496
-531
-555
-581
-615
-660
-703
-731
-743
-753
-764
-767
-756
-737
-727
-721
-717
-703
-678
-640
-597
-551
-500
-449
-404
-354
-298
-238
-186
-132
-69
1
68
128
184
234
279
321
366
415
469
530
588
627
650
665
678
693
716
738
756
765
773
778
774
758
729
700
673
650
626
606
590
566
520
464
410
358
311
261
210
154
98
51
1
-74
-187
-301
-357
-340
-311
-348
-457
-580
-647
-664
-686
-748
-837
-904
-922
-912
-922
-966
-1006
-996
-939
-887
-883
-903
-874
-765
-634
-560
-539
-493
-410
-382
-438
-431
-181
221
461
382
174
131
353
645
730
587
493
664
959
1065
928
780
783
887
965
941
846
801
889
1014
1007
865
751
739
738
685
616
567
522
474
414
306
164
68
33
-29
-154
-261
-298
-322
-388
-471
-543
-616
-685
-731
-773
-822
-839
-798
-759
-774
-808
-802
-772
-767
-773
-766
-750
-726
-685
-643
-630
-627
-595
-542
-507
-478
-414
-332
-261
-201
-146
-106
-80
-42
22
92
163
243
327
399
457
493
514
526
550
585
608
616
628
646
654
649
638
624
616
626
643
640
617
593
567
535
509
483
436
377
345
342
324
277
232
189
139
91
63
46
21
-1
-33
-109
-213
-285
-318
-370
-448
-495
-514
-551
-587
-587
-575
-585
-585
-561
-561
-590
-596
-583
-602
-627
-597
-551
-536
-523
-462
-384
-335
-298
-269
-259
-248
-194
-125
-84
-47
28
121
187
231
270
311
357
412
454
475
492
530
576
605
622
640
659
678
690
692
680
662
636
594
545
502
471
448
419
378
327
276
231
187
128
62
-1
-62
-120
-165
-206
-249
-294
-333
-365
-399
-432
-460
-485
-511
-540
-568
-595
-616
-627
-636
-641
-642
-632
-616
-600
-583
-559
-532
-504
-474
-442
-412
-381
-349
-325
-301
-265
-213
-157
-109
-65
-15
44
108
160
196
221
250
277
290
293
299
333
396
462
515
544
565
581
567
519
458
417
419
445
466
471
465
465
459
427
376
331
318
335
343
314
237
135
38
-41
-91
-105
-71
-2
75
124
114
49
-48
-148
-245
-334
-388
-369
-292
-205
-156
-155
-175
-204
-244
-298
-363
-406
-397
-352
-295
-259
-238
-225
-225
-232
-243
-253
-253
-241
-221
-189
-163
-145
-140
-151
-158
-148
-121
-94
-74
-51
-22
12
40
49
51
53
72
106
134
149
159
167
177
180
183
194
212
241
264
277
278
270
257
233
206
190
184
189
197
201
204
200
184
158
126
95
73
54
37
20
9
-2
-18
-37
-59
-75
-87
-100
-113
-126
-135
-143
-157
-172
-184
-185
-178
-174
-171
-173
-172
-163
-158
-154
-151
-144
-130
-121
-113
-106
-96
-85
-75
-67
-64
-58
-48
-36
-26
-15
-1
13
24
29
24
20
20
27
38
53
71
87
100
104
100
97
94
95
97
101
109
114
118
118
112
111
109
107
104
99
93
87
81
72
62
55
47
40
35
26
20
12
11
10
10
5
-3
-12
-21
-29
-38
-44
-51
-56
-58
-63
-73
-82
-89
-95
-96
-94
-90
-84
-79
-75
-77
-85
-94
-99
-98
-94
-82
-68
-51
-35
-26
-25
-28
-34
-38
-39
-31
-18
1
22
38
44
44
38
30
23
16
14
20
29
37
42
43
41
39
37
37
38
41
45
48
46
44
40
35
35
33
38
41
44
44
41
33
24
16
10
5
5
9
12
15
17
14
9
5
0
-5
-9
-11
-14
-14
-14
-12
-12
-12
-10
-9
-9
-10
-12
-14
-18
-22
-25
-31
-36
-35
-34
-32
-30
-29
-28
-27
-29
-31
-33
-32
-29
-25
-20
-14
-9
-6
-5
-7
-8
-11
-10
-8
-4
-2
-1
1
2
-1
-2
-3
-2
-1
2
6
6
8
7
6
4
5
5
5
5
8
8
9
10
12
15
17
18
20
22
18
13
8
2
1
4
5
11
16
20
17
13
9
6
6
6
6
7
9
11
11
7
7
6
5
6
9
10
12
13
13
9
3
0
-3
-6
-7
-10
-10
-10
-9
-9
-11
-11
-12
-11
-8
-6
-5
-3
-3
-5
-5
-5
-3
-3
-1
2
4
3
4
3
-1
-4
-8
-10
-10
-9
-5
-2
0
1
1
0
-2
-6
-10
-13
-15
-15
-13
-12
-10
-10
-9
-10
-11
-12
-14
-15
-16
-15
-13
-12
-10
-6
-5
-5
-6
-5
-5
-4
-4
-1
2
3
3
4
4
4
7
10
9
10
13
14
13
13
11
8
8
8
10
14
15
18
20
18
14
12
10
6
4
1
2
2
3
3
2
-2
-3
-7
-10
-8
-8
-6
-6
-6
-6
-8
-9
-8
-9
-6
-5
-5
-1
0
3
5
3
1
-3
-5
-5
-6
-6
-4
-3
-3
-2
-1
-1
-1
-2
-2
-1
0
0
0
-1
-3
-2
-3
-2
-1
2
3
7
8
8
8
8
6
4
4
4
3
5
6
10
13
15
16
16
16
16
16
16
17
14
13
11
11
9
8
5
2
1
0
-2
-5
-8
-10
-13
-17
-18
-20
-19
-19
-19
-17
-17
-15
-14
-14
-12
-11
-11
-11
-11
-10
-9
-9
-9
-9
-8
-7
-6
-5
-3
-3
-1
1
1
1
1
2
2
4
5
6
9
9
10
11
9
8
8
8
10
10
10
11
10
11
11
9
7
6
4
1
0
-1
-3
-4
-5
-5
-3
-2
0
0
-1
0
0
1
0
-1
-2
-4
-5
-6
-8
-6
-7
-5
-6
-4
-4
-3
-2
-1
-1
1
1
-1
0
-1
0
-1
-2
-2
-3
-2
1
3
2
4
4
5
7
5
5
7
7
7
8
11
11
10
9
7
6
6
4
3
2
3
1
0
-1
0
