3
3
4
4
6
8
5
6
6
4
2
5
4
1
1
-1
-4
-4
-5
-7
-9
-8
-9
-9
-9
-10
-9
-7
-6
-5
-5
-3
-4
-2
0
2
2
3
3
3
2
1
1
0
1
0
0
-2
-3
-1
-1
-1
-1
1
0
1
1
0
2
2
0
2
1
-1
0
2
3
2
1
0
1
2
4
3
2
3
5
3
3
4
2
2
2
3
6
4
2
3
4
3
2
0
0
0
-1
-3
-3
-3
-4
-3
-5
-4
-3
-3
-3
-2
-2
-2
-1
-3
-1
-1
-1
0
0
0
0
-1
-2
-2
-2
-2
-3
-3
-2
-3
-3
-2
-1
-3
-2
-3
-2
-2
-2
-3
-3
-3
-3
-3
-3
-4
-3
-4
-2
-1
0
1
0
2
3
3
4
5
6
6
7
8
7
7
8
7
5
5
4
4
3
2
2
1
2
2
1
-1
-2
-2
-2
-2
-3
-3
-1
0
0
1
2
1
1
2
2
2
1
0
1
2
-1
1
1
0
1
-1
-1
-1
-3
-3
-3
-4
-6
-7
-6
-5
-4
-5
-6
-5
-3
-4
-3
-4
-4
-3
-1
-2
-3
-3
-5
-2
-3
-3
-2
-1
-1
-1
-1
0
0
-1
0
0
1
2
2
2
4
4
5
4
4
5
4
4
5
6
6
4
6
5
6
5
6
4
2
2
2
3
3
3
4
2
3
2
3
2
2
2
0
-1
-3
-2
-3
-3
-6
-8
-7
-7
-5
-3
-4
-5
-3
-2
-2
0
0
-1
-3
-3
-3
-3
-2
-3
-2
-1
-1
-1
-1
-1
0
-1
-2
-3
-2
-1
-2
-2
-2
-2
-3
-1
-1
-2
-1
-2
0
1
3
3
2
3
5
3
3
3
4
4
5
5
6
5
5
5
4
3
2
4
3
3
3
4
3
2
3
3
5
5
5
4
3
3
1
1
-1
-2
-2
-4
-5
-5
-6
-6
-7
-8
-8
-8
-8
-6
-5
-7
-6
-6
-6
-4
-4
-3
-1
-2
-2
0
3
4
6
4
5
3
2
3
2
0
-3
-3
-2
-3
-3
-4
-3
-4
-4
-3
-2
-1
0
1
3
2
6
7
5
5
5
6
6
5
5
4
5
4
4
3
2
-1
-2
-1
-2
-2
0
1
0
2
2
4
3
1
1
1
3
3
4
4
4
4
4
3
3
3
0
1
-1
0
1
-1
-1
-3
-3
-3
-3
-3
-4
-3
-5
-5
-4
-4
-3
-4
-3
-4
-1
0
1
0
-1
0
0
-1
-2
-1
-1
-4
-5
-2
-1
-2
-2
-1
0
-1
0
2
2
1
0
0
0
0
-1
-1
0
1
0
1
1
1
0
0
0
0
-1
-2
-2
-1
0
0
0
2
0
-2
-1
-2
-1
-1
0
0
0
-1
2
1
2
2
3
5
5
6
7
7
6
7
5
3
1
2
1
0
-1
-4
-2
-4
-4
-4
-4
-5
-6
-6
-5
-5
-5
-3
-2
-3
-2
-1
1
2
2
2
0
2
3
4
3
4
4
4
3
4
3
3
3
1
3
2
1
-1
0
-1
-1
-2
-1
-1
-1
1
1
1
2
1
3
2
3
2
4
4
5
3
2
1
0
-2
-2
-2
-1
0
1
1
3
1
0
1
0
0
-1
-3
-3
-5
-4
-6
-5
-6
-7
-9
-8
-7
-8
-7
-8
-5
-5
-5
-3
-2
-3
-4
-3
-2
-2
-1
0
1
1
0
0
3
4
2
2
1
1
1
0
-1
-4
-5
-6
-4
-4
-3
-4
-4
-2
-2
-1
1
1
1
0
1
1
4
3
3
2
2
2
4
5
3
3
3
3
3
4
3
3
2
2
2
4
4
3
4
5
7
8
10
9
7
8
9
11
11
10
9
10
13
12
12
12
11
9
8
8
9
7
5
4
3
3
3
1
0
-3
-6
-8
-10
-10
-11
-10
-12
-14
-12
-13
-13
-14
-13
-13
-12
-10
-7
-8
-10
-10
-10
-10
-11
-10
-10
-8
-9
-7
-6
-6
-6
-7
-8
-7
-4
-3
0
-1
0
2
3
6
7
7
9
11
11
14
12
14
13
11
9
7
6
3
-2
-4
-5
-5
-9
-13
-19
-27
-33
-44
-57
-65
-79
-88
-105
-127
-134
-148
-157
-170
-199
-206
-206
-206
-203
-216
-218
-198
-180
-152
-130
-106
-63
-19
34
93
160
225
286
352
413
503
587
640
700
737
805
889
912
936
942
952
1006
1001
973
946
899
895
861
785
719
631
566
501
400
303
202
103
3
-96
-194
-291
-384
-471
-553
-632
-709
-781
-844
-901
-948
-994
-1038
-1076
-1110
-1138
-1156
-1167
-1176
-1179
-1176
-1163
-1142
-1118
-1090
-1057
-1020
-978
-925
-862
-789
-716
-643
-573
-504
-433
-356
-274
-195
-116
-38
43
129
215
296
363
415
459
504
558
605
638
654
655
649
647
645
632
599
548
497
456
426
377
288
157
11
-116
-207
-263
-316
-367
-405
-404
-345
-252
-162
-98
-54
12
134
306
492
646
755
835
918
1017
1122
1207
1257
1291
1347
1440
1555
1649
1683
1648
1566
1470
1376
1278
1151
986
791
596
421
262
98
-94
-306
-515
-685
-811
-904
-988
-1081
-1172
-1247
-1299
-1336
-1369
-1415
-1467
-1509
-1524
-1509
-1476
-1437
-1397
-1356
-1310
-1253
-1192
-1134
-1080
-1027
-969
-904
-832
-760
-699
-651
-604
-561
-515
-466
-419
-368
-308
-239
-161
-80
-2
71
140
213
291
372
451
519
576
626
676
731
786
835
873
904
935
976
1027
1081
1127
1161
1185
1206
1230
1254
1268
1265
1242
1203
1159
1118
1076
1028
965
886
798
711
636
566
498
417
324
230
136
52
-31
-124
-238
-372
-515
-654
-789
-929
-1086
-1264
-1455
-1645
-1816
-1962
-2087
-2194
-2283
-2343
-2365
-2339
-2267
-2162
-2038
-1902
-1749
-1568
-1355
-1119
-871
-628
-397
-170
62
302
540
768
976
1171
1367
1567
1763
1944
2094
2213
2301
2365
2407
2421
2401
2346
2263
2160
2043
1906
1746
1570
1379
1184
991
803
617
431
247
73
-87
-235
-373
-502
-623
-735
-834
-919
-992
-1058
-1117
-1164
-1200
-1224
-1233
-1234
-1224
-1204
-1175
-1134
-1085
-1029
-968
-906
-843
-783
-725
-672
-626
-590
-559
-532
-508
-489
-474
-459
-447
-437
-426
-412
-397
-378
-358
-333
-305
-274
-237
-197
-154
-105
-50
15
86
162
243
327
412
498
581
661
736
805
872
932
987
1033
1068
1094
1111
1122
1130
1127
1114
1081
1039
990
939
883
815
735
646
557
476
403
335
263
189
112
39
-27
-89
-157
-242
-344
-456
-572
-692
-823
-966
-1123
-1285
-1440
-1573
-1680
-1770
-1842
-1893
-1915
-1901
-1849
-1769
-1668
-1555
-1421
-1265
-1081
-882
-676
-474
-279
-77
131
350
571
785
988
1185
1380
1572
1758
1919
2051
2150
2223
2274
2303
2298
2261
2189
2086
1966
1830
1679
1515
1334
1142
951
767
589
414
243
77
-85
-236
-380
-517
-651
-775
-894
-1003
-1097
-1180
-1253
-1315
-1365
-1401
-1423
-1432
-1431
-1423
-1404
-1375
-1333
-1279
-1217
-1155
-1089
-1023
-954
-879
-802
-731
-662
-597
-536
-475
-417
-363
-313
-271
-234
-198
-162
-130
-102
-76
-52
-26
2
33
67
107
152
204
262
326
395
465
537
606
676
746
812
873
931
983
1028
1065
1096
1118
1136
1147
1148
1140
1129
1108
1080
1046
1004
951
891
826
755
678
599
515
425
336
245
154
65
-22
-107
-191
-271
-352
-429
-509
-588
-669
-756
-847
-942
-1043
-1149
-1255
-1359
-1460
-1554
-1636
-1704
-1756
-1789
-1802
-1792
-1760
-1703
-1627
-1529
-1410
-1276
-1125
-962
-790
-612
-427
-238
-45
151
346
543
739
931
1120
1300
1470
1628
1771
1896
2004
2089
2152
2197
2216
2213
2184
2133
2060
1967
1854
1728
1587
1435
1273
1105
934
757
580
405
233
64
-98
-255
-401
-541
-673
-797
-911
-1019
-1119
-1208
-1288
-1356
-1413
-1458
-1489
-1506
-1508
-1496
-1469
-1428
-1377
-1316
-1247
-1174
-1099
-1025
-953
-884
-822
-769
-722
-681
-646
-616
-592
-567
-541
-513
-481
-444
-400
-353
-294
-228
-155
-79
-1
82
165
250
329
408
483
555
621
683
743
805
862
912
959
1006
1054
1099
1138
1165
1189
1210
1222
1225
1217
1198
1169
1132
1093
1052
1000
938
871
810
752
688
612
533
464
391
318
239
155
68
-18
-102
-191
-288
-385
-481
-575
-671
-772
-874
-973
-1067
-1165
-1260
-1346
-1421
-1493
-1559
-1609
-1643
-1663
-1667
-1651
-1620
-1579
-1513
-1416
-1302
-1195
-1096
-969
-807
-653
-526
-383
-221
-90
-7
136
393
602
604
560
780
1195
1392
1267
1197
1463
1810
1866
1688
1636
1808
1939
1843
1659
1607
1655
1613
1430
1253
1189
1164
1051
858
700
634
586
465
286
149
81
14
-112
-267
-383
-461
-551
-667
-776
-855
-919
-989
-1064
-1121
-1145
-1156
-1185
-1221
-1230
-1206
-1185
-1187
-1198
-1186
-1157
-1132
-1119
-1098
-1071
-1047
-1025
-983
-918
-866
-846
-817
-736
-634
-571
-539
-482
-382
-280
-204
-140
-71
20
134
238
303
361
465
587
671
719
785
882
969
1020
1056
1105
1173
1227
1248
1248
1265
1299
1324
1319
1282
1235
1220
1245
1232
1119
991
973
1010
937
759
651
654
628
491
336
254
211
123
-22
-168
-268
-348
-468
-625
-761
-850
-944
-1072
-1199
-1281
-1342
-1416
-1502
-1567
-1593
-1598
-1616
-1638
-1622
-1562
-1497
-1450
-1390
-1289
-1157
-1036
-925
-796
-639
-472
-318
-170
-7
166
324
472
624
770
905
1024
1119
1197
1274
1346
1370
1352
1336
1326
1291
1217
1132
1060
994
916
820
724
673
642
532
406
432
497
329
123
234
414
225
-80
-27
202
152
-135
-293
-197
-83
-182
-394
-498
-481
-429
-419
-565
-763
-702
-481
-539
-824
-851
-571
-457
-688
-868
-691
-403
-409
-664
-754
-512
-269
-320
-499
-532
-416
-237
-130
-269
-460
-311
-37
-95
-256
-167
-63
-107
-69
41
47
14
27
96
238
293
205
201
335
442
506
469
365
497
729
629
445
584
740
684
599
541
574
738
721
473
417
600
645
504
379
341
387
411
325
202
133
118
123
72
-87
-220
-219
-205
-332
-541
-621
-583
-638
-781
-889
-978
-981
-892
-974
-1189
-1174
-969
-925
-1021
-1038
-921
-741
-629
-609
-550
-363
-167
-42
80
244
442
625
758
870
1004
1154
1266
1310
1279
1228
1222
1212
1142
1032
914
808
707
556
391
417
544
373
-49
-271
-19
415
301
-470
-775
-103
356
-66
-532
-492
-265
-18
61
-433
-730
-156
198
-278
-596
-405
-308
-143
50
-419
-857
-397
141
-96
-554
-733
-587
-117
-55
-529
-835
-661
-200
-155
-596
-692
-316
-200
-455
-546
-345
-66
-56
-340
-548
-242
334
184
-425
-343
272
384
-89
-215
155
307
121
108
104
-11
235
508
309
58
248
625
619
331
326
684
823
589
386
507
854
876
482
384
695
754
548
531
524
348
360
550
449
89
12
232
276
83
-143
-233
-123
-26
-125
-391
-556
-437
-356
-531
-714
-738
-720
-773
-880
-942
-910
-872
-913
-1013
-1040
-878
-727
-813
-907
-780
-568
-426
-370
-367
-273
-42
132
186
272
423
551
623
633
657
784
911
908
822
816
902
923
879
939
1066
890
573
787
1143
773
285
595
969
471
-93
135
547
535
22
-448
1
494
-83
-505
-52
56
-373
-408
-232
-372
-359
-182
-415
-646
-511
-366
-407
-574
-597
-575
-643
-450
-291
-535
-791
-825
-530
-73
-165
-796
-1073
-570
14
-163
-779
-898
-309
209
-158
-801
-601
41
208
-151
-558
-395
106
212
36
-75
-33
215
256
13
77
386
438
101
-180
211
708
555
181
-21
206
1011
1174
93
-451
485
1319
824
11
77
526
696
759
681
397
378
697
722
462
457
539
481
398
248
147
145
222
370
159
-350
-453
-154
14
-246
-666
-677
-536
-743
-898
-796
-783
-953
-1157
-1101
-894
-902
-961
-934
-920
-857
-749
-645
-512
-403
-356
-286
-151
17
190
278
280
346
501
655
805
889
812
783
969
1122
1100
1013
940
957
1017
930
810
873
880
650
441
418
546
632
407
82
-9
32
52
27
-86
-272
-448
-450
-349
-354
-409
-593
-775
-575
-333
-439
-655
-587
-268
-475
-980
-642
-99
-346
-798
-800
-373
-102
-334
-524
-479
-400
-280
-220
-189
-245
-472
-406
-125
-207
-336
-189
-120
-218
-337
-292
57
136
-264
-370
-139
75
363
400
22
-133
185
482
393
265
357
412
423
415
396
568
731
546
196
127
519
826
575
264
396
711
796
639
406
274
492
764
637
478
489
388
267
261
249
250
194
-103
-344
-254
-204
-266
-324
-693
-1048
-908
-759
-888
-1051
-1201
-1343
-1454
-1426
-1252
-1241
-1462
-1629
-1509
-1221
-1028
-839
-622
-624
-629
-329
137
518
638
682
882
1085
1332
1704
1887
1814
1730
1785
1961
2074
2100
1997
1604
1225
1199
1312
1269
986
517
130
70
116
-85
-444
-727
-838
-798
-844
-1032
-1097
-974
-1013
-1325
-1322
-922
-624
-436
-564
-924
-710
-254
-125
-67
-223
-358
22
336
230
124
137
27
-99
64
195
67
-5
-164
-414
-305
-109
-238
-393
-424
-546
-642
-579
-413
-207
-416
-935
-844
-371
-237
-261
-377
-555
-441
-143
79
140
28
-14
39
121
378
577
531
400
308
495
740
730
838
771
337
442
825
765
796
923
640
415
669
941
836
621
491
427
678
937
697
522
646
454
179
237
311
249
64
-283
-520
-561
-684
-870
-926
-1004
-1328
-1740
-1846
-1689
-1805
-2296
-2584
-2419
-2119
-1924
-1892
-1983
-1958
-1712
-1436
-1241
-939
-434
43
319
550
928
1411
1811
2009
2154
2475
2931
3306
3511
3515
3368
3306
3347
3232
2972
2748
2557
2325
1944
1372
830
463
77
-440
-921
-1246
-1492
-1809
-2222
-2617
-2900
-2999
-2920
-2837
-2843
-2781
-2554
-2324
-2180
-1975
-1633
-1258
-883
-475
-101
198
474
712
855
1006
1263
1429
1448
1544
1562
1385
1332
1283
950
681
653
545
303
37
-261
-539
-704
-799
-977
-1200
-1246
-1183
-1260
-1395
-1320
-1086
-955
-946
-847
-573
-284
-151
-94
17
131
343
730
904
749
754
995
1112
1099
1059
1044
1126
1126
923
859
1001
863
460
270
287
381
553
520
221
-43
-158
-84
199
437
346
37
32
410
539
303
215
253
131
-10
-16
19
-11
-203
-648
-1168
-1404
-1394
-1505
-1891
-2533
-3195
-3367
-2926
-2440
-2483
-2936
-3100
-2720
-2300
-2102
-1767
-1133
-556
-227
173
878
1645
2221
2602
2864
3140
3635
4334
4864
5000
4949
4878
4730
4557
4477
4343
3927
3371
2920
2439
1791
1160
551
-270
-1210
-1939
-2389
-2797
-3292
-3738
-4091
-4470
-4814
-4927
-4851
-4743
-4524
-4089
-3572
-3115
-2665
-2163
-1646
-1128
-580
44
706
1255
1662
1994
2243
2385
2487
2601
2675
2653
2590
2524
2330
1964
1568
1186
774
425
216
35
-252
-642
-1051
-1388
-1598
-1683
-1699
-1708
-1736
-1752
-1686
-1554
-1411
-1242
-1042
-836
-588
-259
102
444
700
784
729
767
1012
1256
1381
1526
1642
1524
1226
1037
1089
1181
1103
962
856
696
490
381
413
404
165
-109
-28
277
283
-25
-133
110
321
275
88
-9
116
318
352
157
-237
-692
-991
-1183
-1465
-1783
-2031
-2423
-3252
-4333
-4943
-4614
-3866
-3633
-3980
-4139
-3738
-3204
-2894
-2574
-1889
-910
-14
687
1470
2523
3605
4307
4565
4756
5233
5951
6604
7003
7163
7103
6794
6314
5821
5334
4811
4273
3690
2927
2003
1115
339
-464
-1421
-2437
-3294
-3911
-4375
-4751
-5064
-5389
-5777
-6155
-6360
-6242
-5780
-5131
-4495
-3983
-3550
-3057
-2403
-1624
-847
-109
620
1296
1835
2252
2604
2863
2980
2971
2887
2790
2724
2638
2406
1984
1472
990
570
210
-68
-265
-460
-740
-1067
-1341
-1521
-1636
-1681
-1635
-1562
-1507
-1389
-1159
-944
-796
-608
-342
-108
92
345
619
847
1075
1282
1331
1273
1297
1393
1412
1366
1347
1310
1122
846
683
660
624
499
343
181
57
78
207
257
191
191
332
462
477
456
476
459
391
390
487
582
659
768
822
697
489
351
118
-483
-1270
-1788
-1985
-2287
-2972
-3951
-5016
-5875
-6188
-5944
-5581
-5424
-5287
-4945
-4574
-4323
-3865
-2865
-1567
-425
534
1579
2792
4026
5105
5896
6406
6838
7365
7905
8303
8573
8717
8541
7908
7001
6107
5303
4539
3756
2878
1843
724
-343
-1377
-2462
-3501
-4330
-4959
-5498
-5961
-6249
-6319
-6249
-6178
-6177
-6139
-5842
-5205
-4361
-3444
-2494
-1601
-926
-433
113
828
1610
2326
2895
3230
3332
3320
3267
3092
2765
2407
2073
1694
1271
915
604
165
-451
-1091
-1599
-1905
-1986
-1898
-1815
-1863
-1954
-1965
-1910
-1834
-1638
-1266
-845
-507
-200
137
431
635
804
971
1092
1202
1389
1599
1690
1648
1554
1373
1070
789
677
650
562
440
356
244
35
-158
-205
-170
-140
-43
146
301
370
509
789
1027
1068
1029
1102
1266
1349
1275
1205
1322
1513
1458
1092
727
589
563
478
264
-205
-993
-1820
-2401
-2896
-3571
-4325
-5087
-6099
-7207
-7618
-7024
-6198
-5848
-5680
-5219
-4668
-4259
-3611
-2332
-689
814
2041
3125
4197
5345
6510
7440
8003
8376
8739
9008
9109
9137
9061
8630
7737
6565
5293
4011
2878
1994
1137
26
-1254
-2422
-3444
-4444
-5332
-5944
-6339
-6646
-6827
-6797
-6578
-6205
-5681
-5101
-4553
-3955
-3231
-2462
-1644
-624
536
1447
1921
2202
2518
2818
3043
3245
3359
3235
2919
2542
2074
1502
981
561
49
-609
-1149
-1420
-1606
-1872
-2130
-2299
-2435
-2507
-2391
-2077
-1686
-1281
-904
-625
-434
-177
202
579
866
1118
1367
1529
1578
1588
1578
1479
1288
1097
956
837
721
609
461
220
-70
-276
-342
-351
-373
-371
-296
-192
-94
63
308
547
705
861
1102
1385
1615
1748
1767
1698
1662
1770
1953
2012
1830
1514
1252
1083
860
552
321
141
-352
-1316
-2334
-2980
-3476
-4291
-5499
-6879
-8163
-8923
-8758
-7925
-7146
-6639
-6019
-5256
-4746
-4352
-3340
-1504
472
2026
3311
4670
6110
7431
8474
9190
9672
10031
10200
10058
9762
9570
9340
8627
7326
5777
4265
2822
1493
339
-764
-1972
-3210
-4340
-5385
-6330
-6960
-7183
-7217
-7252
-7150
-6726
-6020
-5172
-4280
-3431
-2668
-1892
-1007
-54
869
1741
2525
3103
3410
3518
3519
3435
3235
2907
2462
1914
1262
554
-125
-710
-1234
-1761
-2294
-2767
-3117
-3319
-3363
-3273
-3103
-2884
-2599
-2240
-1816
-1312
-718
-85
504
1005
1414
1765
2073
2334
2505
2557
2513
2397
2224
1995
1716
1395
1027
600
137
-251
-485
-631
-824
-1037
-1153
-1167
-1161
-1113
-915
-577
-221
68
309
613
1056
1531
1857
2083
2382
2665
2713
2657
2796
2985
2835
2404
2049
1771
1381
1030
894
691
163
-424
-790
-1152
-1742
-2374
-2923
-3598
-4428
-5192
-6033
-7308
-8699
-9328
-8988
-8364
-7874
-7146
-5942
-4696
-3811
-3052
-1953
-433
1178
2566
3765
5088
6655
8101
9048
9609
10108
10446
10303
9756
9174
8651
7963
7001
5845
4546
3156
1829
612
-648
-2000
-3235
-4227
-5112
-5937
-6496
-6625
-6448
-6183
-5896
-5513
-4943
-4152
-3238
-2357
-1511
-593
371
1240
2010
2747
3314
3533
3500
3410
3226
2872
2483
2124
1581
743
-126
-796
-1404
-2095
-2733
-3197
-3617
-4084
-4433
-4456
-4190
-3798
-3350
-2850
-2331
-1795
-1158
-408
314
918
1484
2033
2447
2705
2948
3193
3257
3075
2797
2510
2161
1739
1297
841
332
-190
-662
-1076
-1414
-1610
-1685
-1743
-1800
-1749
-1549
-1268
-947
-560
-114
312
690
1085
1535
1975
2315
2561
2794
3036
3172
3146
3048
2964
2824
2598
2339
1991
1487
984
596
144
-404
-732
-854
-1205
-1752
-2003
-2033
-2403
-3127
-3699
-3995
-4395
-5245
-6595
-8054
-8857
-8624
-7845
-7146
-6425
-5202
-3623
-2419
-1767
-888
688
2275
3188
3836
4911
6339
7666
8684
9355
9718
9865
9659
8892
7809
6891
6156
5181
3820
2415
1259
263
-737
-1730
-2679
-3610
-4447
-5061
-5481
-5760
-5668
-5055
-4329
-3847
-3298
-2398
-1412
-525
304
975
1515
2035
2341
2435
2623
2731
2482
2150
1829
1233
549
58
-540
-1364
-2046
-2501
-2951
-3437
-3845
-4070
-4041
-3849
-3602
-3226
-2676
-2049
-1418
-808
-228
337
898
1412
1833
2149
2423
2686
2825
2777
2624
2421
2130
1740
1268
760
274
-190
-620
-969
-1230
-1414
-1521
-1606
-1690
-1671
-1511
-1302
-1060
-700
-227
254
717
1208
1706
2126
2397
2508
2520
2530
2534
2444
2288
2182
2133
2007
1744
1452
1214
955
600
206
-167
-577
-1037
-1404
-1526
-1456
-1383
-1375
-1319
-1149
-1016
-1126
-1481
-1898
-2244
-2625
-3273
-4240
-5276
-6023
-6265
-6029
-5548
-4946
-4083
-2907
-1758
-930
-212
741
1804
2562
2973
3446
4232
5089
5681
5973
6120
6141
5889
5231
4288
3366
2569
1715
732
-152
-687
-906
-1015
-1101
-1117
-1045
-940
-826
-659
-419
-83
356
846
1300
1711
2150
2589
2868
2852
2578
2154
1599
891
131
-569
-1250
-1978
-2641
-3089
-3366
-3621
-3873
-4022
-4030
-3933
-3703
-3311
-2836
-2353
-1817
-1208
-619
-76
470
964
1274
1394
1412
1366
1228
990
705
432
185
-67
-304
-510
-704
-891
-1049
-1195
-1332
-1396
-1353
-1259
-1137
-935
-643
-330
-43
256
575
856
1080
1281
1472
1635
1796
1973
2112
2171
2193
2204
2155
2024
1864
1700
1492
1244
1006
789
599
473
431
430
446
510
611
688
707
679
627
588
605
639
601
500
415
320
147
-82
-384
-896
-1637
-2410
-3122
-4006
-5301
-6827
-8024
-8448
-8186
-7648
-6949
-5753
-3943
-2070
-702
370
1674
3058
3864
4007
4115
4606
5184
5442
5417
5369
5324
5023
4257
3145
2018
1029
28
-1073
-2000
-2410
-2339
-2039
-1594
-951
-162
631
1340
1909
2297
2568
2847
3096
3183
3155
3181
3240
3143
2821
2365
1797
1062
180
-785
-1775
-2697
-3396
-3854
-4156
-4293
-4157
-3791
-3384
-2981
-2483
-1902
-1396
-1013
-635
-235
105
366
610
828
964
1029
1029
901
621
283
-77
-520
-1032
-1461
-1722
-1890
-2011
-2010
-1855
-1660
-1521
-1394
-1230
-1054
-882
-692
-490
-301
-90
190
490
728
951
1222
1453
1546
1581
1673
1747
1705
1630
1613
1582
1483
1399
1364
1289
1165
1062
976
888
883
978
1048
1068
1192
1413
1532
1520
1531
1543
1389
1122
917
757
546
341
213
75
-180
-565
-1096
-1783
-2527
-3254
-4100
-5277
-6707
-7851
-8164
-7697
-6990
-6231
-4990
-3060
-1041
427
1505
2722
3978
4635
4504
4152
4155
4409
4412
4018
3642
3579
3502
2903
1874
960
328
-406
-1432
-2321
-2627
-2443
-2110
-1668
-932
103
1205
2148
2844
3315
3622
3756
3660
3333
2900
2497
2139
1768
1330
822
298
-184
-684
-1342
-2138
-2840
-3310
-3676
-4040
-4201
-3934
-3359
-2780
-2275
-1658
-858
-101
375
597
744
890
939
826
644
545
546
497
288
11
-178
-313
-575
-989
-1362
-1553
-1638
-1715
-1743
-1631
-1376
-1073
-797
-544
-258
60
290
339
311
360
454
477
464
552
743
941
1098
1229
1341
1417
1430
1343
1172
998
858
707
563
513
558
613
670
801
1001
1182
1315
1422
1505
1549
1548
1486
1344
1178
1048
930
756
543
367
239
93
-144
-497
-997
-1651
-2390
-3158
-4061
-5289
-6715
-7749
-7913
-7447
-6884
-6170
-4775
-2700
-713
666
1780
3105
4374
4926
4690
4310
4265
4315
3977
3336
2940
2973
2928
2357
1525
959
606
-8
-959
-1748
-2018
-1954
-1828
-1558
-916
91
1220
2246
3087
3761
4268
4509
4371
3877
3207
2524
1861
1180
450
-258
-793
-1101
-1379
-1822
-2301
-2588
-2783
-3109
-3451
-3515
-3307
-3039
-2737
-2269
-1631
-917
-211
354
683
873
1048
1063
757
313
23
-178
-509
-889
-1079
-1104
-1171
-1294
-1335
-1292
-1271
-1287
-1287
-1261
-1200
-1060
-868
-697
-528
-269
62
319
463
606
787
887
840
791
848
923
912
891
953
1047
1105
1140
1162
1140
1103
1071
983
814
684
689
776
873
1000
1198
1448
1704
1908
2007
2036
2054
1993
1745
1374
1046
776
469
163
-40
-162
-291
-459
-705
-1121
-1706
-2330
-2980
-3848
-5070
-6413
-7371
-7637
-7390
-6953
-6215
-4785
-2733
-746
682
1842
3177
4423
4907
4560
4040
3799
3571
2966
2198
1799
1829
1791
1371
866
667
622
265
-458
-1091
-1306
-1279
-1284
-1226
-790
79
1126
2110
3009
3846
4509
4822
4709
4249
3579
2798
1928
952
-73
-935
-1460
-1732
-1972
-2210
-2277
-2143
-2046
-2134
-2247
-2219
-2143
-2145
-2115
-1861
-1393
-858
-341
135
572
958
1217
1203
897
512
186
-236
-852
-1421
-1716
-1859
-2022
-2088
-1894
-1566
-1297
-1065
-805
-592
-486
-443
-436
-475
-481
-370
-209
-99
31
272
530
669
738
838
932
917
803
697
650
625
586
550
573
668
773
829
874
944
1006
1030
1069
1164
1281
1389
1515
1670
1816
1939
2034
2029
1884
1676
1467
1173
758
391
213
88
-169
-512
-832
-1207
-1759
-2399
-3051
-3900
-5120
-6422
-7253
-7438
-7280
-6968
-6186
-4610
-2533
-637
828
2246
3857
5187
5606
5218
4729
4455
4007
3075
2062
1542
1422
1148
604
263
369
491
145
-486
-860
-867
-883
-1104
-1207
-827
-37
834
1665
2564
3538
4353
4788
4810
4499
3920
3112
2088
873
-377
-1388
-2051
-2527
-2941
-3144
-2991
-2646
-2373
-2201
-2008
-1779
-1611
-1528
-1465
-1348
-1135
-853
-565
-275
107
558
856
871
758
686
546
141
-441
-947
-1315
-1667
-1995
-2146
-2068
-1860
-1603
-1282
-900
-514
-201
-29
-20
-80
-103
-123
-225
-338
-312
-134
58
220
440
728
986
1135
1199
1219
1204
1154
1053
920
812
763
730
682
672
764
936
1116
1275
1434
1606
1787
1952
2065
2114
2102
2029
1868
1607
1306
1040
818
561
249
-24
-188
-349
-677
-1200
-1798
-2377
-3005
-3870
-5071
-6362
-7267
-7591
-7574
-7393
-6722
-5217
-3194
-1341
163
1711
3459
4923
5559
5433
5064
4762
4305
3426
2360
1630
1325
1001
444
50
148
383
221
-245
-505
-445
-438
-697
-921
-721
-94
646
1329
2078
3017
3958
4585
4804
4746
4448
3809
2813
1616
384
-777
-1770
-2541
-3115
-3462
-3470
-3154
-2736
-2383
-2030
-1605
-1232
-1035
-951
-872
-781
-690
-553
-350
-96
217
528
695
694
660
618
370
-158
-739
-1180
-1581
-2035
-2386
-2479
-2368
-2162
-1853
-1427
-971
-577
-262
-37
73
85
38
-73
-231
-362
-391
-331
-210
-13
281
635
971
1238
1419
1517
1530
1450
1281
1058
836
653
512
434
468
628
870
1145
1439
1743
2020
2220
2328
2355
2317
2219
2046
1779
1467
1214
1024
797
508
301
225
57
-395
-1008
-1591
-2180
-2935
-3910
-5059
-6249
-7203
-7666
-7698
-7438
-6693
-5219
-3272
-1425
160
1777
3511
4948
5665
5663
5289
4847
4307
3446
2310
1338
802
427
-90
-519
-497
-227
-227
-536
-724
-603
-473
-594
-788
-685
-172
517
1159
1805
2636
3585
4327
4672
4729
4589
4108
3182
1998
817
-312
-1423
-2406
-3112
-3512
-3637
-3481
-3086
-2576
-2045
-1526
-1073
-732
-487
-318
-254
-266
-223
-69
98
207
327
494
624
638
539
327
-36
-497
-961
-1399
-1834
-2202
-2406
-2425
-2280
-1975
-1534
-1058
-625
-246
62
247
281
192
23
-165
-320
-428
-477
-431
-264
-5
301
622
931
1173
1329
1414
1432
1370
1234
1042
802
572
445
427
457
533
728
1055
1419
1737
1999
2225
2402
2478
2421
2229
1943
1614
1267
907
552
253
52
-80
-234
-482
-852
-1320
-1868
-2515
-3359
-4481
-5736
-6754
-7307
-7502
-7432
-6850
-5513
-3681
-1874
-244
1466
3321
4902
5735
5829
5601
5310
4771
3751
2477
1447
797
241
-367
-738
-653
-386
-337
-472
-460
-250
-147
-333
-562
-496
-110
359
796
1340
2129
3037
3798
4290
4584
4675
4390
3648
2618
1502
321
-940
-2125
-3019
-3576
-3866
-3899
-3639
-3126
-2474
-1793
-1175
-668
-267
17
107
-1
-159
-226
-240
-285
-299
-176
30
189
267
287
212
-18
-375
-788
-1235
-1691
-2057
-2253
-2287
-2177
-1896
-1469
-1003
-567
-155
200
401
417
318
169
-21
-224
-383
-450
-401
-233
43
390
784
1189
1520
1710
1767
1735
1609
1362
1033
714
468
302
224
265
434
704
1049
1424
1776
2077
2320
2478
2504
2390
2153
1813
1414
1039
718
405
84
-159
-322
-551
-948
-1433
-1908
-2461
-3280
-4411
-5654
-6675
-7277
-7539
-7518
-6982
-5681
-3860
-2078
-488
1250
3239
4956
5834
5936
5751
5508
4986
3954
2620
1460
681
48
-628
-1089
-1035
-677
-498
-526
-382
10
263
142
-72
-5
344
728
1035
1423
2058
2880
3624
4095
4348
4454
4280
3654
2674
1584
442
-839
-2148
-3200
-3872
-4246
-4366
-4170
-3652
-2927
-2132
-1375
-731
-217
178
410
414
263
116
20
-94
-211
-215
-94
25
53
38
15
-88
-327
-666
-1037
-1413
-1743
-1962
-2048
-2003
-1799
-1426
-963
-508
-85
307
587
674
606
481
315
81
-175
-354
-399
-322
-144
111
416
752
1088
1343
1466
1495
1465
1331
1065
759
528
380
287
289
425
658
953
1307
1669
1966
2195
2376
2457
2371
2156
1886
1551
1137
707
350
61
-188
-434
-768
-1243
-1768
-2258
-2897
-3937
-5257
-6386
-7043
-7400
-7612
-7404
-6404
-4736
-2940
-1293
454
2516
4520
5791
6140
6064
6014
5769
4863
3410
2079
1219
497
-389
-1132
-1293
-1009
-795
-785
-636
-175
257
294
70
31
343
726
921
1088
1565
2345
3081
3544
3853
4144
4261
3939
3159
2156
1114
-13
-1300
-2594
-3588
-4155
-4445
-4587
-4446
-3853
-2948
-2078
-1413
-806
-139
454
753
733
578
451
348
184
-4
-70
30
127
90
6
-8
-44
-278
-679
-1047
-1294
-1509
-1744
-1899
-1851
-1590
-1206
-807
-421
-20
376
662
743
661
524
351
95
-200
-395
-409
-312
-191
-16
289
685
1034
1251
1378
1452
1431
1266
983
661
384
182
59
34
134
373
704
1079
1483
1890
2222
2427
2510
2470
2287
1973
1587
1174
764
399
113
-170
-576
-1105
-1630
-2138
-2865
-4014
-5378
-6473
-7087
-7440
-7658
-7387
-6256
-4523
-2807
-1264
548
2795
4849
5971
6230
6284
6382
6043
4888
3326
2064
1214
319
-770
-1562
-1664
-1390
-1275
-1291
-1000
-365
111
112
-44
116
561
890
979
1168
1755
2570
3206
3550
3827
4139
4250
3887
3097
2136
1143
46
-1214
-2500
-3533
-4175
-4523
-4707
-4651
-4147
-3263
-2346
-1623
-979
-256
429
844
948
890
790
655
462
245
91
55
56
-11
-120
-161
-168
-321
-661
-998
-1184
-1311
-1505
-1682
-1661
-1415
-1067
-716
-360
31
415
693
801
769
664
497
242
-58
-284
-373
-361
-297
-140
148
516
845
1069
1215
1309
1322
1204
979
731
494
259
53
-42
13
170
374
655
1053
1498
1844
2041
2167
2270
2254
2031
1677
1344
1053
714
322
-18
-295
-649
-1175
-1807
-2539
-3564
-4919
-6216
-7027
-7404
-7639
-7603
-6806
-5180
-3308
-1651
37
2138
4336
5818
6282
6295
6399
6309
5413
3839
2406
1515
711
-398
-1396
-1678
-1388
-1178
-1237
-1114
-559
35
186
23
56
452
853
959
1012
1441
2234
2963
3375
3649
3989
4212
3992
3290
2370
1424
389
-835
-2140
-3253
-3999
-4449
-4714
-4724
-4313
-3524
-2647
-1899
-1215
-474
236
707
870
851
782
674
484
251
88
46
41
-22
-117
-159
-182
-320
-617
-953
-1195
-1352
-1496
-1619
-1600
-1367
-990
-596
-229
143
514
795
911
886
774
585
312
6
-243
-386
-415
-331
-132
169
526
874
1149
1330
1424
1435
1313
1052
729
438
193
-18
-150
-127
48
284
560
908
1314
1675
1913
2040
2072
1969
1732
1437
1138
817
468
153
-66
-214
-420
-792
-1316
-1937
-2764
-3974
-5399
-6529
-7109
-7405
-7589
-7258
-6014
-4173
-2374
-713
1193
3365
5175
6074
6238
6236
6205
5678
4375
2780
1604
861
25
-976
-1566
-1429
-1027
-884
-862
-548
-7
302
211
54
197
574
864
1004
1304
1990
2846
3482
3825
4082
4303
4229
3647
2678
1603
527
-644
-1922
-3092
-3912
-4349
-4533
-4513
-4181
-3485
-2600
-1775
-1091
-459
155
625
803
707
518
362
215
30
-134
-189
-159
-144
-169
-183
-212
-340
-589
-902
-1207
-1460
-1646
-1755
-1745
-1552
-1166
-686
-228
181
562
881
1044
1013
836
589
308
5
-270
-443
-471
-367
-164
124
493
894
1225
1414
1486
1486
1380
1123
782
467
209
-16
-167
-148
66
376
711
1068
1465
1850
2120
2222
2177
2051
1854
1545
1111
659
326
117
-47
-235
-477
-832
-1331
-1981
-2899
-4220
-5719
-6859
-7417
-7691
-7836
-7430
-6086
-4108
-2147
-374
1530
3653
5458
6346
6369
6141
5975
5457
4169
2535
1374
786
149
-734
-1282
-1098
-626
-478
-589
-488
-113
122
-42
-320
-257
204
697
1010
1414
2227
3258
4024
4377
4555
4646
4410
3644
2467
1165
-71
-1242
-2432
-3554
-4310
-4534
-4419
-4222
-3864
-3151
-2235
-1494
-1058
-719
-323
13
126
44
-57
-36
68
138
173
282
464
537
401
157
-81
-378
-817
-1312
-1682
-1859
-1891
-1810
-1602
-1235
-722
-153
345
708
965
1126
1108
877
542
230
-42
-301
-483
-487
-309
-26
292
621
956
1249
1418
1412
1280
1116
929
651
300
16
-100
-94
-35
100
357
684
974
1196
1388
1569
1705
1760
1720
1603
1453
1288
1072
811
597
464
333
162
-13
-230
-655
-1340
-2159
-3106
-4347
-5821
-7046
-7618
-7650
-7431
-6847
-5543
-3554
-1423
391
1964
3580
5104
5975
5907
5345
4896
4520
3702
2437
1388
965
775
336
-180
-313
-104
-60
-405
-824
-952
-874
-934
-1145
-1087
-459
484
1303
1976
2807
3815
4592
4838
4663
4301
3744
2833
1569
214
-925
-1799
-2590
-3325
-3737
-3662
-3332
-3057
-2801
-2366
-1833
-1473
-1333
-1211
-966
-665
-437
-284
-86
243
628
881
950
960
949
771
340
-191
-648
-1058
-1503
-1901
-2096
-2054
-1855
-1547
-1137
-656
-170
251
549
702
744
694
533
274
22
-134
-190
-185
-105
74
328
589
794
936
1041
1106
1083
962
813
685
560
413
285
230
259
333
412
480
578
738
913
1031
1114
1244
1404
1499
1493
1446
1402
1351
1250
1059
776
502
318
143
-117
-377
-557
-855
-1488
-2351
-3275
-4371
-5696
-6857
-7401
-7373
-7061
-6424
-5181
-3353
-1352
433
1931
3286
4495
5232
5219
4704
4244
3941
3400
2506
1737
1440
1320
970
473
157
38
-161
-595
-1107
-1409
-1392
-1228
-1070
-745
18
1110
2105
2846
3525
4208
4631
4588
4167
3563
2849
2006
1031
26
-792
-1323
-1741
-2214
-2605
-2708
-2626
-2644
-2781
-2804
-2612
-2346
-2129
-1903
-1531
-969
-343
172
534
836
1118
1246
1110
800
455
89
-363
-865
-1287
-1552
-1698
-1784
-1799
-1696
-1447
-1130
-846
-613
-386
-149
36
128
159
186
221
236
212
174
175
222
278
318
401
565
732
819
862
927
975
938
850
769
671
534
411
347
325
341
429
577
737
887
1042
1190
1304
1394
1463
1473
1411
1315
1216
1087
918
755
627
501
343
176
40
-89
-225
-357
-532
-896
-1530
-2304
-3092
-3973
-5051
-6076
-6568
-6380
-5839
-5215
-4318
-2865
-1055
522
1541
2282
3102
3826
3949
3450
2947
2879
2921
2573
1976
1667
1718
1615
1039
300
-167
-406
-792
-1389
-1799
-1668
-1142
-613
-133
573
1574
2515
3065
3302
3473
3588
3454
3025
2481
2002
1591
1140
624
121
-296
-688
-1177
-1735
-2219
-2568
-2842
-3057
-3119
-2967
-2638
-2186
-1634
-1018
-403
155
604
888
1009
1014
934
754
494
217
-43
-289
-517
-710
-888
-1056
-1180
-1242
-1275
-1277
-1212
-1064
-874
-678
-474
-267
-86
43
119
145
126
83
52
66
119
187
278
423
593
717
759
753
721
648
530
394
277
196
183
225
274
314
390
522
650
717
734
760
822
915
1019
1103
1168
1241
1318
1337
1266
1146
1015
865
678
468
255
44
-138
-246
-300
-362
-434
-537
-817
-1429
-2310
-3253
-4164
-5055
-5770
-6011
-5668
-4936
-4013
-2906
-1592
-212
981
1800
2260
2537
2753
2824
2664
2464
2502
2714
2777
2593
2373
2186
1853
1266
559
-94
-637
-1043
-1260
-1260
-1025
-561
25
591
1098
1566
1929
2097
2124
2134
2127
2038
1919
1867
1842
1725
1481
1166
793
318
-302
-1040
-1781
-2351
-2677
-2837
-2924
-2878
-2613
-2188
-1740
-1342
-991
-702
-488
-301
-117
24
94
145
228
317
347
303
197
56
-92
-248
-433
-631
-790
-864
-880
-863
-802
-703
-599
-518
-442
-358
-284
-205
-103
17
132
259
411
550
631
653
644
618
598
603
590
491
334
237
241
259
213
124
56
22
7
5
16
26
22
16
31
90
194
314
420
504
577
640
682
720
773
837
896
956
1018
1077
1123
1160
1171
1142
1082
1024
971
890
754
546
233
-189
-642
-1029
-1363
-1710
-2045
-2254
-2295
-2268
-2263
-2246
-2151
-2010
-1900
-1814
-1682
-1498
-1338
-1236
-1120
-928
-700
-521
-386
-209
40
297
492
635
774
906
987
1000
965
911
845
766
696
677
713
763
786
807
873
973
1038
1025
976
942
935
943
968
1010
1039
1016
965
940
950
932
834
686
560
483
442
425
422
381
272
126
2
-115
-275
-472
-658
-791
-874
-908
-890
-852
-830
-814
-772
-720
-702
-726
-761
-773
-762
-742
-722
-704
-690
-668
-634
-591
-555
-551
-590
-650
-693
-712
-746
-810
-877
-898
-855
-765
-641
-497
-347
-204
-60
89
236
363
449
494
532
601
691
775
830
862
881
882
875
880
892
878
832
798
816
877
951
1024
1087
1110
1065
978
901
863
823
757
680
609
495
283
8
-247
-474
-769
-1207
-1684
-2013
-2123
-2118
-2127
-2164
-2151
-2056
-1912
-1732
-1505
-1253
-1052
-924
-788
-553
-248
-2
129
229
398
633
850
1014
1157
1302
1407
1442
1437
1424
1385
1263
1073
909
828
795
731
637
572
559
559
539
520
533
562
567
549
549
578
604
595
557
514
468
411
354
305
247
159
54
-48
-155
-304
-504
-707
-874
-1012
-1130
-1216
-1245
-1236
-1240
-1254
-1239
-1177
-1102
-1052
-1015
-952
-849
-729
-612
-500
-399
-318
-244
-165
-89
-37
-24
-22
-12
-9
-38
-105
-182
-254
-320
-373
-396
-380
-335
-279
-201
-83
66
207
319
416
527
647
750
821
880
950
1025
1079
1094
1085
1066
1039
1005
965
925
876
806
730
666
619
573
519
451
372
287
204
138
90
50
6
-36
-69
-84
-78
-53
-22
-2
-4
-27
-61
-98
-166
-332
-662
-1119
-1551
-1798
-1844
-1815
-1843
-1939
-2011
-1977
-1826
-1609
-1391
-1239
-1178
-1150
-1047
-820
-546
-351
-263
-193
-51
167
411
639
845
1024
1169
1287
1398
1485
1500
1414
1281
1182
1149
1136
1083
997
934
930
967
1008
1032
1034
1012
985
978
1003
1018
956
814
650
533
460
384
288
199
145
113
80
32
-45
-157
-295
-417
-509
-598
-720
-857
-959
-1010
-1026
-1026
-1016
-1009
-1008
-989
-930
-849
-796
-792
-811
-823
-821
-811
-796
-774
-757
-745
-710
-637
-553
-499
-471
-438
-386
-326
-266
-196
-118
-52
13
101
215
309
349
349
366
399
419
424
436
474
516
538
544
552
558
552
542
545
570
604
626
640
679
764
851
883
851
793
751
721
692
674
665
638
576
500
448
418
368
280
180
98
23
-54
-125
-176
-244
-383
-613
-887
-1145
-1376
-1558
-1666
-1683
-1653
-1645
-1667
-1659
-1585
-1481
-1386
-1293
-1176
-1043
-917
-787
-620
-424
-248
-128
-23
124
309
491
634
758
876
983
1067
1129
1181
1214
1210
1185
1173
1192
1214
1194
1145
1112
1120
1132
1115
1071
1021
981
926
847
754
655
556
458
366
292
222
146
75
35
24
5
-57
-156
-264
-350
-409
-455
-511
-588
-679
-760
-818
-860
-901
-954
-1016
-1061
-1062
-1018
-959
-913
-889
-867
-833
-781
-726
-677
-637
-593
-536
-461
-383
-322
-286
-275
-262
-240
-212
-195
-198
-209
-212
-198
-167
-134
-103
-71
-26
38
115
195
261
319
377
441
509
569
610
632
647
676
736
828
925
993
1017
1013
1006
1004
998
982
952
902
832
762
702
641
562
464
365
284
222
176
136
97
55
10
-29
-62
-107
-167
-235
-296
-362
-455
-610
-829
-1083
-1324
-1502
-1601
-1641
-1671
-1723
-1782
-1794
-1715
-1566
-1399
-1263
-1165
-1072
-950
-783
-586
-393
-229
-93
43
208
397
579
729
846
948
1050
1148
1220
1244
1229
1193
1165
1156
1149
1126
1078
1023
982
968
974
979
967
929
868
793
726
668
619
571
516
463
421
397
390
393
384
349
284
204
121
37
-59
-176
-309
-447
-575
-684
-771
-842
-903
-953
-979
-975
-954
-931
-918
-912
-905
-890
-866
-840
-819
-811
-810
-804
-792
-779
-772
-767
-762
-743
-705
-654
-597
-542
-488
-429
-363
-296
-234
-180
-128
-71
-1
78
161
240
318
395
477
558
626
678
715
748
787
834
878
904
907
891
873
853
837
817
792
768
749
741
741
743
732
701
651
591
525
463
408
359
312
263
206
143
81
24
-18
-50
-79
-122
-186
-279
-397
-532
-689
-861
-1037
-1194
-1310
-1369
-1371
-1335
-1286
-1241
-1197
-1140
-1061
-973
-891
-826
-776
-723
-651
-551
-434
-320
-219
-126
-27
89
219
349
461
551
623
688
748
795
825
842
852
869
897
927
945
943
924
901
882
868
850
822
771
710
653
610
582
562
544
527
507
488
463
433
392
340
279
215
149
78
3
-82
-168
-254
-339
-420
-500
-575
-639
-695
-741
-786
-830
-876
-913
-940
-956
-955
-942
-914
-873
-821
-767
-714
-670
-633
-603
-573
-543
-516
-494
-474
-457
-435
-403
-365
-325
-289
-256
-225
-196
-168
-142
-116
-90
-59
-20
31
91
157
223
290
361
437
517
593
660
715
763
807
856
899
932
947
947
938
923
909
891
865
826
776
718
655
589
519
447
377
316
270
239
219
200
180
161
141
110
61
-13
-110
-229
-361
-501
-647
-794
-928
-1041
-1121
-1167
-1190
-1198
-1198
-1182
-1145
-1090
-1025
-964
-908
-854
-787
-700
-595
-479
-364
-250
-124
14
164
307
431
527
601
655
694
716
717
695
660
628
607
598
592
587
581
576
569
567
558
542
525
507
493
487
490
497
514
533
553
567
571
563
541
506
455
387
306
212
116
20
-69
-152
-225
-292
-351
-406
-459
-514
-573
-629
-684
-729
-768
-801
-822
-831
-828
-809
-779
-743
-702
-653
-603
-559
-524
-500
-490
-490
-493
-497
-501
-503
-502
-493
-472
-437
-393
-346
-300
-255
-207
-154
-98
-45
0
41
88
148
220
297
380
461
541
619
696
760
808
835
844
842
830
816
798
785
769
756
745
733
721
708
692
672
640
596
542
483
427
376
327
275
217
160
107
57
0
-74
-173
-294
-427
-556
-680
-800
-916
-1021
-1095
-1129
-1122
-1094
-1061
-1030
-991
-929
-850
-770
-701
-647
-594
-529
-443
-340
-241
-158
-84
0
103
212
311
388
441
485
532
578
612
625
615
596
585
590
606
617
613
608
611
627
642
644
626
593
558
532
514
494
467
437
414
405
405
398
373
332
281
224
161
86
-5
-107
-207
-294
-363
-423
-478
-525
-560
-580
-595
-608
-627
-647
-668
-679
-681
-685
-694
-698
-689
-669
-643
-623
-607
-598
-593
-579
-559
-548
-554
-568
-575
-570
-554
-533
-513
-497
-475
-435
-373
-304
-244
-195
-143
-85
-18
58
136
209
274
346
436
536
631
711
780
843
901
955
1002
1035
1046
1044
1043
1049
1049
1039
1018
990
963
938
919
894
850
789
727
668
608
539
457
363
267
180
103
27
-56
-154
-257
-352
-441
-535
-646
-778
-909
-1025
-1119
-1203
-1283
-1356
-1404
-1410
-1372
-1309
-1240
-1179
-1115
-1033
-933
-826
-734
-665
-608
-532
-427
-305
-186
-92
-7
90
210
337
439
496
521
537
569
605
618
595
548
513
520
563
612
641
654
680
733
802
858
871
847
807
782
776
775
756
721
691
681
685
689
670
618
544
462
380
291
183
57
-76
-199
-299
-384
-461
-534
-602
-657
-698
-731
-762
-799
-838
-876
-907
-930
-945
-952
-953
-946
-928
-904
-874
-842
-819
-802
-789
-781
-768
-752
-733
-708
-672
-625
-562
-486
-403
-317
-233
-146
-56
39
131
217
292
363
433
509
583
656
720
778
841
907
976
1036
1079
1098
1105
1105
1101
1083
1049
1004
948
896
854
816
773
719
662
603
548
498
442
370
288
199
113
27
-65
-167
-273
-375
-461
-527
-589
-645
-702
-749
-785
-809
-827
-850
-881
-913
-939
-956
-966
-971
-967
-950
-913
-861
-798
-728
-655
-581
-504
-426
-349
-282
-217
-154
-91
-26
43
111
186
261
337
415
491
565
634
696
750
796
830
858
882
903
920
931
934
936
934
925
904
876
838
788
728
659
590
517
445
377
309
236
163
94
30
-34
-103
-175
-254
-338
-412
-473
-530
-583
-634
-675
-712
-742
-767
-796
-833
-878
-913
-937
-959
-983
-1008
-1025
-1026
-1002
-965
-941
-931
-900
-828
-734
-655
-623
-644
-670
-613
-444
-238
-93
-60
-85
-108
-63
67
233
342
383
429
515
611
686
725
714
688
713
832
972
1069
1115
1121
1085
1045
1046
1059
1046
1021
1020
1033
1035
1026
992
904
771
650
575
524
477
434
386
313
230
156
80
-9
-103
-181
-247
-313
-377
-438
-496
-559
-610
-658
-713
-773
-829
-871
-902
-916
-921
-923
-928
-936
-939
-936
-928
-920
-908
-889
-864
-838
-802
-751
-694
-641
-594
-548
-499
-438
-357
-264
-173
-100
-35
35
114
200
289
372
441
500
555
613
676
742
797
843
880
914
951
986
1013
1031
1035
1033
1025
1017
1001
972
930
876
817
756
694
630
564
495
422
347
270
188
97
-4
-114
-218
-311
-394
-468
-541
-614
-683
-740
-782
-813
-838
-866
-896
-923
-947
-961
-964
-962
-956
-943
-917
-881
-835
-784
-737
-695
-655
-615
-564
-509
-458
-405
-353
-300
-240
-169
-98
-41
12
67
126
183
239
292
336
381
437
495
532
548
559
576
605
646
684
698
689
679
690
713
734
748
748
732
709
694
684
669
647
630
608
572
529
483
436
384
341
301
251
195
144
98
43
-26
-98
-176
-257
-329
-383
-425
-461
-486
-512
-552
-605
-647
-674
-690
-702
-701
-693
-687
-681
-671
-660
-647
-629
-603
-571
-542
-513
-484
-461
-431
-388
-335
-279
-229
-186
-146
-105
-58
-4
52
108
165
219
262
296
331
373
415
452
482
512
539
556
565
563
555
544
539
531
523
515
509
509
504
487
454
419
390
377
367
354
331
297
254
208
167
132
109
88
56
2
-65
-137
-202
-264
-327
-385
-434
-487
-560
-650
-729
-790
-824
-842
-843
-801
-715
-678
-804
-1049
-1177
-1003
-634
-360
-334
-452
-494
-346
-127
-40
-120
-156
23
311
483
480
418
390
398
408
408
416
483
613
726
726
625
544
549
583
599
620
661
686
666
633
604
553
493
470
465
423
354
318
296
219
101
29
-2
-46
-91
-107
-134
-202
-240
-223
-242
-342
-413
-388
-347
-342
-334
-298
-273
-272
-258
-261
-315
-353
-313
-254
-251
-262
-227
-192
-226
-292
-341
-387
-425
-418
-372
-348
-348
-324
-290
-287
-301
-303
-303
-298
-246
-137
-49
-15
1
30
51
64
91
114
126
156
223
284
299
302
322
336
328
326
339
357
369
391
399
366
334
333
329
298
261
243
229
200
181
172
160
138
117
100
76
57
66
78
69
48
32
24
9
-11
-22
-34
-49
-61
-67
-70
-76
-82
-102
-144
-187
-213
-218
-215
-206
-194
-193
-207
-222
-240
-260
-275
-281
-273
-255
-225
-186
-171
-186
-207
-212
-202
-193
-180
-154
-119
-87
-65
-67
-83
-85
-58
-21
5
28
54
87
106
110
116
129
147
164
177
190
202
221
238
234
223
220
224
230
226
218
210
195
179
158
133
113
94
77
58
37
26
15
6
-1
-5
-9
-16
-30
-39
-35
-24
-23
-35
-54
-63
-62
-64
-71
-70
-56
-36
-22
-26
-37
-48
-53
-63
-81
-94
-96
-88
-82
-83
-90
-98
-109
-117
-122
-121
-113
-100
-87
-81
-82
-90
-105
-113
-111
-101
-86
-65
-41
-20
-8
-5
-11
-17
-17
-10
9
29
50
71
88
96
92
81
71
71
77
92
107
125
142
150
148
136
123
114
107
101
100
104
105
108
100
82
60
40
26
14
7
-1
-5
-9
-11
-15
-19
-22
-23
-22
-20
-19
-17
-19
-20
-21
-24
-25
-25
-28
-35
-45
-58
-74
-90
-98
-102
-99
-94
-89
-85
-82
-85
-88
-91
-91
-86
-76
-63
-52
-42
-35
-32
-30
-30
-28
-26
-23
-16
-8
-1
2
5
6
8
13
16
20
20
24
27
31
33
36
40
44
51
53
51
49
52
57
60
59
58
61
61
59
46
32
23
21
21
14
10
9
9
8
0
-10
-14
-12
-4
6
14
25
33
40
39
31
20
13
9
9
9
8
9
3
-3
-18
-34
-45
-52
-51
-47
-42
-36
-31
-30
-33
-36
-38
-35
-28
-18
-6
-2
0
-5
-10
-16
-19
-20
-14
-6
1
3
2
0
-1
-1
0
5
13
22
30
30
24
16
8
3
0
-5
-9
-7
-1
5
5
4
3
3
4
2
-2
-3
-2
-1
-2
-5
-11
-14
-20
-23
-26
-24
-20
-14
-9
-7
-4
-3
0
2
4
6
9
10
15
14
11
7
5
4
3
5
8
12
14
13
10
7
1
-2
-6
-8
-8
-4
1
3
2
-3
-9
-15
-17
-18
-15
-11
-4
3
6
3
-4
-11
-15
-13
-12
-8
-5
3
7
10
6
-1
-4
-2
-1
-1
1
9
16
19
14
6
0
-2
-1
-2
0
2
9
13
10
5
-1
-2
-1
-2
1
4
10
14
13
9
3
-1
-1
1
3
5
10
14
14
9
3
-4
-3
0
4
8
7
10
9
6
2
-7
-8
-5
0
1
4
4
5
5
2
-1
-4
-3
2
4
4
0
-3
-4
-3
-1
-2
0
0
-2
-5
-11
-15
-13
-9
-4
1
5
7
5
1
-4
-9
-11
-10
-8
-8
-8
-8
-8
-9
-12
-12
-11
-10
-9
-7
-6
-5
-4
-2
-1
-3
-5
-8
-8
-10
-14
-12
-10
-6
2
7
11
15
17
18
16
13
10
11
14
13
11
9
7
4
2
2
4
6
7
7
5
5
2
-2
-3
-3
-3
0
1
3
2
1
1
2
1
0
1
0
0
-3
-6
-6
-5
-5
-4
-2
-1
0
-1
-3
-3
-3
-4
-5
-8
-9
-10
-11
-10
-9
-8
-5
-1
3
4
5
5
4
2
-1
-2
-1
-3
-3
-2
-2
-2
-1
1
1
0
1
3
3
2
3
4
7
6
6
7
8
8
8
8
8
8
9
9
9
8
7
6
6
3
2
