-1
0
-1
-1
0
0
-2
-2
-2
-3
-3
-4
-4
-5
-4
-4
-4
-4
-4
-6
-5
-4
-4
-2
-2
-2
-2
-1
-1
1
1
4
2
3
4
5
6
7
7
3
4
3
0
-1
-2
-1
-4
-4
-5
-6
-6
-6
-7
-9
-11
-11
-11
-10
-8
-7
-6
-4
-3
0
2
2
4
4
6
7
10
11
12
11
12
13
10
7
8
8
6
5
7
6
6
5
6
3
3
4
4
2
1
1
2
1
3
2
1
-1
-2
-2
-6
-7
-6
-7
-9
-7
-10
-10
-12
-12
-14
-13
-10
-10
-10
-7
-5
-6
-4
-3
-3
-7
-4
-3
-3
-2
-1
1
3
6
6
6
7
8
7
7
8
10
8
7
5
6
8
6
3
-1
-1
-1
2
4
5
5
7
10
9
9
9
9
8
8
9
6
2
-1
-2
-5
-6
-6
-6
-9
-9
-12
-10
-10
-11
-11
-11
-9
-9
-7
-5
-4
-5
-5
-3
-2
1
1
2
3
2
5
5
3
1
2
0
0
0
0
0
1
1
1
1
1
0
-1
-1
0
0
1
1
2
4
5
7
7
7
8
8
10
9
8
7
8
6
6
4
2
-3
-5
-6
-7
-8
-8
-10
-10
-11
-11
-8
-7
-6
-5
-3
-2
1
1
1
1
1
3
5
4
2
0
0
0
0
0
0
-1
-1
-1
1
0
1
2
0
-1
0
1
0
0
2
2
5
3
4
5
5
5
3
3
3
2
2
2
1
1
-4
-7
-7
-9
-9
-8
-8
-8
-6
-6
-3
0
-1
0
0
2
3
3
5
8
8
11
11
10
7
4
4
4
2
1
2
1
-1
-1
-3
-4
-5
-6
-8
-8
-8
-7
-4
-3
-2
-2
-2
-2
-2
-2
-3
-4
-1
-1
1
2
1
0
-2
-1
-2
-1
-3
-2
-1
0
3
5
7
6
6
7
7
6
7
8
6
4
2
1
0
1
-1
-2
0
-1
-1
0
1
-1
0
-2
-3
-1
-2
-3
-5
-5
-4
-3
-3
-2
-2
-4
-4
-3
-3
-2
-2
-3
-3
-3
-1
-3
-2
-1
-3
-2
-2
0
1
2
2
2
4
2
3
3
1
-1
-1
-1
-1
-2
-1
-1
-1
1
-1
-1
0
1
1
2
0
1
1
2
2
1
2
1
1
2
1
2
1
1
0
3
2
2
1
0
2
0
1
1
2
3
1
0
1
1
3
2
2
0
1
2
3
0
1
0
-1
-1
-2
-1
-2
-1
-3
-3
-1
-1
-2
-2
-4
-4
-2
-1
-2
-1
-2
-2
-3
-2
-3
-5
-7
-7
-5
-5
-5
-2
-2
-3
-3
-2
1
1
0
0
1
1
3
2
3
3
3
4
6
8
7
8
6
6
9
9
9
6
4
1
0
2
2
2
0
-2
-2
0
0
0
-2
-5
-5
-3
1
3
3
0
-4
-6
-4
-2
-1
-2
-6
-7
-8
-7
-5
-5
-7
-9
-10
-6
-3
-2
-4
-5
-9
-7
-5
-4
-4
-5
-7
-8
-5
-2
4
6
5
6
8
8
9
11
11
7
5
6
8
9
8
7
7
7
6
8
9
8
9
7
7
6
4
2
0
-2
-5
-4
-7
-5
-5
-5
-7
-7
-8
-6
-5
-7
-6
-7
-7
-7
-8
-8
-8
-8
-7
-5
-5
-5
-2
-1
2
3
4
4
5
4
4
3
6
8
9
10
11
13
13
14
13
12
9
8
6
4
2
0
-2
-5
-7
-8
-9
-9
-8
-9
-9
-6
-4
-2
-1
-2
-1
-1
1
-3
-5
-5
-7
-7
-9
-9
-9
-9
-9
-7
-6
-5
-2
-2
1
2
3
3
4
4
5
5
6
6
5
7
8
8
9
10
10
10
11
10
6
4
2
1
0
-2
-5
-6
-8
-11
-10
-10
-12
-14
-14
-12
-10
-10
-9
-10
-9
-7
-6
-6
-5
-6
-6
-4
-4
-4
-3
-3
-3
-3
-1
0
3
2
2
2
1
0
1
2
3
5
6
9
11
13
14
15
15
15
15
16
17
17
16
15
14
15
14
13
12
12
12
11
13
13
13
12
10
8
6
4
2
-1
-1
-5
-4
-5
-5
-7
-7
-8
-8
-7
-9
-10
-9
-9
-15
-18
-17
-19
-19
-23
-33
-32
-35
-34
-36
-43
-41
-39
-37
-33
-33
-32
-25
-21
-18
-13
-11
-8
-5
-4
-4
-5
-4
-5
-5
-7
-11
-10
-9
-7
-4
-5
-6
-6
-5
-6
-10
-14
-17
-20
-26
-34
-45
-57
-65
-73
-80
-88
-98
-96
-91
-82
-74
-69
-59
-47
-34
-15
3
25
43
64
82
99
114
115
110
96
79
62
39
14
-18
-51
-91
-131
-166
-202
-234
-264
-288
-301
-299
-287
-263
-235
-201
-161
-112
-55
7
73
141
215
294
377
459
537
602
660
713
762
808
851
884
907
920
922
915
899
872
834
787
737
684
625
565
503
437
370
305
239
168
93
12
-65
-139
-208
-273
-337
-407
-480
-554
-628
-695
-760
-822
-878
-928
-969
-1000
-1025
-1048
-1067
-1082
-1091
-1091
-1084
-1072
-1052
-1020
-984
-937
-887
-838
-790
-743
-694
-636
-570
-494
-417
-344
-270
-198
-128
-60
7
71
137
209
287
365
440
507
574
641
708
771
826
875
920
962
1002
1036
1056
1054
1027
979
916
836
744
641
526
401
265
119
-35
-189
-338
-470
-575
-651
-694
-712
-710
-694
-666
-629
-583
-521
-444
-348
-236
-113
16
141
261
372
477
582
687
795
906
1012
1112
1195
1255
1290
1295
1271
1219
1144
1044
933
808
671
525
375
223
72
-68
-199
-316
-415
-500
-567
-617
-654
-686
-719
-751
-787
-824
-861
-896
-926
-947
-958
-958
-950
-939
-925
-910
-896
-876
-853
-827
-796
-763
-729
-696
-663
-633
-602
-569
-534
-493
-446
-394
-339
-284
-229
-174
-118
-65
-14
34
85
136
187
239
295
350
405
460
514
569
620
671
718
760
797
826
848
866
875
879
877
874
864
851
836
817
796
773
745
716
678
638
595
547
499
445
394
337
278
221
164
108
55
3
-51
-105
-163
-229
-305
-398
-503
-628
-769
-925
-1095
-1268
-1435
-1589
-1728
-1841
-1920
-1961
-1967
-1933
-1862
-1760
-1631
-1480
-1307
-1120
-925
-726
-530
-333
-139
52
240
432
624
820
1015
1212
1407
1595
1769
1926
2060
2167
2243
2290
2303
2282
2229
2145
2033
1897
1737
1561
1370
1169
966
760
563
372
188
19
-140
-287
-416
-537
-646
-747
-838
-920
-994
-1061
-1118
-1166
-1205
-1233
-1246
-1248
-1236
-1211
-1173
-1122
-1061
-996
-925
-856
-788
-725
-673
-625
-588
-561
-543
-533
-528
-528
-528
-530
-529
-524
-514
-501
-479
-451
-418
-376
-329
-276
-218
-156
-89
-19
51
121
189
254
316
380
439
495
550
603
658
710
763
815
865
914
960
1002
1039
1068
1089
1099
1097
1088
1067
1034
992
942
885
823
762
698
635
569
505
440
375
310
244
178
109
44
-21
-84
-148
-213
-277
-346
-420
-501
-586
-678
-779
-890
-1007
-1133
-1262
-1389
-1512
-1627
-1729
-1811
-1869
-1900
-1900
-1874
-1817
-1737
-1631
-1501
-1353
-1186
-1007
-821
-628
-435
-233
-30
181
388
593
797
1003
1211
1411
1604
1782
1945
2091
2215
2317
2394
2439
2445
2416
2359
2277
2170
2038
1879
1697
1503
1306
1108
911
715
520
329
147
-21
-177
-329
-485
-642
-796
-940
-1072
-1192
-1311
-1425
-1534
-1625
-1689
-1725
-1738
-1741
-1728
-1692
-1624
-1534
-1435
-1333
-1234
-1132
-1036
-937
-838
-747
-674
-619
-575
-533
-484
-435
-390
-353
-315
-266
-209
-141
-70
6
79
148
215
284
359
435
496
538
573
617
671
721
748
767
792
829
860
877
887
898
909
910
906
902
890
864
825
795
766
709
631
581
580
573
487
358
313
383
432
346
208
182
269
309
205
66
45
111
111
-7
-134
-159
-129
-167
-288
-394
-426
-439
-516
-642
-740
-783
-832
-921
-1025
-1094
-1127
-1171
-1239
-1299
-1319
-1316
-1323
-1338
-1323
-1279
-1229
-1187
-1127
-1026
-906
-794
-687
-550
-389
-234
-94
50
217
392
545
683
829
986
1133
1259
1374
1488
1596
1676
1736
1781
1812
1819
1800
1763
1714
1649
1560
1454
1345
1231
1114
992
863
735
607
485
370
251
132
13
-98
-202
-311
-423
-534
-639
-742
-847
-946
-1033
-1111
-1195
-1267
-1312
-1339
-1370
-1405
-1418
-1400
-1374
-1363
-1354
-1319
-1262
-1209
-1175
-1137
-1072
-995
-925
-869
-802
-715
-624
-541
-465
-376
-281
-194
-116
-34
58
141
201
259
341
426
481
513
571
661
725
744
763
831
919
949
929
946
1029
1093
1074
1025
1044
1121
1148
1082
1012
1022
1073
1060
962
877
872
890
836
718
629
604
579
489
357
264
218
156
38
-93
-181
-233
-302
-414
-519
-575
-602
-645
-717
-775
-786
-783
-794
-825
-849
-848
-840
-846
-866
-886
-902
-916
-935
-955
-979
-1001
-1021
-1031
-1034
-1033
-1028
-1007
-970
-920
-863
-794
-707
-609
-501
-387
-266
-137
-2
133
268
400
522
641
759
869
959
1035
1106
1168
1222
1258
1272
1273
1275
1270
1244
1210
1167
1120
1074
1034
982
907
836
796
760
693
600
522
480
451
380
264
167
124
90
8
-120
-240
-297
-315
-393
-549
-648
-642
-664
-771
-851
-858
-864
-903
-934
-931
-922
-930
-934
-895
-853
-862
-870
-799
-726
-730
-721
-641
-589
-568
-511
-447
-446
-424
-320
-242
-266
-286
-203
-93
-81
-142
-123
1
73
16
-16
80
193
198
154
186
320
432
406
344
440
641
710
622
599
738
899
926
841
799
902
1031
1016
902
846
896
947
898
768
689
706
694
590
478
415
371
316
239
130
43
-5
-47
-118
-202
-277
-336
-367
-399
-451
-517
-579
-614
-612
-616
-680
-756
-776
-767
-778
-815
-865
-907
-911
-885
-895
-940
-953
-914
-868
-848
-837
-797
-720
-641
-589
-527
-433
-337
-251
-157
-65
10
104
210
288
348
421
496
555
607
669
718
706
699
773
883
855
709
703
852
913
829
741
659
690
877
887
611
443
630
812
683
437
341
423
538
516
273
108
185
260
219
91
-92
-197
-79
54
-29
-359
-664
-455
15
-126
-745
-870
-418
-243
-576
-786
-656
-551
-655
-669
-522
-634
-869
-769
-447
-431
-753
-886
-719
-414
-382
-671
-851
-685
-250
-199
-594
-870
-525
109
32
-513
-699
-165
360
124
-272
-209
254
449
269
21
87
649
747
430
219
254
743
1065
729
185
347
904
1119
737
139
425
1048
1034
561
176
332
819
992
575
114
75
488
795
437
-47
-83
244
412
137
-162
-126
-87
-97
-39
-245
-292
-184
-289
-401
-347
-259
-285
-368
-583
-544
-230
-182
-423
-705
-525
-231
-233
-351
-501
-514
-408
-237
-200
-332
-420
-419
-235
-115
-229
-325
-235
-107
-88
-75
-109
-163
-58
103
70
-66
54
147
-9
174
508
137
-189
336
513
149
82
333
516
327
15
127
578
717
169
-381
96
890
690
-67
-445
189
799
345
-172
-77
272
33
47
305
-43
-83
-18
-73
331
154
-503
-162
402
162
-228
-397
-152
209
143
-352
-309
-2
-265
-198
126
37
-326
-512
-399
-130
172
-100
-703
-738
-174
283
-38
-601
-609
-248
-202
-130
-127
-580
-557
1
104
-226
-531
-518
-88
488
249
-710
-687
479
756
-181
-821
-173
1140
935
-378
-546
197
747
859
406
-227
63
794
782
504
268
391
573
307
373
725
521
112
301
611
225
-44
558
888
26
-619
-145
528
571
-203
-765
-263
440
129
-602
-765
-328
131
-220
-601
-600
-511
-197
-246
-649
-756
-312
-122
-440
-563
-586
-525
-149
196
-338
-973
-374
374
263
-194
-221
129
125
55
361
378
241
316
180
357
752
349
-2
617
988
484
67
166
527
553
256
226
178
123
317
197
-121
126
354
44
-185
-363
-408
140
412
-180
-762
-531
29
-95
-513
-369
-212
-531
-590
-307
-179
-118
-406
-717
-436
-28
139
-224
-513
-143
109
-302
-576
341
998
113
-1087
-692
822
1026
192
-459
-431
175
408
333
128
34
176
73
-67
464
919
-77
-681
120
425
199
150
349
401
103
-348
-181
666
621
23
-243
-178
2
313
624
-270
-925
10
784
431
-481
-720
410
989
-504
-1274
157
905
110
-449
-293
-48
197
531
105
-562
-199
281
498
472
-140
-552
-304
445
718
-196
-813
-205
430
90
-503
-413
13
106
-380
-853
-605
28
222
-385
-1052
-882
-273
73
-52
-620
-818
-316
-26
-195
-322
-152
26
-97
-178
-53
141
373
269
-15
53
259
549
760
497
283
444
571
656
753
698
563
537
686
664
449
584
869
638
216
257
521
613
347
51
186
406
265
-126
-171
190
244
-161
-315
-285
-272
-86
-292
-497
-381
-430
-386
-443
-776
-708
-280
-405
-787
-837
-644
-373
-488
-734
-623
-318
-446
-755
-573
-307
-192
-138
-457
-755
-215
204
56
-128
-349
-155
117
158
1
-278
122
689
387
-407
-440
589
901
157
-181
100
1065
1520
334
-302
464
1185
1263
593
-82
268
1126
1078
187
-206
222
804
873
151
-353
243
839
698
245
-278
-20
931
780
-249
-296
283
335
58
-617
-1187
-647
-112
-790
-1577
-1552
-1467
-1567
-1598
-1995
-2433
-2319
-2030
-1747
-1600
-1737
-1567
-1240
-1313
-1171
-740
-349
152
416
461
771
1289
1666
1686
1658
1945
2384
2759
3004
3019
2881
2778
2841
2908
2693
2466
2319
1928
1505
1356
1156
699
242
-223
-609
-682
-735
-1075
-1575
-2014
-2205
-2191
-2245
-2284
-2127
-1955
-2049
-2235
-1984
-1449
-1203
-1152
-1061
-820
-217
225
73
-2
240
413
468
623
943
1047
767
460
479
710
835
701
244
-161
-48
131
-128
-410
-512
-727
-910
-876
-693
-527
-647
-974
-1168
-969
-616
-566
-485
-156
-30
-81
-4
317
849
948
469
476
951
1039
1017
1124
1000
728
891
1211
941
717
918
852
617
624
756
848
782
674
645
568
605
672
609
525
251
199
552
707
715
567
234
19
-430
-859
-571
-404
-913
-1446
-1997
-2652
-3151
-3616
-4123
-4375
-4128
-3843
-4013
-4214
-4068
-3794
-3718
-3819
-3505
-2488
-1357
-539
124
774
1412
2055
2704
3355
4112
4992
5814
6416
6764
6928
6904
6692
6482
6283
5945
5662
5450
5016
4355
3440
2345
1439
620
-315
-1167
-1810
-2343
-2983
-3814
-4634
-5262
-5702
-6142
-6564
-6633
-6249
-5702
-5360
-5256
-5083
-4628
-3896
-3072
-2277
-1484
-668
190
913
1303
1648
2181
2694
3112
3366
3438
3588
3720
3482
3002
2617
2435
2295
1985
1539
1076
636
171
-410
-948
-1229
-1378
-1567
-1840
-2090
-2171
-2214
-2279
-2214
-2060
-1885
-1584
-1170
-811
-611
-394
-65
230
499
836
1242
1646
1878
1847
1679
1590
1745
2006
2077
1988
1847
1536
1150
1017
1111
1142
984
818
844
867
758
663
402
42
15
29
-133
13
425
586
323
-102
-266
-180
-298
-790
-1280
-1380
-1326
-1698
-2686
-4116
-5596
-6493
-6455
-5854
-5370
-5278
-5318
-5344
-5591
-5912
-5646
-4573
-3157
-1873
-817
260
1560
2814
3636
4209
4935
5841
6895
8037
9017
9737
10175
10101
9469
8652
7999
7571
7307
7027
6400
5322
4031
2675
1254
-146
-1427
-2475
-3261
-3981
-4707
-5304
-5797
-6327
-6944
-7520
-7774
-7556
-6957
-6173
-5388
-4704
-4132
-3664
-3218
-2783
-2949
-3834
-3547
-714
2466
3141
2011
1585
1885
1305
574
1375
2765
3194
3132
3090
2406
1223
801
1018
393
-831
-830
477
1164
521
-122
-232
-785
-1786
-2033
-1242
-282
320
724
747
13
-771
-593
59
166
99
702
1433
1255
586
454
646
432
120
358
853
1083
1250
1503
1325
603
130
289
472
427
681
1251
1390
917
536
605
691
617
831
1355
1514
1191
1025
1088
920
620
654
906
871
651
637
645
307
-234
-691
-1136
-1732
-2285
-2696
-3343
-4536
-6187
-7886
-8985
-9059
-8370
-7670
-7378
-7143
-6745
-6596
-6658
-6130
-4589
-2563
-777
775
2478
4250
5774
6978
7965
8809
9537
10264
11033
11706
12204
12474
12233
11251
9778
8250
6866
5692
4781
3968
2892
1469
-82
-1671
-3373
-4996
-6172
-6911
-7512
-7981
-8107
-7932
-7702
-7530
-7321
-7020
-6617
-5939
-4857
-3508
-2075
-693
493
1348
1459
545
-307
552
2774
4132
3694
2938
2903
2518
1184
203
236
340
-16
-432
-807
-1284
-1502
-1301
-1518
-2599
-3426
-2975
-2001
-1579
-1316
-481
309
115
-587
-683
-46
736
1450
2095
2402
2291
2220
2329
2109
1527
1298
1558
1577
1140
925
1157
1144
503
-244
-615
-728
-744
-553
-194
17
-13
-66
-172
-403
-389
176
901
1184
1141
1381
1909
2160
2060
2061
2229
2176
1895
1810
1951
1975
1901
1883
1618
889
214
118
236
-80
-793
-1490
-2090
-2792
-3708
-5015
-7089
-9652
-11488
-11694
-10668
-9500
-8686
-7940
-7305
-7286
-7733
-7665
-6252
-3683
-990
1205
3228
5464
7635
9155
9982
10686
11497
12122
12469
12844
13485
14158
14263
13402
11597
9224
6865
4873
3246
1939
844
-251
-1570
-3304
-5276
-7054
-8420
-9333
-9914
-10301
-10326
-9781
-8769
-7611
-6611
-5734
-4816
-3953
-3177
-2176
-654
1278
3139
4578
5352
4981
3773
3218
3919
4545
4017
3136
2823
2265
695
-746
-1117
-1397
-2482
-3753
-4542
-5085
-5412
-5018
-4261
-4191
-4597
-4372
-3584
-3102
-2698
-1435
377
1376
1404
1638
2432
3064
3342
3764
4305
4395
4098
3960
3858
3401
2869
2580
2081
1031
62
-168
-96
-410
-903
-1083
-1168
-1546
-1910
-1780
-1306
-899
-535
-46
382
593
917
1533
2032
2135
2197
2571
2991
3118
3192
3444
3504
3054
2419
2035
1789
1321
714
298
23
-280
-512
-706
-1126
-1932
-2971
-3958
-4907
-5998
-7562
-10112
-12973
-14139
-12833
-10753
-9876
-9692
-8416
-6677
-6479
-7264
-6467
-3322
104
2074
3544
5937
8860
11154
12360
12936
13520
14014
13975
13429
13019
13375
13998
13649
11988
9622
7089
4572
2206
247
-1310
-2699
-3882
-4866
-6093
-7645
-8847
-9270
-9469
-10098
-10685
-10242
-8799
-7159
-5631
-3957
-2132
-632
206
706
1474
2740
4181
5244
5784
6111
6313
6028
5110
3987
3068
2116
729
-876
-2194
-3146
-3956
-4689
-5326
-5993
-6709
-7237
-7510
-7669
-7534
-6735
-5444
-4265
-3332
-2197
-760
506
1394
2202
3085
3859
4462
5038
5583
5933
6083
6046
5594
4654
3646
2960
2431
1715
919
393
51
-501
-1236
-1773
-1991
-2117
-2280
-2309
-2075
-1660
-1111
-449
151
586
1013
1536
1986
2275
2656
3235
3640
3630
3510
3542
3535
3331
3092
2883
2477
1785
1110
657
248
-208
-598
-972
-1442
-1931
-2260
-2438
-2696
-3145
-3767
-4581
-5602
-7168
-9851
-12998
-14391
-12878
-10411
-9521
-9534
-8025
-5503
-4754
-5750
-5298
-2136
1128
2322
2932
5226
8715
11359
12482
13025
13746
14239
13787
12568
11656
11794
12308
11813
10023
7856
5867
3771
1451
-667
-2360
-3865
-5188
-6143
-6990
-7894
-8303
-7909
-7534
-8005
-8657
-8201
-6711
-5264
-4045
-2356
-147
1659
2484
2905
3672
4705
5506
5806
5754
5743
5822
5599
4856
3880
2888
1161
-1871
-4802
-5951
-6078
-6883
-8082
-8299
-7862
-8233
-8967
-8564
-7451
-6729
-6049
-4815
-3343
-1898
-19
2256
3793
4342
5010
5907
6113
5783
5952
6728
6988
6165
5213
4730
4032
2834
1735
987
195
-831
-1638
-2022
-2444
-2863
-2849
-2781
-3173
-3538
-3138
-2215
-1585
-1155
-212
995
1711
2059
2622
3401
3939
4156
4359
4505
4456
4442
4446
4046
3293
2800
2649
2092
927
41
-229
-642
-1478
-2041
-2007
-2054
-2534
-2774
-2552
-2645
-3325
-3995
-4441
-5568
-8296
-11716
-13639
-13139
-11520
-10587
-10154
-8542
-5930
-4516
-4779
-4428
-1860
1175
2248
2301
3917
7122
9822
11154
12239
13825
14912
14503
13156
12039
11621
11405
10535
8840
6899
5160
3515
1687
-210
-1818
-3166
-4545
-5960
-7234
-8169
-8474
-8075
-7475
-7310
-7368
-6760
-5370
-4043
-3031
-1619
390
2053
2746
3165
4134
5321
5898
5761
5455
5225
4784
3936
2897
1960
1081
-67
-1668
-3451
-4946
-5935
-6665
-7503
-8366
-8807
-8717
-8450
-8157
-7481
-6187
-4742
-3664
-2735
-1451
199
1800
3088
4142
5081
5808
6191
6254
6187
6157
6033
5512
4600
3618
2819
2118
1255
271
-534
-1105
-1667
-2300
-2762
-2834
-2648
-2457
-2322
-2116
-1681
-1007
-316
228
765
1507
2332
2910
3211
3538
4019
4348
4222
3833
3598
3481
3115
2549
2143
1835
1255
529
39
-387
-1086
-1780
-2078
-2228
-2535
-2715
-2483
-2120
-1933
-1812
-1704
-1845
-2255
-2721
-3447
-5004
-7379
-9648
-10892
-11049
-10632
-9941
-8865
-7346
-5781
-4650
-3819
-2584
-693
1093
2081
2822
4328
6548
8552
10023
11501
13069
13947
13677
12801
12034
11354
10307
8733
6877
5044
3367
1811
320
-989
-2002
-2907
-4014
-5269
-6273
-6770
-6845
-6661
-6295
-5760
-4979
-3875
-2544
-1225
-3
1210
2309
2981
3178
3286
3574
3795
3609
3079
2477
1843
1029
19
-1047
-2092
-3178
-4392
-5676
-6790
-7489
-7770
-7803
-7613
-7041
-6106
-5082
-4125
-3056
-1768
-506
476
1272
2102
2962
3710
4301
4755
5043
5093
4862
4378
3765
3156
2536
1805
971
191
-430
-924
-1351
-1686
-1830
-1780
-1683
-1628
-1490
-1107
-550
-28
422
922
1528
2120
2564
2849
3066
3289
3439
3391
3176
2967
2754
2339
1715
1144
753
382
-71
-471
-727
-893
-999
-1016
-982
-959
-979
-1048
-1119
-1029
-688
-279
-19
155
412
634
521
24
-607
-1312
-2492
-4567
-7222
-9396
-10345
-10451
-10490
-10325
-9177
-7114
-5228
-3983
-2545
-324
1831
2880
3216
3999
5435
6719
7430
7988
8741
9333
9238
8467
7509
6671
5699
4185
2239
486
-697
-1507
-2178
-2563
-2466
-2036
-1545
-1042
-493
54
583
1097
1479
1670
1947
2577
3327
3762
3888
4040
4194
3970
3260
2368
1499
474
-839
-2212
-3311
-4073
-4683
-5235
-5614
-5681
-5472
-5168
-4871
-4504
-3991
-3425
-2938
-2452
-1756
-867
-52
494
866
1205
1436
1396
1104
764
470
110
-437
-1044
-1459
-1634
-1763
-1979
-2169
-2167
-2010
-1852
-1726
-1515
-1148
-727
-398
-119
298
896
1468
1852
2139
2466
2755
2868
2846
2833
2874
2898
2844
2707
2531
2384
2272
2100
1794
1411
1078
816
552
286
139
174
286
350
421
644
1010
1364
1627
1839
1993
1996
1852
1679
1505
1237
870
528
270
16
-370
-997
-1846
-2765
-3723
-5124
-7373
-9961
-11660
-11971
-11722
-11599
-10915
-8792
-5876
-3566
-1963
2
2540
4499
5121
5111
5480
6197
6554
6332
6060
6206
6504
6311
5479
4552
3911
3184
1850
130
-1245
-1972
-2364
-2695
-2777
-2255
-1113
232
1328
2177
3106
4064
4521
4309
3986
3985
4029
3734
3249
2912
2737
2513
2088
1389
470
-511
-1553
-2790
-4086
-4985
-5334
-5495
-5681
-5587
-4937
-3975
-3085
-2301
-1475
-658
-88
116
97
141
323
408
204
-67
-84
42
-75
-484
-850
-1055
-1366
-1932
-2477
-2698
-2647
-2577
-2545
-2351
-1872
-1262
-775
-452
-123
290
630
744
745
874
1184
1493
1681
1860
2170
2507
2665
2617
2536
2499
2407
2182
1868
1568
1340
1163
968
756
652
713
793
788
822
1023
1267
1386
1446
1563
1711
1791
1795
1751
1655
1492
1208
760
258
-91
-276
-529
-955
-1384
-1711
-2112
-2723
-3439
-4261
-5482
-7182
-8782
-9618
-9703
-9474
-8922
-7587
-5441
-3141
-1210
522
2388
4144
5170
5332
5175
5187
5223
4911
4370
4075
4112
4047
3607
3086
2825
2640
2081
1123
204
-399
-848
-1332
-1664
-1544
-952
-112
841
1893
2975
3923
4537
4732
4597
4290
3845
3171
2289
1394
671
108
-385
-845
-1244
-1586
-1953
-2411
-2905
-3309
-3586
-3806
-3979
-3966
-3643
-3046
-2336
-1641
-983
-339
256
686
867
865
779
575
169
-352
-789
-1086
-1364
-1670
-1892
-1942
-1896
-1865
-1853
-1795
-1666
-1529
-1431
-1346
-1206
-1001
-781
-556
-293
13
300
524
695
839
957
1046
1125
1212
1301
1377
1456
1567
1692
1762
1757
1734
1730
1718
1665
1575
1490
1439
1420
1399
1379
1448
1622
1784
1885
2034
2230
2249
2030
1820
1713
1477
1029
652
500
360
89
-171
-362
-644
-1098
-1652
-2337
-3307
-4609
-6141
-7686
-8926
-9620
-9798
-9544
-8673
-7019
-4931
-2949
-1102
932
3004
4477
5083
5221
5267
5123
4630
3985
3501
3218
2957
2615
2299
2170
2151
1923
1323
611
107
-269
-746
-1210
-1311
-974
-417
269
1183
2304
3413
4317
4951
5303
5357
5086
4447
3452
2289
1223
330
-502
-1301
-1922
-2259
-2408
-2523
-2620
-2652
-2667
-2791
-3033
-3223
-3203
-2989
-2686
-2319
-1806
-1118
-377
244
687
996
1171
1104
746
225
-286
-753
-1242
-1742
-2130
-2321
-2358
-2322
-2220
-2004
-1672
-1330
-1078
-920
-786
-659
-578
-562
-549
-446
-229
24
235
447
738
1034
1210
1279
1355
1442
1460
1432
1462
1536
1579
1596
1621
1610
1538
1479
1457
1389
1250
1163
1200
1328
1500
1688
1819
1902
2043
2206
2211
2057
1959
1916
1672
1217
837
633
408
82
-256
-667
-1298
-2053
-2760
-3584
-4863
-6560
-8182
-9254
-9715
-9794
-9515
-8547
-6682
-4363
-2297
-510
1537
3832
5492
5974
5839
5835
5816
5195
4061
3098
2610
2232
1639
1071
943
1161
1170
698
141
-43
-51
-391
-988
-1209
-774
-53
603
1345
2418
3658
4677
5295
5593
5656
5414
4730
3611
2294
1024
-157
-1322
-2395
-3162
-3520
-3568
-3471
-3331
-3144
-2856
-2511
-2254
-2162
-2096
-1918
-1719
-1632
-1536
-1202
-664
-168
175
467
765
967
929
628
162
-341
-859
-1430
-1983
-2339
-2425
-2370
-2258
-1999
-1535
-1034
-687
-449
-184
66
137
33
-78
-94
-71
-57
-12
134
394
694
936
1088
1227
1391
1470
1396
1287
1253
1238
1162
1089
1095
1140
1200
1289
1372
1421
1513
1696
1868
1963
2083
2265
2332
2195
2014
1883
1677
1309
932
667
451
216
11
-173
-460
-902
-1458
-2116
-2963
-4149
-5750
-7510
-8878
-9548
-9760
-9713
-9007
-7228
-4841
-2695
-847
1327
3840
5775
6489
6454
6424
6379
5755
4473
3188
2433
1992
1367
650
398
699
900
553
63
-15
118
-134
-762
-1134
-894
-339
178
757
1674
2901
4079
4924
5448
5775
5820
5342
4308
2959
1560
165
-1235
-2538
-3539
-4082
-4197
-4086
-3908
-3606
-3067
-2405
-1903
-1634
-1415
-1156
-988
-991
-997
-828
-515
-224
-3
232
535
798
838
595
219
-160
-615
-1248
-1930
-2399
-2603
-2670
-2632
-2364
-1858
-1294
-811
-397
-9
298
435
381
223
75
-18
-98
-192
-208
-58
210
464
679
922
1173
1321
1344
1332
1304
1199
1037
930
906
907
905
955
1085
1282
1542
1830
2085
2284
2444
2546
2552
2492
2403
2268
2074
1859
1617
1288
915
642
469
217
-243
-856
-1546
-2337
-3371
-4775
-6475
-8074
-9163
-9735
-9999
-9794
-8663
-6621
-4347
-2320
-291
2088
4485
6122
6706
6699
6641
6445
5645
4246
2872
1962
1244
359
-427
-619
-378
-319
-577
-664
-320
14
-142
-580
-707
-335
179
560
1037
1936
3135
4204
4925
5441
5825
5852
5291
4241
3006
1724
329
-1176
-2547
-3491
-3962
-4155
-4211
-4031
-3492
-2716
-1998
-1494
-1105
-742
-487
-462
-595
-676
-605
-486
-428
-357
-128
200
389
323
139
-31
-292
-797
-1460
-2023
-2381
-2634
-2831
-2857
-2601
-2141
-1650
-1186
-699
-186
213
387
393
372
345
232
49
-75
-44
113
338
594
893
1232
1556
1754
1768
1680
1578
1416
1145
866
709
675
681
726
881
1188
1606
1990
2256
2482
2776
3041
3081
2930
2754
2530
2114
1541
1008
576
191
-121
-326
-568
-1015
-1626
-2269
-3004
-4064
-5546
-7167
-8427
-9120
-9439
-9471
-8845
-7270
-5142
-3107
-1186
1045
3486
5392
6281
6500
6586
6500
5811
4469
3025
1981
1230
396
-436
-801
-601
-315
-309
-340
-71
312
370
90
-83
120
510
842
1188
1821
2799
3827
4573
5022
5356
5549
5321
4553
3430
2168
798
-681
-2123
-3295
-4031
-4346
-4406
-4317
-3982
-3312
-2489
-1812
-1339
-917
-527
-317
-370
-524
-571
-497
-436
-444
-404
-211
41
158
85
-67
-264
-621
-1182
-1767
-2175
-2425
-2637
-2772
-2655
-2250
-1731
-1255
-803
-316
142
443
560
556
496
378
206
40
-17
76
272
504
789
1145
1489
1715
1812
1833
1780
1619
1373
1100
854
688
640
677
747
877
1125
1439
1733
2031
2403
2780
3002
3030
2950
2784
2473
2032
1572
1178
850
549
213
-244
-866
-1606
-2481
-3696
-5390
-7284
-8834
-9783
-10303
-10466
-9904
-8305
-6017
-3738
-1638
697
3406
5777
6972
7092
7003
7069
6675
5282
3452
2160
1470
666
-437
-1141
-1030
-691
-802
-1115
-966
-436
-271
-714
-1095
-809
-117
384
706
1399
2672
4038
4971
5499
5926
6213
5991
5105
3817
2428
972
-638
-2272
-3582
-4331
-4627
-4700
-4577
-4093
-3234
-2293
-1562
-1038
-563
-144
37
-68
-253
-294
-217
-181
-193
-74
235
524
565
416
266
95
-306
-967
-1640
-2121
-2459
-2749
-2879
-2681
-2206
-1669
-1171
-650
-99
338
515
465
310
114
-142
-461
-730
-803
-643
-350
-14
371
835
1311
1677
1895
1994
1962
1766
1437
1063
713
418
229
184
268
443
718
1097
1526
1953
2372
2738
2961
3007
2941
2799
2524
2107
1678
1355
1093
806
509
206
-244
-955
-1878
-2961
-4363
-6171
-8024
-9351
-9972
-10127
-9853
-8757
-6665
-4105
-1751
394
2768
5258
7016
7475
7121
6789
6496
5572
3887
2248
1321
784
26
-787
-1003
-624
-378
-644
-955
-845
-619
-837
-1354
-1465
-901
-109
493
1133
2230
3671
4896
5593
5915
6043
5825
5031
3720
2183
645
-852
-2281
-3490
-4269
-4545
-4449
-4158
-3709
-3039
-2216
-1468
-961
-657
-430
-275
-260
-360
-428
-337
-120
96
276
507
792
957
843
523
159
-261
-866
-1598
-2207
-2547
-2703
-2754
-2615
-2207
-1641
-1100
-649
-253
59
182
87
-103
-260
-384
-547
-717
-739
-516
-144
218
539
889
1273
1567
1672
1622
1526
1414
1236
981
729
564
493
493
586
788
1064
1354
1634
1918
2195
2428
2597
2705
2756
2736
2625
2441
2224
2006
1766
1486
1182
870
492
-85
-920
-1945
-3098
-4488
-6215
-8018
-9364
-9995
-10131
-9907
-8963
-6981
-4395
-2039
-110
1904
4180
6001
6615
6259
5810
5583
5053
3853
2496
1714
1436
1015
305
-130
-2
128
-310
-1017
-1319
-1229
-1347
-1817
-2012
-1420
-331
678
1542
2628
4024
5285
5959
6061
5884
5503
4697
3390
1858
447
-756
-1852
-2817
-3433
-3555
-3324
-3035
-2810
-2496
-2002
-1530
-1312
-1279
-1196
-1013
-868
-775
-589
-224
216
562
775
930
1071
1046
705
143
-398
-868
-1412
-2015
-2437
-2541
-2446
-2274
-1987
-1543
-1047
-641
-364
-183
-83
-102
-266
-511
-689
-744
-760
-781
-679
-363
50
406
696
949
1123
1198
1208
1152
1011
841
696
561
450
469
608
733
813
976
1243
1459
1561
1672
1873
2088
2225
2290
2335
2399
2457
2379
2100
1769
1566
1413
1125
763
488
161
-532
-1580
-2672
-3793
-5280
-7130
-8691
-9379
-9357
-9091
-8467
-6920
-4429
-1845
108
1684
3512
5377
6330
6036
5339
5073
4940
4204
3010
2222
2100
1978
1366
662
419
400
-65
-1028
-1804
-1971
-1898
-2062
-2215
-1716
-492
861
1920
2889
4042
5143
5696
5566
5047
4384
3521
2335
953
-297
-1204
-1845
-2417
-2899
-3076
-2922
-2736
-2763
-2859
-2757
-2492
-2307
-2217
-1984
-1497
-928
-445
5
528
1070
1432
1495
1341
1129
858
396
-254
-867
-1280
-1582
-1880
-2062
-1973
-1679
-1384
-1143
-869
-551
-298
-199
-215
-239
-191
-121
-121
-165
-121
42
171
176
173
303
485
565
561
586
650
676
646
595
541
479
408
327
268
283
369
473
586
773
1027
1246
1376
1470
1583
1716
1873
2039
2183
2285
2323
2240
1990
1682
1429
1189
862
495
179
-198
-832
-1711
-2629
-3503
-4523
-5882
-7408
-8522
-8818
-8506
-7977
-7087
-5328
-2836
-525
1038
2288
3789
5202
5731
5311
4732
4562
4492
3969
3117
2568
2500
2343
1657
784
278
-6
-653
-1651
-2299
-2207
-1785
-1507
-1191
-344
1025
2365
3262
3841
4397
4856
4853
4260
3425
2725
2097
1245
197
-651
-1095
-1392
-1854
-2382
-2651
-2647
-2685
-2936
-3154
-3027
-2612
-2198
-1863
-1403
-717
-27
411
662
955
1252
1270
917
468
187
-27
-400
-873
-1181
-1265
-1330
-1503
-1652
-1621
-1464
-1349
-1302
-1166
-846
-486
-297
-250
-122
108
202
46
-128
-123
-52
-99
-196
-160
32
259
410
459
470
541
644
625
470
377
419
409
260
180
346
615
784
904
1109
1370
1574
1695
1784
1883
2018
2175
2283
2345
2427
2496
2389
2089
1788
1560
1237
750
292
-10
-348
-974
-1850
-2726
-3513
-4493
-5938
-7540
-8494
-8438
-7925
-7465
-6616
-4708
-2160
-151
972
2013
3466
4652
4754
4099
3709
3906
3999
3471
2805
2702
2929
2614
1571
566
108
-299
-1234
-2309
-2668
-2207
-1590
-1196
-630
509
1903
2899
3336
3595
3939
4111
3762
3063
2512
2264
1956
1301
554
118
-104
-560
-1331
-1997
-2304
-2528
-2940
-3298
-3209
-2737
-2244
-1839
-1330
-643
1
381
533
652
820
898
740
452
293
281
155
-184
-510
-668
-834
-1183
-1532
-1629
-1550
-1533
-1544
-1374
-1022
-710
-547
-444
-316
-220
-245
-359
-456
-467
-428
-385
-295
-99
168
382
482
526
571
573
484
355
286
283
290
284
304
391
531
664
738
755
783
873
1000
1147
1353
1622
1856
1995
2127
2304
2404
2328
2171
2025
1795
1384
919
588
375
184
-6
-209
-533
-1073
-1809
-2657
-3537
-4456
-5517
-6651
-7401
-7361
-6740
-6025
-5168
-3704
-1752
-133
758
1418
2349
3261
3605
3445
3359
3650
3978
3910
3542
3282
3135
2627
1572
465
-218
-657
-1247
-1831
-1900
-1360
-647
-107
378
1054
1833
2361
2503
2521
2698
2928
2926
2716
2585
2607
2486
1976
1215
491
-148
-875
-1698
-2368
-2705
-2856
-3025
-3117
-2911
-2472
-2085
-1847
-1555
-1088
-621
-340
-184
32
338
588
667
616
559
500
335
10
-373
-686
-949
-1237
-1481
-1550
-1461
-1369
-1325
-1225
-1022
-813
-693
-654
-619
-546
-441
-323
-181
12
232
397
477
554
668
757
749
694
685
706
688
631
588
560
524
505
531
575
597
621
694
788
865
927
1002
1086
1176
1306
1465
1580
1619
1625
1606
1494
1299
1122
975
743
417
168
58
-71
-290
-460
-482
-495
-700
-1185
-1889
-2709
-3653
-4826
-6085
-6858
-6742
-6085
-5435
-4687
-3367
-1655
-316
365
873
1613
2353
2684
2691
2862
3432
4057
4237
3961
3644
3417
2888
1852
734
45
-276
-605
-937
-932
-508
13
319
453
629
913
1152
1232
1278
1523
1980
2389
2557
2565
2546
2415
1981
1262
497
-142
-686
-1210
-1655
-1920
-2023
-2094
-2162
-2171
-2110
-2037
-1957
-1813
-1588
-1304
-971
-597
-232
70
296
437
460
380
273
169
31
-131
-245
-305
-374
-469
-539
-587
-683
-822
-934
-996
-1048
-1092
-1092
-1058
-1014
-935
-794
-640
-527
-436
-322
-185
-39
123
280
405
515
647
766
828
850
894
955
982
962
920
881
862
873
868
823
763
742
752
749
737
758
799
842
899
975
1003
923
784
683
648
646
644
604
494
343
233
182
116
-7
-167
-376
-705
-1177
-1716
-2233
-2727
-3233
-3711
-3988
-3906
-3502
-3012
-2610
-2238
-1751
-1154
-608
-219
70
347
611
824
994
1160
1294
1334
1315
1383
1619
1913
2078
2088
2082
2170
2299
2341
2232
2001
1721
1450
1213
1015
840
658
457
263
144
121
125
72
-35
-122
-143
-129
-139
-174
-199
-211
-229
-250
-266
-296
-381
-517
-644
-704
-708
-697
-709
-746
-789
-821
-849
-897
-967
-1034
-1074
-1077
-1041
-960
-845
-723
-618
-537
-467
-409
-374
-371
-381
-370
-322
-258
-210
-179
-135
-70
5
78
149
203
222
213
189
176
166
134
81
28
4
23
68
124
194
285
385
476
550
627
730
842
929
981
1020
1053
1065
1049
1023
1008
983
913
808
706
620
509
348
181
84
62
53
13
-28
-23
15
31
5
-39
-72
-85
-63
-2
72
90
-7
-215
-494
-826
-1218
-1648
-2029
-2279
-2394
-2441
-2480
-2498
-2444
-2305
-2118
-1926
-1726
-1516
-1320
-1144
-935
-649
-315
-38
153
342
615
945
1234
1452
1665
1902
2101
2204
2241
2248
2199
2049
1836
1668
1565
1450
1281
1118
1041
1026
987
897
804
731
656
567
499
478
456
390
306
267
282
302
301
292
303
326
327
286
196
62
-103
-273
-431
-579
-732
-889
-1031
-1144
-1221
-1269
-1303
-1345
-1390
-1414
-1394
-1333
-1274
-1240
-1211
-1167
-1099
-1007
-899
-790
-690
-597
-488
-372
-277
-231
-231
-255
-285
-321
-371
-433
-496
-539
-549
-520
-458
-366
-247
-109
47
216
389
549
674
767
857
959
1053
1118
1155
1186
1206
1200
1174
1170
1208
1255
1272
1252
1214
1169
1114
1064
1035
1012
963
884
819
800
803
770
690
594
500
351
97
-237
-563
-854
-1189
-1625
-2092
-2433
-2574
-2598
-2626
-2668
-2656
-2556
-2393
-2181
-1905
-1603
-1371
-1241
-1111
-873
-553
-284
-119
37
273
569
835
1047
1244
1429
1556
1612
1645
1693
1699
1597
1425
1289
1240
1215
1143
1031
951
940
965
971
944
893
823
739
657
581
508
434
379
373
425
492
525
513
468
424
387
330
229
81
-92
-264
-420
-567
-720
-888
-1054
-1185
-1261
-1289
-1304
-1324
-1332
-1299
-1214
-1109
-1021
-957
-895
-822
-738
-651
-567
-489
-417
-368
-342
-325
-321
-351
-436
-550
-642
-697
-730
-762
-774
-740
-661
-557
-433
-283
-107
75
247
409
561
703
828
932
1012
1065
1102
1140
1185
1220
1236
1243
1249
1244
1204
1126
1033
948
874
815
780
757
719
658
594
554
523
474
409
356
331
330
344
370
384
359
311
271
230
108
-148
-502
-864
-1195
-1536
-1910
-2271
-2532
-2672
-2733
-2753
-2718
-2617
-2470
-2301
-2080
-1792
-1490
-1249
-1064
-848
-563
-264
-32
141
333
578
839
1072
1285
1485
1646
1736
1780
1825
1856
1806
1656
1477
1349
1269
1184
1084
1014
1005
1036
1079
1135
1190
1206
1165
1110
1072
1026
919
757
603
495
424
377
347
315
252
168
104
65
-16
-187
-405
-600
-755
-907
-1064
-1192
-1280
-1347
-1397
-1402
-1363
-1323
-1315
-1310
-1256
-1150
-1046
-976
-932
-888
-836
-776
-714
-661
-617
-571
-522
-468
-415
-367
-338
-340
-361
-370
-356
-337
-332
-316
-250
-134
0
123
234
342
441
535
629
708
749
746
736
760
810
843
846
851
893
954
1008
1034
1031
998
941
886
852
825
775
696
627
599
593
570
513
442
380
335
307
290
268
218
146
85
51
33
7
-46
-134
-280
-492
-743
-1002
-1275
-1576
-1864
-2060
-2137
-2160
-2198
-2231
-2191
-2073
-1928
-1784
-1614
-1408
-1209
-1025
-801
-502
-198
13
132
260
463
697
900
1065
1231
1396
1526
1609
1670
1704
1669
1553
1418
1337
1306
1261
1163
1061
1011
1006
1004
991
980
964
920
852
801
767
699
549
371
256
233
250
254
240
207
146
78
39
20
-42
-185
-360
-494
-586
-682
-807
-947
-1085
-1198
-1257
-1247
-1200
-1168
-1161
-1137
-1075
-993
-931
-897
-878
-858
-815
-745
-655
-581
-535
-506
-469
-417
-372
-347
-352
-370
-384
-393
-405
-430
-451
-458
-432
-367
-264
-133
4
134
263
394
516
605
661
701
748
802
853
893
924
960
1008
1063
1104
1121
1112
1093
1075
1057
1025
964
881
794
717
648
571
481
390
321
293
298
309
299
264
226
201
194
192
176
141
80
-15
-145
-320
-539
-792
-1071
-1365
-1659
-1921
-2112
-2219
-2267
-2303
-2330
-2315
-2234
-2091
-1902
-1681
-1442
-1210
-978
-717
-425
-146
71
229
382
556
734
896
1039
1168
1277
1375
1470
1563
1618
1599
1519
1434
1377
1333
1271
1191
1129
1108
1119
1155
1206
1247
1243
1187
1122
1081
1043
956
816
680
599
557
513
451
376
279
154
27
-73
-169
-307
-497
-682
-816
-920
-1037
-1171
-1293
-1387
-1450
-1469
-1440
-1387
-1345
-1313
-1257
-1164
-1063
-993
-954
-926
-894
-862
-827
-790
-753
-722
-692
-645
-583
-518
-471
-442
-418
-389
-359
-336
-310
-279
-242
-199
-134
-40
77
203
330
459
588
702
799
889
967
1021
1045
1060
1078
1096
1103
1087
1050
985
901
818
756
714
687
665
646
635
622
610
590
553
495
425
363
332
335
352
356
336
296
260
243
230
199
137
64
9
-27
-69
-150
-284
-456
-646
-844
-1057
-1303
-1569
-1806
-1949
-1972
-1917
-1864
-1848
-1838
-1779
-1648
-1462
-1272
-1108
-978
-851
-686
-475
-255
-78
43
143
267
431
612
785
931
1055
1162
1259
1341
1383
1372
1316
1249
1198
1174
1156
1127
1089
1050
1016
990
972
958
934
898
850
806
767
739
717
688
647
593
537
495
469
452
416
348
257
153
49
-59
-180
-319
-475
-628
-761
-863
-945
-1014
-1074
-1120
-1144
-1145
-1135
-1116
-1102
-1087
-1071
-1052
-1034
-1022
-1007
-986
-952
-910
-871
-835
-804
-765
-711
-651
-593
-553
-536
-531
-527
-515
-500
-494
-494
-479
-427
-342
-239
-142
-65
-2
60
139
242
356
464
563
672
802
937
1051
1125
1166
1192
1220
1257
1307
1355
1370
1344
1286
1216
1140
1048
953
872
812
762
718
676
646
622
596
564
534
505
480
459
437
406
351
272
187
106
31
-53
-156
-270
-392
-526
-689
-881
-1093
-1314
-1531
-1722
-1858
-1928
-1948
-1943
-1927
-1887
-1823
-1739
-1640
-1522
-1382
-1230
-1070
-895
-693
-482
-291
-130
15
164
315
459
592
714
817
894
946
979
996
982
940
892
865
863
878
895
908
922
944
983
1027
1064
1082
1077
1061
1046
1035
1015
977
922
868
825
790
755
703
631
542
437
321
187
37
-124
-282
-420
-534
-632
-719
-799
-870
-922
-961
-985
-1001
-1013
-1014
-1005
-988
-969
-954
-941
-922
-888
-841
-790
-750
-725
-716
-720
-733
-756
-786
-818
-836
-834
-818
-788
-756
-717
-670
-608
-528
-437
-337
-232
-118
5
138
269
390
490
576
655
740
831
919
990
1037
1061
1066
1063
1054
1043
1033
1021
1004
973
926
866
803
753
732
733
741
742
730
714
700
690
671
636
582
520
456
392
319
235
141
50
-32
-111
-202
-318
-450
-583
-702
-810
-915
-1023
-1125
-1203
-1249
-1266
-1263
-1252
-1238
-1214
-1181
-1135
-1082
-1026
-961
-879
-782
-671
-557
-446
-332
-220
-102
17
131
231
310
376
428
466
491
502
504
503
494
485
473
465
460
465
489
523
564
606
651
696
734
764
785
795
796
792
786
779
769
758
743
717
672
609
528
435
338
239
139
38
-57
-147
-230
-308
-379
-442
-502
-559
-618
-681
-748
-809
-856
-884
-891
-888
-878
-865
-848
-819
-779
-735
-693
-657
-632
-616
-606
-605
-609
-612
-613
-609
-602
-589
-579
-559
-529
-485
-428
-358
-279
-195
-109
-23
63
150
234
316
393
468
544
622
702
785
868
946
1017
1074
1111
1125
1117
1091
1050
1005
960
916
869
823
782
744
706
668
626
573
512
450
385
320
254
187
121
53
-13
-75
-133
-187
-235
-279
-325
-372
-422
-478
-536
-598
-657
-713
-762
-803
-834
-857
-868
-872
-873
-874
-877
-881
-884
-886
-884
-872
-851
-817
-769
-711
-644
-569
-491
-411
-328
-242
-159
-78
-1
74
143
211
277
344
410
475
540
607
677
747
816
882
945
1001
1048
1084
1107
1116
1112
1097
1074
1044
1009
972
929
881
824
755
677
598
518
437
351
263
175
87
9
-67
-144
-225
-311
-401
-490
-575
-656
-743
-826
-900
-957
-1001
-1038
-1074
-1108
-1137
-1152
-1149
-1132
-1108
-1081
-1048
-1010
-961
-905
-840
-774
-717
-669
-625
-581
-521
-450
-378
-319
-276
-233
-172
-90
-3
72
121
163
216
295
384
457
509
549
596
657
737
822
894
943
963
964
966
987
1033
1079
1104
1095
1066
1029
986
928
845
751
682
645
617
559
467
375
312
260
155
-45
-268
-370
-287
-116
-18
-85
-254
-368
-327
-198
-135
-204
-333
-418
-410
-337
-291
-347
-473
-585
-639
-633
-583
-532
-553
-640
-709
-710
-671
-628
-623
-675
-717
-657
-526
-434
-428
-464
-482
-458
-385
-309
-273
-267
-244
-183
-123
-92
-85
-80
-60
-27
27
100
169
229
287
352
408
448
488
529
561
590
633
700
761
799
812
809
796
779
759
728
670
601
553
523
477
402
319
251
195
146
91
26
-44
-97
-132
-169
-227
-286
-323
-335
-345
-358
-377
-403
-420
-423
-415
-410
-407
-402
-402
-412
-435
-465
-490
-512
-526
-528
-526
-519
-507
-490
-470
-446
-417
-382
-349
-320
-292
-264
-234
-198
-146
-80
-8
65
128
183
226
259
287
308
332
367
411
466
512
542
557
549
532
519
499
491
495
507
523
523
514
506
498
493
478
439
385
323
271
221
160
95
40
1
-34
-68
-111
-155
-188
-199
-209
-227
-239
-224
-205
-202
-214
-244
-271
-283
-280
-279
-288
-280
-234
-181
-151
-145
-160
-189
-224
-244
-247
-249
-241
-205
-163
-143
-143
-152
-170
-210
-241
-248
-249
-241
-204
-151
-108
-82
-66
-73
-102
-120
-105
-70
-33
13
70
118
157
188
196
172
123
91
75
74
87
107
119
132
151
172
184
186
194
205
217
234
245
252
251
242
227
197
165
139
119
107
103
105
113
125
137
149
147
137
117
90
67
49
34
18
2
-13
-27
-47
-65
-76
-87
-103
-124
-149
-163
-160
-156
-152
-160
-173
-180
-184
-183
-188
-197
-199
-196
-183
-166
-151
-143
-139
-138
-135
-130
-124
-112
-100
-84
-70
-58
-48
-40
-32
-27
-25
-24
-15
3
23
44
62
76
85
92
98
106
114
122
135
147
161
172
174
171
159
144
128
115
105
100
98
100
103
107
106
99
86
73
59
48
38
27
16
7
-4
-13
-22
-29
-31
-30
-25
-23
-23
-24
-28
-35
-45
-52
-55
-57
-57
-57
-60
-67
-80
-100
-119
-128
-128
-119
-105
-92
-77
-62
-51
-49
-53
-57
-56
-50
-41
-31
-25
-18
-15
-15
-18
-22
-21
-15
-9
-5
-3
1
9
15
19
21
23
32
42
48
48
42
33
26
18
9
5
0
2
10
20
29
40
47
51
56
67
81
92
103
111
113
111
103
84
61
42
30
25
21
20
24
33
39
35
27
19
14
11
7
0
-5
-7
-8
-13
-26
-41
-54
-63
-72
-81
-86
-88
-78
-65
-56
-50
-51
-50
-52
-56
-66
-78
-83
-80
-73
-70
-70
-71
-71
-67
-65
-60
-54
-46
-31
-17
-7
-3
1
4
9
13
18
23
30
35
38
40
39
39
39
43
47
54
60
64
67
64
59
52
41
32
26
24
24
24
22
22
21
18
14
9
6
5
6
6
7
9
10
14
12
8
3
-1
-2
-4
-3
-4
-2
-2
-3
-5
-9
-13
-13
-12
-9
-7
-4
-3
-5
-7
-11
-17
-20
-23
-22
-20
-18
-16
-14
-14
-15
-16
-17
-14
-11
-9
-6
-3
0
5
10
9
10
15
19
20
19
15
14
14
12
16
16
17
17
13
5
-4
-13
-18
-23
-24
-26
-28
-31
-35
-38
-39
-37
-32
-24
-17
-10
-5
-3
0
4
3
2
0
0
0
-1
-2
-2
-2
0
6
8
11
12
14
15
17
21
21
24
26
25
23
18
13
9
4
1
-1
-1
3
2
1
1
1
1
2
2
-1
-1
0
0
0
-3
-3
-2
-3
-5
-6
-7
-5
-5
-4
-3
-5
-5
-6
-7
-9
-10
-9
-10
-10
-11
-13
-13
-13
-12
-15
-17
-20
-19
-18
-19
-17
-14
-11
-6
-3
-1
3
5
7
8
9
8
9
10
13
13
13
13
15
19
18
16
15
14
15
17
18
16
20
23
24
25
21
19
17
18
15
11
8
9
11
13
12
10
8
4
-5
-12
-17
-17
-16
-11
-9
-11
-13
-12
-10
-10
-10
-10
-11
-13
-14
-13
-10
-9
-9
-9
-12
-13
-14
-18
-20
-22
-23
-21
-18
-13
-9
-7
-6
-5
-6
-9
-12
-10
-10
-8
-8
-8
-5
-4
-3
-2
-4
-2
-1
-1
1
2
3
6
12
12
12
11
12
11
13
13
11
10
10
11
10
11
10
11
12
11
8
7
5
2
1
-2
-3
-4
-4
-5
-6
-5
-4
-3
-4
-5
-3
-4
-2
2
4
4
4
4
3
2
0
3
7
7
6
7
4
3
1
-2
-3
-5
-5
-6
-4
-2
-1
0
2
3
4
4
2
2
1
0
-3
-6
-9
-10
-13
-11
-8
-9
-5
-4
-2
0
2
2
4
4
5
5
3
2
5
6
10
11
9
7
4
0
-1
-4
-7
-8
-10
-12
-14
-17
-13
-10
-7
-2
1
4
5
4
3
0
-2
-1
0
0
1
3
6
5
4
2
-2
-5
-7
-6
-4
-3
-1
2
5
6
9
10
11
12
12
11
11
10
10
8
6
5
3
2
-3
-8
-12
-16
-15
-14
-12
-12
-8
-3
0
2
3
4
6
8
10
10
10
10
10
10
7
3
0
-3
-7
-10
-16
-19
-19
-19
-17
-16
-16
-12
-10
-9
-9
-8
-6
-4
-3
-2
-1
-2
1
