-1
-3
-1
0
0
0
-2
-2
-1
-1
0
-1
-1
-1
-1
-2
0
-1
-1
-2
-4
-2
-2
-2
-2
-1
0
1
1
2
3
3
4
3
3
4
5
5
5
5
2
3
3
2
2
1
-1
0
-1
-1
0
1
-2
0
-1
0
2
2
4
3
3
2
4
3
1
1
4
5
1
0
-2
-2
-5
-5
-3
-3
-4
-3
-1
-1
0
0
-2
-1
-2
-1
-2
-1
-2
-3
-2
-3
-4
-1
-1
-2
-1
0
1
1
1
0
1
1
-1
0
-1
1
0
0
1
2
2
2
2
3
0
-1
1
1
1
-1
1
3
0
2
2
2
2
-1
0
3
1
-1
-1
1
2
2
0
1
2
3
1
0
1
2
0
-2
1
3
1
1
3
2
-1
-1
-2
-2
-4
-5
-1
-4
-5
-4
-3
-6
-7
-5
-6
-7
-5
-5
-5
-4
-1
2
2
2
2
3
2
3
5
4
0
2
5
2
1
0
-2
-2
-1
-1
-3
0
-1
0
2
1
5
4
2
3
5
2
2
3
4
1
-1
2
4
2
2
2
3
1
0
2
2
1
-2
-1
0
1
0
-1
0
1
0
-1
2
1
-3
-2
1
0
-3
-1
-1
-1
-2
-1
-1
-3
-5
-5
-5
-3
-3
-5
-4
-2
-1
-2
-3
1
1
-1
-1
1
3
1
-2
-1
1
-1
-2
-1
-2
-3
-5
-3
-4
-3
-5
-5
-4
-4
-3
-3
-2
-2
-1
1
5
6
4
4
6
7
3
3
5
5
4
3
5
4
1
3
5
2
-2
-1
0
1
-1
-1
2
2
1
1
0
-1
-2
-3
-2
-2
-1
0
0
1
3
4
2
2
3
3
3
2
4
3
1
1
3
2
0
-1
2
-2
-4
-2
2
-3
-8
-3
3
-3
-10
-1
5
-2
-10
-1
10
1
-10
-5
8
4
-9
-4
6
-1
-16
-11
2
-6
-18
-12
1
-6
-13
-2
12
9
16
40
51
45
46
40
19
4
-2
-21
-35
-6
35
40
45
89
95
32
-8
7
-14
-102
-135
-93
-92
-161
-187
-160
-227
-363
-441
-485
-561
-666
-692
-639
-636
-626
-546
-454
-383
-351
-311
-236
-161
-85
-10
79
193
311
401
474
550
599
597
582
587
581
545
523
540
565
582
603
625
633
631
625
604
578
574
584
579
582
618
651
634
579
537
499
425
325
252
193
106
11
-41
-90
-175
-279
-347
-387
-443
-500
-516
-497
-496
-495
-447
-365
-312
-284
-226
-131
-18
97
216
310
338
309
277
249
168
27
-118
-238
-361
-448
-479
-584
-846
-1120
-1240
-1340
-1574
-1822
-1932
-2015
-2152
-2185
-2154
-2417
-3065
-3604
-3540
-3004
-2476
-2104
-1541
-570
521
1331
1920
2545
3056
3133
2997
3156
3555
3670
3378
3092
3000
2847
2427
1824
1156
445
-217
-668
-834
-780
-617
-418
-166
237
780
1260
1490
1522
1570
1727
1922
2073
2172
2216
2171
2010
1780
1508
1132
543
-226
-937
-1407
-1729
-2072
-2412
-2607
-2664
-2689
-2683
-2582
-2430
-2356
-2373
-2331
-2208
-2229
-2380
-2134
-1248
-441
-280
-138
592
1186
935
551
714
682
-75
-605
-296
-80
-532
-824
-520
-404
-776
-936
-719
-714
-913
-751
-244
171
496
909
1254
1454
1664
1839
1776
1615
1578
1541
1396
1369
1511
1511
1305
1224
1348
1367
1176
996
906
769
574
468
473
482
439
395
409
444
383
151
-183
-474
-696
-951
-1274
-1562
-1769
-1968
-2212
-2567
-3224
-4246
-5146
-5296
-4782
-4328
-4115
-3478
-2111
-694
191
907
1860
2611
2704
2609
2973
3535
3649
3372
3221
3281
3163
2663
1904
1043
163
-655
-1301
-1674
-1753
-1634
-1416
-1045
-454
244
815
1151
1331
1507
1775
2108
2403
2602
2768
2940
3023
2926
2667
2251
1585
690
-202
-883
-1406
-1938
-2472
-2812
-2881
-2845
-2852
-2813
-2642
-2469
-2364
-2154
-1673
-1050
-618
-589
-787
-741
-271
125
4
-229
-35
273
175
16
190
163
-485
-1042
-877
-617
-897
-1203
-992
-703
-730
-639
-208
46
-100
-138
215
627
853
1037
1249
1420
1597
1819
1938
1871
1725
1570
1378
1221
1189
1119
847
541
472
571
614
606
666
740
755
819
986
1074
947
769
736
788
799
790
764
619
352
96
-148
-514
-1016
-1536
-1992
-2368
-2660
-2896
-3206
-3828
-4844
-5793
-5941
-5297
-4779
-4757
-4309
-2803
-1091
-108
642
1860
2944
3113
2936
3343
4005
4040
3558
3296
3342
3220
2745
2057
1221
292
-555
-1223
-1735
-2039
-2049
-1827
-1467
-903
-60
851
1467
1725
1941
2358
2812
3008
3003
3106
3348
3473
3402
3293
3105
2580
1697
766
-25
-775
-1598
-2401
-2997
-3290
-3333
-3265
-3148
-2952
-2694
-2451
-2190
-1783
-1256
-823
-534
-144
466
969
999
765
636
334
-562
-1529
-1764
-1666
-2119
-2666
-2310
-1519
-1397
-1582
-1144
-594
-823
-1212
-835
-255
-266
-316
236
860
1041
1185
1525
1632
1412
1286
1312
1237
1129
1149
1167
1148
1281
1457
1397
1191
1101
1004
738
527
537
576
513
560
822
1129
1332
1447
1528
1582
1567
1410
1225
1195
1228
1047
746
636
588
221
-368
-779
-1104
-1656
-2296
-2689
-2974
-3457
-4147
-4980
-5877
-6365
-6015
-5347
-5112
-4866
-3651
-1841
-631
14
1084
2499
3210
3135
3264
3911
4312
4046
3632
3551
3566
3220
2471
1625
898
202
-601
-1369
-1836
-1965
-1941
-1808
-1455
-857
-129
548
1018
1306
1656
2135
2480
2549
2631
2947
3258
3316
3267
3268
3125
2620
1882
1148
426
-402
-1322
-2159
-2745
-3083
-3301
-3439
-3392
-3144
-2869
-2635
-2290
-1795
-1377
-1137
-838
-323
204
562
867
1153
1145
742
308
109
-153
-840
-1752
-2446
-2876
-3231
-3428
-3259
-2825
-2365
-1864
-1212
-505
74
498
798
1000
1183
1411
1602
1685
1773
1936
2063
2076
2055
2007
1818
1503
1247
1103
958
790
707
725
751
773
842
920
913
828
768
788
841
854
834
861
959
1054
1104
1187
1312
1336
1220
1114
1088
970
634
220
-132
-485
-927
-1437
-1960
-2480
-2948
-3390
-4049
-5062
-6049
-6440
-6261
-6096
-6067
-5568
-4308
-2930
-2010
-1154
166
1550
2259
2392
2628
3143
3507
3492
3387
3500
3709
3690
3388
3044
2782
2388
1675
818
139
-299
-662
-1010
-1219
-1183
-929
-577
-219
142
550
970
1298
1527
1781
2133
2475
2689
2810
2944
3104
3187
3103
2854
2493
2044
1469
770
39
-642
-1313
-2013
-2635
-3026
-3209
-3315
-3365
-3315
-3180
-3003
-2772
-2488
-2209
-1956
-1691
-1397
-1102
-853
-722
-719
-726
-651
-590
-644
-717
-756
-903
-1178
-1334
-1266
-1168
-1144
-1054
-879
-757
-663
-434
-120
86
199
334
472
592
790
1070
1271
1360
1498
1725
1933
2101
2293
2448
2468
2423
2444
2487
2422
2238
2013
1782
1553
1348
1168
982
784
594
410
247
138
73
-4
-110
-196
-210
-150
-60
1
13
10
14
-8
-91
-215
-365
-567
-822
-1060
-1268
-1558
-2029
-2612
-3153
-3548
-3774
-3836
-3756
-3594
-3424
-3253
-3009
-2614
-2083
-1537
-1147
-995
-913
-617
-86
398
672
889
1172
1415
1582
1853
2265
2540
2487
2317
2325
2480
2546
2416
2184
1943
1711
1513
1415
1422
1389
1199
973
919
1023
1080
1009
899
789
652
565
640
803
839
698
562
586
693
708
608
494
379
179
-46
-139
-113
-182
-443
-721
-838
-848
-910
-1034
-1151
-1282
-1491
-1694
-1762
-1753
-1848
-2083
-2354
-2613
-2831
-2875
-2686
-2440
-2300
-2174
-1942
-1694
-1501
-1249
-942
-813
-916
-944
-718
-433
-254
-59
216
417
530
743
1083
1335
1417
1480
1605
1722
1814
1947
2075
2071
1970
1920
1959
2001
2011
1996
1931
1816
1742
1739
1695
1525
1324
1181
1070
970
951
995
981
888
848
904
943
898
811
707
550
362
204
57
-144
-393
-645
-912
-1239
-1652
-2159
-2688
-3045
-3116
-3098
-3267
-3575
-3769
-3810
-3809
-3706
-3427
-3213
-3325
-3523
-3338
-2765
-2246
-1975
-1750
-1412
-1038
-641
-90
592
1152
1426
1595
1932
2441
2858
3017
3040
3073
3080
3026
3055
3209
3235
2969
2650
2558
2587
2485
2274
2093
1899
1622
1415
1435
1552
1522
1322
1153
1145
1219
1235
1165
1076
958
754
531
428
417
264
-106
-496
-727
-890
-1106
-1321
-1482
-1682
-1975
-2212
-2264
-2262
-2411
-2709
-3024
-3308
-3560
-3693
-3623
-3437
-3304
-3234
-3090
-2806
-2471
-2177
-1930
-1721
-1570
-1439
-1217
-865
-499
-235
-31
209
493
780
1069
1369
1613
1760
1884
2062
2252
2381
2445
2474
2470
2438
2440
2494
2550
2541
2473
2398
2346
2307
2230
2071
1859
1657
1505
1396
1322
1295
1277
1227
1150
1103
1096
1062
942
742
508
271
44
-176
-403
-668
-997
-1407
-1914
-2467
-2892
-3050
-3063
-3213
-3548
-3837
-3939
-3977
-4015
-3919
-3721
-3727
-4000
-4089
-3672
-3052
-2649
-2403
-2043
-1594
-1199
-740
-69
623
1039
1230
1521
2029
2560
2907
3083
3187
3234
3222
3245
3361
3425
3259
2947
2740
2695
2631
2458
2256
2068
1834
1598
1523
1628
1714
1624
1439
1340
1366
1394
1335
1216
1074
877
617
404
320
262
60
-260
-525
-690
-833
-998
-1152
-1323
-1576
-1879
-2113
-2290
-2564
-2967
-3292
-3384
-3352
-3352
-3343
-3251
-3169
-3143
-2993
-2611
-2267
-2228
-2311
-2182
-1872
-1590
-1308
-948
-664
-557
-395
13
463
700
808
968
1140
1272
1487
1794
1991
1990
1982
2108
2261
2342
2397
2434
2376
2265
2251
2334
2360
2277
2177
2095
2002
1947
1971
1966
1815
1601
1459
1367
1243
1113
1008
863
658
507
457
392
217
1
-185
-368
-598
-839
-1102
-1512
-2105
-2657
-2891
-2862
-2917
-3220
-3572
-3776
-3900
-3984
-3861
-3542
-3400
-3635
-3866
-3647
-3090
-2623
-2344
-2036
-1660
-1337
-996
-411
351
942
1209
1401
1791
2309
2712
2923
3041
3096
3025
2905
2920
3063
3068
2812
2504
2390
2417
2377
2242
2101
1941
1702
1496
1509
1672
1709
1523
1320
1292
1351
1323
1226
1132
980
684
368
232
221
97
-196
-480
-636
-752
-894
-1009
-1086
-1249
-1568
-1937
-2213
-2377
-2524
-2732
-2990
-3186
-3203
-3079
-2946
-2806
-2592
-2417
-2413
-2424
-2197
-1857
-1733
-1771
-1657
-1388
-1197
-1039
-703
-309
-120
-39
206
560
809
978
1180
1331
1369
1459
1678
1846
1860
1869
1956
2022
2056
2166
2305
2320
2228
2182
2196
2173
2106
2055
2001
1891
1778
1728
1708
1646
1537
1413
1271
1105
937
793
632
404
138
-85
-244
-424
-658
-937
-1317
-1862
-2430
-2718
-2680
-2662
-2927
-3294
-3483
-3539
-3596
-3520
-3224
-3026
-3207
-3472
-3308
-2757
-2280
-2049
-1830
-1508
-1221
-957
-511
126
660
902
1025
1302
1749
2154
2371
2476
2565
2590
2521
2496
2617
2705
2542
2238
2071
2069
2035
1922
1848
1802
1659
1468
1441
1601
1695
1571
1363
1264
1258
1212
1104
1012
933
736
429
234
251
266
56
-254
-446
-562
-746
-952
-1056
-1168
-1478
-1927
-2251
-2323
-2267
-2275
-2397
-2544
-2635
-2665
-2614
-2417
-2141
-2024
-2157
-2286
-2148
-1846
-1615
-1477
-1345
-1264
-1230
-1049
-638
-240
-59
30
194
408
631
911
1174
1252
1178
1177
1317
1464
1546
1594
1596
1535
1523
1658
1845
1935
1928
1903
1878
1863
1921
2038
2082
1985
1832
1736
1695
1649
1558
1423
1250
1073
925
810
692
516
271
6
-242
-503
-854
-1359
-1957
-2445
-2650
-2656
-2729
-2965
-3204
-3339
-3420
-3407
-3156
-2786
-2685
-2927
-3075
-2788
-2295
-1959
-1758
-1504
-1244
-1090
-870
-360
306
751
865
922
1187
1588
1900
2065
2184
2266
2226
2129
2173
2377
2470
2298
2041
1926
1911
1859
1790
1776
1744
1585
1390
1349
1450
1500
1401
1249
1158
1102
1008
913
891
875
728
472
295
276
241
48
-224
-450
-637
-839
-1017
-1135
-1260
-1473
-1728
-1919
-2013
-2068
-2158
-2280
-2370
-2378
-2324
-2249
-2157
-2043
-1949
-1907
-1854
-1731
-1594
-1500
-1394
-1225
-1047
-904
-732
-483
-244
-86
46
215
377
487
592
726
845
916
975
1054
1138
1209
1269
1335
1414
1506
1605
1697
1772
1831
1886
1939
1974
1983
1978
1971
1959
1930
1889
1851
1808
1720
1572
1392
1206
1010
786
539
289
10
-354
-841
-1421
-1964
-2319
-2467
-2552
-2717
-2940
-3121
-3260
-3368
-3304
-2991
-2678
-2673
-2879
-2877
-2524
-2084
-1776
-1514
-1215
-983
-861
-645
-166
419
805
930
1006
1212
1475
1652
1760
1886
1972
1892
1729
1714
1882
1994
1919
1801
1773
1757
1668
1597
1625
1641
1517
1337
1276
1334
1355
1276
1191
1159
1118
1002
862
800
778
662
452
288
202
56
-205
-416
-468
-526
-739
-1000
-1170
-1329
-1570
-1763
-1772
-1728
-1816
-1960
-1991
-1938
-1932
-1941
-1867
-1776
-1774
-1789
-1685
-1500
-1354
-1238
-1079
-913
-815
-728
-575
-399
-286
-217
-124
-24
44
116
235
346
394
431
543
701
824
919
1048
1177
1246
1288
1376
1481
1537
1560
1616
1704
1763
1788
1803
1794
1742
1687
1662
1635
1573
1496
1402
1267
1092
939
799
585
265
-118
-581
-1154
-1683
-1935
-1959
-2062
-2350
-2617
-2746
-2869
-3000
-2909
-2577
-2365
-2495
-2665
-2507
-2103
-1765
-1549
-1281
-967
-782
-701
-469
24
558
890
1061
1240
1476
1667
1782
1885
1985
1978
1808
1603
1523
1553
1551
1473
1409
1387
1321
1192
1122
1179
1247
1195
1072
1007
999
946
837
787
823
818
683
515
446
410
282
124
74
73
-55
-290
-461
-555
-697
-867
-928
-923
-1040
-1255
-1351
-1299
-1287
-1376
-1429
-1416
-1474
-1612
-1647
-1521
-1397
-1363
-1327
-1228
-1129
-1047
-909
-730
-610
-551
-461
-344
-265
-208
-106
18
67
56
75
133
168
187
243
315
355
393
479
584
660
734
846
953
1014
1072
1173
1279
1347
1390
1439
1479
1493
1510
1548
1582
1586
1568
1529
1420
1215
947
648
279
-201
-704
-1050
-1185
-1262
-1435
-1666
-1852
-2016
-2208
-2312
-2185
-1946
-1878
-2018
-2096
-1920
-1615
-1364
-1143
-872
-623
-510
-438
-202
207
593
832
990
1159
1313
1401
1468
1568
1660
1631
1463
1272
1168
1128
1058
964
929
922
820
631
522
577
658
632
548
503
457
334
204
164
159
67
-99
-206
-210
-185
-177
-169
-184
-272
-411
-492
-471
-440
-492
-595
-653
-644
-622
-606
-568
-535
-565
-634
-648
-576
-489
-439
-407
-369
-346
-339
-313
-276
-270
-310
-358
-384
-386
-373
-348
-327
-319
-315
-307
-285
-241
-172
-93
-36
17
93
198
285
321
328
342
368
391
409
436
481
513
519
511
523
562
591
589
577
594
644
696
725
719
652
483
192
-186
-563
-823
-918
-916
-947
-1068
-1224
-1351
-1433
-1454
-1368
-1199
-1097
-1168
-1295
-1261
-1019
-712
-461
-231
-6
161
249
383
684
1084
1412
1593
1696
1794
1881
1932
1984
2059
2089
1966
1705
1443
1274
1157
1026
909
821
679
433
192
104
148
163
70
-88
-272
-496
-714
-822
-817
-813
-900
-1035
-1139
-1167
-1101
-948
-785
-731
-808
-927
-995
-988
-935
-862
-806
-817
-883
-922
-871
-742
-593
-468
-400
-389
-388
-327
-193
-48
75
171
232
257
276
332
410
465
489
479
429
379
381
443
505
533
542
559
567
554
536
538
541
503
429
361
323
308
317
355
399
433
458
450
402
444
705
1025
1092
858
526
201
-175
-601
-1012
-1356
-1566
-1631
-1702
-1937
-2273
-2565
-2838
-3178
-3424
-3256
-2633
-1950
-1635
-1656
-1566
-1106
-535
-197
35
513
1166
1540
1563
1715
2252
2761
2804
2601
2644
2981
3250
3240
3052
2781
2400
1929
1522
1344
1367
1402
1268
937
528
200
66
96
141
113
111
207
259
98
-163
-270
-212
-180
-214
-170
-70
-140
-460
-812
-949
-866
-740
-757
-971
-1285
-1568
-1808
-2029
-2129
-2030
-1902
-1991
-2240
-2340
-2199
-2027
-1944
-1822
-1554
-1241
-1013
-862
-701
-494
-289
-128
26
253
538
711
671
564
602
796
980
1076
1138
1196
1174
1044
938
1005
1180
1267
1200
1110
1108
1133
1122
1141
1238
1319
1323
1312
1353
1399
1401
1388
1360
1282
1136
920
622
235
-263
-968
-1792
-2258
-2030
-1675
-2169
-3439
-4255
-3940
-3273
-3117
-3121
-2649
-2123
-2320
-2840
-2479
-1053
221
374
-61
69
880
1478
1452
1517
2234
2958
2866
2360
2461
3098
3237
2583
2052
2276
2655
2360
1530
921
806
795
598
435
528
617
337
-145
-323
-72
282
497
572
440
82
-180
-47
239
280
167
164
103
-243
-562
-489
-307
-444
-746
-846
-871
-1122
-1467
-1624
-1648
-1703
-1749
-1772
-1901
-2093
-2118
-1956
-1801
-1668
-1434
-1206
-1186
-1259
-1127
-791
-529
-433
-365
-263
-212
-209
-119
79
246
318
382
487
566
593
649
753
841
904
984
1043
1015
983
1055
1175
1247
1312
1423
1461
1369
1344
1526
1726
1731
1630
1602
1599
1500
1339
1147
843
411
-76
-628
-1173
-1368
-1145
-1231
-2243
-3461
-3573
-2639
-2076
-2493
-2943
-2661
-2255
-2378
-2428
-1597
-427
-117
-658
-777
147
1168
1260
847
1049
1881
2329
2042
1813
2172
2564
2398
2049
2117
2365
2077
1229
580
626
993
981
457
-87
-248
-209
-336
-531
-390
33
122
-356
-738
-392
260
360
-28
-91
315
468
137
-12
352
621
357
63
213
392
94
-381
-465
-280
-339
-699
-993
-1079
-1139
-1262
-1312
-1225
-1155
-1252
-1431
-1439
-1192
-924
-883
-981
-926
-711
-605
-669
-633
-398
-244
-328
-381
-185
24
-17
-115
37
305
341
183
152
290
348
293
351
525
577
464
435
595
773
873
971
1062
1051
989
1060
1253
1335
1154
853
667
571
227
-478
-1052
-924
-474
-784
-2012
-2884
-2434
-1493
-1435
-2072
-2172
-1557
-1237
-1508
-1400
-433
439
320
-168
151
1166
1710
1385
1113
1660
2458
2577
2138
1979
2335
2621
2493
2259
2205
2132
1736
1147
792
843
971
707
76
-411
-461
-367
-496
-691
-637
-493
-652
-999
-998
-576
-299
-499
-752
-623
-371
-431
-629
-524
-221
-173
-364
-403
-285
-378
-677
-744
-516
-463
-775
-1067
-1042
-928
-981
-1066
-1003
-919
-993
-1092
-993
-742
-561
-537
-541
-439
-270
-155
-127
-99
14
135
166
160
239
381
446
447
536
713
782
677
598
670
746
698
621
637
672
613
524
504
540
566
589
609
576
514
518
585
544
311
72
-13
-185
-749
-1362
-1340
-867
-1053
-2235
-3147
-2676
-1638
-1547
-2321
-2598
-1986
-1478
-1595
-1583
-869
-78
23
-221
58
883
1436
1346
1222
1729
2550
2838
2467
2224
2625
3192
3240
2867
2647
2694
2590
2145
1721
1638
1680
1410
828
382
291
233
-60
-317
-224
-90
-403
-939
-1021
-608
-368
-609
-856
-775
-678
-836
-935
-684
-421
-552
-855
-869
-679
-710
-959
-1022
-841
-829
-1152
-1439
-1393
-1242
-1308
-1474
-1465
-1351
-1395
-1549
-1522
-1252
-1013
-1001
-1061
-970
-758
-611
-548
-414
-172
7
29
58
246
503
656
724
839
994
1083
1105
1151
1236
1304
1341
1357
1309
1200
1142
1192
1237
1197
1180
1238
1210
1031
939
1079
1146
825
387
248
150
-447
-1194
-1193
-665
-1004
-2509
-3513
-2816
-1664
-1869
-2987
-3237
-2402
-1888
-2209
-2296
-1538
-766
-746
-973
-624
136
546
483
570
1185
1907
2096
1809
1725
2232
2890
3050
2716
2475
2601
2701
2391
1934
1829
1980
1810
1198
698
664
715
438
95
129
345
182
-343
-594
-294
75
6
-280
-318
-203
-333
-570
-416
35
142
-250
-550
-426
-284
-439
-568
-422
-368
-740
-1185
-1231
-1061
-1137
-1403
-1487
-1411
-1508
-1771
-1827
-1590
-1392
-1429
-1497
-1395
-1245
-1203
-1179
-1037
-839
-733
-711
-665
-556
-425
-284
-119
58
211
337
461
598
745
897
1053
1182
1226
1212
1246
1370
1473
1481
1490
1590
1671
1604
1493
1470
1431
1234
958
676
278
-152
-242
-111
-557
-1755
-2546
-2029
-1159
-1420
-2489
-2796
-2047
-1526
-1847
-2045
-1393
-605
-566
-877
-623
108
494
380
447
1046
1604
1568
1255
1360
1968
2481
2471
2141
1984
2106
2172
1918
1533
1386
1447
1272
694
141
54
204
46
-384
-537
-287
-219
-658
-1019
-725
-202
-236
-660
-671
-255
-175
-544
-577
-27
319
20
-286
-61
232
108
-43
199
405
87
-358
-337
-85
-183
-538
-646
-530
-622
-940
-1084
-942
-843
-960
-1079
-1048
-981
-1026
-1080
-986
-805
-711
-762
-813
-737
-573
-426
-338
-242
-124
-38
22
123
279
388
436
521
653
722
695
727
868
962
939
916
989
1054
1021
966
903
768
489
148
-61
-59
30
-268
-1145
-1995
-2035
-1339
-1048
-1707
-2472
-2406
-1744
-1494
-1744
-1666
-1013
-423
-474
-659
-286
378
707
676
923
1572
1938
1742
1521
1900
2605
2895
2697
2483
2572
2700
2525
2190
1991
1994
1923
1527
955
516
374
313
24
-385
-583
-507
-575
-1080
-1506
-1327
-817
-739
-1182
-1384
-1150
-1006
-1148
-1087
-579
-326
-665
-935
-626
-160
-172
-327
-93
178
-4
-385
-343
-21
-28
-307
-392
-268
-359
-678
-777
-582
-447
-545
-665
-640
-620
-679
-708
-617
-497
-486
-553
-605
-560
-420
-275
-174
-86
33
144
186
249
414
584
666
705
805
907
887
885
1010
1156
1161
1059
1098
1177
1099
939
819
732
355
-176
-305
-36
16
-800
-1919
-2242
-1720
-1252
-1640
-2366
-2554
-2265
-2031
-2138
-2117
-1677
-1209
-1021
-1072
-926
-483
-82
183
440
919
1424
1535
1393
1458
2034
2711
2891
2681
2573
2779
2923
2683
2400
2390
2516
2325
1762
1251
1017
927
722
355
34
-136
-219
-418
-795
-1085
-1127
-991
-920
-986
-1121
-1337
-1505
-1417
-1094
-802
-825
-953
-974
-885
-716
-475
-213
-145
-268
-300
-215
-151
-202
-196
-54
-26
-188
-395
-457
-397
-361
-346
-356
-427
-537
-659
-673
-625
-566
-525
-551
-601
-647
-635
-550
-456
-346
-250
-169
-119
-79
3
115
244
381
518
604
607
628
748
939
1033
1028
1049
1109
1158
1128
1114
1101
948
662
290
96
153
245
-22
-878
-1671
-1732
-1222
-1030
-1644
-2241
-2186
-1822
-1797
-2052
-1842
-1280
-971
-1048
-1049
-605
-168
-40
79
489
1120
1411
1320
1273
1574
2157
2538
2584
2515
2558
2713
2661
2420
2276
2343
2374
2004
1457
1110
992
838
501
215
-6
-305
-653
-851
-809
-866
-1202
-1578
-1627
-1313
-1132
-1369
-1784
-1847
-1444
-1073
-1014
-1090
-1019
-909
-890
-706
-290
1
-143
-359
-157
190
233
46
92
347
348
119
18
136
158
-4
-41
44
-18
-296
-493
-421
-330
-394
-527
-601
-626
-676
-666
-588
-516
-478
-441
-360
-283
-220
-112
38
201
328
402
458
538
673
816
889
916
950
977
989
989
1025
1013
837
555
227
30
53
202
121
-599
-1505
-1792
-1316
-904
-1346
-2032
-2141
-1809
-1726
-2014
-1906
-1324
-943
-998
-1030
-572
-63
40
109
562
1282
1660
1567
1497
1731
2196
2579
2747
2793
2764
2732
2645
2471
2350
2338
2349
2115
1618
1189
983
840
524
160
29
-33
-407
-1061
-1419
-1172
-881
-1147
-1758
-2058
-1924
-1817
-1857
-1766
-1596
-1681
-1955
-1899
-1416
-1057
-1082
-1139
-901
-557
-417
-363
-204
3
115
180
340
504
481
336
320
515
673
579
371
293
347
332
216
156
181
123
-89
-253
-227
-176
-288
-449
-440
-325
-341
-473
-491
-330
-192
-172
-118
27
158
214
330
547
682
692
714
837
919
867
871
976
1022
871
637
515
305
-77
-312
-112
195
-218
-1270
-1973
-1775
-1225
-1287
-1830
-2130
-2088
-2066
-2249
-2182
-1715
-1333
-1262
-1306
-1061
-564
-211
-38
151
601
1228
1619
1657
1564
1742
2263
2744
2947
2944
2937
2929
2774
2606
2634
2789
2753
2343
1835
1528
1370
1155
796
487
331
176
-156
-704
-1159
-1267
-1149
-1122
-1378
-1688
-1888
-2088
-2249
-2149
-1730
-1478
-1749
-2108
-2040
-1651
-1402
-1300
-1025
-764
-821
-957
-720
-210
-3
-93
-7
271
366
189
154
403
549
474
423
530
561
344
173
258
432
432
226
24
-85
-126
-122
-127
-142
-193
-285
-387
-436
-355
-224
-154
-128
-38
127
226
283
431
654
800
821
867
963
989
966
1000
1092
1091
981
933
883
657
223
-198
-314
-166
33
-115
-830
-1695
-2117
-1876
-1501
-1572
-1905
-2177
-2331
-2519
-2602
-2196
-1569
-1275
-1415
-1516
-1127
-570
-273
-138
181
797
1321
1497
1526
1645
1925
2225
2507
2850
3116
3112
2811
2468
2405
2605
2798
2723
2349
1886
1503
1231
1017
827
714
591
271
-251
-704
-854
-873
-1065
-1336
-1380
-1254
-1384
-1861
-2201
-2117
-1895
-1849
-1825
-1630
-1545
-1807
-2043
-1789
-1200
-824
-761
-716
-624
-630
-631
-320
212
509
424
271
303
409
441
513
689
787
660
432
321
332
316
241
188
183
127
-43
-230
-305
-260
-200
-180
-172
-183
-252
-337
-303
-120
57
129
180
276
343
333
374
581
813
897
886
918
970
942
892
962
1076
1056
905
795
742
512
6
-471
-540
-238
-54
-396
-1122
-1789
-2123
-2153
-2034
-1810
-1619
-1745
-2244
-2776
-2818
-2283
-1606
-1172
-1032
-986
-921
-859
-670
-209
469
1077
1343
1350
1391
1607
1913
2165
2385
2676
2943
2994
2809
2571
2471
2465
2397
2279
2191
2128
1938
1513
1022
693
580
545
421
230
30
-241
-626
-1000
-1127
-1015
-956
-1111
-1334
-1458
-1561
-1785
-1988
-1961
-1759
-1625
-1632
-1630
-1571
-1571
-1634
-1562
-1276
-961
-793
-707
-596
-503
-486
-430
-190
108
234
180
143
192
212
162
161
253
296
201
84
51
38
-48
-137
-110
-22
-10
-74
-99
-57
-29
-34
14
139
246
274
285
345
432
490
548
641
735
779
792
820
844
850
874
935
975
932
861
848
865
821
731
700
726
692
556
429
397
371
242
51
-66
-109
-208
-400
-577
-655
-716
-863
-1066
-1201
-1253
-1320
-1427
-1492
-1471
-1436
-1447
-1467
-1434
-1353
-1262
-1162
-1036
-886
-728
-575
-419
-257
-85
100
279
431
573
729
880
995
1084
1177
1269
1307
1299
1297
1322
1329
1290
1241
1210
1169
1087
994
938
895
820
715
636
582
500
378
271
207
149
59
-49
-138
-224
-329
-441
-528
-593
-666
-742
-798
-845
-914
-998
-1036
-1006
-962
-955
-973
-956
-898
-843
-807
-762
-698
-633
-575
-515
-466
-444
-423
-369
-303
-268
-263
-248
-206
-153
-117
-85
-42
6
43
85
143
214
281
344
401
438
464
513
589
646
661
675
716
745
721
681
693
739
739
683
637
629
603
527
451
440
460
419
303
201
171
170
118
38
-4
-5
-47
-154
-246
-260
-251
-292
-347
-357
-354
-414
-511
-546
-496
-450
-471
-514
-520
-498
-495
-510
-513
-475
-424
-393
-396
-404
-382
-335
-285
-245
-200
-151
-123
-106
-70
-6
57
88
110
145
179
190
192
212
243
265
275
280
269
241
219
227
246
247
225
211
211
209
193
183
188
201
208
218
236
253
252
244
244
258
280
299
302
285
263
245
238
234
225
202
162
128
108
89
61
31
7
-27
-77
-131
-162
-174
-188
-221
-272
-326
-367
-391
-404
-418
-440
-465
-495
-518
-520
-493
-467
-464
-484
-485
-458
-421
-391
-368
-334
-298
-275
-259
-230
-191
-155
-121
-82
-41
-14
3
22
52
89
128
168
207
240
268
289
311
336
371
405
432
454
477
500
504
495
491
509
536
551
544
532
518
496
473
457
448
440
415
376
328
277
228
190
161
129
72
-6
-70
-113
-157
-225
-295
-341
-371
-417
-481
-537
-571
-604
-640
-668
-677
-687
-705
-716
-706
-685
-672
-661
-641
-613
-576
-530
-472
-415
-376
-340
-288
-230
-186
-148
-89
-9
52
80
113
171
231
272
314
371
433
472
504
553
607
647
668
693
730
761
782
797
804
792
772
763
758
736
691
643
602
554
485
411
343
281
216
145
71
-13
-107
-194
-261
-314
-365
-426
-494
-565
-622
-664
-695
-720
-744
-761
-781
-803
-815
-809
-795
-788
-777
-755
-723
-697
-676
-640
-581
-519
-464
-401
-331
-265
-208
-141
-47
59
148
210
268
339
417
488
544
594
640
678
697
701
697
694
691
684
668
634
585
536
494
452
411
376
346
300
240
186
154
130
92
44
10
-3
-23
-69
-116
-139
-152
-178
-209
-224
-230
-256
-304
-335
-328
-306
-308
-335
-355
-355
-350
-346
-335
-311
-285
-269
-259
-249
-231
-207
-170
-121
-75
-54
-50
-42
-11
35
76
101
115
130
148
163
170
179
195
213
222
213
204
197
188
183
188
190
171
129
94
91
101
90
57
28
16
5
-17
-37
-37
-32
-43
-67
-84
-84
-81
-84
-86
-78
-74
-81
-92
-94
-85
-77
-70
-63
-59
-63
-70
-68
-58
-47
-42
-35
-25
-17
-11
-6
6
23
38
48
57
67
82
92
96
101
108
115
115
112
114
115
114
105
99
98
96
83
66
58
57
51
37
24
13
-3
-21
-36
-40
-47
-61
-78
-90
-96
-112
-129
-137
-135
-134
-141
-148
-145
-144
-148
-147
-136
-117
-105
-102
-96
-82
-61
-42
-28
-9
15
32
42
50
70
93
111
115
118
128
139
146
144
144
150
150
145
130
124
125
119
104
87
77
68
55
35
21
13
2
-19
-39
-49
-52
-61
-78
-93
-96
-101
-111
-115
-113
-106
-108
-115
-114
-105
-96
-94
-89
-77
-65
-56
-52
-46
-32
-20
-11
-5
4
14
22
28
31
40
51
56
58
59
64
70
72
74
75
78
77
74
73
77
78
76
72
70
67
64
61
60
60
56
50
42
37
34
33
31
27
24
17
7
0
-4
-3
-4
-10
-17
-23
-33
-41
-48
-53
-58
-63
-70
-79
-86
-93
-99
-103
-104
-107
-109
-110
-111
-111
-107
-99
-91
-80
-72
-62
-54
-42
-26
-9
12
28
41
52
62
75
89
102
113
120
124
125
122
124
126
126
122
110
98
87
75
64
53
41
28
14
0
-12
-22
-33
-43
-52
-61
-69
-74
-80
-81
-84
-83
-80
-79
-76
-74
-70
-62
-55
-48
-41
-36
-28
-20
-14
-9
-1
4
8
12
18
24
27
31
34
41
45
45
45
48
50
48
50
51
50
48
43
41
41
37
31
27
23
24
20
15
11
9
6
4
0
-1
-3
-4
-9
-13
-11
-10
-13
-16
-18
-19
-25
-31
-32
-29
-32
-40
-43
-43
-43
-46
-48
-47
-45
-45
-47
-42
-32
-27
-27
-27
-18
-8
-1
2
8
17
24
26
26
33
43
47
46
48
51
54
54
55
58
63
65
63
61
64
68
69
67
66
64
63
56
51
45
38
28
16
8
-2
-16
-34
-46
-53
-65
-84
-100
-109
-112
-121
-134
-142
-141
-137
-133
-137
-135
-129
-119
-109
-100
-89
-74
-58
-42
-29
-15
-5
8
27
43
51
57
64
75
85
87
89
92
95
95
90
84
84
85
84
80
71
64
59
58
56
52
48
43
38
32
28
27
27
25
20
17
11
8
5
4
3
1
-3
-8
-14
-18
-19
-23
-26
-30
-34
-39
-44
-49
-53
-54
-55
-54
-55
-61
-63
-64
-62
-60
-57
-51
-47
-44
-40
-36
-29
-25
-17
-10
-3
4
9
14
19
23
32
38
45
51
54
57
57
61
65
67
70
72
69
66
61
55
54
52
47
41
33
25
17
8
2
-5
-13
-21
-28
-34
-38
-43
-48
-53
-56
-58
-58
-60
-59
-60
-59
-57
-55
-54
-53
-49
-46
-42
-39
-35
-33
-28
-24
-21
-19
-15
-11
-7
-4
-2
1
5
8
8
10
13
