5
5
4
3
1
0
-2
-3
-3
-5
-5
-5
-6
-6
-4
-5
-4
-3
-3
-3
-2
-2
-1
1
2
1
1
2
2
1
1
0
1
-1
0
-1
-2
-2
-3
-3
-2
-3
-2
-1
-3
0
1
-1
2
1
2
2
2
4
4
3
3
3
3
1
3
2
1
2
1
2
1
-1
0
0
-3
-1
0
-2
-2
-2
-1
-1
0
3
0
2
4
5
5
3
3
2
2
3
1
0
0
-1
0
-2
-3
-2
-1
-2
-2
-2
-2
-3
-4
-1
-1
-2
-2
0
0
-1
0
0
2
1
1
2
2
-1
-1
-1
-1
-2
-3
-1
-2
-2
-4
0
0
-2
-2
0
0
-1
0
0
2
2
2
1
2
2
1
0
1
0
0
-1
0
0
-1
0
-1
-3
-3
-1
-1
-2
-3
-1
0
-1
-2
0
-1
-2
-2
-1
0
0
2
1
2
3
3
1
3
3
3
3
4
5
1
1
1
2
1
0
0
1
-1
-2
0
1
1
-1
1
2
-1
0
1
2
-2
-3
-1
-1
-2
-2
4
4
1
2
1
0
-4
-6
-5
-6
-5
-6
-5
-5
-3
-2
-6
-5
-1
0
-1
-1
0
3
3
3
3
4
4
4
3
4
3
1
-1
-1
0
0
-2
-1
1
2
1
1
2
2
1
-1
-1
1
0
1
3
5
7
7
7
6
5
3
2
-1
0
-1
-3
-2
-3
-1
-2
-1
-3
-3
-3
-3
-5
-6
-5
-6
-5
-6
-4
-3
-4
-4
-1
1
0
0
1
3
1
2
2
2
-1
-2
1
1
0
0
2
2
0
0
2
3
0
0
2
3
-1
-1
2
4
3
3
4
5
2
2
1
1
-1
0
-1
-1
-2
-3
-3
-2
-2
-3
-4
-5
-3
-2
-2
-4
-4
-2
-2
-2
-2
1
-1
-1
-1
0
0
-3
-1
-1
0
0
2
1
0
1
0
2
1
1
1
2
2
2
3
3
3
0
1
3
1
0
0
1
2
4
3
3
5
4
5
1
-2
0
2
0
-5
-2
4
0
-6
-2
4
2
-2
7
16
11
9
20
20
8
7
15
10
-3
3
20
10
-12
-7
14
-4
-37
-32
-11
-23
-43
-27
0
5
7
31
36
18
21
35
10
-28
-18
15
7
-19
5
48
42
6
-7
-6
-37
-80
-108
-125
-135
-135
-127
-133
-142
-133
-135
-167
-201
-232
-251
-264
-279
-271
-244
-204
-167
-143
-103
-50
-24
-36
-45
-34
-27
-37
-38
-17
15
47
78
110
135
155
171
175
184
213
253
289
319
373
437
482
510
532
551
554
542
534
513
477
451
437
421
388
345
314
285
240
183
117
67
29
-13
-55
-82
-88
-91
-96
-104
-112
-105
-74
-49
-56
-62
-23
18
36
61
93
81
51
54
28
-76
-162
-172
-236
-397
-478
-450
-529
-738
-778
-615
-588
-716
-681
-500
-497
-623
-603
-602
-907
-1248
-1268
-1222
-1472
-1797
-1935
-2237
-3003
-3665
-3519
-2877
-2581
-2600
-2058
-686
668
1298
1592
2238
3086
3475
3317
3180
3363
3502
3242
2831
2730
2860
2655
1895
1053
650
517
122
-547
-940
-745
-313
-42
197
672
1251
1589
1682
1792
1995
2122
2018
1758
1578
1623
1718
1567
1113
501
-156
-797
-1354
-1979
-2857
-3589
-3613
-3155
-2961
-2984
-2550
-1785
-1384
-1308
-973
-515
-515
-758
-660
-302
-130
-106
5
74
47
80
98
-181
-631
-837
-851
-1002
-1206
-1143
-881
-737
-668
-425
-68
114
57
7
114
284
381
429
563
797
1048
1285
1535
1758
1875
1890
1865
1803
1706
1577
1374
1110
929
896
852
706
613
617
490
176
-36
-44
-111
-343
-493
-446
-380
-408
-485
-633
-897
-1193
-1545
-2301
-3679
-5100
-5604
-5104
-4599
-4673
-4437
-2940
-898
241
479
1048
2203
2880
2594
2261
2669
3309
3346
2913
2825
3291
3540
2848
1538
597
298
-84
-1020
-1867
-1840
-1190
-682
-402
176
1117
1826
1949
1842
1980
2300
2370
2081
1836
2036
2521
2742
2463
2003
1695
1406
760
-256
-1241
-1927
-2474
-3060
-3466
-3400
-3019
-2755
-2741
-2757
-2568
-2158
-1749
-1643
-1748
-1532
-796
-76
173
293
678
1002
848
416
67
-311
-912
-1508
-1791
-1794
-1722
-1632
-1500
-1357
-1229
-1097
-974
-916
-885
-701
-276
248
724
1177
1655
2011
2147
2200
2283
2228
1928
1614
1504
1460
1330
1237
1271
1286
1235
1277
1393
1359
1170
1033
980
879
738
648
616
653
799
985
1114
1244
1383
1349
1094
814
603
312
-76
-401
-662
-933
-1135
-1226
-1393
-1779
-2233
-2655
-3322
-4622
-6389
-7683
-7704
-6878
-6371
-6243
-5188
-2749
-369
644
1022
2055
3363
3696
3098
2852
3451
4027
3833
3324
3395
3916
3824
2566
949
67
-271
-1033
-2287
-2947
-2447
-1531
-954
-450
559
1810
2548
2626
2595
2904
3285
3254
2881
2773
3263
3866
3963
3548
3089
2762
2230
1197
-148
-1303
-2081
-2756
-3460
-3854
-3623
-3101
-2827
-2779
-2493
-1845
-1297
-1216
-1360
-1223
-722
-194
128
274
264
124
57
129
-32
-648
-1316
-1652
-1894
-2325
-2646
-2602
-2506
-2586
-2502
-2017
-1519
-1342
-1276
-1030
-659
-323
-25
222
400
647
1064
1439
1516
1450
1522
1643
1577
1464
1563
1737
1694
1530
1566
1745
1769
1578
1376
1262
1170
1104
1063
999
935
1012
1223
1393
1486
1566
1614
1544
1445
1432
1437
1337
1123
883
713
668
623
383
20
-244
-393
-660
-1073
-1430
-1652
-1852
-2101
-2320
-2495
-2665
-2940
-3618
-4906
-6351
-6931
-6420
-5830
-5879
-5686
-4129
-1848
-365
132
836
2130
3061
3003
2625
2834
3445
3652
3214
2839
3128
3559
3160
1888
826
547
359
-476
-1508
-1745
-1188
-638
-453
-110
798
1808
2258
2213
2350
2886
3281
3146
2827
2894
3325
3626
3484
3052
2695
2455
2016
1157
112
-696
-1272
-1913
-2656
-3095
-3015
-2796
-2833
-2966
-2714
-2090
-1618
-1549
-1595
-1366
-921
-572
-432
-318
-44
163
-63
-630
-981
-939
-1128
-1899
-2655
-2734
-2445
-2502
-2770
-2683
-2217
-1821
-1648
-1403
-1040
-678
-460
-388
-295
-34
407
645
662
867
1416
1879
1880
1851
2084
2301
2179
1964
2010
2087
1965
1732
1656
1733
1732
1569
1291
1106
1092
1112
1037
944
1029
1232
1385
1455
1535
1644
1673
1586
1475
1413
1362
1183
856
530
315
191
25
-169
-356
-562
-805
-1082
-1301
-1547
-1845
-2174
-2487
-2747
-3057
-3530
-4455
-5737
-6684
-6701
-6140
-5915
-5886
-5118
-3420
-1830
-1043
-409
709
1928
2400
2203
2176
2704
3323
3320
2902
2825
3283
3499
2847
1884
1413
1324
830
-138
-799
-736
-408
-387
-458
-86
746
1451
1664
1722
2092
2671
2976
2919
2906
3215
3626
3808
3710
3554
3476
3352
2955
2198
1316
541
-163
-992
-1901
-2546
-2824
-2993
-3263
-3465
-3333
-2973
-2704
-2662
-2637
-2380
-1944
-1600
-1489
-1371
-1029
-706
-796
-1175
-1290
-1082
-1104
-1599
-2053
-2043
-1888
-1991
-2200
-2117
-1758
-1437
-1316
-1280
-1105
-785
-526
-472
-407
-82
352
576
671
1004
1571
1984
2112
2245
2523
2729
2696
2582
2565
2572
2463
2261
2097
2007
1904
1695
1396
1148
1032
955
792
596
530
596
673
718
788
885
937
941
932
924
880
767
582
365
191
50
-122
-352
-579
-756
-936
-1163
-1433
-1711
-2023
-2387
-2751
-3130
-3667
-4413
-5096
-5375
-5279
-5096
-4863
-4346
-3520
-2706
-2113
-1557
-786
104
745
938
931
1155
1693
2169
2304
2307
2526
2857
2945
2800
2760
2886
2824
2391
1889
1692
1718
1601
1217
846
753
849
886
821
823
926
967
893
889
1080
1322
1429
1429
1467
1616
1809
1963
2015
1927
1689
1345
991
679
351
-93
-621
-1068
-1358
-1581
-1795
-1945
-2026
-2152
-2362
-2532
-2554
-2539
-2665
-2902
-3027
-2917
-2713
-2585
-2476
-2249
-1986
-1813
-1615
-1229
-824
-695
-754
-674
-443
-308
-296
-241
-161
-188
-214
-56
187
300
336
466
669
832
1000
1212
1365
1388
1404
1513
1640
1700
1726
1746
1721
1664
1657
1703
1699
1606
1506
1473
1484
1480
1453
1414
1348
1254
1173
1147
1135
1074
966
851
758
685
632
584
488
323
156
50
-30
-171
-371
-560
-743
-1000
-1330
-1668
-2045
-2566
-3120
-3408
-3356
-3269
-3410
-3627
-3662
-3556
-3454
-3251
-2850
-2528
-2572
-2721
-2466
-1816
-1247
-954
-704
-353
-37
205
571
1127
1628
1823
1823
1941
2282
2617
2718
2629
2548
2531
2493
2428
2433
2483
2422
2204
2015
2015
2126
2134
1967
1764
1644
1598
1563
1558
1592
1577
1443
1280
1225
1249
1183
977
731
514
289
37
-178
-344
-563
-881
-1197
-1426
-1627
-1864
-2070
-2184
-2283
-2432
-2569
-2645
-2705
-2766
-2748
-2647
-2573
-2559
-2467
-2238
-1997
-1831
-1666
-1461
-1300
-1212
-1095
-916
-766
-681
-570
-389
-201
-23
190
405
542
623
733
873
972
1032
1116
1229
1339
1444
1551
1638
1701
1753
1787
1779
1746
1741
1767
1766
1728
1692
1684
1671
1645
1622
1599
1536
1427
1328
1274
1233
1158
1045
916
771
575
323
29
-357
-920
-1608
-2153
-2367
-2400
-2553
-2880
-3191
-3385
-3498
-3482
-3240
-2928
-2857
-3047
-3122
-2805
-2269
-1837
-1560
-1287
-968
-675
-371
84
665
1123
1293
1332
1505
1830
2090
2164
2129
2088
2024
1934
1907
1987
2052
1948
1727
1574
1552
1542
1441
1314
1232
1157
1055
1022
1138
1272
1228
1038
929
964
962
809
649
606
563
384
180
130
168
69
-204
-488
-696
-901
-1153
-1384
-1521
-1626
-1790
-1988
-2110
-2105
-2034
-1994
-2019
-2092
-2150
-2121
-1994
-1835
-1713
-1614
-1519
-1426
-1321
-1128
-854
-625
-523
-470
-341
-125
98
266
375
447
502
552
608
684
781
871
929
990
1124
1338
1535
1640
1677
1724
1803
1866
1884
1885
1896
1890
1819
1717
1647
1610
1538
1400
1243
1109
984
842
704
584
462
303
95
-169
-500
-931
-1443
-1918
-2181
-2218
-2242
-2423
-2683
-2847
-2911
-2921
-2813
-2550
-2346
-2403
-2556
-2461
-2077
-1679
-1434
-1257
-1052
-850
-656
-343
141
646
962
1085
1206
1456
1761
1975
2064
2082
2037
1930
1839
1843
1883
1816
1621
1438
1366
1352
1328
1322
1350
1349
1281
1241
1313
1427
1423
1279
1112
1013
927
790
649
584
539
386
128
-75
-146
-219
-435
-723
-921
-1040
-1206
-1416
-1558
-1612
-1677
-1797
-1876
-1866
-1837
-1842
-1842
-1796
-1734
-1682
-1609
-1495
-1388
-1315
-1254
-1173
-1072
-965
-848
-712
-583
-477
-366
-225
-75
39
119
202
318
438
539
635
738
837
905
957
1009
1069
1124
1165
1198
1236
1284
1331
1371
1428
1509
1578
1596
1580
1583
1600
1596
1556
1502
1440
1355
1242
1113
969
803
601
363
106
-172
-527
-1019
-1571
-1976
-2121
-2149
-2282
-2542
-2788
-2960
-3103
-3154
-2959
-2597
-2393
-2469
-2530
-2270
-1787
-1383
-1117
-850
-559
-359
-208
120
669
1178
1409
1443
1534
1759
1969
2055
2067
2064
1990
1813
1647
1631
1703
1691
1555
1411
1337
1284
1223
1194
1211
1194
1099
1000
986
1017
977
856
762
733
673
513
317
159
9
-178
-336
-394
-416
-537
-780
-1040
-1233
-1344
-1379
-1394
-1480
-1648
-1774
-1750
-1631
-1508
-1401
-1314
-1296
-1346
-1360
-1253
-1086
-977
-959
-974
-945
-834
-648
-457
-330
-277
-244
-194
-128
-48
46
141
207
258
335
463
609
722
785
807
826
876
951
1008
1034
1070
1155
1255
1313
1340
1377
1414
1400
1350
1320
1310
1268
1191
1124
1081
1043
1000
943
824
612
311
-69
-543
-1022
-1318
-1401
-1477
-1712
-2008
-2215
-2374
-2555
-2631
-2488
-2310
-2360
-2558
-2566
-2266
-1884
-1610
-1375
-1087
-824
-656
-447
-37
503
937
1163
1313
1530
1774
1933
2003
2058
2091
2000
1787
1616
1594
1614
1530
1378
1289
1253
1148
980
902
951
977
876
753
750
827
840
768
715
694
588
342
106
37
79
46
-114
-297
-439
-592
-771
-880
-877
-888
-1036
-1260
-1413
-1458
-1464
-1459
-1427
-1406
-1447
-1489
-1411
-1227
-1053
-950
-865
-775
-719
-687
-612
-498
-425
-405
-367
-285
-200
-116
-21
44
48
42
93
160
173
153
183
262
332
389
475
571
622
629
647
701
756
800
835
873
919
985
1072
1145
1179
1184
1177
1157
1124
1090
1059
994
849
628
361
31
-383
-791
-1032
-1097
-1164
-1363
-1616
-1802
-1939
-2062
-2066
-1861
-1603
-1532
-1624
-1599
-1323
-963
-715
-567
-412
-262
-176
-79
184
622
1045
1281
1373
1477
1632
1735
1742
1735
1736
1634
1394
1173
1121
1166
1145
1052
979
916
774
576
471
512
558
478
330
239
214
154
19
-99
-145
-203
-363
-564
-665
-659
-666
-726
-753
-714
-715
-807
-903
-925
-934
-1004
-1078
-1079
-1050
-1064
-1066
-967
-803
-695
-644
-561
-444
-362
-324
-249
-132
-45
-20
-11
21
74
142
218
253
221
183
192
223
239
263
317
364
369
368
402
452
469
465
466
457
436
448
527
624
686
724
771
799
785
753
738
715
657
562
465
377
299
225
129
-28
-286
-662
-1107
-1474
-1628
-1600
-1580
-1682
-1846
-1974
-2077
-2147
-2065
-1767
-1451
-1368
-1467
-1448
-1176
-820
-544
-309
-46
154
228
322
632
1109
1532
1792
1966
2123
2224
2243
2268
2370
2465
2406
2190
1960
1822
1729
1613
1487
1396
1291
1077
786
577
544
582
519
337
139
-28
-205
-375
-445
-417
-447
-630
-858
-988
-1011
-1001
-963
-908
-926
-1083
-1275
-1349
-1312
-1288
-1316
-1359
-1420
-1512
-1571
-1508
-1368
-1258
-1202
-1159
-1106
-1043
-923
-727
-532
-414
-346
-256
-142
-43
41
143
248
318
354
397
464
548
639
725
812
893
965
1009
1020
1001
975
962
963
961
950
935
930
936
944
944
942
933
898
843
800
780
754
706
649
586
480
294
37
-303
-767
-1290
-1681
-1814
-1820
-1915
-2125
-2319
-2454
-2599
-2695
-2570
-2255
-2026
-2047
-2130
-2012
-1677
-1293
-947
-601
-271
-42
105
321
728
1254
1722
2030
2227
2378
2479
2518
2566
2674
2754
2655
2392
2140
2002
1916
1806
1706
1636
1522
1302
1044
886
849
828
736
588
430
263
76
-72
-125
-134
-203
-337
-444
-504
-585
-698
-756
-754
-822
-1022
-1241
-1352
-1411
-1512
-1626
-1670
-1688
-1785
-1917
-1967
-1911
-1828
-1756
-1657
-1534
-1438
-1360
-1245
-1085
-943
-834
-736
-650
-583
-503
-366
-191
-45
75
200
322
402
462
560
690
790
839
882
944
1013
1083
1167
1261
1341
1401
1441
1459
1463
1483
1527
1567
1584
1585
1569
1519
1442
1375
1322
1232
1056
793
454
20
-509
-1018
-1352
-1479
-1550
-1716
-1957
-2181
-2371
-2561
-2671
-2574
-2337
-2210
-2289
-2377
-2243
-1915
-1554
-1224
-882
-571
-387
-296
-122
247
719
1125
1408
1632
1823
1940
1981
2047
2186
2297
2243
2046
1856
1738
1638
1543
1531
1600
1603
1432
1173
992
919
874
810
722
589
383
136
-64
-150
-124
-64
-52
-124
-249
-369
-437
-439
-408
-427
-546
-713
-846
-925
-980
-1001
-962
-942
-1037
-1208
-1305
-1284
-1242
-1244
-1245
-1214
-1186
-1193
-1202
-1177
-1133
-1080
-1029
-1007
-1027
-1033
-970
-867
-766
-661
-515
-352
-227
-136
-17
126
248
344
437
528
615
706
816
958
1107
1198
1212
1216
1264
1329
1387
1533
1829
2081
2030
1721
1446
1326
1243
1053
695
214
-279
-668
-890
-1021
-1223
-1539
-1902
-2258
-2584
-2749
-2539
-1960
-1435
-1437
-1856
-2044
-1666
-1099
-763
-475
77
625
671
391
497
1186
1858
2031
1925
1959
2148
2245
2180
2097
2053
1904
1541
1121
927
999
1063
882
508
107
-245
-395
-140
356
547
209
-237
-362
-254
-131
94
461
634
361
-74
-224
-37
228
348
256
40
-154
-297
-493
-720
-777
-676
-741
-1063
-1296
-1250
-1239
-1491
-1718
-1598
-1303
-1182
-1263
-1335
-1318
-1256
-1145
-937
-646
-382
-301
-438
-583
-482
-159
138
249
230
191
178
191
247
370
519
569
453
320
380
590
700
645
638
774
907
934
957
1043
1099
1070
1048
1104
1161
1085
841
528
221
-216
-878
-1400
-1239
-675
-837
-2126
-3316
-3133
-2107
-1685
-2025
-2065
-1571
-1497
-2121
-2242
-987
629
1002
183
-222
604
1624
1717
1408
1841
2735
2851
2145
1887
2560
3092
2653
1956
2000
2513
2456
1616
822
696
933
936
653
429
335
78
-419
-756
-491
218
611
139
-723
-949
-328
231
72
-273
-174
-46
-463
-899
-566
63
-65
-799
-1077
-737
-655
-1142
-1544
-1485
-1379
-1539
-1711
-1690
-1663
-1791
-1927
-1834
-1476
-1096
-1037
-1289
-1390
-1057
-607
-432
-386
-207
-61
-152
-195
152
617
694
455
430
743
972
894
807
946
1075
960
800
851
962
888
733
749
915
1031
1024
946
874
924
1144
1338
1278
1071
1008
1068
940
612
419
337
-156
-1130
-1699
-1230
-637
-1321
-2974
-3774
-2994
-2015
-2139
-2789
-2816
-2401
-2382
-2576
-2078
-927
-211
-505
-1011
-637
512
1291
1108
766
1242
2187
2530
2173
2065
2562
2937
2719
2471
2681
2841
2314
1460
1160
1541
1865
1575
908
436
348
386
314
228
338
490
298
-194
-381
29
464
331
-44
-27
195
9
-388
-258
287
356
-191
-531
-349
-324
-765
-1030
-775
-669
-1186
-1751
-1734
-1469
-1540
-1807
-1819
-1660
-1709
-1930
-1957
-1699
-1427
-1344
-1370
-1315
-1132
-941
-871
-841
-644
-314
-148
-220
-222
14
249
297
362
599
784
728
638
781
1052
1185
1156
1125
1169
1238
1302
1375
1458
1510
1515
1469
1411
1421
1478
1362
980
592
380
23
-655
-1034
-666
-466
-1520
-3013
-3091
-1790
-1127
-1954
-2789
-2413
-1696
-1775
-2079
-1531
-507
-199
-645
-708
92
894
881
507
748
1603
2117
1834
1394
1567
2176
2516
2335
2031
1921
1831
1482
1055
962
1175
1148
619
41
-57
136
90
-217
-293
1
175
-126
-504
-372
178
511
385
201
263
325
195
191
554
853
605
131
67
331
315
-33
-211
-142
-293
-748
-1022
-922
-864
-1106
-1337
-1297
-1240
-1445
-1710
-1693
-1454
-1319
-1377
-1434
-1376
-1292
-1251
-1166
-986
-817
-746
-722
-650
-523
-362
-160
33
135
156
184
266
380
521
677
775
758
713
761
891
988
1038
1082
1119
1126
1157
1239
1222
1003
754
652
443
-147
-698
-548
-82
-521
-1971
-2848
-2088
-900
-1023
-2116
-2456
-1688
-1110
-1347
-1441
-695
120
105
-277
-12
847
1338
1122
968
1528
2298
2372
1807
1556
2082
2733
2756
2282
1937
1905
1823
1454
1037
904
957
752
166
-344
-405
-329
-583
-898
-703
-272
-477
-1272
-1531
-767
49
-7
-481
-536
-309
-332
-372
39
508
363
-125
-190
161
274
37
-40
154
148
-250
-615
-620
-522
-630
-822
-855
-820
-968
-1215
-1235
-987
-794
-885
-1058
-1040
-879
-787
-775
-670
-464
-334
-347
-348
-215
-43
62
158
312
429
400
322
375
528
611
598
617
694
716
677
687
783
871
884
870
864
829
721
562
423
239
-164
-687
-862
-544
-479
-1387
-2635
-2836
-1844
-1112
-1597
-2438
-2428
-1773
-1465
-1588
-1361
-621
-94
-180
-321
94
784
1090
1018
1190
1839
2368
2239
1823
1902
2555
3066
2935
2482
2241
2241
2135
1808
1500
1402
1341
1020
480
81
-45
-178
-404
-380
-73
-133
-855
-1409
-1004
-182
-13
-457
-678
-546
-570
-701
-436
42
51
-373
-513
-210
-68
-316
-449
-199
-26
-318
-755
-864
-715
-661
-741
-767
-749
-870
-1084
-1120
-897
-658
-648
-801
-882
-796
-669
-621
-592
-487
-369
-364
-429
-390
-214
-43
52
141
245
274
233
273
438
585
611
571
560
608
699
772
761
732
803
914
907
799
769
815
756
516
155
-271
-590
-515
-214
-495
-1673
-2724
-2466
-1362
-1036
-1882
-2590
-2215
-1487
-1400
-1584
-1163
-325
20
-242
-245
404
1053
1114
974
1361
2110
2363
1917
1578
2011
2767
2982
2577
2177
2123
2127
1866
1488
1306
1292
1120
641
132
-98
-150
-304
-468
-370
-183
-421
-1081
-1422
-931
-91
161
-420
-1063
-1062
-588
-271
-241
-159
-70
-291
-599
-435
60
136
-237
-337
-45
-61
-576
-837
-512
-257
-500
-796
-752
-701
-913
-1009
-703
-390
-505
-816
-847
-626
-491
-504
-480
-384
-348
-379
-373
-288
-165
-36
72
137
169
197
208
235
343
515
587
483
371
437
599
657
614
632
702
676
582
567
584
459
257
84
-261
-816
-996
-488
-281
-1389
-2878
-2869
-1478
-836
-1780
-2686
-2237
-1347
-1284
-1577
-1132
-194
222
13
1
559
1180
1370
1315
1555
2202
2699
2549
2077
2119
2861
3464
3229
2568
2343
2555
2466
1901
1494
1558
1560
1006
256
-72
-2
-78
-562
-1044
-993
-560
-549
-1292
-1945
-1605
-749
-556
-1054
-1250
-977
-988
-1268
-969
-190
-93
-811
-1098
-488
-44
-372
-604
-175
104
-384
-878
-635
-232
-422
-793
-658
-349
-558
-1033
-1029
-572
-339
-530
-710
-618
-448
-396
-365
-237
-67
8
-42
-75
50
269
375
347
391
560
650
588
580
716
807
757
724
780
779
676
650
748
782
668
600
685
718
516
262
195
95
-433
-1125
-1190
-600
-521
-1712
-3102
-3099
-1941
-1386
-2107
-2865
-2614
-1935
-1752
-1835
-1438
-658
-187
-200
-166
323
990
1322
1301
1471
2141
2773
2685
2153
2145
2911
3568
3402
2835
2648
2794
2658
2151
1808
1850
1824
1324
599
178
148
64
-385
-893
-907
-529
-532
-1244
-1897
-1654
-897
-638
-979
-1182
-1062
-1125
-1314
-972
-246
-108
-693
-982
-532
-134
-287
-401
-94
39
-382
-733
-531
-298
-541
-830
-653
-400
-644
-1104
-1135
-766
-548
-656
-765
-698
-597
-569
-523
-389
-221
-128
-141
-171
-80
130
306
362
415
553
662
625
576
667
812
856
807
761
732
739
816
899
862
745
716
826
900
792
560
389
278
-27
-593
-964
-739
-418
-1000
-2373
-3153
-2549
-1609
-1725
-2590
-2898
-2383
-1951
-2037
-1965
-1300
-577
-395
-493
-189
525
1046
1096
1144
1709
2498
2766
2408
2149
2583
3321
3614
3346
3037
2971
2881
2526
2138
2019
2028
1736
1071
427
141
39
-249
-713
-928
-771
-718
-1198
-1823
-1866
-1333
-968
-1094
-1274
-1223
-1280
-1507
-1346
-659
-229
-533
-908
-711
-347
-351
-393
-61
207
-75
-464
-356
-56
-175
-501
-441
-148
-247
-719
-948
-733
-506
-541
-634
-602
-571
-653
-701
-563
-322
-172
-191
-265
-250
-113
48
169
266
367
436
453
482
559
647
742
868
964
921
818
828
946
991
953
959
1003
933
782
681
617
459
172
-258
-764
-1022
-770
-556
-1272
-2675
-3348
-2650
-1780
-1997
-2794
-2939
-2450
-2228
-2327
-1937
-1016
-437
-564
-644
-46
812
1195
1159
1355
2049
2734
2894
2641
2541
2894
3413
3658
3553
3342
3169
2882
2451
2141
2116
2108
1694
912
249
12
-18
-291
-861
-1268
-1211
-1010
-1239
-1789
-2009
-1750
-1506
-1511
-1412
-1138
-1232
-1706
-1749
-1009
-304
-365
-714
-670
-435
-412
-331
125
442
122
-334
-245
105
24
-328
-321
-70
-137
-495
-615
-441
-434
-642
-665
-413
-290
-514
-753
-683
-420
-245
-231
-241
-231
-235
-197
-37
217
389
395
359
435
600
704
729
816
971
1024
934
908
1053
1126
1002
926
1061
1162
990
727
615
540
346
1
-506
-1022
-1151
-778
-739
-1771
-3106
-3361
-2511
-2010
-2486
-2949
-2727
-2422
-2619
-2650
-1778
-695
-427
-799
-712
187
1066
1347
1358
1688
2379
2933
3081
2975
2978
3249
3541
3638
3615
3621
3509
2985
2272
1942
2143
2268
1738
821
181
2
-124
-480
-857
-1113
-1345
-1599
-1730
-1702
-1785
-2055
-2245
-2104
-1718
-1444
-1458
-1669
-1795
-1569
-1070
-597
-383
-411
-521
-590
-428
17
433
475
195
-3
20
79
112
194
229
20
-297
-376
-230
-196
-366
-488
-450
-408
-457
-510
-546
-614
-637
-511
-337
-291
-344
-334
-257
-186
-33
268
536
553
424
450
676
915
1063
1155
1198
1155
1109
1178
1307
1375
1349
1271
1180
1087
1012
892
678
417
18
-641
-1280
-1313
-803
-804
-1903
-3179
-3441
-2895
-2620
-2786
-2740
-2491
-2679
-3221
-3132
-2077
-967
-616
-749
-610
-32
586
1041
1451
1946
2466
2832
3031
3176
3376
3591
3641
3550
3569
3791
3898
3485
2714
2151
2047
2088
1884
1453
989
461
-179
-775
-1009
-847
-706
-1001
-1763
-2482
-2619
-2232
-1852
-1865
-2093
-2251
-2360
-2387
-2090
-1461
-1049
-1224
-1484
-1242
-696
-410
-350
-135
102
46
-57
238
682
670
293
159
381
505
386
340
388
187
-227
-379
-108
116
-70
-428
-605
-616
-647
-662
-556
-439
-476
-621
-655
-486
-238
-86
-53
-21
110
289
434
559
711
853
923
991
1154
1348
1442
1422
1390
1393
1374
1378
1451
1470
1282
946
698
547
182
-449
-917
-861
-591
-809
-1572
-2269
-2550
-2661
-2845
-2818
-2410
-2092
-2311
-2818
-2962
-2548
-1916
-1342
-877
-517
-268
-79
177
561
1083
1713
2239
2473
2516
2664
2977
3148
3057
3009
3212
3415
3266
2888
2643
2517
2230
1750
1366
1243
1167
882
405
-90
-461
-713
-912
-1061
-1125
-1123
-1221
-1519
-1830
-1918
-1863
-1890
-1949
-1784
-1484
-1439
-1668
-1782
-1638
-1511
-1468
-1219
-761
-537
-675
-742
-498
-261
-237
-124
241
482
342
159
269
445
362
171
179
287
228
42
-43
-19
-63
-198
-277
-252
-207
-211
-260
-313
-337
-321
-290
-268
-241
-176
-92
-29
17
89
197
320
428
509
574
652
754
845
896
931
975
984
923
859
864
901
876
801
758
756
720
635
568
533
454
308
185
145
101
-45
-235
-351
-409
-542
-756
-910
-935
-936
-1010
-1101
-1112
-1069
-1066
-1098
-1089
-1004
-900
-835
-787
-703
-569
-431
-339
-282
-199
-52
106
198
237
316
447
539
549
573
680
773
763
724
780
878
893
843
844
907
928
866
795
774
774
745
693
635
585
532
463
384
322
284
227
114
-6
-67
-84
-138
-262
-393
-466
-503
-587
-725
-830
-863
-885
-953
-1017
-1022
-1019
-1070
-1129
-1095
-987
-902
-877
-849
-783
-712
-662
-611
-535
-443
-344
-256
-181
-125
-83
-36
29
108
178
216
237
271
317
341
339
347
372
385
381
388
419
443
444
448
480
524
556
566
559
545
556
604
640
630
600
593
599
588
562
558
575
573
528
471
446
441
417
359
293
235
172
91
8
-58
-114
-184
-278
-394
-511
-602
-656
-706
-781
-867
-935
-989
-1040
-1061
-1026
-984
-989
-1011
-959
-841
-754
-711
-636
-491
-347
-259
-191
-93
38
166
283
392
478
534
576
628
690
747
791
809
791
755
733
735
731
689
625
583
567
534
469
396
350
312
252
196
175
156
81
-23
-74
-67
-88
-165
-223
-221
-220
-276
-328
-305
-255
-262
-309
-302
-237
-200
-230
-257
-218
-166
-176
-231
-263
-260
-271
-315
-364
-391
-410
-440
-479
-509
-518
-518
-536
-565
-561
-503
-432
-413
-427
-400
-309
-212
-157
-118
-44
47
95
108
159
268
365
387
377
426
511
541
506
505
575
623
598
566
591
625
594
536
524
540
522
476
442
424
374
289
225
210
209
166
76
-9
-42
-44
-66
-106
-119
-109
-128
-184
-210
-168
-109
-90
-113
-132
-125
-105
-92
-94
-94
-71
-49
-71
-134
-179
-171
-160
-191
-236
-253
-265
-320
-398
-432
-414
-405
-443
-491
-502
-494
-497
-512
-513
-483
-442
-426
-427
-409
-357
-295
-255
-224
-173
-102
-36
9
49
102
171
243
295
325
354
407
470
511
522
536
571
593
584
571
582
599
590
560
548
552
535
493
456
438
420
381
342
326
315
274
205
152
133
116
66
-1
-39
-45
-70
-132
-192
-214
-224
-275
-343
-372
-363
-376
-430
-483
-506
-524
-565
-603
-604
-588
-589
-618
-642
-646
-642
-628
-595
-559
-545
-543
-515
-453
-396
-360
-327
-271
-199
-136
-79
-18
44
103
158
220
295
370
426
460
488
526
580
630
658
671
679
683
676
674
674
661
628
587
555
519
478
436
399
353
293
224
167
126
96
72
37
-13
-67
-104
-127
-143
-163
-167
-156
-154
-177
-205
-216
-211
-202
-200
-197
-189
-189
-208
-242
-262
-260
-256
-268
-298
-317
-323
-336
-355
-371
-376
-370
-368
-366
-364
-360
-339
-308
-283
-263
-233
-181
-137
-124
-113
-74
-9
40
70
97
132
155
159
168
204
249
276
273
265
272
279
277
274
280
289
285
266
254
243
230
216
203
187
161
136
123
104
76
44
26
16
-8
-47
-82
-101
-112
-129
-141
-154
-167
-177
-181
-176
-170
-163
-147
-128
-112
-97
-70
-33
-2
15
28
47
66
86
108
125
128
126
120
111
98
87
87
82
66
44
29
19
5
-11
-23
-25
-27
-31
-37
-35
-33
-40
-47
-48
-40
-34
-31
-29
-23
-21
-28
-35
-36
-32
-26
-30
-35
-36
-34
-37
-42
-46
-47
-47
-47
-44
-40
-39
-39
-37
-30
-22
-17
-13
-11
-6
-4
6
17
24
23
24
24
24
28
37
43
42
35
35
41
42
36
33
39
46
40
33
36
45
44
33
31
38
42
36
29
32
36
32
21
16
15
14
8
4
2
-4
-17
-27
-26
-23
-25
-32
-39
-41
-38
-39
-38
-35
-30
-30
-35
-34
-27
-18
-14
-13
-11
-7
-3
-1
5
12
16
18
18
18
21
25
23
20
19
20
20
18
14
13
12
9
3
1
1
3
3
0
1
2
2
5
7
7
4
5
4
4
4
5
2
-2
-8
-10
-9
-9
-14
-23
-28
-30
-28
-25
-27
-29
-32
-30
-28
-25
-19
-14
-11
-10
-8
2
10
15
16
20
24
30
33
34
35
36
40
42
42
40
38
37
35
34
35
36
32
27
25
24
22
20
16
10
8
1
-3
-6
-10
-13
-17
-21
-23
-25
-27
-28
-28
-28
-31
-32
-29
-25
-26
-24
-24
-19
-18
-17
-15
-12
-8
-10
-8
-8
-6
-5
-6
-5
-7
-7
-6
-5
-4
-4
-4
-5
-3
-2
0
3
5
5
6
8
9
11
14
18
19
18
19
20
22
22
21
22
23
20
22
22
23
19
16
15
13
11
8
7
5
1
-3
-4
-6
-6
-8
-10
-12
-14
-15
-16
-16
-16
-17
-20
-20
-21
-20
-19
-18
-17
-13
-13
-11
-10
-7
-4
-2
2
2
4
6
9
12
14
16
18
18
20
21
22
23
22
21
20
19
20
17
13
11
8
8
5
3
2
0
-5
-9
-10
-11
-10
-11
-15
-17
-18
-18
-19
-19
-19
-18
-15
-16
-17
-14
-13
-10
-9
-11
-7
-3
-1
0
1
4
6
5
6
9
13
12
13
10
12
12
12
12
10
11
12
11
8
8
8
7
7
6
6
7
7
6
7
7
8
6
3
2
3
3
