-1
-2
-2
-2
-2
-3
-3
-3
-2
-2
-2
-2
-3
-3
-2
-4
-5
-5
-5
-4
-4
-4
-3
-3
-1
-2
-3
-2
-2
-1
0
-1
1
2
2
2
1
3
3
2
2
1
4
3
3
5
3
4
4
3
2
2
0
0
2
2
2
3
3
3
3
2
2
4
2
2
2
1
2
3
2
3
2
1
3
2
2
2
1
2
1
0
-1
0
-1
0
-3
-2
-3
-3
-3
-4
-4
-5
-4
-5
-6
-5
-3
-4
-4
-3
-3
-2
-2
-3
-3
-3
-2
-2
-2
-1
-2
-2
-1
-1
-1
0
-1
-1
1
-1
1
1
1
2
2
4
3
3
3
4
3
2
3
3
3
2
1
1
1
2
1
2
3
3
3
3
3
1
1
2
0
1
1
1
0
0
0
1
0
1
1
0
0
-1
-1
-2
-1
-2
-3
-3
-2
-4
-3
-1
-2
-3
-4
-3
-3
-3
-3
-2
-2
-4
-3
-3
-3
-4
-4
-3
-2
-1
-1
-1
-1
-1
-1
-2
0
0
1
1
1
1
0
2
2
2
2
3
1
1
1
3
3
4
4
3
4
2
4
4
4
4
4
4
4
2
2
2
2
1
0
0
-1
-1
-2
-1
0
-1
-1
0
-1
0
0
-1
1
0
0
0
0
0
-1
1
0
0
-1
-1
-2
-1
-1
-1
-1
0
0
0
1
1
3
0
0
0
-1
-4
-5
-5
-5
-5
-6
-4
-2
-1
-2
-1
-1
-1
-2
-2
-2
-2
-1
0
1
2
1
2
3
2
0
-1
-1
-1
-1
-2
0
1
2
4
5
5
3
2
3
3
2
1
2
3
4
5
6
6
3
5
3
1
1
-1
-1
-1
0
1
-1
-1
0
0
0
0
0
0
-2
-1
-1
-1
1
-1
-2
-4
-3
-3
-4
-6
-5
-6
-5
-5
-5
-3
-3
-3
-1
-2
-2
-1
-2
0
-1
0
2
3
4
2
3
1
1
0
0
-2
0
0
0
1
0
1
2
2
2
2
2
2
2
2
2
4
4
1
3
0
2
4
3
2
2
3
3
2
2
3
3
1
1
-1
0
-2
-1
0
-1
-2
-3
-2
-2
-2
-3
-2
-1
1
0
-1
-1
0
-1
-1
-1
-2
-3
-4
-4
-5
-4
-4
-3
-3
-2
-2
-2
-2
-3
-1
-1
-1
-1
1
2
3
1
2
3
1
3
3
3
2
3
3
3
2
2
0
0
-1
-1
-1
-4
-4
-3
-3
-1
-2
-2
0
0
2
1
2
2
2
3
2
2
3
2
3
2
2
1
3
2
0
-1
0
-1
0
-2
-7
-7
-7
-8
-9
-8
-7
-6
-10
-10
-7
-2
0
3
8
12
14
12
11
13
15
15
10
1
-4
-12
-15
-11
-3
0
2
14
18
8
-2
3
9
5
4
1
-2
-7
-9
-11
-11
-8
-10
-5
-8
-12
-15
-24
-35
-39
-34
-41
-48
-37
-36
-45
-44
-34
-41
-37
-11
6
13
25
29
23
38
56
57
58
54
48
52
52
33
22
-257
-1084
-1750
-1148
86
93
-803
-419
1163
1575
643
567
1430
1229
32
-263
278
117
-565
-580
-115
43
71
240
230
46
65
175
129
130
255
245
241
542
813
714
604
684
498
62
-16
145
-130
-629
-602
-229
-152
-247
-149
-100
-234
-149
160
157
-180
-339
-260
-264
-249
-49
14
-217
-300
-15
198
72
-112
-186
-267
-267
-62
51
-168
-322
-100
80
-159
-549
-813
-1240
-2042
-2791
-3013
-2804
-2572
-2483
-2274
-1593
-546
251
481
618
1119
1636
1707
1662
1997
2422
2428
2233
2351
2620
2476
1839
1150
697
333
-131
-623
-941
-1049
-1025
-861
-547
-211
42
249
438
573
731
979
1165
1151
1132
1369
1735
1878
1748
1586
1448
1175
728
271
-144
-622
-1144
-1517
-1657
-1718
-1832
-1941
-2052
-2336
-2665
-2518
-1946
-1824
-2269
-2094
-873
70
10
67
865
1326
972
869
1351
1345
598
178
389
393
-31
-300
-349
-564
-837
-844
-747
-819
-955
-951
-752
-391
-22
180
335
661
1018
1186
1306
1490
1487
1237
1101
1185
1173
996
886
840
758
754
806
674
409
259
139
-43
-45
90
-81
-442
-369
72
221
52
31
114
-24
-267
-414
-669
-1262
-2154
-3202
-4029
-4108
-3607
-3442
-3779
-3542
-2209
-867
-481
-408
261
1144
1468
1469
1855
2548
2884
2735
2629
2908
3181
2847
1922
1010
490
125
-407
-1029
-1441
-1500
-1285
-954
-599
-212
197
495
631
787
1137
1529
1673
1618
1736
2207
2694
2771
2482
2189
1982
1617
985
301
-290
-901
-1564
-2032
-2145
-2113
-2227
-2444
-2508
-2320
-2046
-1845
-1676
-1482
-1428
-1568
-1401
-506
421
376
-197
22
935
1126
366
-129
-12
-180
-775
-918
-551
-555
-997
-1056
-588
-282
-382
-541
-588
-585
-454
-175
53
150
273
524
872
1238
1458
1414
1271
1257
1306
1259
1166
1092
944
777
821
1030
1088
907
693
565
525
558
553
376
179
237
487
630
642
686
740
737
769
822
685
372
130
-72
-453
-928
-1256
-1546
-2118
-3093
-4361
-5490
-5798
-5278
-4936
-5235
-5017
-3346
-1346
-494
-267
679
2095
2780
2716
2847
3395
3748
3592
3272
3216
3373
3179
2236
987
220
-84
-639
-1603
-2307
-2313
-1927
-1558
-1201
-667
34
706
1185
1523
1925
2402
2692
2660
2600
2888
3359
3485
3111
2646
2399
2138
1489
521
-401
-1141
-1856
-2569
-3019
-3088
-3059
-3156
-3146
-2757
-2156
-1695
-1431
-1166
-773
-337
-57
5
60
308
548
495
335
359
303
-306
-1205
-1726
-1878
-2167
-2529
-2406
-1884
-1485
-1183
-607
18
179
87
212
441
435
353
506
761
940
1143
1414
1586
1584
1519
1427
1305
1184
1038
868
780
836
920
986
1091
1186
1153
1045
999
960
770
456
293
487
862
998
870
966
1365
1527
1231
955
981
779
195
-276
-465
-808
-1503
-2004
-2259
-2723
-3761
-5264
-6531
-6929
-6343
-5891
-6102
-5759
-3910
-1550
-440
-16
1105
2662
3464
3309
3332
3753
4114
4031
3607
3391
3430
3383
2542
1136
143
-272
-720
-1740
-2644
-2755
-2254
-1654
-1222
-585
344
1292
1882
2121
2485
3015
3341
3218
3044
3276
3682
3802
3488
3038
2660
2239
1542
488
-661
-1624
-2393
-3107
-3659
-3833
-3719
-3583
-3428
-3005
-2337
-1713
-1316
-1037
-719
-315
200
709
977
885
728
723
641
213
-389
-857
-1276
-1695
-1946
-2024
-2239
-2674
-2961
-2957
-2793
-2553
-2168
-1694
-1172
-424
480
1218
1602
1840
2083
2234
2285
2258
2168
1999
1854
1791
1715
1602
1421
1152
860
688
611
471
296
229
308
454
653
870
1023
1140
1302
1441
1478
1532
1690
1743
1546
1334
1324
1339
1096
715
484
420
252
-136
-581
-983
-1419
-1967
-2513
-2979
-3411
-4026
-5193
-6749
-7672
-7098
-5927
-5703
-5950
-4796
-2119
-85
348
707
2106
3591
3881
3470
3499
4059
4373
3911
3218
3036
3241
2824
1374
-52
-544
-579
-1210
-2299
-2760
-2233
-1355
-802
-412
325
1377
2199
2464
2593
3045
3563
3612
3299
3290
3754
4144
3954
3337
2774
2417
1916
921
-390
-1509
-2245
-2869
-3500
-3862
-3762
-3456
-3248
-3050
-2586
-1880
-1299
-1035
-907
-585
-44
469
795
967
1061
960
639
275
-35
-561
-1593
-2756
-3408
-3455
-3398
-3464
-3337
-2832
-2136
-1543
-1138
-919
-826
-713
-537
-292
18
409
827
1257
1799
2345
2648
2590
2352
2115
1892
1669
1381
1064
836
809
906
965
1028
1075
1006
832
768
893
978
953
985
1212
1515
1761
1970
2142
2232
2217
2147
2025
1771
1378
952
582
277
7
-194
-335
-505
-758
-1124
-1527
-1963
-2424
-2948
-3581
-4436
-5739
-7085
-7663
-7110
-6320
-6130
-5805
-4349
-2112
-623
-103
572
1847
2965
3098
2816
2929
3504
3894
3601
3157
3091
3287
2874
1600
414
-42
-168
-875
-1897
-2218
-1628
-895
-688
-504
240
1283
1898
1934
2047
2542
3066
3195
3111
3316
3815
4203
4132
3733
3361
3095
2653
1757
600
-387
-1096
-1745
-2460
-3014
-3183
-3120
-3102
-3150
-2988
-2519
-2052
-1827
-1735
-1458
-945
-433
-98
103
355
659
854
793
525
217
-94
-566
-1458
-2684
-3721
-4159
-4271
-4566
-4817
-4380
-3326
-2416
-1879
-1198
-212
594
952
1191
1521
1801
1972
2122
2231
2244
2254
2261
2093
1804
1673
1700
1556
1203
1023
1152
1276
1197
1118
1231
1402
1461
1453
1505
1594
1576
1456
1377
1410
1443
1365
1229
1163
1199
1265
1286
1261
1205
1097
923
688
424
122
-226
-625
-1092
-1555
-1929
-2196
-2483
-2847
-3272
-3898
-4826
-5778
-6235
-6165
-6022
-5928
-5494
-4498
-3359
-2455
-1642
-621
533
1401
1728
1697
1850
2442
3021
3055
2712
2650
2933
2992
2609
2216
2145
2037
1508
828
531
645
634
257
-123
-100
224
472
568
699
960
1254
1503
1782
2092
2340
2443
2432
2433
2510
2627
2626
2406
2042
1690
1421
1148
784
280
-348
-970
-1407
-1642
-1842
-2111
-2338
-2433
-2466
-2510
-2494
-2363
-2250
-2279
-2373
-2340
-2137
-1940
-1895
-1947
-1924
-1777
-1620
-1545
-1497
-1367
-1179
-1042
-938
-773
-583
-554
-698
-776
-648
-468
-411
-421
-366
-243
-98
80
299
490
614
716
868
1107
1396
1678
1892
2009
2080
2196
2354
2423
2328
2166
2064
2004
1913
1816
1744
1640
1473
1320
1245
1185
1056
869
697
578
508
477
469
455
424
399
408
423
406
361
319
262
142
-34
-206
-372
-571
-812
-1080
-1403
-1874
-2471
-2984
-3147
-3002
-2903
-3122
-3485
-3652
-3587
-3459
-3285
-3032
-2894
-3035
-3169
-2860
-2181
-1621
-1397
-1269
-991
-574
-96
452
1026
1463
1643
1720
1993
2522
2982
3058
2858
2718
2741
2777
2754
2751
2723
2538
2262
2136
2239
2340
2194
1847
1547
1444
1443
1412
1382
1409
1407
1315
1279
1448
1662
1628
1347
1073
920
760
514
253
-3
-347
-778
-1132
-1299
-1406
-1653
-2008
-2270
-2393
-2510
-2675
-2792
-2854
-3003
-3247
-3367
-3210
-2938
-2794
-2748
-2613
-2399
-2220
-2036
-1762
-1509
-1439
-1452
-1316
-1024
-750
-530
-302
-105
18
204
557
923
1115
1192
1314
1488
1643
1772
1891
1959
1935
1883
1906
2011
2109
2124
2074
2029
2032
2087
2145
2132
2016
1881
1834
1854
1836
1766
1710
1672
1599
1515
1472
1419
1277
1060
828
590
340
80
-224
-629
-1156
-1758
-2338
-2745
-2887
-2895
-3029
-3373
-3729
-3912
-3930
-3826
-3609
-3415
-3476
-3727
-3749
-3321
-2722
-2316
-2099
-1830
-1451
-1061
-644
-65
612
1081
1191
1223
1558
2134
2529
2545
2429
2435
2494
2480
2465
2533
2529
2293
1954
1800
1902
2013
1889
1598
1402
1403
1462
1484
1541
1629
1586
1389
1281
1415
1595
1554
1329
1146
1080
1015
880
713
527
244
-145
-491
-679
-806
-1039
-1381
-1698
-1928
-2116
-2284
-2411
-2512
-2643
-2804
-2905
-2882
-2797
-2732
-2673
-2576
-2480
-2412
-2287
-2042
-1784
-1624
-1491
-1266
-991
-759
-532
-254
-27
60
126
291
487
612
719
866
992
1073
1199
1382
1508
1547
1603
1705
1768
1779
1827
1923
1983
1980
1981
2032
2086
2094
2065
2029
1988
1911
1798
1664
1512
1363
1252
1168
1049
888
750
633
469
254
60
-121
-405
-849
-1391
-1912
-2270
-2373
-2324
-2381
-2655
-2973
-3150
-3198
-3163
-3009
-2837
-2909
-3229
-3397
-3098
-2539
-2141
-1998
-1872
-1620
-1313
-962
-454
189
686
849
905
1206
1736
2148
2262
2233
2225
2213
2155
2146
2230
2249
2053
1751
1600
1676
1794
1773
1639
1523
1453
1387
1349
1407
1479
1401
1181
1041
1109
1246
1257
1164
1088
1029
905
739
634
552
334
-52
-444
-707
-876
-1043
-1231
-1421
-1639
-1903
-2141
-2267
-2293
-2298
-2331
-2389
-2461
-2480
-2355
-2110
-1906
-1848
-1834
-1745
-1627
-1544
-1416
-1188
-984
-925
-902
-734
-444
-188
-16
117
230
324
438
597
747
845
904
958
1018
1112
1253
1391
1468
1499
1550
1652
1772
1868
1929
1954
1947
1934
1948
1971
1965
1908
1815
1699
1568
1443
1330
1197
1005
772
561
406
235
-13
-335
-733
-1250
-1808
-2155
-2170
-2084
-2213
-2529
-2779
-2878
-2906
-2836
-2583
-2319
-2349
-2621
-2707
-2382
-1900
-1600
-1487
-1380
-1222
-1065
-850
-451
84
506
672
740
963
1363
1740
1928
1961
1938
1889
1814
1764
1797
1860
1829
1679
1518
1469
1515
1542
1502
1429
1336
1209
1098
1079
1116
1080
952
857
867
889
846
791
774
714
554
388
328
318
182
-117
-411
-553
-606
-736
-953
-1147
-1302
-1519
-1789
-1934
-1890
-1828
-1916
-2065
-2091
-1996
-1915
-1879
-1816
-1735
-1707
-1707
-1611
-1380
-1117
-914
-764
-630
-522
-427
-299
-144
-30
13
47
138
270
413
566
720
831
901
988
1117
1236
1303
1341
1383
1402
1383
1362
1385
1424
1434
1426
1443
1479
1498
1496
1513
1561
1600
1586
1527
1446
1344
1202
1044
923
839
695
417
18
-457
-967
-1440
-1737
-1830
-1893
-2104
-2420
-2659
-2756
-2780
-2738
-2600
-2448
-2457
-2597
-2605
-2317
-1891
-1578
-1406
-1246
-1056
-871
-650
-292
170
553
743
833
989
1248
1510
1675
1714
1663
1567
1454
1371
1364
1410
1426
1355
1242
1177
1184
1207
1217
1211
1186
1134
1073
1042
1046
1054
1035
998
952
878
771
675
645
659
623
491
327
219
145
39
-117
-291
-483
-705
-922
-1067
-1134
-1200
-1308
-1417
-1479
-1497
-1501
-1498
-1498
-1513
-1512
-1469
-1401
-1341
-1293
-1242
-1183
-1125
-1053
-942
-810
-696
-615
-532
-412
-264
-124
-31
13
34
72
132
199
265
341
419
476
519
595
737
892
981
982
960
980
1054
1137
1199
1254
1307
1333
1313
1289
1324
1408
1459
1428
1368
1341
1342
1317
1245
1137
961
661
214
-301
-732
-980
-1104
-1267
-1556
-1897
-2189
-2396
-2514
-2486
-2313
-2142
-2135
-2251
-2261
-2027
-1671
-1391
-1231
-1101
-961
-822
-632
-287
200
638
871
962
1085
1285
1465
1564
1604
1583
1455
1242
1080
1053
1098
1081
978
859
776
705
631
613
683
768
764
689
660
719
778
765
733
728
699
577
415
340
372
415
373
263
148
20
-158
-359
-506
-571
-634
-757
-900
-980
-988
-977
-976
-968
-956
-965
-998
-1020
-991
-917
-828
-778
-786
-823
-831
-781
-698
-629
-574
-518
-471
-448
-423
-351
-249
-177
-151
-128
-82
-40
-9
43
127
206
263
314
373
415
438
486
573
660
709
743
792
854
904
955
1018
1071
1096
1110
1144
1182
1192
1177
1159
1127
1026
827
540
194
-172
-475
-643
-708
-798
-998
-1274
-1533
-1721
-1812
-1785
-1676
-1605
-1653
-1742
-1711
-1499
-1203
-955
-794
-687
-605
-523
-367
-76
323
689
906
1006
1100
1230
1348
1416
1449
1445
1349
1168
1000
941
968
989
948
857
733
585
451
394
408
424
379
292
233
220
214
185
148
101
19
-90
-166
-174
-148
-136
-155
-191
-235
-289
-361
-431
-482
-513
-554
-620
-676
-704
-709
-693
-629
-540
-498
-512
-514
-469
-428
-406
-369
-329
-333
-361
-337
-252
-163
-91
-23
2
-46
-94
-69
-28
-54
-122
-152
-148
-157
-164
-100
24
126
151
145
182
254
302
327
373
447
501
526
570
638
686
700
693
658
594
541
525
518
490
462
442
369
217
13
-224
-498
-746
-871
-887
-927
-1049
-1194
-1309
-1396
-1422
-1320
-1134
-1012
-1033
-1098
-1077
-943
-755
-551
-360
-216
-134
-60
98
381
742
1075
1311
1467
1589
1691
1766
1839
1920
1949
1834
1600
1385
1269
1204
1125
1040
966
845
644
435
328
330
339
266
126
-27
-174
-325
-469
-544
-538
-542
-643
-804
-916
-953
-982
-1002
-952
-881
-912
-1051
-1147
-1125
-1071
-1054
-1025
-979
-993
-1058
-1042
-884
-701
-598
-531
-449
-383
-349
-271
-106
51
104
96
109
154
201
283
421
550
595
583
587
622
665
712
764
777
711
614
576
605
639
644
636
622
578
524
496
510
517
494
457
429
421
430
449
457
442
416
399
386
359
307
206
18
-282
-659
-1028
-1298
-1432
-1487
-1567
-1716
-1904
-2083
-2230
-2290
-2195
-1993
-1841
-1829
-1836
-1686
-1371
-1026
-718
-402
-94
114
219
374
693
1102
1448
1677
1842
1984
2094
2161
2222
2311
2378
2327
2137
1902
1738
1646
1571
1497
1435
1347
1185
984
859
850
886
867
763
605
418
208
-16
-197
-293
-357
-488
-683
-840
-920
-992
-1094
-1181
-1252
-1405
-1644
-1786
-1679
-1434
-1289
-1294
-1343
-1397
-1525
-1680
-1691
-1529
-1349
-1228
-1086
-899
-740
-603
-438
-311
-330
-401
-331
-132
30
141
302
464
465
316
219
278
411
533
653
797
917
964
945
936
997
1122
1258
1363
1431
1489
1548
1567
1492
1361
1283
1304
1344
1320
1286
1283
1219
981
615
208
-299
-970
-1610
-1892
-1805
-1747
-2057
-2651
-3198
-3500
-3567
-3405
-2951
-2282
-1757
-1735
-2133
-2380
-1985
-1100
-292
161
440
665
681
523
658
1361
2173
2426
2144
1957
2190
2504
2525
2367
2288
2216
1938
1587
1462
1505
1365
933
505
367
498
694
756
600
301
91
126
345
566
666
621
453
227
54
19
91
142
50
-161
-349
-445
-531
-688
-872
-980
-997
-1018
-1136
-1334
-1529
-1681
-1806
-1871
-1806
-1658
-1615
-1761
-1919
-1879
-1651
-1379
-1149
-975
-883
-863
-807
-625
-359
-123
11
46
22
20
102
244
357
410
455
524
581
610
652
731
813
868
926
1008
1067
1078
1095
1162
1262
1346
1403
1432
1427
1407
1415
1456
1472
1429
1381
1373
1362
1285
1151
967
609
-24
-714
-1023
-850
-707
-1170
-2163
-3003
-3198
-2896
-2553
-2393
-2402
-2570
-2860
-2990
-2598
-1727
-907
-620
-735
-719
-289
307
695
867
1097
1474
1777
1865
1899
2037
2152
2072
1962
2072
2270
2118
1512
869
636
780
944
848
510
106
-205
-345
-304
-114
84
72
-182
-349
-134
239
246
-112
-255
121
536
459
34
-253
-274
-180
18
326
427
40
-568
-789
-461
-45
-10
-343
-741
-1013
-1112
-1023
-821
-726
-888
-1155
-1237
-1077
-891
-866
-927
-899
-734
-553
-484
-521
-557
-529
-444
-304
-126
-20
-112
-296
-289
-5
308
391
292
206
236
370
570
745
777
674
576
594
701
815
872
847
806
867
1034
1141
1075
966
980
1083
1100
941
592
60
-514
-777
-537
-221
-568
-1670
-2646
-2640
-1895
-1413
-1637
-2059
-2164
-2050
-1932
-1634
-1016
-445
-331
-447
-230
387
886
922
805
1046
1662
2132
2094
1799
1734
2000
2305
2434
2424
2294
1942
1420
1054
1048
1186
1070
598
79
-154
-124
-123
-296
-459
-417
-330
-448
-615
-522
-349
-543
-910
-750
-115
50
-619
-1216
-985
-414
-260
-373
-313
-298
-642
-900
-548
-6
-60
-613
-890
-682
-516
-683
-855
-783
-701
-805
-879
-740
-586
-630
-686
-475
-123
22
-108
-236
-162
25
159
194
163
107
68
93
210
362
425
358
299
376
507
540
545
644
731
660
573
657
751
632
471
563
756
701
498
504
671
667
526
577
749
630
186
-208
-451
-783
-1076
-952
-745
-1331
-2596
-3173
-2413
-1515
-1730
-2505
-2574
-1995
-1725
-1833
-1544
-759
-238
-270
-254
242
838
1029
959
1162
1774
2335
2395
2093
1994
2373
2880
3040
2828
2577
2450
2282
1952
1647
1559
1529
1229
699
324
280
295
77
-226
-282
-119
-136
-506
-833
-710
-398
-462
-832
-877
-540
-517
-1045
-1372
-999
-561
-733
-1121
-1069
-850
-1011
-1254
-1009
-615
-794
-1334
-1433
-1078
-990
-1303
-1393
-1088
-944
-1176
-1264
-922
-592
-605
-631
-360
-74
-99
-196
-18
300
442
415
413
461
495
555
681
801
836
820
826
884
971
1033
1051
1073
1113
1093
1003
961
1001
975
845
805
921
949
782
672
779
842
672
531
615
647
325
-149
-499
-823
-1176
-1225
-1000
-1318
-2537
-3545
-3167
-2091
-1984
-2937
-3453
-2899
-2288
-2358
-2434
-1830
-1033
-764
-791
-471
173
601
674
855
1462
2148
2359
2101
1961
2343
2974
3280
3081
2747
2673
2748
2581
2143
1857
1915
1917
1491
895
629
670
593
290
137
315
385
-33
-512
-393
57
-3
-528
-611
-164
-182
-921
-1287
-733
-265
-654
-1157
-1012
-797
-1117
-1359
-924
-518
-927
-1549
-1473
-1032
-1094
-1503
-1510
-1186
-1217
-1601
-1693
-1362
-1138
-1197
-1126
-806
-644
-774
-794
-492
-178
-109
-124
-44
44
74
169
395
605
664
663
761
946
1070
1089
1128
1281
1433
1427
1329
1321
1391
1387
1320
1337
1391
1305
1114
1047
1120
1091
903
803
859
779
404
-16
-321
-683
-1040
-991
-728
-1217
-2621
-3523
-2857
-1740
-1922
-3072
-3427
-2642
-2084
-2378
-2529
-1837
-1037
-910
-1048
-725
-109
190
205
474
1131
1686
1750
1512
1484
1947
2625
2959
2735
2388
2435
2706
2601
2100
1845
2078
2173
1637
931
735
908
837
459
285
479
528
42
-524
-423
182
324
-293
-743
-419
-100
-563
-1102
-747
-92
-291
-975
-984
-506
-595
-1052
-847
-219
-352
-1164
-1397
-861
-670
-1176
-1473
-1156
-1010
-1460
-1786
-1466
-1075
-1182
-1369
-1124
-801
-890
-1074
-833
-391
-273
-408
-392
-228
-171
-146
64
323
375
319
419
651
785
797
883
1095
1262
1248
1158
1199
1340
1387
1298
1274
1402
1428
1230
1079
1207
1390
1260
976
907
947
679
-3
-580
-588
-250
-281
-1194
-2455
-2965
-2401
-1702
-1965
-2824
-3149
-2685
-2215
-2303
-2394
-1924
-1183
-826
-948
-865
-308
252
398
440
1009
1771
1907
1444
1282
1948
2703
2780
2394
2201
2394
2450
2124
1734
1650
1810
1723
1250
711
474
543
549
358
181
239
340
48
-453
-508
-2
291
-119
-591
-499
-273
-523
-862
-618
-202
-357
-814
-817
-512
-580
-841
-658
-265
-390
-919
-1040
-686
-575
-873
-1018
-813
-779
-1113
-1294
-1048
-793
-877
-1001
-863
-685
-727
-809
-672
-428
-316
-319
-302
-261
-222
-121
60
225
278
280
342
485
649
747
806
912
1043
1088
1008
981
1120
1259
1223
1111
1132
1212
1137
957
898
989
1002
821
582
411
196
-251
-790
-939
-589
-474
-1337
-2650
-3062
-2293
-1620
-2048
-2907
-3030
-2449
-2091
-2243
-2252
-1700
-1000
-715
-736
-540
-11
455
616
794
1341
1971
2120
1795
1680
2199
2881
3021
2645
2395
2561
2697
2405
1957
1850
2017
1919
1373
794
583
608
503
212
22
75
91
-240
-704
-748
-303
-11
-301
-724
-725
-545
-690
-917
-701
-341
-510
-1007
-1053
-675
-592
-855
-828
-493
-522
-976
-1122
-779
-627
-938
-1127
-900
-811
-1177
-1436
-1163
-820
-913
-1143
-1018
-747
-750
-870
-712
-387
-275
-341
-283
-97
-13
0
157
422
556
521
537
714
902
963
997
1129
1285
1311
1221
1200
1318
1426
1406
1332
1349
1370
1274
1123
1076
1131
1078
877
648
459
117
-475
-879
-691
-321
-755
-2087
-3061
-2783
-1949
-1897
-2667
-3147
-2899
-2524
-2525
-2532
-2143
-1600
-1240
-1073
-858
-502
-112
224
480
865
1460
1935
1922
1603
1710
2413
2993
2901
2496
2471
2707
2597
2128
1859
2034
2140
1749
1148
813
760
642
388
219
224
230
22
-347
-605
-561
-334
-209
-281
-467
-708
-959
-1002
-723
-418
-467
-796
-976
-906
-831
-803
-660
-468
-531
-797
-869
-683
-599
-766
-850
-690
-612
-855
-1129
-1090
-883
-821
-893
-905
-873
-922
-957
-828
-619
-521
-533
-510
-437
-388
-327
-167
35
156
206
294
433
545
643
815
1045
1205
1242
1237
1300
1416
1508
1558
1596
1622
1588
1491
1427
1428
1395
1273
1130
1062
986
738
341
-123
-539
-736
-606
-462
-1000
-2198
-3030
-2742
-1971
-1977
-2734
-3185
-2933
-2591
-2642
-2615
-2153
-1615
-1369
-1268
-938
-468
-138
90
411
958
1548
1869
1809
1620
1802
2411
2932
2930
2621
2515
2597
2489
2158
1970
2072
2065
1654
1087
763
687
528
222
48
127
195
-69
-521
-741
-594
-353
-324
-448
-525
-566
-722
-946
-916
-570
-316
-469
-799
-857
-689
-622
-625
-479
-291
-404
-710
-769
-579
-513
-652
-678
-557
-641
-948
-1093
-926
-772
-840
-899
-816
-779
-906
-972
-798
-569
-491
-515
-499
-474
-486
-412
-207
-7
60
73
183
339
463
593
784
1007
1127
1160
1206
1299
1418
1496
1541
1580
1597
1588
1510
1431
1411
1383
1290
1158
1102
1022
736
303
-147
-508
-727
-657
-489
-927
-2084
-3052
-2904
-2127
-2000
-2613
-3048
-2874
-2652
-2767
-2642
-2005
-1372
-1211
-1258
-908
-295
114
257
450
998
1665
2048
2002
1758
1825
2308
2840
3024
2862
2707
2606
2386
2104
2035
2220
2223
1754
1108
759
726
606
240
-77
-88
-12
-220
-659
-933
-855
-712
-784
-938
-931
-812
-874
-1117
-1216
-1028
-789
-749
-797
-771
-772
-886
-899
-601
-235
-198
-439
-567
-476
-406
-419
-337
-185
-265
-606
-804
-664
-484
-561
-729
-691
-564
-611
-771
-754
-544
-407
-422
-421
-319
-254
-299
-296
-131
82
196
235
294
376
456
592
811
996
1040
1031
1114
1256
1321
1321
1384
1493
1500
1374
1282
1318
1341
1209
1027
985
1025
917
623
343
123
-280
-861
-1122
-799
-532
-1165
-2418
-3137
-2853
-2332
-2350
-2676
-2809
-2845
-3048
-3129
-2651
-1861
-1373
-1314
-1282
-956
-418
112
499
748
1057
1590
2153
2362
2217
2191
2528
2915
3054
3105
3243
3192
2703
2154
2112
2475
2583
2140
1509
1082
830
576
344
238
174
-42
-425
-773
-902
-868
-871
-990
-1129
-1176
-1141
-1122
-1170
-1283
-1412
-1459
-1332
-1078
-897
-944
-1129
-1218
-1089
-816
-543
-374
-371
-512
-655
-623
-396
-151
-85
-227
-429
-527
-476
-375
-314
-302
-315
-362
-438
-459
-376
-264
-231
-264
-254
-179
-122
-118
-125
-85
3
113
224
314
378
428
502
626
791
968
1104
1161
1153
1148
1204
1304
1381
1384
1324
1247
1174
1107
1056
1023
978
877
730
567
374
140
-169
-595
-1033
-1216
-1051
-953
-1396
-2217
-2805
-2882
-2755
-2678
-2533
-2335
-2389
-2767
-3020
-2714
-1991
-1300
-897
-743
-649
-448
-73
407
875
1331
1774
2087
2200
2263
2495
2825
2998
3015
3117
3355
3441
3185
2792
2546
2453
2337
2133
1926
1739
1437
939
384
12
-98
-110
-235
-500
-805
-1109
-1409
-1616
-1628
-1539
-1535
-1662
-1805
-1907
-1992
-2017
-1922
-1782
-1701
-1648
-1529
-1396
-1352
-1328
-1187
-946
-722
-535
-358
-246
-252
-271
-183
-26
104
202
286
283
166
71
126
258
330
349
379
373
273
166
168
246
284
271
267
261
208
150
158
220
282
328
375
418
453
496
538
570
614
687
748
735
674
641
647
628
563
495
445
404
345
259
156
70
22
-10
-65
-139
-202
-246
-298
-378
-485
-614
-727
-775
-769
-782
-866
-972
-1037
-1087
-1177
-1253
-1214
-1087
-996
-972
-918
-798
-696
-643
-546
-339
-95
82
188
292
434
590
740
889
1035
1156
1245
1313
1383
1456
1530
1586
1591
1538
1467
1415
1373
1298
1195
1097
1012
894
728
555
434
346
235
98
-23
-113
-212
-340
-457
-513
-556
-643
-747
-805
-828
-882
-970
-1035
-1061
-1096
-1165
-1219
-1220
-1196
-1190
-1202
-1200
-1169
-1113
-1048
-965
-868
-770
-679
-582
-480
-370
-252
-136
-43
22
90
179
266
324
370
430
482
495
496
532
594
617
582
542
554
587
572
521
506
535
539
483
425
424
455
465
447
425
404
363
314
297
313
296
212
127
113
130
74
-47
-124
-108
-68
-86
-151
-204
-211
-193
-182
-192
-197
-168
-134
-143
-182
-191
-160
-144
-169
-182
-159
-144
-176
-215
-221
-205
-198
-204
-200
-184
-183
-214
-252
-253
-214
-180
-189
-218
-220
-199
-182
-166
-140
-102
-70
-51
-29
4
45
85
126
169
211
235
238
242
262
298
334
354
348
316
287
284
294
293
277
263
244
209
174
171
184
176
149
134
141
140
123
113
116
123
129
132
127
108
88
79
80
77
63
33
-14
-50
-64
-69
-88
-124
-157
-176
-189
-207
-217
-212
-210
-241
-295
-328
-324
-319
-344
-385
-409
-412
-415
-435
-452
-452
-434
-417
-410
-403
-377
-346
-330
-324
-307
-278
-259
-249
-225
-179
-133
-113
-100
-63
0
57
89
114
159
225
277
303
323
360
405
439
447
453
470
494
516
533
548
556
548
542
559
584
595
582
559
535
506
476
451
420
378
330
284
243
199
152
101
52
7
-33
-68
-119
-191
-262
-319
-365
-416
-481
-544
-582
-606
-640
-694
-731
-728
-699
-680
-673
-660
-643
-637
-624
-575
-499
-443
-421
-408
-370
-311
-248
-177
-97
-37
-5
31
92
165
223
268
316
365
401
431
461
490
517
548
586
618
631
634
633
623
618
637
663
649
584
525
499
475
426
371
334
297
220
117
36
-12
-59
-119
-173
-225
-289
-363
-421
-446
-466
-498
-536
-564
-578
-594
-613
-620
-607
-581
-564
-558
-551
-529
-497
-464
-425
-380
-337
-311
-299
-271
-224
-173
-137
-105
-61
-18
21
55
94
147
207
272
324
356
379
407
445
483
514
543
562
563
544
526
518
505
484
462
446
421
365
297
245
215
193
152
98
44
-10
-59
-99
-129
-155
-191
-234
-268
-289
-297
-298
-305
-326
-347
-347
-326
-306
-298
-291
-274
-254
-239
-221
-191
-153
-126
-107
-89
-65
-40
-18
-4
8
27
51
71
83
85
87
95
104
110
116
127
130
121
118
124
137
134
113
90
84
94
99
90
67
51
48
44
26
10
11
25
25
7
-5
1
11
1
-16
-13
6
16
-4
-31
-38
-25
-23
-40
-58
-62
-60
-70
-90
-107
-111
-111
-115
-122
-122
-119
-123
-137
-142
-128
-105
-91
-87
-85
-78
-65
-49
-31
-11
4
10
22
41
62
77
85
89
97
111
127
142
152
155
147
139
140
154
163
158
142
127
113
100
83
67
60
48
25
-4
-31
-52
-65
-78
-93
-111
-130
-146
-159
-167
-165
-162
-155
-149
-145
-137
-123
-108
-89
-69
-44
-19
6
26
42
59
81
109
134
145
145
143
146
159
168
173
168
151
131
111
101
104
103
85
52
25
13
9
-2
-21
-36
-43
-47
-58
-74
-87
-93
-96
-98
-99
-98
-102
-110
-120
-125
-120
-111
-102
-100
-104
-108
-105
-95
-83
-72
-63
-57
-52
-46
-35
-24
-15
-9
0
10
18
25
28
35
40
46
50
54
60
66
66
64
64
67
74
76
72
68
67
65
66
67
67
63
57
55
53
53
51
48
41
37
35
31
26
21
20
16
10
3
0
-2
-5
-11
-16
-17
-19
-24
-29
-35
-39
-40
-42
-42
-48
-54
-60
-62
-60
-56
-60
-65
-65
-61
-52
-50
-50
-45
-31
-19
-14
-11
-4
9
20
26
31
39
47
50
52
57
60
58
57
58
59
58
46
33
34
39
39
25
10
2
3
0
-8
-15
-18
-20
-26
-34
-36
-33
-31
-36
-42
-41
-38
-36
-39
-39
-35
-31
-29
-28
-26
-21
-15
-13
-16
-13
-8
-3
-2
-1
1
4
5
3
5
10
13
10
7
8
13
14
12
12
11
11
10
12
15
14
13
8
10
16
17
14
10
9
13
13
12
12
12
13
11
8
9
11
10
5
3
4
5
3
0
-2
-2
-1
-2
-2
-1
0
0
-1
-3
-1
2
-2
-5
-5
-4
-3
-4
-6
-7
-7
-9
-8
-11
-8
-7
-8
-12
-11
-9
-8
-8
-9
-5
-2
0
2
4
7
11
12
12
15
15
16
17
17
18
15
15
12
12
10
7
3
-2
-4
-6
-7
-11
-15
-20
-22
-22
-24
-25
-28
-29
-29
-28
-25
-24
-21
-19
-18
-18
-15
-12
-11
-7
-5
-3
0
2
3
8
9
12
12
12
14
13
15
16
16
18
18
19
18
19
18
16
16
15
14
14
14
12
12
11
10
9
9
9
6
4
4
1
1
0
0
-1
-3
-5
-6
-6
-6
-5
-6
-7
-8
-7
-6
-6
-6
-6
-5
-6
-6
-6
-5
-5
-3
-4
-4
-4
-5
-5
-5
-6
-6
-7
-8
-10
-8
-6
-6
-4
-4
-5
-3
-2
1
2
2
4
3
5
8
11
13
13
13
14
14
15
16
15
16
14
14
15
14
13
12
10
10
8
5
3
1
-1
-1
-2
-7
-8
-10
-12
-15
-16
-16
-17
-17
-17
-20
-19
-20
-22
-19
-20
-18
-16
-16
-14
-11
-9
-6
-5
-4
-2
-2
0
2
3
4
4
6
3
3
4
5
5
5
4
4
3
4
3
4
3
3
3
2
2
4
2
3
5
8
9
10
11
14
15
15
17
17
19
18
19
18
17
18
16
15
14
13
9
7
5
5
0
-1
-4
-6
-6
-10
-10
-10
-9
-9
-11
-12
-10
-10
-11
-12
-10
-10
-8
-10
-9
-8
-9
-9
-9
-10
-12
-12
-10
