1
3
2
1
1
1
1
0
1
0
-1
-2
-3
-4
-2
-1
-1
1
0
1
2
4
2
3
5
2
4
4
3
5
3
2
2
1
1
-1
-4
-3
-6
-5
-6
-7
-7
-6
-6
-5
-3
-3
-2
-2
-3
-2
-1
-2
-1
-3
0
1
1
1
4
4
3
2
2
3
3
4
2
4
3
1
1
1
-1
-1
0
-1
0
0
1
1
3
2
0
2
0
1
1
2
2
4
5
4
3
3
2
1
0
0
1
-1
-3
-4
-7
-7
-8
-6
-6
-7
-5
-6
-4
-5
-6
-4
-3
-1
-1
0
-1
2
0
0
1
1
1
1
1
1
3
3
0
0
1
1
1
0
0
0
1
-1
0
0
1
1
0
0
1
2
1
2
3
3
5
6
6
7
8
5
6
6
6
4
4
5
3
3
2
0
-2
-3
-4
-5
-5
-6
-5
-5
-4
-3
-5
-5
-4
-2
-1
-4
-4
-1
-2
-2
-2
-3
-2
-3
-3
-3
-5
-4
-4
-3
-3
-3
-2
-1
-2
-1
1
-1
1
-1
1
2
1
2
0
1
0
1
1
1
0
1
3
3
2
3
2
2
3
3
4
4
4
3
2
3
4
5
4
3
2
3
3
3
2
3
2
2
2
2
1
0
-1
-1
-1
-2
-1
-2
-3
-4
-1
-1
-2
-1
-2
-1
-2
-1
-1
-2
-1
-2
-3
-2
-1
1
0
-2
-1
-2
-2
-3
-5
-5
-4
-5
-4
-4
-4
-3
-4
-3
-1
-2
0
0
1
3
1
3
4
3
2
1
3
2
2
2
0
1
0
1
1
1
1
2
2
3
2
2
2
1
3
3
3
2
3
3
4
4
3
1
1
1
1
2
2
1
1
1
2
1
0
0
-1
-3
-3
-2
-3
-4
-7
-10
-9
-9
-8
-12
-14
-14
-15
-14
-16
-17
-17
-18
-21
-24
-30
-31
-29
-24
-19
-20
-19
-12
-9
-9
-9
-7
-14
-18
-16
-12
-5
-12
-81
-196
-210
-84
-1
-126
-229
-77
123
48
-154
-109
60
34
-87
36
299
350
249
324
542
579
404
254
268
315
244
135
86
29
-191
-516
-629
-466
-347
-472
-462
-37
457
613
607
756
925
923
846
875
894
790
693
734
786
699
501
273
54
-110
-196
-270
-397
-514
-539
-505
-489
-513
-542
-595
-711
-854
-938
-945
-943
-961
-967
-977
-1042
-1152
-1247
-1343
-1518
-1715
-1786
-1699
-1576
-1468
-1296
-1027
-716
-427
-149
108
325
535
772
1013
1216
1394
1540
1604
1606
1622
1633
1517
1278
1090
1019
931
749
586
539
532
495
477
521
571
577
578
623
702
790
869
921
964
1025
1078
1083
1021
920
796
642
423
71
-436
-1037
-1524
-1702
-1644
-1725
-2096
-2292
-1911
-1381
-1326
-1487
-1190
-578
-295
-286
-24
413
529
416
554
849
830
476
186
123
85
-78
-310
-501
-584
-586
-576
-573
-547
-497
-455
-402
-267
-68
69
103
181
430
712
834
857
974
1134
1134
1014
980
1007
867
573
370
313
191
-75
-329
-491
-650
-851
-1022
-1168
-1413
-1811
-2251
-2590
-2759
-2783
-2709
-2555
-2247
-1712
-1031
-424
-10
356
825
1283
1545
1661
1810
2009
2134
2155
2139
2100
1938
1602
1178
816
565
300
-45
-323
-369
-238
-118
-47
71
267
467
618
757
925
1103
1238
1358
1536
1758
1895
1876
1767
1629
1454
1195
829
388
-63
-471
-851
-1212
-1520
-1752
-1930
-2092
-2208
-2229
-2219
-2419
-2882
-3078
-2526
-1759
-1667
-1914
-1409
-353
-5
-380
-226
571
821
373
380
1031
1184
569
248
636
835
331
-209
-242
-139
-305
-494
-419
-274
-249
-188
68
395
636
822
1002
1169
1343
1544
1695
1704
1627
1583
1612
1621
1508
1306
1113
960
781
562
362
164
-106
-421
-643
-743
-837
-1012
-1222
-1373
-1418
-1438
-1678
-2387
-3353
-3881
-3665
-3330
-3499
-3654
-2893
-1536
-757
-724
-430
493
1167
1076
932
1419
2074
2184
1981
2116
2549
2644
2158
1479
1031
819
559
98
-373
-493
-215
75
111
141
463
846
875
692
789
1210
1463
1352
1302
1666
2185
2362
2168
1969
1932
1835
1439
848
328
-46
-458
-988
-1430
-1619
-1690
-1909
-2226
-2359
-2237
-2074
-2076
-2131
-2003
-1707
-1564
-1646
-1521
-968
-499
-644
-975
-799
-327
-304
-696
-729
-238
155
102
32
271
465
283
0
23
141
-59
-407
-403
-28
224
173
140
343
624
756
831
985
1207
1394
1519
1680
1884
2078
2117
2009
1889
1817
1744
1525
1240
997
811
638
388
179
14
-150
-326
-482
-512
-602
-778
-981
-1140
-1197
-1233
-1359
-2255
-3929
-5101
-4779
-3911
-4374
-5370
-4669
-2343
-917
-1461
-1645
-181
1322
1210
458
1041
2349
2833
2380
2305
3193
3784
3305
2135
1370
1337
1199
528
-462
-822
-374
71
29
-262
30
640
805
471
289
813
1361
1391
1205
1520
2484
3181
3113
2608
2467
2725
2577
1754
759
282
72
-457
-1212
-1654
-1571
-1612
-2112
-2659
-2693
-2311
-2222
-2552
-2772
-2347
-1554
-1096
-1007
-815
-391
-273
-578
-633
-250
-155
-745
-1280
-1165
-959
-1235
-1616
-1576
-1231
-972
-776
-550
-416
-386
-366
-203
37
202
244
234
471
953
1394
1541
1457
1521
1704
1820
1778
1725
1830
1907
1968
2095
2279
2332
2094
1812
1607
1480
1342
1097
786
470
358
411
358
152
-3
18
19
-136
-216
-149
-189
-548
-1150
-1889
-3034
-4561
-5801
-6164
-5921
-5921
-6002
-5291
-3722
-2344
-1934
-1648
-699
464
953
820
1146
2081
2954
3263
3306
3685
3992
3727
2846
1930
1454
1000
330
-465
-831
-589
-293
-202
-278
-117
217
351
304
280
608
1106
1522
1914
2425
3153
3750
3988
3897
3663
3446
3049
2388
1550
777
198
-340
-871
-1389
-1807
-2136
-2506
-2878
-3166
-3221
-3152
-3164
-3173
-2948
-2344
-1670
-1186
-941
-956
-940
-628
-69
35
-472
-706
-420
-322
-942
-1378
-1019
-769
-1063
-1281
-783
-400
-801
-1162
-935
-451
-493
-702
-476
-63
353
653
1088
1414
1500
1677
1878
2076
2091
2170
2354
2369
2389
2491
2701
2624
2261
2006
1881
1731
1363
1038
837
614
388
258
257
134
-56
-103
-21
29
-41
-101
-241
-614
-1181
-1718
-2183
-2960
-4334
-5817
-6423
-5994
-5568
-5809
-5781
-4513
-2740
-1929
-1964
-1367
43
1063
1062
1048
1941
3049
3523
3421
3552
4024
4143
3603
2614
1870
1531
1226
661
-85
-347
-99
188
116
-133
2
339
512
366
324
801
1465
1927
2094
2461
3223
3832
3835
3352
3040
2982
2705
1984
1095
475
46
-469
-1145
-1788
-2191
-2498
-2938
-3479
-3796
-3713
-3472
-3411
-3465
-3253
-2595
-1938
-1884
-2135
-1825
-784
-101
-469
-939
-564
184
121
-477
-457
121
354
-121
-400
-138
1
-298
-728
-686
-498
-553
-731
-750
-350
83
351
463
653
1122
1517
1715
1797
2064
2423
2484
2428
2545
2871
2952
2677
2489
2506
2486
2113
1646
1390
1192
877
455
216
140
2
-211
-370
-356
-365
-555
-851
-1116
-1378
-1754
-2212
-2640
-3255
-4337
-5500
-5979
-5569
-5178
-5297
-5136
-4020
-2507
-1836
-1714
-1081
128
1010
968
933
1548
2507
3066
3017
3121
3515
3844
3543
2782
2324
2164
1961
1328
653
431
500
574
362
132
123
273
416
330
270
482
946
1372
1544
1775
2278
2845
3041
2813
2603
2601
2563
2160
1469
883
528
178
-442
-1202
-1739
-2020
-2361
-2944
-3435
-3518
-3399
-3437
-3596
-3534
-3230
-2968
-2828
-2592
-2148
-1739
-1505
-1309
-937
-449
-87
147
383
736
1051
1117
967
767
695
645
457
131
-194
-348
-407
-468
-515
-481
-354
-286
-210
27
435
795
941
1099
1415
1802
2048
2181
2350
2497
2535
2497
2540
2575
2442
2159
1901
1743
1515
1192
827
499
203
-86
-278
-442
-618
-850
-1104
-1302
-1512
-1729
-2005
-2302
-2619
-3155
-3892
-4592
-4832
-4647
-4492
-4402
-4026
-3166
-2325
-1947
-1679
-1013
-7
657
694
577
856
1554
2129
2305
2362
2644
3026
3079
2858
2779
2938
2896
2394
1833
1654
1779
1750
1407
984
729
664
617
477
300
232
289
345
390
520
780
1021
1086
1027
995
1113
1310
1381
1222
922
711
613
444
94
-349
-729
-1062
-1402
-1706
-1903
-2010
-2131
-2320
-2533
-2682
-2698
-2669
-2720
-2820
-2757
-2442
-2072
-1835
-1665
-1400
-1043
-661
-247
132
306
248
202
316
451
442
314
164
-17
-145
-61
198
343
239
110
189
427
655
830
960
1009
1007
1078
1265
1446
1512
1481
1423
1394
1453
1596
1688
1610
1421
1311
1345
1394
1331
1174
1021
872
707
585
576
605
511
310
184
181
172
55
-107
-269
-507
-870
-1302
-1717
-2048
-2205
-2196
-2227
-2484
-2847
-3051
-3042
-2949
-2836
-2713
-2707
-2870
-2948
-2659
-2094
-1620
-1369
-1172
-880
-504
-67
470
1042
1474
1690
1836
2105
2496
2801
2863
2745
2625
2560
2482
2388
2336
2293
2139
1883
1693
1664
1680
1572
1317
1029
844
791
807
814
799
777
715
617
556
576
572
422
170
-39
-152
-223
-326
-498
-744
-979
-1106
-1149
-1219
-1356
-1533
-1745
-1963
-2040
-1918
-1797
-1885
-2060
-2053
-1876
-1752
-1716
-1613
-1467
-1447
-1515
-1431
-1171
-972
-937
-910
-769
-564
-361
-159
19
148
278
464
654
779
882
1002
1084
1083
1095
1217
1370
1407
1347
1341
1438
1522
1503
1451
1448
1450
1389
1320
1330
1370
1320
1188
1101
1102
1121
1099
1021
877
680
498
357
159
-190
-664
-1150
-1531
-1711
-1705
-1730
-1992
-2412
-2740
-2843
-2747
-2544
-2395
-2484
-2747
-2825
-2519
-2041
-1675
-1430
-1190
-992
-830
-512
84
738
1131
1262
1391
1701
2129
2472
2620
2586
2475
2352
2241
2171
2156
2122
1955
1695
1486
1406
1399
1347
1218
1026
839
720
671
656
638
611
533
401
306
302
334
293
196
81
-76
-269
-444
-586
-793
-1073
-1281
-1342
-1371
-1487
-1643
-1752
-1803
-1814
-1784
-1769
-1840
-1912
-1842
-1657
-1516
-1445
-1342
-1234
-1201
-1180
-1019
-771
-647
-676
-675
-520
-314
-169
-63
47
148
218
314
482
674
803
842
857
910
1012
1135
1241
1296
1302
1324
1410
1519
1565
1550
1533
1510
1454
1408
1431
1460
1386
1251
1189
1224
1248
1197
1105
987
804
569
332
85
-252
-739
-1301
-1728
-1862
-1828
-1913
-2207
-2531
-2751
-2903
-2938
-2739
-2444
-2408
-2669
-2808
-2541
-2072
-1712
-1472
-1243
-1062
-944
-702
-182
463
952
1196
1338
1559
1901
2268
2514
2575
2496
2361
2216
2105
2062
2057
2000
1841
1626
1481
1469
1505
1460
1314
1148
1014
889
769
697
648
538
369
257
244
245
205
177
170
71
-143
-349
-472
-619
-850
-1028
-1057
-1075
-1241
-1471
-1626
-1736
-1860
-1892
-1782
-1704
-1772
-1819
-1707
-1575
-1528
-1429
-1225
-1143
-1278
-1353
-1142
-847
-751
-761
-630
-400
-258
-168
35
298
439
462
532
677
785
829
900
996
1021
991
1020
1115
1168
1166
1204
1286
1304
1257
1273
1374
1420
1358
1308
1323
1295
1175
1078
1074
1073
983
861
788
731
609
412
174
-131
-545
-1018
-1413
-1619
-1688
-1801
-2074
-2415
-2673
-2790
-2775
-2627
-2408
-2312
-2403
-2481
-2327
-1981
-1624
-1332
-1089
-921
-795
-573
-171
332
796
1144
1358
1498
1699
2019
2330
2477
2468
2399
2289
2154
2075
2096
2129
2056
1884
1701
1580
1529
1515
1483
1399
1264
1092
936
849
817
751
617
485
401
288
103
-51
-112
-205
-424
-646
-755
-841
-1051
-1322
-1510
-1621
-1761
-1936
-2068
-2127
-2139
-2101
-2021
-1953
-1917
-1852
-1720
-1575
-1486
-1418
-1298
-1148
-1054
-1014
-918
-744
-596
-519
-422
-247
-75
23
107
232
358
430
493
584
665
720
789
885
958
999
1068
1170
1235
1260
1334
1477
1594
1630
1659
1753
1855
1882
1843
1793
1739
1645
1523
1415
1321
1193
1014
801
558
267
-100
-568
-1097
-1530
-1727
-1777
-1921
-2246
-2594
-2834
-2989
-3054
-2928
-2652
-2499
-2591
-2683
-2478
-2035
-1631
-1371
-1154
-932
-767
-637
-364
153
732
1115
1274
1421
1697
1999
2180
2257
2311
2299
2148
1927
1805
1838
1905
1887
1796
1714
1665
1591
1476
1389
1376
1370
1257
1052
896
847
824
742
645
561
412
172
-43
-125
-148
-256
-458
-665
-842
-1017
-1177
-1295
-1403
-1556
-1756
-1948
-2079
-2119
-2072
-1985
-1927
-1892
-1818
-1686
-1540
-1430
-1337
-1244
-1167
-1121
-1073
-969
-810
-661
-536
-401
-236
-72
61
175
290
390
462
517
576
646
713
776
834
905
1002
1101
1156
1163
1174
1230
1316
1398
1470
1534
1581
1599
1587
1575
1578
1563
1505
1407
1303
1199
1079
943
770
524
172
-278
-782
-1234
-1493
-1566
-1662
-1954
-2347
-2661
-2883
-3044
-3021
-2766
-2530
-2554
-2689
-2591
-2211
-1791
-1467
-1158
-853
-660
-559
-361
57
618
1130
1481
1696
1893
2130
2339
2455
2517
2574
2544
2335
2038
1853
1839
1870
1831
1728
1606
1463
1288
1142
1100
1142
1125
964
757
640
605
546
436
351
287
141
-106
-316
-389
-429
-566
-770
-924
-1014
-1139
-1334
-1513
-1601
-1651
-1764
-1938
-2061
-2074
-2034
-2012
-1987
-1898
-1757
-1625
-1525
-1419
-1288
-1145
-1000
-863
-750
-675
-595
-481
-345
-223
-103
39
171
248
300
403
561
693
748
768
821
911
1009
1096
1189
1280
1350
1390
1426
1478
1548
1610
1643
1647
1631
1624
1621
1606
1563
1499
1415
1303
1167
1016
855
654
374
-22
-526
-1034
-1396
-1546
-1602
-1752
-2031
-2336
-2592
-2809
-2934
-2859
-2637
-2512
-2592
-2682
-2543
-2214
-1886
-1600
-1276
-945
-726
-599
-371
73
618
1077
1389
1619
1823
1999
2140
2280
2440
2562
2531
2336
2113
1994
1975
1956
1885
1776
1638
1459
1255
1111
1079
1113
1091
962
790
640
495
330
211
194
194
72
-162
-365
-445
-466
-505
-566
-633
-773
-1014
-1261
-1386
-1385
-1381
-1466
-1611
-1745
-1824
-1835
-1768
-1652
-1572
-1572
-1602
-1579
-1487
-1361
-1202
-1019
-870
-813
-795
-703
-517
-326
-198
-109
-23
43
89
155
274
413
518
579
609
634
690
790
906
1005
1079
1146
1202
1234
1268
1346
1452
1528
1539
1503
1454
1412
1391
1389
1370
1300
1195
1080
960
801
596
342
-13
-488
-963
-1265
-1372
-1459
-1660
-1929
-2172
-2401
-2623
-2710
-2550
-2289
-2181
-2244
-2255
-2066
-1778
-1515
-1244
-907
-595
-423
-317
-91
315
798
1215
1517
1730
1884
2004
2098
2195
2309
2407
2400
2262
2073
1943
1888
1849
1802
1747
1654
1469
1214
996
899
884
838
705
515
314
118
-46
-129
-139
-177
-337
-585
-794
-896
-926
-943
-961
-994
-1079
-1214
-1333
-1374
-1354
-1334
-1355
-1427
-1530
-1609
-1603
-1506
-1375
-1261
-1178
-1139
-1139
-1131
-1057
-915
-776
-682
-622
-569
-510
-425
-292
-139
-15
61
113
165
228
319
440
564
656
704
735
774
825
892
969
1038
1077
1090
1115
1173
1245
1316
1379
1425
1428
1376
1318
1308
1321
1298
1231
1152
1056
902
680
418
110
-294
-750
-1106
-1281
-1375
-1541
-1782
-2009
-2216
-2439
-2589
-2544
-2358
-2230
-2234
-2239
-2100
-1843
-1565
-1285
-977
-667
-434
-283
-111
191
611
1034
1371
1631
1846
1999
2067
2111
2199
2301
2312
2188
2000
1842
1731
1658
1636
1647
1619
1483
1267
1064
932
852
774
668
537
386
201
5
-143
-193
-206
-282
-446
-623
-753
-867
-1004
-1113
-1137
-1119
-1150
-1243
-1306
-1296
-1260
-1248
-1246
-1241
-1260
-1311
-1350
-1320
-1225
-1109
-1001
-910
-846
-799
-741
-651
-563
-504
-467
-425
-382
-343
-275
-159
-16
91
153
209
287
379
472
567
656
717
743
764
800
860
933
998
1054
1091
1113
1127
1150
1192
1234
1252
1244
1226
1194
1136
1071
1010
948
845
651
340
-73
-525
-921
-1183
-1321
-1431
-1601
-1830
-2074
-2304
-2474
-2504
-2378
-2223
-2179
-2225
-2210
-2052
-1793
-1496
-1154
-781
-455
-229
-46
214
592
1023
1406
1692
1907
2087
2222
2289
2335
2439
2575
2605
2463
2241
2068
1950
1836
1735
1671
1571
1351
1053
823
730
721
732
708
566
250
-140
-427
-540
-558
-569
-585
-605
-665
-772
-864
-887
-866
-897
-1031
-1205
-1307
-1289
-1202
-1140
-1150
-1231
-1375
-1560
-1701
-1669
-1444
-1195
-1122
-1232
-1363
-1386
-1299
-1137
-910
-656
-491
-494
-588
-593
-413
-145
61
180
288
414
506
569
679
861
1032
1116
1162
1265
1426
1551
1570
1523
1513
1564
1600
1573
1542
1543
1494
1330
1144
1057
1038
946
724
380
-154
-896
-1533
-1616
-1241
-1162
-1893
-2961
-3492
-3360
-3137
-3052
-2749
-2172
-1959
-2456
-2980
-2594
-1357
-256
60
-60
30
412
739
940
1344
2056
2617
2592
2258
2264
2723
3088
2962
2604
2448
2493
2429
2135
1760
1445
1178
927
730
659
691
674
444
-16
-433
-412
114
652
612
63
-347
-288
-109
-128
-115
91
81
-439
-953
-858
-458
-486
-956
-1232
-1112
-1029
-1214
-1412
-1437
-1482
-1670
-1792
-1682
-1492
-1500
-1752
-2014
-2019
-1725
-1348
-1159
-1173
-1201
-1120
-945
-701
-370
-45
93
17
-43
116
412
603
649
687
772
840
903
1043
1197
1196
1100
1160
1420
1624
1594
1461
1401
1423
1483
1578
1654
1592
1396
1235
1199
1218
1212
1169
1058
823
538
282
-71
-686
-1311
-1414
-1020
-995
-1943
-3210
-3642
-3136
-2663
-2775
-2990
-2872
-2779
-3028
-3131
-2492
-1443
-832
-873
-973
-612
68
592
780
890
1246
1822
2251
2316
2211
2259
2488
2677
2730
2772
2831
2657
2090
1451
1270
1588
1829
1523
901
524
511
507
314
179
311
495
398
88
-59
85
220
110
-47
38
167
-96
-634
-795
-381
-68
-384
-869
-869
-624
-783
-1204
-1229
-935
-1002
-1458
-1600
-1292
-1195
-1561
-1788
-1528
-1249
-1345
-1512
-1431
-1311
-1354
-1322
-1001
-649
-594
-705
-650
-400
-170
-54
29
122
187
235
338
498
649
753
815
859
948
1118
1266
1267
1210
1310
1538
1644
1548
1459
1503
1560
1529
1490
1490
1431
1246
1041
927
798
404
-302
-933
-986
-610
-677
-1720
-3000
-3321
-2640
-2094
-2388
-2961
-3048
-2757
-2602
-2540
-2136
-1413
-923
-926
-955
-483
295
714
608
591
1169
2003
2362
2109
1802
1935
2392
2724
2708
2501
2305
2107
1793
1464
1369
1496
1469
1034
475
285
488
594
274
-153
-136
315
583
268
-232
-273
117
344
203
81
139
-23
-506
-684
-199
269
-72
-840
-1058
-662
-468
-770
-999
-882
-884
-1231
-1435
-1225
-1095
-1405
-1703
-1524
-1211
-1285
-1577
-1590
-1345
-1199
-1153
-979
-751
-728
-830
-706
-337
-67
-76
-153
-64
133
274
344
450
611
729
753
764
868
1037
1159
1185
1199
1275
1366
1389
1373
1411
1478
1460
1353
1285
1281
1246
1132
1034
971
850
587
153
-434
-899
-850
-451
-594
-1749
-2976
-3011
-2092
-1678
-2331
-3053
-2950
-2464
-2356
-2461
-2145
-1479
-1067
-1036
-876
-321
256
446
430
695
1352
1982
2135
1856
1660
1969
2586
2888
2638
2261
2177
2203
1943
1507
1327
1420
1334
859
379
313
462
345
-41
-197
75
317
132
-180
-120
190
235
-1
-45
237
373
47
-374
-382
-43
120
-127
-480
-595
-566
-656
-819
-831
-761
-904
-1238
-1392
-1272
-1208
-1374
-1500
-1403
-1301
-1378
-1453
-1352
-1234
-1244
-1218
-1007
-810
-852
-951
-784
-431
-237
-261
-235
-43
129
168
234
424
602
647
654
752
888
958
1003
1113
1260
1345
1350
1357
1419
1487
1494
1454
1452
1491
1474
1341
1192
1145
1146
1047
826
528
68
-544
-888
-633
-318
-892
-2245
-3057
-2588
-1780
-1884
-2703
-3107
-2774
-2388
-2379
-2397
-2084
-1627
-1309
-1096
-817
-449
-97
150
339
672
1263
1808
1858
1526
1497
2091
2716
2687
2216
2038
2266
2295
1851
1420
1430
1574
1362
894
619
613
562
332
149
224
449
489
170
-223
-198
268
559
239
-234
-196
190
202
-229
-449
-217
-48
-254
-470
-430
-465
-779
-982
-762
-520
-734
-1193
-1374
-1232
-1133
-1203
-1279
-1300
-1369
-1445
-1381
-1236
-1199
-1252
-1201
-1023
-897
-885
-852
-691
-495
-367
-296
-222
-131
-34
66
175
310
455
545
557
584
715
894
1002
1046
1129
1234
1266
1237
1287
1458
1620
1637
1535
1462
1491
1537
1495
1371
1251
1144
1000
754
327
-243
-619
-493
-247
-711
-1947
-2866
-2625
-1893
-1896
-2656
-3146
-2890
-2495
-2484
-2556
-2268
-1759
-1424
-1279
-1053
-670
-294
-54
150
514
1062
1539
1635
1435
1432
1908
2481
2568
2203
1990
2166
2278
1935
1481
1428
1633
1547
1080
687
634
659
516
348
390
552
552
334
108
48
167
365
510
441
118
-188
-206
-3
82
-100
-369
-531
-549
-491
-531
-766
-1058
-1110
-921
-835
-1023
-1292
-1433
-1442
-1377
-1238
-1158
-1297
-1513
-1511
-1278
-1106
-1111
-1095
-943
-818
-832
-819
-624
-408
-340
-320
-166
25
71
46
152
371
531
589
630
681
720
810
981
1119
1139
1139
1208
1278
1284
1305
1428
1555
1534
1415
1349
1380
1417
1373
1246
1093
968
857
653
232
-316
-637
-517
-357
-841
-1939
-2714
-2507
-1918
-1983
-2669
-3051
-2773
-2446
-2523
-2627
-2294
-1730
-1409
-1338
-1173
-784
-383
-152
33
413
977
1418
1478
1327
1442
1968
2444
2443
2160
2104
2326
2355
1994
1664
1691
1803
1604
1160
860
832
809
612
400
373
487
501
282
12
-30
163
341
292
88
-47
-56
-84
-180
-222
-146
-137
-388
-705
-732
-524
-503
-817
-1098
-1051
-904
-1022
-1303
-1395
-1290
-1262
-1376
-1415
-1304
-1239
-1305
-1321
-1183
-1020
-954
-912
-819
-736
-692
-587
-401
-265
-232
-178
-21
137
181
195
307
485
594
596
601
697
830
899
917
984
1129
1219
1172
1125
1219
1376
1414
1337
1306
1365
1382
1295
1211
1224
1238
1107
871
667
443
24
-467
-609
-385
-467
-1333
-2377
-2593
-2024
-1716
-2199
-2817
-2844
-2504
-2398
-2512
-2398
-1966
-1566
-1395
-1274
-1000
-616
-285
-59
184
598
1113
1427
1383
1280
1555
2143
2500
2363
2102
2145
2314
2182
1803
1631
1770
1806
1494
1090
907
884
790
603
481
497
514
374
106
-52
29
132
17
-154
-79
86
-110
-588
-738
-386
-139
-428
-834
-856
-698
-806
-1043
-1004
-798
-858
-1157
-1252
-1075
-1021
-1220
-1311
-1106
-919
-1031
-1224
-1186
-998
-906
-875
-734
-567
-567
-670
-610
-353
-128
-75
-75
13
142
200
219
317
486
601
604
604
697
821
868
872
958
1116
1187
1125
1064
1113
1201
1219
1190
1185
1175
1105
1027
1010
1013
945
829
755
701
534
160
-319
-639
-611
-420
-594
-1381
-2280
-2549
-2160
-1846
-2103
-2573
-2686
-2487
-2389
-2423
-2246
-1790
-1418
-1324
-1235
-877
-421
-191
-149
85
664
1261
1482
1369
1331
1635
2118
2433
2465
2383
2355
2336
2214
2028
1949
1978
1907
1607
1237
1030
962
826
567
380
418
526
411
55
-207
-131
82
58
-178
-257
-116
-151
-544
-876
-744
-411
-413
-761
-1007
-990
-987
-1115
-1129
-934
-846
-1081
-1365
-1339
-1135
-1109
-1260
-1291
-1155
-1111
-1238
-1291
-1137
-967
-913
-840
-648
-499
-526
-549
-346
-30
114
75
83
215
323
339
405
596
751
731
661
744
947
1069
1052
1044
1144
1254
1247
1181
1184
1249
1270
1229
1219
1249
1208
1071
978
1006
1024
912
742
639
568
425
184
-152
-574
-915
-932
-761
-950
-1742
-2562
-2699
-2277
-2047
-2306
-2624
-2646
-2552
-2546
-2437
-2036
-1588
-1406
-1377
-1164
-738
-369
-182
-14
326
815
1278
1540
1573
1567
1762
2162
2510
2614
2559
2490
2380
2170
2002
2035
2125
1951
1495
1107
1019
1032
845
527
367
419
423
218
-52
-168
-131
-115
-205
-331
-391
-399
-459
-626
-799
-834
-746
-721
-848
-996
-1027
-1019
-1097
-1176
-1090
-923
-945
-1182
-1339
-1234
-1054
-1041
-1123
-1112
-1044
-1072
-1136
-1034
-797
-650
-650
-611
-439
-274
-213
-142
45
245
338
362
433
538
597
624
709
850
938
914
858
881
977
1048
1058
1045
1033
1014
986
981
990
974
923
881
864
844
805
769
742
692
613
535
482
420
316
190
64
-144
-531
-988
-1199
-1048
-928
-1321
-2118
-2665
-2613
-2324
-2253
-2362
-2396
-2395
-2499
-2522
-2194
-1637
-1247
-1139
-1058
-791
-389
-8
278
496
763
1178
1644
1905
1907
1924
2168
2487
2655
2721
2817
2818
2530
2129
1989
2129
2170
1877
1448
1142
955
743
516
375
306
206
46
-137
-298
-406
-447
-473
-557
-669
-699
-657
-709
-921
-1117
-1127
-1021
-957
-951
-951
-1017
-1214
-1383
-1296
-1028
-883
-990
-1172
-1257
-1252
-1193
-1049
-868
-804
-895
-973
-897
-724
-565
-431
-309
-230
-189
-121
7
135
202
252
352
484
589
632
622
624
705
836
937
968
968
967
947
928
981
1094
1131
1032
912
881
893
865
826
824
805
712
615
593
587
533
465
431
381
263
137
79
38
-86
-296
-577
-934
-1247
-1289
-1092
-1093
-1602
-2295
-2602
-2452
-2260
-2232
-2185
-2076
-2149
-2418
-2457
-1985
-1310
-903
-798
-702
-458
-121
257
663
1041
1356
1634
1883
2059
2181
2343
2535
2623
2596
2624
2758
2773
2484
2066
1825
1788
1729
1526
1266
1030
738
342
-19
-157
-94
-61
-233
-536
-764
-831
-834
-868
-883
-806
-727
-821
-1069
-1234
-1170
-1006
-948
-990
-1017
-1018
-1081
-1180
-1192
-1095
-982
-910
-854
-818
-834
-873
-840
-713
-572
-470
-386
-317
-290
-306
-294
-190
-16
149
236
252
256
284
326
378
462
580
666
662
606
578
602
635
662
702
733
726
687
662
647
623
620
669
718
671
544
457
452
446
387
335
349
369
311
202
125
105
95
75
58
41
0
-69
-145
-211
-274
-374
-580
-885
-1130
-1148
-1027
-1052
-1339
-1685
-1887
-1978
-2046
-1991
-1716
-1399
-1333
-1519
-1628
-1425
-1004
-584
-245
51
306
466
549
679
973
1396
1761
1930
1958
2007
2125
2218
2235
2253
2323
2348
2227
2011
1820
1685
1521
1276
984
722
531
397
249
32
-221
-433
-582
-708
-799
-799
-736
-751
-908
-1086
-1146
-1106
-1069
-1045
-981
-917
-945
-1046
-1096
-1047
-961
-885
-806
-725
-686
-700
-697
-635
-543
-475
-418
-352
-295
-271
-251
-190
-113
-85
-105
-103
-40
37
71
87
121
155
147
118
135
215
292
310
295
299
319
322
307
309
343
372
373
366
374
385
387
393
420
450
453
434
428
449
468
456
418
375
351
343
333
315
285
246
200
158
128
124
129
123
102
79
65
49
20
-7
-16
-2
6
-34
-132
-240
-299
-314
-353
-439
-527
-568
-598
-665
-752
-803
-804
-792
-776
-754
-722
-705
-704
-687
-633
-551
-474
-424
-389
-340
-265
-176
-99
-27
52
149
243
304
348
413
515
613
657
657
664
700
734
738
734
745
754
734
697
676
687
709
717
705
674
644
628
625
614
584
540
476
399
324
272
225
159
77
3
-59
-126
-202
-262
-311
-362
-412
-457
-506
-576
-646
-686
-701
-728
-779
-826
-856
-890
-933
-965
-959
-934
-924
-936
-945
-925
-873
-808
-751
-709
-661
-590
-508
-432
-362
-281
-196
-128
-74
-13
73
167
249
316
378
435
482
524
579
651
723
763
773
782
805
834
855
869
882
879
854
823
809
810
808
792
763
728
692
655
620
581
540
501
462
410
340
267
207
157
106
52
-4
-67
-146
-227
-291
-336
-386
-453
-531
-618
-707
-783
-839
-885
-946
-1020
-1073
-1097
-1110
-1132
-1153
-1146
-1106
-1055
-1009
-966
-908
-825
-738
-664
-585
-473
-342
-244
-181
-104
27
170
269
335
412
504
581
638
694
761
818
847
862
881
903
915
917
926
943
953
942
913
884
862
843
819
787
749
710
658
587
507
440
386
324
241
151
73
1
-85
-172
-248
-307
-378
-472
-560
-618
-651
-692
-752
-814
-853
-882
-913
-941
-948
-942
-941
-954
-962
-946
-915
-888
-870
-843
-794
-734
-683
-642
-596
-530
-449
-369
-288
-207
-124
-44
33
109
193
294
388
466
537
612
692
754
789
821
878
941
976
976
965
966
965
944
910
885
862
819
747
677
631
592
531
451
378
331
290
231
164
102
48
-1
-59
-102
-123
-144
-186
-244
-288
-312
-333
-362
-386
-396
-403
-430
-471
-505
-515
-508
-508
-524
-546
-560
-566
-565
-563
-560
-556
-554
-551
-546
-538
-522
-496
-476
-461
-448
-420
-380
-338
-306
-281
-250
-201
-146
-98
-59
-20
29
77
119
159
206
260
295
307
321
361
417
455
458
451
461
487
508
511
517
538
557
551
529
523
542
562
552
520
500
503
498
463
411
371
350
318
265
205
150
97
31
-41
-98
-139
-183
-239
-304
-351
-380
-403
-429
-451
-460
-461
-468
-476
-473
-456
-432
-414
-399
-381
-353
-325
-305
-290
-271
-252
-231
-215
-199
-176
-155
-147
-145
-147
-133
-115
-94
-86
-86
-79
-74
-66
-57
-42
-17
11
36
62
81
99
119
143
175
208
236
266
289
308
322
333
352
373
391
402
405
406
408
401
386
367
354
344
334
311
277
243
212
180
142
97
57
21
-25
-76
-127
-169
-204
-246
-298
-339
-364
-384
-410
-437
-450
-449
-441
-440
-438
-424
-398
-368
-344
-317
-283
-244
-209
-180
-151
-118
-87
-64
-44
-22
4
24
40
54
68
86
100
112
126
145
161
175
184
193
205
216
223
229
236
239
237
229
222
216
210
202
192
180
165
150
134
117
100
89
78
67
50
33
22
13
5
-3
-8
-14
-19
-29
-32
-36
-41
-49
-52
-56
-62
-72
-82
-86
-89
-94
-101
-107
-108
-112
-120
-125
-123
-119
-116
-119
-118
-113
-105
-102
-95
-86
-75
-61
-54
-46
-35
-17
0
10
21
35
51
60
70
80
95
106
112
113
119
126
130
130
126
127
126
120
110
101
95
86
72
55
38
24
8
-12
-29
-43
-56
-73
-88
-103
-114
-120
-132
-141
-145
-149
-150
-150
-150
-144
-139
-134
-121
-108
-95
-84
-74
-60
-44
-33
-21
-12
0
9
15
18
23
30
32
31
31
33
36
35
31
33
35
38
38
39
44
48
54
59
63
68
75
81
86
88
89
92
92
93
88
82
78
74
67
59
50
43
34
23
15
9
2
-3
-8
-13
-16
-17
-19
-22
-19
-19
-17
-19
-20
-18
-18
-20
-21
-20
-20
-21
-23
-23
-27
-27
-29
-31
-29
-29
-30
-29
-27
-25
-23
-21
-19
-16
-12
-9
-7
-3
0
2
5
6
8
10
9
7
6
6
3
0
-2
-5
-8
-13
-15
-17
-20
-23
-27
-29
-31
-32
-34
-36
-37
-38
-37
-36
-36
-33
-33
-30
-26
-23
-19
-15
-12
-7
-2
3
7
13
16
20
22
26
29
32
33
33
34
35
35
36
36
33
32
30
29
26
25
22
20
19
17
15
14
13
10
9
7
8
9
8
11
12
12
13
15
15
14
14
14
12
9
6
5
3
0
-2
-6
-9
-10
-15
-17
-22
-26
-29
-32
-35
-38
-40
-40
-42
-45
-44
-43
-40
-37
-36
-32
-30
-26
-21
-19
-16
-11
-7
-2
-1
3
5
8
10
13
16
18
21
21
25
29
32
36
37
40
42
43
46
48
48
47
45
45
42
40
38
35
31
28
22
17
9
4
-1
-7
-13
-19
-26
-31
-38
-42
-45
-49
-53
-54
-56
-59
-62
-62
-60
-57
-53
-51
-49
-46
-44
-38
-34
-30
-26
-23
-19
-17
-15
-12
-9
-8
-5
-3
-1
0
1
4
6
9
11
12
14
16
20
25
27
31
34
37
41
44
48
50
53
55
56
58
57
57
59
58
58
56
53
50
47
45
41
38
33
29
23
17
11
6
0
-4
-9
-17
-23
-28
-32
-36
-41
-41
-47
-50
-51
-54
-56
-56
-54
-51
-50
-49
-46
-43
-39
-37
-32
-28
-23
-19
-17
-16
-13
-10
-9
-6
-3
-2
-1
1
4
9
12
14
16
19
20
21
22
23
26
26
26
27
25
24
22
20
20
18
16
14
11
8
5
4
2
1
0
-1
-1
-1
0
-2
-1
-2
-3
-5
-6
-6
-7
-8
-9
-8
-10
-9
-10
-12
-12
-13
-15
-17
-16
-17
-18
-19
-19
-18
-18
-17
-18
-17
-15
-15
-15
-12
-10
-8
-7
-4
0
1
4
9
13
17
20
21
23
25
27
26
28
30
30
32
33
35
36
36
34
34
31
29
26
23
17
14
11
10
6
3
1
-3
-6
-9
-12
-13
-17
-20
-22
-23
-25
-26
-26
-29
-26
-26
-26
-24
-22
-21
-21
-20
-20
-20
-17
-16
-15
-14
-10
-7
-6
-3
1
4
5
6
4
4
2
2
2
1
2
0
0
