-2
-2
-2
-3
-2
-3
-2
-4
-4
-3
-1
-2
-2
-1
1
1
-1
0
1
0
0
2
0
1
0
3
3
2
1
3
2
2
3
3
4
1
2
1
2
3
2
2
1
2
1
1
1
1
1
-1
-1
-1
0
0
-2
-2
-1
0
0
-1
0
0
-1
-3
-3
-2
-4
-4
-3
-3
-3
-3
-5
-4
-4
-3
-3
-3
0
0
0
-1
0
0
-1
-1
1
1
2
1
1
1
1
2
3
2
2
1
1
1
2
2
2
2
2
2
3
3
4
5
4
1
4
3
4
3
2
2
0
1
0
-2
-4
-5
-5
-4
-5
-4
-3
-2
-2
-1
1
3
3
1
1
0
0
1
2
-1
0
-1
-2
-1
-2
-1
-1
-1
-3
-3
-2
-3
-2
-3
-4
-4
-3
-2
-2
-2
-1
0
1
1
2
2
2
0
0
-1
0
0
0
1
2
1
2
2
2
2
1
2
1
4
4
4
4
4
6
5
5
5
3
2
2
2
2
-1
0
-1
-1
-2
-1
-1
-2
-3
-4
-2
-2
-2
-2
-1
0
2
2
2
2
3
4
2
3
2
2
0
-1
0
-2
-3
-3
-3
-2
-3
-3
-2
-2
-1
1
2
1
0
0
0
-1
0
2
0
2
1
2
1
0
0
0
0
-2
-2
-3
-2
-5
-4
-5
-6
-7
-8
-5
-7
-6
-6
-5
-2
-4
-4
-3
1
0
-1
2
4
4
4
4
5
4
3
2
3
2
3
1
0
1
1
0
-2
-1
0
-1
0
0
1
1
1
0
0
0
1
2
2
2
1
3
3
3
3
3
3
4
6
6
5
3
4
4
4
5
5
5
7
6
6
5
4
6
5
5
4
4
3
5
2
2
2
0
-1
-1
0
1
0
0
0
-1
0
0
-1
-4
-3
-1
-2
-3
-2
0
-3
-5
-2
-2
-4
-7
-5
-6
-8
-10
-10
-10
-14
-14
-11
-12
-14
-16
-17
-16
-18
-19
-14
-12
-11
-9
-7
-3
-3
-2
-1
2
3
3
5
4
3
3
4
5
1
2
4
3
2
2
5
7
4
4
5
7
4
5
6
6
6
7
9
6
5
6
5
4
4
4
7
6
5
7
9
9
9
11
9
10
10
13
13
24
31
29
32
30
34
43
37
36
36
33
42
43
41
37
34
37
39
31
24
16
12
6
-3
-16
-29
-39
-52
-54
-55
-59
-64
-70
-68
-67
-75
-81
-91
-97
-93
-100
-106
-109
-123
-133
-145
-161
-172
-209
-242
-251
-263
-274
-303
-331
-321
-316
-309
-295
-286
-256
-223
-177
-109
-55
-35
-29
4
65
96
95
112
167
199
156
83
28
-50
-243
-515
-774
-878
-896
-979
-1048
-965
-714
-467
-313
-187
34
321
548
684
849
1126
1414
1575
1631
1709
1820
1834
1675
1437
1246
1095
892
626
383
214
78
-76
-221
-303
-335
-364
-396
-385
-295
-155
-11
118
252
413
575
684
708
691
676
643
563
444
327
205
50
-132
-300
-443
-582
-734
-887
-999
-1047
-1052
-1045
-1043
-1019
-971
-900
-818
-728
-632
-548
-474
-394
-313
-251
-217
-181
-131
-86
-59
-29
11
26
-12
-70
-114
-166
-237
-304
-343
-357
-353
-320
-243
-141
-50
18
95
195
297
356
377
406
471
553
610
638
678
740
780
768
733
696
624
432
-13
-852
-1996
-2998
-3416
-3342
-3255
-3296
-3069
-2301
-1361
-775
-507
-82
640
1271
1479
1527
1948
2795
3526
3697
3547
3567
3713
3454
2614
1722
1263
1037
575
-54
-321
-80
179
22
-362
-527
-442
-466
-750
-1012
-915
-504
-77
252
633
1176
1679
1869
1756
1615
1570
1465
1144
664
174
-281
-679
-1001
-1314
-1733
-2220
-2620
-2882
-3108
-3369
-3535
-3482
-3220
-2875
-2499
-2051
-1509
-962
-552
-296
-92
164
406
518
523
580
748
904
934
884
854
809
652
411
207
65
-91
-264
-338
-273
-172
-103
-8
147
304
417
536
688
828
919
1017
1165
1328
1446
1523
1584
1611
1580
1502
1386
1214
991
768
585
420
243
70
-74
-207
-345
-462
-531
-578
-638
-696
-726
-742
-740
-678
-532
-362
-221
-102
23
133
193
207
193
146
13
-276
-716
-1149
-1328
-1219
-1095
-1222
-1520
-1715
-1742
-1715
-1652
-1444
-1200
-1193
-1427
-1514
-1158
-567
-187
-142
-176
-51
207
485
781
1101
1339
1391
1354
1458
1757
2036
2056
1842
1612
1499
1452
1386
1292
1172
994
769
617
647
776
787
602
383
316
383
435
412
392
392
341
244
225
340
442
329
54
-150
-166
-119
-178
-342
-516
-674
-829
-915
-905
-879
-977
-1194
-1378
-1446
-1443
-1444
-1474
-1533
-1630
-1695
-1610
-1382
-1166
-1082
-1070
-989
-820
-645
-492
-337
-187
-87
-26
89
278
463
549
534
498
502
543
577
561
505
458
464
516
582
650
715
751
752
758
812
895
940
928
912
943
1021
1100
1140
1138
1110
1080
1056
1030
997
959
899
809
717
659
622
552
424
275
154
48
-94
-293
-523
-822
-1300
-1939
-2465
-2578
-2370
-2261
-2483
-2822
-2971
-2924
-2792
-2534
-2152
-1916
-2047
-2275
-2097
-1443
-780
-487
-454
-374
-134
206
635
1144
1600
1819
1824
1878
2187
2638
2906
2823
2552
2354
2288
2245
2168
2084
1942
1657
1307
1128
1195
1279
1137
843
654
644
685
693
715
738
633
396
219
242
335
279
66
-125
-188
-216
-339
-522
-639
-695
-843
-1125
-1381
-1495
-1599
-1843
-2085
-2117
-2022
-2055
-2210
-2233
-2094
-2006
-2033
-1988
-1820
-1714
-1719
-1637
-1390
-1160
-1041
-906
-668
-439
-284
-106
134
321
409
504
668
812
873
902
944
966
963
993
1068
1127
1157
1211
1299
1380
1439
1508
1579
1599
1581
1600
1670
1710
1676
1629
1624
1606
1530
1426
1339
1256
1145
1032
937
833
702
563
428
263
74
-92
-243
-458
-780
-1173
-1649
-2229
-2763
-2981
-2855
-2718
-2851
-3145
-3320
-3312
-3200
-2967
-2593
-2304
-2339
-2529
-2427
-1874
-1209
-811
-664
-538
-340
-116
193
692
1259
1598
1619
1609
1870
2339
2694
2754
2635
2509
2409
2293
2196
2165
2118
1917
1592
1365
1370
1484
1494
1365
1239
1201
1181
1130
1115
1151
1096
848
569
483
538
506
337
205
181
137
-6
-132
-172
-276
-612
-1083
-1401
-1462
-1463
-1635
-1940
-2179
-2279
-2339
-2394
-2366
-2287
-2337
-2545
-2659
-2487
-2160
-1927
-1822
-1740
-1642
-1529
-1337
-1048
-794
-692
-650
-510
-259
13
265
482
595
603
642
817
1037
1172
1217
1248
1287
1333
1426
1575
1695
1711
1681
1709
1805
1902
1960
1973
1933
1854
1806
1826
1852
1793
1663
1549
1472
1409
1358
1319
1243
1077
875
725
614
466
256
-4
-335
-779
-1321
-1916
-2469
-2833
-2931
-2909
-3028
-3338
-3637
-3747
-3686
-3499
-3198
-2901
-2821
-2932
-2889
-2452
-1806
-1315
-1070
-902
-689
-457
-175
281
895
1391
1558
1555
1713
2107
2483
2623
2580
2488
2348
2139
1969
1959
2012
1913
1638
1399
1355
1450
1529
1540
1518
1481
1418
1354
1345
1380
1349
1178
943
790
745
711
625
515
411
279
101
-59
-158
-261
-469
-764
-1048
-1287
-1503
-1674
-1754
-1781
-1862
-2023
-2188
-2296
-2331
-2299
-2229
-2193
-2219
-2201
-2047
-1815
-1632
-1524
-1446
-1386
-1341
-1249
-1049
-796
-583
-430
-276
-71
179
431
616
686
688
725
841
976
1078
1175
1281
1352
1388
1463
1611
1735
1733
1653
1614
1652
1704
1730
1746
1741
1695
1624
1582
1591
1609
1582
1490
1362
1253
1192
1151
1070
927
741
535
301
24
-297
-686
-1209
-1874
-2505
-2849
-2870
-2828
-2973
-3264
-3512
-3632
-3609
-3390
-2997
-2674
-2652
-2796
-2724
-2277
-1682
-1205
-885
-637
-432
-238
64
574
1179
1622
1771
1776
1886
2162
2435
2530
2462
2328
2146
1907
1706
1664
1724
1679
1459
1237
1186
1253
1296
1298
1317
1317
1210
1050
991
1059
1088
965
786
687
647
576
486
452
429
277
-9
-258
-359
-414
-569
-798
-975
-1091
-1254
-1484
-1672
-1761
-1842
-1976
-2073
-2031
-1903
-1820
-1807
-1784
-1708
-1595
-1469
-1334
-1220
-1156
-1114
-1031
-885
-709
-539
-398
-306
-251
-185
-61
113
268
360
407
456
523
591
649
701
741
763
782
839
952
1092
1217
1289
1316
1339
1401
1494
1568
1595
1598
1592
1563
1515
1492
1499
1470
1368
1237
1131
1037
936
835
725
547
279
-59
-489
-1051
-1640
-2033
-2153
-2185
-2339
-2600
-2832
-3009
-3146
-3124
-2856
-2512
-2389
-2495
-2515
-2220
-1732
-1290
-964
-694
-483
-359
-217
124
688
1249
1578
1688
1788
2011
2259
2385
2382
2320
2177
1890
1551
1356
1355
1366
1226
1012
887
866
837
782
787
859
876
790
708
728
786
774
702
643
591
468
301
198
186
159
32
-153
-322
-458
-594
-729
-832
-925
-1077
-1304
-1525
-1628
-1610
-1569
-1570
-1585
-1562
-1506
-1433
-1311
-1143
-1004
-958
-949
-890
-779
-674
-575
-462
-366
-318
-271
-160
-32
31
44
91
174
228
245
283
342
373
370
399
476
551
600
649
705
752
808
911
1044
1151
1204
1236
1272
1299
1316
1336
1358
1346
1299
1249
1224
1208
1169
1091
955
747
458
61
-467
-1036
-1454
-1618
-1665
-1813
-2105
-2409
-2643
-2801
-2819
-2624
-2328
-2187
-2268
-2327
-2121
-1693
-1255
-907
-628
-421
-309
-203
68
548
1079
1448
1615
1708
1851
2036
2182
2251
2251
2161
1948
1661
1447
1390
1400
1338
1195
1065
968
859
736
687
722
729
632
504
445
438
400
318
249
200
101
-72
-229
-292
-309
-402
-569
-699
-741
-771
-851
-939
-988
-1063
-1212
-1341
-1336
-1250
-1237
-1301
-1316
-1242
-1158
-1083
-957
-800
-724
-732
-694
-558
-425
-362
-305
-216
-163
-167
-137
-22
100
149
157
181
217
254
306
360
391
412
468
556
620
661
708
751
762
764
805
875
905
889
889
929
969
977
973
984
991
966
917
867
820
748
624
429
136
-282
-771
-1174
-1369
-1394
-1419
-1571
-1834
-2117
-2344
-2434
-2332
-2075
-1835
-1791
-1904
-1947
-1737
-1338
-939
-635
-402
-224
-110
17
321
839
1378
1716
1838
1915
2044
2170
2242
2291
2322
2231
1962
1642
1451
1422
1441
1415
1339
1227
1059
861
732
724
763
726
574
374
203
57
-69
-149
-171
-200
-321
-515
-670
-726
-742
-799
-888
-976
-1065
-1175
-1268
-1298
-1293
-1337
-1454
-1571
-1622
-1601
-1541
-1454
-1349
-1247
-1154
-1040
-883
-704
-552
-440
-355
-274
-209
-153
-73
41
147
219
291
387
479
527
544
580
630
659
663
667
675
686
710
772
851
904
925
940
965
991
1019
1056
1088
1091
1061
1033
1026
1037
1035
999
927
824
694
541
382
208
-54
-470
-1018
-1542
-1868
-1950
-1923
-1976
-2160
-2408
-2633
-2767
-2731
-2488
-2167
-1999
-2045
-2098
-1920
-1519
-1079
-693
-355
-79
78
178
403
847
1376
1767
1956
2058
2176
2306
2410
2512
2625
2661
2515
2216
1929
1772
1718
1666
1570
1449
1298
1100
905
814
848
904
861
719
555
413
272
146
76
49
-31
-223
-454
-612
-691
-772
-905
-1053
-1187
-1348
-1558
-1745
-1816
-1796
-1803
-1894
-1996
-2041
-2036
-2014
-1960
-1858
-1743
-1665
-1607
-1500
-1319
-1094
-865
-656
-495
-379
-268
-122
29
153
264
381
480
518
538
618
753
871
939
991
1046
1089
1120
1177
1264
1332
1358
1368
1389
1423
1461
1499
1529
1538
1526
1501
1468
1436
1421
1411
1381
1319
1226
1098
915
661
341
-76
-619
-1229
-1738
-2014
-2118
-2225
-2429
-2689
-2938
-3147
-3239
-3112
-2810
-2572
-2563
-2641
-2554
-2246
-1870
-1498
-1096
-695
-420
-281
-86
318
862
1340
1646
1831
1981
2107
2194
2267
2387
2520
2532
2348
2082
1902
1840
1798
1737
1691
1636
1491
1263
1105
1112
1215
1270
1221
1099
924
707
512
417
415
385
229
-16
-235
-372
-464
-542
-590
-643
-794
-1068
-1332
-1454
-1461
-1496
-1616
-1765
-1899
-2022
-2122
-2136
-2046
-1923
-1850
-1831
-1812
-1743
-1598
-1393
-1179
-1024
-941
-888
-814
-702
-563
-400
-229
-91
-23
13
110
300
511
664
759
845
945
1033
1121
1247
1415
1576
1679
1736
1797
1887
1976
2024
2020
1991
1966
1921
1836
1744
1696
1674
1584
1377
1114
844
475
-123
-851
-1396
-1594
-1657
-1885
-2254
-2535
-2727
-3074
-3575
-3771
-3314
-2538
-2135
-2284
-2476
-2246
-1769
-1458
-1232
-697
77
483
287
83
497
1273
1684
1615
1646
2057
2403
2305
2058
2094
2245
2026
1448
1062
1178
1438
1354
972
686
607
547
482
595
851
962
809
588
498
590
827
1053
1043
786
567
538
512
329
159
160
154
-93
-462
-669
-712
-841
-1140
-1387
-1419
-1400
-1556
-1823
-1972
-1969
-1952
-1945
-1865
-1731
-1673
-1716
-1734
-1618
-1359
-1036
-786
-690
-679
-624
-503
-353
-167
37
142
99
33
82
206
312
396
479
517
490
493
601
734
793
823
918
1041
1103
1127
1191
1298
1387
1469
1591
1728
1773
1705
1629
1640
1687
1661
1547
1386
1166
873
489
-78
-791
-1233
-1072
-833
-1449
-2821
-3678
-3337
-2665
-2626
-2903
-2792
-2573
-2884
-3301
-2805
-1441
-434
-527
-1058
-971
-195
530
814
1022
1460
1839
1829
1700
1933
2465
2783
2647
2352
2272
2369
2260
1731
1080
824
1018
1149
851
359
105
89
41
-32
126
483
602
245
-227
-277
147
580
624
342
65
-34
-39
-57
-66
-26
-22
-186
-462
-614
-594
-633
-861
-1063
-1054
-1014
-1189
-1483
-1637
-1629
-1590
-1520
-1375
-1293
-1386
-1483
-1354
-1046
-776
-614
-500
-424
-415
-379
-191
72
202
134
56
110
223
276
296
361
444
484
496
530
580
608
623
669
760
839
835
754
704
765
896
1008
1066
1091
1087
1071
1097
1185
1262
1244
1133
980
823
689
515
85
-639
-1180
-1035
-621
-998
-2330
-3374
-3136
-2252
-1992
-2431
-2703
-2572
-2557
-2685
-2301
-1298
-522
-587
-990
-837
-18
763
982
896
1097
1684
2183
2245
2096
2186
2547
2812
2783
2664
2627
2462
1947
1386
1318
1675
1754
1161
363
41
231
414
274
9
-67
-1
-99
-412
-543
-226
145
12
-432
-506
-185
-168
-624
-818
-387
-56
-428
-976
-981
-735
-878
-1204
-1125
-866
-1109
-1720
-1910
-1572
-1389
-1606
-1712
-1463
-1322
-1506
-1524
-1062
-594
-572
-662
-393
-6
32
-99
80
486
625
463
412
590
700
642
664
869
1025
953
797
774
874
946
942
912
900
878
825
786
815
880
898
867
850
852
837
822
841
873
864
809
710
560
376
118
-349
-948
-1217
-927
-746
-1536
-2920
-3493
-2750
-1877
-2070
-2872
-3113
-2675
-2343
-2354
-2131
-1457
-922
-956
-1123
-761
30
561
568
574
1106
1890
2208
1928
1719
2137
2862
3174
2925
2630
2623
2616
2308
1955
1957
2122
1904
1266
775
782
956
832
476
315
483
588
278
-179
-210
206
415
61
-361
-353
-225
-465
-782
-643
-330
-531
-1094
-1262
-979
-915
-1253
-1424
-1233
-1224
-1635
-1937
-1782
-1601
-1793
-2025
-1884
-1654
-1753
-1928
-1687
-1212
-1049
-1172
-1070
-670
-420
-446
-382
-50
223
213
161
314
531
606
634
762
920
976
980
1045
1156
1252
1319
1361
1369
1366
1381
1406
1405
1388
1382
1386
1376
1340
1307
1306
1311
1265
1159
1036
919
788
619
327
-205
-824
-1053
-787
-733
-1604
-2907
-3386
-2748
-2115
-2446
-3247
-3467
-3026
-2679
-2717
-2648
-2133
-1550
-1353
-1368
-1101
-518
-63
61
219
778
1476
1724
1480
1395
1956
2758
3038
2735
2489
2650
2822
2578
2185
2112
2256
2114
1609
1185
1119
1180
1040
761
646
741
730
406
22
-4
308
468
191
-202
-289
-178
-224
-399
-394
-252
-349
-717
-934
-811
-701
-871
-1065
-1040
-1050
-1345
-1656
-1626
-1441
-1476
-1669
-1722
-1686
-1786
-1901
-1736
-1396
-1275
-1399
-1408
-1171
-955
-907
-823
-561
-325
-311
-369
-260
-23
153
251
374
527
647
739
858
995
1114
1223
1325
1399
1437
1466
1505
1538
1554
1571
1582
1562
1504
1454
1448
1454
1405
1284
1128
978
858
746
482
-87
-690
-758
-335
-382
-1507
-2797
-2895
-1976
-1565
-2313
-3155
-3068
-2489
-2346
-2580
-2455
-1854
-1380
-1347
-1373
-1052
-516
-166
-61
143
665
1221
1339
1078
1085
1737
2506
2628
2190
2008
2373
2639
2299
1807
1831
2158
2052
1427
937
950
1080
899
570
480
596
527
156
-146
-10
365
419
-4
-398
-331
-74
-142
-457
-537
-349
-341
-615
-772
-649
-581
-750
-841
-686
-637
-936
-1225
-1146
-957
-1042
-1244
-1232
-1146
-1295
-1487
-1335
-1009
-992
-1229
-1225
-911
-738
-857
-868
-565
-294
-335
-456
-333
-80
42
71
182
347
424
460
590
765
872
933
1036
1139
1160
1150
1193
1259
1277
1276
1305
1326
1283
1204
1168
1190
1197
1100
902
732
655
450
-92
-636
-581
-116
-295
-1542
-2723
-2582
-1621
-1405
-2285
-3009
-2761
-2231
-2265
-2539
-2289
-1616
-1200
-1207
-1178
-829
-369
-57
146
457
957
1433
1552
1334
1306
1864
2588
2725
2286
2062
2385
2617
2241
1745
1821
2195
2046
1317
777
838
1018
807
431
367
527
423
-28
-357
-214
143
215
-85
-396
-449
-385
-447
-571
-546
-426
-485
-752
-915
-822
-708
-769
-851
-793
-771
-960
-1154
-1103
-959
-995
-1119
-1102
-1063
-1226
-1394
-1241
-927
-873
-1049
-1049
-816
-709
-805
-757
-442
-191
-226
-314
-212
-28
68
147
297
416
417
418
544
720
831
915
1047
1176
1217
1218
1282
1395
1456
1445
1421
1411
1378
1296
1222
1214
1240
1176
976
762
641
459
-35
-648
-781
-340
-197
-1122
-2477
-2881
-2136
-1572
-2110
-2991
-3086
-2572
-2402
-2706
-2736
-2184
-1589
-1394
-1362
-1097
-639
-272
-44
259
779
1338
1588
1441
1310
1694
2447
2858
2617
2276
2404
2715
2586
2113
1978
2287
2366
1839
1217
1071
1197
1064
685
510
635
624
182
-354
-451
-104
140
-81
-499
-661
-565
-565
-719
-734
-557
-539
-822
-1039
-928
-758
-833
-978
-897
-726
-794
-1038
-1112
-995
-947
-1018
-1019
-959
-1051
-1266
-1316
-1118
-960
-1021
-1099
-999
-851
-842
-845
-680
-436
-327
-342
-288
-120
35
120
221
375
485
515
552
675
836
944
1011
1111
1237
1302
1303
1352
1473
1569
1574
1552
1567
1555
1451
1326
1277
1282
1234
1087
902
772
654
341
-242
-735
-661
-235
-384
-1522
-2732
-2838
-2076
-1780
-2462
-3181
-3096
-2671
-2699
-2978
-2766
-2075
-1607
-1623
-1619
-1222
-705
-459
-362
-1
692
1289
1375
1119
1155
1793
2548
2753
2490
2408
2701
2839
2506
2167
2303
2593
2418
1838
1437
1420
1390
1073
739
708
824
668
193
-204
-208
-4
19
-179
-338
-385
-544
-850
-978
-754
-530
-678
-1018
-1130
-1009
-963
-1020
-930
-719
-715
-947
-1058
-911
-803
-911
-973
-833
-766
-993
-1223
-1130
-908
-909
-1036
-973
-798
-832
-1016
-973
-656
-438
-501
-584
-473
-313
-267
-237
-81
107
191
229
335
470
569
695
907
1105
1169
1181
1285
1464
1573
1574
1581
1664
1722
1655
1527
1489
1549
1547
1399
1233
1172
1126
969
753
524
116
-478
-790
-516
-267
-931
-2256
-2976
-2561
-1960
-2162
-2830
-3081
-2886
-2835
-2993
-2860
-2336
-1898
-1795
-1718
-1369
-890
-567
-386
-118
385
1022
1481
1526
1343
1442
2018
2622
2766
2591
2573
2724
2677
2398
2296
2510
2604
2242
1702
1446
1446
1308
925
615
610
667
400
-134
-487
-432
-269
-352
-590
-684
-695
-907
-1223
-1233
-917
-757
-993
-1253
-1204
-1071
-1144
-1221
-1027
-781
-843
-1065
-1050
-845
-791
-876
-774
-513
-482
-736
-872
-700
-514
-538
-591
-487
-407
-528
-662
-555
-307
-207
-273
-294
-207
-143
-153
-95
77
218
214
172
251
413
532
611
741
910
1002
1009
1043
1167
1314
1386
1404
1422
1451
1459
1410
1357
1334
1333
1292
1191
1079
955
824
696
558
232
-390
-907
-829
-366
-456
-1503
-2635
-2871
-2384
-2158
-2494
-2818
-2858
-2928
-3191
-3183
-2638
-2019
-1796
-1867
-1714
-1227
-705
-362
-184
93
608
1248
1673
1682
1628
1884
2412
2819
2964
3126
3274
3129
2662
2402
2688
3033
2866
2241
1763
1643
1547
1273
950
806
719
499
139
-206
-327
-308
-400
-774
-1142
-1047
-709
-787
-1481
-2028
-1843
-1411
-1383
-1638
-1644
-1569
-1845
-2101
-1736
-995
-785
-1188
-1390
-1120
-843
-824
-668
-260
-141
-432
-617
-346
-37
-85
-176
-10
182
93
-64
27
173
106
-27
63
258
226
15
-68
50
163
168
191
284
347
318
308
449
673
817
813
771
823
932
993
1039
1142
1227
1169
1056
1100
1248
1255
1112
1042
1092
1046
848
715
710
641
379
-28
-530
-1010
-1143
-824
-612
-1147
-2181
-2833
-2758
-2509
-2516
-2536
-2404
-2478
-2993
-3401
-3057
-2195
-1576
-1483
-1535
-1329
-939
-567
-213
240
818
1309
1562
1649
1823
2192
2556
2742
2852
3103
3426
3506
3246
2911
2800
2858
2884
2785
2594
2340
1954
1498
1090
863
840
823
605
110
-394
-683
-839
-1004
-1156
-1199
-1342
-1719
-2069
-2076
-1909
-2002
-2270
-2343
-2188
-2115
-2178
-2076
-1857
-1819
-1922
-1802
-1388
-1103
-1079
-1023
-791
-610
-565
-369
44
328
266
127
220
419
525
595
743
851
758
596
567
661
711
669
646
639
588
487
415
419
431
409
352
306
302
312
311
298
318
368
387
377
396
468
520
515
510
519
514
501
531
582
552
454
394
387
340
222
149
152
121
3
-106
-147
-250
-532
-842
-926
-802
-762
-949
-1200
-1349
-1476
-1684
-1842
-1776
-1574
-1470
-1514
-1559
-1518
-1431
-1295
-1044
-700
-377
-132
65
236
394
612
937
1273
1485
1603
1756
1936
2027
2030
2080
2201
2254
2156
2014
1942
1901
1803
1638
1468
1303
1089
840
635
491
350
160
-47
-221
-365
-500
-625
-730
-805
-855
-909
-994
-1089
-1145
-1166
-1193
-1234
-1256
-1270
-1312
-1356
-1340
-1276
-1243
-1247
-1213
-1119
-1037
-998
-936
-807
-673
-594
-536
-435
-310
-221
-161
-69
50
140
180
210
266
340
404
445
466
481
506
527
525
515
509
502
479
446
424
409
384
351
337
349
354
328
291
272
278
293
305
313
312
298
277
256
237
224
213
194
166
153
175
191
148
65
32
73
114
98
65
70
79
36
-13
13
78
79
9
-32
5
55
49
7
-13
-9
-17
-60
-115
-143
-136
-142
-204
-301
-368
-371
-365
-396
-451
-481
-478
-470
-474
-470
-434
-387
-373
-381
-350
-268
-190
-170
-174
-141
-63
3
11
-6
7
68
117
110
88
97
116
98
61
76
141
181
178
175
196
223
238
275
351
436
489
508
521
545
579
610
622
621
623
620
590
546
515
494
452
382
315
268
224
166
104
36
-34
-106
-176
-241
-300
-353
-412
-481
-545
-583
-621
-681
-741
-760
-750
-757
-806
-859
-874
-853
-814
-785
-761
-749
-738
-716
-666
-591
-516
-462
-421
-366
-282
-200
-148
-104
-26
83
167
203
241
303
361
391
426
496
566
598
606
618
638
666
712
777
817
803
770
764
785
798
790
774
748
710
656
601
561
529
495
453
407
356
298
239
199
175
144
97
44
-11
-69
-128
-178
-229
-297
-375
-442
-500
-567
-647
-728
-794
-851
-904
-952
-983
-989
-997
-1028
-1045
-1006
-918
-848
-825
-803
-734
-632
-534
-441
-330
-221
-148
-104
-36
76
187
263
308
351
401
450
486
515
558
612
650
651
642
663
698
713
707
721
754
769
756
732
715
702
698
683
641
580
532
500
440
347
263
217
163
60
-59
-146
-206
-290
-388
-458
-495
-550
-632
-699
-726
-731
-742
-747
-745
-740
-735
-726
-704
-672
-630
-581
-551
-542
-518
-470
-415
-378
-348
-299
-236
-178
-137
-101
-56
-4
53
120
199
278
335
364
394
440
500
558
598
623
626
627
626
629
623
600
571
540
507
472
446
412
356
278
217
190
176
148
99
56
15
-29
-81
-114
-126
-136
-162
-203
-234
-256
-277
-310
-335
-344
-338
-329
-332
-342
-347
-339
-317
-297
-280
-259
-227
-190
-174
-171
-160
-127
-86
-58
-43
-26
-10
-5
-11
-6
21
44
35
4
-15
-2
26
30
9
-10
-8
10
10
-5
-9
13
44
56
50
55
77
97
93
90
113
153
164
143
123
136
160
159
148
148
156
145
115
97
106
126
134
121
95
73
56
51
57
62
56
35
3
-30
-55
-69
-81
-100
-125
-150
-174
-196
-215
-222
-222
-227
-231
-225
-202
-170
-141
-118
-94
-65
-28
18
67
114
141
151
160
180
210
227
222
205
192
181
160
128
102
76
48
12
-28
-58
-82
-111
-144
-176
-191
-196
-206
-217
-224
-217
-212
-215
-217
-205
-183
-165
-155
-146
-121
-89
-57
-32
-2
45
96
139
168
197
234
280
313
337
352
354
350
340
338
332
304
263
220
189
168
131
83
39
7
-24
-57
-87
-98
-100
-110
-135
-155
-164
-167
-167
-166
-160
-160
-174
-192
-205
-204
-200
-206
-210
-207
-198
-192
-197
-198
-186
-167
-148
-132
-116
-95
-72
-50
-30
-14
-3
12
32
57
75
82
86
88
89
91
99
109
118
111
96
89
91
99
98
85
78
80
88
97
105
114
123
125
125
129
141
160
167
165
159
157
154
138
113
91
79
72
52
31
14
-2
-22
-50
-77
-94
-104
-113
-122
-128
-124
-126
-137
-153
-164
-163
-160
-154
-142
-131
-127
-135
-142
-138
-126
-111
-98
-85
-63
-47
-38
-30
-11
20
50
67
72
79
94
110
120
124
129
131
122
105
87
76
78
77
65
44
20
2
-6
-12
-21
-26
-26
-25
-28
-38
-46
-38
-23
-19
-26
-32
-27
-20
-23
-34
-42
-40
-39
-43
-50
-50
-48
-49
-54
-55
-42
-30
-27
-28
-24
-8
7
13
15
23
32
34
32
36
39
41
30
23
21
24
27
22
15
15
22
28
27
23
19
18
21
24
30
40
44
43
43
43
51
63
72
75
68
57
46
40
37
32
21
8
-2
-11
-17
-22
-25
-27
-30
-34
-33
-30
-29
-30
-34
-38
-42
-43
-44
-47
-51
-56
-60
-63
-65
-65
-62
-58
-56
-54
-49
-43
-33
-25
-13
-8
0
6
13
20
27
34
38
43
45
46
45
45
43
41
38
31
24
17
9
4
2
-1
-5
-8
-11
-14
-12
-8
-4
-1
-1
-3
-2
-3
-6
-5
-4
-4
-4
-8
-12
-15
-12
-11
-11
-11
-12
-12
-13
-10
-6
-1
1
2
4
6
10
12
14
14
13
13
12
11
10
10
9
6
3
-2
-2
-1
-2
-5
-6
-7
-8
-7
-7
-5
-5
-6
-5
-1
3
8
10
12
12
12
12
14
15
14
15
15
14
13
10
9
9
9
8
6
5
4
1
-2
-3
-6
-9
-12
-13
-15
-14
-16
-16
-18
-16
-16
-18
-21
-19
-17
-16
-15
-14
-11
-10
-9
-7
-5
-2
0
2
4
6
10
10
12
14
17
18
18
22
21
19
20
17
17
17
15
13
8
7
6
5
3
1
-3
-5
-6
-9
-11
-11
-14
-15
-15
-15
-16
-16
-16
-16
-18
-17
-17
-15
-15
-14
-14
-13
-12
-12
-10
-9
-8
-5
-4
-4
-3
-3
-2
0
2
2
2
2
2
3
3
6
6
8
10
9
9
11
13
14
15
18
20
21
22
22
22
21
18
19
17
18
17
15
13
