4
6
5
6
6
4
4
6
4
4
3
1
2
1
1
1
2
-1
-2
-2
-5
-5
-4
-3
-3
-3
-3
-4
-3
-5
-4
-4
-5
-4
-4
-3
-4
-4
-4
-3
-2
-3
-3
-5
-3
-4
-4
-2
0
0
0
2
1
0
-1
2
1
1
2
3
3
1
4
7
5
1
0
3
1
-3
1
3
2
3
6
8
4
3
0
-4
-4
-3
-5
-4
0
4
5
4
5
4
2
-2
-1
-3
-4
-3
-2
-1
1
2
1
1
1
0
-3
-3
-2
-1
0
2
4
2
3
3
3
3
1
-1
-2
-3
-2
-2
0
1
2
3
2
3
2
1
0
0
-2
-4
-1
-2
-2
0
-1
-2
-2
-2
-2
-2
-3
-3
-2
-4
-3
-2
-1
-3
-2
-1
-3
-4
-4
-4
-4
-4
-1
0
1
0
2
2
2
1
2
4
2
1
4
3
1
1
2
2
1
0
2
2
0
1
3
4
3
2
3
2
1
2
2
1
-1
1
-1
-3
-2
-1
-1
-1
-1
0
1
0
0
1
1
0
0
-1
-1
-2
-2
-2
-2
-3
-4
-3
-2
-2
-4
-2
2
0
-4
-3
-1
-2
-1
-1
1
0
2
3
4
4
4
2
2
2
4
2
1
3
5
4
1
4
5
2
0
1
1
-2
-2
1
2
0
0
2
2
1
0
2
1
-1
-2
1
0
0
1
2
1
-1
-3
-2
-1
-3
-4
-4
-3
-3
-3
-2
-2
-2
-5
-7
-4
-3
-4
-7
-4
-2
-3
-3
-2
0
-3
-3
-2
0
2
2
1
3
5
6
4
5
2
-1
-3
-6
-7
-9
-7
-6
-9
-9
-3
-2
-6
-9
-6
-6
-15
-17
-7
-6
-11
-9
2
7
3
3
9
7
8
11
15
16
27
38
43
50
60
71
71
68
76
81
81
74
70
80
84
76
77
81
86
90
89
97
96
92
93
92
90
77
56
53
64
51
25
22
28
2
-47
-68
-89
-146
-205
-218
-225
-258
-284
-287
-281
-290
-321
-336
-324
-307
-313
-316
-257
-178
-161
-164
-116
-60
-70
-110
-115
-105
-117
-117
-100
-99
-89
-48
-23
-53
-87
-80
-89
-144
-172
-158
-140
-127
-78
6
77
145
227
299
335
372
427
446
437
451
470
471
449
425
412
372
320
278
243
219
196
183
205
254
295
311
333
390
425
410
394
395
388
357
322
306
280
239
204
162
117
72
28
-23
-76
-113
-144
-173
-186
-178
-175
-198
-205
-183
-194
-254
-289
-260
-257
-304
-315
-270
-258
-282
-261
-233
-288
-367
-382
-425
-576
-680
-634
-637
-791
-851
-697
-616
-750
-815
-672
-579
-639
-599
-386
-250
-250
-159
29
104
62
94
111
-106
-426
-559
-601
-881
-1251
-1288
-1036
-934
-1021
-854
-383
-15
86
259
684
1026
1111
1162
1444
1818
1985
1981
2015
2151
2179
1976
1714
1536
1386
1125
834
663
596
518
381
278
269
304
282
209
144
137
190
244
308
399
533
640
655
642
594
539
241
-619
-1667
-1931
-1270
-1207
-2241
-2554
-1310
-505
-1469
-2046
-897
-225
-1286
-1875
-655
51
-934
-1308
-6
895
222
-309
279
644
131
-317
-149
-9
-280
-494
-329
74
304
186
22
158
427
343
31
-19
190
263
189
378
843
1132
1050
985
1221
1393
1107
674
631
784
608
316
460
786
599
135
110
330
116
-305
-305
-288
-1002
-2073
-2786
-3519
-4654
-5257
-4668
-3994
-4070
-3728
-2085
-562
-399
-344
915
2215
2123
1659
2332
3422
3502
3004
3173
3736
3546
2586
1772
1401
921
26
-849
-1236
-1168
-1023
-958
-750
-246
328
597
612
726
1000
1233
1320
1457
1846
2438
2968
3156
3097
3040
2908
2352
1411
576
-12
-685
-1552
-2166
-2281
-2288
-2581
-2948
-2975
-2766
-2705
-2842
-2808
-2417
-1930
-1617
-1319
-698
-74
-35
-322
-88
515
338
-531
-817
-348
-403
-1224
-1498
-1015
-919
-1465
-1564
-1037
-901
-1237
-1217
-684
-341
-306
-68
388
798
1096
1390
1628
1762
1878
1891
1827
1821
1866
1808
1623
1571
1621
1564
1364
1170
1092
1001
876
774
722
683
614
642
802
947
957
898
944
992
880
706
657
719
654
486
448
519
452
97
-418
-1031
-1828
-2817
-4118
-5665
-6812
-6830
-6160
-5976
-5995
-4892
-2846
-1632
-1600
-1033
576
1620
1357
1270
2386
3495
3499
3212
3676
4311
3964
2823
1868
1353
740
-296
-1306
-1744
-1615
-1400
-1358
-1131
-488
189
438
395
594
1096
1557
1770
1975
2550
3385
4006
4118
4038
4093
3925
3144
2047
1264
727
-129
-1221
-1909
-1991
-2056
-2519
-2981
-2992
-2738
-2708
-2856
-2713
-2184
-1638
-1353
-1027
-292
583
1021
1000
1024
1055
582
-236
-688
-833
-1360
-2054
-2177
-1932
-2069
-2387
-2243
-1921
-1937
-1989
-1703
-1420
-1348
-987
-235
361
667
1109
1698
1980
2009
2128
2202
1968
1648
1588
1625
1520
1397
1384
1377
1308
1230
1107
888
698
624
542
420
463
728
967
1058
1204
1446
1566
1478
1338
1240
1084
921
829
738
599
489
455
222
-367
-1121
-1901
-2883
-4404
-6134
-7164
-7051
-6533
-6510
-6367
-4990
-2901
-1750
-1602
-815
845
1792
1497
1502
2654
3661
3593
3370
3932
4568
4203
3106
2179
1612
865
-324
-1474
-1995
-1918
-1783
-1775
-1466
-674
116
422
468
752
1269
1653
1795
2008
2599
3426
4030
4201
4237
4405
4355
3652
2546
1666
1031
103
-1113
-1976
-2218
-2356
-2817
-3281
-3301
-3015
-2918
-3076
-3036
-2570
-2036
-1797
-1547
-792
234
830
949
1211
1655
1558
738
-11
-274
-697
-1663
-2481
-2562
-2435
-2718
-3025
-2785
-2244
-2017
-2062
-1911
-1453
-945
-570
-197
354
1015
1535
1818
2108
2480
2646
2450
2156
2037
1927
1647
1341
1214
1221
1191
1115
1044
1009
966
825
625
515
539
550
531
678
962
1152
1222
1425
1705
1735
1564
1521
1593
1399
1009
830
804
501
-180
-846
-1444
-2336
-3779
-5505
-6761
-7134
-6986
-7018
-7000
-6007
-4220
-2849
-2304
-1468
153
1447
1686
1670
2402
3390
3729
3618
3822
4396
4545
3925
3024
2392
1889
953
-365
-1389
-1722
-1774
-2011
-2161
-1745
-930
-342
-126
144
705
1263
1483
1514
1801
2465
3108
3372
3484
3830
4226
4108
3445
2751
2202
1425
240
-930
-1665
-2100
-2605
-3182
-3476
-3328
-3044
-2973
-3014
-2803
-2363
-2085
-2034
-1755
-1032
-288
122
488
1132
1678
1604
1128
861
769
251
-720
-1467
-1691
-1911
-2468
-2883
-2727
-2360
-2295
-2367
-2133
-1629
-1205
-959
-675
-192
397
884
1220
1610
2167
2621
2678
2534
2558
2652
2455
2018
1723
1646
1506
1209
972
928
919
774
548
416
412
398
295
227
334
542
681
737
841
1025
1171
1221
1240
1281
1295
1197
1000
762
491
119
-390
-996
-1679
-2549
-3680
-4854
-5675
-6030
-6214
-6338
-6036
-5120
-4080
-3395
-2789
-1745
-418
563
979
1210
1649
2251
2700
2866
2986
3247
3429
3245
2883
2759
2768
2392
1538
771
488
408
75
-449
-756
-682
-477
-385
-292
3
393
576
588
788
1290
1730
1806
1733
1896
2265
2503
2484
2365
2226
1983
1621
1229
824
364
-165
-698
-1143
-1431
-1600
-1762
-1986
-2213
-2336
-2319
-2216
-2114
-2046
-1964
-1804
-1556
-1282
-1058
-919
-853
-836
-873
-973
-1083
-1078
-935
-802
-813
-891
-921
-945
-1009
-955
-699
-496
-594
-782
-691
-368
-119
31
230
393
393
447
750
1058
1091
1017
1070
1142
1140
1231
1446
1513
1381
1356
1555
1732
1743
1717
1721
1666
1558
1524
1554
1496
1312
1133
1073
1098
1120
1077
949
766
603
514
464
384
261
130
0
-120
-213
-307
-523
-919
-1416
-1937
-2433
-2762
-2760
-2543
-2475
-2669
-2837
-2743
-2538
-2410
-2297
-2177
-2249
-2532
-2650
-2338
-1880
-1685
-1701
-1593
-1266
-882
-472
34
566
921
1092
1317
1741
2185
2350
2229
2088
2095
2143
2125
2105
2110
2028
1864
1828
1994
2124
2001
1727
1517
1401
1293
1179
1102
1034
927
825
856
1046
1253
1314
1229
1146
1142
1130
1017
830
598
287
-99
-429
-601
-708
-927
-1255
-1504
-1550
-1502
-1544
-1705
-1899
-2109
-2393
-2658
-2761
-2775
-2909
-3111
-3062
-2665
-2219
-1957
-1796
-1623
-1468
-1299
-1010
-688
-540
-550
-492
-281
-17
240
466
564
512
517
731
998
1107
1111
1157
1248
1331
1427
1545
1615
1614
1617
1691
1849
2038
2160
2148
2080
2079
2159
2207
2147
1990
1795
1625
1519
1476
1450
1369
1163
833
479
174
-178
-752
-1528
-2218
-2541
-2524
-2472
-2610
-2886
-3081
-3099
-2981
-2758
-2510
-2436
-2632
-2834
-2688
-2240
-1863
-1733
-1693
-1579
-1364
-1015
-484
96
479
615
732
1048
1493
1811
1850
1712
1591
1580
1659
1783
1890
1893
1748
1574
1557
1699
1778
1610
1294
1062
1007
1029
1061
1108
1124
1045
939
961
1121
1244
1192
1025
887
816
742
628
508
356
97
-225
-439
-514
-620
-856
-1073
-1144
-1182
-1324
-1478
-1522
-1544
-1687
-1862
-1900
-1847
-1874
-1956
-1909
-1735
-1638
-1699
-1764
-1728
-1653
-1565
-1406
-1208
-1091
-1060
-1006
-846
-597
-320
-123
-51
-12
130
367
579
720
818
878
911
995
1161
1324
1410
1445
1491
1577
1715
1864
1938
1912
1864
1852
1844
1813
1786
1756
1676
1559
1484
1482
1490
1414
1260
1113
1032
966
849
705
565
369
38
-382
-816
-1308
-1881
-2354
-2496
-2403
-2413
-2671
-2962
-3078
-3061
-2977
-2799
-2607
-2599
-2778
-2828
-2525
-2044
-1697
-1536
-1405
-1210
-946
-569
-53
459
771
892
1033
1346
1726
1954
1958
1843
1721
1623
1572
1582
1616
1578
1452
1330
1323
1425
1506
1448
1279
1147
1137
1199
1256
1316
1375
1364
1275
1242
1343
1439
1361
1157
988
876
726
537
386
237
-22
-353
-609
-800
-1073
-1392
-1521
-1439
-1423
-1598
-1735
-1696
-1655
-1714
-1686
-1518
-1495
-1717
-1843
-1630
-1350
-1316
-1386
-1322
-1208
-1180
-1090
-824
-589
-560
-579
-465
-303
-208
-133
-71
-115
-212
-162
54
239
315
390
499
562
607
744
925
994
943
929
1018
1138
1234
1316
1369
1370
1367
1421
1483
1469
1396
1338
1305
1268
1239
1233
1206
1126
1034
993
987
966
882
721
463
84
-416
-985
-1474
-1723
-1727
-1711
-1902
-2256
-2547
-2650
-2607
-2450
-2232
-2124
-2244
-2415
-2319
-1910
-1449
-1164
-1035
-940
-805
-566
-160
365
827
1080
1184
1326
1594
1891
2051
2003
1804
1556
1335
1188
1135
1118
1042
882
739
714
787
836
787
681
595
552
557
624
725
768
711
650
697
818
871
821
734
646
515
339
182
43
-159
-436
-682
-841
-977
-1124
-1213
-1202
-1178
-1205
-1249
-1264
-1255
-1218
-1132
-1044
-1016
-1018
-972
-888
-821
-769
-709
-672
-673
-637
-510
-347
-214
-126
-78
-69
-73
-52
-32
-60
-115
-142
-128
-85
15
165
282
311
317
388
508
608
674
727
760
781
837
947
1070
1137
1138
1106
1089
1105
1136
1144
1112
1048
990
975
1017
1076
1068
943
703
368
-60
-548
-991
-1257
-1330
-1358
-1501
-1755
-1995
-2129
-2155
-2083
-1934
-1829
-1900
-2060
-2049
-1756
-1361
-1082
-926
-795
-651
-490
-221
212
678
987
1117
1229
1449
1726
1925
1990
1956
1850
1688
1535
1459
1431
1346
1152
917
742
665
623
543
418
306
237
186
164
200
264
250
157
112
179
263
282
283
312
300
183
1
-186
-359
-490
-566
-643
-789
-964
-1113
-1226
-1252
-1128
-961
-994
-1201
-1285
-1114
-906
-813
-725
-595
-566
-623
-536
-266
-68
-78
-126
-71
29
118
242
363
359
243
179
217
254
219
149
66
-54
-159
-149
-31
64
71
57
107
218
350
474
556
577
564
572
608
659
723
783
800
788
830
937
1002
967
904
876
848
769
656
501
234
-186
-669
-1034
-1162
-1116
-1116
-1317
-1629
-1883
-2031
-2095
-2013
-1777
-1602
-1679
-1828
-1712
-1326
-957
-744
-588
-427
-319
-211
61
535
1002
1275
1383
1495
1690
1883
1972
1963
1907
1798
1627
1467
1416
1443
1430
1314
1147
996
881
781
675
574
479
355
185
47
36
107
108
12
-63
-70
-100
-197
-270
-302
-385
-534
-615
-573
-537
-631
-818
-999
-1138
-1214
-1215
-1173
-1173
-1239
-1312
-1323
-1253
-1110
-947
-846
-849
-877
-807
-638
-465
-348
-263
-194
-152
-102
18
202
348
395
387
394
424
456
483
490
464
421
410
435
458
479
509
531
497
437
423
472
536
582
640
723
798
838
856
873
880
858
819
778
728
688
670
660
643
627
620
565
398
120
-238
-653
-1088
-1410
-1494
-1406
-1376
-1529
-1771
-1962
-2077
-2131
-2072
-1911
-1823
-1941
-2092
-1989
-1608
-1194
-913
-725
-570
-462
-361
-118
322
814
1185
1396
1553
1753
1997
2195
2278
2254
2164
2010
1804
1636
1596
1632
1605
1470
1320
1212
1117
1010
926
880
792
623
434
318
260
191
114
77
66
-4
-142
-276
-367
-451
-553
-637
-698
-791
-964
-1194
-1411
-1528
-1504
-1407
-1366
-1416
-1484
-1518
-1517
-1460
-1311
-1137
-1069
-1114
-1110
-954
-725
-534
-390
-293
-264
-266
-182
11
213
339
412
460
481
501
570
646
630
521
423
392
401
444
523
592
588
540
533
578
616
632
659
692
691
683
731
824
890
893
879
877
858
797
734
695
649
576
518
517
531
482
339
80
-338
-869
-1310
-1487
-1450
-1406
-1482
-1660
-1893
-2130
-2239
-2091
-1782
-1588
-1645
-1793
-1801
-1612
-1303
-959
-646
-458
-424
-434
-312
30
519
987
1309
1481
1602
1749
1918
2066
2175
2220
2141
1926
1684
1555
1547
1548
1490
1394
1283
1133
957
835
816
831
776
652
509
363
200
48
-54
-128
-234
-372
-493
-568
-621
-671
-727
-817
-960
-1119
-1235
-1298
-1338
-1354
-1346
-1355
-1424
-1490
-1462
-1360
-1289
-1269
-1232
-1153
-1082
-1015
-885
-701
-545
-463
-404
-317
-216
-109
24
159
249
305
378
477
558
625
707
781
799
774
771
800
815
800
785
788
800
823
856
881
884
878
882
874
837
804
795
758
668
583
562
557
497
396
298
184
54
-7
43
84
-54
-378
-758
-1101
-1368
-1492
-1463
-1425
-1566
-1859
-2096
-2142
-2029
-1851
-1666
-1537
-1519
-1560
-1508
-1273
-910
-547
-294
-178
-139
-74
85
331
617
910
1160
1317
1400
1502
1679
1871
1987
2014
1979
1882
1731
1605
1593
1672
1722
1663
1527
1388
1268
1180
1144
1149
1118
977
755
546
391
259
119
-11
-129
-271
-461
-661
-831
-966
-1069
-1135
-1191
-1273
-1382
-1480
-1533
-1545
-1531
-1506
-1509
-1558
-1606
-1587
-1487
-1358
-1247
-1171
-1120
-1072
-1002
-878
-712
-541
-413
-346
-311
-251
-143
-14
100
177
217
234
251
304
407
538
648
713
746
777
844
930
1004
1046
1061
1063
1053
1029
1018
1039
1072
1094
1095
1081
1062
1036
996
953
897
823
750
686
622
542
373
32
-486
-1029
-1344
-1356
-1261
-1284
-1463
-1734
-2044
-2320
-2382
-2139
-1820
-1750
-1925
-2053
-1953
-1709
-1435
-1110
-738
-473
-416
-410
-219
219
738
1143
1394
1570
1710
1786
1807
1873
2047
2201
2154
1924
1712
1624
1580
1511
1464
1454
1367
1132
877
783
851
940
969
962
924
796
583
414
374
368
240
7
-169
-220
-267
-385
-494
-563
-712
-1007
-1283
-1378
-1383
-1466
-1607
-1690
-1734
-1829
-1920
-1896
-1798
-1745
-1727
-1660
-1559
-1475
-1371
-1185
-991
-895
-880
-831
-709
-553
-362
-120
101
204
193
157
155
169
193
278
452
665
842
950
999
1018
1035
1063
1097
1141
1247
1439
1645
1764
1775
1742
1698
1623
1505
1416
1428
1498
1500
1372
1187
1023
855
647
395
26
-589
-1341
-1859
-1940
-1861
-2020
-2412
-2756
-3000
-3310
-3574
-3357
-2521
-1631
-1383
-1765
-2090
-1844
-1236
-693
-204
467
1085
1093
548
281
853
1756
2167
2054
2016
2231
2270
1956
1715
1878
2096
1848
1251
895
997
1128
900
486
284
317
333
291
369
566
622
433
212
205
425
705
841
696
325
4
-68
8
29
-17
-70
-262
-688
-1091
-1128
-903
-860
-1148
-1489
-1649
-1708
-1772
-1757
-1621
-1512
-1548
-1625
-1565
-1361
-1133
-970
-864
-764
-608
-404
-222
-114
-46
18
79
167
331
520
571
453
341
369
453
480
477
472
374
172
75
237
482
566
509
505
580
640
694
818
970
1025
1003
1022
1126
1232
1284
1291
1254
1174
1105
1086
1055
938
794
689
537
219
-201
-597
-1040
-1600
-2000
-1960
-1823
-2240
-3146
-3678
-3361
-2758
-2532
-2526
-2304
-2032
-2097
-2208
-1679
-542
359
481
255
385
941
1471
1750
1977
2304
2534
2480
2329
2418
2736
2896
2664
2275
2068
2027
1814
1290
752
530
545
485
266
66
-46
-180
-349
-383
-187
89
205
67
-164
-209
-33
96
20
-73
6
39
-276
-758
-920
-678
-427
-450
-680
-960
-1243
-1474
-1469
-1183
-913
-1011
-1420
-1719
-1646
-1378
-1180
-1048
-937
-973
-1143
-1125
-755
-341
-201
-226
-138
39
124
151
258
395
432
401
439
556
605
496
361
377
536
658
635
539
491
509
562
663
795
851
771
653
646
773
906
935
875
816
798
834
914
981
960
840
704
621
578
544
479
301
-23
-412
-789
-1172
-1471
-1520
-1479
-1856
-2749
-3419
-3201
-2495
-2209
-2474
-2654
-2459
-2229
-2111
-1734
-948
-240
-64
-165
47
673
1272
1506
1551
1771
2197
2524
2551
2465
2557
2799
2907
2785
2627
2524
2271
1741
1246
1148
1299
1191
661
111
-89
-47
-59
-160
-199
-177
-205
-295
-344
-308
-241
-207
-225
-244
-236
-312
-585
-889
-889
-598
-445
-675
-1035
-1211
-1245
-1254
-1156
-983
-1035
-1410
-1717
-1617
-1316
-1188
-1227
-1202
-1134
-1148
-1138
-916
-577
-392
-368
-273
-22
198
252
254
354
515
600
582
536
510
501
522
596
688
722
663
569
528
587
706
795
790
717
677
723
798
833
830
829
830
828
842
872
880
842
772
688
633
608
518
260
-67
-312
-601
-1135
-1615
-1548
-1230
-1588
-2703
-3407
-2953
-2168
-2151
-2649
-2735
-2368
-2178
-2166
-1761
-965
-431
-424
-443
-35
635
1119
1276
1355
1664
2201
2615
2612
2399
2449
2837
3111
2975
2698
2593
2482
2075
1610
1538
1727
1568
920
337
245
372
269
-21
-156
-69
-21
-186
-411
-441
-256
-134
-315
-606
-602
-337
-372
-899
-1304
-1070
-638
-744
-1255
-1492
-1398
-1452
-1643
-1524
-1221
-1360
-1877
-2009
-1586
-1308
-1491
-1602
-1339
-1159
-1299
-1276
-821
-439
-490
-538
-183
217
225
110
327
716
842
737
731
849
861
768
786
934
1005
905
765
735
817
911
952
953
956
971
975
980
1022
1078
1082
1042
1022
1033
1011
956
943
953
901
787
718
675
498
184
-55
-218
-623
-1317
-1735
-1524
-1326
-2001
-3185
-3627
-3018
-2435
-2664
-3122
-3034
-2662
-2574
-2530
-2001
-1228
-851
-864
-687
-119
477
820
1013
1278
1698
2185
2491
2436
2252
2391
2871
3171
2995
2683
2599
2525
2146
1733
1724
1901
1640
934
437
467
584
359
5
-58
117
133
-128
-356
-302
-118
-94
-242
-324
-248
-239
-478
-781
-833
-633
-499
-629
-897
-1110
-1252
-1327
-1237
-1041
-1028
-1324
-1613
-1597
-1426
-1381
-1405
-1315
-1239
-1359
-1477
-1297
-956
-805
-808
-665
-388
-265
-312
-238
49
312
400
417
465
496
481
508
639
779
813
766
726
741
800
877
942
968
953
936
953
986
999
1000
1027
1058
1040
982
962
1001
1025
985
929
900
850
710
512
345
233
45
-389
-984
-1336
-1216
-1080
-1608
-2651
-3244
-2925
-2402
-2464
-2883
-2989
-2765
-2640
-2573
-2166
-1477
-1019
-947
-837
-377
232
636
819
1044
1500
2062
2404
2381
2262
2437
2878
3153
3055
2846
2756
2605
2201
1813
1779
1886
1626
992
506
427
440
225
-75
-156
-64
-80
-277
-450
-435
-323
-297
-355
-354
-301
-389
-686
-925
-845
-573
-468
-662
-952
-1152
-1228
-1154
-936
-764
-883
-1216
-1406
-1302
-1127
-1093
-1114
-1067
-1046
-1145
-1201
-1035
-779
-675
-667
-527
-285
-185
-238
-199
23
234
293
292
323
328
295
329
463
571
566
512
507
554
637
756
860
877
834
822
868
906
893
884
919
946
903
834
832
877
871
826
834
873
806
622
459
377
270
-10
-490
-986
-1190
-1048
-1053
-1682
-2598
-2946
-2557
-2177
-2322
-2612
-2585
-2412
-2395
-2305
-1827
-1201
-908
-915
-769
-285
260
589
762
1022
1482
1978
2249
2243
2233
2473
2838
3001
2936
2887
2871
2643
2208
1945
2023
2073
1703
1093
688
583
473
202
-62
-143
-160
-298
-540
-698
-703
-689
-753
-798
-695
-581
-721
-1089
-1290
-1109
-803
-732
-856
-987
-1112
-1270
-1256
-962
-690
-762
-1023
-1111
-1038
-1016
-1019
-863
-671
-701
-900
-943
-769
-611
-582
-509
-299
-125
-130
-204
-134
54
228
323
392
418
372
310
338
467
595
645
608
539
494
555
713
881
942
906
863
882
919
920
925
989
1054
992
839
761
802
810
718
637
643
615
458
255
126
-4
-341
-875
-1279
-1255
-1040
-1241
-2044
-2831
-2942
-2538
-2293
-2411
-2514
-2430
-2401
-2460
-2236
-1590
-948
-710
-716
-538
-71
433
767
975
1252
1689
2131
2343
2322
2347
2595
2888
3005
3032
3106
3058
2660
2128
1938
2107
2148
1754
1179
778
557
330
96
-23
-40
-133
-391
-678
-797
-767
-819
-1013
-1081
-859
-684
-963
-1479
-1648
-1406
-1190
-1133
-1006
-909
-1208
-1684
-1627
-987
-539
-674
-925
-927
-934
-1084
-982
-513
-251
-527
-868
-785
-512
-450
-471
-291
-61
-66
-191
-143
36
116
112
212
403
484
385
270
276
373
486
612
737
768
667
577
677
926
1088
1069
1016
1016
1002
932
936
1064
1125
985
814
801
848
761
611
579
615
545
384
289
239
43
-367
-849
-1191
-1261
-1131
-1143
-1622
-2412
-2957
-2941
-2637
-2446
-2406
-2387
-2447
-2649
-2701
-2243
-1426
-808
-650
-657
-444
-3
441
812
1219
1688
2069
2237
2301
2455
2717
2913
2968
3026
3196
3289
3066
2607
2213
2050
1999
1890
1673
1356
937
458
42
-183
-198
-123
-176
-466
-847
-1046
-1019
-979
-1080
-1182
-1134
-1054
-1152
-1366
-1459
-1432
-1462
-1501
-1324
-1002
-952
-1260
-1491
-1355
-1071
-897
-717
-474
-460
-782
-1019
-785
-349
-166
-205
-204
-211
-377
-508
-299
81
230
117
32
85
124
124
230
423
514
438
363
393
430
401
379
462
591
651
649
662
707
716
692
747
910
1043
1011
875
813
837
843
826
881
961
885
656
494
490
498
406
326
320
235
-77
-552
-1011
-1332
-1411
-1255
-1158
-1480
-2162
-2741
-2932
-2881
-2739
-2437
-2054
-1959
-2300
-2630
-2437
-1769
-1068
-562
-176
128
270
312
527
1075
1774
2294
2509
2559
2632
2747
2838
2914
3057
3248
3329
3176
2866
2554
2290
2026
1748
1515
1351
1165
836
365
-120
-469
-653
-734
-780
-801
-836
-1000
-1332
-1643
-1678
-1450
-1234
-1219
-1326
-1414
-1481
-1573
-1643
-1607
-1492
-1383
-1313
-1261
-1225
-1233
-1263
-1239
-1104
-871
-619
-435
-358
-363
-389
-363
-220
30
273
385
358
294
247
238
309
473
634
661
571
492
479
481
474
505
571
587
522
439
392
365
336
327
357
407
451
471
468
458
460
480
512
562
633
693
693
628
555
525
527
516
490
453
397
289
135
-6
-84
-124
-179
-288
-478
-755
-1036
-1167
-1131
-1084
-1155
-1300
-1435
-1598
-1809
-1929
-1830
-1588
-1401
-1329
-1287
-1213
-1111
-959
-708
-364
-14
268
474
644
830
1048
1268
1450
1601
1766
1928
2023
2042
2056
2110
2138
2064
1920
1794
1693
1562
1395
1234
1084
897
651
399
199
61
-57
-193
-330
-431
-503
-595
-714
-797
-809
-803
-853
-943
-997
-998
-1007
-1055
-1107
-1138
-1169
-1208
-1224
-1205
-1170
-1140
-1110
-1074
-1041
-998
-913
-797
-682
-583
-502
-439
-387
-318
-217
-101
-5
66
115
151
187
240
317
390
439
462
467
464
465
479
492
476
441
420
417
406
386
398
443
473
461
446
460
490
510
526
554
570
546
491
445
425
414
385
337
284
237
183
120
62
21
-2
-30
-76
-132
-185
-214
-226
-237
-243
-236
-217
-209
-216
-207
-164
-118
-105
-108
-94
-67
-65
-97
-135
-155
-158
-165
-191
-230
-261
-282
-305
-331
-340
-324
-307
-315
-325
-311
-289
-283
-285
-265
-227
-187
-145
-103
-81
-72
-46
8
63
97
131
172
203
213
227
261
294
303
299
299
306
308
316
342
364
362
341
341
359
370
356
353
377
409
416
399
380
357
333
328
340
330
271
186
118
70
27
-20
-69
-117
-171
-245
-322
-371
-391
-413
-470
-530
-559
-570
-599
-648
-676
-678
-693
-727
-748
-741
-708
-676
-647
-625
-602
-566
-521
-482
-436
-369
-281
-216
-192
-157
-90
-17
31
76
154
229
261
275
318
392
449
471
485
509
532
543
557
582
605
611
608
598
589
590
599
612
616
623
638
639
597
543
518
537
544
518
489
473
443
368
288
251
241
206
141
84
42
-30
-136
-223
-265
-295
-367
-466
-549
-610
-667
-725
-772
-814
-862
-902
-919
-923
-927
-931
-920
-895
-866
-827
-775
-713
-659
-615
-555
-469
-377
-299
-231
-153
-68
6
76
163
262
339
379
406
452
517
574
609
641
669
674
659
653
673
700
706
698
696
692
667
630
610
616
619
596
552
511
463
397
329
281
245
185
100
18
-52
-120
-194
-264
-324
-376
-424
-473
-526
-579
-615
-629
-645
-676
-696
-692
-692
-721
-747
-735
-707
-703
-706
-674
-621
-601
-609
-585
-515
-447
-404
-353
-272
-195
-142
-78
21
120
186
239
317
413
497
559
616
670
712
744
774
802
827
845
852
838
811
783
754
717
674
640
611
556
474
394
334
283
219
148
85
20
-53
-129
-198
-253
-296
-339
-383
-426
-461
-481
-492
-508
-519
-517
-511
-505
-500
-483
-458
-440
-433
-424
-403
-377
-355
-334
-314
-292
-269
-242
-209
-181
-157
-136
-116
-93
-61
-27
4
26
39
51
66
90
122
147
157
153
153
166
185
198
201
197
187
169
160
164
179
181
169
156
152
158
166
170
179
193
201
202
202
211
218
215
204
194
184
172
151
122
91
61
31
-2
-36
-69
-100
-128
-162
-193
-207
-211
-222
-250
-277
-286
-278
-270
-262
-244
-225
-216
-220
-207
-168
-121
-85
-62
-36
-3
25
49
76
110
144
165
174
185
201
211
206
195
189
189
184
172
151
128
100
69
38
18
4
-16
-45
-83
-118
-139
-154
-167
-175
-183
-189
-200
-209
-204
-184
-161
-143
-132
-118
-97
-76
-54
-23
12
43
55
62
75
105
138
163
187
211
223
221
218
229
254
268
267
245
217
192
166
143
125
104
76
32
-15
-49
-69
-87
-106
-120
-133
-146
-167
-188
-199
-203
-202
-203
-207
-207
-213
-222
-224
-212
-186
-160
-145
-131
-121
-111
-101
-90
-71
-52
-47
-55
-67
-72
-65
-57
-49
-40
-25
-11
0
11
30
57
83
102
117
129
137
139
137
137
140
143
142
135
128
129
134
142
150
154
166
173
176
174
168
165
158
145
130
114
99
80
60
43
28
11
-8
-26
-40
-50
-60
-73
-88
-103
-116
-125
-135
-140
-143
-146
-147
-147
-146
-144
-138
-129
-113
-96
-83
-74
-67
-62
-54
-42
-27
-14
-7
-6
-8
-8
-4
4
12
19
26
30
35
37
41
46
52
57
61
59
57
55
53
51
48
42
33
22
12
5
-2
-8
-15
-22
-31
-40
-47
-50
-52
-53
-53
-53
-54
-54
-52
-46
-39
-34
-29
-23
-18
-10
-2
7
16
21
23
26
31
34
36
35
35
33
29
25
23
19
17
13
12
13
15
16
16
18
19
23
25
29
31
31
27
26
27
30
35
35
34
30
27
28
30
31
27
21
13
6
1
0
1
-3
-10
-17
-26
-26
-29
-28
-30
-35
-40
-43
-43
-43
-41
-41
-43
-46
-47
-47
-45
-41
-37
-34
-33
-30
-25
-18
-10
-4
0
4
9
15
22
29
37
43
47
51
53
59
63
66
68
67
68
67
63
58
56
55
52
42
31
22
17
9
-1
-11
-18
-23
-32
-43
-53
-59
-62
-69
-78
-83
-79
-79
-85
-95
-97
-91
-85
-83
-79
-72
-63
-61
-59
-52
-36
-19
-11
-5
2
13
21
30
41
52
61
65
66
70
75
79
80
77
75
73
70
62
56
53
46
41
36
30
28
25
22
19
19
20
19
18
19
20
22
24
21
19
18
17
18
16
14
7
1
-4
-7
-10
-16
-25
-32
-38
-40
-41
-44
-50
-57
-61
-62
-59
-58
-60
-62
-61
-57
-53
-48
-45
-43
-40
-35
-28
-21
-16
-13
-12
-5
5
13
19
23
28
32
38
46
50
54
55
59
64
68
69
70
68
69
68
70
71
67
62
56
53
51
46
38
28
20
13
7
0
-9
-21
-32
-42
-48
-54
-62
-70
-75
-81
-83
-85
-87
-89
-90
-89
-86
-85
-83
-79
-75
-70
-65
-60
-57
-52
-47
-40
-34
-30
-25
-22
-16
-7
2
7
11
16
21
31
38
45
50
53
57
63
72
78
81
84
90
96
100
102
103
103
104
105
105
103
98
92
89
83
79
71
61
52
43
36
28
20
7
-4
-11
-19
-26
-37
-46
-56
-65
-69
-74
-80
-86
-93
-95
-96
-95
-95
-97
-99
-97
-94
-90
-86
-83
-79
-73
-64
-57
-51
-45
-39
-31
-23
-13
-4
2
11
20
30
37
44
50
53
57
63
65
69
69
69
69
69
67
65
61
56
54
49
44
39
36
32
25
22
16
11
7
3
-1
-5
-7
-11
-12
-15
-18
-19
-20
-21
-22
-23
-24
-23
-25
-25
-26
-27
-26
-26
-28
-31
-32
-32
-32
-34
-35
-34
-36
-36
-37
-36
-35
-37
-36
-34
-35
-34
-30
-28
-22
-18
-14
-8
-2
3
9
15
21
28
32
38
43
48
50
54
56
59
62
64
62
60
59
58
56
52
