-3
-2
-2
-3
-2
0
-1
-1
-2
0
0
0
-1
-1
-1
-3
-2
-2
-2
-2
-2
1
-1
0
2
1
2
2
4
2
3
1
1
1
1
1
2
3
2
1
0
1
0
-1
-1
-1
-3
-1
0
0
-1
-2
-2
-1
-2
-2
-2
-2
-2
-1
-2
1
1
0
0
2
1
1
1
1
3
3
3
3
3
2
3
2
3
1
2
2
2
2
1
1
3
4
3
3
2
1
1
-2
-2
-2
-3
-2
-2
-2
-1
-1
-1
-1
0
2
1
1
0
-1
-2
-2
-3
-2
-2
-2
-2
-1
-3
-4
-3
-3
-2
-2
-3
-2
-5
-4
-1
-2
-2
-1
-1
0
-1
-1
-1
2
1
2
1
2
3
3
4
4
4
3
5
4
5
3
1
1
1
1
1
1
0
0
-2
-1
-1
-1
0
0
0
0
-2
0
0
-1
0
0
-1
0
-1
0
0
-2
-2
-2
-2
0
-1
-2
-1
-1
-2
-1
-1
-1
0
1
1
0
1
0
1
2
3
2
1
2
3
3
3
2
2
1
0
1
0
1
0
-1
-2
-3
-4
-3
-4
-2
-2
-1
-2
-2
-1
-2
-2
-3
-2
0
0
1
0
-2
0
-1
1
-2
1
0
-3
-3
-2
0
0
-2
2
2
-1
-1
0
0
-1
-2
1
2
1
2
3
4
4
1
2
3
3
2
1
1
2
1
1
3
1
1
1
1
0
0
-1
1
0
1
2
0
-1
0
-1
-2
1
-1
-1
-2
0
1
0
1
2
1
0
0
0
0
-1
0
2
0
0
1
2
1
-1
0
0
0
0
1
1
-1
-1
0
0
-1
-2
-1
-1
-2
-1
-3
-3
-3
-3
-2
-3
-3
-3
-3
-1
-3
-2
-3
-1
-2
-2
0
0
-1
0
-1
0
0
1
-1
1
2
-1
0
1
0
-1
1
0
-1
-1
-1
1
0
-1
1
1
-1
-2
0
0
0
-1
2
3
1
2
2
3
0
1
2
2
1
0
0
-1
-1
-1
1
1
3
3
3
4
4
2
2
3
2
3
3
2
1
0
1
3
2
1
1
2
1
1
2
2
2
3
3
1
0
1
2
1
-2
-3
-1
-1
-1
0
2
1
-1
-1
-1
-1
-2
-3
-5
-5
-5
-6
-5
-5
-6
-7
-7
-7
-10
-18
-15
-16
-16
-16
-18
-13
-14
-12
-9
-10
-13
-14
-14
-17
-24
-29
-27
-28
-24
-22
-26
-31
-31
-30
-27
-34
-41
-34
-28
-21
-20
-15
-1
15
25
37
57
74
92
108
119
139
155
170
186
178
175
184
185
173
148
142
158
163
162
169
180
197
191
175
170
150
130
124
123
136
149
164
176
165
158
147
108
66
53
68
74
69
87
110
102
73
47
12
-46
-105
-148
-190
-241
-292
-358
-448
-515
-552
-598
-668
-704
-666
-627
-627
-619
-576
-528
-519
-533
-545
-580
-642
-726
-826
-921
-1010
-1094
-1171
-1209
-1180
-1108
-1016
-883
-687
-449
-202
39
275
510
744
963
1141
1274
1390
1491
1541
1539
1519
1480
1395
1271
1148
1039
916
770
625
505
418
345
253
147
93
128
207
258
314
443
623
745
772
781
821
847
824
770
704
625
536
435
296
103
-107
-274
-412
-572
-744
-861
-908
-935
-977
-993
-957
-928
-927
-895
-794
-688
-638
-605
-510
-372
-282
-248
-204
-114
-19
43
79
105
90
13
-107
-235
-364
-500
-604
-652
-664
-672
-662
-614
-560
-547
-545
-503
-439
-405
-385
-298
-171
-94
-136
-399
-1004
-1813
-2375
-2446
-2359
-2444
-2374
-1658
-593
41
116
300
931
1539
1651
1486
1559
1983
2436
2657
2711
2789
2868
2718
2271
1766
1426
1140
735
348
274
496
659
556
401
469
683
716
504
343
473
743
909
1033
1302
1656
1826
1726
1532
1371
1116
634
8
-557
-1003
-1418
-1820
-2128
-2282
-2356
-2432
-2536
-2637
-2667
-2623
-2520
-2387
-2184
-1877
-1502
-1093
-669
-244
83
228
258
249
206
102
-7
-71
-140
-229
-264
-217
-196
-289
-405
-431
-408
-422
-447
-357
-131
125
364
620
922
1193
1375
1532
1715
1884
1938
1912
1909
1914
1842
1663
1482
1331
1160
948
692
434
171
-35
-172
-336
-546
-704
-738
-734
-818
-913
-1010
-1320
-2047
-3019
-3682
-3838
-3750
-3740
-3565
-2757
-1579
-741
-534
-366
232
885
1084
879
836
1185
1672
1996
2085
2119
2153
2053
1704
1188
754
450
163
-95
-145
124
462
593
574
666
939
1095
962
780
858
1182
1463
1642
1894
2246
2506
2485
2267
1977
1612
1119
538
36
-341
-660
-978
-1264
-1464
-1609
-1796
-2149
-2694
-3174
-3296
-3131
-3010
-2963
-2614
-1873
-1171
-830
-638
-295
65
201
154
84
30
9
110
234
165
-57
-170
-140
-256
-590
-854
-872
-814
-823
-744
-445
-99
112
285
591
924
1052
1029
1111
1354
1547
1591
1656
1852
2061
2142
2107
2049
1945
1757
1527
1310
1124
923
712
514
327
144
-41
-180
-298
-393
-433
-429
-421
-460
-470
-461
-608
-968
-1448
-2019
-2918
-4007
-4654
-4574
-4267
-4234
-4005
-3042
-1784
-1104
-1045
-790
-36
676
847
691
835
1444
2148
2503
2507
2535
2670
2612
2110
1408
941
702
433
75
-67
187
508
545
383
461
820
978
742
537
829
1397
1755
1920
2231
2746
3052
2928
2589
2254
1876
1293
607
66
-278
-562
-913
-1236
-1411
-1516
-1706
-2032
-2341
-2511
-2669
-2977
-3320
-3314
-2844
-2291
-1908
-1489
-770
-41
230
167
164
331
386
215
-12
-211
-293
-220
-93
-142
-444
-695
-751
-793
-991
-1208
-1179
-980
-765
-515
-133
302
581
774
1061
1401
1579
1570
1615
1771
1906
1954
2007
2088
2083
2008
1915
1774
1512
1208
1016
874
657
389
216
157
85
2
-35
-27
-56
-120
-123
-102
-148
-319
-605
-955
-1329
-1704
-2292
-3257
-4279
-4801
-4710
-4571
-4640
-4363
-3325
-2024
-1337
-1225
-869
69
1037
1317
1076
1067
1661
2430
2707
2538
2470
2717
2849
2440
1777
1348
1166
846
287
-56
77
346
282
4
83
580
960
881
732
1055
1676
2070
2131
2256
2664
3027
3016
2701
2381
2142
1785
1226
612
123
-276
-739
-1252
-1664
-1920
-2151
-2455
-2742
-2908
-3000
-3110
-3211
-3198
-3073
-2870
-2560
-2111
-1584
-1110
-714
-363
-81
97
171
182
141
49
-38
-89
-114
-167
-259
-342
-403
-476
-610
-770
-845
-796
-671
-532
-360
-99
247
611
918
1177
1443
1716
1931
2047
2106
2176
2231
2225
2192
2176
2158
2064
1890
1704
1550
1384
1154
908
706
541
336
103
-64
-133
-178
-260
-336
-357
-356
-412
-560
-800
-1105
-1426
-1756
-2199
-2903
-3795
-4543
-4877
-4873
-4756
-4516
-3969
-3135
-2312
-1735
-1315
-773
-16
663
904
791
879
1491
2206
2419
2205
2225
2697
3040
2765
2208
1997
2095
1911
1300
817
811
893
608
206
245
699
1013
952
907
1254
1782
2046
1989
1946
2114
2318
2299
2092
1921
1854
1741
1463
1105
779
421
-76
-660
-1185
-1602
-2006
-2429
-2776
-2958
-3019
-3071
-3159
-3272
-3410
-3553
-3561
-3300
-2822
-2336
-1902
-1390
-789
-306
-48
168
490
749
721
505
395
440
428
246
33
-78
-135
-232
-333
-345
-278
-209
-140
-12
175
353
503
661
835
1022
1234
1466
1639
1721
1787
1901
1996
1971
1840
1716
1638
1545
1395
1232
1107
983
787
519
247
18
-188
-388
-550
-636
-643
-611
-586
-593
-610
-612
-618
-692
-833
-991
-1151
-1383
-1755
-2211
-2567
-2626
-2377
-2055
-1901
-1890
-1790
-1521
-1226
-1006
-785
-551
-461
-534
-461
-16
524
698
543
581
1061
1623
1830
1758
1788
2011
2191
2175
2065
1943
1735
1411
1144
1094
1145
1046
779
594
663
823
813
632
466
387
290
133
52
104
155
78
2
114
331
359
124
-95
-70
41
-50
-310
-469
-457
-473
-633
-872
-1142
-1444
-1608
-1450
-1143
-1067
-1255
-1363
-1255
-1146
-1125
-1021
-860
-926
-1191
-1199
-790
-443
-555
-824
-750
-378
-120
-83
-47
68
164
260
448
629
598
419
357
463
547
535
536
569
541
492
580
745
760
597
497
586
701
685
608
584
612
656
723
773
729
639
659
800
894
876
867
926
934
830
749
765
722
506
264
184
150
-110
-680
-1346
-1829
-1966
-1826
-1708
-1881
-2263
-2510
-2456
-2284
-2207
-2201
-2205
-2276
-2376
-2237
-1731
-1188
-997
-1031
-778
-82
630
957
1045
1260
1635
1912
1994
2031
2052
1898
1584
1403
1532
1736
1678
1395
1240
1377
1578
1597
1443
1271
1122
951
808
789
826
754
590
555
753
981
984
793
653
665
702
611
415
209
17
-193
-391
-518
-627
-884
-1335
-1755
-1831
-1544
-1232
-1207
-1425
-1636
-1720
-1743
-1739
-1678
-1636
-1740
-1887
-1802
-1431
-1094
-1062
-1184
-1153
-932
-716
-578
-447
-318
-233
-134
68
270
303
204
179
293
423
495
575
670
701
688
755
906
983
904
804
820
909
966
987
1020
1059
1097
1156
1236
1273
1242
1212
1268
1383
1453
1443
1391
1326
1229
1121
1043
953
742
390
-23
-473
-1011
-1542
-1796
-1709
-1620
-1868
-2307
-2529
-2467
-2415
-2493
-2513
-2409
-2402
-2546
-2501
-2030
-1448
-1209
-1232
-1032
-429
229
589
744
972
1300
1539
1621
1664
1714
1665
1479
1324
1373
1553
1635
1517
1343
1290
1354
1373
1246
1028
819
660
546
517
591
675
667
622
697
898
1024
941
781
739
780
718
530
372
276
93
-201
-410
-442
-530
-887
-1308
-1404
-1176
-1027
-1211
-1516
-1687
-1752
-1824
-1825
-1674
-1566
-1682
-1830
-1697
-1327
-1052
-1009
-1010
-898
-734
-603
-454
-293
-237
-276
-211
30
238
231
124
115
205
297
372
455
498
471
448
522
664
756
764
750
782
866
980
1088
1136
1132
1157
1243
1318
1310
1278
1301
1372
1450
1533
1609
1620
1535
1403
1300
1224
1102
879
576
247
-108
-565
-1142
-1700
-2015
-2021
-1940
-2054
-2383
-2685
-2787
-2764
-2722
-2640
-2519
-2510
-2637
-2635
-2246
-1633
-1232
-1151
-1056
-652
-72
364
602
828
1104
1306
1391
1483
1637
1692
1532
1324
1335
1561
1731
1660
1476
1407
1469
1514
1463
1365
1246
1076
891
842
996
1176
1159
997
931
1046
1151
1084
921
818
770
668
517
427
397
279
29
-193
-289
-425
-764
-1125
-1194
-1048
-1077
-1383
-1645
-1695
-1771
-2009
-2149
-2038
-1957
-2097
-2160
-1870
-1504
-1457
-1602
-1542
-1268
-1078
-1036
-928
-709
-534
-421
-238
10
146
136
136
226
330
422
543
644
625
547
593
767
883
866
849
912
977
997
1062
1194
1276
1267
1276
1378
1477
1490
1486
1541
1610
1647
1692
1748
1719
1561
1398
1321
1246
1062
801
555
293
-86
-596
-1145
-1623
-1922
-1997
-1974
-2089
-2421
-2771
-2919
-2872
-2779
-2698
-2624
-2628
-2735
-2729
-2371
-1765
-1307
-1187
-1146
-855
-336
134
431
671
943
1170
1300
1437
1659
1827
1767
1567
1505
1668
1834
1789
1596
1472
1473
1490
1464
1435
1399
1282
1093
994
1081
1231
1242
1093
956
935
947
891
801
755
717
598
418
304
264
144
-135
-432
-574
-616
-749
-1015
-1274
-1418
-1488
-1547
-1582
-1601
-1681
-1839
-1961
-1937
-1813
-1714
-1682
-1667
-1627
-1547
-1415
-1230
-1071
-1008
-987
-877
-647
-406
-254
-175
-101
-17
63
142
238
342
420
477
548
657
781
865
895
909
957
1037
1096
1107
1100
1125
1179
1226
1258
1293
1324
1318
1272
1241
1267
1324
1350
1325
1277
1241
1217
1175
1079
935
779
624
435
206
-42
-361
-849
-1463
-1918
-1975
-1793
-1783
-2113
-2532
-2760
-2806
-2794
-2705
-2494
-2331
-2412
-2569
-2384
-1764
-1128
-890
-934
-832
-425
55
398
679
1016
1309
1431
1501
1729
2057
2185
1992
1731
1688
1817
1849
1679
1466
1358
1312
1239
1181
1205
1221
1086
870
803
944
1065
971
760
650
669
664
585
539
564
521
323
98
22
35
-140
-594
-1032
-1110
-923
-906
-1210
-1517
-1566
-1536
-1642
-1718
-1578
-1457
-1653
-1941
-1854
-1433
-1162
-1241
-1377
-1335
-1184
-1021
-803
-581
-509
-553
-479
-216
41
159
206
250
245
223
314
515
639
579
473
495
625
761
857
907
885
838
872
992
1074
1054
1017
1035
1057
1033
1036
1108
1152
1081
991
1018
1111
1119
1036
973
940
850
708
617
565
413
115
-227
-590
-1063
-1572
-1819
-1700
-1546
-1703
-2073
-2332
-2421
-2501
-2547
-2397
-2140
-2096
-2304
-2360
-1975
-1356
-918
-765
-671
-466
-173
141
500
917
1283
1488
1571
1702
1948
2178
2219
2063
1888
1815
1797
1731
1609
1514
1456
1367
1240
1174
1191
1156
953
709
639
725
748
623
505
499
490
367
236
231
257
137
-110
-285
-325
-366
-533
-774
-982
-1143
-1276
-1358
-1372
-1399
-1500
-1604
-1632
-1607
-1596
-1576
-1498
-1406
-1377
-1375
-1292
-1128
-964
-849
-744
-632
-525
-418
-293
-161
-57
34
134
220
258
290
358
427
444
436
481
570
639
671
712
784
844
882
926
981
1019
1013
997
995
997
990
989
989
966
917
883
894
914
896
836
779
732
668
573
462
353
243
119
-48
-319
-744
-1247
-1617
-1691
-1558
-1505
-1676
-1956
-2176
-2310
-2384
-2311
-2060
-1829
-1852
-2043
-2030
-1636
-1092
-719
-572
-471
-299
-67
210
586
1055
1463
1674
1716
1770
1930
2105
2147
2042
1901
1811
1750
1671
1601
1573
1526
1390
1202
1102
1113
1091
924
722
655
686
653
531
461
473
407
179
-35
-61
12
-29
-209
-381
-480
-603
-798
-973
-1071
-1154
-1297
-1450
-1535
-1553
-1552
-1546
-1519
-1484
-1473
-1475
-1441
-1360
-1268
-1189
-1107
-1005
-901
-807
-707
-583
-439
-313
-220
-149
-64
40
141
207
239
267
301
328
336
354
410
496
573
622
676
755
837
897
938
983
1034
1085
1127
1149
1148
1126
1102
1081
1062
1036
1011
1003
1000
973
914
835
741
631
518
408
287
116
-145
-535
-1030
-1485
-1698
-1618
-1455
-1463
-1682
-1949
-2141
-2240
-2219
-2029
-1758
-1650
-1782
-1918
-1783
-1369
-931
-661
-526
-421
-298
-128
151
570
1021
1340
1483
1563
1686
1832
1915
1906
1848
1763
1630
1468
1364
1374
1439
1439
1348
1252
1209
1176
1083
955
878
863
811
671
508
400
324
220
96
33
36
16
-100
-273
-420
-521
-618
-752
-927
-1121
-1304
-1432
-1478
-1462
-1456
-1496
-1553
-1580
-1560
-1494
-1382
-1250
-1156
-1122
-1092
-996
-842
-712
-639
-583
-504
-418
-335
-228
-84
43
108
133
174
228
263
282
315
353
364
367
417
516
607
664
719
784
857
935
1031
1119
1161
1159
1157
1174
1177
1162
1144
1126
1088
1036
1000
967
899
787
670
568
450
292
83
-227
-683
-1212
-1599
-1693
-1585
-1496
-1562
-1736
-1933
-2111
-2203
-2113
-1848
-1600
-1560
-1684
-1744
-1566
-1187
-775
-442
-212
-59
50
175
392
734
1134
1440
1561
1561
1572
1653
1750
1807
1825
1790
1660
1445
1254
1185
1206
1211
1165
1112
1063
969
843
781
833
901
836
636
431
315
256
190
127
104
82
-17
-190
-336
-392
-416
-515
-701
-906
-1092
-1260
-1391
-1449
-1462
-1490
-1546
-1574
-1565
-1559
-1531
-1418
-1247
-1140
-1138
-1134
-1031
-877
-753
-661
-558
-464
-411
-368
-281
-153
-29
69
134
157
146
155
226
319
372
380
399
440
483
520
578
670
758
826
903
999
1087
1148
1216
1299
1352
1351
1340
1355
1361
1307
1222
1157
1099
1005
894
814
741
598
326
-87
-609
-1140
-1506
-1614
-1576
-1595
-1750
-1964
-2167
-2337
-2396
-2237
-1914
-1685
-1719
-1868
-1845
-1570
-1193
-852
-544
-251
-27
108
251
528
925
1303
1527
1585
1571
1572
1602
1640
1684
1736
1742
1645
1465
1310
1244
1232
1205
1148
1084
987
835
685
648
730
804
741
577
441
374
303
207
162
202
192
-1
-296
-475
-473
-442
-526
-692
-851
-1008
-1183
-1325
-1378
-1375
-1408
-1490
-1568
-1589
-1532
-1390
-1223
-1157
-1219
-1284
-1225
-1084
-958
-816
-572
-306
-195
-251
-294
-206
-75
-9
28
125
267
373
406
398
400
422
452
462
467
536
700
872
943
916
892
926
974
990
1024
1140
1299
1378
1321
1203
1129
1098
1053
983
922
856
718
451
25
-575
-1252
-1744
-1827
-1653
-1653
-2052
-2592
-2889
-2916
-2895
-2823
-2419
-1653
-1051
-1132
-1633
-1710
-1006
-99
343
462
799
1301
1400
1065
1040
1766
2640
2820
2387
2141
2395
2596
2261
1731
1616
1821
1717
1153
686
698
816
559
122
60
418
669
491
159
66
180
213
120
118
279
350
132
-208
-352
-261
-168
-225
-363
-478
-595
-786
-1052
-1294
-1393
-1362
-1367
-1529
-1759
-1875
-1868
-1869
-1885
-1768
-1493
-1267
-1249
-1326
-1282
-1049
-748
-510
-357
-238
-136
-82
-73
-18
157
386
512
467
370
363
435
471
444
444
523
569
474
330
317
437
551
606
678
782
836
840
885
1009
1147
1239
1296
1327
1318
1294
1297
1325
1332
1296
1226
1141
1046
943
826
676
471
206
-139
-636
-1294
-1870
-2009
-1777
-1811
-2542
-3467
-3681
-3077
-2470
-2419
-2584
-2470
-2214
-2150
-2041
-1380
-316
339
188
-164
107
951
1587
1643
1568
1850
2279
2392
2241
2255
2505
2594
2308
1958
1887
1924
1630
983
478
476
728
735
385
4
-123
-65
-39
-81
-50
105
186
12
-253
-237
80
268
65
-214
-198
-61
-173
-420
-389
-137
-130
-476
-737
-663
-566
-744
-1001
-1041
-972
-1088
-1346
-1432
-1289
-1162
-1167
-1162
-1051
-940
-901
-826
-629
-413
-292
-237
-172
-110
-97
-89
-10
116
185
161
132
194
319
395
377
368
448
529
486
397
443
594
637
536
503
629
732
688
644
740
861
835
742
767
865
860
737
654
647
558
321
31
-302
-778
-1254
-1331
-1027
-1054
-1905
-2924
-3027
-2210
-1584
-1798
-2276
-2288
-1970
-1773
-1577
-1007
-268
53
-103
-142
353
1077
1461
1428
1428
1817
2393
2674
2528
2318
2416
2730
2865
2665
2359
2132
1870
1469
1163
1205
1361
1132
489
2
59
308
207
-175
-324
-131
-33
-285
-571
-570
-425
-415
-468
-409
-390
-643
-976
-958
-582
-323
-499
-908
-1177
-1192
-1092
-1025
-1063
-1216
-1423
-1571
-1567
-1447
-1358
-1386
-1443
-1380
-1203
-1064
-1015
-950
-804
-630
-482
-326
-160
-76
-88
-53
141
385
477
405
362
455
597
682
736
809
848
801
754
823
955
1003
945
908
953
1003
986
947
953
1000
1032
1024
993
936
844
755
727
731
633
391
116
-194
-695
-1258
-1391
-1032
-1006
-1944
-3101
-3191
-2247
-1636
-2067
-2713
-2650
-2120
-1825
-1749
-1402
-806
-444
-441
-368
87
679
1002
1030
1132
1579
2160
2408
2195
1970
2229
2818
3072
2709
2198
2048
2099
1886
1464
1298
1416
1300
748
280
354
631
495
4
-224
15
199
-84
-512
-536
-229
-111
-315
-452
-357
-344
-570
-692
-465
-224
-358
-699
-832
-744
-747
-918
-1058
-1122
-1253
-1455
-1536
-1470
-1468
-1599
-1639
-1463
-1293
-1330
-1400
-1259
-1005
-897
-914
-819
-611
-503
-516
-415
-122
128
170
151
256
452
607
704
800
885
923
940
977
1016
1031
1039
1060
1074
1067
1064
1073
1075
1065
1080
1124
1134
1072
985
938
921
850
683
480
243
-155
-704
-1044
-897
-697
-1213
-2343
-2968
-2434
-1565
-1544
-2273
-2676
-2320
-1838
-1753
-1734
-1335
-776
-556
-623
-483
29
520
656
678
1001
1574
1923
1828
1652
1864
2406
2767
2627
2236
2039
2085
2037
1736
1442
1402
1419
1166
727
485
518
506
253
-3
-9
88
-17
-299
-427
-278
-100
-139
-284
-327
-307
-380
-497
-462
-287
-218
-356
-522
-570
-578
-661
-770
-821
-875
-1033
-1226
-1299
-1257
-1233
-1263
-1249
-1191
-1212
-1309
-1296
-1122
-984
-994
-1006
-887
-756
-751
-756
-600
-351
-205
-183
-115
64
247
351
445
615
807
903
902
908
982
1072
1116
1122
1127
1145
1162
1159
1134
1106
1084
1044
960
885
875
858
700
446
263
83
-349
-916
-1072
-735
-721
-1635
-2718
-2716
-1740
-1192
-1755
-2491
-2383
-1749
-1476
-1603
-1477
-920
-430
-341
-369
-103
410
786
868
941
1309
1806
1964
1716
1595
2013
2615
2713
2247
1834
1869
2005
1786
1372
1234
1359
1289
868
471
393
436
319
109
26
39
-53
-289
-463
-382
-121
19
-119
-342
-381
-276
-251
-294
-210
-69
-143
-406
-521
-421
-415
-637
-813
-797
-842
-1112
-1352
-1312
-1183
-1220
-1320
-1282
-1221
-1330
-1449
-1320
-1064
-997
-1102
-1079
-877
-750
-784
-751
-538
-337
-300
-287
-132
101
270
382
511
639
705
737
786
822
830
877
990
1071
1040
986
1021
1101
1114
1076
1071
1083
1045
1001
1000
935
725
498
346
56
-487
-866
-689
-442
-988
-2128
-2624
-1963
-1189
-1381
-2124
-2307
-1817
-1451
-1516
-1492
-1048
-539
-355
-356
-175
224
593
763
850
1103
1539
1849
1777
1564
1719
2261
2609
2372
1912
1785
1903
1772
1345
1067
1108
1079
703
220
-28
-73
-117
-169
-171
-209
-359
-511
-492
-292
-52
84
48
-73
-127
-49
40
59
95
184
187
18
-158
-173
-132
-212
-372
-477
-584
-819
-1063
-1120
-1040
-1055
-1193
-1275
-1271
-1332
-1453
-1437
-1257
-1155
-1242
-1297
-1141
-947
-915
-918
-753
-505
-406
-431
-362
-160
11
101
228
428
568
596
627
736
850
915
969
1025
1035
1012
1044
1129
1172
1152
1120
1091
1034
976
936
851
669
409
52
-383
-644
-533
-390
-882
-1894
-2457
-2010
-1327
-1374
-1980
-2211
-1855
-1495
-1446
-1338
-908
-435
-229
-175
26
372
692
891
1083
1363
1717
1930
1885
1714
1816
2252
2632
2527
2114
1866
1874
1755
1368
1057
1050
1026
633
111
-116
-107
-258
-507
-505
-280
-368
-851
-1182
-913
-405
-224
-454
-688
-687
-532
-380
-239
-94
-1
-20
-95
-86
24
114
69
-36
-88
-125
-263
-453
-571
-590
-609
-637
-655
-727
-928
-1100
-1042
-836
-796
-969
-1072
-981
-905
-974
-996
-825
-643
-654
-727
-631
-418
-279
-198
-40
156
248
279
386
536
608
659
806
964
963
873
900
1066
1179
1168
1121
1111
1091
1054
1014
936
772
518
130
-336
-586
-400
-236
-829
-1990
-2569
-2012
-1265
-1430
-2187
-2423
-1963
-1577
-1609
-1550
-1085
-564
-371
-327
-104
299
653
857
1020
1339
1825
2184
2125
1840
1911
2489
2978
2817
2313
2117
2233
2100
1609
1273
1333
1305
792
142
-86
-7
-168
-648
-908
-677
-432
-733
-1348
-1535
-1096
-634
-640
-850
-828
-687
-751
-815
-480
34
105
-239
-362
-56
155
10
-98
91
186
-81
-342
-282
-215
-446
-655
-508
-330
-571
-968
-982
-695
-618
-795
-836
-686
-691
-900
-934
-674
-472
-549
-667
-577
-410
-358
-334
-187
4
95
138
241
359
404
443
587
773
848
823
829
899
960
1015
1123
1212
1147
1002
991
1105
1104
897
641
355
-93
-506
-448
-76
-274
-1390
-2457
-2394
-1566
-1256
-1814
-2343
-2231
-1901
-1846
-1804
-1376
-809
-566
-586
-442
12
493
733
793
994
1520
2099
2233
1893
1696
2090
2706
2876
2595
2352
2276
2049
1633
1414
1512
1495
1022
375
22
-24
-121
-405
-670
-746
-740
-834
-1044
-1208
-1174
-993
-892
-980
-1066
-964
-834
-897
-981
-767
-410
-352
-547
-507
-169
10
-106
-99
185
330
131
-33
106
223
60
-89
27
101
-153
-427
-347
-148
-228
-444
-419
-266
-341
-559
-548
-356
-351
-552
-620
-490
-438
-532
-520
-331
-200
-214
-191
-43
92
166
283
442
514
517
603
768
848
824
846
942
968
891
859
932
968
872
779
772
582
-69
-815
-862
-144
230
-674
-2210
-2881
-2313
-1604
-1658
-2098
-2241
-2195
-2352
-2475
-2039
-1199
-668
-711
-821
-470
207
684
750
764
1200
2004
2582
2504
2097
2048
2502
2959
3081
3064
3071
2849
2248
1719
1746
2091
2056
1415
651
267
201
59
-294
-607
-654
-585
-709
-1036
-1259
-1225
-1148
-1194
-1163
-881
-655
-887
-1387
-1535
-1158
-725
-621
-704
-768
-893
-1084
-1017
-557
-147
-203
-501
-570
-405
-323
-337
-231
-70
-125
-341
-386
-238
-222
-398
-444
-211
-19
-109
-284
-285
-182
-141
-84
85
204
92
-109
-117
59
206
249
256
262
224
212
320
502
634
669
691
737
780
798
832
909
984
1004
974
948
931
868
786
769
808
812
773
704
319
-585
-1381
-1124
-7
387
-840
-2523
-3070
-2513
-2099
-2183
-2109
-1875
-2168
-2998
-3296
-2470
-1331
-836
-987
-1102
-787
-215
304
538
626
981
1683
2267
2292
2074
2151
2402
2408
2342
2750
3409
3360
2379
1427
1383
1901
2097
1776
1335
962
496
-28
-304
-215
-13
-43
-396
-834
-1029
-896
-748
-849
-993
-808
-403
-311
-696
-1113
-1168
-976
-782
-551
-302
-366
-899
-1446
-1413
-858
-354
-216
-334
-573
-882
-1047
-813
-342
-76
-163
-350
-464
-591
-711
-618
-312
-118
-218
-375
-346
-248
-278
-324
-144
186
361
289
170
159
191
204
272
448
624
647
513
356
308
404
580
736
798
760
669
595
590
678
821
934
944
847
736
693
705
694
637
608
629
610
503
405
342
98
-471
-1022
-1023
-522
-239
-677
-1517
-2126
-2345
-2396
-2304
-1942
-1549
-1634
-2255
-2804
-2714
-2072
-1374
-946
-765
-694
-633
-508
-252
176
740
1273
1571
1613
1624
1815
2081
2201
2215
2367
2679
2866
2735
2438
2223
2102
1947
1779
1727
1773
1681
1280
694
223
47
81
117
46
-113
-338
-651
-988
-1156
-1049
-812
-704
-785
-944
-1133
-1378
-1592
-1559
-1249
-955
-963
-1208
-1431
-1530
-1559
-1471
-1173
-806
-671
-801
-921
-879
-793
-713
-498
-164
12
-83
-176
-65
68
46
40
240
470
474
364
386
482
438
311
343
522
597
496
400
404
386
283
232
331
450
441
343
297
334
370
364
360
401
489
565
565
496
456
505
574
569
527
543
582
542
420
311
270
247
200
156
140
89
-84
-356
-574
-617
-544
-530
-658
-825
-944
-1070
-1274
-1467
-1498
-1386
-1295
-1314
-1371
-1384
-1350
-1297
-1196
-1005
-745
-516
-384
-294
-124
157
446
651
793
932
1058
1153
1264
1435
1612
1692
1668
1620
1577
1513
1438
1399
1397
1360
1238
1076
931
806
684
575
490
411
304
167
40
-46
-106
-158
-210
-265
-331
-426
-531
-612
-656
-681
-706
-739
-794
-873
-953
-990
-965
-916
-898
-915
-932
-916
-881
-853
-823
-780
-723
-686
-680
-680
-649
-589
-529
-480
-423
-361
-318
-296
-258
-180
-89
-19
40
109
176
216
240
287
368
451
506
544
579
609
635
665
702
742
770
772
743
704
679
672
664
640
610
572
503
407
336
325
340
330
284
231
186
131
69
18
1
1
-16
-72
-147
-212
-254
-274
-284
-291
-314
-349
-370
-362
-349
-344
-336
-306
-275
-270
-281
-271
-229
-184
-173
-195
-225
-227
-191
-151
-143
-169
-193
-201
-209
-226
-222
-185
-155
-176
-226
-236
-197
-167
-184
-190
-137
-72
-68
-101
-87
-19
29
31
49
116
168
166
140
137
159
192
241
295
312
283
261
287
344
390
421
448
455
435
410
413
439
441
421
398
381
353
303
252
213
184
158
129
95
43
-12
-53
-79
-108
-140
-164
-170
-186
-225
-269
-284
-274
-268
-292
-326
-334
-322
-322
-352
-385
-389
-364
-348
-353
-370
-384
-393
-399
-398
-392
-383
-373
-367
-375
-391
-398
-374
-330
-292
-268
-240
-204
-168
-134
-85
-15
53
104
142
188
241
287
322
354
400
457
502
519
529
552
578
584
581
598
629
640
616
576
546
534
529
511
465
408
360
322
277
218
171
153
126
53
-43
-104
-123
-159
-231
-292
-309
-322
-378
-463
-520
-527
-514
-516
-539
-561
-574
-577
-585
-583
-550
-498
-464
-468
-483
-469
-421
-360
-310
-275
-245
-216
-195
-178
-143
-80
-6
44
64
85
117
149
179
229
300
363
394
410
434
460
483
515
563
606
627
623
608
587
568
560
562
561
532
467
388
324
291
275
232
154
73
19
-21
-71
-126
-167
-203
-250
-307
-345
-357
-381
-428
-473
-490
-494
-512
-535
-548
-556
-573
-584
-574
-552
-541
-540
-532
-516
-500
-467
-404
-333
-295
-276
-232
-156
-78
-13
61
144
206
246
293
369
444
486
511
547
584
597
581
564
554
550
545
526
478
407
343
312
291
247
184
132
96
55
4
-40
-59
-73
-100
-134
-157
-153
-143
-150
-174
-189
-186
-180
-180
-180
-171
-164
-166
-182
-198
-199
-178
-154
-148
-164
-175
-158
-124
-105
-107
-102
-75
-40
-15
3
20
35
39
47
72
108
131
129
109
90
85
97
111
113
101
77
51
24
8
10
20
15
-11
-41
-65
-81
-91
-83
-63
-57
-77
-100
-97
-80
-74
-74
-61
-38
-23
-33
-44
-36
-23
-15
-8
3
16
21
22
13
0
-3
12
34
43
28
9
3
6
7
10
16
21
15
-3
-11
2
25
33
25
17
25
40
56
73
90
98
95
95
110
136
145
140
143
156
162
152
130
119
121
114
92
71
58
41
11
-23
-47
-62
-74
-101
-134
-160
-172
-180
-199
-218
-224
-216
-209
-215
-222
-215
-194
-168
-154
-144
-123
-95
-68
-54
-44
-17
20
49
59
72
97
122
136
141
159
184
197
188
168
166
182
191
181
156
131
114
95
80
73
61
39
4
-26
-41
-43
-51
-69
-90
-103
-111
-115
-116
-112
-112
-123
-133
-134
-117
-96
-92
-97
-104
-100
-86
-74
-69
-65
-58
-48
-39
-36
-34
-31
-20
-4
10
18
20
21
27
40
55
64
65
62
65
75
84
85
80
76
79
84
85
80
73
70
71
72
68
62
55
50
48
49
50
48
40
35
38
40
35
26
21
20
22
17
8
-4
-13
-19
-25
-32
-41
-54
-67
-78
-85
-90
-98
-110
-121
-127
-125
-122
-124
-128
-123
-112
-100
-92
-84
-67
-48
-31
-15
1
22
41
55
66
81
98
114
120
122
123
124
124
120
118
113
103
88
69
54
44
37
28
12
-4
-21
-33
-41
-45
-50
-59
-67
-71
-73
-75
-76
-74
-69
-66
-68
-70
-64
-55
-47
-42
-41
-39
-35
-31
-25
-15
-6
0
0
2
9
21
27
29
34
40
44
44
42
44
50
53
49
47
42
40
36
29
27
31
30
23
12
7
9
9
7
5
7
10
9
1
0
8
16
16
6
2
2
3
-2
-7
-7
-9
-14
-21
-28
-30
-30
-34
-42
-46
-48
-46
-50
-55
-54
-51
-45
-45
-45
-42
-35
-30
-27
-23
-15
-6
-2
2
7
14
24
30
36
42
50
57
63
69
76
84
90
94
94
95
99
102
104
105
104
98
92
86
79
72
65
55
40
27
12
-2
-17
-31
-44
-58
-72
-86
-97
-107
-113
-117
-122
-124
-128
-130
-131
-127
-122
-116
-112
-105
-99
-92
-87
-78
-68
-60
-53
-48
-41
-35
-29
-21
-15
-6
3
11
17
24
28
31
38
45
54
61
63
63
67
70
73
80
81
82
82
81
78
79
78
81
80
79
77
74
74
71
70
67
64
61
54
45
38
33
25
17
9
-3
-13
-24
-34
-44
-52
-59
-66
-74
-82
-87
-91
-91
-92
-90
-89
-86
-83
-77
-73
-66
-59
-51
-44
-35
-26
-18
-9
-3
5
13
20
27
34
39
45
49
54
56
60
66
69
69
71
70
72
73
72
71
70
68
64
59
54
48
42
35
27
19
11
3
-5
-14
-23
-30
-40
-46
-55
-60
-65
-69
-72
-74
-75
-76
-76
-74
-71
-70
-67
-63
-58
-50
-43
-37
-30
-24
-18
-13
-7
-3
0
3
4
8
10
11
11
13
13
12
12
11
11
10
9
10
10
9
11
9
12
14
14
16
18
18
22
24
27
26
28
29
30
30
29
29
27
27
26
25
24
21
18
16
12
10
5
4
2
-1
-5
-7
-10
-11
-12
-13
-15
-16
-16
-17
-17
-15
-16
-15
-15
-14
-14
-13
-10
-9
-8
-8
-6
-4
-2
-1
1
3
4
7
7
11
12
13
14
14
13
13
14
15
13
12
11
9
8
4
3
2
0
-2
-3
-6
-7
-8
-11
-11
-13
-14
-15
-15
-15
-17
-16
-15
-14
-13
-12
-12
-12
-9
-9
-8
-5
-4
-1
1
2
3
6
7
9
10
8
8
8
9
6
5
6
5
3
1
1
-2
-5
-5
-6
-9
-11
-13
-14
-16
-16
-16
-15
-14
-14
-13
-11
-11
-10
-7
-5
-1
1
1
2
5
8
10
12
15
17
18
19
19
19
18
20
20
22
23
21
19
19
20
18
19
18
17
16
13
13
10
8
7
