-2
-2
-2
-1
0
0
0
1
2
2
4
4
5
4
2
2
1
0
-1
-1
-1
-2
-2
-2
-3
-2
-1
-2
-1
-1
1
1
2
1
1
2
1
1
1
2
2
2
1
2
2
2
2
3
1
5
2
0
1
1
-1
-3
-2
-3
-2
-1
-1
-2
-3
-3
-3
-3
-2
-2
-4
-2
-4
-2
-2
-2
-1
-1
1
0
1
2
1
2
1
4
2
4
3
4
3
2
2
1
1
0
1
-2
-2
-1
-3
-4
-2
-1
-2
-1
-1
-3
-2
-1
1
1
0
0
0
3
2
2
3
2
3
3
4
2
3
4
1
2
0
1
1
-1
0
-1
-4
-4
-3
-4
-6
-6
-6
-5
-6
-3
-3
-2
-4
-3
-3
-2
-1
-3
-1
-1
1
0
0
0
2
0
1
2
2
1
1
2
2
0
0
1
1
0
0
0
0
0
0
0
1
0
1
-1
0
2
2
2
1
3
4
3
4
5
3
3
2
2
3
1
1
2
3
1
2
1
4
2
-1
0
-1
-1
-3
-3
-2
-2
-3
-3
-2
-2
-3
-3
-1
-3
-2
-2
-2
-3
-2
0
-1
-3
-3
-1
0
-1
-1
-2
0
-2
-4
-4
0
-1
-2
-3
1
2
-1
-1
0
0
-2
-3
-2
-2
-2
-4
-3
-2
-2
-3
-2
-3
-2
-2
-1
0
3
3
4
3
5
6
5
6
6
6
7
7
6
7
6
4
4
2
1
1
0
0
0
1
3
1
2
3
1
0
1
1
0
0
0
-1
-2
-1
0
0
-2
0
0
-1
-1
0
-2
-2
-2
-3
-3
-3
-3
-4
-5
-4
-4
-4
-6
-5
-5
-5
-5
-5
-5
-6
-2
-4
-3
-2
-3
0
-1
-2
-2
0
0
0
-2
0
1
-1
-2
0
1
1
0
-1
2
4
3
3
5
6
4
2
4
6
2
1
5
6
2
1
5
6
2
1
5
6
1
2
5
5
3
2
2
5
1
-1
-1
2
2
-1
-2
1
3
-2
-3
0
1
-2
-4
-3
-5
-5
-4
-4
-5
-6
-5
-3
-4
-4
-3
-4
-2
-2
-1
-1
0
0
-1
0
-1
-1
-1
0
0
-1
-1
0
0
-3
-2
0
0
-2
0
2
0
1
0
2
0
-2
0
1
0
-2
1
1
0
2
4
6
3
4
4
1
-1
1
0
-2
-3
-1
2
1
2
4
3
3
1
4
2
1
2
3
4
2
4
3
3
2
3
4
2
2
2
1
-2
0
1
-1
-4
-5
0
-3
-6
-4
-1
-2
-6
-3
-1
-2
-5
-5
-1
-1
-3
-4
-3
-1
-2
-3
-1
1
-1
-3
-1
-3
-3
-5
-3
-1
-3
-2
2
2
0
3
4
3
1
0
4
2
0
0
1
3
3
2
1
4
3
0
0
1
1
-4
-6
-3
0
-2
-2
0
0
1
0
-1
0
-1
-1
0
1
1
2
1
1
2
2
2
1
1
3
0
-1
-1
2
2
0
2
1
1
0
0
-1
-1
-1
0
0
1
2
4
3
5
2
3
5
4
6
7
6
5
7
8
7
6
6
6
6
5
3
3
2
1
-1
-1
-3
-4
-4
-4
-7
-5
-5
-6
-6
-10
-13
-15
-15
-13
-18
-20
-18
-18
-18
-22
-26
-24
-21
-19
-16
-11
-7
-9
-10
-11
-20
-41
-61
-77
-92
-124
-165
-178
-193
-206
-223
-250
-252
-253
-260
-257
-276
-290
-284
-278
-253
-235
-215
-161
-101
-30
40
118
200
271
340
395
471
526
545
562
550
551
555
522
492
458
444
465
467
460
465
470
496
503
489
502
519
552
583
592
624
628
590
536
496
443
347
248
183
128
48
-33
-66
-70
-98
-154
-181
-162
-180
-264
-301
-229
-191
-251
-254
-110
-7
-73
-140
-100
-121
-302
-481
-540
-589
-726
-856
-890
-888
-942
-1017
-1034
-995
-950
-888
-788
-666
-533
-366
-244
-393
-906
-1567
-2217
-3082
-4238
-5121
-5185
-4816
-4606
-4145
-2774
-954
265
950
1944
3239
3940
3704
3339
3547
3937
3753
3161
3081
3575
3646
2914
2232
2117
1835
857
-147
-449
-349
-454
-627
-331
465
1238
1664
1945
2322
2626
2639
2440
2231
2105
2048
1988
1887
1809
1768
1659
1341
716
-78
-773
-1794
-3881
-5988
-5978
-4619
-5014
-6563
-5291
-1525
-106
-1639
-1529
1217
2546
1053
-177
381
868
165
-626
-468
169
191
-615
-1142
-695
-524
-1768
-3135
-2930
-2021
-2131
-2803
-2460
-1089
19
313
409
959
1658
1679
1088
920
1392
1466
901
849
1667
2224
1957
1679
1939
2222
1988
1311
675
479
564
374
-49
1
551
820
635
685
1115
1247
836
446
458
502
165
-304
-375
-79
61
-110
-179
45
164
-190
-903
-1663
-2424
-3454
-4812
-5948
-6246
-5970
-5803
-5566
-4433
-2512
-927
-116
701
2068
3295
3549
3181
3191
3739
3970
3492
3065
3292
3523
2943
1975
1465
1219
490
-582
-1206
-1226
-1142
-1164
-977
-335
553
1260
1627
1878
2218
2502
2508
2300
2142
2191
2346
2380
2249
2153
2139
1909
1263
422
-345
-1091
-2050
-3114
-3796
-4205
-5281
-6802
-6785
-4911
-3941
-4724
-3977
-507
1756
748
99
2101
3714
2639
1120
1183
1545
881
-101
-447
-365
-571
-1358
-2148
-2135
-1809
-2319
-3256
-3073
-1809
-1033
-1102
-787
488
1787
2219
2109
2284
2792
2837
2198
1733
1915
1967
1389
1036
1478
1879
1525
1053
1134
1364
1193
726
320
184
288
293
8
-71
372
725
509
360
752
978
507
-18
-4
119
-124
-398
-226
258
488
124
-760
-2193
-4329
-6646
-8075
-8748
-9799
-10697
-9486
-6385
-4074
-3193
-1388
2146
4967
5285
4607
4926
5827
5683
4412
3683
4281
4933
4344
3336
3266
3417
2262
185
-1085
-1316
-1783
-2823
-3327
-2501
-963
273
1044
1927
3147
4083
4210
3840
3558
3427
3253
3081
2999
3010
3153
3328
3161
2502
1684
820
-505
-2362
-4020
-4922
-5440
-6055
-6406
-5805
-4412
-3129
-2387
-1694
-596
365
229
-906
-1849
-2112
-2500
-3385
-3691
-2733
-1451
-775
-265
618
1284
1118
396
-321
-962
-1688
-2423
-2831
-2565
-1800
-1084
-568
128
1029
1533
1410
1141
1121
1146
1014
966
1320
1987
2603
3033
3462
3900
3980
3490
2772
2204
1661
932
270
95
334
621
877
1264
1756
2087
2096
1863
1548
1190
757
305
-31
-170
-116
59
237
372
526
619
463
122
-139
-322
-647
-1032
-1292
-1634
-2561
-4381
-6768
-8745
-9629
-10172
-11326
-12004
-10324
-7032
-4798
-3902
-1961
1740
4850
5544
5042
5420
6630
6902
5650
4514
4834
5508
4813
3304
2714
2830
1938
-121
-1621
-1738
-1630
-2345
-3094
-2463
-599
980
1605
2230
3639
5092
5537
5194
4994
5191
5291
4981
4497
4234
4230
4024
3241
2152
1229
302
-1177
-3089
-4614
-5345
-5760
-6338
-6702
-6138
-4776
-3544
-2855
-2133
-951
119
371
59
-16
219
-9
-906
-1588
-1733
-2400
-3991
-5017
-4657
-4351
-5011
-5152
-3722
-2149
-1708
-1530
-537
760
1423
1443
1373
1565
1834
1769
1423
1343
1621
1688
1437
1456
1894
2165
2009
1915
2248
2678
2679
2340
2267
2627
2810
2443
2075
2187
2297
1905
1410
1276
1198
878
660
786
969
1011
1089
1287
1490
1635
1600
1271
887
710
464
-145
-735
-930
-1026
-1246
-1295
-1056
-827
-695
-653
-944
-1736
-3281
-5999
-9240
-11153
-11485
-12266
-13743
-13042
-9132
-5201
-3622
-2384
925
4958
6763
6033
5206
5925
6976
6405
4820
4542
5735
6145
4885
3619
3375
2906
1050
-1295
-2509
-2475
-2480
-3111
-3172
-1477
1058
2594
3057
3865
5325
6239
5937
5123
4721
4874
5085
4894
4466
4404
4722
4584
3489
2003
748
-576
-2543
-4821
-6401
-6896
-6999
-7300
-7205
-5857
-3790
-2398
-1886
-1161
109
882
504
-263
-433
-117
-150
-742
-1076
-767
-986
-2638
-4339
-4703
-5294
-7728
-9719
-8599
-6299
-5819
-5561
-2616
1496
3489
3659
4343
5553
5669
4446
3080
2373
2048
1571
1089
1284
2105
2579
2319
2120
2464
2616
1899
879
636
1264
1772
1647
1722
2763
3939
4048
3498
3383
3406
2581
1277
598
494
176
-213
67
929
1591
1780
1860
1974
1812
1157
248
-577
-1272
-1906
-2299
-2260
-1970
-1624
-1052
-285
73
-248
-802
-1873
-4682
-8832
-11710
-12283
-12892
-14796
-15136
-11562
-6658
-4162
-3272
-633
3842
6776
6360
4807
4991
6531
6821
5319
4438
5605
6970
6365
4574
3652
3498
2205
-660
-3067
-3419
-2818
-3102
-3682
-2427
633
3094
3771
4107
5355
6610
6556
5473
4632
4647
5114
5344
5178
5122
5538
5863
5176
3458
1604
45
-1808
-4354
-6726
-7735
-7577
-7463
-7562
-6682
-4446
-2309
-1510
-1323
-511
554
580
-538
-1608
-1904
-1975
-2515
-3213
-3205
-2443
-1854
-1975
-2254
-2257
-2591
-3637
-4523
-4463
-4046
-3967
-3610
-2240
-470
650
1162
1767
2504
2754
2256
1525
1206
1322
1429
1457
1834
2666
3407
3671
3713
3793
3650
2986
2063
1444
1238
1046
720
713
1335
2093
2366
2308
2411
2577
2329
1666
1066
781
612
405
348
596
939
1115
1193
1307
1303
1008
537
52
-463
-937
-1194
-1275
-1360
-1372
-1071
-528
-163
-247
-545
-863
-1936
-4754
-8518
-10891
-11349
-12033
-13731
-13843
-10567
-6274
-4000
-2922
-255
3954
6722
6410
5011
5277
6848
7038
5264
4132
5231
6553
5776
3837
3015
3135
2079
-627
-2913
-3202
-2588
-2836
-3416
-2389
315
2641
3459
3837
4898
6107
6343
5500
4545
4358
4779
4918
4464
4159
4537
4926
4340
2818
1220
-51
-1542
-3753
-6025
-7142
-7076
-6987
-7225
-6781
-5167
-3400
-2594
-2664
-2686
-2043
-1229
-1291
-2069
-2040
-776
193
-7
-172
578
1166
554
-646
-1494
-2160
-3158
-4244
-4709
-4364
-3775
-3355
-2704
-1373
97
859
1046
1385
1920
2079
1756
1498
1739
2272
2627
2781
3148
3751
3971
3530
2991
2752
2358
1455
612
454
692
746
719
1079
1769
2248
2262
2105
2062
1972
1574
1044
777
798
809
773
945
1373
1772
1932
1896
1771
1570
1211
661
45
-528
-1103
-1753
-2638
-4349
-7261
-10347
-12035
-12552
-13556
-14913
-14369
-11177
-7550
-5403
-3644
-316
4115
7086
7377
6742
7330
8603
8325
6316
4852
5173
5704
4707
2956
2265
2561
1989
-99
-2014
-2306
-1975
-2687
-3849
-3525
-1548
326
1137
1839
3453
5494
6722
6779
6492
6664
7049
6812
5807
4823
4462
4309
3540
2108
761
-130
-1159
-2896
-4836
-6034
-6427
-6797
-7424
-7546
-6480
-4740
-3406
-2645
-1817
-933
-759
-1345
-1743
-1607
-1615
-2019
-2113
-1476
-691
-351
-264
99
682
768
-99
-1440
-2382
-2831
-3389
-4226
-4688
-4234
-3199
-2223
-1375
-278
1010
1939
2328
2636
3090
3233
2853
2516
2699
3071
3150
3054
3138
3402
3564
3417
2970
2406
1915
1477
957
419
132
188
382
573
877
1388
1867
2016
1931
1916
1957
1749
1260
856
789
873
854
787
878
1147
1395
1472
1378
1093
553
-255
-1425
-3315
-6107
-9149
-11419
-12673
-13509
-14092
-13713
-11907
-9315
-6919
-4779
-2133
1203
4061
5176
4997
5231
6417
7095
6117
4566
4269
5145
5490
4643
3830
4082
4612
4139
2838
1885
1535
866
-562
-1927
-2304
-1897
-1567
-1556
-1194
93
1919
3342
3983
4368
5047
5782
5890
5226
4354
3748
3283
2625
1788
1044
527
132
-300
-810
-1336
-1809
-2265
-2859
-3585
-4132
-4253
-4202
-4424
-4838
-4886
-4378
-3761
-3437
-3246
-2887
-2438
-2202
-2264
-2452
-2542
-2446
-2292
-2318
-2507
-2490
-2040
-1459
-1161
-1034
-680
-123
206
240
409
897
1309
1342
1287
1536
1961
2163
2099
2051
2161
2295
2322
2262
2199
2180
2184
2148
2042
1946
1937
1944
1854
1741
1776
1920
1958
1821
1701
1730
1789
1698
1466
1250
1108
944
657
291
-9
-171
-277
-425
-566
-572
-458
-378
-387
-330
-118
53
-77
-536
-1269
-2347
-3655
-4586
-4620
-4161
-4124
-4668
-4977
-4512
-3750
-3286
-3008
-2648
-2499
-2816
-3058
-2584
-1779
-1589
-2057
-2174
-1346
-193
454
701
1225
2156
3003
3477
3802
4118
4149
3689
3105
2913
3061
3014
2591
2288
2577
3257
3782
3986
4073
4125
4004
3710
3410
3079
2503
1725
1107
838
684
402
127
97
224
222
48
-75
-106
-294
-747
-1142
-1184
-1182
-1684
-2577
-3094
-2942
-2711
-2886
-3073
-2794
-2406
-2468
-2733
-2584
-2190
-2298
-2970
-3448
-3333
-3088
-3147
-3265
-3036
-2537
-2073
-1704
-1326
-934
-566
-226
49
215
368
594
771
747
680
841
1153
1268
1140
1131
1440
1810
1945
1945
2083
2359
2531
2508
2472
2557
2650
2582
2411
2389
2593
2769
2690
2511
2525
2700
2723
2507
2302
2231
2068
1530
562
-746
-2120
-3031
-3109
-2767
-2862
-3597
-4249
-4255
-3907
-3646
-3428
-3198
-3375
-4089
-4556
-4046
-3120
-2939
-3552
-3821
-3115
-2072
-1461
-1100
-459
382
1004
1463
2129
2883
3167
2866
2575
2801
3295
3480
3247
2987
3004
3216
3438
3579
3538
3188
2620
2183
2067
2041
1785
1342
1023
953
989
1040
1186
1377
1369
1122
973
1144
1308
1020
402
-87
-430
-1007
-1774
-2143
-1934
-1736
-2015
-2440
-2512
-2367
-2376
-2469
-2420
-2437
-2803
-3254
-3299
-2988
-2785
-2829
-2834
-2659
-2423
-2139
-1716
-1305
-1187
-1278
-1201
-889
-680
-718
-751
-570
-304
-83
201
604
927
1018
1038
1216
1476
1572
1452
1324
1344
1453
1552
1661
1827
1988
2065
2109
2245
2448
2548
2473
2353
2332
2354
2295
2188
2159
2208
2225
2209
2265
2375
2383
2221
1933
1340
56
-1812
-3328
-3650
-3155
-3019
-3684
-4464
-4713
-4566
-4262
-3647
-2874
-2753
-3604
-4414
-4029
-2788
-2066
-2354
-2776
-2538
-1862
-1268
-712
14
655
890
1010
1574
2486
3002
2736
2175
2027
2358
2714
2846
2887
2919
2845
2783
3044
3514
3561
2881
2038
1690
1712
1565
1228
1075
1076
859
536
686
1322
1624
1116
428
352
640
399
-479
-1127
-1000
-626
-680
-960
-914
-736
-1045
-1706
-1886
-1450
-1324
-2054
-2896
-2938
-2449
-2326
-2670
-2831
-2591
-2383
-2370
-2177
-1683
-1328
-1386
-1525
-1386
-1082
-861
-727
-605
-511
-366
-3
487
743
685
647
820
946
809
619
633
727
685
656
927
1383
1637
1601
1584
1777
2021
2111
2076
2041
2009
1958
1943
1999
2042
2019
2029
2151
2271
2236
1975
1323
28
-1665
-2814
-2725
-2006
-1922
-2762
-3615
-3810
-3634
-3402
-2861
-2105
-2050
-3085
-4033
-3571
-2180
-1476
-1915
-2393
-2096
-1466
-1016
-429
567
1365
1397
1196
1680
2722
3320
3045
2541
2467
2695
2828
2892
3065
3134
2818
2414
2483
2926
2992
2364
1612
1333
1369
1307
1235
1397
1515
1135
495
341
784
1036
532
-280
-630
-538
-678
-1275
-1746
-1608
-1240
-1289
-1662
-1763
-1599
-1822
-2499
-2791
-2287
-1822
-2218
-2948
-2988
-2394
-2047
-2166
-2170
-1894
-1814
-2020
-1953
-1421
-998
-1066
-1256
-1165
-917
-712
-426
-17
218
215
368
872
1323
1362
1239
1311
1429
1304
1113
1211
1480
1513
1325
1350
1733
2089
2074
1830
1691
1710
1705
1583
1450
1391
1333
1214
1131
1222
1453
1629
1654
1628
1653
1657
1420
714
-503
-1872
-2739
-2755
-2373
-2359
-2887
-3498
-3865
-4046
-3969
-3392
-2623
-2515
-3293
-3959
-3540
-2388
-1610
-1536
-1574
-1347
-1082
-836
-224
808
1617
1707
1493
1726
2485
3166
3365
3272
3204
3185
3136
3175
3395
3543
3273
2697
2320
2351
2410
2136
1707
1498
1472
1374
1286
1446
1635
1340
587
8
-93
-155
-616
-1247
-1586
-1607
-1568
-1507
-1327
-1154
-1252
-1620
-1970
-2054
-1895
-1737
-1819
-2141
-2418
-2386
-2129
-1942
-1931
-1972
-2010
-2099
-2169
-2033
-1701
-1457
-1463
-1547
-1442
-1102
-701
-405
-264
-193
-51
218
510
706
827
956
1068
1109
1150
1305
1519
1620
1577
1550
1661
1832
1913
1861
1750
1673
1667
1709
1760
1816
1870
1872
1786
1667
1619
1649
1658
1594
1515
1498
1487
1206
317
-1158
-2568
-3141
-2864
-2531
-2767
-3398
-4009
-4540
-4915
-4644
-3555
-2564
-2749
-3789
-4229
-3425
-2264
-1726
-1653
-1478
-1324
-1526
-1614
-802
695
1753
1844
1667
2045
2836
3403
3615
3788
3942
3763
3319
3182
3591
4007
3862
3356
3077
3099
3019
2744
2593
2615
2407
1857
1466
1589
1795
1454
692
163
52
-109
-576
-961
-907
-735
-957
-1412
-1492
-1142
-1016
-1464
-1979
-1989
-1743
-1840
-2252
-2460
-2397
-2520
-2919
-3104
-2833
-2548
-2622
-2797
-2688
-2408
-2253
-2176
-1994
-1817
-1827
-1852
-1633
-1296
-1120
-1023
-721
-285
-45
17
235
649
910
889
909
1189
1498
1586
1606
1812
2112
2245
2215
2234
2345
2409
2355
2265
2225
2211
2186
2159
2134
2097
2064
2050
2026
1960
1901
1901
1832
1358
264
-1161
-2224
-2487
-2221
-2052
-2284
-2773
-3361
-3984
-4334
-3946
-2958
-2316
-2712
-3609
-3889
-3253
-2410
-1931
-1662
-1394
-1386
-1741
-1853
-1087
244
1194
1407
1427
1803
2406
2882
3242
3653
3922
3718
3194
2906
3058
3277
3217
3023
2936
2846
2567
2284
2298
2455
2322
1862
1479
1327
1096
617
210
120
51
-338
-802
-855
-571
-460
-673
-849
-797
-794
-1042
-1294
-1300
-1245
-1407
-1684
-1799
-1795
-1929
-2205
-2382
-2398
-2426
-2523
-2534
-2416
-2341
-2357
-2281
-2027
-1803
-1775
-1796
-1677
-1496
-1419
-1358
-1123
-783
-569
-481
-294
61
383
547
661
830
965
986
980
1068
1224
1356
1458
1565
1661
1720
1792
1917
2049
2119
2143
2165
2173
2140
2104
2119
2168
2204
2232
2247
2084
1475
367
-870
-1675
-1830
-1671
-1679
-1988
-2448
-2958
-3428
-3547
-3015
-2149
-1777
-2249
-2931
-3019
-2523
-2001
-1635
-1194
-767
-793
-1209
-1230
-368
841
1552
1678
1746
1988
2181
2276
2584
3151
3480
3197
2627
2354
2463
2583
2534
2474
2443
2214
1759
1461
1569
1783
1671
1270
932
691
279
-266
-514
-363
-302
-701
-1201
-1267
-1010
-925
-1012
-865
-512
-509
-1003
-1402
-1275
-1007
-1127
-1459
-1526
-1380
-1427
-1630
-1570
-1222
-1035
-1205
-1402
-1373
-1305
-1370
-1410
-1275
-1159
-1236
-1344
-1273
-1129
-1097
-1076
-891
-667
-638
-706
-579
-257
-16
79
252
562
762
722
695
895
1164
1254
1214
1258
1396
1471
1468
1517
1635
1698
1656
1597
1577
1566
1552
1563
1584
1522
1247
619
-382
-1443
-2036
-1967
-1648
-1619
-1934
-2329
-2715
-3102
-3181
-2604
-1718
-1386
-1850
-2359
-2216
-1651
-1247
-971
-469
32
-20
-465
-429
458
1525
2050
2190
2471
2849
2938
2837
3055
3636
3978
3688
3146
2917
2992
2991
2834
2773
2791
2548
1952
1418
1283
1323
1148
775
451
125
-415
-1004
-1204
-1006
-937
-1282
-1680
-1762
-1713
-1791
-1770
-1358
-908
-1028
-1592
-1856
-1589
-1359
-1559
-1813
-1754
-1699
-2023
-2368
-2170
-1633
-1454
-1740
-1928
-1744
-1548
-1582
-1569
-1306
-1087
-1196
-1398
-1336
-1078
-894
-777
-547
-270
-127
-42
188
501
664
689
796
992
1074
1052
1191
1530
1774
1765
1731
1869
2032
2022
1941
2001
2127
2101
1932
1834
1875
1903
1834
1781
1825
1863
1696
1190
327
-758
-1718
-2199
-2209
-2115
-2233
-2552
-2956
-3396
-3699
-3530
-2866
-2278
-2324
-2819
-3091
-2873
-2486
-2131
-1604
-897
-491
-650
-851
-394
623
1507
1963
2292
2640
2705
2413
2318
2871
3707
4107
3922
3654
3652
3726
3599
3328
3052
2641
1903
1021
470
503
884
1172
1122
782
299
-194
-580
-800
-868
-859
-834
-809
-734
-489
-21
461
575
162
-481
-954
-1188
-1334
-1389
-1239
-1038
-1165
-1688
-2194
-2359
-2379
-2601
-2934
-2998
-2726
-2446
-2331
-2183
-1875
-1698
-1932
-2347
-2444
-2110
-1688
-1416
-1126
-673
-291
-249
-390
-319
11
309
485
798
1341
1787
1859
1733
1743
1870
1896
1874
2061
2441
2710
2740
2738
2846
2920
2845
2739
2712
2628
2233
1369
15
-1583
-2816
-3170
-2861
-2715
-3230
-4138
-4996
-5701
-6119
-5729
-4230
-2337
-1303
-1518
-2058
-1840
-792
423
1464
2478
3312
3397
2681
2083
2470
3508
4135
3977
3662
3734
3936
3824
3474
3195
2910
2339
1589
1111
1086
1187
952
239
-636
-1103
-857
-224
180
158
-12
-228
-680
-1147
-919
85
830
483
-408
-818
-706
-686
-700
-248
391
357
-372
-864
-664
-376
-562
-926
-1007
-1016
-1376
-1947
-2261
-2300
-2478
-2865
-3006
-2657
-2239
-2232
-2469
-2463
-2131
-1774
-1454
-964
-424
-295
-633
-855
-561
-59
208
308
462
528
352
230
508
996
1267
1251
1174
1114
1031
1012
1157
1334
1328
1152
1023
1049
1160
1262
1322
1331
1326
1395
1589
1777
1814
1796
1889
1991
1899
1743
1678
1191
-413
-2482
-3202
-2002
-733
-1376
-3453
-4987
-5279
-5145
-4842
-3697
-1964
-1270
-2434
-3981
-3821
-1772
470
1525
1608
1596
1742
1791
1849
2423
3530
4373
4280
3621
3335
3689
4003
3667
2967
2663
2972
3296
2914
1822
744
246
38
-427
-935
-891
-662
-1314
-2725
-3363
-2583
-1664
-1666
-1809
-1169
-518
-821
-1269
-618
607
1001
653
738
1293
1280
592
329
874
1292
968
473
372
257
-341
-968
-943
-514
-515
-1124
-1737
-1959
-2072
-2335
-2450
-2162
-1872
-2088
-2546
-2547
-2066
-1714
-1675
-1468
-938
-605
-690
-666
-199
272
337
342
688
1082
1090
900
945
1147
1188
1133
1242
1421
1392
1201
1113
1164
1201
1213
1297
1385
1292
1033
852
871
692
-321
-2034
-3134
-2501
-987
-734
-2430
-4399
-4932
-4321
-3692
-3049
-1897
-889
-1206
-2444
-2689
-986
1362
2559
2458
2261
2686
3266
3450
3464
3823
4432
4695
4401
4026
4011
4078
3663
2868
2493
2920
3399
2905
1470
150
-289
-161
-155
-449
-860
-1409
-2204
-2916
-2987
-2413
-1874
-1885
-2189
-2202
-1834
-1467
-1273
-999
-497
-45
132
210
401
532
405
281
503
902
978
600
101
-251
-449
-506
-410
-339
-574
-1121
-1660
-1912
-1892
-1773
-1708
-1762
-1911
-2055
-2103
-2023
-1827
-1587
-1386
-1227
-1028
-761
-540
-414
-243
110
520
792
932
1032
1043
913
833
1013
1302
1363
1168
971
877
763
649
692
826
768
469
209
145
115
-15
-137
-179
-260
-458
-641
-734
-899
-1268
-1620
-1575
-1133
-760
-876
-1386
-1815
-1787
-1281
-578
-29
158
60
-49
85
551
1257
1957
2345
2344
2225
2321
2624
2860
2907
2891
2946
3020
2967
2716
2371
2113
1890
1424
762
496
856
1033
227
-997
-1463
-1147
-963
-1113
-1036
-847
-1241
-1977
-1953
-1032
-333
-471
-798
-721
-560
-649
-612
-161
239
110
-229
-196
131
232
5
-140
10
149
1
-257
-371
-451
-711
-956
-868
-639
-785
-1306
-1660
-1618
-1549
-1659
-1689
-1544
-1558
-1811
-1835
-1396
-936
-857
-897
-702
-439
-352
-257
48
299
252
175
395
727
826
772
791
826
737
667
786
932
886
701
561
470
230
-359
-1226
-1875
-1770
-1139
-914
-1590
-2543
-2931
-2750
-2472
-2149
-1534
-840
-607
-850
-906
-227
933
1859
2236
2433
2902
3517
3827
3814
3946
4421
4875
4979
4898
4901
4856
4479
3879
3511
3581
3732
3425
2584
1644
986
582
231
-200
-908
-2013
-3102
-3496
-3235
-3166
-3748
-4481
-4807
-4766
-4511
-3909
-3158
-2882
-3157
-3242
-2587
-1600
-900
-534
-280
-128
-74
178
770
1321
1407
1122
936
1047
1233
1269
1175
1040
801
450
201
212
281
34
-498
-896
-962
-950
-1103
-1307
-1440
-1599
-1774
-1728
-1398
-1117
-1113
-1165
-999
-680
-374
-53
289
468
456
547
903
1252
1336
1310
1383
1443
1345
1256
1318
1318
1079
812
750
720
481
109
-306
-906
-1605
-1888
-1544
-1190
-1474
-2192
-2747
-2981
-3004
-2697
-2003
-1372
-1269
-1521
-1574
-1195
-520
297
1080
1634
1946
2238
2616
2970
3274
3678
4161
4510
4654
4733
4772
4627
4316
4053
3990
4050
3990
3599
2909
2189
1579
905
152
-328
-504
-983
-2039
-3015
-3367
-3581
-4166
-4681
-4610
-4407
-4647
-4932
-4717
-4328
-4242
-4090
-3393
-2532
-2099
-1917
-1512
-960
-552
-152
483
1149
1479
1516
1580
1802
2064
2244
2334
2368
2331
2152
1844
1586
1481
1355
1033
653
429
234
-161
-614
-841
-936
-1148
-1382
-1375
-1256
-1339
-1539
-1508
-1239
-1025
-909
-683
-357
-180
-143
26
382
672
786
905
1104
1201
1182
1295
1555
1657
1540
1442
1127
-7
-1617
-2281
-1406
-288
-402
-1545
-2631
-3369
-4018
-4240
-3482
-2188
-1521
-1966
-2903
-3396
-3014
-1990
-927
-213
314
888
1326
1409
1508
2153
3140
3793
4025
4407
5139
5647
5473
4939
4699
4950
5360
5579
5539
5313
4827
3917
2784
2045
2060
2351
2112
1206
160
-696
-1533
-2428
-3062
-3268
-3361
-3748
-4418
-5054
-5446
-5639
-5798
-5933
-5829
-5371
-4834
-4566
-4491
-4286
-3966
-3741
-3395
-2528
-1361
-579
-303
-41
398
737
1006
1623
2500
3007
2962
2855
2963
3005
2852
2826
3036
3093
2765
2349
2102
1845
1388
899
605
431
186
-120
-388
-624
-903
-1198
-1373
-1354
-1228
-1128
-1087
-1050
-998
-968
-937
-819
-611
-417
-274
-113
81
206
228
265
392
511
536
549
637
703
641
543
511
429
127
-249
-410
-315
-184
-154
-164
-174
-252
-404
-522
-537
-477
-397
-330
-295
-270
-190
-63
30
61
117
248
381
454
531
699
909
1028
1032
1021
1067
1112
1091
1047
1052
1088
1065
965
866
829
807
722
569
412
285
160
14
-121
-207
-268
-360
-503
-643
-750
-827
-899
-967
-1006
-1011
-1004
-1010
-1016
-1001
-958
-900
-850
-813
-785
-750
-704
-649
-594
-544
-495
-443
-370
-268
-160
-70
-20
-13
-40
-54
-9
84
152
143
86
27
-22
-63
-66
-16
44
55
10
-39
-53
-40
-19
9
46
87
108
108
102
116
173
261
345
406
452
496
531
550
559
590
653
709
727
702
663
629
587
533
477
429
376
298
198
109
53
15
-24
-71
-110
-136
-159
-193
-230
-250
-251
-254
-263
-258
-236
-226
-244
-266
-269
-262
-262
-261
-245
-246
-290
-347
-374
-365
-339
-311
-291
-303
-349
-397
-424
-424
-393
-325
-250
-215
-220
-220
-192
-149
-93
-10
96
178
205
199
208
246
296
342
392
452
497
504
479
458
463
483
513
548
569
551
496
443
426
434
439
433
412
365
284
193
135
113
90
39
-40
-130
-213
-283
-331
-360
-382
-406
-443
-489
-523
-519
-482
-443
-419
-397
-368
-347
-341
-342
-322
-289
-274
-282
-288
-275
-256
-256
-264
-253
-224
-192
-169
-140
-99
-74
-85
-114
-120
-91
-46
-10
-2
-19
-43
-58
-47
-11
40
89
119
117
107
128
193
273
325
340
346
359
373
389
408
431
449
441
403
363
339
326
299
251
207
181
151
88
1
-77
-123
-149
-180
-213
-238
-254
-279
-317
-339
-330
-293
-260
-242
-224
-198
-165
-129
-89
-38
25
84
126
149
173
213
259
297
322
347
371
382
382
381
392
401
393
375
354
331
295
253
219
195
159
101
40
-12
-62
-114
-160
-192
-225
-274
-331
-377
-400
-415
-434
-453
-471
-489
-516
-536
-536
-514
-494
-486
-489
-486
-468
-445
-410
-367
-317
-275
-245
-219
-181
-129
-71
-14
38
81
115
141
166
195
231
260
275
279
284
289
292
288
283
279
279
288
302
319
327
322
308
299
307
326
346
356
351
331
307
286
271
262
245
218
184
143
102
61
20
-15
-44
-68
-90
-111
-135
-159
-182
-197
-194
-179
-158
-147
-145
-148
-150
-143
-128
-107
-86
-69
-60
-60
-70
-86
-101
-106
-102
-89
-83
-90
-118
-154
-186
-202
-200
-186
-176
-180
-201
-231
-259
-274
-276
-268
-249
-234
-226
-230
-240
-246
-236
-207
-161
-108
-60
-21
7
37
77
126
187
249
305
353
390
420
445
470
496
523
541
551
550
536
514
489
467
444
421
390
347
301
249
200
153
113
76
35
-8
-55
-101
-144
-179
-208
-231
-247
-262
-280
-300
-322
-338
-347
-344
-338
-333
-333
-340
-346
-347
-344
-333
-322
-314
-309
-303
-297
-288
-278
-274
-272
-271
-267
-260
-250
-238
-230
-223
-219
-210
-198
-180
-154
-124
-90
-55
-22
15
51
92
137
187
240
297
351
395
433
460
485
521
555
590
610
614
610
595
578
561
538
516
488
444
390
327
270
220
170
115
52
-14
-76
-128
-171
-206
-237
-272
-311
-346
-374
-381
-376
-368
-357
-352
-345
-334
-320
-297
-265
-230
-196
-170
-146
-124
-102
-74
-49
-25
-4
14
28
34
33
32
27
23
19
17
11
2
-14
-29
-40
-47
-50
-51
-50
-48
-53
-58
-57
-50
-35
-19
-6
3
11
18
25
38
52
67
80
87
92
91
90
89
87
88
86
84
77
67
57
45
35
27
22
14
9
0
-13
-26
-38
-46
-50
-50
-53
-59
-65
-72
-75
-70
-59
-43
-32
-24
-16
-11
2
22
44
66
87
95
100
105
113
126
137
144
151
148
136
123
106
96
88
79
67
49
25
0
-20
-34
-43
-49
-56
-64
-73
-82
-90
-92
-90
-85
-80
-74
-74
-73
-73
-74
-69
-61
-53
-43
-34
-31
-31
-32
-32
-29
-20
-10
-4
-3
-7
-13
-17
-19
-15
-10
-6
-10
-17
-27
-37
-43
-44
-40
-37
-41
-47
-54
-59
-59
-54
-43
-33
-24
-17
-12
-8
2
13
27
43
55
66
70
75
75
79
84
91
95
94
89
80
71
63
58
56
56
51
43
33
24
17
12
11
12
10
5
-1
-8
-15
-18
-19
-19
-21
-23
-25
-29
-32
-37
-36
-33
-31
-30
-30
-30
-32
-28
-21
-17
-10
-5
-1
3
6
10
12
15
16
16
14
12
10
7
4
-2
-9
-16
-24
-30
-35
-40
-43
-45
-48
-48
-47
-47
-44
-38
-33
-26
-21
-13
-5
3
10
20
29
35
40
43
45
46
44
43
40
37
35
32
25
19
13
9
4
1
-2
-6
-7
-11
-17
-22
-23
-25
-24
-25
-26
-27
-27
-24
-21
-17
-11
-6
-3
2
5
8
11
16
22
26
26
28
27
25
24
21
18
17
14
11
8
2
-1
-6
-9
-12
-13
-17
-19
-23
-25
-24
-24
-23
-22
-22
-22
-21
-20
-18
-15
-10
-7
-4
-4
-4
-2
3
6
8
13
14
18
20
21
21
22
22
22
21
22
23
21
21
17
16
13
10
8
4
0
-1
-3
-6
-8
-9
-11
-12
-13
-15
-16
-15
-18
-17
-17
-16
-12
-11
-9
-8
-8
-5
-6
-4
-4
-4
-2
-1
-3
-5
-4
-7
-5
-6
-5
-4
-6
-7
-9
-6
-6
-3
-2
-4
-4
-4
-3
-2
-1
1
2
2
4
5
6
7
9
11
12
13
15
15
17
19
20
20
19
21
21
20
19
17
15
12
11
8
6
4
1
1
-2
-3
-6
-7
-10
-11
-13
-14
-17
-17
-17
-19
-18
-18
-19
-18
-17
-16
-18
-15
-15
-16
-15
-15
-13
-14
-13
