1
4
4
4
3
3
4
4
2
1
1
0
0
0
2
1
1
1
0
0
0
-2
-1
-2
-1
-2
-2
0
0
-2
-2
-1
-2
-1
-1
0
-2
-2
-2
-1
-2
0
0
-1
-1
-1
1
0
-1
0
1
-1
-1
0
0
-1
-2
0
-1
-4
-3
-1
-2
-3
-3
-1
0
-2
0
2
0
-1
0
2
2
-1
1
3
2
1
2
2
1
0
2
1
1
1
3
2
0
-1
1
0
-4
-2
0
0
-2
-2
-1
0
-1
-1
1
0
0
2
0
2
2
3
2
1
2
4
3
2
2
3
2
0
1
3
3
2
1
1
1
0
-1
-4
-2
-2
-5
-5
-4
-3
-4
-4
-3
1
0
-2
-1
1
1
2
1
2
1
0
0
0
0
0
-1
0
-1
-2
-2
-3
-3
-4
-2
-1
-2
0
0
0
0
1
3
1
1
1
3
3
2
4
3
5
1
2
2
0
-1
-2
-2
-1
-3
-3
-2
0
-2
-3
-1
-1
-3
-1
-1
-1
0
-1
2
4
2
1
2
2
1
1
1
1
2
-1
1
1
1
1
0
0
1
1
0
0
1
2
0
0
1
1
-1
-1
0
1
0
0
0
3
1
-2
-1
0
-1
-1
0
2
0
0
2
1
0
-1
1
1
-2
-2
0
0
-4
-2
1
-1
-1
2
3
1
-1
1
0
-1
1
1
0
0
2
2
3
3
3
2
3
3
2
1
1
0
0
1
0
-1
-2
-1
-1
-1
-1
-1
-1
-1
-3
-2
-4
-3
-3
-3
-4
-7
-6
-6
-5
-7
-7
-3
-2
-3
-4
1
2
-1
-2
2
3
-1
-3
1
2
-1
-2
1
1
-3
-5
-1
-1
-3
-3
2
2
1
2
5
6
4
7
9
7
6
7
8
7
6
5
5
4
3
3
2
1
1
1
0
1
1
0
0
0
-2
-2
-1
-1
-3
-2
-1
-1
-1
1
2
3
2
0
1
2
2
1
1
0
0
-4
-1
-1
-2
-2
-3
-1
-3
-5
-4
-2
0
-2
-1
2
2
5
4
4
4
3
4
0
0
-1
-2
-3
-2
-2
-4
-6
-3
-4
-5
-5
-4
-3
-5
-5
-3
-4
-7
-5
-4
-3
-5
-5
1
0
-3
-2
1
0
-3
0
2
1
-2
-1
3
0
-2
-3
0
-3
-6
-5
-3
-4
-6
-7
-4
-3
-5
-9
-2
-1
-5
-6
-2
-1
-8
-9
0
3
-3
-4
5
11
5
-1
5
15
17
21
39
56
66
80
94
107
122
127
140
138
136
152
156
145
135
130
136
131
121
121
109
91
85
82
66
40
32
48
46
20
15
32
30
-4
-21
-4
-2
-29
-38
-18
-11
-13
8
31
19
11
44
61
10
-47
-44
-71
-181
-286
-321
-353
-452
-483
-412
-390
-449
-473
-416
-412
-505
-573
-587
-684
-888
-1066
-1212
-1471
-1885
-2298
-2568
-2670
-2611
-2423
-2111
-1598
-841
11
724
1276
1803
2296
2587
2642
2615
2594
2511
2328
2139
2017
1902
1672
1307
925
628
352
-22
-428
-651
-617
-464
-297
-49
338
757
1091
1335
1532
1640
1592
1414
1230
1109
949
624
211
-38
-55
-102
-390
-749
-879
-858
-1014
-1376
-1624
-1625
-1614
-1700
-1646
-1325
-995
-854
-707
-369
-66
-53
-194
-222
-164
-201
-313
-348
-286
-229
-207
-185
-166
-185
-268
-409
-548
-612
-615
-638
-671
-591
-385
-177
-24
141
335
473
543
640
780
887
948
1033
1165
1289
1359
1376
1348
1295
1230
1136
976
757
524
302
97
-76
-214
-348
-491
-599
-660
-726
-863
-1061
-1274
-1478
-1739
-2217
-2947
-3612
-3774
-3483
-3224
-3113
-2600
-1388
-105
573
935
1625
2453
2732
2464
2310
2473
2484
2129
1818
1890
2063
1875
1328
819
557
297
-229
-846
-1119
-952
-661
-439
-102
507
1205
1691
1909
2045
2214
2278
2054
1653
1428
1494
1538
1308
1018
955
947
628
18
-568
-1034
-1552
-2178
-2706
-2930
-2893
-2788
-2658
-2356
-1869
-1427
-1173
-1020
-969
-1097
-1161
-869
-519
-590
-736
-295
400
461
53
44
287
-28
-706
-885
-703
-935
-1359
-1183
-576
-328
-409
-238
133
258
189
249
372
383
422
655
952
1185
1396
1576
1659
1697
1728
1617
1306
998
867
803
672
571
613
699
708
700
762
824
769
634
558
568
566
530
560
709
853
883
857
830
734
502
232
24
-178
-435
-679
-827
-935
-1107
-1368
-1702
-2122
-2698
-3585
-4758
-5743
-5987
-5649
-5408
-5238
-4309
-2440
-688
193
841
1999
3117
3318
2918
2863
3197
3211
2774
2529
2785
3008
2646
1866
1204
769
174
-771
-1688
-2098
-1973
-1644
-1280
-738
110
1087
1829
2191
2397
2671
2839
2624
2222
2159
2514
2771
2635
2462
2574
2636
2162
1251
367
-384
-1259
-2280
-3076
-3380
-3347
-3261
-3107
-2675
-1988
-1365
-1044
-949
-922
-906
-892
-890
-1012
-1252
-1238
-706
-45
157
80
269
538
264
-450
-917
-1136
-1641
-2285
-2357
-1875
-1540
-1470
-1131
-449
41
130
153
278
341
325
417
670
993
1344
1698
1996
2227
2383
2342
2023
1599
1289
1042
725
446
396
523
636
716
863
1043
1081
940
790
771
788
700
590
669
925
1112
1146
1175
1240
1158
880
576
307
-19
-401
-714
-947
-1185
-1453
-1782
-2236
-2866
-3784
-5074
-6359
-6912
-6672
-6415
-6389
-5689
-3824
-1808
-671
86
1369
2781
3277
2939
2804
3242
3571
3310
2975
3211
3743
3725
2967
2157
1738
1259
218
-1019
-1719
-1780
-1651
-1541
-1206
-450
540
1340
1735
1957
2341
2743
2726
2358
2259
2674
3101
3128
3019
3152
3328
3077
2313
1362
468
-450
-1542
-2654
-3394
-3612
-3602
-3637
-3561
-3102
-2413
-1933
-1794
-1709
-1466
-1292
-1509
-1902
-1845
-1208
-636
-502
-267
486
1127
951
377
146
32
-598
-1507
-1967
-1940
-1925
-2027
-1906
-1477
-1062
-925
-1006
-1024
-838
-627
-604
-593
-215
487
1086
1466
1935
2563
2956
2875
2619
2505
2385
1980
1422
1124
1155
1168
976
859
1024
1197
1062
795
729
790
685
444
364
549
808
974
1085
1256
1476
1582
1452
1215
1074
971
680
240
-52
-121
-223
-516
-835
-1062
-1348
-1844
-2482
-3245
-4318
-5654
-6696
-6967
-6767
-6646
-6407
-5397
-3711
-2267
-1468
-680
592
1777
2113
1869
1963
2618
3137
3074
2935
3320
3893
3850
3158
2583
2445
2133
1165
36
-483
-441
-481
-794
-883
-385
344
727
757
935
1427
1799
1742
1605
1873
2413
2722
2699
2729
3019
3320
3304
2950
2455
1940
1363
624
-234
-1011
-1562
-1971
-2401
-2794
-2942
-2817
-2668
-2703
-2820
-2775
-2550
-2443
-2620
-2798
-2615
-2225
-2062
-2072
-1783
-1141
-645
-536
-435
-54
306
251
-100
-305
-206
-107
-316
-680
-791
-627
-601
-843
-950
-706
-497
-629
-741
-410
123
389
440
673
1152
1577
1783
1907
2102
2309
2388
2316
2230
2236
2224
2031
1727
1554
1560
1514
1288
1047
956
942
841
655
496
402
299
145
17
-2
40
21
-80
-133
-60
54
89
43
2
-7
-29
-128
-317
-558
-872
-1331
-1964
-2642
-3172
-3459
-3547
-3503
-3353
-3120
-2860
-2653
-2485
-2185
-1645
-1113
-966
-1146
-1129
-652
-84
170
239
430
705
847
936
1235
1690
1938
1826
1671
1818
2171
2326
2151
1907
1805
1747
1603
1467
1439
1382
1156
892
812
918
1004
932
762
636
635
739
876
983
1005
924
822
834
968
1039
900
647
465
364
242
113
38
-56
-279
-579
-779
-833
-913
-1188
-1599
-1898
-1980
-2016
-2182
-2377
-2459
-2527
-2699
-2789
-2590
-2258
-2079
-2015
-1830
-1528
-1294
-1157
-1021
-892
-830
-780
-657
-470
-281
-109
51
199
340
505
690
849
941
989
1048
1169
1321
1421
1470
1530
1627
1706
1746
1792
1863
1899
1873
1850
1887
1928
1894
1791
1710
1695
1703
1684
1638
1598
1551
1453
1312
1185
1089
974
811
629
447
246
13
-236
-489
-790
-1247
-1948
-2754
-3286
-3344
-3235
-3369
-3717
-3972
-4081
-4154
-4047
-3595
-3139
-3198
-3632
-3728
-3189
-2474
-2060
-1845
-1540
-1161
-844
-452
249
1084
1590
1642
1665
2060
2655
3003
3002
2907
2897
2901
2897
2990
3152
3152
2875
2518
2341
2348
2334
2134
1802
1508
1374
1386
1477
1593
1651
1557
1347
1211
1248
1303
1178
910
679
535
405
305
321
346
150
-280
-662
-809
-892
-1195
-1745
-2351
-2836
-3144
-3250
-3170
-3043
-3077
-3336
-3620
-3615
-3233
-2768
-2601
-2752
-2878
-2728
-2383
-2012
-1640
-1298
-1134
-1141
-1026
-574
28
416
497
464
524
750
1066
1323
1400
1355
1360
1478
1646
1816
1986
2062
1954
1787
1793
2002
2172
2117
1953
1899
2013
2163
2245
2272
2262
2179
2029
1916
1909
1916
1792
1539
1294
1163
1110
1028
854
610
352
95
-187
-524
-974
-1620
-2418
-3074
-3300
-3200
-3180
-3429
-3749
-3932
-3989
-3905
-3567
-3114
-2979
-3315
-3651
-3469
-2873
-2345
-2082
-1912
-1690
-1440
-1122
-576
212
937
1279
1315
1435
1874
2425
2748
2792
2738
2708
2691
2704
2814
2951
2932
2675
2346
2170
2187
2202
2036
1736
1490
1386
1374
1405
1482
1524
1405
1174
1033
1052
1067
945
751
593
464
346
314
387
399
188
-174
-448
-570
-726
-1100
-1654
-2205
-2621
-2851
-2875
-2736
-2599
-2662
-2935
-3177
-3108
-2734
-2376
-2306
-2449
-2535
-2426
-2171
-1829
-1454
-1184
-1129
-1164
-1022
-614
-133
198
321
331
385
591
900
1152
1251
1259
1275
1324
1410
1553
1714
1777
1692
1581
1615
1805
2004
2083
2050
2018
2051
2126
2198
2234
2219
2124
1968
1836
1804
1836
1829
1711
1507
1297
1116
923
641
250
-196
-713
-1393
-2203
-2855
-3099
-3066
-3117
-3374
-3636
-3784
-3904
-3974
-3767
-3281
-2927
-2995
-3200
-3043
-2481
-1916
-1584
-1336
-1043
-830
-753
-551
3
695
1112
1192
1270
1567
1942
2185
2310
2415
2446
2312
2118
2074
2206
2322
2261
2078
1938
1908
1922
1905
1871
1843
1773
1619
1476
1465
1531
1468
1234
1014
935
881
725
562
511
473
282
14
-115
-133
-276
-587
-849
-950
-1078
-1396
-1753
-1930
-1968
-2042
-2158
-2202
-2214
-2325
-2477
-2469
-2270
-2079
-2023
-2026
-1984
-1909
-1810
-1643
-1436
-1300
-1246
-1141
-916
-643
-385
-123
125
272
320
397
555
691
731
736
790
888
993
1107
1218
1280
1306
1348
1420
1491
1556
1631
1680
1677
1675
1753
1870
1911
1853
1782
1748
1727
1710
1705
1688
1614
1500
1388
1273
1118
909
647
314
-133
-727
-1429
-2090
-2511
-2672
-2774
-2992
-3278
-3497
-3639
-3707
-3570
-3164
-2755
-2678
-2851
-2849
-2474
-1955
-1553
-1238
-911
-629
-447
-220
245
902
1470
1741
1799
1869
2040
2216
2294
2289
2236
2105
1896
1721
1690
1760
1787
1703
1549
1404
1290
1204
1162
1167
1173
1122
1040
1013
1054
1066
998
921
885
810
629
427
340
333
208
-110
-471
-686
-767
-857
-980
-1051
-1106
-1312
-1666
-1886
-1802
-1630
-1642
-1779
-1831
-1780
-1738
-1670
-1504
-1361
-1385
-1480
-1447
-1282
-1104
-919
-697
-523
-469
-410
-219
5
89
58
74
162
240
296
386
496
539
511
496
560
680
801
879
894
897
954
1079
1212
1299
1353
1401
1429
1439
1478
1583
1690
1697
1605
1498
1426
1349
1230
1080
909
695
406
15
-508
-1112
-1606
-1826
-1858
-1940
-2173
-2447
-2684
-2908
-3036
-2890
-2498
-2210
-2282
-2499
-2459
-2090
-1659
-1326
-1014
-690
-491
-416
-202
360
1095
1622
1816
1871
1994
2159
2271
2351
2437
2439
2244
1936
1732
1725
1777
1728
1577
1400
1214
1006
836
784
812
780
629
468
405
406
375
310
291
311
262
92
-109
-252
-359
-497
-635
-689
-678
-732
-916
-1139
-1277
-1333
-1377
-1438
-1489
-1515
-1518
-1485
-1399
-1287
-1197
-1156
-1165
-1195
-1187
-1084
-895
-703
-576
-490
-381
-232
-83
40
145
226
263
262
269
316
381
428
430
393
346
345
411
508
575
616
673
752
814
847
900
998
1089
1116
1102
1110
1148
1176
1179
1194
1232
1256
1233
1148
1021
862
667
389
-44
-639
-1250
-1663
-1818
-1862
-1964
-2148
-2371
-2632
-2887
-2934
-2625
-2151
-1911
-2001
-2122
-1991
-1658
-1307
-967
-595
-284
-166
-134
94
634
1290
1784
2037
2161
2268
2367
2447
2536
2635
2652
2479
2147
1839
1686
1643
1609
1545
1454
1311
1105
934
910
1000
1038
925
729
551
378
182
35
8
-21
-253
-657
-950
-989
-945
-1002
-1095
-1116
-1188
-1436
-1687
-1691
-1539
-1529
-1679
-1763
-1729
-1731
-1758
-1647
-1431
-1329
-1358
-1300
-1106
-947
-862
-688
-421
-269
-265
-199
2
149
164
222
410
553
539
508
590
691
698
689
768
863
886
887
951
1044
1101
1144
1198
1207
1135
1056
1050
1088
1103
1101
1101
1086
1044
1018
1047
1084
1064
977
833
629
359
19
-439
-1052
-1705
-2142
-2257
-2232
-2323
-2565
-2834
-3088
-3328
-3404
-3136
-2670
-2403
-2471
-2556
-2333
-1877
-1438
-1033
-564
-135
35
33
233
813
1520
2037
2346
2593
2796
2879
2902
3025
3231
3311
3115
2752
2440
2258
2158
2090
2058
2027
1895
1640
1385
1274
1297
1309
1207
1026
811
537
208
-59
-156
-172
-278
-503
-723
-866
-994
-1152
-1280
-1343
-1437
-1649
-1918
-2098
-2139
-2122
-2113
-2123
-2162
-2236
-2316
-2342
-2295
-2202
-2082
-1933
-1778
-1640
-1491
-1275
-1003
-750
-557
-395
-245
-131
-46
68
237
406
528
610
685
753
820
913
1028
1123
1185
1240
1310
1384
1454
1535
1616
1672
1699
1728
1768
1788
1780
1766
1766
1758
1734
1707
1677
1608
1478
1297
1085
825
467
-41
-707
-1419
-1959
-2209
-2286
-2391
-2592
-2832
-3115
-3427
-3582
-3376
-2939
-2655
-2687
-2790
-2695
-2418
-2094
-1704
-1194
-712
-472
-436
-296
151
772
1310
1688
1991
2247
2383
2422
2529
2790
3047
3072
2855
2579
2375
2224
2097
2040
2067
2058
1891
1620
1426
1402
1443
1420
1314
1157
910
542
170
-37
-80
-124
-266
-430
-547
-662
-799
-864
-802
-740
-847
-1095
-1320
-1451
-1539
-1604
-1617
-1613
-1692
-1857
-1993
-2020
-1975
-1924
-1873
-1829
-1809
-1782
-1679
-1505
-1332
-1193
-1068
-960
-898
-850
-734
-546
-372
-261
-161
-24
119
245
378
555
742
903
1027
1138
1248
1357
1452
1529
1588
1643
1704
1741
1745
1741
1773
1831
1867
1870
1865
1862
1808
1661
1450
1219
924
459
-184
-817
-1235
-1421
-1523
-1660
-1836
-2057
-2358
-2665
-2758
-2544
-2234
-2136
-2269
-2392
-2359
-2229
-2044
-1724
-1270
-891
-743
-693
-462
21
584
1068
1462
1778
1948
1939
1889
1978
2220
2431
2450
2306
2127
1979
1856
1783
1795
1834
1756
1504
1197
993
921
910
909
904
826
592
250
-26
-140
-150
-148
-151
-164
-254
-421
-540
-510
-406
-387
-484
-624
-778
-956
-1096
-1115
-1069
-1120
-1305
-1501
-1604
-1639
-1631
-1546
-1396
-1294
-1301
-1324
-1255
-1116
-991
-916
-883
-893
-940
-955
-883
-750
-629
-533
-439
-338
-225
-89
88
274
417
499
547
593
656
746
859
967
1050
1122
1201
1303
1412
1505
1582
1656
1708
1697
1659
1717
1877
1932
1660
1066
302
-501
-1221
-1692
-1839
-1748
-1575
-1489
-1631
-2005
-2385
-2541
-2548
-2651
-2863
-2889
-2544
-1977
-1393
-726
81
703
720
259
-39
240
881
1535
2183
2885
3379
3299
2736
2193
2014
2045
1988
1839
1810
1888
1786
1387
949
706
521
215
-56
-10
288
501
455
242
-19
-272
-446
-422
-153
248
536
504
201
-126
-285
-277
-148
72
262
223
-127
-657
-1143
-1442
-1546
-1532
-1473
-1430
-1482
-1679
-1920
-2011
-1893
-1683
-1480
-1289
-1139
-1118
-1203
-1250
-1160
-961
-730
-526
-382
-302
-256
-199
-76
163
488
749
833
795
744
713
683
710
855
1050
1164
1146
1066
1011
1011
1066
1184
1351
1477
1454
1300
1115
953
800
660
426
-136
-1011
-1701
-1784
-1605
-1878
-2641
-3212
-3236
-3101
-3090
-2863
-2185
-1604
-1746
-2274
-2204
-1233
-108
422
467
544
735
807
916
1495
2469
3118
2969
2417
2227
2622
3180
3439
3335
3049
2655
2120
1595
1398
1580
1726
1415
773
324
286
384
332
217
221
253
102
-143
-168
60
198
39
-179
-162
-36
-108
-347
-455
-363
-301
-375
-433
-420
-545
-913
-1289
-1413
-1395
-1507
-1773
-2001
-2112
-2188
-2225
-2119
-1897
-1768
-1838
-1953
-1899
-1663
-1409
-1250
-1164
-1081
-989
-890
-733
-478
-205
-54
-34
-1
165
409
623
787
920
1005
1037
1074
1151
1236
1292
1327
1344
1329
1321
1392
1514
1591
1603
1626
1694
1748
1722
1603
1443
1282
1025
469
-336
-904
-872
-683
-1166
-2331
-3188
-3074
-2505
-2303
-2425
-2371
-2212
-2374
-2634
-2238
-1133
-249
-275
-746
-775
-194
450
782
953
1200
1477
1624
1691
1894
2290
2645
2665
2392
2204
2289
2306
1882
1236
964
1161
1261
862
258
-59
-52
11
39
100
94
-135
-438
-441
-65
342
432
259
128
186
336
440
483
482
427
334
276
287
276
133
-117
-329
-439
-543
-746
-1004
-1203
-1310
-1370
-1390
-1373
-1406
-1553
-1720
-1720
-1551
-1391
-1352
-1369
-1333
-1244
-1138
-1020
-898
-810
-759
-691
-573
-423
-289
-190
-120
-43
79
229
327
336
327
383
508
643
757
856
940
1013
1090
1179
1266
1314
1294
1223
1134
940
459
-209
-558
-315
-64
-662
-1915
-2614
-2141
-1339
-1262
-1726
-1867
-1564
-1405
-1419
-1000
-95
460
193
-205
109
927
1395
1286
1206
1595
2143
2343
2196
2116
2331
2636
2723
2564
2376
2236
1954
1448
1014
975
1101
861
187
-411
-603
-598
-638
-651
-615
-805
-1238
-1424
-1052
-541
-454
-674
-742
-615
-570
-578
-396
-123
-82
-209
-147
109
198
22
-118
-61
-14
-150
-339
-451
-536
-647
-694
-648
-649
-771
-903
-915
-827
-719
-633
-596
-628
-674
-632
-509
-411
-381
-357
-296
-229
-173
-107
-39
12
58
128
202
233
242
282
349
398
425
461
501
513
508
540
602
655
703
752
730
583
422
340
119
-466
-1070
-1095
-727
-977
-2158
-3142
-2835
-1833
-1561
-2178
-2535
-2101
-1610
-1599
-1489
-736
104
246
-34
144
903
1520
1574
1488
1797
2408
2789
2697
2466
2581
3076
3474
3377
2970
2724
2669
2434
1947
1638
1706
1660
1050
236
-81
78
37
-432
-764
-590
-424
-823
-1431
-1459
-921
-583
-764
-1005
-976
-978
-1174
-1148
-676
-301
-543
-1009
-1012
-647
-521
-688
-696
-525
-618
-1008
-1184
-971
-825
-1011
-1183
-1057
-907
-1026
-1165
-987
-648
-514
-574
-541
-370
-241
-185
-65
118
210
171
131
186
301
417
527
616
672
700
702
681
680
731
793
791
742
721
730
737
774
889
991
976
914
898
866
728
509
197
-339
-919
-1042
-731
-894
-2049
-3230
-3136
-2108
-1720
-2442
-3052
-2674
-2011
-1930
-1987
-1386
-490
-231
-505
-358
430
1059
1053
948
1355
2060
2452
2390
2269
2468
2955
3365
3359
3016
2737
2690
2563
2126
1694
1630
1659
1235
477
51
169
262
-90
-548
-616
-409
-406
-713
-993
-992
-811
-664
-626
-677
-805
-958
-994
-810
-510
-348
-460
-677
-738
-608
-464
-433
-486
-600
-802
-1008
-1053
-963
-947
-1066
-1124
-1017
-929
-1003
-1056
-878
-603
-492
-518
-456
-295
-215
-214
-118
94
219
180
118
166
276
356
418
485
535
552
549
553
561
591
639
662
634
603
626
684
728
743
763
816
886
873
737
577
475
233
-346
-921
-913
-548
-884
-2217
-3298
-2951
-1871
-1657
-2471
-2972
-2516
-1930
-1888
-1826
-1116
-276
-103
-336
-103
672
1248
1276
1258
1693
2369
2717
2578
2352
2523
3094
3550
3444
2988
2736
2760
2588
2056
1662
1718
1716
1110
257
-80
73
9
-478
-831
-729
-617
-924
-1341
-1350
-1019
-829
-971
-1171
-1200
-1160
-1176
-1161
-995
-806
-818
-965
-960
-726
-538
-573
-654
-590
-528
-669
-852
-830
-721
-790
-942
-875
-653
-628
-787
-751
-426
-173
-183
-205
-43
108
67
19
162
339
324
206
212
328
391
392
455
574
627
594
590
649
702
704
703
722
710
660
616
604
591
588
638
709
731
709
676
598
449
264
-16
-515
-1026
-1099
-852
-1160
-2372
-3473
-3324
-2365
-2047
-2696
-3220
-2943
-2440
-2277
-2065
-1366
-609
-404
-521
-271
438
1065
1280
1347
1670
2257
2724
2789
2627
2726
3267
3813
3833
3440
3190
3208
3039
2513
2121
2165
2112
1424
529
204
366
275
-236
-588
-481
-340
-600
-1099
-1381
-1242
-876
-673
-875
-1324
-1638
-1671
-1522
-1237
-860
-703
-1031
-1467
-1366
-785
-427
-541
-696
-672
-768
-1036
-1047
-742
-660
-990
-1199
-1000
-844
-1034
-1133
-790
-379
-331
-415
-267
-74
-98
-120
129
412
357
112
55
198
308
371
508
631
607
556
674
878
948
911
949
1057
1083
997
928
930
939
927
914
915
900
861
853
884
899
782
508
158
-273
-752
-1073
-1055
-1018
-1631
-2838
-3663
-3389
-2602
-2423
-2919
-3250
-3023
-2676
-2486
-2059
-1243
-567
-467
-559
-169
637
1223
1319
1331
1724
2368
2771
2739
2616
2823
3298
3626
3601
3421
3274
3007
2508
2055
1970
2062
1791
1059
351
91
95
-51
-360
-546
-540
-565
-715
-835
-900
-1036
-1169
-1033
-703
-663
-1099
-1552
-1548
-1190
-848
-629
-518
-640
-960
-1078
-727
-238
-103
-334
-600
-749
-834
-841
-732
-665
-810
-1038
-1106
-1011
-920
-865
-746
-576
-449
-357
-235
-151
-184
-218
-89
129
203
89
-38
-36
63
203
374
517
549
485
473
605
815
964
987
946
939
993
1048
1041
995
978
998
1011
1017
1053
1102
1101
1032
943
824
564
50
-651
-1176
-1206
-940
-1101
-2079
-3284
-3758
-3350
-2795
-2663
-2771
-2823
-2891
-2976
-2673
-1749
-711
-249
-345
-354
132
854
1374
1607
1804
2164
2592
2857
2918
2974
3142
3267
3233
3209
3350
3390
2933
2114
1550
1529
1637
1388
818
266
-164
-554
-823
-832
-697
-703
-926
-1179
-1300
-1282
-1204
-1132
-1076
-980
-818
-715
-815
-1013
-1022
-757
-420
-175
-51
-110
-373
-593
-467
-118
51
-79
-285
-474
-738
-960
-887
-627
-584
-832
-1022
-981
-919
-943
-857
-587
-377
-372
-415
-359
-276
-237
-158
0
127
162
177
197
171
155
282
517
671
678
650
663
684
716
809
929
991
984
957
912
850
848
943
1024
991
909
897
915
860
762
686
500
5
-748
-1346
-1451
-1203
-1144
-1676
-2607
-3359
-3571
-3357
-3007
-2626
-2310
-2288
-2606
-2811
-2348
-1301
-326
136
293
528
881
1189
1496
1958
2497
2844
2916
2933
3084
3283
3319
3169
3034
3062
3141
3033
2652
2129
1641
1217
832
549
438
363
55
-547
-1145
-1397
-1289
-1087
-962
-890
-900
-1143
-1565
-1751
-1416
-863
-621
-733
-849
-876
-998
-1131
-926
-443
-167
-271
-389
-313
-304
-477
-524
-290
-104
-213
-394
-432
-511
-794
-1025
-948
-733
-666
-699
-649
-590
-665
-752
-627
-329
-89
0
11
-5
-68
-134
-105
55
251
375
398
384
392
426
473
580
773
974
1068
1054
1041
1063
1038
956
916
950
946
838
722
667
600
476
400
458
535
493
391
341
253
-67
-589
-1019
-1169
-1155
-1192
-1331
-1514
-1742
-2053
-2369
-2503
-2358
-2023
-1705
-1521
-1423
-1298
-1102
-869
-616
-302
83
434
648
770
931
1157
1348
1461
1570
1734
1889
1974
2039
2153
2275
2294
2178
2002
1835
1685
1555
1455
1362
1211
985
735
524
364
241
153
84
0
-114
-233
-322
-373
-401
-441
-526
-657
-805
-938
-1048
-1143
-1212
-1250
-1302
-1409
-1524
-1543
-1453
-1340
-1276
-1234
-1188
-1159
-1150
-1099
-969
-830
-757
-737
-706
-647
-578
-494
-381
-255
-157
-90
-25
58
145
227
313
402
452
459
460
493
532
539
520
516
544
559
549
545
581
628
647
649
677
719
742
746
748
749
729
696
667
642
607
570
546
531
501
461
438
431
418
379
334
304
279
227
139
25
-119
-302
-492
-646
-750
-847
-990
-1172
-1343
-1457
-1515
-1552
-1572
-1573
-1565
-1564
-1567
-1524
-1420
-1292
-1174
-1071
-973
-874
-767
-613
-379
-113
113
285
454
639
826
1011
1227
1470
1659
1735
1739
1771
1864
1967
2024
2030
2002
1949
1863
1775
1726
1710
1675
1576
1434
1298
1179
1053
896
730
570
399
201
-13
-213
-385
-546
-723
-931
-1155
-1371
-1551
-1693
-1802
-1902
-2013
-2122
-2200
-2220
-2203
-2174
-2122
-2019
-1882
-1753
-1623
-1463
-1277
-1106
-967
-817
-646
-487
-353
-210
-35
129
233
288
347
427
517
594
656
693
701
694
701
743
797
822
802
766
770
825
891
937
971
1010
1039
1042
1036
1057
1095
1099
1047
973
920
871
786
676
590
527
440
305
176
103
61
3
-64
-108
-137
-189
-264
-339
-390
-431
-487
-564
-664
-755
-830
-903
-989
-1061
-1101
-1133
-1183
-1220
-1191
-1112
-1044
-1003
-956
-881
-792
-698
-580
-437
-308
-215
-129
-21
108
228
343
460
568
654
733
823
923
1005
1047
1066
1084
1102
1103
1079
1038
979
907
832
775
737
688
613
520
428
351
289
245
211
162
80
-18
-98
-150
-200
-255
-309
-358
-411
-471
-523
-550
-562
-577
-600
-624
-646
-670
-696
-712
-719
-723
-735
-760
-792
-814
-824
-826
-822
-807
-782
-750
-716
-671
-609
-545
-482
-414
-323
-209
-113
-51
4
91
186
268
340
434
536
603
630
654
705
758
787
798
813
829
830
821
816
823
817
788
746
712
697
687
665
624
569
510
444
381
322
273
219
156
95
47
3
-54
-124
-181
-210
-223
-245
-274
-301
-322
-341
-349
-337
-314
-310
-331
-349
-342
-314
-288
-271
-264
-267
-275
-288
-298
-300
-316
-349
-390
-421
-443
-472
-516
-560
-586
-587
-576
-564
-551
-536
-514
-478
-434
-393
-353
-309
-253
-188
-126
-76
-34
6
57
120
181
228
260
293
339
387
423
440
444
442
441
446
466
490
503
497
486
491
514
536
545
551
565
588
606
612
614
611
600
576
549
531
510
470
409
340
278
223
163
99
33
-34
-101
-173
-244
-302
-348
-393
-450
-509
-564
-610
-648
-682
-714
-752
-791
-829
-842
-826
-798
-783
-791
-805
-795
-749
-677
-609
-562
-537
-514
-478
-414
-325
-239
-181
-144
-103
-34
52
135
200
258
320
392
465
531
591
640
686
727
765
796
812
818
817
814
799
768
725
682
647
621
594
551
491
422
354
306
270
236
194
138
80
24
-28
-82
-129
-161
-183
-209
-240
-284
-330
-370
-399
-410
-418
-433
-467
-510
-545
-563
-570
-577
-589
-600
-602
-593
-581
-565
-542
-518
-488
-455
-421
-387
-347
-302
-253
-205
-165
-132
-100
-64
-19
31
80
121
154
181
210
248
292
338
377
406
426
443
461
483
506
523
530
526
516
505
497
486
472
453
425
397
365
330
293
258
224
188
148
108
68
32
-1
-34
-67
-99
-129
-159
-185
-210
-236
-266
-296
-323
-344
-359
-372
-386
-402
-418
-423
-418
-402
-380
-355
-331
-303
-273
-241
-203
-160
-116
-76
-43
-15
12
35
62
87
110
128
141
153
164
174
183
189
188
182
173
169
162
152
137
115
97
80
73
67
62
50
35
20
11
8
7
4
-6
-22
-41
-55
-66
-70
-73
-78
-82
-90
-94
-93
-85
-73
-60
-48
-34
-20
-7
9
27
47
61
67
69
74
82
84
78
71
70
72
65
61
61
64
63
54
47
45
38
22
8
4
8
3
-17
-32
-35
-31
-33
-35
-28
-22
-25
-41
-47
-35
-18
-19
-35
-44
-41
-43
-55
-58
-47
-38
-42
-56
-62
-55
-45
-44
-46
-41
-36
-38
-44
-47
-40
-29
-27
-28
-28
-19
-10
-4
3
16
33
42
46
49
56
63
66
68
71
75
75
75
73
77
81
81
80
81
83
83
79
77
72
70
64
55
48
39
28
15
2
-10
-18
-31
-40
-48
-52
-57
-60
-64
-69
-72
-75
-81
-88
-94
-97
-100
-104
-104
-103
-99
-90
-82
-74
-61
-50
-39
-28
-19
-10
1
10
18
24
32
41
47
53
62
70
77
80
78
81
81
79
75
68
60
52
44
38
31
27
25
20
15
14
14
12
10
6
5
2
-4
-9
-12
-14
-17
-19
-20
-20
-21
-21
-21
-21
-22
-22
-23
-26
-28
-31
-35
-38
-41
-41
-45
-45
-46
-49
-47
-47
-45
-43
-40
-37
-33
-28
-23
-17
-10
-3
1
4
10
14
18
22
25
30
34
36
37
40
40
42
42
41
41
38
36
34
29
26
23
21
21
19
15
15
14
11
11
8
6
1
0
-2
-5
-7
-9
-13
-14
-17
-16
-18
-18
-18
-18
-15
-17
-14
-12
-10
-8
-6
-5
-3
-2
0
3
5
7
8
10
12
14
16
17
18
20
19
19
19
17
14
13
12
11
10
7
5
2
-2
-4
-6
-7
-9
-11
-15
-15
-15
-17
-19
-20
-22
-21
-22
-22
-22
-21
-20
-21
-19
-17
-17
-16
-14
-12
-13
-11
-8
-8
-7
-7
-3
-3
-1
0
2
3
4
4
6
7
8
9
10
11
11
13
14
13
15
15
15
15
16
15
16
16
14
14
13
13
11
11
9
8
8
6
4
3
0
-3
-4
-5
-8
-9
-10
-11
-13
-14
-15
-16
-16
-16
-16
-16
-14
-12
-12
-11
-10
-9
-6
-6
-4
-2
-1
2
4
4
7
8
12
14
16
19
21
23
26
26
27
29
29
30
31
31
30
29
27
27
26
24
20
17
15
10
5
2
0
-5
-7
-10
-13
-17
-18
-20
-24
-27
-29
-30
-33
-36
-38
-39
-40
-39
-40
-39
-38
-38
-36
-36
-33
-29
-27
-25
-22
-14
-9
-5
-4
-1
3
4
5
7
10
8
11
12
10
10
11
12
11
12
13
15
14
15
15
19
19
21
21
22
22
23
23
21
22
20
19
18
15
12
10
8
7
6
4
0
-1
-3
-3
-3
-5
-7
-5
-4
-7
-6
-7
-8
-8
-8
-8
-9
-11
-12
-11
-13
-13
-13
-15
-14
-14
-13
-12
-11
-10
-7
-6
-4
-1
-1
2
3
4
7
7
7
9
11
12
10
12
12
14
14
13
12
11
11
9
9
10
8
8
6
5
