-1
-1
-2
0
-2
-3
-3
-5
-5
-3
-3
-4
-1
0
-1
-2
-2
-2
-2
-1
0
2
2
4
5
5
3
4
5
3
0
1
-1
-2
-3
-3
-1
-1
-2
-2
2
3
2
2
3
4
4
4
4
5
5
5
5
5
3
1
2
0
-3
-3
-3
-4
-6
-7
-5
-6
-8
-7
-6
-7
-6
-4
-4
-3
-3
-3
-3
-2
-1
0
-1
2
3
4
5
5
6
8
7
6
6
5
5
4
2
0
-2
-2
-2
-2
-3
-2
-2
1
1
-1
0
1
1
2
0
1
2
1
1
1
2
1
0
0
-1
-1
-1
-2
-3
-1
-3
-2
-2
-3
-2
-1
-1
-3
-2
-3
-2
-2
0
1
1
-1
0
-1
0
0
0
0
-1
0
1
0
-1
-1
-1
-2
-1
-3
-2
-1
-2
-1
-1
2
1
2
1
2
4
2
4
6
6
6
7
6
5
4
2
1
0
-1
-2
-2
-2
-2
-3
-2
-1
-1
-4
-3
-2
0
-1
0
1
1
0
1
0
1
-1
-2
-1
-2
-3
-2
-3
-3
-4
-2
-2
-1
-1
-1
-1
0
2
2
2
1
3
5
4
4
3
3
3
2
2
3
1
1
2
2
1
-1
-2
-3
-2
-2
-4
-3
-2
-3
-3
-1
1
0
0
1
2
0
1
0
0
-1
-1
0
0
-2
-2
0
2
1
2
1
0
1
-1
0
0
-2
-1
1
0
1
1
2
0
-2
0
0
0
-1
-1
0
0
-1
-1
-1
0
-1
2
4
3
2
3
4
3
3
2
2
2
-1
0
1
-2
0
1
0
-1
0
1
1
1
0
1
2
2
-1
-1
-1
-1
-1
0
0
-1
-3
-2
-1
-3
-2
-1
1
-2
-2
0
-2
-3
-5
-3
-2
-4
-4
-2
-3
-2
-4
-2
-1
-1
-3
-1
0
0
1
2
2
3
3
4
3
1
2
2
2
1
1
1
-1
-2
0
1
0
0
0
1
0
-1
-1
-1
-3
0
2
1
0
1
2
1
1
2
4
2
2
1
2
2
1
-1
-1
-2
-1
-2
-2
0
-3
-2
0
-3
-2
-2
1
0
1
4
4
3
3
6
5
4
5
7
9
6
4
6
7
3
2
2
1
1
-1
-2
-1
-1
-1
-2
-5
-3
-3
-6
-5
-3
-2
-3
-6
-4
-3
-4
-5
-4
-1
-3
-4
-4
-4
-4
-2
-2
-3
-5
-3
-2
-3
-6
-6
-4
-5
-8
-5
-4
-5
-5
-3
0
-2
-1
-1
-1
-1
1
3
1
2
2
4
6
5
6
7
8
7
5
6
5
2
2
1
2
3
1
0
0
-1
0
1
-1
1
1
1
1
3
5
4
3
4
9
10
9
9
12
17
18
21
24
25
33
38
31
27
22
23
20
13
12
14
18
21
19
20
23
23
19
12
12
17
7
-4
1
12
9
-3
2
18
12
-7
-8
1
-18
-50
-57
-51
-67
-95
-97
-74
-74
-78
-54
-25
-15
-14
3
18
9
-9
-22
-39
-66
-97
-123
-138
-146
-140
-125
-110
-74
-30
2
21
43
56
45
30
27
25
2
-11
-7
-36
-128
-242
-357
-520
-749
-971
-1126
-1239
-1330
-1346
-1255
-1102
-918
-692
-428
-173
70
323
563
753
914
1077
1200
1243
1240
1219
1152
991
779
613
511
409
274
186
219
312
362
400
502
630
696
729
805
894
922
915
924
929
910
880
807
662
511
408
288
95
-85
-171
-233
-347
-451
-492
-507
-552
-617
-663
-688
-698
-718
-751
-730
-629
-536
-506
-441
-280
-126
-49
56
232
336
310
282
274
161
-37
-184
-333
-588
-814
-864
-903
-1103
-1303
-1334
-1358
-1546
-1760
-1862
-1983
-2341
-2978
-3723
-4192
-4066
-3558
-3197
-2947
-2131
-615
743
1361
1778
2605
3433
3563
3227
3179
3495
3598
3290
3018
3106
3245
2935
2180
1424
961
584
-9
-705
-1067
-915
-530
-199
169
768
1473
1965
2138
2183
2264
2320
2198
1909
1700
1766
1986
2015
1731
1375
1155
896
287
-634
-1499
-2103
-2602
-3156
-3552
-3521
-3192
-2942
-2829
-2542
-1992
-1509
-1370
-1402
-1265
-956
-832
-1074
-1276
-945
-310
-103
-399
-480
-100
2
-620
-1317
-1464
-1447
-1803
-2213
-2126
-1660
-1270
-1021
-685
-212
231
477
491
485
703
1036
1150
1088
1274
1767
2100
2059
2003
2160
2217
1901
1473
1272
1218
1028
734
622
769
950
956
868
867
938
906
735
586
582
659
701
726
857
1105
1291
1271
1137
1067
1017
812
476
238
146
7
-256
-451
-468
-493
-712
-1025
-1235
-1401
-1734
-2273
-2945
-3844
-5033
-6074
-6328
-5910
-5586
-5466
-4711
-2995
-1289
-434
95
1116
2283
2706
2455
2404
2839
3185
3043
2791
2914
3232
3122
2371
1448
851
431
-297
-1292
-1929
-1874
-1495
-1202
-849
-146
742
1398
1726
1974
2280
2512
2541
2461
2478
2705
3054
3297
3265
3055
2882
2721
2251
1326
242
-628
-1304
-2049
-2811
-3203
-3131
-2991
-3033
-2958
-2464
-1851
-1600
-1649
-1535
-1133
-747
-558
-418
-201
19
178
301
306
66
-338
-689
-970
-1323
-1708
-1975
-2225
-2616
-2883
-2621
-2079
-1849
-1820
-1370
-521
68
257
541
1024
1328
1422
1644
1954
2058
2031
2114
2211
2150
2052
1986
1759
1408
1267
1331
1221
902
751
851
876
737
677
747
729
613
609
739
822
818
870
1017
1150
1223
1285
1344
1319
1162
951
764
552
221
-199
-592
-901
-1169
-1445
-1751
-2121
-2681
-3641
-5040
-6427
-7140
-7131
-7071
-7207
-6785
-5215
-3197
-1806
-922
332
1947
2972
3020
2824
3079
3546
3630
3335
3215
3545
3896
3682
2956
2318
1966
1393
247
-978
-1589
-1631
-1651
-1764
-1530
-727
269
989
1417
1828
2313
2672
2745
2656
2668
2892
3183
3323
3308
3340
3505
3544
3101
2214
1289
539
-278
-1373
-2465
-3127
-3394
-3623
-3866
-3792
-3280
-2709
-2443
-2355
-2103
-1653
-1304
-1212
-1184
-950
-511
-128
1
-18
79
251
139
-374
-929
-1220
-1464
-1965
-2507
-2664
-2484
-2371
-2422
-2350
-2011
-1606
-1337
-1147
-889
-526
-148
152
424
810
1317
1749
1995
2207
2513
2775
2793
2637
2515
2455
2311
2055
1815
1689
1613
1475
1286
1147
1095
1022
847
655
578
602
607
581
620
782
1004
1177
1268
1353
1491
1607
1580
1429
1301
1209
1001
650
336
154
-30
-325
-646
-884
-1092
-1370
-1745
-2184
-2627
-3096
-3817
-4946
-6126
-6735
-6708
-6607
-6655
-6323
-5229
-3863
-2878
-2143
-1079
303
1342
1635
1551
1738
2319
2805
2824
2654
2811
3250
3446
3222
2994
3006
2891
2291
1487
988
796
523
38
-369
-405
-101
296
597
813
1081
1440
1768
1961
2059
2146
2228
2274
2306
2403
2651
2986
3164
2994
2624
2357
2162
1697
832
-131
-884
-1449
-2007
-2557
-2927
-3050
-3056
-3108
-3164
-3067
-2835
-2696
-2766
-2854
-2721
-2417
-2198
-2167
-2161
-1986
-1684
-1423
-1249
-1040
-759
-551
-504
-507
-465
-427
-444
-492
-573
-709
-793
-718
-610
-638
-679
-527
-297
-201
-126
172
595
858
1003
1272
1675
2001
2187
2331
2453
2499
2495
2467
2377
2213
2047
1896
1701
1485
1329
1233
1098
914
781
743
744
736
726
721
711
690
662
634
611
581
527
454
403
397
396
357
286
203
107
-14
-166
-340
-521
-710
-949
-1309
-1838
-2479
-3064
-3360
-3300
-3143
-3213
-3486
-3645
-3541
-3300
-2994
-2628
-2418
-2596
-2887
-2735
-2117
-1606
-1515
-1534
-1311
-901
-429
151
791
1250
1413
1516
1831
2321
2698
2727
2473
2239
2267
2477
2649
2715
2744
2734
2675
2708
2926
3124
2982
2519
2086
1923
1935
1908
1784
1622
1457
1304
1255
1364
1475
1332
911
503
328
270
98
-185
-435
-652
-917
-1129
-1148
-1096
-1242
-1589
-1853
-1896
-1901
-2072
-2380
-2725
-3076
-3370
-3444
-3250
-2966
-2801
-2756
-2695
-2519
-2245
-1976
-1831
-1842
-1914
-1896
-1706
-1379
-1040
-798
-632
-428
-112
249
575
855
1051
1129
1186
1355
1599
1736
1710
1653
1676
1770
1881
1963
1975
1916
1867
1888
1927
1916
1870
1827
1773
1713
1723
1821
1910
1900
1835
1798
1807
1798
1704
1519
1294
1095
942
817
696
557
356
118
-70
-184
-315
-526
-767
-1005
-1267
-1547
-1806
-2177
-2826
-3565
-3911
-3738
-3505
-3619
-3901
-3991
-3881
-3710
-3413
-2960
-2679
-2830
-3099
-2938
-2317
-1716
-1429
-1295
-1067
-691
-179
476
1170
1668
1875
1979
2218
2620
3006
3167
3055
2827
2712
2806
2995
3096
3045
2894
2744
2679
2727
2790
2682
2333
1908
1635
1570
1579
1549
1477
1373
1234
1138
1197
1334
1277
915
475
205
57
-145
-403
-615
-816
-1095
-1348
-1420
-1394
-1513
-1824
-2136
-2366
-2625
-2919
-3080
-3089
-3146
-3297
-3325
-3126
-2911
-2797
-2607
-2277
-2059
-2061
-2029
-1806
-1601
-1556
-1467
-1207
-970
-852
-643
-235
162
408
632
918
1148
1275
1421
1601
1686
1665
1672
1749
1813
1842
1891
1949
1963
1962
2013
2095
2131
2112
2084
2060
2035
2017
2003
1969
1911
1858
1835
1832
1828
1802
1731
1622
1508
1399
1266
1095
900
680
412
112
-184
-512
-981
-1652
-2463
-3228
-3688
-3740
-3636
-3782
-4229
-4600
-4640
-4472
-4241
-3935
-3677
-3733
-3984
-3877
-3187
-2386
-1975
-1866
-1692
-1337
-890
-341
309
876
1175
1310
1567
2062
2608
2922
2923
2783
2731
2831
2986
3094
3097
2960
2720
2539
2554
2675
2657
2398
2052
1826
1776
1823
1876
1881
1793
1613
1455
1442
1530
1510
1249
877
614
502
407
269
152
40
-178
-482
-666
-655
-664
-894
-1263
-1574
-1795
-2005
-2202
-2342
-2515
-2887
-3461
-3926
-3910
-3443
-2975
-2847
-2933
-2982
-2988
-2919
-2530
-1916
-1661
-1975
-2199
-1773
-1048
-554
-226
88
144
-19
163
825
1336
1344
1275
1451
1650
1802
2142
2518
2452
2029
1849
2061
2234
2172
2075
1971
1738
1545
1666
1950
2012
1824
1665
1664
1761
1903
2024
1983
1759
1520
1426
1457
1486
1380
1108
799
603
513
420
270
28
-388
-982
-1638
-2310
-2977
-3431
-3480
-3376
-3571
-4007
-4204
-4083
-3983
-3941
-3681
-3327
-3371
-3720
-3687
-3012
-2243
-1857
-1664
-1339
-947
-633
-260
320
933
1291
1387
1504
1859
2353
2710
2795
2739
2711
2730
2740
2766
2826
2805
2596
2308
2145
2135
2103
1929
1680
1492
1421
1435
1496
1585
1644
1568
1359
1173
1136
1139
978
662
401
288
197
84
68
152
93
-239
-623
-819
-902
-1090
-1388
-1666
-1914
-2184
-2400
-2443
-2373
-2368
-2478
-2586
-2598
-2527
-2411
-2254
-2102
-2030
-2033
-1987
-1805
-1554
-1358
-1222
-1075
-905
-744
-570
-340
-111
27
96
187
342
527
704
856
966
1045
1141
1260
1344
1359
1338
1323
1309
1294
1316
1399
1494
1542
1561
1607
1675
1713
1699
1675
1666
1641
1595
1565
1559
1526
1453
1379
1313
1226
1116
1016
903
737
554
421
314
157
-48
-272
-537
-895
-1375
-1969
-2579
-2986
-3060
-2981
-3056
-3306
-3501
-3553
-3549
-3444
-3103
-2695
-2592
-2785
-2812
-2395
-1784
-1317
-1007
-741
-540
-404
-150
363
984
1428
1603
1647
1756
2017
2343
2567
2598
2492
2351
2236
2186
2248
2351
2318
2078
1799
1661
1636
1588
1484
1399
1345
1262
1177
1202
1344
1423
1290
1037
871
813
714
530
390
342
242
3
-231
-304
-326
-505
-828
-1118
-1324
-1544
-1772
-1894
-1937
-2056
-2266
-2385
-2335
-2248
-2236
-2236
-2185
-2147
-2139
-2034
-1793
-1589
-1545
-1541
-1422
-1228
-1053
-863
-631
-448
-355
-244
-26
215
378
489
592
663
709
817
1001
1160
1225
1258
1326
1408
1468
1533
1621
1684
1686
1671
1704
1771
1818
1816
1780
1739
1711
1690
1653
1590
1511
1422
1331
1258
1199
1118
994
847
684
478
218
-72
-388
-805
-1413
-2151
-2761
-3006
-2960
-2949
-3155
-3435
-3629
-3764
-3811
-3583
-3087
-2735
-2833
-3087
-2958
-2371
-1717
-1270
-955
-667
-450
-285
20
582
1228
1666
1815
1864
2043
2375
2699
2875
2897
2817
2651
2434
2274
2255
2278
2167
1911
1686
1602
1567
1492
1466
1543
1574
1414
1189
1127
1181
1105
858
644
566
492
326
205
242
317
245
51
-135
-328
-631
-996
-1256
-1378
-1498
-1689
-1860
-1969
-2096
-2237
-2248
-2121
-2073
-2207
-2332
-2265
-2113
-2027
-1925
-1718
-1537
-1514
-1512
-1365
-1153
-1007
-880
-714
-595
-543
-409
-136
108
203
278
431
571
618
672
787
865
856
870
966
1073
1149
1254
1420
1580
1700
1828
1978
2074
2088
2076
2087
2095
2064
2006
1940
1862
1778
1704
1640
1568
1457
1299
1113
933
762
574
350
90
-227
-654
-1223
-1904
-2569
-3018
-3153
-3146
-3258
-3514
-3740
-3875
-3967
-3907
-3507
-2946
-2690
-2836
-2924
-2583
-1991
-1497
-1121
-746
-441
-323
-241
109
765
1449
1872
2032
2115
2253
2431
2593
2743
2865
2829
2556
2209
2058
2129
2188
2087
1932
1841
1724
1515
1370
1445
1622
1639
1444
1237
1159
1141
1057
912
797
706
545
300
98
35
16
-110
-347
-585
-802
-1051
-1296
-1424
-1473
-1616
-1871
-2056
-2089
-2092
-2149
-2156
-2062
-2004
-2068
-2114
-2012
-1856
-1777
-1711
-1577
-1466
-1449
-1390
-1174
-931
-815
-742
-571
-370
-265
-193
-25
177
277
308
387
515
608
682
805
941
1025
1085
1173
1260
1301
1345
1448
1560
1610
1636
1703
1790
1829
1827
1848
1880
1870
1824
1792
1772
1726
1667
1631
1585
1473
1313
1179
1071
912
661
355
12
-412
-993
-1724
-2449
-2953
-3154
-3214
-3351
-3585
-3780
-3908
-4027
-4047
-3760
-3239
-2859
-2825
-2881
-2668
-2190
-1673
-1209
-764
-373
-129
30
316
847
1498
2026
2307
2423
2509
2571
2565
2568
2678
2777
2635
2276
1992
1938
1951
1869
1774
1769
1740
1542
1268
1172
1301
1464
1491
1406
1294
1165
1014
899
873
878
772
523
222
-29
-206
-325
-402
-504
-710
-1029
-1367
-1631
-1794
-1871
-1900
-1933
-2015
-2108
-2153
-2148
-2120
-2071
-1998
-1946
-1946
-1943
-1864
-1699
-1495
-1298
-1137
-1036
-978
-905
-788
-640
-489
-346
-214
-109
-24
87
241
407
534
600
623
641
692
779
882
983
1093
1208
1303
1378
1468
1603
1745
1841
1893
1941
1982
1985
1969
1971
1975
1940
1869
1813
1763
1674
1542
1406
1252
1017
653
135
-550
-1305
-1864
-2060
-2076
-2240
-2595
-2921
-3150
-3413
-3652
-3571
-3134
-2784
-2842
-3061
-3006
-2649
-2255
-1897
-1471
-1035
-781
-685
-474
17
671
1287
1767
2102
2281
2317
2292
2332
2502
2688
2686
2429
2099
1904
1820
1714
1611
1616
1634
1446
1051
742
715
845
916
898
855
757
551
343
304
421
500
407
190
-48
-262
-387
-356
-212
-163
-359
-735
-1100
-1339
-1452
-1452
-1384
-1350
-1432
-1597
-1702
-1676
-1562
-1445
-1371
-1363
-1407
-1446
-1382
-1174
-892
-653
-527
-484
-458
-397
-301
-175
-29
82
109
67
42
82
169
254
322
364
372
372
401
470
546
628
712
762
757
751
806
906
1005
1100
1196
1253
1259
1284
1382
1489
1532
1522
1490
1410
1277
1146
1042
870
493
-126
-863
-1479
-1770
-1777
-1765
-1929
-2202
-2464
-2738
-3004
-3014
-2609
-2095
-1936
-2134
-2263
-2100
-1804
-1494
-1068
-554
-223
-204
-220
69
666
1362
2015
2554
2862
2852
2665
2586
2720
2852
2705
2294
1907
1709
1572
1374
1262
1389
1520
1232
554
51
113
473
651
605
583
589
372
-59
-349
-274
-39
28
-141
-383
-542
-595
-622
-708
-852
-985
-1086
-1219
-1398
-1525
-1547
-1565
-1719
-1963
-2107
-2026
-1779
-1549
-1482
-1540
-1558
-1447
-1290
-1139
-886
-462
-54
86
15
22
217
428
536
629
801
945
926
780
655
650
756
877
931
908
880
873
837
771
792
973
1159
1161
1019
955
1052
1169
1206
1273
1470
1663
1657
1489
1357
1325
1266
1068
653
-148
-1372
-2465
-2618
-1942
-1744
-2965
-4763
-5499
-4907
-4184
-4005
-3740
-3008
-2652
-3278
-3843
-2886
-738
730
564
-117
205
1407
2170
2052
2064
2917
3786
3667
3137
3472
4461
4577
3415
2456
2842
3664
3408
2130
1114
898
813
409
163
462
748
319
-539
-871
-357
369
638
461
250
197
194
114
-7
-40
19
-16
-294
-652
-823
-872
-1105
-1510
-1670
-1470
-1369
-1721
-2256
-2532
-2544
-2517
-2468
-2332
-2266
-2423
-2629
-2596
-2294
-1900
-1529
-1218
-994
-798
-517
-143
203
480
742
966
1074
1086
1100
1122
1110
1131
1260
1407
1393
1219
1055
1016
1063
1129
1182
1180
1091
957
896
975
1111
1170
1126
1070
1076
1136
1210
1271
1314
1331
1343
1384
1456
1511
1469
1316
1114
787
31
-1183
-2107
-1914
-1120
-1410
-3381
-5355
-5480
-4245
-3591
-4036
-4351
-3941
-3717
-4143
-4104
-2690
-909
-414
-1102
-1254
-18
1409
1580
907
1019
2330
3489
3463
2992
3196
3767
3719
3246
3425
4225
4275
2949
1470
1244
1959
2202
1485
651
408
431
202
-109
-80
210
333
134
-137
-131
186
409
115
-388
-313
334
537
-152
-785
-564
-129
-288
-598
-394
-211
-774
-1517
-1504
-1069
-1159
-1744
-2068
-2020
-2083
-2337
-2442
-2333
-2228
-2168
-2042
-1853
-1669
-1491
-1341
-1200
-916
-478
-207
-311
-453
-224
185
334
283
409
664
704
598
739
1098
1238
1074
1011
1236
1448
1409
1293
1325
1432
1466
1468
1529
1596
1599
1598
1704
1891
2018
1984
1841
1726
1635
1271
375
-650
-917
-293
-93
-1513
-3648
-4335
-3161
-2115
-2645
-3682
-3668
-3020
-3022
-3398
-2853
-1493
-825
-1345
-1702
-823
452
663
-73
-209
950
2251
2345
1589
1392
2146
2874
2901
2751
2981
3125
2526
1596
1350
1873
2135
1489
580
342
678
756
304
-106
16
456
653
330
-217
-382
68
561
402
-166
-351
-106
-115
-424
-352
77
17
-590
-743
-170
123
-375
-830
-632
-401
-710
-1104
-1112
-1099
-1396
-1611
-1434
-1261
-1461
-1743
-1713
-1456
-1246
-1134
-1063
-1003
-889
-729
-658
-689
-619
-418
-341
-441
-397
-95
106
24
18
335
641
600
462
602
857
886
789
865
1034
1026
920
995
1192
1231
1126
1159
1378
1540
1518
1452
1483
1468
1057
161
-591
-371
516
472
-1321
-3322
-3398
-1853
-1070
-2061
-3213
-3015
-2228
-2218
-2626
-2192
-1057
-547
-947
-1053
-157
789
676
29
302
1674
2689
2305
1375
1423
2527
3363
3180
2698
2774
3047
2687
1888
1589
1921
1955
1218
440
361
597
332
-376
-726
-362
139
23
-662
-1092
-730
-92
-72
-625
-852
-501
-358
-804
-1074
-663
-297
-622
-992
-673
-230
-505
-1052
-916
-351
-360
-960
-1263
-1035
-915
-1163
-1282
-1051
-918
-1156
-1368
-1175
-805
-672
-758
-732
-499
-292
-288
-330
-177
109
243
124
-4
89
277
341
334
443
623
654
552
553
741
899
870
805
862
958
941
874
901
1007
1073
1092
1121
1144
1130
1131
1155
1112
907
500
-97
-619
-643
-281
-502
-1895
-3434
-3541
-2368
-1776
-2665
-3716
-3510
-2619
-2410
-2783
-2533
-1496
-787
-908
-984
-310
489
565
311
765
1915
2614
2275
1756
2114
3134
3734
3510
3139
3212
3406
3136
2545
2237
2325
2293
1818
1222
911
801
548
136
-97
40
243
33
-557
-867
-483
56
-80
-726
-961
-610
-481
-920
-1208
-890
-594
-847
-1122
-883
-611
-885
-1252
-1039
-593
-703
-1264
-1495
-1245
-1103
-1324
-1513
-1412
-1310
-1442
-1571
-1417
-1126
-1020
-1089
-1036
-758
-522
-559
-693
-588
-273
-103
-205
-261
-39
230
278
282
516
811
845
741
879
1213
1382
1333
1359
1519
1595
1548
1584
1710
1710
1569
1522
1648
1736
1667
1567
1532
1432
1055
363
-344
-536
-121
68
-944
-2741
-3634
-2868
-1832
-2168
-3431
-3917
-3278
-2785
-3107
-3316
-2608
-1665
-1486
-1776
-1511
-661
-178
-374
-350
573
1674
1813
1166
1015
1932
2992
3166
2749
2736
3229
3394
2877
2380
2502
2801
2548
1867
1429
1370
1206
743
407
516
778
695
196
-320
-406
-6
434
385
-117
-483
-403
-243
-360
-487
-324
-184
-423
-710
-583
-335
-485
-786
-663
-326
-468
-1035
-1295
-1058
-890
-1082
-1308
-1364
-1484
-1738
-1820
-1632
-1462
-1515
-1609
-1543
-1380
-1266
-1234
-1205
-1075
-861
-725
-783
-861
-716
-421
-237
-181
-56
141
235
277
499
874
1115
1155
1226
1410
1552
1590
1668
1803
1834
1744
1719
1831
1915
1871
1821
1833
1665
1065
292
61
594
1021
253
-1453
-2519
-2064
-1133
-1246
-2303
-2948
-2688
-2396
-2679
-2917
-2442
-1716
-1529
-1720
-1516
-848
-450
-604
-602
166
1203
1497
972
625
1187
2164
2597
2401
2312
2636
2818
2443
1989
2080
2454
2366
1757
1271
1178
1036
518
17
13
305
267
-268
-774
-758
-418
-359
-666
-745
-321
-26
-466
-1117
-1025
-315
14
-316
-555
-355
-297
-623
-676
-123
294
-31
-557
-539
-213
-213
-448
-432
-246
-337
-691
-875
-778
-696
-774
-823
-725
-650
-768
-953
-929
-659
-428
-452
-594
-614
-544
-542
-543
-389
-185
-182
-334
-335
-101
113
146
183
399
646
704
683
831
1098
1223
1186
1209
1328
1360
1299
1316
1420
1480
1418
1035
154
-652
-315
948
1162
-742
-2884
-2830
-1185
-666
-1928
-2915
-2451
-1904
-2488
-3125
-2457
-1269
-1147
-1855
-1780
-602
203
-244
-840
-166
1392
2182
1629
915
1235
2230
2752
2611
2624
3080
3248
2677
2099
2324
2913
2842
2057
1463
1484
1529
1028
290
-18
201
390
55
-626
-1034
-902
-659
-772
-989
-777
-391
-654
-1504
-1784
-997
-251
-584
-1340
-1359
-899
-971
-1405
-1201
-502
-436
-1082
-1286
-695
-312
-655
-907
-476
-31
-251
-674
-606
-281
-272
-456
-361
-89
-129
-496
-673
-403
-22
37
-177
-291
-165
-34
-61
-58
141
324
237
66
166
441
508
378
438
770
993
912
818
973
1223
1321
1316
1371
1444
1378
1217
1172
1270
1291
1133
970
888
565
-208
-881
-696
55
93
-1093
-2395
-2599
-2023
-1830
-2225
-2459
-2336
-2481
-3051
-3247
-2598
-1820
-1764
-2144
-2012
-1219
-610
-696
-896
-419
565
1213
1244
1191
1474
1828
1950
2135
2726
3341
3292
2652
2234
2453
2851
2847
2490
2175
2012
1813
1458
1072
857
855
854
589
149
-105
-117
-239
-599
-755
-422
-100
-387
-1012
-1208
-894
-688
-829
-879
-636
-583
-1047
-1521
-1372
-816
-606
-925
-1227
-1204
-1179
-1357
-1360
-963
-671
-956
-1405
-1347
-941
-832
-1038
-1016
-692
-582
-814
-911
-648
-395
-408
-409
-175
46
-15
-168
-78
230
467
525
550
614
640
614
691
963
1250
1326
1222
1187
1284
1356
1358
1446
1630
1660
1448
1281
1371
1509
1449
1318
1328
1358
1181
932
919
1046
840
146
-541
-635
-230
-63
-643
-1635
-2295
-2371
-2262
-2317
-2403
-2381
-2545
-3125
-3640
-3390
-2531
-1986
-2178
-2476
-2223
-1675
-1417
-1337
-900
-163
251
187
230
753
1331
1471
1409
1700
2312
2680
2561
2319
2336
2506
2551
2499
2544
2626
2452
1944
1461
1368
1569
1648
1408
1052
801
609
359
171
234
423
383
19
-365
-480
-441
-511
-668
-687
-582
-654
-989
-1259
-1207
-1047
-1101
-1294
-1347
-1254
-1251
-1378
-1438
-1370
-1341
-1414
-1416
-1241
-1062
-1075
-1211
-1237
-1086
-906
-801
-732
-641
-577
-576
-542
-379
-150
-6
34
60
91
107
160
325
541
643
612
591
666
776
863
957
1075
1163
1176
1168
1197
1242
1261
1261
1269
1276
1248
1188
1126
1080
1050
1031
1004
947
863
776
702
621
499
337
144
-90
-366
-600
-703
-720
-836
-1140
-1484
-1718
-1863
-1996
-2058
-1959
-1821
-1861
-2078
-2236
-2165
-1965
-1771
-1579
-1351
-1143
-1042
-977
-809
-513
-192
82
332
588
814
977
1119
1303
1532
1739
1869
1928
1954
1974
1992
1989
1939
1859
1776
1686
1562
1419
1307
1230
1115
931
751
659
614
508
354
244
199
116
-47
-197
-263
-302
-393
-502
-581
-659
-789
-923
-987
-1008
-1071
-1163
-1199
-1184
-1216
-1320
-1387
-1335
-1237
-1208
-1224
-1190
-1099
-1048
-1058
-1026
-904
-782
-752
-757
-695
-577
-485
-424
-345
-242
-158
-91
-13
77
163
252
352
440
486
511
559
625
686
741
793
821
823
838
894
957
987
981
976
996
1027
1038
1022
993
982
967
903
794
690
625
567
492
417
347
242
109
26
15
-2
-95
-209
-262
-292
-372
-482
-545
-564
-606
-675
-715
-723
-755
-811
-824
-780
-745
-767
-800
-779
-717
-678
-673
-660
-609
-542
-490
-450
-401
-339
-273
-210
-141
-72
-16
18
49
102
171
237
279
296
308
332
367
392
400
403
422
450
462
442
402
380
393
418
415
392
374
361
321
281
288
333
338
276
218
228
261
242
185
159
176
182
141
79
41
23
6
-14
-37
-62
-92
-124
-144
-155
-165
-176
-191
-218
-241
-236
-209
-204
-242
-282
-274
-234
-234
-283
-314
-295
-286
-331
-381
-373
-328
-326
-377
-411
-385
-344
-344
-365
-357
-326
-314
-321
-291
-216
-158
-165
-181
-137
-54
-6
-13
-13
32
81
107
115
134
158
176
203
244
276
282
293
335
379
400
427
482
526
525
519
561
621
632
609
629
687
689
607
544
577
622
584
490
433
416
360
268
215
209
171
62
-52
-103
-119
-172
-260
-334
-376
-412
-459
-510
-558
-611
-652
-662
-661
-681
-721
-742
-732
-723
-735
-745
-727
-693
-674
-662
-636
-607
-600
-592
-537
-446
-392
-400
-399
-325
-214
-145
-121
-89
-15
68
133
198
282
356
401
438
497
583
656
695
717
747
789
829
854
858
856
862
866
855
821
784
757
735
699
643
575
510
447
383
315
240
172
104
30
-60
-150
-221
-278
-340
-412
-477
-524
-577
-642
-696
-719
-726
-748
-782
-793
-786
-784
-798
-793
-747
-690
-667
-672
-653
-584
-504
-450
-416
-375
-319
-253
-177
-85
-5
43
75
138
238
333
390
416
445
483
521
555
593
621
613
574
540
535
544
533
488
432
396
383
356
300
244
223
221
189
125
80
78
80
42
-9
-25
-24
-47
-92
-109
-79
-68
-122
-194
-209
-162
-131
-158
-201
-217
-210
-208
-213
-212
-202
-185
-174
-175
-184
-180
-156
-123
-94
-83
-78
-71
-65
-53
-28
4
28
39
44
53
60
69
84
107
123
123
120
117
104
78
69
85
95
58
-4
-34
-27
-34
-79
-120
-120
-117
-157
-213
-220
-188
-178
-210
-233
-207
-187
-211
-233
-190
-117
-102
-151
-173
-122
-67
-69
-88
-62
-15
-9
-38
-39
4
42
36
29
64
113
129
118
124
167
212
236
250
273
302
318
325
336
356
383
390
376
355
347
347
333
306
284
269
237
186
134
113
106
82
30
-29
-70
-96
-117
-146
-176
-208
-239
-262
-285
-304
-317
-331
-342
-352
-352
-342
-347
-361
-361
-329
-283
-261
-268
-263
-229
-176
-135
-118
-93
-48
2
34
44
60
101
152
178
186
199
222
231
216
209
240
273
259
211
182
203
221
189
145
133
153
142
86
44
52
76
56
2
-25
-12
-11
-48
-82
-74
-58
-82
-134
-151
-122
-109
-143
-178
-169
-138
-142
-179
-188
-157
-127
-136
-157
-149
-124
-116
-115
-98
-65
-52
-67
-71
-44
-6
10
0
-3
11
28
46
58
68
69
65
72
89
106
108
103
106
115
124
127
125
127
128
138
142
136
128
126
129
131
125
116
108
102
95
87
73
59
43
33
27
16
-3
-25
-40
-47
-55
-72
-89
-101
-109
-116
-120
-124
-124
-130
-135
-131
-122
-116
-114
-110
-94
-79
-75
-73
-63
-41
-21
-11
-2
7
15
20
34
53
67
70
65
65
70
73
75
78
81
77
68
58
46
38
36
35
33
22
8
-5
-14
-24
-30
-28
-26
-32
-43
-50
-47
-45
-52
-57
-53
-40
-35
-43
-49
-45
-37
-30
-27
-21
-14
-13
-13
-10
-3
5
8
11
14
19
19
14
12
17
25
28
23
20
19
18
17
17
18
18
12
8
5
8
9
5
1
1
2
2
-2
-10
-12
-9
-6
-9
-14
-17
-14
-10
-11
-14
-14
-13
-13
-13
-13
-12
-12
-14
-15
-12
-9
-8
-12
-13
-9
-6
-4
-5
-5
1
9
12
11
9
17
28
34
34
35
42
53
59
59
59
61
65
65
65
66
67
63
54
52
53
53
45
35
29
31
28
16
5
3
1
-7
-18
-27
-27
-33
-43
-52
-57
-57
-63
-74
-78
-80
-81
-90
-96
-93
-88
-87
-91
-92
-87
-81
-80
-79
-73
-60
-52
-49
-44
-36
-23
-17
-12
-5
5
16
20
24
30
38
46
47
49
54
59
62
60
58
62
61
58
54
55
60
58
50
47
48
51
48
39
36
40
39
34
27
26
27
21
14
10
10
7
2
-4
-8
-11
-17
-21
-28
-33
-34
-39
-44
-50
-52
-53
-51
-51
-56
-56
-52
-48
-50
-50
-41
-33
-28
-28
-28
-19
-11
-5
-3
0
9
16
16
17
24
34
40
39
41
48
52
50
49
54
59
58
54
52
53
56
52
45
42
42
40
34
28
28
25
21
13
7
5
4
-1
-9
-13
-13
-18
-26
-34
-36
-35
-39
-46
-50
-49
-49
-53
-54
-52
-49
-49
-50
-50
-46
-40
-40
-40
-37
-31
-30
-29
-27
-21
-17
-15
-14
-10
-6
-6
-6
0
4
6
7
11
14
16
17
19
22
24
24
23
24
25
27
27
29
30
29
28
27
29
28
29
27
26
25
22
18
16
16
15
12
8
8
6
4
0
-3
-5
-7
-7
-9
-12
-12
-11
-12
-14
-14
-14
-14
-13
-13
-13
-12
-12
-10
-9
-8
-7
-8
-4
-4
-3
-2
0
0
0
0
0
0
-1
0
2
2
3
1
0
2
3
3
3
2
1
3
4
4
5
3
3
3
3
4
4
4
3
3
-1
-1
-1
-1
-1
0
1
0
0
-2
1
2
3
2
0
1
1
1
2
3
2
1
1
0
2
2
0
-1
-1
-1
-2
-2
-2
-2
-4
-5
-5
-8
-8
-10
-12
-12
-12
-15
-14
-15
-15
-15
