-1
0
1
0
1
3
1
0
1
2
0
-1
1
1
1
-1
0
-1
-4
-3
-1
-3
-4
-3
0
0
-1
-1
-1
0
-2
-2
-2
-3
-1
-3
-2
0
0
0
0
-1
0
1
1
0
3
3
2
1
3
3
1
1
-1
1
-1
-2
-1
-1
0
0
1
3
2
2
4
3
5
2
3
3
4
3
2
2
2
2
1
1
1
1
-1
-1
0
1
0
-1
0
-1
-1
-1
0
0
-1
-1
-2
-1
-1
-3
-2
-2
-2
-2
-3
-4
-5
-5
-6
-5
-2
-4
-4
-5
-2
-3
-4
-4
-2
-1
-1
-1
2
2
2
3
1
5
4
3
3
2
2
0
3
4
3
3
4
4
3
2
3
3
0
-1
0
1
1
2
2
3
0
2
3
1
0
3
4
3
1
3
3
1
1
1
1
-2
-3
-2
-2
-3
-2
-1
-3
-4
-1
-2
-4
-3
-3
-4
-6
-3
-1
-4
-6
-1
-1
-4
-5
-3
-3
-6
-3
-1
0
-3
0
3
2
0
0
1
-1
-1
1
0
-2
-1
0
-1
-4
-3
0
-3
-4
-1
3
2
1
5
7
6
6
6
7
6
7
7
5
5
7
6
3
4
4
1
0
-1
1
0
-1
0
2
2
0
0
2
1
-1
-1
-1
0
-2
-4
-2
0
0
-1
1
0
0
-1
-2
-1
-4
-3
-3
-2
-2
-2
-1
-1
-4
-3
-2
-4
-4
-5
-3
-3
-3
-1
-2
-2
-1
1
1
-1
-3
-2
-3
-3
-4
-1
0
-1
2
1
3
1
1
0
0
-1
0
0
0
-1
2
4
2
2
2
1
0
-1
-1
-1
-2
1
2
2
4
6
3
0
1
-3
-7
-11
-7
-8
-12
-10
-4
-12
-21
-18
-13
-25
-34
-21
-14
-26
-28
-17
-15
-27
-30
-20
-17
-23
-18
-3
6
10
21
31
41
49
54
67
83
95
101
107
120
132
127
125
128
128
128
125
128
129
122
133
143
133
129
130
131
116
99
103
93
65
57
66
64
44
34
42
42
33
31
36
51
72
91
109
130
136
119
105
83
16
-74
-122
-147
-229
-313
-307
-268
-303
-350
-292
-226
-275
-329
-272
-229
-326
-410
-355
-320
-431
-551
-564
-603
-793
-1057
-1304
-1534
-1787
-2084
-2379
-2501
-2333
-2021
-1740
-1362
-721
-15
473
830
1269
1693
1913
2010
2160
2321
2381
2384
2390
2354
2225
1998
1675
1285
916
596
300
47
-88
-83
6
136
287
455
620
745
812
851
866
821
744
662
464
86
-188
-108
45
-99
-304
-173
2
-228
-592
-657
-669
-976
-1246
-1150
-1016
-1125
-1161
-905
-694
-743
-811
-775
-796
-854
-785
-646
-571
-462
-249
-71
10
79
120
32
-103
-143
-171
-292
-406
-390
-305
-232
-139
-14
103
216
349
488
612
747
866
917
922
940
958
943
922
876
759
574
414
299
139
-70
-256
-365
-472
-651
-827
-933
-999
-1144
-1324
-1420
-1537
-1845
-2412
-3031
-3431
-3499
-3240
-2906
-2530
-1851
-816
217
776
1130
1719
2303
2450
2229
2250
2545
2631
2507
2523
2751
2736
2292
1797
1407
1015
501
18
-228
-298
-193
31
345
712
1029
1284
1408
1461
1496
1484
1458
1418
1456
1583
1735
1822
1715
1490
1201
804
251
-415
-1021
-1571
-2087
-2466
-2631
-2616
-2591
-2575
-2503
-2368
-2213
-2232
-2507
-2816
-2769
-2374
-2128
-2076
-1695
-868
-226
-86
106
540
669
296
0
40
-109
-530
-671
-399
-208
-290
-269
-110
-81
-189
-247
-239
-255
-154
113
423
772
1184
1557
1742
1855
2013
2027
1830
1591
1491
1424
1284
1212
1269
1364
1371
1317
1286
1221
1094
940
822
748
675
660
694
686
584
487
494
478
323
94
-75
-189
-342
-506
-624
-706
-807
-948
-1119
-1358
-1673
-2019
-2343
-2657
-3106
-3848
-4801
-5474
-5466
-5036
-4713
-4392
-3479
-2032
-865
-291
342
1397
2250
2391
2325
2673
3156
3256
3159
3312
3555
3401
2821
2189
1661
1095
433
-185
-572
-664
-532
-294
20
440
904
1263
1460
1591
1735
1865
1932
1985
2144
2434
2730
2877
2859
2752
2526
2090
1454
738
12
-726
-1428
-1982
-2337
-2527
-2635
-2715
-2739
-2671
-2651
-2862
-3178
-3209
-2931
-2735
-2672
-2272
-1426
-702
-386
-39
518
789
523
181
59
-161
-613
-924
-919
-901
-1008
-1043
-945
-875
-878
-877
-877
-856
-695
-392
-76
272
744
1233
1579
1840
2113
2267
2189
2029
1945
1861
1700
1569
1547
1568
1554
1528
1513
1478
1390
1252
1091
936
798
669
556
493
474
471
482
530
593
574
419
182
-26
-197
-410
-653
-834
-930
-1024
-1154
-1299
-1488
-1772
-2122
-2518
-3131
-4153
-5355
-6085
-6028
-5632
-5389
-4977
-3818
-2222
-1082
-508
252
1375
2129
2154
2097
2503
3035
3241
3311
3594
3931
3907
3476
2929
2430
1871
1136
364
-174
-353
-290
-139
103
489
935
1282
1483
1617
1722
1760
1749
1788
1946
2214
2511
2753
2880
2899
2810
2539
2010
1272
456
-365
-1157
-1842
-2353
-2691
-2896
-3010
-3052
-3010
-2924
-2931
-3046
-3086
-3020
-3067
-3190
-2973
-2352
-1817
-1520
-1000
-191
302
267
220
352
229
-258
-637
-741
-884
-1108
-1144
-1001
-917
-884
-792
-737
-764
-702
-511
-369
-226
147
690
1130
1470
1890
2281
2426
2417
2455
2467
2296
2057
1941
1921
1883
1848
1865
1865
1787
1672
1557
1412
1219
1003
803
647
550
498
453
417
409
416
400
351
276
187
61
-123
-347
-567
-753
-909
-1073
-1252
-1414
-1559
-1772
-2101
-2503
-3004
-3787
-4831
-5672
-5889
-5672
-5450
-5098
-4202
-2930
-1914
-1255
-455
583
1323
1500
1526
1782
2140
2387
2600
2898
3165
3249
3174
3044
2882
2596
2102
1454
883
574
475
425
415
533
767
1027
1272
1486
1611
1634
1616
1626
1680
1782
1921
2049
2145
2237
2316
2324
2209
1959
1560
1036
470
-77
-617
-1141
-1591
-1944
-2215
-2378
-2414
-2414
-2469
-2517
-2506
-2566
-2808
-3082
-3170
-3099
-2987
-2764
-2320
-1778
-1342
-998
-631
-290
-117
-118
-208
-355
-522
-629
-657
-654
-647
-621
-595
-572
-499
-374
-285
-252
-169
8
212
412
660
929
1130
1286
1490
1724
1868
1927
1988
2057
2075
2056
2054
2047
1998
1935
1890
1845
1763
1660
1550
1406
1222
1033
863
683
474
268
116
34
-12
-49
-78
-95
-98
-110
-160
-253
-352
-446
-560
-681
-760
-804
-892
-1043
-1205
-1411
-1814
-2446
-3114
-3612
-3884
-3948
-3803
-3520
-3262
-3068
-2788
-2333
-1778
-1225
-775
-572
-599
-515
-63
518
841
939
1098
1342
1549
1781
2121
2394
2401
2277
2276
2414
2512
2464
2279
2014
1762
1604
1540
1516
1453
1286
1071
984
1085
1193
1117
920
777
731
730
784
907
990
921
774
722
801
852
734
473
190
-28
-182
-310
-439
-594
-804
-1064
-1296
-1446
-1549
-1718
-1995
-2303
-2529
-2603
-2551
-2474
-2467
-2515
-2527
-2459
-2313
-2081
-1799
-1609
-1560
-1484
-1222
-906
-742
-688
-606
-518
-462
-305
-3
245
303
350
540
768
910
1016
1110
1108
1049
1085
1228
1347
1394
1437
1490
1533
1602
1709
1774
1746
1702
1720
1764
1785
1799
1822
1807
1727
1641
1603
1572
1475
1323
1182
1062
945
836
728
583
384
190
49
-55
-166
-299
-441
-575
-691
-817
-1012
-1325
-1783
-2399
-3056
-3480
-3497
-3302
-3276
-3503
-3697
-3658
-3491
-3288
-2994
-2692
-2672
-2925
-2983
-2515
-1819
-1349
-1139
-922
-588
-178
334
963
1532
1842
1963
2138
2479
2873
3133
3174
3058
2921
2861
2890
2966
2987
2854
2588
2370
2324
2335
2221
1968
1698
1488
1358
1348
1447
1524
1452
1285
1185
1201
1228
1156
981
748
498
262
90
-6
-119
-369
-734
-1061
-1298
-1573
-1965
-2320
-2488
-2573
-2737
-2927
-3009
-3066
-3230
-3373
-3297
-3114
-3073
-3120
-3005
-2698
-2383
-2122
-1851
-1629
-1531
-1447
-1215
-894
-638
-441
-223
7
222
488
804
1029
1092
1113
1205
1340
1478
1609
1697
1700
1685
1748
1868
1948
1972
1988
2003
2035
2127
2252
2312
2288
2254
2252
2234
2180
2115
2018
1837
1625
1485
1437
1391
1261
1057
833
623
434
269
114
-70
-303
-548
-762
-972
-1261
-1695
-2273
-2907
-3382
-3510
-3392
-3355
-3554
-3784
-3838
-3756
-3619
-3371
-3061
-2959
-3158
-3285
-2957
-2299
-1730
-1407
-1164
-889
-588
-204
348
949
1353
1505
1613
1883
2292
2663
2855
2862
2771
2688
2664
2701
2740
2681
2472
2206
2057
2058
2062
1947
1751
1567
1434
1375
1429
1541
1569
1448
1272
1166
1154
1163
1125
996
788
579
450
402
345
203
-32
-330
-633
-905
-1164
-1448
-1755
-2048
-2328
-2581
-2722
-2731
-2739
-2842
-2942
-2912
-2832
-2814
-2763
-2576
-2362
-2257
-2154
-1927
-1666
-1492
-1333
-1108
-905
-757
-540
-235
11
148
306
509
633
685
802
965
1040
1053
1138
1284
1377
1427
1515
1602
1614
1619
1692
1773
1790
1809
1896
1996
2042
2082
2145
2154
2070
1970
1903
1831
1722
1597
1457
1282
1115
1003
907
761
575
384
179
-34
-223
-405
-681
-1089
-1593
-2145
-2659
-2962
-2961
-2857
-2946
-3216
-3411
-3430
-3378
-3272
-3042
-2822
-2864
-3090
-3099
-2684
-2105
-1683
-1433
-1196
-925
-638
-276
210
715
1059
1218
1363
1654
2057
2392
2555
2586
2563
2513
2462
2457
2487
2435
2243
2030
1927
1900
1835
1730
1643
1554
1430
1334
1353
1436
1429
1285
1111
1013
976
927
852
773
683
556
419
327
277
188
-1
-258
-522
-774
-1025
-1271
-1498
-1710
-1952
-2234
-2483
-2603
-2619
-2647
-2709
-2704
-2641
-2634
-2653
-2513
-2208
-1968
-1907
-1850
-1677
-1479
-1321
-1120
-856
-650
-523
-357
-97
163
375
572
732
808
858
975
1140
1263
1331
1373
1402
1427
1487
1572
1607
1606
1641
1712
1753
1776
1854
1945
1951
1904
1911
1957
1934
1821
1689
1580
1468
1354
1245
1114
925
708
510
348
200
50
-102
-271
-483
-771
-1152
-1610
-2093
-2507
-2752
-2809
-2819
-2937
-3135
-3264
-3263
-3175
-3006
-2744
-2531
-2542
-2667
-2585
-2185
-1715
-1397
-1184
-951
-708
-462
-108
401
910
1231
1376
1499
1707
1976
2211
2347
2374
2320
2226
2149
2152
2210
2200
2046
1853
1751
1718
1664
1592
1557
1517
1420
1319
1307
1359
1359
1246
1078
927
813
713
620
550
504
430
299
174
106
29
-160
-443
-711
-954
-1233
-1517
-1703
-1800
-1941
-2149
-2293
-2320
-2332
-2390
-2418
-2363
-2299
-2284
-2231
-2060
-1859
-1738
-1664
-1555
-1402
-1255
-1103
-920
-740
-592
-436
-235
-23
173
357
532
666
770
897
1044
1157
1211
1243
1275
1300
1322
1356
1406
1435
1444
1480
1556
1634
1695
1752
1804
1819
1789
1741
1706
1672
1625
1567
1493
1391
1271
1151
1028
884
724
580
445
286
115
-60
-299
-705
-1276
-1850
-2260
-2471
-2561
-2631
-2753
-2949
-3162
-3288
-3226
-2973
-2674
-2515
-2545
-2609
-2506
-2194
-1797
-1433
-1155
-985
-892
-748
-412
91
587
930
1132
1295
1487
1715
1952
2149
2239
2174
2014
1886
1873
1930
1966
1945
1881
1789
1673
1572
1531
1534
1520
1459
1388
1342
1320
1294
1261
1204
1096
933
769
652
574
511
448
380
269
105
-83
-272
-491
-764
-1044
-1265
-1429
-1573
-1696
-1766
-1802
-1861
-1932
-1953
-1932
-1933
-1966
-1969
-1921
-1861
-1805
-1722
-1604
-1503
-1433
-1350
-1216
-1051
-891
-736
-583
-447
-319
-169
12
176
307
411
494
556
626
735
853
923
955
1002
1081
1162
1240
1344
1457
1531
1565
1602
1666
1725
1755
1754
1735
1701
1664
1626
1574
1500
1412
1326
1231
1117
999
879
742
574
394
209
-49
-462
-1021
-1594
-2030
-2270
-2358
-2394
-2482
-2672
-2920
-3091
-3072
-2860
-2582
-2395
-2359
-2395
-2334
-2094
-1712
-1314
-1007
-830
-750
-655
-416
11
519
942
1202
1350
1472
1614
1788
1980
2120
2120
1974
1794
1690
1679
1714
1744
1735
1651
1505
1365
1304
1322
1370
1385
1346
1257
1149
1056
1000
968
929
842
695
531
410
337
278
193
71
-101
-333
-583
-779
-909
-1025
-1163
-1301
-1413
-1527
-1637
-1681
-1656
-1633
-1660
-1692
-1683
-1662
-1650
-1601
-1495
-1406
-1374
-1351
-1273
-1159
-1047
-911
-736
-571
-448
-333
-188
-39
74
163
236
277
277
284
317
368
419
479
555
629
703
796
907
1016
1111
1205
1295
1362
1411
1461
1512
1532
1531
1541
1568
1572
1536
1493
1460
1402
1289
1163
1064
977
867
738
577
314
-125
-698
-1246
-1631
-1834
-1945
-2072
-2280
-2557
-2828
-2975
-2901
-2638
-2355
-2223
-2253
-2280
-2158
-1879
-1535
-1201
-929
-772
-701
-577
-258
225
713
1092
1364
1557
1661
1705
1768
1876
1957
1908
1748
1577
1469
1428
1437
1479
1507
1450
1287
1091
957
919
932
941
931
899
832
740
675
672
694
672
567
398
218
66
-30
-72
-101
-181
-342
-557
-737
-832
-861
-899
-997
-1132
-1267
-1376
-1430
-1403
-1318
-1261
-1279
-1328
-1346
-1328
-1294
-1218
-1100
-1003
-973
-952
-877
-763
-655
-546
-418
-316
-272
-241
-163
-52
39
109
188
262
303
339
408
493
554
591
622
656
683
721
781
847
905
963
1017
1052
1078
1131
1212
1268
1272
1248
1224
1187
1134
1097
1094
1099
1065
991
901
757
482
41
-489
-963
-1281
-1447
-1550
-1673
-1848
-2068
-2292
-2429
-2382
-2167
-1934
-1837
-1865
-1874
-1762
-1541
-1257
-931
-620
-428
-366
-298
-67
325
754
1123
1408
1591
1646
1629
1656
1762
1852
1817
1658
1461
1284
1153
1086
1092
1124
1088
931
711
538
464
458
482
514
520
450
309
184
154
194
221
191
103
-26
-174
-287
-331
-338
-377
-481
-627
-786
-912
-968
-959
-951
-997
-1071
-1110
-1095
-1050
-982
-896
-834
-832
-847
-809
-704
-576
-447
-326
-238
-199
-166
-100
-22
24
51
89
112
94
68
81
113
117
108
125
157
172
189
246
322
374
409
459
527
573
606
648
689
704
705
724
746
747
730
722
707
658
595
560
547
517
469
446
449
423
304
47
-364
-856
-1268
-1463
-1476
-1459
-1509
-1622
-1774
-1954
-2055
-1936
-1605
-1294
-1209
-1284
-1298
-1148
-898
-605
-277
18
159
150
170
373
733
1119
1469
1768
1965
2015
1982
1994
2086
2151
2090
1931
1749
1561
1356
1190
1139
1178
1164
982
682
399
215
119
79
72
36
-105
-344
-548
-612
-567
-532
-562
-648
-795
-1001
-1159
-1143
-990
-889
-952
-1076
-1128
-1110
-1110
-1156
-1193
-1177
-1132
-1085
-1034
-941
-787
-623
-550
-600
-681
-651
-476
-246
-60
73
188
274
305
299
359
545
790
935
917
839
820
836
796
711
685
736
758
682
588
580
629
627
552
497
531
596
595
515
435
428
481
515
488
441
415
383
284
149
76
75
63
-7
-121
-379
-982
-1837
-2375
-2152
-1585
-1581
-2386
-3252
-3488
-3304
-3177
-2921
-2107
-1140
-976
-1684
-2120
-1400
-46
837
1017
1119
1442
1592
1356
1289
1920
2824
3103
2672
2370
2687
3103
3007
2622
2503
2593
2439
2009
1676
1495
1166
645
280
276
460
582
517
204
-255
-501
-276
182
398
255
25
-165
-453
-783
-803
-459
-284
-713
-1411
-1724
-1580
-1485
-1673
-1848
-1791
-1729
-1901
-2150
-2202
-2066
-1964
-1985
-1987
-1810
-1511
-1352
-1438
-1481
-1155
-605
-268
-197
-66
203
340
335
546
1027
1330
1214
998
999
1123
1165
1166
1207
1221
1147
1046
981
950
979
1043
1033
958
964
1054
1034
861
772
893
1013
948
836
837
857
782
735
829
902
762
495
332
291
219
71
-79
-215
-386
-593
-854
-1301
-1961
-2452
-2345
-1928
-2094
-3097
-3999
-3889
-3164
-2802
-2852
-2631
-2172
-2157
-2478
-2119
-834
249
287
-75
219
1068
1585
1541
1573
2060
2569
2624
2477
2642
3011
3004
2582
2424
2840
3166
2704
1799
1320
1415
1487
1229
941
812
587
153
-127
28
336
356
89
-119
-89
56
118
27
-148
-244
-201
-189
-391
-700
-873
-908
-945
-926
-793
-824
-1238
-1689
-1675
-1350
-1272
-1523
-1760
-1881
-2027
-2076
-1841
-1556
-1555
-1711
-1659
-1373
-1078
-856
-660
-505
-338
-90
154
255
277
371
502
579
688
867
931
803
731
896
1103
1141
1105
1131
1137
1078
1108
1268
1332
1187
1036
1063
1154
1139
1054
1002
976
948
951
976
956
870
766
689
654
535
63
-792
-1429
-1214
-608
-922
-2450
-3717
-3425
-2349
-2101
-2723
-2964
-2566
-2487
-2855
-2545
-1254
-348
-718
-1290
-706
534
951
429
265
1080
1978
2048
1671
1709
2155
2364
2239
2341
2797
2916
2258
1446
1344
1816
1960
1418
785
604
665
513
186
49
168
270
192
85
122
209
145
-29
-37
193
307
-5
-488
-633
-435
-337
-489
-605
-570
-633
-849
-938
-826
-830
-1080
-1275
-1227
-1159
-1308
-1546
-1627
-1535
-1420
-1387
-1407
-1391
-1319
-1228
-1101
-867
-561
-397
-430
-429
-235
0
63
59
156
283
292
247
307
447
526
537
573
658
725
734
755
859
1012
1092
1052
985
997
1068
1098
1083
1061
1034
977
928
937
952
911
832
781
729
568
272
-91
-417
-606
-635
-692
-1107
-1851
-2371
-2240
-1785
-1704
-2086
-2348
-2172
-1871
-1763
-1623
-1205
-779
-660
-646
-326
198
456
402
496
995
1507
1572
1360
1398
1794
2133
2147
2049
2074
2080
1859
1560
1476
1534
1417
1053
718
602
547
352
95
-22
27
51
-60
-215
-282
-254
-221
-219
-214
-239
-380
-585
-655
-548
-505
-684
-891
-846
-636
-582
-739
-863
-818
-715
-682
-664
-643
-708
-858
-935
-832
-706
-736
-876
-936
-830
-670
-568
-522
-456
-339
-225
-157
-89
34
174
238
244
276
323
322
295
337
437
494
483
470
478
499
565
666
705
658
633
679
678
587
552
628
661
573
503
522
512
441
431
523
557
347
-177
-796
-983
-501
-110
-861
-2383
-3002
-2128
-1266
-1736
-2650
-2541
-1773
-1671
-2104
-1825
-800
-302
-672
-760
64
840
670
250
704
1786
2273
1826
1406
1776
2488
2734
2533
2502
2770
2812
2370
1916
1914
2094
1896
1339
946
898
786
351
-72
-61
210
210
-186
-537
-484
-235
-193
-357
-409
-285
-287
-582
-899
-930
-796
-802
-987
-1153
-1263
-1450
-1666
-1654
-1386
-1209
-1384
-1686
-1745
-1553
-1409
-1399
-1329
-1158
-1111
-1255
-1292
-1037
-741
-655
-617
-396
-135
-67
-66
146
518
753
786
796
872
920
925
988
1124
1191
1113
986
945
989
1017
982
942
962
1005
986
889
818
840
906
921
851
752
667
597
538
505
484
429
326
225
153
23
-311
-829
-1192
-1091
-798
-1067
-2110
-3033
-2907
-2140
-1970
-2635
-3091
-2736
-2268
-2349
-2461
-1911
-1117
-881
-1013
-703
37
413
255
351
1120
1878
1894
1494
1532
2131
2628
2645
2546
2732
2978
2859
2481
2317
2461
2508
2208
1813
1604
1460
1140
736
565
668
711
439
22
-176
-86
26
-44
-192
-219
-179
-300
-623
-911
-961
-868
-877
-1078
-1337
-1541
-1696
-1785
-1708
-1505
-1451
-1684
-1920
-1837
-1586
-1515
-1592
-1521
-1328
-1299
-1425
-1415
-1210
-1033
-938
-774
-549
-432
-406
-266
32
323
501
605
677
732
802
895
972
1017
1079
1136
1120
1057
1037
1088
1149
1196
1245
1263
1203
1121
1136
1240
1312
1273
1170
1080
1016
948
876
813
741
642
557
498
260
-366
-1065
-1121
-499
-342
-1523
-3082
-3312
-2277
-1790
-2641
-3479
-3136
-2461
-2660
-3184
-2784
-1731
-1317
-1633
-1528
-665
-67
-308
-479
302
1435
1721
1182
960
1590
2361
2507
2303
2433
2866
2972
2571
2201
2285
2545
2482
2094
1782
1680
1511
1124
802
849
1068
992
548
185
240
478
468
230
162
378
471
119
-358
-432
-165
-135
-533
-884
-848
-805
-1163
-1612
-1619
-1350
-1387
-1727
-1872
-1770
-1849
-2114
-2063
-1652
-1475
-1769
-2002
-1791
-1479
-1452
-1474
-1229
-926
-894
-983
-821
-438
-160
-57
77
300
441
438
475
676
909
980
903
853
904
970
994
1048
1183
1301
1282
1199
1228
1374
1467
1453
1465
1557
1569
1423
1286
1289
1316
1228
1097
1012
914
768
586
206
-472
-941
-623
-66
-605
-2263
-3277
-2589
-1573
-1968
-3166
-3351
-2534
-2326
-3047
-3222
-2232
-1386
-1604
-1927
-1306
-422
-408
-829
-428
754
1430
1069
607
968
1796
2193
2047
2016
2412
2755
2572
2121
2001
2280
2450
2199
1819
1670
1621
1336
894
737
965
1112
791
272
111
336
436
181
-37
144
407
212
-333
-609
-415
-225
-402
-674
-721
-753
-1081
-1435
-1335
-939
-889
-1281
-1530
-1347
-1210
-1451
-1624
-1329
-994
-1172
-1548
-1515
-1208
-1176
-1323
-1149
-760
-712
-987
-1003
-599
-247
-215
-209
-2
209
225
194
323
561
719
745
726
737
780
823
882
991
1132
1200
1139
1055
1090
1217
1289
1271
1250
1249
1197
1087
1022
1029
1003
900
814
768
659
478
375
330
39
-588
-1024
-775
-331
-733
-2009
-2897
-2567
-1844
-1961
-2739
-3046
-2640
-2390
-2668
-2771
-2187
-1496
-1379
-1505
-1156
-455
-137
-283
-147
647
1453
1535
1159
1170
1775
2333
2382
2260
2444
2773
2746
2362
2144
2334
2549
2375
1949
1680
1597
1388
978
701
760
864
627
141
-155
-88
39
-68
-267
-242
-67
-175
-661
-1002
-802
-461
-589
-1035
-1200
-1093
-1220
-1543
-1494
-1077
-994
-1395
-1594
-1293
-1083
-1310
-1427
-1067
-760
-989
-1318
-1200
-887
-863
-962
-785
-493
-490
-674
-617
-277
23
127
180
305
437
487
491
571
754
890
842
729
764
897
922
876
976
1179
1206
1048
1012
1183
1281
1167
1072
1146
1189
1027
832
801
813
701
574
551
495
318
174
12
-529
-1265
-1298
-466
-163
-1460
-3142
-3256
-2076
-1686
-2683
-3415
-2905
-2345
-2808
-3351
-2749
-1664
-1444
-1830
-1526
-484
39
-355
-521
382
1614
1988
1555
1326
1787
2433
2683
2664
2835
3212
3336
3001
2621
2659
2946
2942
2544
2191
2116
1958
1389
765
656
955
976
413
-232
-398
-243
-323
-670
-748
-418
-332
-924
-1547
-1399
-859
-916
-1491
-1597
-1152
-1164
-1855
-2147
-1540
-1039
-1354
-1714
-1396
-1049
-1382
-1734
-1287
-607
-676
-1217
-1270
-853
-729
-959
-891
-437
-212
-437
-597
-343
33
178
191
331
549
611
513
491
676
897
942
862
845
896
880
832
935
1159
1251
1148
1090
1180
1241
1192
1209
1341
1366
1190
1049
1073
1056
876
724
741
743
558
325
255
278
92
-516
-1284
-1518
-920
-341
-1005
-2693
-3690
-3075
-2082
-2241
-3127
-3340
-2868
-2842
-3333
-3165
-2092
-1374
-1678
-1946
-1174
-92
47
-471
-277
941
2009
2031
1557
1577
2146
2625
2774
2976
3398
3617
3274
2737
2663
3089
3351
2994
2392
2137
2169
1913
1235
698
729
968
775
133
-387
-478
-482
-731
-945
-744
-488
-899
-1780
-2060
-1413
-867
-1247
-1897
-1894
-1554
-1669
-1962
-1666
-1111
-1191
-1673
-1550
-886
-721
-1199
-1319
-737
-317
-568
-858
-686
-486
-648
-743
-369
25
-121
-526
-549
-159
142
154
126
224
293
226
201
379
596
587
433
449
677
789
653
591
838
1119
1102
971
1062
1237
1194
1085
1251
1519
1449
1127
1041
1221
1242
1010
878
957
928
676
504
562
547
126
-594
-1159
-1184
-763
-570
-1245
-2493
-3278
-3107
-2635
-2619
-2875
-2912
-2927
-3302
-3593
-3060
-2006
-1494
-1752
-1861
-1219
-406
-143
-178
168
920
1540
1808
1996
2272
2464
2503
2664
3174
3794
4014
3641
3065
2840
3069
3325
3218
2805
2378
2024
1617
1163
872
802
687
287
-235
-527
-578
-728
-1104
-1386
-1339
-1244
-1461
-1832
-1958
-1882
-1960
-2153
-2095
-1828
-1801
-2056
-2113
-1801
-1533
-1535
-1471
-1142
-908
-1003
-1079
-817
-472
-384
-398
-241
-58
-106
-229
-103
187
298
203
178
312
389
313
288
448
608
549
381
358
472
482
352
321
481
595
481
347
442
660
721
671
753
957
1037
947
920
1046
1139
1082
1002
1010
1025
942
823
752
696
602
505
440
370
273
195
109
-148
-673
-1247
-1459
-1214
-941
-1157
-1857
-2551
-2881
-2903
-2781
-2515
-2177
-2119
-2523
-2997
-2952
-2335
-1659
-1273
-1056
-813
-610
-507
-283
271
983
1485
1700
1868
2155
2447
2611
2728
2962
3295
3554
3612
3518
3371
3204
2999
2786
2655
2622
2539
2217
1650
1073
688
463
273
92
-49
-248
-654
-1194
-1561
-1589
-1477
-1544
-1811
-2041
-2136
-2239
-2406
-2453
-2280
-2112
-2151
-2249
-2150
-1925
-1824
-1804
-1621
-1298
-1108
-1090
-977
-685
-460
-423
-346
-65
222
302
285
374
514
535
482
526
661
716
639
552
529
522
487
464
489
512
475
399
346
340
343
334
325
325
322
317
346
405
439
430
434
491
545
547
533
556
581
542
470
457
499
504
431
345
312
294
245
194
196
206
157
67
13
-10
-88
-229
-325
-330
-342
-444
-583
-680
-759
-870
-967
-996
-985
-1000
-1027
-1009
-949
-900
-872
-813
-684
-525
-395
-315
-248
-150
-10
140
265
362
447
528
615
707
813
928
1020
1063
1064
1059
1069
1071
1043
999
958
900
802
688
605
555
491
394
301
245
191
98
9
-21
-23
-79
-197
-279
-295
-321
-411
-493
-505
-501
-559
-658
-715
-718
-722
-736
-739
-718
-701
-711
-715
-691
-639
-593
-564
-542
-514
-480
-444
-401
-350
-298
-269
-249
-213
-158
-122
-118
-105
-63
-18
-2
-8
6
46
85
102
108
133
178
217
228
238
269
308
317
307
318
358
391
390
385
401
425
426
416
430
453
447
418
401
411
423
415
404
395
385
367
349
331
309
289
274
251
201
149
132
131
101
45
14
18
6
-43
-83
-75
-56
-85
-154
-210
-227
-241
-278
-325
-354
-383
-428
-461
-457
-438
-452
-490
-507
-493
-479
-468
-454
-442
-449
-447
-401
-347
-337
-349
-300
-202
-152
-172
-169
-85
-4
1
-11
38
116
131
99
112
187
232
209
197
259
341
372
378
414
466
484
485
521
571
582
548
532
558
578
556
509
476
459
439
419
406
382
323
239
166
119
80
27
-37
-101
-174
-253
-327
-384
-432
-482
-532
-574
-618
-660
-690
-698
-700
-719
-749
-759
-739
-720
-716
-702
-667
-628
-607
-588
-551
-497
-437
-371
-302
-252
-220
-181
-111
-23
49
103
162
222
275
313
342
380
435
507
570
609
627
635
641
646
677
742
800
801
758
726
726
725
709
693
691
680
634
576
531
490
439
396
373
338
264
168
95
51
1
-65
-132
-201
-287
-375
-440
-486
-542
-617
-676
-711
-749
-801
-840
-845
-835
-827
-813
-783
-761
-768
-775
-731
-645
-572
-535
-504
-453
-406
-378
-336
-244
-128
-50
-19
14
80
155
214
275
346
404
435
462
506
546
557
567
601
634
630
605
602
627
625
585
546
537
536
515
489
468
440
389
335
298
273
234
181
127
76
25
-27
-73
-122
-182
-241
-277
-301
-336
-389
-433
-461
-492
-532
-566
-569
-569
-595
-629
-626
-586
-564
-573
-571
-526
-474
-449
-436
-393
-331
-293
-280
-243
-169
-103
-75
-50
10
87
143
183
232
297
343
368
397
445
491
519
537
558
578
586
586
583
582
577
564
539
508
469
426
380
335
295
252
196
132
66
9
-42
-87
-134
-185
-236
-279
-309
-331
-348
-368
-384
-389
-372
-348
-330
-317
-305
-281
-246
-202
-166
-137
-110
-91
-74
-52
-13
34
49
28
14
36
65
61
41
41
48
29
-9
-13
23
39
5
-37
-38
-19
-20
-38
-36
-18
-22
-43
-57
-46
-33
-33
-36
-32
-29
-36
-54
-62
-53
-39
-32
-37
-43
-37
-29
-30
-31
-19
7
25
19
12
27
49
51
41
46
69
78
62
45
50
65
59
36
25
35
35
12
-11
-11
2
3
-10
-17
-8
1
-3
-10
0
24
43
46
44
52
69
81
79
76
85
99
105
96
85
87
91
78
56
49
59
57
29
-2
-4
3
-5
-29
-40
-40
-44
-63
-78
-77
-76
-94
-118
-127
-121
-112
-114
-120
-126
-122
-110
-103
-102
-90
-62
-32
-22
-26
-7
31
56
55
63
103
139
137
115
120
151
160
136
113
120
123
95
59
52
60
42
-1
-31
-25
-21
-43
-70
-72
-61
-64
-83
-91
-79
-75
-86
-89
-79
-65
-71
-88
-91
-81
-68
-67
-71
-68
-63
-57
-52
-48
-41
-28
-14
-5
-1
6
16
22
24
33
47
53
53
50
56
61
60
59
64
67
64
57
54
57
52
41
36
38
39
33
20
17
19
17
12
12
16
19
15
13
16
19
19
19
21
23
21
15
11
8
7
6
4
-2
-10
-15
-19
-23
-29
-32
-32
-34
-41
-48
-45
-38
-37
-38
-37
-32
-30
-32
-31
-26
-21
-19
-20
-19
-16
-10
-5
-1
0
3
9
10
10
12
20
27
31
29
27
34
36
36
35
40
45
42
37
31
32
31
27
20
13
10
2
-7
-14
-14
-16
-24
-32
-36
-38
-39
-44
-44
-40
-38
-40
-40
-35
-29
-24
-22
-20
-16
-12
-5
-2
2
4
5
5
7
10
15
17
19
18
20
20
18
16
17
22
21
17
13
10
10
9
7
9
11
10
5
3
2
4
4
2
4
7
6
2
0
1
2
4
5
6
7
4
2
2
5
6
5
6
5
4
3
0
-1
-1
-5
-9
-10
-13
-15
-15
-17
-18
-17
-13
-13
-14
-14
-11
-7
-4
-4
-4
-3
0
1
0
1
1
1
1
1
0
0
3
4
7
6
7
12
14
17
19
17
19
22
22
21
20
22
23
21
16
12
10
10
9
5
2
0
-3
-6
-8
-8
-10
-13
-15
-18
-20
-24
-25
-25
-25
-25
-26
-26
-24
-23
-22
-23
-21
-18
-13
-15
-16
-13
-9
-7
-8
-6
-4
-2
-3
-3
0
4
5
6
8
9
10
7
6
6
9
12
15
16
14
13
12
14
17
18
20
23
22
22
22
20
23
26
27
28
29
29
28
28
27
27
26
24
21
20
17
11
6
4
2
-3
-6
-11
-13
-17
-19
-26
-31
-34
-38
-40
-42
-43
-45
-44
-44
-44
-40
-37
-33
-31
-29
-26
-21
-17
-13
-7
1
7
8
10
14
15
15
18
24
29
31
32
31
34
37
34
33
35
