3
4
4
2
2
3
2
2
2
1
1
1
-1
-1
-3
-3
-4
-4
-3
-2
-3
-2
-3
0
1
1
3
2
3
4
4
3
4
3
4
4
3
2
1
3
2
0
0
0
0
0
-2
-4
-3
-3
-4
-5
-6
-7
-7
-5
-6
-5
-6
-9
-6
-4
-2
-2
-2
-1
-1
-1
3
3
3
4
5
6
8
8
7
6
6
5
5
3
3
0
-2
-3
-3
-1
-3
-5
-2
-1
-1
0
-2
-2
0
3
2
2
3
1
3
5
5
5
4
2
3
4
4
2
0
-1
0
1
1
-2
-4
-2
-1
-1
-3
-2
-4
-3
-3
-3
-2
-3
-4
-4
-3
-2
-3
-2
-4
-2
0
-1
-1
-1
0
0
0
-1
-2
-2
-2
-3
-1
2
2
2
4
3
3
1
1
1
0
1
0
-2
-4
-2
0
1
1
-1
-1
1
2
3
4
2
3
3
3
2
0
0
1
1
1
2
4
2
2
0
-1
-1
0
1
1
1
-1
0
3
3
2
2
3
3
1
0
0
0
-1
-2
-3
-2
-3
-3
-5
-5
-5
-2
-1
-1
-3
-1
2
5
4
3
4
4
4
3
1
2
2
1
1
-1
-1
-2
-3
-4
-5
-5
-6
-4
-3
-5
-5
-3
-4
-3
-4
-2
-2
1
2
0
2
4
3
3
4
5
4
3
2
4
4
4
3
3
2
-1
-1
3
1
0
1
0
-2
-1
-1
-1
2
2
-2
-1
-1
-1
1
-1
-2
-1
0
0
0
-3
-4
-1
2
1
0
-2
0
0
0
-1
0
1
1
2
0
0
3
1
-1
-1
-3
-4
-6
-5
-4
-5
-6
-4
-1
0
-2
-4
-3
-1
2
1
3
2
2
3
6
9
7
7
7
6
4
6
6
4
2
1
1
1
-2
-6
-5
-6
-4
-7
-7
-6
-4
-2
-4
-2
0
1
3
2
1
0
3
3
2
3
2
3
3
3
2
4
6
4
0
-2
-3
0
2
3
-2
-2
-2
1
2
-1
0
0
1
1
-2
-4
-4
-2
-1
-2
-3
-5
-3
-1
-3
-3
-2
1
0
-1
0
0
0
0
1
2
-1
-1
-1
-2
-1
-1
-1
-1
-2
-1
-1
2
2
1
1
0
3
4
3
3
3
5
5
2
1
4
5
2
0
0
2
4
4
4
3
4
7
8
7
5
4
4
2
1
-2
-4
-6
-7
-7
-10
-12
-14
-13
-14
-16
-15
-14
-12
-9
-7
-7
-4
-4
-1
-1
-2
-2
0
0
1
2
2
4
5
6
5
2
2
4
4
3
-1
1
5
5
3
3
6
8
8
8
7
11
14
14
14
13
18
28
25
16
12
5
-10
-46
-80
-106
-130
-181
-245
-253
-242
-247
-290
-342
-296
-221
-211
-233
-175
6
139
158
213
417
633
646
599
643
751
799
662
556
599
623
548
411
372
413
345
170
25
-11
-23
-119
-245
-263
-136
-37
-45
-44
57
159
118
-24
-110
-110
-139
-255
-354
-309
-210
-218
-331
-412
-453
-574
-874
-1184
-1350
-1432
-1507
-1556
-1480
-1275
-1033
-858
-729
-583
-437
-362
-370
-381
-311
-177
-49
67
228
447
622
676
639
599
550
415
212
59
31
53
47
58
170
335
428
429
437
499
543
515
488
556
692
800
869
959
1078
1154
1136
1051
968
879
732
540
359
235
131
1
-126
-188
-191
-201
-243
-265
-239
-216
-255
-329
-366
-368
-374
-400
-385
-290
-167
-85
-48
-12
14
-27
-153
-292
-365
-381
-383
-359
-259
-101
29
78
76
58
16
-65
-149
-172
-120
-30
69
175
276
324
292
195
70
-58
-182
-271
-303
-283
-242
-201
-184
-214
-305
-447
-608
-771
-905
-986
-988
-902
-754
-587
-420
-252
-115
-55
-63
-87
-101
-118
-130
-94
12
160
290
393
486
547
527
424
296
193
115
61
61
153
314
489
646
780
878
901
851
758
655
554
459
404
400
435
475
495
487
439
334
172
-16
-192
-335
-434
-461
-408
-301
-167
-42
58
115
116
57
-30
-102
-151
-178
-167
-108
-36
2
-7
-53
-135
-248
-368
-445
-446
-359
-207
-26
165
338
441
413
256
28
-204
-411
-570
-619
-488
-197
149
475
773
1004
1066
897
570
197
-167
-535
-858
-1034
-985
-787
-622
-530
-461
-397
-435
-657
-927
-1028
-898
-679
-488
-195
289
771
919
717
464
272
-41
-591
-1095
-1181
-920
-688
-596
-344
204
662
662
390
308
434
335
-80
-313
-33
393
481
384
586
1028
1160
824
509
578
728
564
280
355
775
1026
903
779
918
1028
722
178
-148
-198
-329
-670
-870
-689
-374
-292
-377
-301
-69
-11
-242
-464
-437
-326
-383
-510
-435
-172
-5
-51
-112
-43
9
-140
-393
-522
-502
-508
-593
-606
-452
-244
-142
-122
-56
57
95
27
-38
-2
90
159
222
351
535
669
698
662
620
555
437
302
235
273
383
531
704
899
1080
1199
1221
1135
982
800
611
402
171
-31
-165
-268
-407
-572
-683
-712
-738
-820
-883
-834
-733
-701
-745
-746
-676
-652
-747
-876
-923
-922
-992
-1120
-1175
-1100
-1004
-959
-884
-693
-439
-240
-113
11
157
259
244
171
137
137
126
100
135
245
370
470
553
638
717
761
773
796
853
924
989
1042
1081
1083
1026
904
724
497
241
-28
-294
-539
-752
-924
-1063
-1182
-1278
-1347
-1399
-1437
-1451
-1432
-1369
-1270
-1125
-936
-711
-462
-191
90
363
627
875
1097
1285
1437
1561
1645
1687
1673
1617
1531
1417
1279
1151
1061
995
950
934
967
1017
1050
1061
1062
1038
951
830
719
627
518
434
426
455
425
338
288
246
94
-179
-445
-642
-855
-1129
-1345
-1407
-1363
-1346
-1372
-1376
-1360
-1391
-1478
-1538
-1529
-1454
-1309
-1086
-836
-603
-351
-57
169
199
17
-244
-494
-711
-927
-1169
-1366
-1447
-1404
-1292
-1064
-785
-733
-1025
-1329
-1681
-3029
-5683
-7988
-8255
-7514
-7809
-8241
-6086
-1878
694
716
1461
4381
6394
5400
4134
5394
7406
7418
6523
7274
9040
9351
7995
6587
5526
4015
2068
374
-870
-1578
-1354
-483
48
228
1087
2457
2750
1668
944
1388
1529
473
-192
888
2374
2470
1820
1940
2277
1256
-811
-2210
-2636
-3239
-4271
-4645
-3943
-3084
-2776
-2701
-2437
-2217
-2407
-2919
-3360
-3392
-2957
-2346
-1829
-1220
-246
701
888
410
70
37
-374
-1296
-1888
-1660
-1214
-1154
-1150
-733
-225
-225
-692
-1113
-1290
-1427
-1622
-1638
-1217
-462
285
849
1375
1952
2337
2335
2187
2198
2247
2089
1874
1906
2079
2093
1927
1737
1554
1304
954
466
-51
-334
-321
-253
-238
-228
-507
-1402
-2635
-3892
-5680
-8114
-9672
-9161
-7987
-7770
-7052
-3798
150
1456
1014
2312
4994
5448
3590
3279
5548
7093
6397
6032
7456
8438
7241
5258
3986
2766
947
-662
-1461
-1819
-1722
-749
495
979
1075
1761
2512
2056
860
635
1565
2182
2015
2301
3643
4792
4500
3276
2302
1557
144
-1985
-3768
-4550
-4873
-5448
-6073
-6168
-5822
-5646
-5800
-5817
-5348
-4587
-3879
-3201
-2234
-954
178
790
1090
1445
1668
1338
597
55
-136
-390
-866
-1145
-960
-673
-714
-955
-1015
-894
-930
-1209
-1379
-1140
-634
-217
68
523
1226
1805
1967
1955
2139
2437
2558
2530
2631
2938
3246
3339
3159
2880
2745
2630
2130
1331
872
905
762
197
-44
392
712
381
65
283
367
-203
-739
-614
-316
-407
-720
-1186
-2154
-3542
-5114
-7256
-9849
-11201
-10373
-9217
-9233
-8434
-4884
-1090
-365
-1016
677
3673
4103
2508
3005
6016
7807
7199
7045
8544
9286
7764
5587
4214
3011
1404
97
-476
-672
-460
378
1103
916
477
773
1152
456
-572
-218
1348
2355
2438
3047
4665
5733
5118
3808
3087
2501
969
-1193
-2716
-3257
-3584
-4187
-4741
-4888
-4823
-5022
-5696
-6540
-6950
-6655
-6040
-5403
-4341
-2455
-407
795
1237
1723
2215
1911
871
156
200
320
93
13
405
719
409
-289
-897
-1373
-1898
-2396
-2574
-2235
-1484
-658
-35
470
1071
1589
1644
1389
1412
1837
2210
2384
2808
3633
4306
4395
4169
3984
3695
3056
2236
1581
1185
984
932
921
830
696
636
587
366
0
-287
-455
-674
-917
-902
-579
-286
-231
-192
-209
-918
-2461
-4072
-5757
-8548
-11961
-13242
-11415
-9635
-10057
-9703
-5724
-1363
-995
-2378
-592
3057
3512
1543
2669
7231
9830
8768
8184
10036
10992
8864
6027
4572
3341
1429
123
117
326
305
660
997
324
-641
-471
91
-614
-1699
-784
1857
3569
3710
4342
6145
6992
5669
4005
3708
3632
2078
-93
-911
-573
-1012
-2766
-4388
-4911
-5170
-6174
-7432
-7810
-7318
-6983
-7077
-6552
-4751
-2702
-1766
-1597
-816
630
1333
821
363
854
1452
1175
584
665
1045
623
-566
-1412
-1484
-1538
-2154
-2811
-2740
-2051
-1505
-1393
-1238
-636
76
363
400
824
1692
2358
2527
2739
3454
4224
4354
3976
3785
3920
3846
3333
2860
2776
2726
2312
1746
1464
1412
1207
738
252
-18
-64
-64
-184
-334
-248
46
157
-42
-187
-135
-261
-678
-1055
-1482
-2433
-3752
-5049
-6951
-9822
-11762
-10861
-8872
-8830
-9550
-7408
-3222
-1576
-2806
-2232
1371
3496
2252
1998
5491
8887
8570
7096
8006
9677
8848
6356
4947
4481
3248
1601
946
1004
742
372
318
-12
-770
-876
-109
68
-769
-782
1040
2869
3053
2905
4134
5553
5115
3605
3265
3859
3251
1311
99
263
132
-1282
-2952
-3949
-4695
-5674
-6533
-6942
-7026
-6829
-6372
-5962
-5633
-4905
-3793
-3080
-2883
-2200
-686
532
748
830
1533
2136
1873
1354
1382
1522
998
111
-366
-464
-766
-1365
-1837
-1947
-1843
-1742
-1704
-1615
-1286
-750
-266
118
692
1539
2274
2611
2847
3326
3834
3947
3721
3584
3641
3578
3254
2935
2809
2633
2156
1612
1365
1321
1144
832
628
553
456
400
434
317
-68
-385
-446
-539
-832
-997
-848
-705
-803
-1097
-1662
-2597
-3878
-5785
-8613
-11150
-11204
-9029
-7817
-8675
-8287
-4614
-1259
-1833
-3449
-1475
2265
2650
588
1725
6526
9285
7707
6285
8168
10079
8394
5073
3865
4377
3746
1794
867
1749
2697
2238
940
173
292
471
-145
-1262
-1684
-849
388
1010
1289
2097
3233
3618
3017
2377
2329
2358
1818
971
535
640
709
218
-746
-1733
-2592
-3560
-4699
-5585
-5858
-5775
-5757
-5643
-5029
-4146
-3635
-3542
-3267
-2585
-1971
-1734
-1498
-868
-36
579
940
1278
1612
1753
1635
1384
1103
782
395
5
-293
-444
-497
-572
-731
-939
-1138
-1348
-1582
-1780
-1904
-2004
-2061
-1846
-1163
-254
364
576
828
1454
2171
2516
2529
2598
2900
3287
3591
3769
3824
3786
3747
3705
3538
3227
2908
2688
2482
2206
1962
1865
1853
1792
1611
1303
908
548
340
199
-77
-473
-779
-927
-1078
-1350
-1715
-2223
-2958
-3718
-4141
-4222
-4362
-4736
-5010
-4939
-4761
-4707
-4560
-4125
-3740
-3818
-4071
-3851
-3112
-2447
-2176
-1950
-1421
-755
-225
252
869
1473
1764
1822
2082
2732
3429
3734
3664
3608
3747
3872
3786
3584
3429
3256
2950
2696
2765
3070
3208
2996
2690
2567
2554
2423
2132
1819
1519
1163
813
656
723
734
445
-16
-314
-389
-484
-725
-935
-978
-1016
-1204
-1380
-1337
-1240
-1441
-1908
-2233
-2221
-2127
-2196
-2319
-2307
-2234
-2254
-2299
-2227
-2138
-2244
-2485
-2572
-2395
-2156
-2022
-1914
-1731
-1531
-1383
-1224
-987
-765
-675
-654
-522
-227
72
230
311
472
712
886
959
1062
1247
1373
1382
1447
1683
1915
1967
1979
2164
2420
2484
2366
2287
2259
2129
1967
2027
2274
2350
2121
1871
1800
1693
1274
616
-90
-874
-1734
-2370
-2537
-2524
-2791
-3287
-3577
-3564
-3534
-3542
-3358
-3087
-3145
-3468
-3379
-2575
-1688
-1383
-1425
-1182
-616
-159
162
700
1398
1786
1808
2051
2849
3701
3968
3729
3513
3500
3443
3214
2987
2833
2593
2214
1966
2069
2350
2384
1995
1465
1150
1066
924
593
249
30
-175
-444
-566
-407
-286
-596
-1163
-1444
-1325
-1245
-1460
-1683
-1665
-1607
-1732
-1828
-1635
-1407
-1569
-2009
-2210
-2043
-1885
-1938
-1952
-1748
-1560
-1574
-1558
-1310
-1102
-1264
-1586
-1622
-1392
-1267
-1307
-1202
-890
-675
-668
-581
-278
-76
-194
-343
-172
181
356
376
540
851
1023
999
1064
1322
1503
1428
1351
1566
1943
2145
2143
2208
2397
2482
2358
2259
2337
2412
2278
2062
2022
2121
2099
1929
1843
1887
1805
1473
1117
906
655
152
-469
-998
-1549
-2301
-3027
-3358
-3418
-3678
-4200
-4539
-4487
-4362
-4378
-4269
-3870
-3535
-3557
-3565
-3047
-2211
-1705
-1618
-1423
-862
-269
118
558
1239
1848
2082
2203
2644
3300
3665
3578
3391
3386
3436
3332
3130
2982
2855
2609
2301
2159
2249
2344
2201
1874
1621
1547
1491
1289
1001
773
572
279
-48
-211
-197
-264
-580
-958
-1129
-1150
-1264
-1482
-1577
-1504
-1508
-1690
-1804
-1660
-1478
-1563
-1809
-1872
-1728
-1670
-1776
-1780
-1552
-1358
-1410
-1495
-1331
-1058
-1022
-1203
-1256
-1088
-967
-1026
-1035
-834
-631
-634
-675
-504
-221
-112
-156
-88
143
320
349
425
654
857
900
933
1128
1369
1446
1425
1521
1728
1831
1789
1798
1934
2012
1926
1843
1908
1974
1834
1596
1528
1638
1670
1511
1338
1261
1111
735
276
-73
-442
-1088
-1936
-2584
-2833
-2954
-3242
-3607
-3789
-3798
-3825
-3846
-3646
-3268
-3071
-3195
-3243
-2819
-2097
-1564
-1359
-1171
-762
-271
149
624
1256
1821
2063
2146
2486
3150
3701
3794
3606
3504
3555
3562
3453
3353
3291
3107
2756
2495
2549
2739
2665
2220
1733
1501
1419
1223
899
610
361
-8
-441
-650
-568
-557
-914
-1426
-1681
-1652
-1652
-1801
-1910
-1912
-2002
-2234
-2338
-2160
-1978
-2105
-2397
-2488
-2323
-2171
-2135
-2054
-1876
-1784
-1826
-1776
-1512
-1268
-1287
-1413
-1348
-1102
-919
-846
-705
-470
-326
-310
-204
97
358
374
308
431
699
858
873
943
1116
1221
1207
1261
1483
1682
1670
1594
1705
1961
2102
2063
2031
2113
2179
2131
2086
2146
2167
1980
1706
1620
1742
1794
1596
1283
1045
839
519
98
-324
-821
-1558
-2431
-3078
-3316
-3398
-3659
-4057
-4310
-4305
-4186
-4030
-3767
-3444
-3278
-3326
-3286
-2859
-2164
-1598
-1325
-1127
-769
-261
283
852
1448
1938
2206
2388
2752
3339
3849
4011
3884
3731
3698
3708
3665
3540
3334
3039
2712
2514
2536
2633
2538
2170
1732
1454
1334
1201
946
601
202
-213
-549
-691
-691
-780
-1104
-1531
-1794
-1821
-1770
-1785
-1879
-2018
-2194
-2351
-2367
-2238
-2139
-2225
-2415
-2492
-2365
-2146
-1950
-1791
-1646
-1527
-1420
-1249
-987
-757
-686
-730
-740
-650
-531
-460
-431
-416
-414
-405
-327
-156
23
115
143
209
360
539
682
786
860
904
953
1065
1246
1412
1492
1533
1625
1776
1918
2009
2055
2059
2007
1929
1898
1899
1824
1617
1377
1255
1268
1284
1198
1012
778
513
231
-27
-301
-724
-1397
-2179
-2786
-3078
-3190
-3346
-3607
-3867
-4012
-3984
-3760
-3364
-2957
-2749
-2752
-2721
-2398
-1806
-1217
-825
-596
-381
-85
347
935
1589
2113
2382
2523
2787
3265
3771
4063
4076
3931
3774
3673
3625
3578
3439
3139
2734
2406
2295
2333
2306
2067
1668
1287
1033
869
693
411
5
-481
-920
-1172
-1239
-1281
-1468
-1786
-2074
-2193
-2155
-2074
-2046
-2116
-2265
-2416
-2465
-2388
-2276
-2258
-2365
-2483
-2490
-2363
-2155
-1946
-1780
-1665
-1558
-1394
-1155
-902
-724
-644
-611
-568
-486
-373
-258
-171
-130
-103
-26
120
293
444
555
647
739
842
960
1082
1177
1222
1230
1259
1337
1441
1535
1612
1692
1789
1898
2005
2097
2160
2177
2154
2102
2028
1911
1743
1554
1408
1334
1294
1203
1016
762
490
228
-41
-381
-856
-1496
-2213
-2821
-3195
-3352
-3457
-3643
-3887
-4066
-4059
-3838
-3481
-3121
-2891
-2809
-2743
-2507
-2038
-1470
-1006
-711
-505
-256
130
652
1236
1752
2110
2334
2568
2919
3349
3703
3861
3827
3696
3568
3487
3433
3335
3127
2812
2490
2278
2200
2162
2045
1799
1480
1184
949
750
517
198
-213
-649
-1001
-1197
-1284
-1372
-1537
-1738
-1882
-1926
-1889
-1829
-1805
-1859
-1983
-2100
-2130
-2080
-2033
-2053
-2129
-2171
-2138
-2031
-1865
-1683
-1514
-1380
-1246
-1058
-823
-608
-476
-420
-386
-336
-288
-255
-237
-233
-235
-229
-180
-81
33
119
186
268
375
489
576
639
701
773
860
964
1081
1201
1317
1441
1596
1763
1904
1984
2010
2017
2027
2031
2007
1934
1820
1699
1614
1564
1501
1361
1113
802
487
203
-82
-456
-980
-1618
-2227
-2662
-2876
-2976
-3111
-3351
-3612
-3749
-3662
-3352
-2956
-2645
-2517
-2502
-2409
-2090
-1588
-1088
-735
-532
-372
-124
286
827
1375
1786
2035
2226
2487
2841
3192
3433
3521
3485
3405
3340
3306
3248
3094
2826
2511
2243
2069
1955
1827
1618
1347
1081
875
721
551
298
-57
-462
-833
-1092
-1234
-1317
-1427
-1583
-1730
-1792
-1753
-1662
-1594
-1604
-1695
-1816
-1884
-1865
-1789
-1741
-1762
-1825
-1863
-1826
-1717
-1578
-1463
-1391
-1348
-1280
-1145
-954
-764
-643
-588
-562
-521
-453
-375
-317
-306
-331
-350
-314
-215
-85
28
118
202
302
434
585
730
836
894
928
968
1034
1126
1238
1380
1539
1700
1841
1964
2081
2200
2305
2356
2311
2179
2027
1946
1986
2109
2179
2054
1703
1240
798
420
-1
-620
-1492
-2479
-3284
-3678
-3665
-3493
-3420
-3550
-3757
-3821
-3629
-3256
-2926
-2848
-3024
-3203
-3067
-2496
-1649
-824
-201
231
613
1080
1666
2248
2615
2654
2478
2340
2432
2725
3045
3240
3271
3210
3139
3093
3017
2788
2323
1695
1103
740
653
738
833
856
843
879
982
1059
965
594
-26
-720
-1244
-1441
-1348
-1157
-1041
-1018
-974
-825
-602
-430
-455
-762
-1283
-1800
-2082
-2057
-1866
-1709
-1670
-1676
-1612
-1427
-1181
-1004
-1014
-1217
-1465
-1555
-1404
-1105
-832
-675
-600
-517
-367
-177
-41
-68
-279
-562
-747
-739
-574
-375
-226
-121
-6
169
398
625
772
809
784
791
880
1029
1193
1353
1536
1771
2046
2324
2555
2683
2688
2598
2456
2303
2163
2052
1984
1941
1860
1682
1432
1156
859
433
-286
-1425
-2920
-4473
-5685
-6266
-6237
-5911
-5614
-5452
-5232
-4704
-3842
-2865
-2086
-1697
-1632
-1588
-1231
-420
681
1755
2599
3246
3830
4385
4842
5085
5058
4788
4367
3917
3530
3225
2952
2681
2441
2252
2076
1829
1470
1018
528
42
-413
-799
-1077
-1201
-1149
-936
-620
-266
73
353
549
637
587
361
-31
-493
-896
-1161
-1315
-1445
-1592
-1731
-1820
-1862
-1883
-1937
-2067
-2281
-2524
-2699
-2746
-2691
-2583
-2436
-2219
-1918
-1554
-1172
-806
-491
-254
-92
44
201
378
538
660
758
857
948
1009
1037
1017
915
720
490
291
147
25
-69
-95
-43
57
188
352
546
728
879
1029
1208
1396
1548
1681
1836
2022
2196
2343
2494
2643
2736
2711
2582
2397
2138
1775
1353
986
734
546
345
128
-66
-261
-550
-1000
-1619
-2419
-3452
-4710
-6007
-7034
-7562
-7606
-7364
-6937
-6301
-5447
-4502
-3587
-2617
-1513
-453
226
503
822
1537
2491
3270
3821
4427
5088
5471
5440
5359
5544
5642
5156
4194
3370
2940
2512
1807
1151
913
875
611
163
-32
108
139
-204
-614
-668
-463
-367
-400
-231
249
726
963
1119
1410
1667
1530
1008
465
77
-348
-986
-1665
-2121
-2394
-2695
-3012
-3108
-2944
-2787
-2830
-2930
-2859
-2676
-2604
-2647
-2605
-2396
-2165
-1977
-1696
-1212
-658
-238
69
416
805
1077
1156
1142
1118
1033
838
627
514
464
369
216
110
93
86
21
-62
-120
-166
-220
-236
-143
56
295
545
830
1163
1508
1817
2075
2286
2435
2508
2525
2530
2546
2555
2528
2450
2325
2151
1912
1616
1294
987
713
452
209
-11
-214
-448
-757
-1161
-1666
-2312
-3142
-4096
-5035
-5817
-6375
-6672
-6659
-6348
-5826
-5183
-4419
-3477
-2407
-1373
-484
262
911
1467
1916
2335
2800
3263
3606
3833
4055
4297
4488
4551
4499
4339
4022
3536
2959
2391
1833
1278
758
335
33
-156
-232
-198
-102
-4
80
162
225
264
288
321
370
423
503
624
749
828
834
757
580
276
-133
-605
-1109
-1622
-2103
-2509
-2801
-2979
-3049
-3010
-2887
-2708
-2508
-2309
-2118
-1956
-1818
-1686
-1554
-1409
-1239
-1041
-796
-509
-188
148
466
741
946
1068
1102
1051
931
758
552
333
129
-32
-154
-228
-253
-230
-170
-100
-33
37
105
182
278
394
536
696
872
1070
1279
1499
1730
1958
2168
2341
2474
2567
2617
2619
2571
2459
2261
1984
1651
1294
954
658
421
235
68
-114
-324
-577
-907
-1347
-1928
-2662
-3538
-4473
-5347
-6046
-6469
-6602
-6466
-6107
-5570
-4857
-3962
-2928
-1847
-837
24
716
1247
1675
2068
2460
2820
3115
3346
3551
3775
4023
4267
4465
4542
4447
4180
3784
3301
2765
2190
1587
1005
481
58
-221
-344
-344
-269
-161
-46
62
154
224
274
298
297
286
288
307
334
352
352
311
204
24
-222
-520
-871
-1259
-1649
-2008
-2329
-2608
-2814
-2930
-2951
-2890
-2761
-2568
-2336
-2095
-1856
-1611
-1370
-1150
-957
-782
-617
-458
-294
-113
89
297
496
671
812
910
953
930
844
707
530
330
123
-65
-205
-295
-333
-318
-251
-139
5
170
347
528
701
857
1002
1142
1280
1417
1557
1702
1853
2004
2148
2281
2395
2474
2501
2461
2349
2161
1904
1604
1286
982
710
474
274
97
-69
-251
-478
-786
-1217
-1801
-2536
-3382
-4252
-5046
-5693
-6131
-6343
-6332
-6103
-5650
-4969
-4079
-3062
-2029
-1069
-236
449
1006
1489
1932
2322
2631
2860
3055
3270
3535
3838
4154
4414
4533
4482
4284
3975
3576
3092
2532
1908
1251
622
92
-293
-530
-647
-678
-643
-561
-447
-300
-134
22
138
203
231
239
238
226
215
195
150
71
-41
-175
-333
-526
-752
-1001
-1272
-1553
-1828
-2061
-2241
-2362
-2424
-2423
-2359
-2244
-2090
-1902
-1689
-1471
-1273
-1092
-923
-763
-615
-469
-316
-159
-8
136
275
403
516
594
639
645
608
531
422
297
164
37
-75
-160
-203
-201
-150
-55
78
239
418
607
791
967
1128
1276
1408
1531
1652
1776
1902
2032
2163
2291
2403
2480
2508
2478
2383
2216
1982
1706
1410
1115
837
590
371
159
-62
-321
-648
-1073
-1620
-2296
-3076
-3920
-4751
-5506
-6114
-6517
-6693
-6625
-6331
-5814
-5094
-4213
-3247
-2262
-1315
-442
332
998
1579
2092
2540
2924
3263
3579
3891
4196
4479
4721
4882
4929
4836
4604
4247
3774
3206
2570
1896
1224
602
72
-340
-625
-803
-880
-871
-809
-710
-594
-470
-352
-259
-189
-126
-66
2
74
147
217
260
269
243
181
75
-92
-313
-572
-857
-1157
-1447
-1703
-1901
-2054
-2165
-2222
-2242
-2226
-2177
-2108
-2022
-1942
-1869
-1770
-1647
-1491
-1308
-1099
-856
-597
-334
-79
154
356
503
597
633
622
577
497
407
318
241
198
176
180
218
277
363
461
564
676
790
914
1036
1152
1264
1378
1494
1614
1733
1855
1981
2103
2224
2335
2429
2486
2495
2442
2318
2130
1881
1592
1280
964
672
410
183
-17
-212
-430
-710
-1089
-1589
-2222
-2974
-3794
-4626
-5394
-6037
-6487
-6708
-6670
-6383
-5877
-5183
-4350
-3441
-2519
-1640
-829
-101
534
1095
1606
2098
2573
3033
3485
3928
4350
4720
5008
5186
5226
5107
4825
4398
3862
3245
2582
1916
1286
721
242
-138
-416
-617
-760
-865
-944
-1007
-1065
-1106
-1105
-1057
-957
-798
-576
-292
23
339
634
871
1020
1055
975
794
523
182
-192
-565
-907
-1203
-1433
-1595
-1687
-1727
-1745
-1749
-1764
-1807
-1877
-1967
-2051
-2109
-2137
-2105
-2000
-1817
-1556
-1236
-883
-522
-186
103
322
465
536
550
520
465
410
371
363
389
436
504
577
633
663
654
616
561
494
437
403
407
463
568
716
900
1095
1288
1459
1603
1713
1789
1834
1860
1877
1888
1897
1900
1892
1854
1775
1651
1481
1273
1037
792
549
317
89
-140
-386
-673
-1026
-1472
-2021
-2672
-3389
-4116
-4781
-5327
-5705
-5894
-5875
-5645
-5250
-4726
-4089
-3378
-2641
-1932
-1271
-639
-23
589
1212
1867
2543
3193
3781
4293
4729
5063
5267
5320
5227
4984
4607
4137
3630
3115
2613
2122
1653
1210
782
381
2
-361
-718
-1070
-1396
-1670
-1878
-1995
-1996
-1867
-1627
-1322
-968
-586
-202
143
404
569
642
615
500
330
148
-29
-188
-322
-425
-504
-574
-652
-748
-872
-1026
-1210
-1431
-1658
-1874
-2057
-2173
-2225
-2195
-2096
-1947
-1744
-1508
-1257
-1004
-770
-549
-340
-151
28
200
367
525
674
801
904
983
1025
1028
998
942
885
820
742
682
642
639
662
690
732
781
833
877
907
925
936
939
942
953
981
1027
1089
1169
1261
1355
1432
1483
1501
1476
1402
1274
1105
910
706
513
344
213
115
39
-40
-141
-305
-563
-937
-1427
-2020
-2682
-3360
-3988
-4502
-4870
-5074
-5105
-4968
-4695
-4337
-3932
-3491
-3023
-2546
-2070
-1577
-1030
-416
253
966
1710
2456
3151
3745
4211
4548
4743
4792
4719
4557
4338
4088
3824
3562
3305
3038
2739
2387
1986
1529
1022
486
-45
-550
-1001
-1374
-1645
-1804
-1863
-1834
-1734
-1586
-1416
-1244
-1084
-935
-810
-712
-631
-553
-461
-356
-254
-146
-34
73
153
192
194
169
113
8
-131
-282
-438
-599
-766
-911
-1022
-1115
-1205
-1276
-1321
-1331
-1335
-1338
-1316
-1262
-1178
-1083
-976
-843
-689
-537
-399
-269
-140
-20
78
160
239
322
391
452
499
541
583
607
627
644
656
684
717
757
812
861
915
964
1003
1027
1031
1022
1002
978
961
960
981
1018
1072
1136
1198
1251
1279
1267
1218
1135
1036
927
820
726
652
596
539
453
314
105
-189
-575
-1044
-1577
-2144
-2699
-3197
-3608
-3923
-4153
-4296
-4352
-4331
-4253
-4129
-3936
-3654
-3280
-2841
-2347
-1784
-1155
-497
142
753
1332
1874
2356
2764
3118
3441
3726
3948
4105
4214
4286
4301
4250
4132
3971
3770
3510
3182
2807
2408
1988
1535
1057
590
158
-236
-605
-940
-1220
-1447
-1646
-1833
-1989
-2098
-2169
-2218
-2239
-2209
-2112
-1978
-1830
-1670
-1478
-1271
-1085
-922
-759
-582
-413
-278
-167
-50
71
164
219
255
281
291
268
209
143
69
-18
-116
-224
-328
-424
-518
-601
-665
-709
-739
-766
-780
-778
-767
-754
-732
-695
-644
-578
-502
-404
-283
-152
-14
136
290
454
612
756
892
1016
1125
1214
1277
1322
1347
1348
1336
1305
1263
1208
1136
1056
970
880
788
691
596
510
428
354
289
238
197
164
136
113
92
65
30
-16
-75
-145
-239
-348
-458
-572
-703
-856
-1008
-1159
-1306
-1447
-1575
-1698
-1803
-1876
-1921
-1940
-1931
-1882
-1797
-1681
-1539
-1378
-1198
-1001
-791
-579
-370
-155
61
269
469
663
856
1039
1209
1358
1495
1623
1734
1827
1890
1939
1973
1992
1985
1954
1907
1843
1758
1655
1540
1417
1294
1168
1039
909
780
658
538
413
279
148
16
-112
-245
-384
-510
-635
-754
-860
-944
-1014
-1085
-1147
-1196
-1238
-1271
-1301
-1323
-1336
-1336
-1327
-1317
-1303
-1275
-1238
-1199
-1156
-1106
-1048
-985
-916
-845
-771
-691
-610
-531
-454
-377
-300
-231
-166
-100
-37
20
76
130
183
242
297
354
409
469
532
591
648
701
752
792
827
851
866
869
859
839
810
769
720
667
611
554
500
454
416
385
361
348
343
348
358
374
398
422
453
484
512
539
560
575
582
577
558
525
477
414
334
239
130
7
-128
-271
-422
-575
-728
-879
-1023
-1157
-1278
-1386
-1476
-1549
-1601
-1628
-1634
-1618
-1582
-1525
-1450
-1357
-1251
-1129
-1000
-863
-717
-570
-422
-273
-128
13
152
285
411
533
649
764
868
969
1065
1154
1236
1307
1369
1422
1463
1492
1506
1508
1498
1473
1438
1389
1328
1256
1175
1086
991
884
769
654
537
415
289
162
42
-75
-194
-312
-420
-520
-620
-712
-799
-873
-942
-1008
-1062
-1111
-1150
-1185
-1212
-1230
-1239
-1242
-1238
-1225
-1204
-1172
-1133
-1086
-1030
-968
-901
-828
-749
-663
-574
-481
-388
-293
-194
-97
1
89
174
255
331
394
448
496
533
564
587
602
609
614
610
605
597
588
580
573
566
561
563
567
575
581
590
601
613
624
633
643
649
654
654
649
640
625
602
576
542
502
456
407
354
297
237
172
107
40
-30
-103
-179
-259
-340
-427
-514
-601
-687
-775
-862
-943
-1018
-1085
-1145
-1195
-1230
-1254
-1263
-1258
-1237
-1200
-1148
-1083
-1003
-911
-810
-699
-585
-466
-345
-223
-99
23
138
250
355
453
546
632
711
778
837
889
934
974
1006
1032
1050
1063
1070
1070
1063
1050
1029
1001
966
923
874
819
758
689
616
539
458
374
287
199
112
27
-55
-135
-213
-286
-353
-416
-474
-525
-570
-609
-641
-666
-687
-705
-714
-715
-714
-709
-699
-685
-666
-649
-627
-602
-578
-555
-532
-507
-481
-458
-436
-413
-387
-361
-336
-312
-286
-255
-223
-190
-152
-115
-77
-36
7
52
95
138
180
220
258
292
321
349
375
395
409
419
426
429
429
427
423
417
409
401
390
380
371
364
359
354
351
348
346
343
341
338
332
328
319
307
291
271
247
222
190
155
119
78
35
-10
-56
-101
-149
-195
-241
-286
-330
-376
-418
-455
-489
-522
-552
-575
-594
-609
-621
-627
-626
-621
-610
-592
-569
-539
-505
-466
-419
-369
-314
-256
-193
-129
-61
10
81
153
223
295
365
430
493
554
606
651
689
718
740
749
749
741
725
697
663
624
581
531
477
420
364
307
247
193
138
86
36
-8
-46
-83
-116
-147
-172
-193
-216
-235
-251
-265
-280
-294
-307
-317
-328
-341
-353
-366
-377
-390
-403
-413
-422
-429
-435
-440
-439
-434
-429
-421
-410
-397
-381
-360
-340
-316
-292
-265
-235
-205
-174
-143
-109
-76
-43
-10
23
54
86
113
139
161
182
202
219
231
240
248
255
260
262
264
265
268
270
270
273
274
274
275
277
280
285
288
291
294
304
310
318
327
336
345
356
363
369
374
376
374
366
350
331
307
272
232
184
131
67
-3
-74
-148
-224
-305
-383
-459
-533
-599
-660
-715
-761
-796
-819
-830
-828
-816
-790
-754
-706
-647
-581
-506
-428
-346
-263
-178
-92
-12
64
134
197
257
306
348
386
415
439
454
464
471
472
474
472
469
463
454
447
439
432
418
409
400
388
376
361
352
338
315
291
268
241
211
179
142
104
64
27
-13
-54
-93
-129
-164
-193
-215
-234
-253
-269
-278
-281
-283
-283
-283
-276
-270
-269
-270
-268
-268
-269
-275
-286
-292
-301
-314
-330
-345
-356
-371
-386
-399
-410
-413
-415
-420
-415
-402
-386
-369
-346
-316
-279
-243
-202
-152
-101
-50
-3
49
106
158
209
257
306
353
397
437
472
505
536
562
581
600
618
628
632
631
629
627
618
599
571
550
534
503
458
422
393
349
293
247
210
163
105
49
6
-38
-98
-153
-196
-239
-286
-333
-374
-406
-435
-465
-492
-512
-524
-534
-543
-548
-544
-538
-532
-521
-506
-487
-470
-451
-428
-404
-378
-351
-323
-294
-267
-240
-203
-164
-132
-102
-59
-13
25
61
101
146
186
226
266
302
335
366
395
420
437
453
461
473
479
476
468
462
462
448
433
419
410
392
368
352
336
319
294
272
252
222
193
170
145
114
71
38
5
-29
-75
-121
-157
-188
-233
-297
-341
-351
-383
-467
-525
-505
-502
-600
-678
-610
-558
-646
-737
-641
-527
-601
-691
-583
-403
-455
-568
-444
-223
-240
-392
-254
9
-12
-188
-63
237
205
7
110
411
396
140
213
533
544
241
258
606
643
318
262
615
718
401
265
579
758
460
253
511
739
492
230
410
645
475
185
276
513
409
104
99
338
293
-17
-89
121
130
-161
-275
-85
-44
-304
-434
-257
-193
-421
-548
-379
-290
-489
-610
-431
-316
-498
-611
-419
-285
-458
-568
-364
-208
-374
-494
-283
-102
-267
-408
-199
2
-152
-323
-129
97
-32
-222
-72
153
88
-92
-25
185
199
56
43
195
284
214
133
187
343
377
230
165
349
502
337
144
288
522
423
178
215
440
425
230
202
302
294
232
243
171
57
148
271
72
-211
-15
275
-26
-443
-219
210
-78
-603
-402
78
-83
-593
-533
-111
-84
-430
-562
-313
-103
-211
-464
-445
-161
-44
-286
-468
-194
44
-165
-409
-171
106
-104
-363
-145
187
29
-321
-227
215
291
-174
-364
136
527
110
-384
-35
615
471
-224
-230
566
794
40
-340
412
984
331
-356
171
992
658
-267
-159
768
903
-37
-453
344
912
243
-517
-124
636
425
-383
-456
261
433
-248
-557
-5
286
-238
-515
-111
115
-244
-452
-164
0
-226
-384
-219
-102
-238
-268
-156
-232
-378
-144
87
-267
-618
-182
354
-57
-740
-389
463
275
-642
-589
382
514
-400
-634
244
613
-142
-558
117
641
111
-457
-18
637
360
-289
-109
528
465
-70
-66
390
443
97
54
306
346
130
104
322
305
50
-19
276
405
17
-251
66
451
137
-406
-214
359
245
-414
-394
232
192
-410
-398
201
157
-523
-478
251
282
-537
-724
123
493
-302
-894
-230
526
52
-815
-586
325
322
-543
-720
87
414
-266
-642
-23
431
-76
-491
-9
456
77
-336
45
498
205
-203
78
523
317
-106
91
515
366
-47
89
485
366
-19
78
459
372
-51
-36
391
413
-58
-220
232
512
72
-411
-129
487
375
-386
-595
120
601
-41
-816
-440
451
325
-633
-810
24
373
-307
-783
-303
169
-172
-574
-283
45
-219
-459
-145
91
-197
-381
-81
145
-79
-227
9
164
-21
-99
175
285
-33
-143
297
527
48
-289
189
665
278
-269
-19
560
419
-153
-106
398
341
-161
-114
381
286
-309
-286
403
467
-386
-662
224
748
-121
-881
-185
729
299
-688
-531
417
552
-245
-570
79
499
44
-357
-19
312
75
-105
27
101
40
64
2
-151
-32
190
-3
-356
-224
172
100
-430
-453
70
168
-400
-538
80
152
-430
-437
226
213
-492
-402
414
433
-389
-442
386
616
-71
-357
141
500
341
-20
-191
82
628
467
-399
-428
593
843
-281
-734
292
892
15
-659
-11
604
201
-273
-76
161
104
113
95
-144
-160
197
269
-175
-366
34
250
-71
-345
-185
-1
-77
-135
-192
-266
-188
-28
-68
-271
-261
-139
-41
22
-170
-334
-43
274
-57
-402
33
362
-93
-298
223
356
-209
-270
360
423
-189
-331
260
533
21
-347
62
454
182
-132
-35
115
164
248
70
-294
-79
489
320
-407
-421
364
568
-178
-592
-46
524
219
-385
-421
65
457
182
-489
-527
247
719
-34
-955
-311
949
596
-897
-847
732
953
-445
-900
203
768
75
-428
-186
122
226
253
-88
-529
-102
764
348
-882
-541
936
690
-908
-722
869
720
-804
-633
745
577
-628
-562
461
517
-287
-557
-18
452
163
-455
-452
248
498
-255
-693
48
601
-122
-734
-33
595
-13
-650
-229
455
357
-313
-581
93
852
238
-882
-347
1087
768
-800
-743
789
1042
-347
-965
187
1123
158
-1024
-313
976
507
-735
-489
422
281
-189
-79
-36
-238
-8
176
-146
-247
-8
-6
-94
3
-70
-268
17
316
-18
-299
-104
56
112
329
89
-520
-176
685
291
-718
-234
916
403
-880
-569
759
837
-333
-835
-31
785
388
-635
-674
435
1017
-90
-1346
-496
1368
1014
-1158
-1289
793
1154
-635
-966
554
869
-420
-937
112
1002
327
-921
-639
875
880
-761
-1022
578
1115
-225
-1002
-234
568
447
-145
-466
-260
183
345
-1
-410
-269
299
387
-252
-514
69
493
115
-384
-268
249
466
-8
-491
-53
662
300
-545
-237
635
360
-559
-315
689
562
-532
-680
392
861
-39
-800
-188
802
542
-541
-630
331
697
59
-476
-366
46
476
248
-716
-839
327
697
-549
-1145
-128
520
-161
-775
-423
50
-7
-166
-144
-148
-124
185
376
71
-118
178
392
356
389
184
-122
311
840
180
-550
188
882
89
-589
6
435
-13
-223
-28
-105
-193
14
13
-271
-201
100
-1
-271
-169
90
61
-45
-21
-23
-9
132
172
-4
-69
121
255
119
-86
-54
198
248
-96
-294
5
259
-15
-356
-161
126
-88
-382
-145
164
-117
-463
-144
267
17
-362
-194
140
154
4
-136
-128
183
404
41
-367
-55
482
366
-129
-182
162
321
136
-81
-27
159
153
-21
-31
74
-31
-139
59
147
-224
-434
-43
258
-40
-367
-235
5
56
-49
-200
-186
94
223
-75
-285
-3
300
198
8
33
145
215
249
207
150
235
288
105
-19
163
312
106
-171
-145
5
-79
-344
-386
-132
-14
-320
-659
-459
31
66
-395
-521
-9
304
-69
-312
196
608
149
-302
106
610
349
-96
58
364
211
-130
-183
22
205
149
-192
-452
-224
239
204
-295
-409
83
341
-46
-299
86
508
330
-141
-195
178
404
222
-53
-66
61
46
-89
-103
54
120
-56
-242
-177
7
56
-17
-85
-97
-93
-99
-106
-37
100
80
-130
-224
-57
102
44
-22
31
8
-124
-133
13
83
0
-75
-123
-187
-171
-6
122
19
-141
-98
59
79
28
156
367
290
-29
-71
308
511
211
-86
57
241
42
-190
-61
173
53
-299
-391
-170
15
-45
-201
-233
-148
-64
-55
-91
-59
55
106
-10
-119
26
265
236
-21
-75
157
257
56
-72
110
270
86
-157
-78
187
195
-82
-217
-42
116
-7
-209
-172
9
16
-165
-259
-122
39
-16
-182
-201
-64
12
-51
-86
-19
29
14
18
73
86
63
88
118
101
71
88
130
117
79
64
61
56
64
79
62
9
-13
40
72
10
-77
-65
6
-5
-105
-155
-96
-53
-109
-167
-133
-68
-69
-105
-96
-29
40
42
-1
27
108
113
57
73
160
150
40
7
98
139
39
-35
28
80
3
-83
-39
55
13
-101
-102
-17
-13
-74
-83
-55
-59
-73
-51
-52
-84
-64
-13
-14
-59
-38
23
25
-2
0
35
33
12
35
55
22
-5
27
67
33
-21
-12
23
30
-2
-28
-7
19
3
-32
-24
19
37
10
-18
-12
24
37
19
12
28
37
22
19
35
59
69
46
5
-3
32
61
45
14
12
38
37
14
30
83
82
8
-36
-1
47
39
3
-23
-30
-42
-66
-70
-33
-4
-49
-122
-141
-85
-40
-61
-88
-89
-84
-105
-120
-78
-8
-5
-80
-124
-69
-5
2
-6
0
-7
-46
-61
-12
46
47
0
-36
-34
-20
-6
24
44
25
-15
-30
-1
48
84
75
32
4
26
80
116
113
101
100
87
54
59
119
174
153
76
15
30
86
86
24
-14
-4
-12
-69
-103
-57
-5
-39
-136
-179
-118
-41
-41
-82
-76
-41
-40
-58
-27
54
112
95
41
40
102
163
162
123
116
134
130
103
87
110
111
47
-35
-59
-25
-15
-62
-129
-157
-150
-147
-160
-179
-178
-157
-148
-157
-158
-120
-72
-76
-106
-102
-50
11
24
-3
-16
15
48
36
18
36
62
53
17
12
48
72
46
-1
-6
30
45
29
23
42
47
27
17
35
63
75
62
44
34
51
76
85
68
37
35
40
27
9
24
48
15
-53
-81
-47
-10
-15
-44
-65
-70
-75
-76
-51
-3
12
-27
-71
-58
13
68
64
38
26
10
-9
7
60
94
60
-8
-44
-34
-3
22
17
-21
-76
-120
-129
-97
-66
-93
-172
-264
-314
-298
-273
-266
-289
-360
-434
-479
-447
-354
-298
-306
-337
-345
-289
-192
-78
39
110
147
195
306
470
639
777
842
911
970
1052
1172
1276
1311
1251
1162
1066
1007
958
872
740
552
329
119
-51
-183
-313
-464
-651
-825
-937
-993
-1008
-1025
-1042
-1031
-1024
-999
-923
-798
-661
-570
-518
-458
-372
-272
-197
-147
-107
-83
-78
-78
-68
-54
-55
-71
-90
-96
-87
-74
-59
-46
-35
-15
14
56
98
136
178
220
264
304
328
358
396
416
425
431
439
441
423
402
377
341
306
266
218
175
137
99
57
19
-2
-16
-25
-33
-28
-7
20
45
69
101
134
166
196
216
227
236
239
225
199
173
141
95
42
-16
-73
-128
-186
-245
-302
-354
-404
-442
-468
-487
-502
-508
-505
-496
-476
-450
-418
-379
-340
-308
-272
-234
-195
-162
-133
-108
-84
-66
-47
-28
-14
-4
5
13
22
31
43
54
63
75
88
99
111
126
138
147
159
170
177
185
191
199
200
200
199
199
192
182
176
170
167
164
161
161
163
166
176
185
204
225
243
260
273
289
307
314
313
306
293
276
247
210
166
113
54
-5
-67
-130
-192
-247
-300
-338
-375
-405
-418
-430
-433
-430
-422
-403
-392
-382
-365
-351
-332
-329
-333
-333
-336
-338
-344
-363
-374
-381
-386
-380
-380
-372
-350
-315
-270
-228
-176
-108
-31
50
131
218
308
399
483
554
632
702
754
795
813
832
847
833
804
759
709
662
595
516
437
349
266
174
75
-20
-111
-195
-271
-346
-413
-477
-533
-570
-600
-624
-635
-632
-606
-570
-534
-483
-422
-349
-268
-184
-90
4
94
181
261
335
400
454
488
514
528
519
495
451
392
326
251
171
88
1
-87
-174
-253
-323
-374
-414
-445
-463
-468
-459
-441
-422
-391
-352
-307
-260
-220
-184
-154
-127
-101
-85
-73
-65
-59
-56
-55
-60
-65
-68
-69
-68
-66
-56
-40
-25
-9
8
27
50
75
98
123
153
177
201
220
239
261
280
298
316
329
345
361
373
380
386
387
389
388
384
376
359
340
318
293
265
231
197
165
131
93
57
22
-12
-45
-75
-103
-127
-156
-187
-213
-241
-265
-291
-313
-333
-356
-375
-391
-404
-415
-423
-424
-412
-404
-395
-380
-361
-332
-306
-276
-244
-211
-179
-146
-118
-91
-67
-41
-18
3
23
39
52
65
76
84
92
102
112
120
129
138
145
151
157
163
168
173
177
176
176
174
170
166
157
149
143
140
132
124
113
109
101
94
90
83
80
74
67
62
57
51
47
43
38
36
35
32
29
27
25
24
21
17
12
4
-3
-11
-24
-36
-48
-59
-72
-84
-94
-101
-109
-110
-111
-113
-112
-109
-103
-96
-88
-78
-68
-58
-45
-35
-24
-12
-2
6
13
19
25
31
34
38
41
42
44
45
45
45
47
46
46
45
45
41
38
37
34
31
26
19
13
7
-1
-10
-20
-28
-38
-46
-57
-64
-73
-79
-86
-93
-98
-103
-106
-107
-108
-107
-105
-101
-94
-86
-77
-67
-60
-51
-43
-34
-27
-17
-6
3
12
18
24
31
34
39
40
45
48
52
56
55
57
58
60
60
62
61
65
64
62
60
57
55
51
48
47
44
44
44
43
43
44
49
52
58
64
74
80
88
95
100
106
110
113
118
117
116
122
119
113
102
86
79
68
52
33
11
-8
-25
-44
-63
-82
-98
-118
-136
-147
-157
-163
-180
-194
-197
-206
-209
-223
-242
-247
-254
-258
-267
-290
-298
-303
-310
-310
-328
-336
-330
-327
-317
-313
-310
-292
-276
-253
-230
-215
-189
-156
-121
-82
-48
-12
31
70
108
146
192
230
268
302
338
385
417
444
470
491
526
552
564
578
579
593
610
605
600
589
579
583
567
545
521
492
455
417
384
346
309
264
219
176
127
80
32
-19
-65
-111
-157
-199
-237
-271
-306
-337
-365
-385
-398
-412
-422
-427
-431
-429
-426
-422
-417
-413
-401
-392
-385
-379
-374
-369
-363
-361
-357
-354
-349
-337
-332
-326
-317
-305
-287
-267
-249
-224
-196
-166
-134
-103
-70
-34
2
38
73
106
136
167
189
209
230
244
260
270
275
281
287
286
283
276
272
266
259
253
241
233
227
219
212
202
192
185
179
178
176
169
165
160
156
151
144
136
132
125
118
108
98
86
77
65
50
36
21
7
-9
-27
-42
-60
-77
-92
-105
-117
-128
-139
-149
-156
-163
-167
-174
-177
-179
-184
-182
-180
-180
-179
-180
-179
-176
-175
-175
-172
-169
-161
-156
-153
-148
-145
-138
-128
-119
-108
-99
-84
-70
-59
-48
-38
-25
-11
2
15
29
42
52
56
66
73
81
87
89
96
100
103
104
101
102
104
105
105
104
104
103
100
99
99
96
97
96
95
92
88
84
82
80
76
70
65
61
55
50
42
34
27
19
10
3
-2
-12
-19
-26
-33
-39
-44
-49
-55
-57
-57
-56
-57
-58
-59
-58
-57
-54
-49
-46
-41
-36
-31
-28
-27
-26
-25
-22
-21
-19
-21
-25
-26
-29
-34
-39
-43
-44
-45
-47
-48
-51
-50
-48
-48
-49
-48
-46
-43
-40
-38
-33
-29
-25
-22
-17
-11
-6
0
5
11
15
18
22
24
26
30
35
38
40
42
45
47
51
52
52
55
57
58
58
54
52
53
53
52
50
49
50
49
46
43
38
37
33
30
25
23
19
13
7
0
-9
-15
-18
-23
-26
-28
-30
-35
-36
-36
-40
-41
-40
-39
-38
-38
-38
-36
-34
-35
-33
-34
-33
-34
-34
-34
-35
-34
-32
-32
-29
-28
-27
-25
-24
-24
-21
-19
-16
-13
-11
-8
-7
-6
-5
-3
-2
-1
2
5
6
7
8
7
6
7
7
10
12
14
16
18
20
22
22
23
22
23
23
26
25
23
24
25
25
23
24
23
23
23
22
20
19
20
18
17
15
15
14
12
10
9
7
4
2
0
-2
-2
-3
-4
-4
-7
-7
-9
-10
-13
-14
-15
-16
-16
-17
-16
-17
-20
-21
-21
-22
-24
-25
-23
-23
-24
-23
-21
-22
-22
-21
-19
-17
-14
-14
-11
-12
-11
-12
-11
-9
-9
-7
-6
-3
0
3
5
4
3
5
5
5
8
8
10
10
9
7
6
5
6
5
5
9
8
7
6
7
8
7
7
9
10
10
