-1
0
1
3
4
6
6
6
7
7
5
4
4
3
4
2
3
3
3
4
3
2
2
4
3
3
2
0
2
2
1
1
1
2
0
-1
0
-1
-2
-3
-1
-2
-4
-3
-1
-3
-1
0
0
-2
0
0
-2
-1
-3
-2
-1
-2
-1
-1
0
0
0
0
1
1
0
0
-2
-2
-2
-2
-4
-2
-3
-3
-2
-1
-1
-1
0
0
0
1
2
1
0
0
0
2
1
1
2
1
1
2
2
2
2
0
0
0
-1
-1
-1
-1
0
0
0
1
1
1
1
1
0
-1
0
-1
0
2
2
3
1
0
-1
-2
-1
-2
-1
0
1
-1
-1
-1
0
-1
-2
-1
0
-2
-1
-2
-1
-1
-2
0
-1
0
1
-1
-1
0
0
-1
-1
-1
0
0
1
2
2
2
4
4
3
4
4
3
1
1
0
-1
-3
-3
-2
-3
-3
-3
-3
-3
-1
-2
-1
1
2
3
3
4
4
4
4
5
5
5
3
1
2
1
-2
-2
-2
-3
-3
-3
-3
-3
-2
-1
-3
-1
-2
-1
0
-1
1
-1
-1
-2
-2
-3
-3
-3
-5
-5
-6
-4
-4
-5
-6
-4
-5
-5
-4
-4
-2
-1
2
2
4
4
5
4
3
3
3
3
1
1
2
3
3
1
1
1
1
0
2
2
3
3
3
5
5
6
5
5
5
4
4
3
1
0
-1
-2
-4
-3
-4
-3
-2
-2
-1
1
0
0
2
1
1
-1
1
0
-2
-2
-1
-3
-1
0
0
0
-1
0
-2
-2
-1
-2
-1
-2
-3
-3
-1
-1
-1
-2
-1
-1
1
0
-1
0
-1
-2
-3
-3
-3
-1
-2
-1
0
1
1
2
3
2
3
2
3
3
3
3
4
4
3
3
3
2
1
2
2
2
2
1
-1
0
1
0
0
0
-1
-3
-2
-3
-1
-1
-2
-1
-1
-1
-1
-2
-2
-2
-2
-2
-2
-2
-1
0
1
1
1
0
1
0
0
-1
0
-2
0
1
0
1
1
2
2
2
3
3
4
4
2
1
1
0
1
-1
-3
-2
-3
-4
-5
-5
-6
-6
-5
-5
-6
-4
-3
-1
-1
-2
0
-1
0
-2
0
-2
-1
-1
-2
0
-1
2
1
3
5
3
4
4
4
4
4
3
2
4
4
4
2
1
2
1
3
3
3
5
5
6
8
7
6
4
6
5
4
3
1
2
1
2
1
-1
0
-1
1
1
0
-1
-1
-2
0
-1
0
-1
-3
-3
-5
-3
-6
-5
-4
-5
-4
-4
-3
-1
-2
-2
-3
-4
-3
-4
-4
-4
-5
-5
-6
-5
-5
-6
-6
-4
-4
-4
-3
-4
-6
-5
-7
-7
-7
-7
-6
-7
-7
-6
-5
-6
-4
-4
-6
-5
-6
-4
-2
-1
2
4
5
9
11
15
14
16
19
21
27
31
36
40
42
50
59
60
63
63
69
81
80
81
82
88
102
107
109
116
119
135
144
139
144
143
144
148
146
152
148
142
153
156
149
136
114
94
72
46
15
-20
-43
-46
-55
-75
-88
-82
-88
-114
-143
-166
-191
-238
-285
-326
-375
-400
-432
-487
-519
-531
-522
-539
-593
-607
-604
-618
-638
-644
-645
-647
-646
-642
-654
-683
-708
-738
-784
-831
-846
-820
-759
-658
-503
-311
-105
104
302
477
622
734
817
880
936
982
1014
1037
1061
1080
1078
1052
1004
940
868
793
719
665
639
631
636
656
698
746
792
832
860
875
879
873
848
802
751
697
627
536
432
316
197
79
-43
-163
-267
-350
-425
-491
-534
-551
-555
-553
-542
-514
-480
-481
-528
-556
-520
-502
-580
-682
-691
-646
-652
-699
-729
-753
-799
-868
-961
-1067
-1140
-1153
-1156
-1169
-1149
-1106
-1092
-1095
-1051
-970
-933
-946
-954
-957
-1038
-1307
-1747
-2089
-2047
-1733
-1521
-1403
-941
-74
651
916
1094
1533
1981
2080
1961
1996
2246
2452
2469
2452
2580
2751
2681
2309
1896
1643
1430
1084
701
506
532
613
641
670
764
902
1005
1007
926
874
922
982
944
882
951
1089
1066
831
562
354
95
-293
-712
-1046
-1297
-1501
-1680
-1904
-2191
-2347
-2270
-2243
-2483
-2623
-2272
-1780
-1636
-1618
-1282
-793
-529
-440
-330
-250
-248
-260
-328
-470
-511
-407
-405
-589
-669
-515
-396
-505
-640
-562
-355
-255
-268
-199
32
280
421
525
703
925
1070
1113
1129
1204
1331
1410
1375
1296
1288
1302
1214
1021
848
760
683
541
382
309
331
343
300
262
274
305
307
266
212
201
228
216
123
56
94
141
77
-45
-103
-104
-163
-313
-450
-485
-475
-531
-646
-726
-796
-1002
-1387
-1787
-2037
-2159
-2260
-2305
-2167
-1834
-1441
-1104
-775
-367
62
372
556
747
990
1191
1308
1420
1576
1706
1719
1605
1418
1205
989
746
467
203
24
-61
-94
-111
-90
-5
94
158
213
310
432
550
669
814
986
1085
973
731
608
602
423
6
-375
-581
-710
-829
-946
-1074
-1102
-955
-816
-831
-814
-624
-459
-432
-355
-122
102
165
121
109
222
369
359
203
120
157
141
19
-93
-154
-193
-205
-221
-250
-190
-44
-7
-117
-126
46
136
22
-76
14
164
203
166
182
284
366
338
263
287
395
426
334
265
318
419
463
412
308
238
192
48
-190
-310
-257
-235
-324
-338
-222
-271
-832
-2003
-3445
-4455
-4638
-4446
-4473
-4355
-3318
-1644
-453
-50
363
1191
1817
1755
1488
1727
2402
2874
2927
3037
3538
3977
3674
2694
1758
1199
670
-96
-757
-865
-549
-287
-187
32
447
763
801
705
684
827
1113
1423
1672
1950
2380
2784
2822
2455
1964
1507
943
178
-585
-1085
-1364
-1660
-2020
-2262
-2292
-2284
-2440
-2711
-2843
-2706
-2433
-2170
-1839
-1319
-714
-230
16
27
-50
-8
32
-328
-945
-1127
-793
-690
-1063
-1260
-1049
-953
-1194
-1397
-1378
-1321
-1242
-1096
-899
-607
-144
307
482
600
945
1357
1462
1332
1372
1609
1759
1679
1586
1651
1700
1544
1264
1121
1115
1029
824
666
687
767
788
735
680
711
784
777
635
561
675
746
602
449
552
683
525
234
136
208
132
-91
-232
-258
-283
-352
-407
-520
-692
-841
-970
-1117
-1256
-1253
-1189
-1159
-1085
-887
-756
-1277
-2577
-3865
-4216
-3883
-3973
-4444
-4106
-2567
-1091
-686
-615
97
1110
1344
853
777
1594
2487
2571
2334
2750
3643
3827
2889
1846
1478
1274
534
-350
-532
-116
154
63
89
468
821
806
552
424
558
860
1187
1459
1737
2131
2571
2747
2494
2068
1739
1371
755
79
-303
-421
-602
-1011
-1554
-2050
-2340
-2458
-2692
-3109
-3251
-2833
-2307
-2093
-1820
-1109
-442
-307
-302
72
511
546
353
284
336
376
335
141
-147
-318
-383
-578
-852
-951
-887
-897
-951
-835
-549
-273
-115
-13
141
383
626
754
806
909
1065
1177
1241
1303
1324
1255
1124
968
812
686
585
444
297
252
268
191
53
11
46
23
0
118
302
387
428
594
793
813
692
641
660
540
281
124
124
75
-168
-697
-1838
-3728
-5586
-6314
-5972
-5678
-5786
-5292
-3622
-1790
-962
-801
-221
802
1356
1254
1483
2681
4061
4557
4406
4656
5339
5277
3926
2284
1427
1049
319
-559
-733
-224
66
-230
-524
-375
-153
-324
-683
-702
-215
513
1213
1837
2419
2927
3247
3248
2916
2425
1949
1485
950
401
14
-192
-480
-1085
-1860
-2429
-2736
-3085
-3585
-3885
-3702
-3214
-2736
-2276
-1642
-955
-696
-959
-1091
-621
-177
-444
-820
-426
300
355
-66
-190
-134
-446
-985
-1279
-1329
-1305
-1265
-1284
-1298
-1050
-611
-476
-687
-680
-305
-30
-1
225
794
1304
1520
1662
1924
2164
2194
2032
1880
1896
1978
1948
1833
1779
1765
1670
1513
1329
1094
857
685
532
402
428
563
563
447
449
533
491
418
507
609
570
580
763
853
671
476
432
321
23
-252
-417
-607
-813
-891
-904
-1042
-1429
-2151
-3249
-4608
-5998
-7093
-7400
-6728
-5728
-5104
-4463
-3059
-1395
-660
-753
-473
498
1301
1587
2092
3268
4486
4929
4667
4408
4359
3914
2649
1176
438
400
274
-136
-244
147
373
7
-451
-419
-126
-64
-74
362
1259
2156
2819
3339
3748
3930
3848
3593
3237
2818
2378
1951
1552
1155
709
175
-454
-1184
-1965
-2631
-3052
-3274
-3398
-3401
-3191
-2769
-2271
-1864
-1655
-1619
-1563
-1326
-1050
-993
-1054
-865
-429
-192
-294
-382
-358
-549
-994
-1327
-1438
-1545
-1655
-1620
-1540
-1537
-1455
-1222
-1088
-1124
-1044
-744
-461
-262
63
555
996
1271
1471
1692
1898
2000
1969
1898
1909
1982
2001
1937
1866
1793
1692
1577
1458
1311
1162
1058
958
816
686
630
611
576
551
548
544
564
660
789
839
770
681
720
901
998
806
468
321
402
375
41
-377
-609
-739
-1082
-1773
-2592
-3244
-3802
-4692
-5987
-6921
-6632
-5423
-4516
-4429
-4321
-3350
-1924
-1022
-836
-684
-38
945
1857
2573
3222
3808
4130
4099
3912
3720
3368
2677
1892
1453
1382
1304
1083
976
1047
941
465
-22
-111
62
90
-56
-1
438
1038
1496
1768
1968
2096
2082
1987
1972
2025
1933
1589
1206
1054
1052
887
435
-105
-541
-898
-1278
-1610
-1772
-1816
-1899
-2023
-2019
-1855
-1715
-1767
-1972
-2164
-2229
-2182
-2109
-2040
-1930
-1777
-1667
-1599
-1455
-1232
-1123
-1191
-1235
-1085
-846
-691
-606
-490
-352
-264
-190
-56
95
172
196
290
474
656
791
938
1097
1179
1164
1147
1185
1203
1156
1129
1203
1310
1347
1343
1406
1516
1554
1500
1427
1376
1299
1190
1112
1083
1052
984
909
846
764
647
536
461
412
366
332
326
319
282
236
214
190
130
48
-23
-93
-172
-251
-343
-489
-701
-937
-1175
-1462
-1854
-2280
-2565
-2636
-2620
-2692
-2863
-3006
-3033
-2982
-2903
-2755
-2530
-2359
-2316
-2238
-1920
-1453
-1125
-1004
-855
-523
-125
181
446
791
1176
1494
1759
2094
2468
2682
2647
2552
2612
2762
2768
2607
2476
2464
2453
2381
2337
2357
2309
2118
1895
1783
1760
1680
1484
1271
1162
1110
1002
836
708
605
419
161
-28
-100
-166
-328
-540
-703
-818
-975
-1207
-1430
-1576
-1700
-1857
-1990
-2039
-2063
-2152
-2250
-2253
-2185
-2153
-2171
-2166
-2104
-2028
-1963
-1870
-1724
-1571
-1461
-1358
-1197
-1002
-845
-720
-577
-409
-247
-81
100
248
351
465
616
755
831
869
917
974
1023
1076
1155
1245
1301
1312
1333
1388
1443
1457
1470
1540
1636
1687
1708
1768
1850
1865
1813
1784
1788
1749
1636
1509
1409
1304
1145
941
732
514
250
-70
-428
-851
-1390
-1974
-2380
-2515
-2576
-2801
-3161
-3420
-3462
-3374
-3249
-3063
-2832
-2699
-2691
-2588
-2199
-1696
-1415
-1357
-1224
-866
-449
-138
133
461
804
1082
1341
1669
2008
2180
2147
2097
2200
2363
2355
2167
1992
1917
1852
1759
1727
1770
1746
1584
1426
1436
1540
1537
1360
1160
1077
1055
973
850
777
732
605
414
305
308
256
33
-232
-359
-394
-532
-794
-997
-1066
-1161
-1395
-1642
-1750
-1796
-1925
-2077
-2087
-1986
-1953
-1997
-1961
-1812
-1726
-1763
-1781
-1702
-1638
-1662
-1647
-1506
-1342
-1253
-1167
-993
-791
-656
-534
-345
-145
-11
109
297
503
649
770
941
1129
1249
1313
1400
1518
1604
1642
1694
1777
1825
1799
1751
1736
1727
1664
1567
1488
1444
1408
1381
1384
1395
1372
1326
1289
1250
1180
1097
1023
940
820
694
593
491
337
120
-118
-368
-659
-1015
-1447
-1928
-2347
-2578
-2629
-2675
-2864
-3121
-3278
-3297
-3249
-3146
-2952
-2757
-2688
-2645
-2397
-1931
-1516
-1330
-1214
-952
-583
-280
-43
252
610
900
1104
1383
1774
2089
2150
2075
2097
2233
2297
2196
2038
1944
1896
1840
1808
1836
1853
1755
1565
1437
1454
1503
1426
1223
1051
996
982
915
821
770
729
613
456
381
388
301
45
-216
-303
-298
-412
-668
-907
-1058
-1207
-1367
-1434
-1425
-1500
-1709
-1876
-1852
-1746
-1722
-1781
-1815
-1791
-1735
-1625
-1454
-1319
-1299
-1315
-1225
-1047
-921
-886
-849
-755
-640
-516
-347
-160
-61
-54
4
182
376
489
552
642
745
839
950
1075
1156
1164
1182
1267
1373
1429
1438
1445
1449
1429
1410
1416
1404
1324
1220
1176
1188
1175
1107
1038
1001
954
868
779
721
650
514
334
177
46
-127
-393
-767
-1231
-1712
-2054
-2157
-2156
-2289
-2572
-2782
-2789
-2697
-2599
-2461
-2292
-2232
-2303
-2276
-1971
-1544
-1288
-1233
-1119
-787
-369
-29
251
566
875
1112
1345
1681
2049
2251
2223
2133
2175
2328
2398
2268
2044
1900
1857
1829
1788
1787
1770
1613
1358
1203
1223
1220
1014
710
513
465
432
344
262
216
138
-19
-158
-181
-167
-287
-500
-597
-521
-466
-575
-762
-911
-1047
-1211
-1339
-1379
-1420
-1553
-1702
-1725
-1620
-1528
-1551
-1623
-1670
-1689
-1695
-1646
-1532
-1431
-1383
-1312
-1131
-888
-700
-600
-512
-379
-210
-34
125
257
355
449
569
702
806
856
871
882
899
948
1031
1103
1140
1157
1190
1232
1255
1250
1226
1202
1194
1215
1259
1298
1314
1319
1318
1313
1295
1254
1196
1133
1064
987
909
841
762
642
471
275
63
-181
-495
-910
-1427
-1934
-2239
-2298
-2312
-2502
-2820
-3044
-3084
-3040
-2971
-2823
-2629
-2543
-2564
-2435
-1995
-1471
-1195
-1146
-1010
-654
-244
78
378
729
1037
1234
1445
1797
2176
2340
2250
2122
2151
2282
2327
2220
2054
1927
1838
1774
1769
1821
1812
1633
1369
1226
1267
1310
1181
938
750
665
591
490
421
383
276
71
-104
-131
-88
-167
-401
-607
-645
-615
-692
-875
-1019
-1093
-1204
-1353
-1408
-1354
-1377
-1569
-1725
-1661
-1515
-1523
-1641
-1662
-1577
-1550
-1580
-1519
-1370
-1309
-1363
-1323
-1095
-863
-789
-765
-633
-440
-319
-241
-99
65
133
144
259
480
638
674
722
864
1015
1093
1165
1286
1375
1380
1391
1499
1632
1682
1679
1718
1782
1786
1735
1689
1650
1562
1430
1323
1262
1195
1091
991
908
813
680
539
401
232
-3
-296
-646
-1097
-1610
-2009
-2139
-2096
-2157
-2426
-2715
-2830
-2815
-2784
-2700
-2508
-2355
-2389
-2453
-2242
-1786
-1430
-1356
-1353
-1171
-845
-536
-254
78
419
673
884
1204
1648
2026
2164
2108
2063
2145
2271
2298
2203
2084
2006
1932
1853
1841
1900
1878
1668
1391
1257
1282
1266
1090
851
691
599
490
383
338
311
183
-34
-178
-168
-126
-195
-355
-477
-523
-591
-727
-857
-920
-994
-1155
-1314
-1363
-1371
-1461
-1604
-1661
-1619
-1589
-1619
-1632
-1581
-1534
-1551
-1564
-1485
-1359
-1289
-1247
-1122
-926
-773
-681
-557
-382
-239
-151
-41
105
225
299
378
493
594
649
689
763
860
940
1006
1093
1195
1262
1297
1362
1458
1519
1540
1576
1645
1691
1689
1676
1667
1622
1523
1416
1346
1300
1231
1117
981
844
711
555
363
122
-195
-626
-1175
-1716
-2037
-2076
-2039
-2203
-2558
-2837
-2893
-2850
-2812
-2704
-2521
-2456
-2578
-2596
-2240
-1684
-1354
-1345
-1330
-1054
-628
-275
-1
318
639
825
950
1243
1729
2100
2130
1985
1987
2165
2272
2189
2055
1985
1898
1740
1646
1730
1844
1764
1517
1346
1381
1477
1430
1222
970
761
588
444
358
342
324
207
9
-122
-97
-36
-124
-358
-564
-667
-781
-955
-1073
-1067
-1079
-1231
-1400
-1419
-1353
-1390
-1536
-1611
-1565
-1532
-1570
-1565
-1454
-1363
-1403
-1462
-1390
-1240
-1169
-1186
-1154
-1027
-900
-812
-679
-474
-302
-220
-142
5
153
226
266
348
432
463
500
617
764
843
880
975
1126
1225
1261
1308
1392
1451
1466
1504
1594
1669
1667
1632
1644
1689
1697
1650
1593
1548
1481
1372
1248
1128
969
732
424
42
-458
-1043
-1514
-1698
-1700
-1810
-2137
-2481
-2640
-2658
-2656
-2603
-2449
-2332
-2398
-2504
-2321
-1823
-1369
-1247
-1308
-1224
-920
-556
-227
108
428
620
686
803
1106
1468
1651
1612
1540
1607
1749
1780
1657
1518
1440
1353
1227
1176
1264
1338
1212
969
859
955
1060
1014
857
704
567
410
271
218
224
167
-10
-199
-243
-128
-23
-72
-234
-387
-501
-604
-657
-594
-500
-542
-711
-798
-712
-609
-653
-781
-858
-895
-970
-1017
-944
-860
-1005
-1388
-1721
-1758
-1507
-1098
-621
-189
22
-50
-246
-372
-397
-370
-247
40
404
653
699
616
514
443
424
461
506
454
275
85
30
166
434
736
985
1117
1125
1077
1066
1109
1146
1145
1144
1191
1276
1359
1425
1480
1507
1475
1362
1122
655
-149
-1289
-2586
-3704
-4307
-4257
-3771
-3320
-3213
-3321
-3275
-2927
-2455
-2056
-1779
-1664
-1750
-1800
-1347
-254
993
1831
2250
2638
3116
3452
3511
3416
3242
2889
2398
2097
2200
2484
2556
2321
2027
1875
1762
1452
876
166
-526
-1095
-1405
-1352
-1008
-648
-471
-367
-98
356
741
798
526
115
-235
-400
-358
-180
-4
34
-62
-171
-148
-26
-58
-445
-1114
-1755
-2164
-2389
-2485
-2414
-2196
-1989
-1874
-1678
-1296
-963
-940
-1143
-1236
-1113
-935
-756
-460
-34
356
623
910
1263
1486
1392
1078
809
642
471
295
216
267
338
361
438
582
651
540
326
180
97
-19
-129
-122
41
271
512
803
1095
1299
1393
1432
1490
1491
1387
1268
1200
1213
1238
1233
1236
1212
1149
1028
836
609
315
-1
-294
-573
-876
-1346
-2079
-3038
-4072
-4844
-5173
-5106
-4859
-4677
-4448
-3978
-3253
-2486
-1937
-1443
-801
-115
373
621
1007
1740
2541
3142
3520
3829
4064
4070
3952
3845
3658
3219
2552
1974
1658
1437
1138
752
448
302
145
-134
-472
-692
-756
-881
-1104
-1192
-946
-486
-148
52
348
782
1161
1322
1364
1395
1306
1028
668
393
199
-73
-456
-828
-1071
-1210
-1367
-1592
-1840
-2085
-2342
-2635
-2854
-2837
-2613
-2367
-2214
-2042
-1687
-1220
-807
-467
-131
186
359
412
542
806
1042
1116
1094
1121
1173
1160
1098
1030
918
693
409
199
76
-44
-188
-288
-296
-255
-183
-63
90
215
277
332
447
606
760
888
1016
1154
1264
1357
1461
1560
1610
1554
1434
1313
1195
1072
890
655
403
141
-65
-220
-349
-464
-610
-736
-844
-982
-1219
-1712
-2464
-3319
-4070
-4548
-4827
-4890
-4633
-4116
-3498
-3002
-2483
-1709
-784
58
569
843
1103
1382
1724
2088
2497
2958
3295
3447
3481
3578
3774
3788
3472
2940
2420
1969
1476
1001
658
400
119
-158
-249
-170
-107
-126
-164
-190
-251
-303
-224
-59
56
120
258
514
758
949
1129
1203
1046
715
381
81
-305
-780
-1215
-1589
-1935
-2212
-2346
-2365
-2409
-2490
-2503
-2434
-2319
-2178
-2016
-1874
-1783
-1653
-1415
-1104
-757
-412
-111
122
340
631
930
1112
1183
1194
1147
1027
914
891
867
751
612
531
491
431
377
371
347
267
199
188
207
212
230
300
400
520
668
821
968
1104
1229
1336
1415
1496
1566
1562
1480
1374
1285
1197
1057
892
738
558
336
95
-102
-256
-436
-638
-845
-1063
-1359
-1850
-2531
-3297
-3999
-4527
-4915
-5061
-4871
-4442
-4006
-3699
-3222
-2358
-1346
-519
38
551
1051
1351
1565
1948
2517
2956
3023
2969
3091
3339
3513
3501
3396
3239
2937
2521
2098
1760
1480
1108
627
178
-83
-160
-241
-376
-453
-424
-368
-358
-277
-63
130
191
205
313
493
638
743
790
719
574
455
353
161
-138
-418
-702
-1071
-1420
-1599
-1676
-1899
-2266
-2499
-2508
-2438
-2373
-2201
-1920
-1733
-1679
-1541
-1201
-809
-560
-423
-269
-99
58
235
474
717
849
860
839
863
917
910
811
672
544
433
328
254
239
251
230
179
167
232
320
365
379
416
494
588
691
819
951
1048
1109
1180
1294
1396
1431
1408
1375
1343
1269
1157
1068
983
820
565
324
174
34
-172
-374
-523
-690
-970
-1361
-1860
-2512
-3267
-3938
-4427
-4750
-4866
-4704
-4374
-4120
-3868
-3274
-2293
-1314
-609
-7
648
1155
1411
1709
2256
2788
2941
2840
2859
3062
3242
3315
3374
3415
3325
3064
2742
2443
2169
1835
1355
772
253
-55
-230
-435
-643
-722
-673
-631
-594
-430
-158
37
77
114
249
407
503
542
538
455
324
230
168
67
-96
-283
-518
-808
-1051
-1168
-1278
-1542
-1891
-2142
-2268
-2353
-2390
-2288
-2105
-1998
-1962
-1825
-1508
-1155
-914
-763
-616
-454
-308
-152
63
294
455
517
558
661
804
907
936
916
871
819
770
731
687
620
537
466
447
487
557
612
634
650
682
732
795
878
965
1007
1012
1050
1155
1274
1339
1372
1418
1450
1430
1379
1335
1267
1121
916
723
560
382
177
-13
-188
-385
-627
-885
-1190
-1661
-2344
-3121
-3823
-4397
-4867
-5136
-5094
-4853
-4647
-4474
-4044
-3234
-2300
-1515
-841
-148
480
917
1291
1802
2381
2736
2788
2768
2883
3098
3274
3368
3417
3402
3275
3042
2787
2565
2313
1916
1350
769
341
46
-236
-506
-667
-707
-716
-687
-526
-241
15
156
249
365
487
592
683
729
685
591
537
527
491
400
287
138
-101
-388
-602
-730
-913
-1252
-1641
-1930
-2133
-2326
-2455
-2429
-2327
-2322
-2377
-2291
-2016
-1739
-1564
-1377
-1099
-842
-674
-483
-184
109
241
278
376
549
681
742
802
879
911
877
853
883
913
853
714
593
542
532
523
523
549
572
568
576
656
799
930
998
1034
1105
1213
1320
1413
1505
1587
1611
1582
1558
1555
1507
1372
1180
978
764
527
296
92
-105
-332
-574
-812
-1081
-1452
-1990
-2663
-3359
-3966
-4459
-4838
-5022
-4957
-4750
-4554
-4297
-3757
-2921
-2059
-1354
-731
-98
448
836
1214
1729
2263
2582
2669
2736
2939
3220
3445
3567
3622
3606
3458
3179
2863
2593
2307
1874
1290
723
304
-8
-295
-526
-642
-688
-735
-739
-625
-438
-289
-200
-119
-26
71
188
325
416
440
458
526
598
607
563
487
348
118
-149
-377
-559
-769
-1053
-1386
-1697
-1932
-2093
-2191
-2214
-2172
-2136
-2162
-2179
-2076
-1863
-1671
-1541
-1387
-1163
-948
-769
-533
-199
99
261
374
556
765
898
978
1069
1154
1158
1105
1076
1079
1051
958
842
771
751
739
700
647
609
577
542
531
573
636
669
673
694
760
849
940
1031
1120
1194
1240
1260
1260
1238
1180
1073
922
760
616
487
348
195
44
-113
-297
-508
-753
-1099
-1638
-2348
-3069
-3662
-4134
-4516
-4714
-4652
-4434
-4233
-4000
-3508
-2731
-1934
-1343
-880
-375
142
530
840
1265
1824
2280
2494
2634
2935
3351
3657
3769
3793
3783
3642
3307
2880
2513
2194
1789
1262
749
393
159
-75
-322
-487
-564
-651
-782
-870
-862
-813
-780
-741
-658
-516
-317
-78
142
308
457
620
732
723
645
579
493
307
44
-182
-324
-468
-683
-923
-1110
-1251
-1403
-1581
-1728
-1808
-1874
-1991
-2126
-2174
-2107
-2000
-1912
-1780
-1540
-1245
-987
-753
-465
-147
97
246
394
583
759
866
929
1000
1074
1112
1110
1114
1136
1129
1050
929
845
814
784
709
626
575
531
462
409
435
516
561
561
600
710
825
880
908
957
1011
1028
1025
1051
1092
1083
1016
953
911
841
713
569
441
301
128
-55
-214
-375
-628
-1086
-1768
-2504
-3081
-3482
-3861
-4221
-4320
-4070
-3758
-3656
-3543
-3049
-2313
-1809
-1622
-1345
-780
-239
58
374
1013
1790
2301
2515
2761
3195
3586
3668
3504
3356
3294
3107
2679
2227
2020
1957
1700
1192
756
586
456
111
-334
-620
-762
-968
-1250
-1400
-1327
-1155
-1023
-919
-750
-494
-201
41
192
301
439
585
651
627
607
645
662
579
453
389
374
282
70
-189
-419
-619
-830
-1056
-1262
-1410
-1519
-1659
-1832
-1933
-1896
-1808
-1782
-1769
-1638
-1408
-1204
-1044
-827
-532
-272
-115
27
228
443
578
627
679
778
873
920
943
994
1053
1048
957
857
817
797
721
593
492
452
416
350
288
293
342
374
366
375
444
532
577
593
627
694
738
730
725
760
798
788
744
723
745
734
662
546
462
381
271
103
-66
-230
-503
-1071
-1874
-2533
-2807
-2887
-3167
-3505
-3483
-3069
-2855
-3047
-3121
-2602
-1920
-1733
-1875
-1608
-773
-18
287
550
1291
2179
2588
2447
2423
2835
3256
3132
2701
2612
2932
3065
2687
2282
2289
2422
2071
1341
808
685
516
20
-519
-721
-688
-785
-1063
-1268
-1223
-1103
-1103
-1220
-1236
-1071
-836
-711
-658
-533
-291
-61
38
55
80
151
210
246
242
255
295
352
303
112
-119
-246
-333
-525
-806
-1006
-1044
-1081
-1201
-1320
-1288
-1200
-1187
-1266
-1270
-1160
-1024
-954
-905
-782
-586
-374
-208
-48
132
339
507
621
708
827
964
1068
1106
1103
1105
1114
1108
1071
1039
1024
1009
941
846
779
753
707
608
482
399
360
323
261
184
142
136
154
169
189
236
290
315
319
337
378
406
407
396
384
361
323
275
207
115
7
-104
-265
-608
-1228
-1973
-2463
-2474
-2280
-2338
-2664
-2816
-2593
-2398
-2590
-2868
-2682
-2107
-1744
-1786
-1698
-1019
-85
446
490
566
990
1476
1662
1686
1949
2469
2841
2836
2718
2816
3022
3000
2710
2438
2337
2251
2046
1811
1662
1512
1197
752
352
98
-89
-315
-572
-761
-857
-967
-1157
-1309
-1299
-1229
-1293
-1451
-1442
-1189
-910
-779
-699
-561
-465
-518
-578
-439
-169
-7
-18
-35
39
104
67
-6
-18
-27
-125
-275
-346
-340
-380
-527
-701
-825
-921
-996
-999
-929
-887
-924
-949
-871
-745
-648
-568
-454
-335
-250
-160
-3
194
340
409
463
554
669
785
907
1039
1138
1160
1137
1139
1180
1200
1162
1102
1070
1055
1011
944
880
804
678
518
400
347
310
255
199
165
137
94
56
50
58
42
-8
-60
-77
-75
-85
-115
-149
-185
-245
-357
-565
-884
-1250
-1485
-1459
-1269
-1181
-1329
-1576
-1711
-1708
-1688
-1714
-1719
-1632
-1481
-1313
-1131
-928
-741
-606
-505
-377
-193
9
205
436
724
977
1096
1108
1163
1335
1532
1633
1634
1643
1722
1825
1872
1825
1722
1599
1460
1304
1183
1132
1097
993
808
621
481
371
254
143
71
26
-37
-123
-187
-212
-248
-338
-461
-558
-614
-641
-647
-638
-635
-667
-734
-809
-870
-910
-934
-956
-982
-1002
-994
-956
-925
-930
-959
-976
-960
-916
-863
-807
-749
-699
-660
-634
-587
-502
-389
-279
-184
-96
6
112
202
266
317
379
448
521
596
675
731
760
804
860
865
788
728
806
958
994
858
703
671
720
706
577
408
308
294
308
284
218
148
110
123
161
170
115
47
58
160
253
246
174
146
195
250
246
188
128
100
86
47
-39
-149
-239
-299
-360
-458
-593
-741
-871
-979
-1074
-1176
-1277
-1342
-1358
-1345
-1325
-1303
-1271
-1221
-1148
-1050
-944
-852
-759
-636
-481
-336
-221
-101
44
200
344
464
576
692
822
948
1027
1051
1074
1146
1246
1299
1281
1238
1215
1222
1235
1211
1144
1074
1048
1058
1046
983
905
845
800
739
653
553
461
384
310
217
100
-22
-121
-196
-264
-350
-443
-530
-596
-647
-711
-793
-882
-953
-1011
-1083
-1173
-1246
-1271
-1268
-1278
-1305
-1320
-1298
-1255
-1215
-1183
-1147
-1092
-1019
-941
-862
-771
-665
-549
-434
-318
-189
-49
88
213
324
423
511
587
651
711
768
817
854
875
897
920
930
918
896
889
898
900
891
883
874
853
810
763
728
697
658
606
555
510
470
431
400
367
333
295
258
217
172
126
83
36
-29
-103
-158
-184
-202
-240
-295
-342
-376
-423
-510
-624
-727
-805
-868
-930
-987
-1028
-1061
-1102
-1136
-1155
-1153
-1145
-1135
-1107
-1062
-1001
-927
-841
-746
-652
-559
-460
-352
-236
-122
-16
88
190
281
363
438
506
572
632
699
774
845
906
954
996
1032
1056
1068
1073
1077
1076
1065
1051
1044
1040
1029
1001
961
911
851
781
710
640
559
469
375
285
193
95
-6
-100
-192
-286
-379
-467
-541
-608
-668
-721
-772
-824
-872
-904
-928
-961
-1007
-1047
-1061
-1050
-1034
-1021
-1001
-966
-925
-886
-849
-804
-741
-676
-617
-566
-501
-418
-337
-275
-223
-164
-90
-15
51
122
202
283
348
400
456
521
587
645
692
731
762
793
828
859
874
878
882
890
893
884
865
838
802
754
696
629
563
503
452
391
314
231
163
115
70
11
-57
-119
-163
-199
-236
-271
-304
-333
-357
-369
-381
-399
-425
-443
-444
-441
-458
-498
-537
-558
-572
-596
-625
-644
-656
-668
-686
-701
-706
-707
-712
-716
-707
-682
-650
-611
-563
-501
-434
-372
-310
-236
-155
-71
12
93
173
251
329
412
491
563
626
687
745
797
845
880
902
917
931
944
950
939
921
905
886
855
807
756
709
661
601
536
478
421
361
292
220
153
94
33
-24
-75
-121
-169
-222
-278
-325
-363
-404
-458
-511
-554
-592
-641
-698
-751
-791
-823
-856
-894
-917
-922
-919
-921
-922
-910
-879
-841
-803
-761
-707
-640
-574
-514
-449
-372
-290
-215
-149
-78
1
80
146
202
259
321
382
431
471
511
557
597
628
649
669
690
709
722
729
732
728
722
712
695
675
650
624
590
551
509
467
424
378
328
285
246
207
163
122
90
64
37
7
-17
-33
-45
-57
-73
-86
-95
-109
-127
-147
-166
-189
-221
-255
-292
-332
-378
-434
-488
-540
-592
-647
-699
-748
-787
-822
-850
-872
-879
-879
-867
-843
-808
-761
-706
-642
-573
-496
-415
-334
-250
-165
-81
-4
67
137
202
264
321
375
428
477
524
567
609
648
685
721
753
784
810
829
844
858
866
866
858
845
828
803
774
738
700
655
606
555
501
445
386
325
262
201
141
78
17
-43
-103
-160
-218
-275
-330
-381
-429
-478
-523
-565
-605
-641
-675
-709
-742
-773
-798
-822
-843
-862
-877
-887
-893
-899
-897
-889
-870
-846
-821
-787
-743
-692
-634
-571
-503
-431
-353
-269
-183
-96
-11
73
160
243
326
403
476
546
608
667
719
764
806
841
867
886
900
907
912
909
898
882
863
843
817
787
753
716
678
634
589
542
493
442
388
334
279
222
163
105
47
-9
-69
-124
-180
-237
-289
-340
-387
-431
-473
-508
-544
-574
-604
-627
-646
-663
-676
-685
-694
-703
-709
-713
-712
-713
-711
-707
-701
-689
-678
-659
-638
-613
-583
-552
-514
-473
-429
-379
-323
-268
-207
-145
-83
-16
49
116
182
249
313
375
436
493
547
598
646
690
729
760
787
812
829
842
850
855
855
850
843
830
814
798
776
751
722
687
648
605
554
499
440
374
304
228
149
63
-23
-112
-205
-296
-388
-474
-558
-635
-706
-772
-826
-870
-905
-929
-943
-947
-941
-926
-902
-871
-833
-791
-742
-693
-641
-587
-533
-481
-427
-378
-330
-284
-239
-196
-156
-115
-76
-39
-2
34
70
107
145
184
223
262
303
346
387
427
467
508
545
578
605
630
650
664
673
674
669
661
647
625
597
564
531
497
459
414
364
316
270
224
178
129
78
27
-21
-68
-111
-154
-195
-238
-274
-311
-346
-380
-407
-426
-443
-461
-479
-491
-498
-499
-493
-484
-469
-453
-438
-413
-385
-362
-341
-314
-280
-249
-227
-207
-179
-150
-130
-122
-111
-87
-64
-47
-34
-17
5
24
44
71
104
137
164
200
246
289
321
350
396
451
495
519
535
559
587
606
611
613
617
608
578
536
498
467
427
370
306
247
188
123
55
0
-52
-116
-190
-252
-290
-324
-386
-453
-486
-488
-502
-556
-597
-589
-570
-607
-679
-667
-543
-465
-646
-981
-1066
-682
-209
-178
-509
-618
-251
160
165
-75
-89
196
422
376
250
290
447
502
418
354
421
506
452
282
174
219
297
272
180
158
232
267
196
117
148
234
230
132
77
142
235
229
132
55
71
135
163
123
44
-10
-12
13
-1
-58
-100
-94
-63
-60
-87
-115
-115
-102
-109
-135
-145
-118
-86
-97
-144
-179
-176
-162
-163
-175
-184
-195
-217
-243
-246
-226
-212
-223
-236
-225
-183
-138
-123
-129
-108
-74
-66
-51
5
79
104
99
110
130
159
202
249
238
191
199
288
353
322
273
301
380
401
342
307
341
393
375
300
238
239
285
263
153
73
109
143
38
-111
-148
-86
-63
-138
-240
-291
-245
-171
-194
-302
-357
-292
-220
-231
-296
-330
-274
-199
-215
-293
-291
-221
-217
-268
-300
-324
-302
-208
-176
-316
-402
-275
-156
-222
-318
-264
-159
-136
-160
-157
-82
5
20
2
44
160
224
228
231
245
301
385
423
364
316
410
489
459
376
359
394
402
391
341
324
356
318
218
165
251
289
189
76
36
107
191
151
-54
-191
-12
163
55
-192
-231
-73
-29
-104
-202
-229
-187
-181
-195
-260
-263
-267
-279
-252
-267
-323
-384
-329
-224
-254
-334
-383
-286
-216
-255
-280
-204
-103
-209
-272
-79
90
-7
-189
-86
125
189
79
-2
109
261
235
75
90
263
317
199
131
201
243
220
203
222
211
202
231
126
85
219
351
149
-67
97
225
146
12
59
110
85
21
-129
-7
175
136
-110
-152
16
23
40
10
-29
-116
-61
48
-4
-98
-151
-22
30
-95
-227
-218
-66
-55
-126
-263
-330
-270
-162
-95
-228
-385
-366
-210
-127
-187
-189
-283
-346
-131
127
-27
-382
-203
245
276
-107
-286
75
435
397
-19
-204
139
530
464
9
-112
214
442
304
61
75
169
201
203
147
77
32
134
190
103
-3
-8
106
134
87
22
-47
-20
61
142
50
-107
-133
34
151
-60
-185
-18
74
-97
-154
-22
-65
-110
-13
-16
-185
-209
-25
54
-31
-170
-188
-89
7
37
-85
-179
-150
47
83
-136
-233
-27
209
2
-286
-161
165
161
-95
-102
-1
40
29
49
24
13
39
5
-11
27
124
70
-78
-108
64
150
-19
-98
-39
83
34
-94
-125
30
131
-30
-92
-11
42
-17
-4
73
67
100
-5
-51
45
267
160
-67
-5
126
148
39
21
33
67
60
-56
-48
43
51
-79
-161
-12
109
-4
-231
-212
101
175
-104
-236
-98
81
90
60
-185
-172
110
204
23
-130
-57
12
145
133
-30
-113
-66
194
134
-166
-144
148
152
-131
-175
-26
86
62
-147
-140
66
40
-147
-159
-4
81
-47
-188
-78
149
110
-136
-259
-91
171
180
-53
-187
-92
99
237
1
-238
-77
208
152
-80
-32
134
136
-13
-28
48
17
92
157
87
-13
-9
78
84
86
-49
-58
76
124
76
-33
-52
32
-9
-47
-33
16
-28
-60
107
65
-116
-145
-12
117
-69
-92
14
6
-1
-50
-23
-81
2
97
-135
-171
111
225
-153
-369
84
326
83
-354
-284
289
338
-77
-376
32
242
-40
-4
131
30
-239
24
345
101
-200
-228
57
235
270
-32
-391
-211
269
437
-111
-554
-292
479
704
-210
-908
-320
738
658
-432
-830
-22
721
363
-354
-471
-76
334
339
-191
-450
54
473
182
-347
-334
107
275
60
-173
-130
138
172
-98
-159
74
160
-174
-162
151
166
48
-105
-36
-39
-116
34
148
76
-105
-86
104
94
-11
-180
-116
145
226
6
-225
-109
302
337
-203
-480
-60
399
368
-125
-332
5
358
107
-376
-225
298
429
-48
-479
-111
555
392
-457
-597
94
486
140
-265
-226
50
189
-163
-454
-188
217
178
-240
-242
39
34
-106
-159
-94
-26
76
81
62
131
64
-102
-65
93
165
94
48
31
36
81
165
37
-183
-91
53
60
156
82
-126
-129
134
-25
-192
15
223
186
-72
-192
-58
234
330
18
-221
-122
174
249
122
21
-17
36
4
-73
51
234
155
-93
-150
-29
59
65
57
75
-48
-150
-108
41
52
-16
10
-69
-236
-241
38
166
-7
-223
-373
-188
85
73
-129
-248
-202
-146
-111
-150
-154
-70
-180
-305
-157
-8
-63
-173
-190
-181
-100
-6
-13
-54
36
111
-51
-137
114
343
276
125
93
133
278
380
264
199
257
251
184
309
473
354
44
-73
63
293
324
171
6
59
135
-21
-183
-64
168
128
-130
-192
-29
109
1
-170
-199
-146
-66
-38
-18
-13
27
-89
-358
-351
-13
151
-16
-265
-293
-139
39
-45
-266
-235
-64
-102
-258
-183
122
122
-232
-496
-271
189
222
-118
-264
-10
126
-95
-190
8
200
138
-99
-135
72
309
241
2
-79
22
180
254
194
135
118
129
34
-16
181
408
278
-90
-180
123
333
175
-96
-67
140
153
-18
-83
79
193
40
-224
-220
80
271
49
-256
-181
154
198
-96
-269
-49
201
110
-211
-273
8
194
47
-131
-138
-90
-4
50
-60
-180
-133
-14
-75
-216
-145
42
64
-134
-243
-122
-22
-71
-123
-52
60
-17
-163
-104
49
62
-43
-126
-76
75
192
114
-43
-65
43
71
19
43
99
134
129
86
41
23
103
160
60
-36
-1
149
223
100
-57
-56
62
175
131
-4
-12
130
131
-44
-61
117
178
37
-97
-99
28
138
27
-134
-75
31
-17
-101
-58
4
-53
-180
-252
-146
40
42
-95
-213
-243
-133
43
53
-111
-102
88
69
-142
-137
64
132
5
-124
-90
71
130
7
-110
-43
75
60
-28
-44
25
52
-71
-205
-135
52
125
62
-6
-17
0
22
17
21
115
211
164
27
-44
24
111
75
-14
19
147
210
162
63
-9
-18
-10
-54
-37
111
166
17
-118
-102
-39
-18
-31
-4
45
14
-67
-61
-14
-35
-71
-66
-68
-51
17
55
26
-35
-101
-101
-24
24
37
90
105
-20
-134
-100
3
47
4
-59
-31
77
101
-8
-109
-105
-37
13
6
18
75
70
-24
-84
-59
-29
-18
-5
-3
15
37
13
-9
25
4
-110
-127
20
145
102
-6
-49
-15
15
-4
-19
37
101
84
23
1
12
16
26
28
2
-7
59
114
35
-103
-126
-38
18
18
8
-4
-5
-12
-82
-165
-107
67
138
49
-43
-58
-54
-59
-25
45
83
55
2
-9
20
15
-38
-57
-5
60
59
18
25
60
4
-120
-162
-65
76
137
62
-42
-35
-6
-58
-94
-16
59
36
-31
-47
34
124
70
-80
-127
-40
68
105
43
-22
19
46
-51
-109
-2
109
73
-36
-87
-21
68
41
-45
-39
35
58
21
5
30
44
15
-19
-4
41
60
53
25
-20
-46
-37
-28
-24
-6
-15
-62
-94
-89
-72
-54
-59
-96
-117
-75
-20
-18
-50
-85
-87
-22
30
5
-21
22
59
24
-16
36
148
185
104
31
57
112
110
71
68
116
145
102
37
12
20
11
-36
-70
-23
51
33
-65
-139
-146
-129
-121
-101
-64
-53
-87
-96
-52
-44
-74
-45
14
5
-17
22
76
88
77
60
68
119
135
97
82
87
54
21
28
54
65
39
-20
-62
-61
-59
-50
-33
-53
-84
-76
-61
-85
-113
-111
-79
-51
-71
-86
-21
52
9
-90
-110
-28
64
86
49
30
43
30
-14
-17
44
122
147
94
24
6
36
42
-1
-27
12
79
96
50
9
3
-10
-53
-62
16
107
107
22
-37
-36
-29
-36
-20
13
33
29
15
-5
-22
-30
-40
-48
-35
8
56
43
-34
-90
-77
-49
-41
-25
-4
-3
-21
-30
-34
-42
-41
-19
3
1
-2
21
39
0
-67
-78
-13
45
37
8
13
31
14
-23
-26
18
65
54
-6
-46
-17
36
24
-44
-87
-59
-15
-17
-44
-42
-13
-2
-12
-4
40
85
112
115
108
107
126
170
184
139
98
112
129
76
-7
-27
6
0
-63
-112
-118
-121
-136
-155
-173
-182
-163
-122
-97
-103
-103
-72
-51
-55
-52
-6
64
96
73
45
64
114
138
115
87
91
109
90
50
34
37
28
-7
-40
-44
-37
-48
-86
-113
-103
-79
-68
-76
-88
-92
-91
-81
-55
-24
-7
-9
-8
4
20
38
51
62
64
65
72
87
104
111
103
81
62
68
96
111
96
75
81
91
72
40
39
53
42
10
-10
-6
-7
-28
-57
-64
-59
-74
-105
-121
-106
-93
-99
-112
-119
-115
-109
-101
-82
-65
-61
-66
-67
-46
-15
-4
-9
-16
-7
13
25
20
8
4
7
9
12
25
42
36
6
-5
14
37
34
17
18
32
37
35
29
21
8
6
18
28
29
28
27
19
5
8
24
28
21
24
35
31
17
14
16
4
-12
-9
11
18
12
9
20
17
-4
-18
-11
3
13
25
37
30
3
-22
-31
-24
-16
-6
13
24
4
-35
-58
-49
-24
-12
-13
-11
-10
-28
-49
-43
-18
-14
-30
-30
-6
8
5
3
1
-11
-25
-21
4
30
38
29
8
-16
-24
-10
17
37
45
43
27
9
5
16
27
28
26
32
34
19
1
-9
-2
3
2
2
5
5
-7
-17
-20
-13
-7
-4
3
14
17
7
-11
-23
-19
-5
8
12
6
-7
-18
-23
-22
-16
-2
13
16
10
2
0
-3
-8
-13
-11
-3
4
5
-8
-25
-32
-22
-6
1
-3
-1
3
-2
-12
-13
-3
5
7
9
15
8
-13
-28
-26
-10
9
24
31
21
-1
-17
-17
-4
5
14
23
26
24
17
7
-7
-22
-21
-5
17
28
30
21
3
-20
-29
-14
11
30
36
38
25
2
-10
-4
6
8
9
20
23
9
-12
-23
-24
-23
-21
-12
4
3
-17
-36
-39
-27
-14
-3
7
9
5
3
8
7
3
7
19
28
24
18
14
7
-5
-12
-6
5
11
6
-7
-16
-21
-18
-12
-8
-6
-8
-6
-6
-10
-16
-17
-10
-4
-1
1
2
5
2
-1
-1
6
17
22
23
17
13
12
10
10
8
9
11
1
-8
-19
-18
-18
-25
-27
-23
-15
-11
-15
-10
-5
0
3
5
16
24
32
34
29
27
21
20
16
6
5
-2
-3
-8
-17
-17
-25
-29
-33
-34
-24
-20
-14
-11
-13
-4
2
7
12
15
22
22
22
23
21
20
12
7
4
3
7
4
-1
-8
-12
-10
-11
-8
-9
-8
-7
-8
-4
-3
1
-1
-2
1
4
6
5
2
-2
-6
-5
-4
-2
-4
-3
-3
-3
-2
-4
-2
-3
-1
1
4
6
5
3
-2
0
3
6
7
5
4
-2
-1
1
3
6
5
8
7
7
6
4
5
2
7
5
7
5
2
0
-4
-2
-4
-1
-1
0
2
-4
-4
-7
-7
-4
-2
2
-1
-2
-5
-6
-5
-5
-1
-2
-3
-5
-5
