3
2
3
3
3
4
3
3
3
3
3
4
4
2
1
-2
-4
-4
-5
-4
-5
-5
-6
-6
-6
-6
-6
-6
-5
-4
-5
-3
-2
-1
-1
0
1
0
0
-1
-2
-1
-1
-1
0
0
0
2
2
2
2
2
2
3
3
4
3
2
3
4
3
3
2
1
1
1
0
1
1
2
2
0
-1
1
1
0
1
1
0
0
0
-1
-2
-2
0
0
-1
1
2
1
0
1
1
2
1
2
-1
-1
0
-1
-1
0
0
-1
1
1
1
1
2
2
-1
1
2
1
2
3
2
1
0
0
1
-1
-3
-3
-3
-3
-4
-3
-4
-4
-3
-5
-4
-4
-2
0
0
-1
0
1
1
1
2
4
3
2
3
3
1
0
-2
-2
-2
-3
-3
-3
-3
-2
-3
-2
-4
-1
-1
-1
0
0
2
2
1
2
2
2
2
0
-1
0
0
-1
0
0
0
-1
0
0
1
0
1
2
2
4
5
6
6
6
6
4
3
1
1
-1
0
-1
-2
-1
-1
-1
-2
-2
-2
-1
0
0
1
0
0
-1
-1
-3
-2
-3
-3
-3
-3
-3
-2
-3
-3
0
0
2
3
1
2
3
1
2
4
4
2
2
2
4
3
1
1
1
0
-1
-3
-2
-3
-3
-2
-3
-3
-2
-1
-1
0
-1
0
0
2
1
1
2
2
2
2
2
1
1
0
0
1
0
1
0
-1
-1
-1
-1
-1
-2
-2
-2
-2
-2
-3
-3
-3
-3
-4
-4
0
-1
0
0
0
0
1
1
0
1
1
2
1
1
0
-1
-1
-2
-2
-1
-2
-2
-1
1
-2
-2
2
-1
0
-1
-1
0
2
3
3
3
3
4
4
3
3
1
1
2
2
1
2
0
1
1
2
2
1
2
-1
0
0
1
-1
-2
-2
-3
-3
-4
-2
-1
-1
-1
-2
-1
-2
-3
-4
-2
-1
-1
-1
-1
0
0
2
-1
0
1
1
2
1
0
1
2
2
2
2
0
0
1
0
-1
0
1
1
1
0
0
-2
-2
-4
-6
-5
-7
-10
-10
-11
-9
-9
-9
-7
-5
-4
-1
1
4
4
6
7
9
11
12
10
10
9
11
12
10
13
13
14
16
17
16
20
20
23
25
25
26
25
26
25
23
21
15
10
3
-4
-12
-21
-29
-39
-48
-54
-60
-64
-69
-73
-72
-70
-68
-65
-61
-54
-45
-35
-27
-19
-10
-1
9
17
23
31
32
32
33
30
31
28
21
17
11
8
4
3
3
3
8
10
19
29
42
55
73
88
105
119
132
150
163
167
168
161
158
152
131
108
83
56
28
-4
-34
-63
-90
-120
-146
-168
-189
-206
-228
-246
-251
-254
-250
-236
-223
-195
-161
-125
-85
-51
-17
7
25
31
29
19
3
-12
-29
-42
-56
-61
-59
-57
-50
-43
-34
-26
-20
-13
-4
10
26
49
79
116
155
194
230
264
287
300
299
287
264
229
190
151
115
82
56
38
31
31
31
37
41
40
40
33
25
17
10
1
-4
-6
-5
-1
-1
1
0
-8
-23
-39
-66
-97
-131
-166
-198
-225
-250
-263
-272
-273
-267
-256
-237
-219
-201
-184
-170
-157
-147
-139
-133
-124
-112
-98
-80
-59
-35
-9
15
39
61
79
90
101
110
110
112
117
119
125
133
140
157
170
176
185
192
198
200
196
189
180
179
181
177
187
196
205
226
236
237
236
224
210
190
161
131
105
85
67
54
48
39
24
8
-13
-41
-85
-133
-180
-223
-262
-297
-310
-317
-329
-339
-351
-361
-392
-463
-530
-580
-626
-670
-717
-706
-637
-563
-474
-372
-241
-106
-11
48
107
164
177
146
116
110
115
98
78
99
151
189
203
220
265
299
291
269
270
297
311
307
328
395
478
534
583
644
703
735
716
680
640
578
491
386
294
227
156
80
18
-19
-44
-79
-122
-158
-182
-211
-255
-291
-308
-311
-313
-315
-292
-247
-203
-169
-141
-111
-88
-90
-117
-152
-190
-232
-286
-338
-375
-398
-411
-422
-422
-410
-399
-389
-376
-361
-344
-329
-315
-286
-248
-207
-162
-111
-49
17
75
126
169
202
224
233
226
214
203
185
169
157
159
173
184
195
213
234
252
261
258
256
251
243
232
221
220
225
230
237
244
253
258
256
244
224
198
169
131
92
55
26
5
-13
-29
-36
-41
-47
-60
-73
-84
-98
-114
-132
-147
-155
-160
-166
-169
-167
-159
-154
-155
-155
-153
-151
-156
-170
-180
-185
-197
-215
-234
-241
-240
-244
-251
-246
-224
-205
-193
-180
-159
-132
-113
-101
-80
-48
-19
5
27
55
82
97
92
81
71
48
15
-21
-46
-59
-64
-60
-44
-10
34
79
116
149
185
209
213
211
210
211
211
206
203
205
212
225
225
221
219
208
188
159
135
116
94
78
73
80
92
107
127
155
182
206
231
252
274
291
298
307
314
329
348
350
343
327
305
280
231
164
83
-5
-99
-195
-297
-404
-493
-576
-654
-692
-697
-696
-695
-701
-684
-657
-658
-780
-1083
-1399
-1523
-1585
-1763
-1891
-1633
-1125
-842
-714
-369
171
544
651
691
741
728
639
523
442
455
518
516
502
634
840
863
694
589
630
624
441
201
84
115
193
255
367
608
896
1066
1123
1221
1359
1342
1127
907
793
672
448
229
138
146
153
110
40
-22
-71
-157
-327
-525
-664
-758
-858
-930
-872
-697
-524
-403
-273
-92
78
146
106
32
-20
-82
-213
-379
-482
-512
-556
-625
-624
-560
-540
-588
-622
-633
-674
-741
-800
-827
-814
-741
-644
-541
-388
-182
5
142
256
361
437
418
224
-13
-43
38
-90
-282
-118
247
335
221
309
544
647
598
501
421
419
433
338
274
417
576
561
557
737
929
956
841
705
668
673
514
209
79
182
215
113
93
206
287
271
211
159
147
102
-62
-228
-228
-147
-178
-266
-234
-117
-64
-102
-151
-183
-224
-305
-434
-562
-629
-655
-705
-758
-720
-602
-512
-502
-487
-431
-438
-604
-837
-986
-1078
-1207
-1313
-1269
-1099
-922
-766
-582
-331
-53
152
234
285
379
446
422
383
429
537
632
701
772
859
921
902
822
744
675
566
418
296
250
262
280
306
384
500
581
617
665
732
758
713
642
587
554
518
462
425
432
439
392
306
216
122
6
-142
-310
-463
-570
-628
-637
-577
-471
-362
-251
-134
-41
5
20
7
-33
-70
-92
-114
-120
-78
-24
-6
-20
-52
-125
-227
-321
-413
-513
-598
-639
-651
-670
-676
-633
-578
-582
-614
-576
-477
-442
-482
-479
-391
-315
-311
-294
-196
-107
-204
-534
-918
-1181
-1426
-1787
-2062
-1942
-1546
-1245
-1031
-584
106
684
994
1205
1442
1606
1604
1514
1481
1550
1639
1656
1651
1729
1834
1787
1541
1257
1048
844
538
185
-56
-116
-84
-38
80
330
633
851
949
1027
1140
1181
1048
846
767
768
666
481
376
288
18
-356
-592
-764
-1152
-1641
-1866
-1861
-1962
-2152
-2132
-1866
-1546
-1252
-964
-703
-460
-231
-87
-40
4
57
23
-72
-87
-2
41
-49
-173
-176
-96
-143
-360
-517
-484
-416
-438
-432
-302
-114
52
212
389
577
731
783
757
775
843
828
733
711
778
797
727
632
547
466
367
216
36
-117
-248
-381
-484
-523
-492
-395
-303
-254
-167
-26
21
-76
-216
-474
-1010
-1604
-1921
-2100
-2396
-2516
-2086
-1426
-1035
-777
-276
342
701
777
825
938
1002
965
972
1159
1461
1671
1733
1777
1864
1844
1559
1108
726
480
251
12
-121
-95
40
243
465
651
799
935
983
881
770
790
823
705
569
635
796
730
372
5
-207
-478
-1003
-1525
-1761
-1876
-2090
-2225
-2064
-1794
-1575
-1322
-1031
-832
-699
-540
-429
-367
-227
-36
60
93
236
444
543
483
371
295
183
-39
-308
-432
-410
-409
-397
-244
19
205
317
453
577
654
648
592
534
509
478
399
388
461
529
527
495
523
532
440
219
7
-88
-157
-221
-257
-207
-117
-12
88
76
-11
-128
-212
-257
-318
-408
-495
-487
-726
-1498
-2367
-2701
-2706
-3134
-3662
-3332
-2189
-1340
-1182
-791
286
1287
1466
1270
1502
1967
2018
1703
1746
2307
2715
2580
2264
2243
2320
1985
1223
521
213
61
-207
-453
-416
-124
187
421
606
813
1063
1199
1076
884
984
1299
1391
1198
1136
1367
1464
1121
619
252
-323
-1362
-2240
-2409
-2433
-2986
-3458
-3111
-2441
-2228
-2281
-2023
-1529
-1105
-860
-735
-590
-310
41
270
471
797
1062
998
681
499
496
338
-156
-638
-658
-405
-362
-521
-426
-36
205
199
235
412
513
466
436
564
830
1036
1023
921
1001
1197
1180
959
832
841
733
479
291
205
89
-55
-137
-156
-172
-200
-274
-407
-508
-504
-479
-549
-671
-680
-507
-350
-385
-421
-374
-792
-2054
-3377
-3758
-3600
-3955
-4495
-3913
-2226
-947
-719
-483
535
1503
1484
1020
1195
1902
2212
2009
2159
3059
3887
3776
3067
2694
2672
2190
1086
192
22
122
13
-87
180
649
928
941
863
852
932
982
852
705
940
1539
1951
1875
1710
1788
1755
1185
353
-202
-606
-1358
-2317
-2802
-2754
-2782
-3064
-3227
-3135
-2984
-2801
-2580
-2414
-2157
-1602
-977
-641
-397
38
408
439
379
529
671
488
117
-90
-55
-69
-307
-569
-606
-510
-527
-585
-500
-331
-230
-152
28
277
516
712
845
1004
1244
1447
1462
1363
1334
1335
1288
1232
1205
1139
975
814
636
446
336
275
157
10
34
82
-62
-153
9
166
38
-23
185
261
58
-132
-98
-83
-170
-216
-229
-307
-925
-2340
-3883
-4373
-3979
-4281
-5235
-5026
-3126
-1580
-1688
-1823
-611
876
992
416
874
2179
2873
2572
2638
3739
4707
4411
3259
2627
2654
2344
1239
168
82
424
268
-232
-211
303
397
15
-219
9
370
554
675
838
1280
1965
2445
2377
2051
2041
2054
1529
689
237
184
-175
-941
-1639
-1982
-2216
-2657
-3259
-3739
-3830
-3678
-3528
-3306
-2824
-2169
-1597
-1141
-702
-234
165
287
197
283
671
905
717
511
587
607
277
-122
-315
-442
-658
-826
-769
-555
-387
-357
-310
-75
225
382
433
589
878
1151
1335
1458
1569
1636
1605
1478
1355
1316
1299
1240
1121
1015
921
755
511
301
211
133
28
10
43
27
28
106
42
-183
-168
95
146
-41
-2
249
268
134
205
283
-164
-1442
-3535
-5755
-6758
-6248
-5772
-6259
-6106
-3967
-1608
-1301
-2058
-1466
147
657
116
628
2620
4165
4225
4083
5019
6148
5801
4057
2633
2480
2552
1714
614
580
1309
1247
241
-339
-3
79
-699
-1258
-754
221
814
1114
1554
2151
2708
2973
2804
2407
2205
2166
1809
1205
927
982
627
-392
-1360
-1786
-2057
-2708
-3527
-3930
-3830
-3638
-3649
-3577
-3108
-2477
-2244
-2466
-2471
-2028
-1652
-1636
-1406
-601
79
202
146
282
300
9
-251
-389
-399
-322
-249
-345
-487
-372
-315
-565
-873
-868
-661
-528
-298
136
669
1083
1341
1580
1844
2046
2063
2078
2283
2552
2635
2541
2452
2320
2064
1750
1468
1219
1002
834
663
521
478
448
254
-48
-205
-185
-128
-97
23
249
484
679
797
775
565
335
281
370
372
198
-18
-251
-591
-1088
-1692
-2369
-3063
-3704
-4457
-5475
-6411
-6584
-5962
-5325
-5003
-4400
-3125
-1861
-1297
-1019
-281
823
1621
2039
2622
3546
4281
4367
4105
4044
4135
3801
2928
2111
1808
1694
1264
690
437
445
229
-263
-573
-473
-257
-189
-76
347
990
1533
1870
2138
2421
2667
2790
2771
2656
2506
2317
2008
1563
1070
575
12
-651
-1320
-1843
-2177
-2401
-2616
-2805
-2864
-2766
-2614
-2509
-2483
-2580
-2717
-2552
-1944
-1359
-1239
-1174
-587
131
227
-125
-203
-15
-45
-267
-315
-216
-245
-399
-551
-704
-848
-922
-993
-1139
-1207
-998
-624
-366
-272
-123
175
456
592
738
1044
1380
1566
1676
1867
2045
2019
1823
1662
1597
1546
1469
1378
1251
1074
906
803
746
658
509
382
364
436
502
542
564
533
467
487
612
653
477
236
160
220
198
-12
-309
-557
-734
-919
-1181
-1500
-1818
-2129
-2483
-2890
-3279
-3521
-3537
-3329
-2978
-2580
-2226
-1930
-1599
-1181
-788
-508
-255
79
404
588
703
880
1115
1295
1405
1524
1689
1814
1854
1890
1992
2093
2093
2022
1978
1967
1903
1755
1576
1418
1261
1088
910
755
647
594
567
543
521
480
405
307
220
140
48
-51
-144
-220
-269
-294
-324
-354
-356
-353
-373
-388
-381
-419
-514
-582
-618
-744
-987
-1218
-1343
-1418
-1516
-1621
-1703
-1761
-1785
-1746
-1628
-1478
-1389
-1384
-1391
-1337
-1245
-1169
-1090
-973
-829
-678
-509
-328
-168
-45
60
176
313
442
524
561
597
667
765
882
1011
1112
1163
1203
1297
1408
1458
1462
1507
1593
1628
1598
1571
1578
1574
1514
1430
1368
1320
1231
1105
1025
1023
1012
936
855
815
763
648
501
376
265
156
51
-47
-146
-259
-374
-478
-566
-659
-817
-1080
-1445
-1884
-2332
-2674
-2833
-2873
-2944
-3092
-3216
-3222
-3138
-3010
-2828
-2620
-2466
-2387
-2249
-1948
-1563
-1248
-1025
-788
-475
-143
140
410
719
1024
1261
1493
1799
2100
2263
2312
2365
2455
2508
2472
2409
2382
2364
2312
2280
2340
2422
2381
2226
2105
2072
2027
1896
1746
1660
1585
1422
1207
1084
1046
941
734
554
462
353
136
-133
-351
-525
-749
-1063
-1373
-1556
-1650
-1798
-2001
-2106
-2092
-2132
-2268
-2323
-2246
-2223
-2346
-2441
-2372
-2238
-2183
-2176
-2087
-1909
-1759
-1677
-1551
-1339
-1157
-1062
-937
-714
-502
-394
-313
-169
6
140
260
430
613
739
837
995
1192
1329
1398
1474
1575
1654
1677
1686
1712
1722
1676
1616
1598
1616
1613
1586
1572
1579
1569
1538
1513
1484
1439
1390
1337
1255
1152
1084
1037
913
704
493
304
51
-318
-800
-1369
-1919
-2227
-2224
-2181
-2404
-2795
-3006
-2969
-2892
-2836
-2680
-2476
-2459
-2592
-2502
-2040
-1568
-1439
-1468
-1255
-804
-442
-254
2
424
772
902
1055
1427
1768
1744
1504
1473
1686
1773
1610
1494
1599
1701
1630
1578
1736
1899
1787
1492
1340
1394
1390
1174
940
905
966
891
714
664
741
703
485
334
391
433
257
7
-64
-25
-119
-351
-517
-609
-832
-1167
-1328
-1217
-1129
-1278
-1480
-1504
-1449
-1502
-1585
-1531
-1444
-1516
-1638
-1565
-1341
-1249
-1331
-1331
-1150
-966
-889
-784
-581
-422
-411
-407
-277
-133
-128
-179
-135
-20
60
132
262
397
466
529
657
788
850
894
997
1105
1156
1194
1271
1333
1321
1301
1355
1441
1444
1371
1327
1324
1279
1183
1125
1118
1073
964
886
870
830
731
635
556
400
152
-105
-377
-788
-1327
-1732
-1821
-1753
-1820
-2060
-2283
-2382
-2425
-2438
-2342
-2138
-2008
-2046
-2079
-1871
-1466
-1153
-1070
-1033
-828
-518
-293
-135
117
459
723
882
1114
1456
1695
1667
1532
1533
1635
1636
1510
1430
1465
1494
1443
1420
1495
1538
1411
1201
1102
1120
1065
883
733
717
716
600
459
443
484
419
272
205
224
177
18
-112
-141
-179
-308
-464
-553
-622
-744
-883
-966
-1002
-1050
-1127
-1190
-1225
-1262
-1325
-1382
-1402
-1412
-1445
-1478
-1447
-1355
-1250
-1155
-1035
-885
-767
-706
-641
-520
-382
-283
-209
-123
-29
33
65
117
198
268
305
355
455
570
631
639
662
730
791
800
788
811
874
943
1001
1057
1117
1159
1181
1201
1238
1274
1275
1231
1172
1134
1114
1087
1026
937
848
771
685
543
333
77
-238
-678
-1214
-1656
-1824
-1794
-1825
-2030
-2253
-2327
-2301
-2281
-2224
-2065
-1915
-1924
-1973
-1800
-1407
-1087
-994
-947
-721
-389
-147
24
292
645
911
1069
1284
1594
1786
1729
1597
1619
1739
1733
1561
1418
1406
1412
1346
1291
1340
1390
1290
1102
1009
1040
1011
827
639
601
631
546
361
253
259
223
81
-25
-29
-86
-300
-483
-443
-334
-446
-731
-883
-827
-801
-929
-1034
-1001
-983
-1084
-1138
-1027
-940
-1074
-1292
-1322
-1199
-1168
-1261
-1269
-1141
-1035
-1000
-891
-683
-568
-613
-622
-468
-311
-293
-309
-225
-103
-46
14
142
250
259
267
383
535
607
620
668
741
784
817
883
948
964
975
1048
1152
1205
1197
1198
1226
1240
1220
1198
1181
1138
1079
1049
1037
977
855
730
651
599
538
440
256
-91
-611
-1157
-1496
-1533
-1445
-1513
-1809
-2130
-2268
-2234
-2157
-2068
-1958
-1902
-1958
-1990
-1776
-1374
-1108
-1126
-1161
-912
-498
-244
-179
-28
304
622
830
1089
1457
1674
1571
1417
1547
1828
1851
1559
1314
1313
1369
1320
1292
1387
1411
1196
935
911
1045
1015
753
515
475
512
459
363
337
354
290
149
66
66
18
-158
-336
-376
-352
-420
-576
-679
-698
-737
-840
-922
-934
-947
-1011
-1052
-1011
-944
-946
-1007
-1043
-1037
-1039
-1076
-1102
-1068
-995
-910
-795
-651
-534
-479
-442
-378
-314
-292
-273
-231
-187
-154
-92
9
99
146
186
265
359
423
473
534
596
638
678
748
826
859
849
857
930
1030
1100
1143
1192
1239
1246
1237
1244
1254
1207
1104
1012
963
918
844
746
644
521
290
-172
-846
-1435
-1577
-1328
-1177
-1449
-1899
-2129
-2138
-2158
-2155
-1974
-1799
-1939
-2206
-2049
-1411
-928
-1021
-1283
-1125
-624
-281
-196
-32
320
584
692
973
1555
1982
1838
1426
1370
1714
1918
1706
1394
1312
1319
1191
1071
1167
1286
1088
674
507
713
886
698
361
250
352
382
263
199
266
270
98
-40
68
247
177
-115
-307
-286
-298
-489
-665
-660
-623
-743
-893
-864
-757
-825
-1022
-1077
-952
-887
-965
-1002
-896
-810
-848
-872
-767
-663
-687
-735
-649
-481
-387
-355
-277
-168
-138
-177
-173
-114
-105
-171
-211
-160
-85
-57
-28
64
176
242
290
383
492
544
569
649
753
796
797
865
1003
1088
1083
1089
1150
1178
1117
1063
1102
1142
1071
935
857
844
799
690
582
462
156
-443
-1123
-1462
-1310
-1032
-1093
-1476
-1782
-1812
-1754
-1739
-1633
-1422
-1423
-1745
-1921
-1514
-852
-638
-925
-1065
-693
-209
-32
18
276
583
619
568
871
1438
1659
1354
1075
1288
1691
1732
1423
1200
1182
1085
850
778
963
1021
696
344
421
777
878
584
269
174
124
-48
-194
-156
-67
-132
-284
-278
-80
56
-67
-301
-385
-341
-399
-572
-624
-505
-451
-549
-558
-362
-239
-408
-668
-732
-677
-727
-845
-836
-718
-684
-727
-652
-438
-310
-377
-463
-413
-326
-333
-358
-284
-172
-131
-95
46
221
270
208
175
205
191
96
-21
-122
-228
-293
-183
124
447
621
677
716
735
680
615
670
828
958
1031
1131
1275
1378
1421
1480
1546
1472
1194
854
613
467
352
234
30
-490
-1480
-2685
-3537
-3649
-3221
-2847
-2923
-3239
-3274
-2824
-2170
-1633
-1263
-1051
-1080
-1171
-806
171
1140
1459
1381
1650
2365
2893
2856
2570
2381
2191
1888
1737
1915
2063
1738
1160
971
1270
1438
1014
303
-136
-242
-329
-455
-400
-178
-58
-68
108
559
870
704
314
175
310
338
93
-173
-209
-97
-45
-110
-235
-415
-713
-1082
-1363
-1501
-1668
-2015
-2360
-2345
-1946
-1546
-1421
-1398
-1207
-921
-787
-798
-778
-695
-635
-516
-185
247
496
531
640
922
1113
1009
762
635
607
541
460
460
497
466
444
527
605
498
259
116
109
85
-30
-94
0
186
367
532
716
879
967
993
996
977
909
830
806
824
815
774
792
865
866
707
477
298
132
-99
-353
-532
-631
-728
-832
-873
-855
-946
-1348
-2097
-2989
-3681
-3985
-3992
-3900
-3736
-3318
-2634
-1955
-1534
-1229
-648
176
700
600
327
578
1321
1918
2109
2308
2815
3265
3275
3094
3113
3154
2769
2027
1480
1325
1232
928
578
475
563
603
528
456
420
228
-157
-446
-384
-131
-59
-144
-23
354
674
781
888
1068
1004
574
121
-52
-145
-502
-1003
-1293
-1336
-1389
-1567
-1715
-1730
-1768
-1964
-2221
-2294
-2113
-1915
-1878
-1893
-1699
-1288
-926
-693
-445
-121
116
159
206
396
578
570
450
470
625
740
748
723
731
704
629
575
537
445
278
117
62
98
176
271
346
402
458
557
703
799
825
807
792
822
870
953
1022
1032
1017
988
978
950
889
797
636
458
290
154
14
-143
-266
-360
-454
-561
-618
-637
-702
-815
-895
-923
-1139
-1657
-2292
-2809
-3200
-3624
-3827
-3522
-2927
-2556
-2497
-2186
-1440
-672
-211
122
569
866
826
752
1039
1572
1861
1804
1789
2144
2682
3004
3034
2997
2976
2752
2237
1726
1456
1189
612
-2
-115
248
521
475
453
617
693
524
386
449
422
94
-295
-381
-163
81
224
308
381
425
394
281
96
-179
-570
-1048
-1482
-1758
-1885
-1974
-2093
-2176
-2106
-1862
-1573
-1356
-1233
-1148
-1101
-1097
-1045
-882
-729
-748
-826
-705
-385
-102
55
232
450
558
539
572
688
684
486
283
237
269
252
223
245
299
333
366
432
489
492
434
373
383
461
541
567
579
646
747
837
924
1034
1121
1111
1047
1025
1053
1043
952
823
711
608
478
358
278
214
107
-42
-143
-179
-228
-349
-481
-538
-589
-785
-1204
-1732
-2255
-2776
-3296
-3649
-3591
-3248
-2993
-2972
-2841
-2293
-1561
-982
-560
-86
342
488
509
805
1378
1752
1707
1601
1811
2205
2434
2477
2539
2652
2614
2384
2178
2103
1970
1543
965
583
482
404
167
-68
-125
-85
-101
-111
25
235
297
184
95
155
279
324
275
205
149
78
-18
-108
-170
-248
-411
-653
-881
-1019
-1116
-1274
-1484
-1610
-1577
-1494
-1476
-1474
-1381
-1237
-1154
-1097
-946
-756
-682
-709
-655
-475
-333
-290
-224
-53
107
165
215
345
468
461
382
358
393
377
288
213
200
200
163
122
140
191
207
194
232
347
464
529
570
638
716
765
805
864
912
908
883
913
987
1025
1006
987
992
979
923
860
820
753
615
439
302
221
136
4
-144
-267
-395
-605
-940
-1376
-1879
-2436
-3003
-3461
-3676
-3628
-3475
-3397
-3358
-3129
-2605
-1941
-1330
-783
-269
131
373
625
1052
1526
1770
1768
1784
1969
2220
2406
2554
2699
2769
2699
2556
2459
2368
2122
1657
1124
726
486
276
35
-168
-277
-335
-364
-293
-100
89
150
125
127
208
311
366
343
250
141
62
7
-46
-95
-150
-281
-513
-755
-899
-969
-1074
-1219
-1314
-1345
-1395
-1466
-1451
-1329
-1226
-1221
-1223
-1132
-1005
-941
-910
-826
-713
-649
-605
-492
-311
-155
-66
27
168
315
413
464
489
487
448
397
375
393
408
381
329
305
337
386
411
431
470
502
504
525
617
730
773
765
793
870
920
932
972
1057
1106
1089
1077
1124
1152
1094
997
924
840
687
510
393
298
128
-95
-257
-341
-456
-660
-912
-1211
-1646
-2231
-2815
-3265
-3601
-3865
-3972
-3856
-3634
-3433
-3179
-2691
-2009
-1360
-851
-390
80
474
751
1041
1435
1815
2025
2106
2245
2497
2727
2838
2904
2993
3022
2875
2623
2408
2208
1883
1430
1014
730
497
234
8
-109
-156
-204
-216
-136
-1
68
51
33
70
127
162
185
184
126
16
-82
-129
-160
-249
-401
-562
-710
-875
-1056
-1181
-1220
-1255
-1363
-1492
-1532
-1490
-1445
-1406
-1321
-1210
-1174
-1214
-1221
-1135
-1025
-966
-922
-830
-690
-534
-352
-131
93
247
333
404
483
535
535
508
478
440
399
385
409
431
416
389
408
475
556
616
643
646
641
653
696
774
863
927
947
950
999
1100
1179
1200
1203
1227
1226
1163
1091
1064
1039
928
763
638
551
414
211
32
-94
-229
-393
-528
-612
-739
-976
-1302
-1676
-2118
-2619
-3087
-3435
-3665
-3794
-3786
-3624
-3356
-3042
-2662
-2174
-1631
-1124
-694
-295
95
452
759
1057
1398
1746
2029
2236
2449
2715
2951
3060
3063
3030
2944
2733
2427
2147
1908
1614
1227
858
602
413
230
64
-48
-123
-200
-257
-272
-255
-246
-244
-221
-164
-84
3
97
184
227
215
174
123
22
-177
-408
-561
-658
-806
-987
-1063
-1022
-1029
-1132
-1181
-1104
-1056
-1146
-1240
-1214
-1181
-1265
-1370
-1332
-1199
-1118
-1092
-993
-786
-566
-403
-247
-50
133
219
231
268
356
408
363
314
357
446
494
509
567
640
642
576
547
583
593
527
452
443
481
505
514
560
629
667
662
662
720
812
869
871
865
900
951
970
971
987
996
953
855
753
669
572
437
276
120
-7
-119
-246
-384
-521
-659
-843
-1086
-1353
-1658
-2054
-2509
-2897
-3154
-3320
-3410
-3355
-3150
-2899
-2652
-2336
-1897
-1419
-1009
-668
-330
20
365
718
1100
1504
1891
2204
2420
2597
2790
2958
3006
2927
2814
2696
2496
2207
1943
1734
1488
1170
878
683
518
306
85
-96
-260
-428
-560
-618
-636
-643
-610
-521
-405
-292
-166
-18
84
96
54
9
-43
-158
-319
-439
-482
-511
-570
-607
-560
-489
-506
-602
-671
-687
-738
-877
-1012
-1074
-1123
-1215
-1276
-1202
-1046
-946
-916
-849
-701
-557
-479
-408
-297
-192
-157
-146
-68
71
171
193
210
288
384
419
410
423
452
432
362
343
406
470
469
462
517
602
653
665
686
722
743
732
720
736
773
800
813
839
884
923
939
942
949
943
916
876
836
789
714
609
490
371
246
113
-10
-103
-192
-309
-464
-659
-895
-1180
-1516
-1908
-2340
-2731
-3001
-3141
-3208
-3194
-3050
-2794
-2545
-2356
-2137
-1798
-1412
-1110
-871
-554
-108
355
748
1131
1574
1986
2226
2296
2355
2479
2567
2518
2405
2366
2395
2365
2230
2077
1955
1778
1467
1089
774
525
266
-8
-212
-312
-360
-412
-459
-474
-454
-428
-433
-457
-450
-385
-313
-286
-270
-204
-108
-67
-99
-117
-80
-56
-105
-166
-158
-128
-166
-260
-328
-364
-440
-551
-629
-677
-774
-909
-1002
-1030
-1072
-1164
-1239
-1232
-1174
-1119
-1060
-949
-793
-655
-559
-468
-340
-198
-89
-24
30
100
173
230
272
323
381
432
471
514
571
627
665
686
702
712
706
687
671
669
673
675
674
680
678
670
651
635
637
647
654
659
673
689
701
705
708
702
671
620
571
522
461
387
321
263
198
110
14
-84
-209
-380
-597
-832
-1085
-1379
-1727
-2083
-2366
-2538
-2623
-2682
-2715
-2680
-2566
-2443
-2354
-2229
-1979
-1640
-1345
-1110
-789
-298
231
633
940
1297
1693
1972
2067
2132
2299
2490
2557
2499
2478
2547
2604
2522
2329
2136
1952
1707
1364
1003
721
512
309
75
-142
-279
-353
-447
-589
-722
-782
-782
-781
-786
-748
-664
-580
-530
-484
-424
-367
-338
-332
-316
-290
-270
-246
-202
-157
-152
-191
-234
-270
-311
-372
-437
-489
-542
-608
-683
-744
-786
-821
-857
-885
-899
-886
-846
-792
-730
-659
-581
-506
-440
-378
-312
-243
-185
-129
-53
37
130
220
316
413
506
583
649
711
763
806
834
843
834
819
805
781
737
682
628
578
517
453
407
392
393
383
365
366
399
439
458
461
464
471
457
429
409
408
410
398
376
353
325
288
244
190
105
-16
-166
-341
-544
-762
-971
-1182
-1420
-1684
-1910
-2038
-2082
-2118
-2183
-2233
-2217
-2144
-2062
-1973
-1817
-1569
-1281
-1022
-787
-512
-174
171
450
665
878
1119
1368
1588
1775
1947
2097
2199
2254
2281
2300
2299
2257
2169
2054
1928
1803
1674
1530
1368
1174
958
753
582
444
304
147
-9
-151
-296
-468
-649
-780
-858
-948
-1081
-1206
-1250
-1215
-1179
-1185
-1203
-1195
-1162
-1124
-1071
-981
-875
-785
-725
-673
-602
-525
-459
-416
-398
-391
-374
-328
-262
-202
-171
-167
-175
-175
-161
-141
-125
-122
-137
-151
-148
-126
-99
-83
-78
-67
-40
10
70
136
196
231
246
261
288
327
356
371
381
397
416
444
483
522
548
557
564
582
609
629
636
634
625
608
590
584
595
599
580
549
522
499
465
419
379
346
297
219
136
69
7
-73
-164
-237
-287
-337
-399
-466
-532
-599
-681
-768
-848
-930
-1025
-1117
-1172
-1183
-1182
-1201
-1244
-1280
-1293
-1292
-1275
-1224
-1124
-992
-863
-741
-602
-431
-253
-99
28
162
310
453
586
718
855
977
1078
1164
1250
1338
1415
1480
1532
1570
1582
1565
1531
1491
1446
1377
1284
1186
1091
997
898
791
686
576
449
310
179
71
-26
-135
-256
-381
-497
-603
-699
-785
-864
-948
-1032
-1102
-1152
-1187
-1211
-1225
-1231
-1226
-1209
-1178
-1132
-1069
-999
-933
-870
-803
-715
-615
-522
-454
-400
-335
-240
-141
-61
0
58
116
163
192
212
238
269
287
286
283
297
322
342
350
347
342
343
357
377
391
385
367
353
350
356
359
362
372
385
386
387
394
407
409
393
372
356
347
337
331
328
326
311
290
278
281
285
271
245
216
193
170
145
121
102
75
35
-6
-39
-59
-88
-133
-191
-251
-306
-360
-415
-463
-509
-557
-611
-655
-682
-687
-687
-700
-721
-735
-737
-726
-708
-687
-660
-621
-575
-525
-468
-406
-339
-272
-205
-141
-75
-3
75
149
218
281
340
399
462
528
600
669
731
785
827
858
876
882
877
862
834
800
766
736
705
660
599
523
453
396
340
281
213
142
79
23
-28
-80
-131
-181
-228
-276
-321
-357
-386
-412
-443
-476
-503
-520
-529
-536
-543
-547
-547
-548
-545
-536
-523
-509
-496
-480
-455
-415
-375
-341
-314
-287
-254
-221
-183
-144
-104
-69
-37
-13
13
38
62
76
79
81
90
105
115
110
98
90
90
94
93
90
87
88
94
101
109
122
143
161
167
169
183
213
254
277
278
279
299
337
368
377
375
384
405
425
429
420
413
419
421
409
383
359
341
321
292
245
201
159
119
75
18
-44
-103
-159
-213
-270
-332
-394
-448
-495
-540
-586
-631
-663
-684
-699
-720
-743
-751
-740
-708
-678
-657
-626
-575
-508
-441
-383
-325
-250
-165
-90
-24
34
98
168
228
280
320
360
402
439
467
487
505
525
545
558
566
566
569
577
582
582
572
554
546
540
525
495
454
423
398
365
318
263
210
165
116
57
2
-51
-97
-142
-191
-236
-273
-305
-333
-363
-382
-398
-412
-423
-433
-436
-434
-432
-427
-421
-416
-408
-400
-389
-377
-365
-356
-343
-328
-306
-286
-268
-248
-227
-206
-186
-164
-141
-116
-93
-73
-51
-31
-12
4
20
31
43
53
62
72
82
95
108
123
134
145
157
170
187
205
221
240
262
283
301
321
340
358
378
396
410
419
429
433
438
436
431
421
408
389
366
343
315
283
250
213
175
134
91
47
3
-45
-90
-133
-178
-221
-267
-310
-354
-393
-430
-467
-502
-533
-561
-585
-604
-622
-635
-641
-639
-632
-621
-605
-580
-550
-513
-472
-427
-376
-320
-264
-206
-146
-86
-27
32
92
149
202
256
305
350
392
432
471
503
532
555
578
597
612
621
629
635
635
631
624
614
601
581
561
541
514
482
445
407
366
320
271
222
171
114
57
-3
-63
-123
-185
-246
-306
-365
-424
-479
-530
-575
-616
-652
-679
-700
-714
-724
-722
-716
-702
-680
-651
-619
-583
-545
-503
-459
-414
-367
-318
-270
-223
-180
-137
-96
-55
-15
25
62
98
130
160
188
215
240
263
286
306
323
338
351
360
371
380
388
394
400
406
409
409
410
410
409
408
405
401
396
388
377
366
351
336
317
297
273
246
217
184
152
117
81
43
6
-32
-72
-112
-148
-186
-222
-258
-291
-321
-350
-376
-400
-420
-438
-453
-465
-473
-478
-481
-480
-476
-468
-459
-445
-426
-408
-386
-362
-338
-307
-279
-250
-219
-189
-161
-132
-104
-74
-44
-17
13
43
73
105
138
172
206
241
278
314
351
388
424
458
490
520
547
567
589
600
609
611
609
601
587
566
541
509
473
432
390
343
291
238
185
129
73
16
-41
-96
-151
-204
-254
-301
-345
-387
-423
-456
-484
-504
-524
-537
-545
-550
-549
-546
-539
-529
-517
-501
-482
-463
-441
-419
-394
-369
-344
-319
-293
-266
-237
-208
-179
-149
-118
-86
-55
-23
9
42
75
109
140
170
200
230
256
281
306
326
346
362
378
392
402
411
419
421
422
420
415
406
397
383
368
348
328
302
273
245
214
181
146
109
75
42
10
-20
-49
-75
-101
-121
-141
-157
-169
-179
-187
-194
-199
-201
-204
-207
-211
-214
-213
-213
-216
-218
-221
-222
-220
-223
-223
-225
-221
-215
-207
-199
-190
-179
-161
-144
-126
-107
-87
-63
-39
-15
11
37
62
88
113
137
160
183
200
212
227
238
248
249
247
246
241
235
228
211
198
184
168
153
131
114
97
79
62
46
33
18
6
-5
-14
-25
-34
-40
-50
-61
-68
-73
-84
-91
-98
-105
-111
-120
-124
-130
-134
-138
-140
-143
-146
-150
-146
-145
-145
-141
-139
-135
-127
-123
-117
-111
-103
-91
-82
-71
-60
-49
-35
-23
-9
5
18
32
45
58
72
84
95
102
113
120
127
130
131
132
131
126
125
120
112
103
94
88
80
70
61
54
47
38
26
20
13
7
0
-8
-11
-16
-22
-29
-33
-34
-40
-45
-49
-49
-51
-51
-53
-52
-51
-51
-50
-47
-47
-49
-48
-44
-41
-41
-39
-38
-34
-34
-32
-32
-27
-23
-21
-18
-13
-9
-8
-4
1
8
11
14
20
24
29
31
35
39
42
41
43
46
47
46
47
47
46
45
44
41
40
37
35
32
27
25
21
17
13
10
6
3
1
-3
-7
-9
-12
-14
-16
-16
-18
-20
-21
-23
-24
-26
-24
-27
-27
-30
-30
-32
-35
-36
-37
-37
-36
-38
-37
-37
-37
-33
-32
-31
-27
-26
-22
-19
-14
-10
-7
-2
3
5
8
12
14
16
18
22
23
26
27
28
29
28
30
29
28
28
28
26
26
21
17
16
13
10
7
4
3
1
-3
-4
-5
-6
-9
-9
-11
-13
-12
-13
-14
-12
-11
-12
-11
-13
-12
-11
-12
-12
-14
-14
-12
-11
-10
-9
-8
-7
-4
-3
-3
1
2
5
5
5
8
9
10
10
9
9
7
8
8
6
5
6
5
7
6
4
5
6
7
5
5
5
6
6
5
5
5
5
4
2
1
-1
-2
-3
-3
-4
-3
-4
-6
-6
-5
-4
-5
-7
-8
-7
-6
-6
-7
-7
-7
-5
-4
-3
-4
-4
-2
-2
-1
-2
-2
-2
-1
0
-2
-3
-4
-4
-3
-2
-5
-7
-10
-11
-7
-6
-7
-9
-11
-7
-2
-1
-2
-7
-5
1
7
6
5
4
6
11
14
14
10
6
6
11
10
6
1
-3
1
3
5
-1
-5
-4
3
6
2
-5
-6
1
5
2
-3
-6
-5
-1
1
-4
-9
-9
-2
0
-4
-6
-2
3
3
2
2
3
4
4
7
4
-2
-4
1
6
3
-4
-10
-3
8
8
-5
-15
-4
13
7
-10
-14
3
11
5
-4
-8
-6
2
10
3
-12
-14
3
14
5
-10
-4
6
5
-2
0
1
0
0
1
-2
-4
2
5
-1
-9
-5
6
10
-1
-12
-17
-4
13
9
-20
-29
3
29
8
-29
-20
21
34
0
-27
-8
31
30
-8
-25
1
33
19
-24
-32
19
51
5
-56
-29
46
60
-14
-68
-24
58
55
-25
-65
-11
58
46
-21
-63
-24
50
65
-15
-88
-49
61
84
-10
-87
-42
51
55
-17
-53
4
50
9
-55
-30
44
50
-15
-46
-23
-4
7
22
19
-18
-51
-32
24
37
1
-21
1
-9
-31
-7
55
51
-21
-70
-28
48
58
7
-38
-11
25
23
-10
-11
19
40
16
-32
-37
14
47
31
-21
-43
-21
40
40
-15
-60
-10
41
17
-31
-25
22
-2
-15
-7
39
-12
-42
1
53
4
-64
-14
62
28
-59
-60
45
62
-14
-78
-25
82
53
-47
-96
37
85
24
-75
-39
48
48
9
-77
-29
44
117
-15
-147
-68
99
171
-47
-145
-94
118
117
-25
-97
-25
81
26
-25
-23
35
31
22
-32
-37
1
76
46
-31
-38
-35
10
50
99
-14
-148
-49
100
129
-50
-95
-34
55
66
-33
-58
11
69
-22
-97
-17
114
36
-91
-124
66
115
-32
-113
-52
112
22
-48
-71
-16
79
12
-21
-101
10
57
22
12
-67
-79
-13
172
92
-153
-203
81
228
91
-183
-200
82
226
118
-239
-160
104
225
41
-194
-91
37
178
74
-100
-145
-16
181
90
-71
-138
4
127
49
-55
-83
47
61
0
-60
4
61
-8
-40
-14
105
10
-91
-102
96
163
-44
-145
-96
121
88
14
-78
-117
-7
59
100
-23
-110
-138
22
176
72
-197
-171
94
160
1
-149
-51
30
80
38
-60
-94
25
110
38
-50
-46
-26
-1
154
112
-148
-201
113
238
-16
-172
-37
153
58
-48
-150
48
182
3
-129
-100
139
31
-89
-23
70
34
-98
-62
-7
100
75
-29
-162
-54
208
86
-72
-167
69
171
30
-76
-156
60
200
122
-173
-213
56
264
59
-162
-116
29
118
-5
10
-88
-23
37
36
-6
-93
40
-11
4
-45
33
31
-126
-46
17
135
-1
-124
-145
-1
213
42
-150
-120
31
116
25
-78
-99
122
144
-166
-126
91
214
-36
-145
-22
55
153
-83
-70
47
114
21
-224
25
173
162
-154
-235
96
170
113
-174
-106
65
50
-2
-40
82
-29
-73
4
-7
69
19
-46
-65
39
131
-71
-142
-4
217
107
-267
-151
152
254
-51
-270
-32
115
171
-84
-192
4
169
184
-248
-260
131
257
31
-247
-9
87
9
20
-59
-7
-84
131
70
-131
-63
31
160
-70
-59
-81
46
142
8
-57
-51
73
28
-63
-42
48
96
39
-131
-20
38
81
-51
-124
30
70
114
-143
-53
99
40
-63
-79
114
12
-18
11
-20
21
18
29
-105
-92
58
131
46
-69
-142
-68
139
96
-1
-147
-39
50
156
98
-231
-124
75
165
69
-124
-132
-28
207
113
-280
-164
124
301
-10
-303
-72
168
240
-84
-240
-31
235
145
-257
-188
216
216
-96
-222
-111
109
250
35
-309
-138
264
183
-233
-252
177
333
-24
-343
-145
281
311
-45
-317
-185
221
215
-65
-171
-28
194
14
-216
-114
177
256
-24
-297
-305
103
390
111
-253
-152
43
86
-19
-141
-11
100
95
-98
-45
93
69
43
-65
-55
-1
242
307
-179
-369
-25
385
181
-333
-209
142
245
-82
-398
-240
95
328
82
-486
-340
363
599
152
-496
-298
226
354
227
-125
-142
-37
167
143
-342
-266
154
255
-146
-381
-62
194
213
-51
-178
-52
125
318
252
23
-156
-8
344
149
-288
-180
290
432
-69
-497
-352
89
348
-7
-374
-289
109
324
43
-260
-227
52
102
-60
-97
88
140
4
-128
-169
10
53
48
-29
-19
-2
-156
38
167
18
-210
-175
201
153
-54
-55
-14
-25
-159
-34
120
151
141
-71
-227
-128
193
261
16
-174
-65
185
192
30
-156
-38
146
88
-74
-184
48
283
198
-134
-380
-160
165
196
9
-22
15
-64
-109
8
71
-53
61
121
27
-66
-89
42
74
80
-127
-226
46
173
100
-65
-152
-151
-84
132
154
-26
-124
-113
21
119
9
-105
-54
94
108
-40
-126
-43
110
102
-31
-119
-36
61
106
30
-88
6
65
95
25
-71
-88
-80
34
144
156
-49
-168
5
136
4
-170
-56
107
64
-42
-43
60
24
-104
-98
-12
60
84
26
-66
-7
117
80
-102
-112
67
107
21
-55
29
80
25
-28
-76
-20
15
-7
-7
115
81
-38
-75
-102
-39
53
126
-42
-133
-8
52
-1
-91
-83
-54
21
54
-39
-76
40
38
-83
-52
37
68
14
-28
-67
-37
148
176
27
-111
-113
-17
33
124
154
-12
-150
-90
105
148
17
-42
-82
-62
-13
41
152
99
-54
-205
-190
48
184
114
-95
-150
-16
21
21
-24
-27
8
-15
-18
-5
59
47
-53
-120
-85
48
156
153
-7
-174
-174
-6
150
119
15
-50
-46
62
82
-9
-51
-2
10
-87
-9
140
148
25
-128
-148
-45
119
144
13
-69
-58
-5
30
22
31
20
-1
3
24
22
-43
-19
52
12
-40
12
105
89
-25
-80
-52
11
45
20
10
-3
6
17
-38
-87
-38
52
39
-35
-45
-9
10
6
-32
-56
-6
42
29
-11
-33
-30
-19
1
16
23
15
6
14
-8
-40
-33
25
29
-21
-29
1
31
11
-14
-47
-55
-25
20
56
-3
-66
-54
24
38
-33
-39
-11
27
30
-19
-43
5
64
5
-73
-29
59
68
8
-35
-32
-1
23
28
-2
-27
-5
18
15
1
14
19
-2
-10
-7
21
43
16
-23
-26
7
29
43
33
-16
-39
-25
5
31
39
24
-10
-24
-21
7
34
21
-4
-15
-6
-3
19
25
-5
-14
-1
3
-3
11
26
22
-8
-44
-23
25
33
15
10
-12
-45
-20
25
35
11
-20
-36
-19
11
6
-13
-20
-13
5
9
-16
-16
20
7
-36
-16
43
53
-1
-44
-36
3
30
30
24
4
-25
-24
9
30
28
29
6
-23
-4
37
36
7
-16
-43
-43
-1
31
25
-2
-25
-37
-21
10
36
43
15
-20
-25
3
23
-3
-56
-63
-20
-4
-22
-15
11
20
-1
-29
-27
9
60
78
34
-36
-62
-53
-42
-13
10
-10
-32
-13
-1
-9
8
43
60
61
52
40
34
6
-39
-65
-43
5
27
-2
-43
-59
-40
-2
21
24
35
43
31
13
0
-10
0
19
8
-21
-20
-3
-1
-11
-23
-21
9
35
26
-8
-9
31
42
1
-35
-19
14
24
8
-13
-19
-15
-17
-25
-24
-9
4
1
-7
-6
-9
-19
-26
-25
-12
10
22
16
5
5
5
-11
-33
-30
-3
22
24
14
13
19
16
1
-8
2
16
15
11
17
24
16
0
4
21
10
-49
-96
-57
49
115
76
-21
-86
-88
-46
9
45
42
12
-12
-18
-17
-13
10
34
27
-6
-9
20
36
10
-26
-32
-13
14
30
23
-1
-25
-34
-26
0
32
45
24
-10
-30
-22
-1
17
23
14
-9
-24
-15
3
3
-18
-32
-17
9
17
5
-17
-29
-31
-22
-4
16
23
9
-6
-15
-15
-10
-5
-2
0
7
11
8
2
-3
-5
-5
-2
8
12
11
10
10
6
-5
-11
-2
8
9
8
7
6
2
-6
-6
3
13
17
13
6
-4
-9
-4
5
14
14
12
10
3
-10
-16
-12
3
11
9
-1
-8
-6
-8
-13
-13
-10
-2
4
2
-4
-9
-8
-10
-9
-6
1
7
5
-2
-6
-3
2
1
-2
-5
-4
2
4
1
-5
-5
-1
2
4
7
8
6
4
-1
-2
3
9
10
3
2
2
3
2
0
1
2
3
