1
1
0
0
-2
-2
-1
-3
-3
-2
0
0
1
1
1
1
1
1
0
1
-1
0
-1
-1
-2
-3
-2
-2
-2
-2
-2
-1
-2
0
-1
-1
-1
-2
-3
-3
-1
-3
-1
-1
-2
-2
-3
-3
-3
-4
-2
-1
-1
1
1
1
1
3
5
4
4
5
6
5
4
1
1
2
2
1
0
1
0
0
1
2
2
1
0
0
2
1
1
1
1
2
2
2
2
1
1
1
-1
-1
0
-1
-2
-2
-3
-2
-1
-2
-4
-2
-2
-3
-4
-1
0
0
0
-2
-1
-1
1
-1
0
-1
0
2
1
0
0
0
0
-1
-1
0
0
-1
-1
-1
-1
-1
0
-1
-1
0
-2
0
-1
-1
-1
-1
-1
0
0
0
-1
0
0
0
-1
0
-1
0
2
1
2
2
2
2
3
3
2
3
4
3
4
1
2
2
1
3
3
2
1
0
0
-1
-1
-1
2
1
-1
1
3
3
2
1
0
-1
-1
-1
-1
-2
-3
-3
-4
-4
-4
-5
-6
-4
-4
-4
-4
-5
-3
-2
-1
0
1
1
2
2
0
0
-1
0
0
-1
-1
1
1
1
0
1
0
0
-2
-3
-2
-1
-2
0
0
0
1
4
5
4
4
5
6
7
7
7
7
5
6
5
5
4
3
3
3
2
2
2
-1
-1
-3
-4
-4
-5
-5
-4
-5
-4
-4
-4
-3
-2
-3
-2
-2
-3
-3
-4
-5
-5
-4
-6
-8
-7
-6
-4
-5
-6
-6
-4
-4
-2
-2
-1
-2
0
0
1
3
2
4
3
3
4
5
4
4
6
5
5
4
4
3
3
4
2
1
4
4
4
3
5
6
5
4
5
6
4
4
5
4
5
6
4
3
3
5
4
4
4
3
2
0
0
1
0
-1
-1
-1
-2
-4
-5
-5
-3
-6
-7
-7
-6
-6
-6
-7
-7
-6
-9
-8
-7
-7
-7
-8
-8
-8
-9
-8
-7
-8
-6
-5
-4
-5
-7
-5
-7
-5
-6
-7
-7
-6
-5
-5
-4
-2
-2
-1
-2
-1
1
3
3
6
9
10
16
19
21
25
27
33
42
43
48
47
49
62
67
69
71
68
82
90
89
90
87
96
106
101
101
99
98
107
101
94
88
80
80
74
66
59
46
37
29
20
8
-6
-19
-34
-44
-57
-71
-83
-97
-110
-121
-136
-145
-159
-180
-195
-208
-215
-224
-251
-267
-276
-283
-289
-319
-345
-351
-359
-362
-388
-418
-418
-419
-421
-429
-451
-445
-432
-427
-416
-394
-365
-343
-323
-290
-247
-205
-170
-129
-80
-25
27
75
125
179
231
277
322
367
407
440
476
514
544
565
587
607
626
641
651
661
669
678
683
680
676
678
673
656
635
626
615
591
561
535
515
489
451
410
374
337
288
234
183
132
79
24
-27
-73
-116
-164
-216
-258
-289
-335
-400
-449
-460
-475
-531
-583
-576
-549
-562
-590
-597
-590
-585
-572
-577
-630
-671
-638
-589
-621
-686
-673
-606
-587
-621
-637
-620
-612
-621
-615
-594
-589
-594
-571
-519
-485
-490
-502
-479
-423
-385
-376
-361
-312
-237
-176
-144
-121
-69
19
102
174
262
392
536
651
750
858
967
1042
1086
1127
1182
1226
1241
1243
1253
1257
1237
1193
1146
1096
1039
977
917
864
819
780
741
694
645
605
557
494
429
387
357
322
282
248
218
167
89
-4
-98
-196
-295
-384
-455
-508
-549
-588
-623
-653
-681
-714
-745
-758
-777
-813
-840
-840
-835
-862
-890
-881
-851
-830
-831
-835
-833
-814
-791
-798
-825
-811
-749
-704
-692
-660
-598
-553
-515
-453
-399
-394
-385
-328
-277
-277
-292
-277
-238
-196
-156
-122
-92
-36
37
71
66
94
156
175
138
141
216
253
188
103
127
227
276
271
340
547
780
921
1016
1161
1331
1414
1403
1398
1445
1479
1442
1378
1356
1352
1299
1171
1027
918
829
714
573
477
446
428
376
318
293
281
235
157
92
52
20
-25
-83
-140
-194
-250
-325
-419
-513
-594
-662
-722
-769
-791
-808
-838
-878
-918
-952
-980
-1008
-1037
-1057
-1043
-1005
-963
-913
-851
-791
-735
-674
-607
-561
-541
-509
-471
-456
-456
-417
-342
-295
-281
-240
-157
-104
-126
-173
-172
-131
-100
-60
46
199
309
355
396
466
494
414
266
162
161
215
235
218
235
324
408
402
327
261
240
229
190
129
98
128
173
170
127
99
68
-92
-411
-729
-873
-851
-785
-665
-402
4
399
668
841
995
1134
1197
1189
1205
1304
1432
1509
1540
1588
1627
1552
1320
1010
716
450
206
12
-88
-101
-63
-34
-92
-291
-539
-699
-796
-968
-1179
-1186
-904
-549
-339
-196
9
201
228
109
-18
-121
-233
-355
-440
-470
-483
-527
-627
-735
-791
-818
-904
-1040
-1086
-979
-815
-689
-554
-347
-139
-32
2
52
120
141
118
130
213
297
317
292
272
258
201
81
-45
-107
-115
-111
-79
11
101
122
95
74
33
-34
-13
141
314
392
442
525
542
435
344
406
507
498
459
493
505
345
140
46
-20
-167
-322
-370
-446
-645
-857
-1018
-1241
-1698
-2296
-2778
-2920
-2677
-2354
-2066
-1609
-769
85
444
524
816
1330
1570
1506
1656
2143
2586
2655
2589
2673
2733
2532
1958
1392
1002
759
488
209
180
352
514
452
305
303
334
237
73
39
232
414
632
813
1014
1138
1159
1081
785
450
49
-427
-1023
-1460
-1576
-1685
-2040
-2402
-2473
-2371
-2508
-2740
-2697
-2390
-2039
-1796
-1401
-906
-452
-155
13
175
293
373
369
310
322
404
477
427
286
187
100
-20
-210
-330
-305
-242
-210
-184
-67
79
141
147
201
334
474
571
680
829
963
1032
1063
1120
1136
1035
880
746
674
615
576
524
399
276
192
118
-4
-86
-91
-126
-149
-28
153
140
-4
40
253
353
295
320
465
540
513
448
361
241
159
92
-74
-256
-297
-279
-419
-655
-793
-961
-1429
-2108
-2672
-3099
-3556
-3880
-3684
-3033
-2402
-1976
-1475
-734
-50
288
416
690
1203
1723
2055
2284
2646
3099
3292
3044
2617
2318
2021
1474
813
403
328
311
189
70
49
36
-87
-269
-392
-399
-309
-158
63
393
807
1179
1414
1550
1616
1571
1381
1079
643
89
-362
-493
-464
-655
-1078
-1372
-1395
-1406
-1620
-1894
-1999
-1890
-1644
-1371
-1123
-915
-689
-431
-229
-128
-74
1
93
167
234
272
288
301
282
176
-17
-182
-267
-328
-421
-522
-578
-577
-530
-467
-406
-363
-318
-229
-86
82
220
304
357
428
528
629
694
716
709
704
706
715
715
685
621
564
543
535
495
394
255
100
-40
-127
-160
-178
-251
-376
-478
-490
-415
-330
-313
-399
-530
-587
-496
-323
-194
-149
-140
-135
-136
-115
-46
21
17
-32
-60
-54
-53
-49
-19
-4
-66
-175
-216
-150
-70
-64
-90
-72
-18
25
71
160
244
244
196
225
360
502
572
600
638
689
721
737
740
713
627
511
417
380
375
349
286
206
142
106
88
68
39
-2
-41
-80
-103
-91
-69
-82
-147
-239
-367
-514
-612
-586
-491
-470
-535
-567
-508
-442
-438
-432
-375
-353
-427
-495
-440
-329
-314
-383
-389
-297
-233
-254
-266
-222
-190
-194
-148
-20
70
38
-32
-22
41
56
29
14
13
-12
-20
49
154
188
140
122
177
224
213
200
232
256
230
205
243
310
320
281
278
317
333
304
299
361
416
407
390
433
476
453
417
436
467
444
409
421
446
430
397
387
405
409
382
329
248
126
-42
-241
-456
-693
-972
-1282
-1571
-1756
-1797
-1769
-1801
-1917
-2001
-1966
-1851
-1726
-1577
-1406
-1277
-1201
-1063
-773
-419
-158
-2
175
439
716
932
1115
1323
1532
1678
1771
1874
1978
1988
1863
1685
1569
1530
1485
1381
1245
1145
1103
1091
1074
1055
1023
940
810
701
661
647
580
444
307
226
172
63
-131
-339
-463
-497
-535
-632
-741
-813
-874
-950
-985
-949
-937
-1046
-1199
-1242
-1176
-1152
-1229
-1300
-1283
-1240
-1240
-1226
-1144
-1056
-1041
-1039
-939
-771
-669
-666
-655
-568
-459
-391
-339
-269
-218
-205
-168
-49
92
167
182
222
307
388
439
499
565
601
611
650
743
830
869
890
948
1038
1122
1183
1230
1269
1292
1295
1303
1317
1316
1266
1181
1106
1053
988
893
786
689
597
507
431
358
248
101
-61
-240
-450
-711
-1034
-1424
-1807
-2043
-2073
-2022
-2063
-2202
-2301
-2278
-2169
-2022
-1837
-1643
-1541
-1542
-1492
-1249
-895
-634
-521
-421
-210
76
336
557
788
1031
1239
1399
1549
1714
1821
1785
1635
1512
1498
1505
1413
1246
1125
1099
1099
1086
1095
1126
1094
963
832
803
839
804
650
468
356
308
253
138
-25
-180
-295
-362
-387
-395
-432
-524
-633
-689
-673
-646
-684
-793
-903
-955
-958
-960
-989
-1031
-1078
-1121
-1137
-1097
-1041
-1035
-1076
-1077
-989
-877
-806
-764
-704
-636
-584
-527
-427
-308
-245
-231
-180
-56
87
183
240
302
369
421
476
543
601
612
602
621
682
746
778
788
807
845
905
973
1015
1021
1008
1017
1060
1101
1109
1087
1043
974
904
856
821
754
636
518
443
389
316
222
126
2
-185
-399
-598
-822
-1154
-1551
-1840
-1912
-1864
-1874
-1984
-2094
-2124
-2084
-1991
-1830
-1635
-1507
-1494
-1484
-1324
-1012
-700
-512
-401
-248
-10
251
488
722
963
1160
1286
1399
1558
1716
1758
1669
1569
1561
1597
1569
1456
1336
1262
1210
1157
1129
1132
1105
987
825
731
738
745
655
493
352
271
198
88
-45
-177
-313
-444
-526
-519
-475
-488
-577
-665
-688
-660
-646
-676
-731
-792
-846
-871
-851
-817
-823
-874
-921
-922
-899
-893
-915
-940
-942
-916
-860
-789
-730
-707
-704
-670
-585
-479
-404
-363
-318
-243
-135
-13
105
209
289
350
404
463
520
559
570
558
553
570
612
667
716
750
773
796
821
853
887
911
913
915
931
948
948
921
896
863
806
741
701
684
643
561
475
416
359
261
107
-99
-352
-664
-1023
-1367
-1597
-1673
-1658
-1703
-1849
-1988
-2004
-1914
-1808
-1693
-1548
-1426
-1402
-1396
-1231
-899
-608
-499
-459
-297
-16
250
460
679
923
1125
1252
1382
1564
1706
1701
1571
1465
1460
1486
1436
1313
1191
1106
1036
972
948
957
923
793
624
530
527
518
421
265
129
50
-8
-84
-185
-306
-431
-518
-522
-447
-381
-405
-501
-576
-569
-514
-479
-498
-568
-659
-729
-743
-716
-706
-743
-803
-841
-831
-786
-740
-721
-732
-740
-706
-627
-547
-509
-515
-528
-507
-445
-371
-303
-263
-241
-214
-154
-55
51
113
136
158
213
286
346
379
390
396
407
440
499
561
600
602
594
612
672
751
816
853
875
894
919
949
979
986
952
898
850
818
782
723
642
545
440
345
268
180
33
-191
-475
-807
-1158
-1449
-1578
-1567
-1568
-1696
-1875
-1956
-1911
-1822
-1726
-1586
-1424
-1337
-1327
-1229
-946
-617
-451
-435
-370
-152
115
325
519
760
995
1151
1263
1432
1633
1724
1640
1488
1421
1446
1455
1373
1241
1137
1069
1009
961
954
958
889
731
574
506
510
478
362
218
113
46
-43
-160
-249
-296
-353
-448
-516
-491
-438
-473
-582
-635
-586
-547
-594
-658
-660
-660
-729
-811
-816
-772
-791
-863
-881
-814
-754
-746
-733
-679
-637
-652
-676
-645
-595
-591
-605
-569
-500
-463
-456
-423
-341
-263
-216
-157
-50
55
115
166
264
386
473
519
568
633
678
701
749
832
880
869
861
898
962
1001
1019
1045
1067
1057
1035
1053
1084
1062
980
897
848
812
752
666
589
516
425
305
130
-134
-492
-904
-1282
-1537
-1628
-1629
-1691
-1877
-2085
-2169
-2110
-2017
-1933
-1825
-1717
-1680
-1658
-1479
-1109
-753
-598
-573
-453
-188
92
324
566
833
1040
1167
1320
1571
1812
1881
1767
1619
1558
1547
1505
1412
1305
1202
1104
1025
1001
1012
984
871
719
611
577
562
498
366
213
101
41
-5
-82
-187
-286
-365
-431
-458
-434
-410
-461
-576
-651
-634
-599
-625
-691
-731
-754
-798
-833
-811
-776
-806
-881
-899
-834
-768
-752
-736
-674
-613
-592
-564
-494
-439
-471
-541
-547
-484
-424
-392
-349
-281
-228
-194
-135
-37
48
87
126
203
302
386
452
520
573
595
607
663
750
812
836
870
941
1014
1054
1067
1074
1074
1061
1060
1085
1099
1053
964
883
838
803
748
671
582
455
258
-8
-321
-681
-1073
-1401
-1551
-1546
-1568
-1736
-1956
-2063
-2035
-1965
-1881
-1755
-1642
-1646
-1701
-1603
-1285
-935
-748
-682
-567
-341
-68
214
514
794
977
1065
1168
1373
1631
1800
1796
1686
1602
1588
1570
1495
1377
1255
1128
992
894
882
911
881
766
638
582
586
560
447
282
143
43
-48
-135
-192
-207
-245
-345
-446
-472
-458
-492
-597
-698
-729
-729
-746
-764
-751
-724
-733
-766
-755
-690
-645
-675
-735
-749
-708
-659
-618
-568
-513
-495
-516
-523
-485
-438
-424
-433
-428
-401
-369
-321
-245
-159
-106
-74
-26
44
99
125
152
203
256
302
349
420
493
550
602
668
741
793
835
883
925
938
942
961
993
1008
996
985
983
971
948
918
880
826
754
671
555
370
85
-306
-786
-1252
-1523
-1526
-1431
-1501
-1778
-2049
-2142
-2097
-2016
-1897
-1748
-1698
-1818
-1908
-1685
-1183
-740
-586
-571
-446
-170
134
423
754
1077
1255
1273
1329
1569
1881
2037
1983
1871
1835
1838
1794
1699
1590
1456
1258
1035
900
892
913
836
657
502
468
509
490
357
160
-28
-202
-385
-536
-592
-581
-618
-728
-781
-683
-532
-503
-603
-696
-735
-807
-929
-980
-911
-848
-896
-954
-890
-745
-656
-644
-629
-597
-611
-658
-633
-509
-408
-406
-430
-370
-254
-170
-140
-108
-70
-85
-148
-184
-142
-83
-78
-104
-79
20
122
193
258
321
348
346
364
422
480
507
527
574
651
740
839
938
1011
1034
1011
983
982
1006
1018
1003
976
947
913
886
890
908
858
706
552
531
558
323
-431
-1612
-2797
-3558
-3759
-3502
-2952
-2295
-1790
-1653
-1871
-2220
-2531
-2774
-2836
-2483
-1687
-808
-233
65
441
1104
1932
2687
3201
3325
2925
2120
1372
1165
1573
2214
2633
2674
2465
2189
1937
1731
1526
1197
611
-194
-952
-1332
-1219
-779
-286
96
360
547
636
573
351
53
-250
-551
-810
-928
-852
-672
-515
-352
-94
170
215
-39
-443
-832
-1179
-1461
-1553
-1433
-1257
-1166
-1066
-812
-477
-272
-271
-388
-555
-769
-962
-982
-789
-507
-242
31
362
690
888
911
818
653
409
131
-79
-152
-149
-141
-98
52
271
425
439
355
233
79
-82
-171
-157
-102
-44
84
343
669
944
1128
1234
1274
1242
1170
1107
1055
994
940
932
981
1038
1038
969
846
690
488
210
-192
-795
-1666
-2744
-3788
-4471
-4603
-4303
-3921
-3725
-3652
-3424
-2895
-2244
-1761
-1496
-1280
-1003
-705
-359
212
1029
1854
2480
2988
3534
3987
4091
3891
3708
3693
3600
3200
2639
2249
2135
2110
1994
1793
1560
1264
864
411
4
-336
-694
-1074
-1325
-1290
-1030
-766
-602
-434
-146
186
379
363
218
59
-95
-292
-532
-732
-832
-885
-992
-1114
-1137
-1092
-1140
-1329
-1522
-1647
-1811
-2062
-2223
-2132
-1916
-1796
-1752
-1585
-1256
-929
-703
-497
-258
-89
-40
14
206
467
635
714
828
997
1105
1108
1103
1144
1121
947
720
580
528
460
355
283
275
276
277
330
446
531
523
491
528
620
691
734
802
906
992
1049
1109
1192
1256
1261
1222
1162
1086
977
840
692
530
345
159
9
-103
-230
-402
-602
-826
-1163
-1739
-2552
-3428
-4134
-4564
-4733
-4696
-4483
-4113
-3646
-3163
-2688
-2130
-1387
-565
15
167
154
438
1090
1737
2104
2364
2779
3236
3445
3455
3597
3917
4016
3603
2921
2437
2217
1946
1453
955
694
587
410
170
79
168
185
-57
-408
-577
-519
-458
-523
-578
-450
-189
36
196
397
636
716
514
144
-184
-427
-698
-1041
-1338
-1462
-1459
-1458
-1491
-1457
-1327
-1219
-1237
-1318
-1341
-1314
-1350
-1453
-1493
-1379
-1190
-1036
-896
-689
-419
-170
42
274
522
690
716
653
582
525
457
392
361
360
347
316
317
365
414
415
366
299
216
118
42
40
112
195
268
357
498
675
848
1000
1128
1220
1262
1269
1254
1219
1163
1103
1062
1030
982
918
837
740
605
452
327
214
56
-194
-514
-878
-1340
-1946
-2648
-3299
-3793
-4132
-4311
-4281
-4036
-3694
-3380
-3050
-2558
-1861
-1115
-531
-142
159
477
822
1179
1578
2005
2372
2594
2721
2917
3246
3568
3692
3576
3351
3100
2788
2395
1998
1673
1357
957
520
211
99
69
-20
-160
-268
-318
-355
-398
-400
-349
-314
-360
-439
-434
-330
-233
-235
-306
-370
-434
-540
-663
-730
-758
-839
-987
-1113
-1163
-1196
-1257
-1305
-1304
-1290
-1310
-1302
-1210
-1080
-1006
-987
-936
-834
-744
-688
-611
-466
-302
-182
-77
76
269
414
481
521
570
595
553
474
415
366
285
180
133
175
242
272
279
316
370
406
445
525
619
660
639
622
664
760
857
926
978
1023
1076
1131
1185
1228
1236
1188
1075
944
836
745
623
468
327
207
51
-166
-392
-628
-992
-1563
-2226
-2799
-3260
-3661
-3929
-3922
-3723
-3584
-3546
-3347
-2816
-2126
-1529
-1022
-481
29
368
618
1000
1516
1903
2031
2063
2197
2415
2621
2814
3028
3184
3166
3000
2836
2725
2582
2315
1940
1521
1090
674
322
81
-85
-247
-406
-501
-517
-502
-466
-375
-255
-206
-251
-285
-251
-253
-386
-564
-668
-748
-883
-984
-914
-758
-734
-827
-828
-681
-577
-633
-713
-719
-754
-909
-1051
-1029
-921
-920
-1021
-1052
-953
-837
-782
-713
-555
-384
-305
-279
-184
-17
87
71
15
6
31
34
34
85
159
175
136
141
234
341
386
386
405
450
477
495
544
625
681
679
657
679
750
812
837
857
903
969
1020
1061
1126
1200
1218
1161
1083
1035
974
841
666
530
448
359
225
56
-137
-413
-822
-1333
-1859
-2361
-2831
-3206
-3401
-3443
-3475
-3551
-3534
-3263
-2782
-2258
-1760
-1240
-727
-326
-10
386
908
1371
1607
1706
1846
2048
2217
2370
2586
2812
2903
2840
2750
2707
2650
2499
2272
2007
1689
1314
934
615
343
66
-220
-478
-667
-781
-818
-770
-662
-564
-521
-490
-417
-338
-340
-440
-570
-680
-790
-891
-916
-850
-774
-758
-748
-661
-518
-414
-380
-374
-385
-452
-554
-611
-611
-624
-713
-833
-893
-866
-800
-731
-662
-596
-553
-518
-442
-301
-142
-42
-11
-2
22
53
82
112
142
147
120
98
121
184
261
330
390
443
496
556
616
666
706
735
739
716
694
705
738
766
797
868
963
1044
1079
1085
1090
1068
1008
937
888
855
788
686
570
457
334
162
-58
-324
-662
-1081
-1572
-2067
-2514
-2871
-3106
-3219
-3273
-3352
-3434
-3392
-3151
-2755
-2293
-1795
-1284
-831
-453
-65
433
980
1402
1640
1785
1940
2108
2255
2417
2604
2744
2757
2675
2604
2591
2590
2520
2352
2099
1789
1458
1127
823
559
308
36
-250
-477
-600
-636
-626
-596
-561
-527
-499
-470
-439
-449
-512
-609
-700
-766
-808
-815
-787
-746
-720
-705
-670
-609
-547
-511
-495
-480
-472
-489
-528
-574
-626
-703
-797
-872
-903
-899
-885
-865
-828
-774
-707
-624
-518
-395
-300
-254
-242
-218
-156
-90
-47
-22
17
77
140
214
306
417
502
539
564
618
699
757
778
796
819
838
839
845
884
939
981
1007
1035
1084
1127
1140
1127
1111
1096
1054
986
924
880
830
743
632
524
405
237
23
-218
-496
-846
-1290
-1768
-2227
-2638
-2964
-3159
-3238
-3295
-3387
-3432
-3304
-2986
-2562
-2093
-1600
-1124
-714
-344
90
622
1144
1504
1683
1795
1929
2077
2220
2382
2562
2679
2655
2542
2467
2474
2473
2370
2176
1950
1692
1378
1053
791
576
319
-7
-318
-539
-684
-781
-810
-777
-757
-790
-806
-745
-665
-651
-681
-702
-740
-827
-873
-785
-639
-593
-644
-644
-545
-448
-411
-372
-292
-273
-367
-465
-450
-382
-409
-538
-653
-701
-739
-797
-822
-778
-718
-701
-694
-629
-502
-379
-304
-256
-191
-107
-28
31
85
149
207
230
244
307
407
491
520
541
599
666
696
700
723
748
728
674
653
697
757
795
821
861
908
942
965
989
1012
1018
991
943
899
883
872
821
716
602
513
430
309
151
-20
-228
-526
-917
-1347
-1774
-2214
-2658
-3024
-3239
-3351
-3462
-3580
-3591
-3414
-3087
-2697
-2250
-1747
-1240
-806
-412
50
594
1116
1501
1746
1927
2096
2256
2412
2590
2777
2906
2931
2877
2816
2779
2736
2624
2417
2131
1799
1459
1127
815
514
206
-111
-425
-694
-879
-962
-971
-963
-968
-978
-962
-901
-824
-759
-710
-673
-671
-714
-753
-717
-615
-523
-492
-474
-423
-357
-319
-286
-225
-177
-204
-300
-378
-396
-412
-481
-601
-723
-823
-906
-962
-971
-934
-877
-829
-783
-711
-599
-472
-362
-276
-195
-104
-15
60
134
215
297
359
407
461
521
580
622
655
691
730
767
791
806
822
838
844
829
800
773
757
748
743
748
774
807
833
856
888
929
942
920
886
852
806
724
621
531
452
347
193
12
-190
-460
-846
-1321
-1805
-2272
-2730
-3133
-3388
-3495
-3559
-3648
-3656
-3455
-3066
-2611
-2150
-1659
-1144
-689
-310
92
586
1084
1439
1637
1783
1964
2165
2365
2576
2807
2999
3075
3055
3011
2981
2927
2797
2572
2245
1833
1378
948
580
253
-68
-385
-677
-926
-1116
-1209
-1193
-1119
-1051
-1014
-971
-895
-800
-704
-613
-545
-531
-573
-634
-661
-636
-556
-438
-330
-275
-254
-203
-101
-7
33
41
21
-74
-248
-407
-482
-535
-657
-825
-947
-1004
-1052
-1087
-1044
-928
-824
-775
-724
-613
-466
-334
-229
-128
-24
57
104
146
220
319
400
445
485
555
630
675
698
743
796
822
815
805
818
826
805
759
710
673
649
627
620
632
665
696
714
739
786
831
842
827
805
767
699
616
541
464
373
274
185
82
-63
-251
-484
-800
-1223
-1708
-2178
-2601
-2991
-3300
-3466
-3496
-3486
-3457
-3308
-2959
-2471
-1984
-1540
-1088
-627
-230
91
430
852
1279
1583
1771
1971
2246
2545
2794
3007
3212
3349
3349
3231
3091
2957
2758
2447
2058
1646
1216
779
391
100
-141
-398
-669
-885
-1028
-1136
-1207
-1205
-1147
-1127
-1167
-1201
-1167
-1094
-1030
-970
-899
-838
-813
-775
-672
-506
-327
-163
-29
51
74
82
109
136
121
57
-29
-140
-271
-389
-449
-473
-528
-635
-749
-820
-851
-854
-829
-768
-693
-643
-612
-556
-443
-301
-186
-116
-56
23
108
185
272
388
498
554
573
614
689
755
794
832
881
902
863
809
782
759
706
635
586
554
527
507
510
532
547
542
537
543
548
546
543
536
512
476
440
414
394
367
339
311
278
229
142
2
-201
-476
-850
-1327
-1841
-2300
-2664
-2963
-3197
-3306
-3272
-3178
-3081
-2918
-2586
-2139
-1737
-1444
-1162
-813
-453
-150
168
611
1133
1576
1886
2176
2539
2918
3196
3347
3427
3444
3348
3136
2886
2679
2493
2255
1942
1599
1276
976
695
430
165
-121
-435
-745
-1024
-1267
-1453
-1559
-1587
-1585
-1595
-1566
-1442
-1255
-1097
-1000
-904
-791
-726
-738
-729
-607
-415
-277
-201
-92
85
245
327
385
477
533
441
232
47
-55
-152
-302
-446
-519
-560
-639
-731
-749
-691
-651
-684
-746
-774
-772
-770
-760
-696
-567
-418
-286
-172
-49
94
238
351
428
490
559
615
646
667
714
782
834
856
869
898
927
934
916
890
852
787
705
637
604
585
552
505
471
457
437
411
398
406
397
353
299
266
256
237
209
196
196
160
57
-113
-353
-698
-1162
-1673
-2102
-2382
-2570
-2726
-2808
-2753
-2607
-2500
-2452
-2339
-2082
-1802
-1656
-1591
-1397
-994
-536
-142
280
856
1472
1897
2104
2304
2608
2865
2910
2822
2791
2830
2807
2696
2624
2654
2654
2480
2164
1829
1515
1163
766
385
48
-264
-567
-817
-976
-1066
-1137
-1215
-1300
-1413
-1541
-1655
-1696
-1658
-1589
-1534
-1489
-1393
-1225
-1012
-805
-606
-390
-181
-57
-46
-42
56
221
317
306
293
351
404
351
242
192
197
114
-100
-314
-394
-393
-448
-553
-599
-562
-558
-642
-717
-683
-596
-569
-592
-564
-445
-321
-235
-152
-32
94
172
226
299
404
514
612
697
776
853
928
998
1048
1071
1079
1074
1055
1001
921
849
802
750
666
567
488
441
392
320
242
194
174
158
126
94
83
88
76
29
-24
-56
-66
-97
-171
-287
-458
-740
-1148
-1588
-1899
-2000
-1991
-2003
-2048
-2043
-1972
-1947
-2041
-2146
-2092
-1887
-1706
-1637
-1528
-1178
-619
-91
261
521
832
1150
1331
1384
1501
1798
2170
2413
2512
2613
2797
2965
2983
2854
2675
2500
2296
2040
1782
1597
1479
1349
1137
841
512
198
-89
-359
-618
-860
-1067
-1237
-1359
-1426
-1447
-1456
-1483
-1529
-1587
-1659
-1719
-1699
-1553
-1328
-1145
-1062
-1011
-906
-769
-692
-693
-673
-574
-436
-332
-255
-138
20
141
178
156
120
88
67
69
99
133
141
129
121
117
78
1
-72
-111
-125
-142
-153
-128
-65
-6
19
30
52
87
125
177
263
366
449
503
560
651
731
752
736
745
796
833
814
777
767
774
743
657
553
466
395
344
315
290
251
200
166
152
131
80
14
-29
-48
-56
-70
-87
-92
-86
-91
-121
-175
-250
-369
-552
-790
-1014
-1148
-1164
-1120
-1116
-1201
-1338
-1453
-1520
-1581
-1658
-1710
-1687
-1588
-1462
-1332
-1163
-942
-700
-495
-336
-194
-41
133
339
587
851
1083
1255
1390
1519
1645
1742
1815
1886
1967
2037
2072
2068
2034
1987
1928
1844
1718
1557
1395
1256
1133
1009
873
737
607
462
298
126
-37
-192
-345
-497
-636
-771
-928
-1106
-1265
-1361
-1412
-1472
-1559
-1630
-1652
-1635
-1615
-1604
-1588
-1568
-1548
-1515
-1457
-1381
-1301
-1213
-1105
-973
-848
-744
-647
-540
-419
-291
-171
-55
58
165
270
362
434
488
539
595
655
699
725
750
786
826
850
849
832
822
824
828
823
801
779
759
734
688
612
524
453
405
359
297
235
205
218
230
211
176
162
169
169
149
123
109
100
91
88
96
103
107
114
121
124
119
118
124
116
81
26
-18
-40
-66
-115
-186
-268
-350
-433
-524
-617
-707
-790
-869
-945
-1025
-1101
-1168
-1207
-1215
-1207
-1197
-1178
-1132
-1055
-966
-889
-804
-693
-546
-383
-231
-94
39
176
305
423
526
615
684
734
780
833
899
961
1007
1044
1083
1123
1149
1151
1144
1138
1136
1114
1069
1012
961
917
862
788
707
635
577
522
460
386
298
205
107
10
-82
-161
-231
-304
-386
-468
-539
-605
-680
-767
-854
-923
-974
-1022
-1067
-1096
-1095
-1072
-1046
-1025
-1007
-987
-967
-940
-902
-854
-795
-725
-654
-586
-521
-444
-348
-241
-142
-60
15
92
171
241
297
340
373
400
419
441
477
521
554
574
581
586
600
622
643
655
647
631
611
591
573
558
538
515
486
453
426
403
395
391
383
366
336
298
253
209
163
119
81
45
7
-26
-55
-83
-116
-152
-184
-215
-243
-269
-290
-306
-321
-341
-364
-387
-407
-429
-451
-468
-473
-475
-479
-492
-510
-519
-521
-522
-526
-527
-518
-507
-503
-504
-497
-478
-452
-420
-381
-328
-263
-191
-118
-50
20
84
143
201
258
319
376
432
491
550
604
646
674
703
728
749
759
762
764
761
748
725
691
652
613
571
522
469
415
359
303
242
179
119
59
3
-52
-106
-158
-207
-250
-287
-321
-353
-386
-415
-442
-464
-485
-507
-527
-546
-568
-591
-606
-608
-597
-580
-563
-544
-528
-514
-498
-477
-455
-427
-396
-361
-318
-270
-213
-155
-98
-48
-5
29
62
96
128
160
187
212
232
253
276
301
326
351
374
393
408
419
422
422
414
400
382
361
338
313
290
275
262
249
230
209
183
154
123
96
73
55
37
22
7
-4
-9
-7
1
11
18
21
23
24
29
40
50
57
61
62
57
52
46
37
18
-11
-51
-99
-146
-192
-230
-266
-300
-333
-367
-401
-433
-457
-480
-500
-516
-528
-531
-527
-518
-494
-466
-430
-386
-335
-276
-211
-144
-79
-16
39
89
133
178
223
274
318
364
406
438
460
470
475
469
461
452
446
440
435
430
420
410
396
383
369
352
332
320
304
287
270
250
230
206
183
159
134
106
79
48
13
-22
-60
-97
-135
-169
-205
-240
-272
-304
-335
-365
-393
-419
-442
-463
-480
-492
-500
-504
-505
-501
-494
-485
-471
-454
-432
-408
-382
-354
-324
-294
-262
-226
-188
-153
-118
-81
-47
-11
23
55
85
114
141
167
194
217
239
262
282
299
316
329
344
358
370
382
392
402
410
415
418
418
415
411
406
398
387
375
359
341
323
302
281
256
231
204
175
145
113
83
49
20
-10
-41
-71
-101
-128
-156
-185
-212
-237
-261
-285
-307
-328
-345
-359
-371
-383
-389
-396
-398
-400
-402
-400
-396
-391
-388
-383
-376
-367
-357
-349
-341
-330
-312
-298
-284
-268
-246
-222
-200
-175
-148
-116
-83
-49
-14
25
65
103
143
186
230
270
306
343
386
426
459
487
515
551
580
597
606
621
640
652
645
632
627
627
615
580
544
520
498
460
399
337
293
252
191
112
38
-17
-68
-138
-218
-288
-336
-385
-448
-510
-555
-583
-613
-651
-684
-693
-692
-698
-710
-708
-684
-660
-643
-633
-608
-564
-525
-500
-478
-437
-384
-337
-312
-283
-232
-171
-127
-102
-68
-8
54
90
108
144
206
260
278
281
313
366
405
404
396
422
465
490
475
459
477
512
521
496
471
480
507
501
462
428
428
440
417
360
312
299
295
254
179
121
102
88
38
-39
-95
-114
-133
-179
-241
-279
-290
-304
-335
-368
-385
-386
-390
-401
-410
-417
-415
-405
-393
-387
-387
-380
-359
-332
-318
-314
-306
-279
-244
-221
-219
-211
-179
-138
-117
-113
-100
-64
-24
0
16
37
75
118
154
181
206
243
286
326
350
373
400
431
459
477
488
491
495
501
501
485
457
431
409
381
338
289
239
191
141
89
28
-35
-84
-128
-183
-247
-296
-312
-329
-381
-434
-443
-421
-427
-463
-476
-446
-430
-447
-438
-375
-342
-390
-416
-323
-203
-210
-312
-325
-184
-49
-76
-188
-200
-64
70
53
-59
-84
39
164
157
68
48
137
236
250
203
178
217
289
338
335
291
271
329
426
441
352
281
344
461
458
323
238
299
389
351
218
138
163
205
171
73
-5
-18
2
-18
-91
-155
-170
-167
-193
-235
-262
-269
-284
-316
-334
-320
-304
-335
-379
-361
-298
-283
-337
-355
-292
-226
-228
-252
-228
-182
-147
-121
-104
-111
-106
-55
3
-10
-61
-43
43
73
7
-37
34
124
102
20
22
128
211
172
86
98
226
325
289
192
181
303
428
402
276
245
360
450
395
295
296
349
323
254
249
264
198
110
98
97
37
-13
-26
-91
-183
-187
-137
-185
-306
-338
-263
-261
-376
-410
-294
-255
-395
-469
-326
-187
-255
-398
-394
-243
-110
-150
-318
-344
-125
26
-103
-249
-186
-41
38
24
-80
-147
-33
147
136
-38
-84
71
184
135
51
54
122
183
184
167
179
152
177
295
313
211
200
284
306
317
313
248
200
231
301
300
200
72
77
202
193
-8
-128
1
90
-84
-240
-172
-48
-85
-274
-384
-244
-21
-92
-369
-414
-182
4
-61
-248
-322
-165
52
55
-115
-218
-140
18
104
14
-149
-159
36
139
20
-116
-102
32
53
-5
-34
40
77
-40
-56
65
161
40
-72
17
140
228
158
39
-8
116
273
225
153
44
23
200
376
225
-106
-47
180
208
108
45
-24
-82
53
161
56
-152
-192
-15
130
47
-171
-211
-73
35
-14
-122
-183
-167
-136
-45
82
-66
-329
-315
38
166
-103
-310
-259
62
163
-72
-304
-230
89
143
-86
-344
-230
132
198
-136
-406
-147
158
56
-214
-124
52
-48
-48
149
202
-159
-196
285
514
156
-229
73
456
458
155
-22
126
311
445
228
14
42
203
291
149
53
-54
-16
110
151
64
-182
-171
20
54
-101
-226
-155
-61
-10
-125
-329
-207
-5
-114
-276
-169
25
-138
-346
-212
90
136
-228
-436
-164
252
179
-240
-318
-17
215
54
-198
-126
156
108
-96
-30
102
133
42
-16
-37
106
273
105
-103
21
310
191
-54
22
161
227
224
127
-37
12
268
299
79
-7
131
166
59
84
119
61
70
25
-43
-19
61
38
-56
-49
-101
-85
-70
-139
-93
-29
-57
-215
-243
-79
-7
-150
-187
-88
-134
-67
21
-98
-243
-97
152
44
-159
-217
-8
133
31
-33
-150
-107
15
30
26
-56
-162
-157
31
143
-44
-230
-124
128
190
-68
-226
-43
146
194
28
-90
12
175
239
4
-88
154
281
132
-72
100
308
190
1
-32
222
269
28
-48
143
381
152
-187
-178
98
340
164
-175
-260
98
315
-83
-440
-268
161
196
-217
-431
-171
157
25
-369
-421
-101
106
-74
-229
-144
-18
-15
-169
-174
-42
26
-43
-105
82
180
-3
-195
-86
222
195
-92
-163
121
399
155
-254
-208
211
339
-3
-146
61
198
103
-14
-57
-52
102
245
96
-162
-57
190
145
-9
-66
-34
37
81
54
-16
7
80
37
-64
-106
24
58
-20
9
17
4
-130
-117
35
53
25
-75
-126
-115
146
277
-54
-253
-130
148
194
52
-113
-93
155
88
-166
-185
125
210
-75
-101
30
64
-50
-65
-23
-105
-12
62
13
-66
-31
124
-38
-251
-218
73
330
117
-178
-249
6
173
-95
-138
81
167
-92
-239
107
266
-1
-314
-141
299
163
-244
-236
236
424
-47
-481
-311
245
443
68
-340
-264
193
380
-22
-453
-164
443
371
-362
-554
218
741
193
-691
-541
456
734
-97
-710
-83
627
295
-375
-437
119
456
211
-286
-430
116
550
136
-468
-267
341
300
-193
-296
82
276
6
-235
-91
159
131
-97
-188
-7
171
48
-180
-162
99
185
-37
-235
-147
145
255
-56
-376
-147
282
202
-204
-236
109
213
-98
-293
-54
280
157
-257
-272
141
362
-2
-301
-139
133
212
5
-109
-66
100
159
-45
-111
-47
113
154
32
-65
-105
19
149
130
-2
-151
-79
194
224
-78
-184
92
256
-18
-173
-52
103
194
102
-69
-190
6
246
78
-181
-195
147
335
-7
-378
-189
360
312
-343
-555
52
617
280
-481
-540
94
394
-118
-463
-34
420
198
-357
-417
-18
258
163
-242
-416
-73
428
370
-289
-532
-84
307
83
-308
-161
259
428
-51
-651
-440
373
740
57
-607
-303
392
530
-82
-480
-98
432
395
-148
-282
129
429
231
-307
-402
163
601
287
-350
-255
301
315
-132
-335
29
372
248
-109
-301
0
307
65
-283
-204
212
260
-24
-174
-168
-3
165
57
-255
-282
222
420
-55
-437
-151
278
151
-210
-237
39
283
96
-288
-331
87
358
25
-344
-196
241
320
-97
-379
-180
266
344
-83
-333
-40
294
79
-308
-246
111
291
122
-133
-175
33
212
24
-277
-160
245
292
-25
-202
-101
102
48
-170
-109
155
168
-27
13
127
-47
-247
-189
147
363
129
-192
-155
131
135
-287
-364
115
414
156
-222
-197
64
223
117
-226
-291
34
368
283
-168
-383
-52
324
107
-422
-308
400
557
-95
-535
-187
325
215
-231
-253
112
320
94
-235
-330
-101
292
282
-125
-215
137
263
-115
-325
-61
227
228
-57
-244
-62
242
225
-154
-306
-62
101
65
13
88
126
-36
-177
-152
45
182
104
-28
-119
-67
38
-1
-77
-15
126
90
-86
-122
14
169
206
6
-270
-174
187
156
-176
-209
92
297
120
-257
-355
6
338
201
-75
-127
-2
150
11
-283
-258
44
212
77
-43
17
81
102
-41
-211
-155
44
199
111
-28
42
65
-53
-141
-27
152
114
40
47
20
-93
-177
-47
113
58
-105
-89
90
53
-137
-98
21
-58
-165
-81
60
124
85
-61
-91
-21
-101
-141
94
240
12
-151
152
398
128
-187
-48
220
154
-85
-99
122
251
22
-300
-306
-42
126
2
-114
-8
62
-62
-214
-217
-122
-45
36
92
57
-26
-65
-31
-6
-47
-60
64
244
270
110
-33
-30
-31
-91
-121
-36
215
300
-2
-151
72
61
-245
-237
137
276
116
6
-82
-59
129
102
-220
-281
196
454
41
-329
-170
121
137
-110
-260
-53
281
212
-261
-415
-15
342
176
-202
-216
144
307
4
-319
-224
127
227
-21
-182
-12
227
121
-269
-395
-103
194
209
39
-71
-24
27
-92
-248
-108
186
227
-3
-117
61
267
152
-202
-223
135
246
11
-62
139
200
-37
-259
-206
68
193
-14
-119
56
157
17
-175
-193
-129
-35
129
183
74
-28
-6
-2
-96
-103
74
202
125
-55
-83
56
56
-120
-194
2
193
96
-43
1
-1
-88
-20
61
-77
-159
49
137
-54
-116
52
162
-6
-220
-124
181
269
4
-296
-286
23
238
67
-179
-9
309
166
-229
-243
111
268
32
-237
-195
84
232
64
-184
-173
43
152
72
-6
30
75
-25
-215
-245
-17
196
151
17
2
33
25
1
-57
-115
-79
-2
39
73
96
40
-40
-53
-29
-31
11
109
138
46
-62
-79
-8
35
-40
-162
-124
69
160
76
-57
-103
-17
67
25
11
120
179
62
-93
-128
-72
10
3
-141
-173
2
92
-6
-76
-3
84
93
45
-6
67
205
146
-94
-253
-185
-56
-67
-115
-4
161
172
46
-4
20
-26
-53
17
81
81
37
1
-28
-107
-193
-127
82
172
51
-26
45
56
-59
-118
-50
52
134
146
40
-41
43
81
-58
-109
68
207
140
6
-74
-84
-17
25
-21
2
135
147
-1
-84
-12
81
78
-1
-45
21
106
37
-142
-204
-114
-28
-36
-90
-95
-42
-41
-198
-376
-332
-127
-38
-144
-238
-153
-5
30
-58
-75
67
168
108
48
108
155
63
-63
-89
-32
42
72
26
-38
-49
-9
12
2
11
48
67
48
25
41
80
80
28
-14
28
125
191
218
216
180
173
212
212
169
179
223
168
47
16
82
114
40
-71
-95
-45
-65
-153
-152
-34
22
-67
-170
-149
-44
-28
-145
-215
-123
-32
-94
-226
-271
-202
-107
-86
-119
-95
0
43
-14
-74
-57
38
115
82
-17
-40
15
31
-51
-153
-139
3
93
27
-28
45
95
1
-114
-108
-13
40
-9
-78
-49
67
121
50
-22
41
165
182
99
99
206
238
148
82
109
156
154
93
28
29
82
59
-49
-77
-12
-12
-102
-133
-69
-22
-42
-88
-98
-63
-20
-4
-35
-67
-40
34
55
5
-7
30
26
-23
-39
-12
26
56
48
3
-33
-30
-15
-14
-23
-26
-8
12
-10
-51
-53
-31
-39
-70
-72
-18
46
39
-40
-93
-69
-23
-10
-2
31
68
49
-29
-84
-43
49
81
26
-35
-24
13
-7
-50
-25
34
27
-28
-27
29
51
14
-24
-5
48
71
50
19
6
16
31
22
-6
-12
12
18
-18
-60
-53
-11
6
-15
-17
18
31
-7
-37
-14
44
80
72
44
29
33
38
29
24
28
25
13
-14
-31
-19
8
1
-40
-63
-55
-48
-46
-30
-2
2
-26
-45
-27
8
19
3
-10
9
40
42
16
-3
2
13
15
17
27
33
23
-9
-38
-28
8
27
9
-17
-20
-12
-15
-26
-30
-28
-12
9
11
4
8
1
-39
-61
-24
19
23
23
29
19
-11
-34
-32
-16
8
25
28
20
10
-2
-31
-47
-15
33
46
32
25
23
0
-39
-48
-7
41
41
18
12
14
-3
-32
-45
-35
-9
13
24
25
13
-6
-26
-38
-46
-33
9
44
39
17
7
5
-20
-56
-53
11
69
67
24
-11
-24
-33
-29
0
35
43
23
-2
-26
-40
-26
7
28
23
12
8
8
-6
-31
-38
-8
33
45
27
18
10
-19
-58
-54
-8
30
32
15
9
5
-17
-44
-45
-16
19
27
18
9
-1
-18
-32
-25
2
25
26
15
8
10
3
-10
-14
-5
13
20
17
17
14
-3
-26
-31
-11
18
28
15
2
2
-4
-20
-25
-6
18
25
17
9
6
0
-14
-20
-9
5
4
1
6
7
-6
-25
-33
-25
-5
7
3
-6
-4
0
-8
-27
-34
-16
7
9
-4
-5
-1
-14
-40
-46
-26
-1
10
10
5
-5
-16
-24
-20
-10
5
18
26
26
15
2
-3
3
14
17
18
25
30
20
-1
-11
-9
1
8
10
7
8
14
14
5
-3
9
29
31
16
5
10
18
10
-12
-23
-8
5
-3
-14
-9
3
1
-14
-21
-9
12
18
9
5
13
16
0
-14
-9
4
8
2
-4
-10
-16
-27
-37
-33
-15
-3
-4
-5
-5
-7
-14
-13
-2
12
23
22
17
13
12
9
6
7
10
11
13
7
-5
-13
-11
-6
-6
-7
-4
3
6
1
-5
-5
2
6
8
12
13
13
9
6
1
1
3
2
4
4
5
2
-4
-4
-3
-3
-3
0
5
8
4
-4
-8
-10
-13
-14
-14
-9
-2
-2
-7
-11
-10
-9
-11
-12
-9
-2
-1
-4
-5
-6
-6
-8
-11
-12
-8
-6
-8
-8
-7
-5
-4
-5
-7
-5
-4
-2
0
1
1
1
3
2
2
4
6
8
7
7
7
8
6
6
7
8
10
7
6
6
8
9
8
8
9
9
8
5
6
6
9
7
4
2
3
2
0
0
2
5
5
1
-2
0
3
5
1
2
5
7
4
-2
-6
-3
0
-2
-3
-3
0
-1
-4
-9
-8
-5
-4
-6
-7
-3
-1
-2
-4
-5
-1
1
1
-1
-3
