-2
-1
-2
-4
-2
-1
-1
-1
0
0
-1
1
0
-1
0
-2
0
-1
-2
0
0
-1
-1
-1
-1
-2
-1
-2
-2
-3
-2
-1
-1
-2
-1
0
0
1
1
2
2
4
5
3
4
3
3
4
3
3
3
2
2
2
3
2
2
0
0
1
0
0
1
0
0
0
-1
-1
0
1
1
1
2
2
1
2
1
1
1
1
-1
-3
-2
-4
-2
-2
0
-1
-2
-1
-1
0
0
-1
-1
-2
-2
-2
-1
-1
-1
0
1
-1
-1
-1
-2
-1
-2
-1
-1
-1
-3
-2
-1
-2
-2
-4
-5
-4
-4
-3
-4
-4
-1
1
0
0
1
1
0
2
2
2
2
3
4
3
5
5
5
5
5
5
6
4
4
3
3
3
3
2
1
0
-2
-2
-3
-3
-3
-2
-1
-2
-3
-3
-2
-2
-2
-2
-3
-1
1
1
2
1
2
2
2
1
0
0
-1
-2
-2
-2
-2
-4
-4
-4
-3
-3
-3
-2
-3
-1
1
1
0
3
3
3
4
4
4
2
2
1
2
2
2
1
1
2
2
1
0
-1
-2
-1
0
0
-1
0
0
0
1
0
0
1
1
0
0
0
1
1
2
1
2
1
1
0
-1
-2
-1
-1
-2
-1
-1
-1
-1
-1
-1
-3
-2
-1
-1
0
0
1
2
1
2
0
-1
1
-1
-2
-3
-3
-2
-3
-5
-3
-3
-4
-4
-2
-4
-3
-3
-4
-4
-3
-2
0
0
0
0
1
3
2
3
4
4
2
4
2
5
4
4
4
2
3
4
2
2
1
1
0
0
0
1
1
1
2
3
1
2
2
2
2
3
4
2
2
4
1
2
3
0
1
0
1
1
0
-1
0
-2
-2
-1
-2
-1
0
-1
-1
-1
0
-2
-1
-2
-2
-4
-5
-5
-7
-5
-8
-7
-7
-7
-7
-6
-5
-4
-5
-3
-4
-2
-1
0
1
2
1
0
0
-1
-2
-3
-3
-3
-3
-4
-3
-2
-2
-2
-1
-2
0
0
0
2
1
2
3
5
5
6
5
6
5
5
6
5
6
7
7
8
8
7
7
7
7
8
8
9
9
8
8
8
8
9
7
7
6
8
8
7
6
4
4
4
3
2
2
1
0
0
-2
-2
-2
-4
-5
-7
-7
-8
-7
-8
-8
-8
-8
-8
-8
-14
-20
-19
-23
-23
-30
-43
-43
-50
-52
-58
-80
-89
-95
-100
-99
-119
-133
-129
-129
-119
-123
-134
-120
-107
-86
-71
-62
-38
-11
13
32
57
79
100
119
129
146
169
179
186
186
194
222
235
241
249
255
287
311
311
324
330
351
374
373
375
374
373
392
389
377
367
341
334
319
288
258
216
189
168
134
97
54
20
-15
-52
-95
-132
-162
-193
-214
-238
-261
-269
-264
-265
-280
-290
-279
-263
-273
-297
-318
-330
-360
-412
-470
-522
-569
-618
-667
-715
-746
-757
-755
-761
-768
-753
-729
-715
-725
-732
-719
-709
-726
-771
-811
-828
-842
-899
-976
-980
-858
-676
-543
-410
-161
184
449
579
708
931
1148
1236
1256
1343
1510
1622
1623
1592
1586
1566
1453
1264
1087
972
882
778
685
647
663
665
623
572
553
521
429
327
312
394
452
429
391
413
443
379
227
72
-28
-127
-256
-386
-483
-541
-589
-642
-706
-761
-815
-879
-941
-973
-944
-886
-831
-785
-719
-633
-566
-548
-551
-509
-437
-398
-405
-379
-299
-241
-252
-286
-282
-271
-284
-305
-288
-252
-220
-188
-161
-150
-160
-161
-149
-145
-139
-109
-58
-22
3
48
107
139
131
108
79
40
-15
-86
-173
-274
-441
-754
-1164
-1399
-1273
-1005
-920
-882
-495
164
538
468
461
842
1236
1239
1097
1267
1676
1892
1823
1785
1915
1963
1707
1282
963
809
666
459
299
292
368
390
344
299
268
220
157
110
82
93
200
390
549
617
661
708
649
416
128
-83
-254
-487
-748
-928
-1016
-1114
-1267
-1420
-1524
-1593
-1658
-1736
-1845
-1948
-1933
-1741
-1510
-1400
-1317
-1027
-561
-250
-218
-208
-13
192
184
90
128
275
339
300
296
342
341
235
84
-24
-56
-43
-46
-28
79
276
460
555
609
681
769
808
794
804
878
974
1007
1001
1017
1058
1027
879
720
632
576
467
334
253
223
188
114
15
-95
-195
-267
-319
-383
-451
-469
-424
-366
-344
-342
-316
-275
-256
-278
-313
-323
-314
-321
-369
-419
-468
-591
-834
-1093
-1228
-1264
-1325
-1413
-1380
-1178
-936
-776
-649
-439
-168
38
149
281
505
749
931
1065
1211
1346
1397
1338
1223
1113
1013
907
775
637
527
448
376
280
172
71
-7
-65
-119
-157
-141
-58
33
110
194
195
-51
-400
-440
-129
63
-59
-55
342
686
553
220
133
200
96
-162
-308
-269
-193
-200
-266
-276
-196
-154
-273
-455
-489
-358
-230
-187
-133
14
183
250
196
118
101
105
30
-93
-125
-50
-22
-105
-174
-151
-135
-203
-277
-286
-276
-277
-240
-181
-165
-176
-154
-138
-184
-204
-120
-57
-126
-185
-101
-19
-95
-196
-151
-53
-53
-108
-88
-8
22
-23
-78
-236
-799
-1762
-2474
-2379
-1953
-1981
-2178
-1637
-505
58
-263
-446
176
880
814
436
782
1815
2499
2412
2274
2649
3008
2628
1782
1281
1264
1168
793
570
738
966
890
602
357
192
-5
-231
-359
-348
-234
-7
333
659
836
916
996
996
777
455
305
342
291
37
-186
-199
-226
-554
-1054
-1373
-1484
-1662
-1985
-2193
-2122
-1942
-1891
-2015
-2192
-2282
-2178
-1887
-1534
-1212
-853
-394
18
199
218
308
491
570
505
484
607
718
665
517
415
342
202
-6
-163
-198
-137
-54
37
165
321
446
489
477
505
627
790
905
966
1053
1183
1275
1264
1216
1201
1164
1023
858
788
748
596
382
271
234
100
-124
-264
-286
-323
-400
-400
-339
-363
-457
-476
-431
-455
-519
-479
-385
-390
-457
-407
-277
-266
-383
-452
-474
-755
-1448
-2188
-2435
-2194
-2021
-2183
-2222
-1714
-1054
-933
-1219
-1144
-518
8
27
34
592
1435
1879
1843
1856
2154
2347
2081
1608
1413
1511
1531
1334
1170
1198
1214
1002
656
396
256
124
-13
-59
0
74
145
268
427
522
512
482
512
559
537
469
458
507
477
290
34
-234
-647
-1270
-1774
-1765
-1403
-1281
-1561
-1730
-1421
-1008
-1010
-1301
-1360
-1069
-755
-600
-460
-220
32
185
242
243
212
189
206
232
239
264
348
456
490
393
202
49
13
24
-21
-91
-83
2
63
74
92
121
139
153
193
255
345
480
621
695
693
660
631
609
583
547
505
461
409
343
291
249
151
-20
-167
-205
-192
-237
-345
-422
-418
-376
-364
-391
-427
-424
-376
-350
-515
-1033
-1832
-2492
-2574
-2132
-1704
-1678
-1814
-1631
-1080
-596
-494
-581
-508
-230
62
345
772
1324
1724
1828
1842
2014
2219
2136
1755
1435
1438
1608
1670
1623
1624
1645
1497
1179
898
754
618
368
75
-101
-89
42
163
219
252
289
262
122
-12
-16
51
14
-133
-220
-176
-139
-234
-400
-528
-653
-873
-1156
-1366
-1456
-1500
-1517
-1420
-1200
-1041
-1079
-1200
-1213
-1121
-1068
-1068
-994
-804
-618
-521
-446
-315
-197
-188
-252
-278
-246
-224
-231
-187
-59
84
162
196
250
311
326
304
306
356
413
457
510
590
669
728
775
819
857
873
870
862
862
858
836
813
806
796
756
695
639
576
503
450
475
544
558
488
423
442
498
508
479
450
393
250
85
19
50
62
-12
-117
-193
-253
-317
-428
-671
-1079
-1525
-1807
-1861
-1813
-1813
-1892
-1996
-2075
-2086
-1977
-1760
-1558
-1495
-1529
-1482
-1259
-939
-671
-495
-358
-218
-72
93
310
576
829
1001
1104
1225
1409
1585
1655
1614
1553
1536
1538
1505
1438
1394
1374
1339
1292
1303
1386
1429
1346
1188
1098
1095
1063
937
773
660
584
490
392
337
316
225
2
-263
-425
-455
-468
-554
-665
-731
-789
-891
-980
-970
-917
-964
-1116
-1215
-1176
-1095
-1085
-1119
-1112
-1065
-1048
-1058
-1038
-982
-949
-953
-919
-816
-713
-689
-714
-688
-590
-475
-390
-324
-258
-204
-157
-90
5
83
112
128
185
288
390
454
484
513
544
576
618
676
740
787
828
904
1014
1107
1151
1196
1266
1316
1294
1240
1232
1256
1232
1162
1109
1085
1023
892
756
666
593
487
337
122
-191
-587
-990
-1307
-1531
-1682
-1781
-1876
-2017
-2182
-2261
-2177
-2007
-1895
-1861
-1821
-1713
-1568
-1406
-1185
-900
-647
-498
-379
-173
115
385
597
795
1006
1184
1305
1401
1499
1568
1568
1515
1441
1373
1325
1290
1239
1159
1088
1071
1088
1069
987
895
821
742
645
560
507
443
338
237
206
229
228
172
99
43
-20
-128
-272
-424
-546
-620
-649
-677
-753
-880
-1003
-1075
-1096
-1102
-1111
-1119
-1137
-1172
-1196
-1173
-1111
-1072
-1087
-1117
-1106
-1040
-956
-867
-768
-662
-571
-501
-421
-319
-228
-180
-154
-104
-16
82
160
231
315
412
512
614
711
782
820
855
916
984
1030
1048
1051
1040
1012
997
1015
1044
1040
1009
992
1012
1027
1003
943
873
804
732
662
618
597
564
495
407
335
284
228
167
119
73
4
-84
-170
-293
-539
-921
-1328
-1643
-1848
-1980
-2060
-2118
-2207
-2335
-2399
-2306
-2120
-1978
-1904
-1817
-1689
-1566
-1433
-1203
-887
-614
-453
-309
-67
244
521
746
978
1215
1388
1491
1604
1753
1849
1831
1736
1648
1593
1544
1487
1423
1356
1305
1298
1309
1280
1208
1135
1080
1003
883
786
737
678
556
421
364
374
358
278
171
38
-153
-345
-423
-381
-369
-490
-661
-758
-795
-863
-953
-1003
-1032
-1121
-1244
-1272
-1179
-1089
-1098
-1148
-1135
-1096
-1103
-1131
-1106
-1039
-1000
-987
-910
-765
-648
-618
-606
-533
-429
-369
-337
-282
-216
-178
-139
-28
133
246
276
301
385
499
583
645
727
822
882
901
935
1011
1083
1099
1072
1058
1076
1089
1078
1068
1072
1061
1024
998
1002
996
928
828
767
745
701
603
496
438
405
352
267
155
-6
-238
-508
-776
-1050
-1362
-1666
-1865
-1930
-1960
-2033
-2119
-2153
-2130
-2085
-1999
-1840
-1655
-1541
-1500
-1408
-1192
-916
-692
-521
-337
-132
60
252
499
791
1043
1202
1311
1430
1556
1637
1643
1596
1524
1453
1390
1328
1259
1205
1182
1169
1131
1075
1043
1021
957
838
735
701
688
621
522
461
444
414
348
276
193
51
-130
-249
-267
-270
-343
-454
-531
-583
-662
-752
-811
-862
-958
-1076
-1132
-1106
-1065
-1064
-1077
-1066
-1048
-1059
-1076
-1064
-1030
-1000
-969
-908
-822
-747
-698
-650
-583
-514
-453
-396
-332
-271
-225
-172
-96
3
99
179
250
327
409
497
580
653
709
741
756
773
814
879
941
981
1001
1017
1026
1028
1029
1049
1071
1063
1026
991
984
978
946
892
842
797
740
667
595
536
470
373
251
112
-45
-241
-495
-811
-1177
-1532
-1778
-1871
-1887
-1943
-2059
-2167
-2218
-2217
-2154
-2003
-1804
-1678
-1665
-1636
-1450
-1130
-817
-594
-413
-223
-22
189
441
736
1021
1219
1333
1434
1571
1711
1781
1757
1690
1629
1579
1513
1426
1349
1294
1245
1182
1125
1101
1081
1007
855
682
567
512
457
362
253
181
144
108
72
65
50
-53
-255
-444
-514
-487
-472
-505
-557
-613
-687
-765
-787
-764
-786
-904
-1049
-1116
-1092
-1044
-1013
-998
-998
-1023
-1059
-1047
-971
-888
-866
-882
-855
-748
-614
-513
-446
-392
-342
-304
-256
-178
-93
-40
-17
34
141
274
386
466
534
587
627
675
730
780
797
795
816
879
961
1032
1077
1107
1118
1108
1101
1127
1179
1205
1170
1093
1029
987
939
862
771
697
646
586
499
399
300
174
-5
-212
-407
-610
-905
-1303
-1676
-1874
-1896
-1901
-2012
-2181
-2296
-2335
-2322
-2243
-2058
-1835
-1725
-1754
-1754
-1553
-1197
-886
-706
-564
-362
-117
114
364
685
1018
1237
1331
1424
1595
1770
1839
1806
1756
1732
1706
1645
1573
1519
1465
1388
1298
1238
1234
1245
1198
1064
907
799
743
677
566
441
349
277
203
153
162
187
116
-78
-300
-421
-438
-451
-523
-629
-724
-819
-916
-973
-964
-955
-1029
-1178
-1284
-1277
-1217
-1196
-1220
-1233
-1228
-1237
-1242
-1192
-1100
-1043
-1048
-1036
-930
-772
-650
-575
-487
-373
-280
-216
-130
-6
89
102
91
153
292
420
493
558
657
753
807
849
923
1003
1019
965
925
958
1032
1084
1108
1139
1184
1203
1180
1162
1167
1164
1119
1061
1041
1045
1005
895
776
701
646
558
438
326
214
50
-175
-424
-694
-1039
-1443
-1769
-1903
-1915
-1977
-2146
-2322
-2407
-2420
-2397
-2299
-2111
-1935
-1877
-1861
-1710
-1372
-1004
-756
-602
-432
-221
-9
217
508
834
1082
1212
1305
1449
1620
1736
1765
1728
1657
1585
1533
1501
1459
1399
1337
1269
1187
1113
1094
1113
1076
954
818
749
713
632
510
405
337
270
195
152
155
150
65
-100
-268
-365
-392
-411
-465
-543
-625
-711
-798
-846
-839
-832
-904
-1030
-1109
-1097
-1057
-1054
-1068
-1062
-1055
-1071
-1070
-997
-897
-871
-921
-952
-888
-784
-717
-681
-620
-527
-452
-400
-311
-183
-76
-38
-27
38
158
279
370
455
557
666
747
822
904
964
967
927
910
953
1029
1098
1130
1146
1175
1202
1223
1233
1221
1184
1110
1041
1005
980
962
919
845
780
716
649
551
409
222
-87
-530
-1067
-1632
-2015
-1958
-1453
-934
-1015
-1777
-2739
-3276
-3109
-2494
-1862
-1547
-1672
-2106
-2516
-2418
-1671
-714
-76
88
46
96
321
750
1290
1723
1860
1664
1393
1338
1538
1794
1873
1773
1584
1335
1076
856
693
552
379
223
140
150
257
398
492
521
540
607
670
639
534
460
512
650
788
893
923
807
518
202
68
98
79
-120
-403
-609
-715
-785
-834
-863
-931
-1113
-1350
-1463
-1364
-1185
-1115
-1169
-1173
-1026
-801
-616
-496
-438
-459
-530
-532
-381
-172
-91
-186
-299
-280
-165
-99
-142
-243
-361
-485
-566
-531
-404
-310
-294
-263
-118
97
256
317
351
431
554
681
813
973
1141
1292
1439
1616
1798
1890
1860
1766
1696
1661
1619
1528
1399
1244
1078
935
818
683
461
123
-299
-783
-1382
-2142
-2991
-3716
-4084
-4030
-3708
-3387
-3218
-3110
-2867
-2468
-2088
-1853
-1649
-1284
-764
-231
304
969
1757
2446
2843
2993
3034
2958
2700
2382
2206
2179
2095
1855
1630
1582
1590
1397
949
413
-48
-438
-811
-1109
-1238
-1180
-989
-737
-454
-156
118
320
422
444
450
477
516
557
641
792
953
1025
967
829
606
208
-384
-990
-1382
-1523
-1561
-1600
-1586
-1446
-1272
-1202
-1235
-1266
-1234
-1202
-1236
-1247
-1105
-793
-402
-27
300
556
696
731
715
656
522
335
195
149
135
80
21
49
113
73
-116
-350
-502
-596
-720
-836
-836
-674
-430
-184
57
312
554
721
813
868
904
921
928
976
1100
1252
1377
1466
1521
1530
1439
1256
1050
872
707
529
380
298
269
242
184
142
94
-8
-164
-362
-584
-919
-1469
-2172
-2866
-3354
-3565
-3549
-3352
-3015
-2589
-2198
-1935
-1752
-1512
-1110
-654
-343
-197
-16
409
1037
1632
2094
2497
2868
3038
2866
2511
2254
2159
1996
1623
1213
1002
975
914
728
540
432
296
-9
-411
-710
-837
-886
-940
-925
-733
-389
-19
295
566
822
1006
1048
964
832
723
612
442
220
22
-91
-171
-289
-440
-553
-610
-700
-885
-1110
-1273
-1335
-1346
-1337
-1269
-1126
-952
-791
-632
-443
-252
-119
-57
-20
34
86
123
165
232
319
379
396
377
324
223
65
-107
-256
-375
-474
-558
-610
-618
-589
-536
-468
-390
-304
-215
-120
-19
95
223
353
478
605
739
864
962
1037
1107
1172
1216
1237
1240
1221
1165
1070
965
865
768
669
582
508
420
302
184
90
11
-97
-291
-628
-1151
-1818
-2497
-3037
-3369
-3490
-3401
-3141
-2811
-2515
-2221
-1809
-1261
-714
-309
-42
174
389
629
956
1409
1912
2303
2506
2596
2679
2757
2767
2669
2467
2157
1745
1311
954
713
520
309
85
-120
-302
-458
-561
-605
-637
-703
-773
-779
-712
-603
-446
-213
61
288
423
531
642
680
570
353
138
-57
-272
-484
-608
-640
-674
-761
-818
-776
-688
-650
-670
-699
-734
-800
-859
-838
-727
-606
-527
-453
-323
-147
29
176
294
379
418
409
369
319
265
186
63
-70
-158
-183
-196
-245
-307
-326
-311
-318
-354
-364
-323
-281
-270
-249
-150
15
184
313
431
564
694
797
882
963
1021
1026
994
980
1007
1035
1033
1001
972
944
893
815
726
628
499
337
175
38
-89
-258
-501
-821
-1222
-1708
-2239
-2726
-3080
-3295
-3400
-3365
-3177
-2895
-2589
-2212
-1664
-1000
-418
-4
344
710
1048
1309
1578
1934
2275
2453
2489
2553
2705
2840
2872
2823
2690
2416
2011
1599
1267
962
614
241
-104
-413
-695
-888
-940
-921
-943
-997
-984
-875
-748
-634
-478
-268
-90
-2
53
134
207
194
101
10
-38
-76
-137
-221
-312
-427
-551
-639
-667
-679
-713
-766
-820
-861
-865
-811
-716
-633
-591
-562
-502
-386
-231
-62
94
199
252
287
332
370
381
361
315
249
168
103
60
27
-18
-77
-135
-181
-208
-224
-230
-240
-246
-236
-200
-139
-59
39
137
233
325
421
515
597
670
738
805
876
944
1009
1072
1121
1133
1117
1099
1075
1004
874
727
596
478
353
216
65
-137
-426
-818
-1305
-1850
-2391
-2857
-3201
-3408
-3482
-3441
-3321
-3144
-2865
-2422
-1835
-1213
-658
-176
263
664
1020
1375
1757
2101
2305
2378
2440
2560
2706
2817
2894
2926
2852
2643
2359
2085
1816
1491
1095
665
232
-188
-546
-783
-916
-1017
-1115
-1183
-1182
-1120
-1006
-836
-632
-448
-328
-255
-189
-131
-113
-156
-224
-280
-312
-340
-363
-367
-355
-354
-371
-381
-369
-362
-400
-484
-579
-650
-692
-721
-742
-754
-744
-709
-648
-557
-435
-289
-144
-14
100
207
298
357
379
382
384
373
331
264
195
138
92
51
20
-2
-27
-58
-79
-70
-41
-21
-19
-16
9
48
90
138
205
288
364
434
520
633
750
839
896
951
1015
1067
1086
1077
1055
1009
926
809
700
611
520
397
234
34
-208
-517
-909
-1369
-1853
-2329
-2756
-3102
-3326
-3416
-3403
-3330
-3208
-2978
-2594
-2076
-1504
-927
-363
168
638
1052
1459
1869
2206
2407
2494
2558
2643
2733
2811
2873
2889
2821
2668
2472
2268
2041
1773
1469
1127
735
318
-55
-347
-590
-816
-1012
-1150
-1240
-1299
-1289
-1174
-993
-825
-705
-608
-508
-432
-393
-376
-362
-360
-379
-404
-429
-460
-488
-493
-474
-456
-456
-468
-489
-538
-593
-611
-581
-550
-565
-602
-609
-587
-561
-526
-459
-366
-282
-217
-133
-11
112
197
244
280
312
321
309
296
298
298
269
219
182
177
187
182
160
151
164
173
163
159
189
235
270
293
326
378
430
480
550
646
750
838
895
922
936
953
978
988
964
915
847
759
654
550
460
343
157
-115
-465
-900
-1406
-1920
-2370
-2743
-3056
-3293
-3424
-3466
-3459
-3373
-3125
-2702
-2208
-1720
-1219
-670
-109
406
899
1411
1880
2201
2368
2479
2600
2711
2784
2839
2893
2904
2823
2684
2545
2402
2213
1958
1661
1341
986
619
286
16
-219
-462
-694
-878
-996
-1067
-1089
-1057
-998
-950
-917
-867
-793
-731
-699
-678
-646
-603
-565
-542
-534
-552
-580
-591
-582
-571
-574
-587
-606
-636
-647
-605
-542
-517
-551
-593
-602
-599
-590
-544
-456
-376
-331
-288
-198
-77
34
121
181
220
237
242
236
239
276
330
352
337
342
384
404
368
345
384
412
378
334
359
416
426
409
431
482
510
519
558
632
700
754
811
865
895
910
931
941
921
887
852
787
676
560
463
358
198
-22
-296
-659
-1123
-1626
-2084
-2470
-2797
-3056
-3239
-3366
-3456
-3470
-3330
-3020
-2610
-2169
-1715
-1235
-737
-233
291
844
1377
1802
2082
2267
2440
2622
2783
2894
2961
2972
2897
2750
2600
2483
2358
2176
1928
1641
1318
983
678
429
196
-63
-331
-568
-762
-913
-1009
-1036
-1027
-1025
-1030
-1000
-918
-831
-788
-774
-767
-771
-788
-772
-692
-597
-558
-565
-535
-458
-387
-351
-322
-303
-334
-404
-447
-435
-425
-466
-530
-570
-576
-566
-537
-480
-416
-362
-311
-241
-152
-65
3
34
43
55
93
140
168
186
204
209
189
187
233
297
316
303
309
339
363
384
423
466
478
471
480
514
562
627
708
777
817
851
898
934
948
974
1018
1038
1008
954
905
839
738
628
515
369
145
-169
-562
-1031
-1541
-2027
-2441
-2781
-3043
-3234
-3386
-3514
-3546
-3395
-3070
-2671
-2262
-1824
-1347
-864
-379
148
721
1246
1630
1885
2099
2326
2543
2715
2826
2875
2861
2784
2668
2537
2408
2267
2098
1884
1623
1341
1071
830
603
367
121
-118
-342
-554
-738
-865
-928
-956
-987
-1011
-990
-925
-870
-854
-848
-826
-798
-765
-696
-589
-501
-479
-478
-437
-367
-317
-280
-241
-236
-299
-381
-404
-383
-404
-476
-542
-584
-629
-669
-656
-586
-526
-499
-471
-405
-313
-227
-159
-107
-74
-57
-42
-14
24
67
105
131
151
181
230
281
319
350
394
445
486
507
509
506
499
505
530
570
615
652
675
693
723
779
838
881
908
927
941
952
961
966
950
896
812
715
610
481
298
44
-295
-722
-1209
-1684
-2091
-2428
-2710
-2945
-3137
-3289
-3370
-3316
-3089
-2742
-2350
-1944
-1520
-1082
-626
-130
404
916
1332
1630
1852
2053
2258
2450
2601
2697
2724
2680
2582
2473
2377
2278
2137
1937
1696
1437
1183
944
726
515
290
46
-196
-409
-582
-717
-816
-886
-944
-998
-1032
-1028
-998
-975
-968
-964
-945
-903
-838
-759
-674
-599
-543
-496
-449
-396
-339
-302
-303
-336
-362
-370
-373
-397
-431
-467
-500
-527
-529
-501
-455
-415
-386
-355
-307
-236
-163
-103
-61
-27
-3
12
27
45
66
77
78
90
124
169
219
270
326
378
421
458
495
530
553
561
561
568
587
615
643
677
717
764
813
863
913
960
989
990
981
979
976
951
897
828
743
631
489
314
87
-233
-662
-1155
-1643
-2079
-2454
-2756
-2980
-3151
-3291
-3383
-3359
-3183
-2885
-2521
-2127
-1708
-1274
-825
-343
190
729
1192
1537
1786
1990
2180
2357
2524
2667
2743
2725
2641
2548
2471
2392
2283
2130
1929
1676
1395
1127
898
683
446
188
-74
-324
-549
-731
-854
-936
-1007
-1071
-1110
-1113
-1098
-1081
-1064
-1039
-1007
-970
-915
-834
-743
-668
-608
-542
-463
-388
-329
-283
-254
-244
-249
-249
-240
-235
-250
-278
-304
-328
-353
-372
-382
-388
-396
-400
-391
-365
-334
-308
-286
-267
-251
-236
-213
-177
-128
-79
-29
28
88
149
210
275
337
386
417
441
460
478
499
529
568
603
622
632
641
658
686
729
797
876
952
1017
1075
1132
1175
1189
1176
1146
1097
1034
956
878
784
648
452
203
-95
-455
-877
-1337
-1799
-2241
-2646
-2986
-3241
-3415
-3526
-3573
-3513
-3322
-3016
-2628
-2182
-1697
-1203
-718
-227
282
785
1225
1575
1848
2067
2252
2418
2577
2719
2810
2828
2783
2708
2618
2513
2378
2208
1990
1720
1412
1100
811
537
262
-14
-284
-537
-755
-923
-1030
-1080
-1097
-1099
-1079
-1031
-968
-912
-876
-853
-834
-813
-772
-707
-626
-565
-537
-512
-464
-391
-307
-232
-175
-150
-160
-174
-169
-151
-151
-188
-250
-324
-401
-461
-490
-494
-491
-495
-499
-491
-474
-456
-438
-414
-393
-373
-350
-313
-262
-206
-145
-70
17
109
197
280
348
399
434
469
512
555
595
630
658
673
680
685
694
705
721
750
796
857
930
1002
1070
1126
1166
1193
1202
1188
1146
1076
989
901
814
717
588
410
172
-127
-480
-867
-1275
-1702
-2141
-2565
-2938
-3222
-3408
-3492
-3483
-3393
-3225
-2971
-2631
-2213
-1745
-1258
-779
-321
120
552
969
1346
1658
1902
2090
2251
2404
2562
2713
2832
2892
2887
2827
2729
2604
2452
2255
1999
1689
1343
989
646
320
10
-293
-581
-846
-1066
-1222
-1305
-1332
-1320
-1288
-1245
-1188
-1129
-1072
-1021
-978
-943
-904
-849
-774
-681
-583
-484
-389
-289
-178
-61
42
118
160
173
164
128
70
-7
-110
-238
-372
-483
-558
-599
-613
-607
-588
-564
-531
-492
-442
-391
-347
-313
-288
-261
-230
-181
-121
-52
11
66
120
176
242
323
416
501
561
593
605
617
625
633
643
648
642
625
615
630
671
731
803
879
966
1050
1127
1185
1209
1198
1156
1094
1017
933
844
743
627
479
307
111
-102
-355
-663
-1024
-1431
-1857
-2285
-2672
-2983
-3198
-3328
-3388
-3379
-3291
-3108
-2823
-2449
-2014
-1557
-1111
-688
-281
121
524
920
1286
1594
1834
2028
2211
2408
2610
2789
2928
3005
3009
2941
2827
2690
2519
2294
1997
1635
1242
849
486
158
-131
-395
-641
-859
-1039
-1159
-1215
-1214
-1187
-1156
-1135
-1106
-1061
-1016
-993
-989
-979
-944
-879
-775
-627
-448
-286
-178
-96
3
124
225
277
280
243
155
33
-78
-159
-236
-351
-500
-637
-732
-779
-786
-754
-703
-663
-654
-656
-646
-616
-572
-528
-490
-453
-405
-337
-247
-135
-6
126
251
353
439
519
595
662
706
730
735
728
705
681
668
672
684
697
705
709
724
757
804
868
938
1010
1070
1111
1140
1162
1164
1133
1074
995
896
773
644
526
412
274
93
-128
-378
-664
-996
-1371
-1764
-2155
-2527
-2852
-3094
-3228
-3259
-3213
-3111
-2951
-2729
-2442
-2101
-1727
-1349
-996
-664
-342
-1
365
749
1135
1495
1813
2079
2311
2535
2750
2928
3036
3060
3005
2879
2691
2461
2213
1948
1659
1336
997
674
385
132
-93
-295
-479
-645
-799
-927
-1022
-1082
-1107
-1114
-1114
-1108
-1083
-1032
-959
-880
-794
-694
-580
-468
-367
-264
-151
-53
5
31
51
73
69
28
-28
-76
-130
-209
-302
-378
-441
-508
-589
-659
-697
-718
-741
-764
-770
-753
-725
-701
-668
-619
-557
-496
-433
-355
-259
-156
-61
29
123
222
320
414
506
597
677
740
790
831
863
880
883
881
877
865
849
829
813
802
799
804
819
831
838
838
838
833
818
795
767
720
639
540
451
379
306
224
145
69
-40
-208
-416
-641
-883
-1170
-1502
-1837
-2142
-2409
-2625
-2764
-2810
-2776
-2691
-2570
-2422
-2244
-2039
-1793
-1510
-1212
-908
-593
-244
127
502
884
1279
1654
1953
2159
2312
2451
2569
2629
2626
2595
2541
2445
2307
2160
2034
1902
1718
1472
1195
920
642
357
83
-154
-355
-530
-681
-802
-870
-884
-864
-844
-839
-839
-834
-847
-895
-951
-954
-894
-827
-786
-741
-646
-527
-450
-420
-376
-292
-228
-241
-291
-296
-247
-216
-234
-256
-240
-227
-272
-360
-418
-419
-418
-461
-519
-531
-493
-461
-453
-438
-382
-310
-269
-261
-248
-197
-129
-76
-35
21
104
201
289
368
455
559
662
739
790
839
888
917
910
879
861
852
827
782
741
731
738
725
680
639
625
620
584
521
477
464
457
419
352
286
242
199
136
58
-10
-63
-122
-217
-355
-520
-698
-896
-1125
-1380
-1632
-1840
-1982
-2066
-2117
-2144
-2132
-2083
-2020
-1968
-1909
-1792
-1591
-1337
-1080
-825
-538
-202
148
461
719
954
1186
1387
1522
1614
1725
1893
2075
2204
2265
2290
2306
2293
2216
2084
1930
1773
1595
1386
1164
963
793
642
486
305
107
-89
-268
-428
-568
-681
-763
-821
-874
-928
-975
-1013
-1056
-1108
-1145
-1135
-1081
-1010
-952
-895
-825
-747
-679
-627
-573
-504
-436
-391
-369
-342
-287
-220
-176
-169
-187
-212
-232
-249
-263
-269
-273
-278
-291
-305
-318
-323
-313
-297
-275
-258
-238
-208
-161
-103
-41
20
80
142
216
306
401
497
581
655
723
781
822
851
879
904
918
907
878
846
819
779
723
662
619
599
581
547
498
450
411
372
333
297
272
251
215
163
112
74
46
8
-46
-111
-186
-277
-388
-510
-626
-738
-865
-1024
-1206
-1381
-1509
-1580
-1618
-1667
-1752
-1846
-1912
-1928
-1899
-1825
-1696
-1514
-1306
-1100
-902
-688
-441
-177
85
327
550
764
975
1195
1427
1655
1853
2004
2103
2172
2228
2274
2313
2324
2291
2205
2071
1909
1731
1545
1348
1138
917
690
471
272
105
-37
-172
-310
-454
-583
-695
-794
-880
-961
-1029
-1099
-1166
-1227
-1260
-1261
-1248
-1245
-1258
-1260
-1230
-1165
-1079
-984
-899
-820
-752
-685
-612
-532
-446
-363
-290
-226
-172
-126
-86
-60
-43
-39
-32
-14
16
55
89
113
127
136
137
134
133
149
179
222
267
313
355
393
430
466
503
534
559
581
606
638
666
678
667
638
600
564
533
512
496
475
443
405
375
359
360
364
358
338
309
286
276
276
273
251
209
156
112
84
64
33
-33
-133
-261
-392
-522
-651
-791
-949
-1103
-1234
-1332
-1410
-1491
-1591
-1698
-1781
-1808
-1775
-1698
-1601
-1502
-1404
-1289
-1147
-973
-781
-584
-387
-175
57
304
551
782
984
1162
1328
1487
1644
1796
1929
2028
2089
2109
2091
2049
1993
1931
1867
1805
1729
1628
1502
1352
1195
1045
906
771
629
473
309
155
17
-111
-254
-434
-646
-853
-1003
-1077
-1105
-1152
-1263
-1436
-1600
-1692
-1687
-1622
-1565
-1557
-1587
-1607
-1564
-1458
-1330
-1238
-1194
-1160
-1081
-925
-719
-527
-405
-349
-310
-235
-96
85
251
365
426
464
510
577
646
697
716
713
705
705
718
724
711
676
628
583
553
541
542
539
524
491
449
405
371
361
368
388
405
400
367
318
273
250
252
267
278
276
265
260
266
280
285
276
257
245
250
271
287
284
252
204
150
101
53
1
-64
-147
-242
-358
-488
-628
-757
-864
-951
-1043
-1158
-1294
-1435
-1544
-1604
-1617
-1602
-1590
-1574
-1541
-1473
-1361
-1228
-1094
-965
-830
-663
-454
-218
18
227
401
557
715
889
1076
1257
1416
1545
1644
1722
1779
1821
1854
1876
1885
1876
1840
1781
1709
1630
1545
1443
1321
1181
1040
911
793
677
542
384
210
32
-137
-301
-456
-599
-730
-846
-963
-1087
-1221
-1352
-1464
-1541
-1583
-1598
-1603
-1600
-1591
-1571
-1532
-1477
-1412
-1333
-1235
-1113
-967
-812
-667
-542
-437
-337
-234
-119
3
117
209
274
321
357
385
411
427
434
441
449
465
488
511
518
508
491
491
515
554
591
609
605
588
567
551
536
523
512
494
462
415
360
307
260
221
187
156
131
114
113
118
122
121
115
117
139
185
239
288
313
318
316
315
312
299
271
227
179
127
65
-5
-93
-196
-314
-438
-564
-672
-752
-813
-871
-948
-1045
-1145
-1222
-1260
-1261
-1244
-1222
-1203
-1182
-1145
-1080
-999
-904
-804
-702
-587
-452
-298
-136
17
148
260
366
477
607
749
887
1005
1088
1139
1179
1212
1256
1305
1348
1373
1377
1358
1328
1296
1257
1214
1162
1089
1009
929
850
772
685
577
457
333
211
106
6
-100
-213
-335
-459
-571
-675
-770
-853
-931
-1007
-1082
-1159
-1227
-1273
-1298
-1303
-1298
-1292
-1282
-1258
-1222
-1164
-1094
-1018
-938
-852
-757
-650
-531
-411
-300
-198
-98
16
139
259
371
461
538
606
668
721
760
789
813
836
858
853
808
738
680
655
644
610
537
453
399
378
353
300
222
154
123
112
97
68
35
11
-7
-30
-57
-77
-78
-69
-65
-78
-93
-101
-102
-102
-100
-92
-77
-64
-60
-56
-45
-27
-10
2
5
13
19
19
5
-13
-29
-46
-72
-111
-159
-217
-281
-344
-398
-431
-460
-504
-570
-637
-679
-689
-684
-678
-675
-664
-638
-602
-561
-506
-434
-357
-287
-221
-150
-62
38
141
229
302
373
445
524
612
701
777
831
870
902
944
994
1041
1070
1073
1061
1043
1024
1002
965
906
827
739
648
557
463
357
237
103
-34
-162
-273
-376
-475
-576
-673
-763
-847
-927
-988
-1015
-1019
-1019
-1033
-1051
-1048
-1017
-954
-877
-806
-750
-704
-640
-546
-428
-321
-247
-195
-132
-44
59
147
207
245
279
318
359
399
439
472
485
476
460
451
449
448
441
415
373
324
289
270
250
209
155
110
80
55
24
-4
-27
-49
-75
-101
-118
-120
-113
-98
-89
-94
-110
-110
-75
-28
-8
-19
-18
28
82
86
54
52
109
173
169
115
91
129
179
174
122
90
103
133
132
88
37
17
36
57
33
-36
-94
-95
-65
-63
-119
-192
-224
-210
-201
-238
-299
-339
-337
-325
-335
-371
-403
-401
-372
-352
-349
-344
-317
-273
-225
-184
-149
-104
-49
13
71
123
166
211
267
319
353
374
406
442
460
466
478
491
487
470
459
454
438
403
367
362
373
329
216
136
176
256
217
54
-71
-48
49
62
-49
-168
-175
-113
-100
-158
-209
-212
-195
-181
-187
-223
-255
-243
-213
-214
-237
-248
-248
-257
-267
-257
-248
-259
-272
-257
-239
-276
-350
-367
-276
-179
-214
-345
-403
-317
-222
-225
-278
-301
-284
-236
-181
-163
-186
-177
-100
-21
-14
-50
-28
87
207
219
153
145
236
329
354
353
375
402
408
403
404
419
454
470
438
382
365
396
411
370
299
250
253
297
298
217
124
124
192
192
73
-53
-44
70
136
59
-91
-166
-120
-26
2
-84
-214
-258
-158
-33
-57
-213
-321
-269
-146
-93
-160
-265
-303
-259
-207
-212
-264
-312
-322
-295
-272
-297
-358
-387
-356
-322
-337
-380
-382
-332
-281
-272
-285
-270
-235
-216
-210
-156
-55
-5
-34
-35
62
160
167
140
166
253
337
372
363
361
402
456
504
535
511
453
477
626
706
578
422
447
577
611
540
447
374
352
391
414
308
145
81
143
178
61
-123
-197
-119
-65
-192
-415
-491
-365
-249
-341
-559
-656
-550
-404
-422
-600
-734
-642
-420
-349
-531
-712
-623
-367
-263
-399
-551
-493
-262
-105
-192
-373
-358
-136
41
9
-125
-169
-43
165
236
104
-34
25
214
341
309
173
98
255
492
440
131
49
356
613
516
288
192
259
432
578
483
225
191
417
549
421
262
228
264
345
382
246
41
57
279
336
97
-149
-135
56
142
-3
-210
-233
-98
-71
-213
-312
-260
-210
-252
-316
-347
-341
-306
-282
-311
-364
-398
-398
-329
-239
-256
-386
-409
-276
-208
-273
-293
-214
-196
-226
-181
-107
-129
-181
-92
53
63
-71
-103
63
219
207
81
81
204
314
324
280
267
295
391
458
435
360
365
437
464
468
468
404
316
329
415
424
254
108
174
346
266
-46
-188
-16
194
75
-252
-430
-228
-5
-139
-413
-481
-313
-241
-292
-421
-503
-459
-311
-212
-336
-539
-595
-261
-20
-233
-555
-486
-163
-13
-73
-329
-399
-157
139
61
-195
-171
1
141
124
82
-29
72
319
316
115
59
298
358
312
234
235
298
323
380
304
249
174
256
375
311
175
92
280
313
162
13
18
174
245
186
-151
-230
99
324
31
-430
-299
120
205
-213
-424
-162
5
-94
-271
-282
-244
-127
-42
-150
-268
-264
-127
-125
-208
-219
-93
-10
-109
-185
-198
-67
11
-77
-218
-164
73
138
-10
-244
-187
107
215
-31
-238
0
282
208
-79
-54
174
211
127
102
163
162
186
200
195
187
156
119
122
219
237
160
116
142
136
112
110
115
104
122
137
99
33
-25
55
159
157
-68
-223
15
285
110
-311
-251
108
143
-155
-246
-37
-26
-216
-235
-123
-244
-256
-70
-142
-490
-526
-138
-18
-254
-555
-494
-154
50
-107
-438
-479
-114
244
61
-312
-323
79
340
227
-138
-302
145
575
461
-99
-196
299
734
418
-252
-120
517
824
332
-142
-104
315
576
274
14
-49
205
299
164
15
-43
182
122
-61
-188
5
212
-5
-173
-186
-53
-109
-224
-174
-46
-70
-390
-411
-106
24
-182
-435
-387
-130
-40
-260
-336
-62
66
-153
-278
-99
100
57
-83
30
149
58
60
110
171
171
174
190
56
47
171
391
332
-35
-97
192
425
294
2
-57
200
329
182
-98
-78
323
352
-62
-345
-49
207
109
24
-192
-293
-131
115
19
-286
-263
-134
-61
-170
-223
-65
-26
-59
-226
-297
-130
64
158
-32
-92
-111
-153
2
128
168
-36
-95
-23
11
92
22
26
-8
-16
-131
-247
120
356
124
-286
-297
10
70
77
-61
-38
153
47
-195
-345
74
438
184
-268
-465
52
391
117
-312
-189
389
214
-328
-342
206
510
116
-276
-200
302
412
1
-120
217
403
115
-84
64
323
369
158
-84
-76
212
325
86
-219
-6
314
93
-389
-448
131
322
-99
-487
-378
-67
-123
-227
-294
-253
-193
-242
-309
-277
-97
-190
-240
-131
-68
-191
-324
-46
225
218
-157
-381
37
476
390
-145
-226
287
595
290
-247
-124
523
796
250
-402
-136
572
715
135
-371
-62
599
657
-14
-492
-106
480
480
-51
-467
-224
301
478
10
-569
-413
117
251
-140
-406
-194
60
38
-348
-516
-157
97
-38
-331
-271
-122
-199
-147
-61
-58
-206
-172
-18
-45
8
42
70
-112
-154
182
362
146
-241
-1
452
467
50
-387
-125
508
658
9
-448
-16
493
303
-278
-411
88
518
204
-408
-487
-32
309
151
-219
-363
-215
47
72
-75
-186
-181
-77
-76
-34
-40
-30
22
-1
85
-37
-141
10
367
374
-65
-84
129
293
213
72
16
54
337
282
38
-109
48
269
122
-75
-137
10
142
72
-54
-115
-56
-88
-160
-64
-7
-92
-137
-65
61
-39
-252
-212
17
99
-140
-291
-78
168
150
-182
-363
-168
89
141
-74
-176
-94
-14
103
125
-45
-202
-56
167
42
-199
-50
332
353
-142
-456
-52
417
328
-136
-292
81
376
203
-233
-276
124
268
-28
-248
-17
280
213
-86
-338
-251
106
280
71
-167
-105
84
168
38
-162
-159
64
178
-20
-70
156
258
20
-223
-119
77
184
170
93
3
-73
-4
122
128
-86
-188
53
235
49
-242
-92
232
172
-230
-407
-18
342
213
-185
-298
-41
123
56
-91
-110
13
169
163
-108
-285
-96
168
141
-53
-172
-122
39
132
-34
-242
-185
4
89
-55
-208
-135
68
70
-152
-246
-157
-2
26
-52
-44
51
23
-165
-141
85
138
-18
-54
130
209
119
18
1
97
234
236
45
-14
203
359
256
27
-94
1
212
289
155
18
3
43
18
-77
-35
170
191
-96
-287
-146
77
126
-13
-178
-210
-147
-83
-53
-16
9
-74
-229
-308
-173
51
139
-5
-269
-317
-102
102
83
-70
-132
-90
-45
-104
-89
165
280
21
-324
-257
105
243
146
14
0
0
-35
-5
58
160
142
-9
-153
-102
191
327
160
-117
-177
-31
68
89
90
169
160
-25
-159
-110
95
239
183
-26
-169
-59
109
189
159
52
-74
-148
-43
118
165
108
50
-2
-116
-146
1
176
195
30
-152
-216
-102
72
127
39
-100
-170
-158
-71
10
-5
-75
-133
-166
-179
-122
-25
25
-20
-184
-307
-204
-1
60
-16
-99
-168
-207
-164
-57
53
109
11
-152
-158
26
136
39
-24
49
128
84
52
143
229
198
53
-6
85
238
308
231
138
89
98
95
105
154
148
93
43
70
85
32
-29
-55
-17
8
-20
-88
-83
-1
-14
-128
-213
-166
-53
47
20
-139
-211
-103
18
-31
-125
-94
20
64
-53
-166
-87
99
108
-80
-171
-42
131
128
-34
-145
-82
28
0
-80
-25
105
93
-83
-218
-146
47
122
-9
-160
-110
37
43
-94
-151
-42
63
23
-89
-87
33
136
123
-14
-132
-55
189
310
160
-13
24
181
218
104
30
145
329
304
65
-79
65
296
306
98
-52
38
209
211
63
-31
7
65
36
-61
-114
-51
54
33
-143
-273
-208
-68
-52
-153
-204
-154
-96
-98
-145
-176
-148
-94
-88
-124
-106
-46
-50
-129
-174
-135
-55
-13
-37
-86
-96
-56
-18
-24
-49
-43
-1
41
33
6
31
101
115
43
-2
53
121
102
46
43
111
168
127
22
-25
29
96
96
53
31
40
38
-6
-50
-25
35
38
-28
-87
-63
25
74
-7
-124
-110
7
50
-20
-56
-2
44
3
-63
-54
20
72
34
-49
-69
13
94
51
-61
-81
6
66
31
-14
-6
13
7
-9
-9
20
72
90
32
-35
-15
64
96
55
12
19
47
50
20
4
23
42
34
-4
-33
-18
24
26
-38
-90
-74
-23
-18
-69
-108
-85
-44
-56
-106
-107
-50
-7
-16
-46
-59
-40
7
53
58
36
34
64
76
49
39
79
122
109
60
39
61
84
72
29
-4
1
18
11
-26
-59
-62
-59
-77
-97
-99
-87
-85
-99
-116
-127
-121
-100
-95
-96
-86
-75
-75
-78
-57
-30
-21
-20
-3
27
37
37
53
86
105
93
76
76
98
122
120
95
84
96
99
68
30
36
64
62
27
-2
6
18
10
-4
-9
-4
-6
-11
-10
1
3
-14
-25
-17
-8
-6
-6
6
14
-1
-25
-32
-21
-3
6
-2
-21
-36
-34
-21
-16
-24
-38
-46
-39
-27
-22
-22
-18
-12
-20
-38
-38
-7
22
9
-19
-19
7
25
16
-6
-12
3
17
12
3
5
16
14
2
-1
6
7
1
4
14
18
11
12
16
9
1
7
23
27
19
16
20
16
8
7
13
18
17
12
7
8
8
-2
-15
-14
3
15
9
-9
-16
-12
-6
-6
-7
-3
0
4
0
-11
-18
-11
8
14
4
-10
-6
-5
-13
-13
-4
5
-1
-15
-19
-10
4
5
-12
-23
-10
3
2
0
7
8
-16
-27
-1
26
20
-4
-12
-4
1
2
10
18
14
-3
-7
5
18
15
6
6
8
3
-4
6
21
16
-6
-17
-1
12
6
-6
-1
9
0
-18
-21
-3
10
8
-3
-10
-8
0
8
11
8
7
1
-2
9
24
19
4
-1
10
20
13
-1
1
13
13
-5
-26
-20
6
11
-15
-41
-33
-7
-1
-28
-45
-31
-14
-13
-28
-31
-19
-9
-13
-17
-8
5
7
-4
-13
-5
14
26
24
12
6
15
26
28
23
23
27
25
20
17
21
31
30
19
9
10
22
23
15
7
6
5
3
7
8
5
-7
-13
-11
-7
-2
-6
-15
-26
-28
-14
-8
-17
-22
-21
-17
-24
-31
-20
-12
-12
-19
-29
-23
-22
-19
-13
-13
-8
-8
-17
-19
-15
-3
0
-1
6
2
-7
-9
-1
15
14
9
10
14
20
13
8
14
24
30
23
12
16
23
25
15
6
13
20
23
16
6
-1
-3
4
9
4
0
-4
-4
-5
-12
-8
0
3
-3
-14
-13
-7
-2
3
8
4
-19
-46
-41
1
29
18
-21
-37
-21
-5
-6
-8
5
20
11
-13
-23
-8
10
15
4
-1
4
7
8
7
4
0
-2
7
17
19
10
-2
-5
-7
-6
-4
7
12
5
-6
-10
-5
2
4
2
3
9
11
6
1
-3
-2
0
4
6
8
7
6
3
-1
-1
1
4
3
