5
4
5
4
4
2
1
1
0
0
-1
-1
-1
-1
-1
-2
-1
-2
-1
-1
-1
-2
-2
-2
-2
-3
-2
-1
-2
-1
0
-2
-1
-2
-4
-2
-3
-1
-1
-1
-2
-2
-1
-3
-2
-2
-3
-2
-1
0
-2
-1
0
-1
-1
-1
-1
-3
-2
-1
-1
-1
0
1
0
1
1
1
2
2
2
3
3
4
3
2
5
4
3
2
3
3
0
1
-1
0
0
-1
0
1
-1
-1
1
0
0
0
0
1
3
3
4
3
3
3
1
2
1
0
0
-2
-1
-2
-3
-3
-5
-5
-5
-6
-5
-5
-6
-6
-5
-3
0
1
2
3
3
3
5
6
5
7
5
4
4
1
2
0
0
-2
-4
-5
-3
-4
-5
-4
-3
-2
-1
0
0
2
4
4
3
3
4
3
2
2
0
0
-1
-1
2
2
2
0
0
-1
-1
-1
-2
-1
-1
0
0
0
2
1
-1
-2
0
-2
0
-1
2
1
-1
0
2
3
2
5
3
3
3
2
0
1
1
-1
-2
-2
-3
-4
-5
-4
-4
-3
-3
-3
-2
-2
-1
1
-1
0
-2
-1
-2
-2
-1
-2
-2
-1
0
-1
0
0
0
-1
0
0
0
0
0
-2
-2
-3
-2
0
0
2
4
3
2
4
1
3
2
1
2
2
1
1
0
0
-1
-2
-2
0
0
1
1
1
0
0
0
1
0
1
2
3
4
4
3
3
2
2
1
2
3
2
2
3
4
2
1
0
1
1
-1
0
0
-1
-1
-1
-1
-1
0
2
1
2
1
0
0
1
2
2
3
2
0
0
-1
-3
-4
-3
-6
-6
-5
-5
-5
-6
-6
-5
-4
-4
-3
-3
-3
-1
1
1
0
-1
-2
-1
-1
-1
-2
-3
-3
-4
-3
-2
-1
-1
0
2
1
2
0
0
2
0
0
1
0
1
1
1
0
1
1
1
0
1
2
3
3
2
3
4
4
4
5
5
4
5
6
4
5
4
5
5
5
6
5
4
5
3
2
1
1
0
2
2
1
1
1
0
1
1
1
-1
-1
-2
-2
-2
-4
-3
-5
-6
-6
-6
-5
-6
-5
-6
-6
-6
-6
-5
-4
-5
-6
-5
-6
-6
-6
-8
-6
-7
-8
-7
-7
-6
-6
-7
-5
-5
-3
-1
0
1
3
4
2
4
4
6
6
5
5
3
5
5
5
5
7
5
6
5
5
5
5
5
6
6
6
6
5
4
4
4
2
3
5
4
5
3
3
3
4
4
4
4
3
3
2
2
1
1
-1
-1
0
-1
0
0
-1
-1
-1
-1
-1
-2
-4
-4
-2
-3
-3
-5
-4
-2
-3
-4
-4
-4
-3
-2
-4
-3
1
0
1
1
-1
0
1
-1
-3
-3
-2
-2
-3
-5
-5
-3
-5
-8
-8
-6
-6
-4
-6
-6
-7
-6
-6
-10
-10
-13
-19
-25
-28
-28
-33
-42
-40
-37
-32
-31
-36
-38
-36
-32
-30
-35
-31
-18
-9
-4
3
13
21
24
26
33
43
51
55
61
68
82
92
93
100
108
120
133
134
143
151
160
177
187
196
209
213
230
248
254
265
260
267
282
274
261
234
215
213
199
177
162
150
155
146
117
82
46
6
-40
-85
-117
-134
-145
-167
-185
-202
-225
-260
-302
-331
-344
-349
-351
-338
-308
-278
-266
-272
-284
-298
-322
-359
-401
-436
-462
-480
-488
-501
-512
-507
-489
-481
-495
-516
-523
-526
-554
-597
-623
-619
-597
-586
-590
-592
-590
-593
-621
-673
-710
-692
-612
-509
-392
-231
-16
213
391
535
685
842
968
1059
1152
1266
1370
1437
1477
1506
1506
1457
1369
1258
1151
1050
960
884
824
787
762
738
704
664
626
590
554
512
482
467
467
472
464
446
404
332
238
129
15
-105
-215
-304
-381
-458
-539
-616
-684
-739
-784
-816
-837
-851
-868
-885
-900
-917
-933
-931
-888
-821
-781
-762
-721
-650
-603
-595
-577
-519
-468
-456
-450
-435
-448
-497
-513
-497
-541
-656
-728
-684
-624
-643
-658
-558
-414
-376
-430
-444
-399
-402
-484
-563
-620
-707
-799
-882
-1061
-1368
-1534
-1265
-766
-473
-356
40
776
1327
1462
1583
2004
2418
2481
2441
2651
2967
3036
2847
2677
2582
2413
2117
1756
1405
1110
915
796
664
524
450
424
342
210
151
179
195
164
171
282
422
504
513
486
459
406
288
100
-110
-343
-682
-1121
-1471
-1594
-1665
-1922
-2264
-2406
-2352
-2372
-2508
-2513
-2317
-2121
-2022
-1840
-1477
-1097
-871
-751
-584
-362
-204
-166
-165
-111
-29
17
36
79
119
98
38
2
-11
-25
-26
-2
25
65
162
296
401
478
573
681
756
824
917
1005
1047
1081
1162
1264
1321
1316
1279
1227
1143
1022
923
895
885
802
652
549
528
505
403
263
152
84
48
27
-11
-55
-58
-40
-94
-202
-225
-166
-176
-287
-379
-426
-519
-703
-1128
-2041
-3200
-3741
-3278
-2720
-2925
-3227
-2499
-1175
-689
-1051
-939
-13
617
440
465
1343
2300
2508
2308
2422
2724
2684
2229
1660
1229
948
803
695
543
458
456
383
110
-170
-200
-151
-265
-449
-380
-23
311
485
625
834
1036
1091
1059
1028
952
724
371
106
-57
-294
-633
-914
-1100
-1372
-1664
-1687
-1479
-1408
-1556
-1567
-1262
-921
-747
-627
-435
-246
-143
-52
86
227
298
290
271
304
382
408
328
210
123
72
18
-33
-68
-120
-191
-247
-269
-272
-279
-294
-309
-276
-169
-27
82
156
248
368
506
621
701
758
807
842
837
819
830
829
779
714
697
690
624
515
399
276
129
6
-62
-128
-243
-356
-421
-449
-489
-589
-825
-1241
-1754
-2263
-2766
-3285
-3632
-3530
-3040
-2570
-2332
-2049
-1453
-774
-404
-272
6
536
1075
1504
1940
2421
2805
2976
2972
2866
2681
2409
2046
1667
1408
1332
1330
1262
1142
1047
946
743
465
244
125
38
-49
-54
102
350
550
659
742
834
861
787
688
633
588
482
343
231
125
-50
-320
-617
-875
-1109
-1404
-1771
-2099
-2245
-2213
-2121
-2047
-1958
-1796
-1597
-1428
-1301
-1184
-1071
-957
-807
-593
-351
-138
19
139
229
290
319
281
161
9
-90
-119
-124
-141
-173
-229
-323
-405
-392
-309
-258
-278
-287
-213
-74
75
224
378
509
586
636
737
885
1022
1112
1186
1250
1279
1278
1294
1323
1308
1236
1156
1101
1051
987
929
897
878
828
736
655
617
572
471
352
278
232
155
67
21
-22
-117
-240
-326
-380
-455
-586
-788
-1092
-1467
-1795
-1982
-2045
-2088
-2191
-2330
-2402
-2339
-2164
-1956
-1754
-1580
-1452
-1352
-1218
-1015
-800
-654
-575
-472
-275
-15
236
454
667
881
1071
1241
1439
1630
1724
1718
1723
1783
1805
1719
1583
1478
1393
1299
1228
1215
1223
1199
1156
1140
1159
1169
1129
1024
871
709
559
419
290
186
104
14
-86
-166
-205
-230
-286
-374
-446
-483
-513
-569
-639
-688
-726
-802
-917
-1012
-1058
-1091
-1138
-1154
-1103
-1022
-960
-907
-840
-776
-743
-733
-721
-716
-725
-731
-708
-663
-610
-560
-505
-448
-380
-302
-224
-161
-117
-76
-12
71
142
168
167
188
253
340
406
457
519
595
661
710
776
868
950
991
1010
1035
1062
1062
1033
998
970
934
891
855
832
793
683
486
228
-49
-350
-703
-1078
-1376
-1543
-1648
-1779
-1913
-1946
-1872
-1783
-1723
-1626
-1469
-1329
-1243
-1114
-869
-583
-374
-229
-34
239
512
729
931
1169
1410
1584
1692
1809
1945
2013
1955
1838
1755
1691
1553
1337
1145
1032
942
833
741
704
682
609
492
395
335
265
152
30
-56
-104
-163
-244
-305
-326
-353
-419
-494
-548
-608
-705
-795
-821
-821
-876
-979
-1045
-1068
-1117
-1203
-1257
-1263
-1274
-1315
-1313
-1226
-1126
-1080
-1060
-1002
-923
-881
-865
-823
-741
-658
-587
-486
-340
-197
-107
-49
28
124
206
259
307
362
419
464
516
586
667
730
781
835
898
949
975
990
1003
1009
1008
1011
1032
1054
1057
1050
1042
1031
1005
970
948
943
928
901
868
836
798
741
677
612
539
462
385
311
236
159
66
-49
-207
-418
-700
-1058
-1456
-1798
-1997
-2094
-2208
-2390
-2551
-2585
-2500
-2379
-2243
-2068
-1878
-1751
-1669
-1512
-1230
-938
-764
-661
-489
-220
50
267
472
707
940
1140
1341
1568
1762
1848
1846
1834
1845
1822
1715
1545
1383
1265
1187
1131
1102
1092
1071
1018
956
939
950
916
791
632
522
471
428
371
320
274
198
85
-15
-62
-106
-212
-352
-436
-449
-466
-538
-622
-683
-762
-880
-989
-1028
-1046
-1110
-1188
-1180
-1076
-982
-966
-974
-949
-920
-931
-946
-911
-861
-853
-863
-800
-663
-544
-486
-438
-358
-282
-233
-181
-98
-26
-1
30
115
231
303
317
341
401
464
497
544
634
729
782
823
903
1020
1114
1150
1162
1173
1180
1180
1180
1185
1170
1133
1090
1055
1014
948
873
789
680
544
388
175
-142
-564
-997
-1328
-1532
-1670
-1822
-2014
-2202
-2302
-2274
-2145
-1986
-1852
-1766
-1705
-1626
-1455
-1177
-895
-714
-618
-485
-255
23
277
514
761
1003
1226
1444
1663
1827
1883
1847
1794
1777
1753
1669
1520
1351
1218
1131
1077
1034
986
905
788
685
631
618
571
446
282
156
77
16
-46
-102
-143
-198
-274
-340
-386
-451
-555
-661
-721
-751
-789
-840
-877
-905
-950
-998
-1017
-1016
-1039
-1083
-1087
-1036
-987
-965
-920
-833
-760
-747
-752
-705
-642
-626
-644
-610
-511
-409
-331
-240
-128
-47
-17
26
123
219
266
306
395
501
572
621
688
766
805
800
809
859
908
924
932
976
1042
1073
1045
1006
1002
998
957
896
853
823
773
706
667
653
622
558
490
426
362
295
239
192
100
-121
-522
-1039
-1462
-1606
-1550
-1594
-1877
-2195
-2305
-2232
-2151
-2043
-1811
-1600
-1644
-1812
-1682
-1197
-794
-779
-869
-683
-317
-96
-4
232
586
779
806
991
1434
1800
1828
1691
1685
1814
1868
1762
1590
1437
1289
1141
1055
1079
1143
1099
897
677
639
771
833
668
423
317
317
259
164
166
213
107
-137
-276
-220
-185
-346
-555
-603
-532
-522
-582
-597
-586
-674
-840
-911
-849
-813
-908
-1023
-1023
-931
-865
-850
-823
-780
-784
-824
-813
-732
-671
-686
-707
-649
-524
-420
-366
-330
-288
-258
-231
-167
-70
-3
11
26
106
218
300
347
385
424
447
467
515
578
616
625
648
714
792
832
835
830
829
829
838
872
914
932
919
908
922
945
948
916
867
815
764
707
620
441
81
-446
-945
-1185
-1167
-1169
-1414
-1783
-2010
-2039
-2015
-1966
-1788
-1578
-1605
-1838
-1849
-1420
-921
-786
-889
-797
-459
-174
-28
213
589
832
846
932
1313
1745
1874
1719
1596
1639
1708
1660
1510
1330
1131
921
762
721
792
831
697
426
247
309
452
425
225
56
-3
-52
-120
-92
20
19
-186
-390
-377
-251
-266
-434
-554
-542
-520
-570
-602
-562
-574
-729
-894
-883
-749
-710
-809
-869
-797
-702
-681
-663
-577
-513
-572
-645
-575
-411
-343
-403
-430
-339
-224
-177
-130
-27
59
47
7
58
166
199
143
122
192
273
299
328
416
504
517
499
549
651
702
676
666
726
798
814
800
811
823
783
725
719
754
756
697
646
642
639
583
494
436
395
325
221
111
-66
-421
-938
-1360
-1444
-1304
-1296
-1572
-1888
-1989
-1934
-1891
-1818
-1603
-1409
-1487
-1706
-1627
-1154
-719
-659
-747
-616
-309
-88
58
336
690
867
869
1009
1421
1826
1944
1827
1729
1748
1794
1782
1700
1555
1351
1129
961
918
980
1018
885
618
424
439
551
533
364
195
96
-11
-126
-135
-53
-78
-313
-561
-584
-440
-390
-513
-647
-683
-688
-722
-711
-620
-577
-703
-898
-952
-833
-732
-777
-886
-922
-885
-846
-788
-662
-533
-523
-606
-611
-479
-341
-340
-412
-426
-376
-325
-274
-172
-69
-60
-121
-114
1
122
153
141
159
210
265
334
438
524
536
505
519
605
691
707
675
660
690
739
792
845
869
834
772
749
785
818
790
724
677
663
655
645
646
647
601
491
336
106
-269
-750
-1137
-1267
-1250
-1329
-1556
-1764
-1843
-1864
-1874
-1772
-1547
-1411
-1519
-1663
-1523
-1119
-770
-648
-591
-430
-232
-83
107
432
760
890
882
990
1306
1633
1776
1753
1701
1674
1639
1583
1516
1421
1257
1034
823
705
702
731
673
504
343
298
329
311
211
80
-65
-244
-400
-430
-361
-363
-516
-681
-695
-602
-551
-583
-617
-633
-690
-772
-762
-626
-508
-555
-745
-922
-990
-955
-831
-630
-437
-393
-524
-653
-612
-438
-266
-97
150
418
528
438
296
224
181
118
97
165
222
153
30
18
148
279
303
228
90
-87
-254
-307
-200
-31
75
104
148
267
414
526
575
588
578
555
562
639
764
856
895
932
997
1040
1007
907
771
596
403
263
199
117
-116
-583
-1273
-2076
-2750
-3045
-2950
-2732
-2678
-2781
-2827
-2664
-2320
-1881
-1412
-1034
-889
-910
-773
-226
585
1275
1681
1932
2162
2338
2439
2542
2653
2628
2393
2131
2089
2256
2396
2333
2114
1846
1576
1276
940
571
176
-232
-579
-751
-691
-477
-294
-263
-339
-368
-284
-185
-193
-299
-409
-480
-499
-436
-280
-154
-213
-457
-694
-799
-853
-968
-1132
-1250
-1315
-1351
-1324
-1195
-1042
-1016
-1112
-1191
-1157
-1090
-1069
-1055
-956
-771
-559
-319
-43
222
368
395
393
443
506
522
497
478
496
544
604
656
667
602
475
337
234
168
106
48
25
73
172
283
381
453
505
534
564
611
662
695
718
773
889
1039
1159
1208
1177
1099
1001
909
814
710
589
463
344
242
156
65
-47
-189
-343
-515
-742
-1098
-1655
-2407
-3205
-3804
-4018
-3872
-3587
-3359
-3187
-2916
-2470
-1921
-1401
-987
-659
-385
-89
339
954
1657
2260
2673
2961
3197
3336
3288
3066
2791
2543
2302
2042
1812
1671
1591
1477
1276
1021
735
396
-10
-411
-719
-910
-1015
-1043
-943
-692
-349
-31
198
346
452
525
544
509
435
326
173
9
-101
-146
-199
-351
-596
-845
-1044
-1207
-1364
-1502
-1598
-1644
-1642
-1597
-1512
-1395
-1268
-1166
-1085
-1004
-888
-724
-546
-375
-203
-24
159
320
476
626
726
748
709
652
604
549
477
398
324
253
187
136
109
90
66
42
25
22
28
55
112
192
285
378
481
599
722
840
929
978
1000
1011
1036
1062
1071
1053
1004
937
850
738
612
479
357
230
76
-86
-215
-291
-354
-451
-582
-738
-949
-1276
-1748
-2313
-2876
-3331
-3602
-3673
-3568
-3323
-2960
-2513
-2041
-1572
-1075
-535
-26
348
587
826
1171
1600
2022
2387
2688
2895
2988
2991
2954
2892
2748
2479
2119
1748
1443
1210
1004
803
606
413
213
5
-176
-315
-437
-569
-680
-707
-627
-477
-302
-115
80
268
427
540
572
506
353
145
-88
-323
-534
-704
-848
-983
-1091
-1150
-1158
-1143
-1142
-1163
-1210
-1281
-1341
-1354
-1319
-1257
-1175
-1057
-894
-707
-507
-305
-123
13
103
183
270
346
394
420
436
436
419
393
369
339
292
221
137
56
-7
-49
-66
-63
-45
-17
28
93
182
290
405
517
619
712
806
907
1002
1078
1134
1173
1192
1185
1150
1105
1054
978
873
764
671
585
486
371
244
106
-42
-191
-326
-447
-569
-728
-959
-1266
-1626
-2021
-2449
-2877
-3225
-3425
-3490
-3437
-3246
-2903
-2476
-2044
-1586
-1051
-487
-4
373
724
1072
1386
1662
1949
2243
2464
2587
2669
2758
2814
2783
2667
2497
2273
1991
1691
1413
1128
810
495
240
46
-134
-294
-391
-428
-456
-479
-451
-368
-295
-259
-206
-109
-9
24
20
42
72
52
-19
-80
-126
-210
-350
-485
-563
-629
-725
-819
-869
-899
-959
-1031
-1067
-1067
-1069
-1082
-1065
-1007
-936
-878
-811
-712
-600
-489
-372
-244
-121
-14
76
148
199
236
263
267
244
211
192
180
154
124
108
96
68
43
51
92
125
139
154
196
256
323
398
492
587
666
731
802
894
981
1043
1082
1113
1134
1129
1094
1040
982
927
864
790
708
610
491
349
200
68
-56
-212
-429
-696
-1000
-1342
-1733
-2162
-2585
-2948
-3220
-3394
-3443
-3339
-3101
-2789
-2438
-2019
-1507
-954
-434
42
507
939
1276
1527
1772
2026
2226
2334
2398
2474
2537
2554
2540
2521
2464
2317
2097
1856
1601
1302
969
639
321
5
-283
-504
-655
-764
-826
-823
-763
-691
-612
-496
-359
-261
-229
-211
-162
-115
-112
-128
-144
-193
-308
-422
-443
-392
-369
-414
-466
-486
-510
-563
-606
-618
-659
-775
-896
-936
-900
-865
-857
-836
-780
-707
-624
-504
-349
-214
-135
-81
0
99
179
218
227
217
191
166
163
181
189
168
147
158
194
228
254
269
265
246
233
249
292
334
366
398
450
523
611
705
792
861
910
943
974
1002
1023
1025
1001
959
912
859
790
698
594
482
355
216
77
-63
-235
-466
-753
-1070
-1411
-1798
-2212
-2602
-2929
-3193
-3389
-3454
-3354
-3143
-2889
-2576
-2139
-1596
-1045
-520
17
550
986
1304
1597
1924
2207
2363
2430
2496
2555
2563
2541
2556
2573
2498
2324
2133
1962
1757
1485
1187
892
568
208
-121
-365
-555
-736
-876
-940
-946
-928
-868
-734
-581
-479
-419
-345
-257
-199
-173
-146
-126
-158
-216
-226
-186
-162
-193
-242
-271
-308
-360
-401
-432
-497
-627
-765
-851
-891
-927
-972
-1001
-1008
-1009
-987
-912
-793
-676
-594
-524
-416
-282
-148
-34
63
140
179
187
199
230
259
257
236
231
252
282
316
354
389
399
389
377
384
408
428
437
448
486
548
623
713
814
914
994
1047
1094
1141
1179
1192
1176
1135
1070
980
872
757
646
529
398
249
82
-104
-322
-580
-871
-1192
-1552
-1944
-2341
-2711
-3023
-3263
-3394
-3401
-3298
-3119
-2871
-2515
-2052
-1537
-1000
-453
78
545
927
1277
1635
1953
2176
2309
2407
2481
2509
2514
2536
2557
2514
2383
2218
2057
1874
1645
1383
1105
802
460
130
-143
-372
-583
-769
-900
-976
-1008
-992
-916
-795
-674
-564
-458
-352
-254
-179
-125
-96
-91
-114
-152
-181
-192
-193
-208
-248
-293
-320
-340
-371
-417
-469
-544
-650
-755
-816
-834
-857
-895
-927
-925
-893
-839
-749
-629
-509
-424
-347
-240
-112
1
85
152
207
232
242
263
301
319
299
271
256
257
262
275
307
330
331
324
336
371
409
439
470
512
556
602
664
740
810
867
922
981
1036
1072
1084
1063
1019
958
894
829
758
675
572
442
294
138
-26
-218
-458
-740
-1060
-1409
-1789
-2175
-2534
-2845
-3103
-3284
-3362
-3326
-3195
-2989
-2694
-2298
-1822
-1309
-791
-269
230
674
1057
1411
1755
2046
2253
2392
2510
2605
2654
2672
2678
2661
2579
2432
2267
2105
1911
1666
1395
1107
786
431
95
-184
-427
-653
-842
-978
-1072
-1132
-1131
-1047
-915
-789
-678
-565
-450
-356
-280
-205
-139
-108
-121
-137
-122
-98
-102
-123
-134
-139
-167
-219
-266
-310
-386
-502
-614
-687
-747
-825
-905
-963
-994
-1012
-1007
-958
-873
-787
-713
-632
-521
-388
-260
-146
-46
43
113
167
216
266
306
319
311
305
322
352
380
403
424
438
438
437
455
487
513
522
526
546
575
609
652
710
774
828
877
932
989
1032
1049
1045
1028
993
930
851
764
667
558
436
307
172
14
-181
-415
-682
-976
-1307
-1679
-2068
-2440
-2764
-3023
-3188
-3239
-3188
-3062
-2866
-2573
-2172
-1694
-1194
-692
-204
237
619
967
1315
1647
1914
2098
2225
2327
2406
2462
2514
2554
2537
2442
2296
2150
2002
1813
1575
1305
1010
677
326
11
-252
-494
-738
-951
-1093
-1173
-1209
-1180
-1084
-958
-837
-720
-584
-446
-336
-255
-191
-145
-120
-109
-90
-81
-83
-76
-51
-24
-27
-53
-80
-111
-168
-236
-294
-360
-468
-595
-682
-725
-772
-842
-885
-875
-849
-821
-757
-640
-524
-448
-370
-248
-118
-32
19
76
131
161
178
213
259
281
281
289
319
349
369
383
403
411
416
426
440
449
446
442
447
463
487
520
556
594
632
684
754
825
886
927
948
940
899
846
797
742
659
554
440
326
197
53
-95
-270
-505
-813
-1172
-1557
-1963
-2357
-2695
-2948
-3120
-3216
-3216
-3108
-2911
-2628
-2242
-1767
-1262
-780
-320
132
554
926
1269
1595
1875
2069
2201
2333
2474
2594
2673
2731
2763
2731
2625
2492
2356
2174
1912
1591
1248
884
497
125
-194
-479
-757
-1011
-1191
-1285
-1321
-1313
-1241
-1118
-995
-893
-774
-621
-489
-429
-413
-389
-371
-391
-416
-385
-322
-301
-316
-297
-222
-152
-125
-106
-80
-98
-188
-301
-381
-449
-542
-651
-735
-789
-830
-848
-818
-751
-676
-597
-507
-406
-305
-205
-112
-35
16
59
113
172
217
257
304
345
370
396
440
493
527
545
570
595
601
586
567
550
523
495
488
509
540
560
572
593
620
655
700
751
788
797
771
728
686
653
626
588
536
469
395
314
219
127
19
-117
-298
-517
-763
-1046
-1373
-1750
-2133
-2482
-2755
-2952
-3075
-3098
-3019
-2856
-2645
-2362
-1967
-1491
-1021
-625
-256
135
523
851
1139
1447
1748
1969
2101
2238
2420
2600
2716
2772
2792
2753
2644
2483
2297
2079
1810
1496
1150
785
427
115
-136
-363
-586
-794
-942
-1029
-1082
-1112
-1098
-1043
-997
-971
-934
-841
-714
-618
-561
-503
-420
-344
-294
-249
-173
-94
-60
-64
-48
6
37
6
-54
-93
-125
-197
-298
-385
-447
-534
-654
-753
-789
-788
-803
-830
-828
-782
-727
-674
-598
-483
-359
-267
-191
-96
22
131
205
260
321
378
409
423
450
491
522
526
528
543
564
565
556
557
569
576
570
569
583
601
610
608
612
624
630
626
624
630
640
641
625
600
579
550
501
435
371
313
248
160
63
-32
-133
-267
-446
-658
-886
-1148
-1474
-1831
-2142
-2361
-2509
-2623
-2665
-2596
-2437
-2260
-2078
-1818
-1452
-1072
-779
-538
-253
86
397
663
959
1320
1667
1907
2083
2283
2504
2650
2675
2627
2554
2440
2254
2031
1820
1632
1422
1165
888
627
387
155
-81
-323
-557
-778
-967
-1115
-1216
-1261
-1248
-1191
-1120
-1039
-925
-770
-612
-490
-407
-343
-298
-281
-275
-239
-157
-61
13
72
136
194
224
225
214
188
114
-13
-152
-273
-375
-472
-551
-606
-645
-683
-720
-737
-724
-696
-663
-630
-589
-539
-476
-394
-304
-208
-107
-5
90
172
243
301
350
379
391
399
413
432
448
463
485
523
557
582
599
610
611
595
563
532
513
502
494
491
490
493
497
496
483
464
440
408
364
316
268
227
186
149
122
102
72
22
-33
-93
-172
-296
-467
-663
-888
-1168
-1490
-1770
-1937
-2018
-2083
-2127
-2096
-1972
-1839
-1746
-1624
-1401
-1115
-877
-699
-475
-138
249
595
902
1221
1540
1773
1887
1951
2037
2135
2192
2178
2129
2093
2075
2032
1930
1788
1628
1439
1182
861
543
285
61
-176
-416
-610
-741
-847
-947
-1016
-1043
-1049
-1057
-1052
-1016
-963
-914
-854
-761
-654
-578
-532
-457
-341
-236
-178
-131
-45
53
93
73
58
81
92
41
-47
-114
-155
-211
-300
-379
-416
-440
-490
-558
-600
-604
-593
-584
-566
-520
-456
-401
-355
-299
-228
-151
-85
-26
34
94
162
231
303
374
445
515
574
626
677
727
774
810
832
839
826
793
759
724
677
622
570
534
499
449
391
342
312
276
223
167
128
107
83
50
14
-18
-49
-87
-123
-148
-160
-171
-193
-222
-275
-369
-508
-675
-854
-1063
-1295
-1502
-1622
-1645
-1640
-1649
-1661
-1633
-1576
-1531
-1490
-1408
-1247
-1051
-856
-642
-372
-46
274
542
763
959
1131
1280
1422
1579
1747
1893
1997
2063
2106
2123
2108
2047
1944
1815
1669
1504
1325
1144
964
777
567
338
110
-99
-290
-466
-606
-703
-775
-840
-889
-899
-871
-849
-839
-818
-779
-755
-776
-800
-770
-701
-650
-627
-590
-519
-456
-444
-449
-421
-368
-337
-328
-297
-230
-177
-178
-203
-216
-230
-275
-340
-379
-370
-354
-356
-352
-310
-259
-238
-244
-229
-178
-126
-84
-38
27
89
119
133
159
200
236
267
311
373
435
486
534
591
645
678
697
712
733
744
736
711
673
626
568
502
437
385
348
315
275
236
201
174
143
119
110
114
116
101
76
56
37
10
-25
-56
-80
-109
-156
-229
-326
-443
-581
-721
-849
-943
-997
-1034
-1088
-1175
-1275
-1352
-1396
-1407
-1389
-1327
-1223
-1106
-994
-874
-712
-521
-350
-219
-97
51
224
399
570
745
911
1039
1129
1212
1314
1425
1509
1561
1583
1589
1580
1547
1495
1425
1341
1242
1135
1028
922
818
705
578
439
299
174
61
-52
-172
-286
-387
-471
-544
-618
-699
-788
-869
-926
-951
-962
-968
-968
-963
-957
-947
-925
-880
-821
-765
-713
-654
-584
-515
-459
-409
-358
-315
-285
-248
-202
-148
-106
-77
-47
-13
18
35
44
60
81
98
107
113
123
134
132
125
127
141
156
175
200
234
262
276
287
302
323
337
354
370
386
390
385
376
367
354
339
323
310
304
300
298
298
294
284
270
256
246
240
233
225
219
216
215
220
224
226
221
204
177
146
105
50
-20
-98
-189
-289
-397
-503
-601
-697
-795
-895
-982
-1053
-1109
-1156
-1190
-1198
-1185
-1160
-1123
-1064
-981
-882
-780
-673
-555
-419
-279
-139
6
156
305
442
569
693
818
934
1036
1126
1204
1274
1327
1363
1385
1397
1397
1380
1345
1296
1237
1166
1084
990
887
783
677
568
454
343
239
139
37
-69
-175
-275
-378
-482
-580
-668
-748
-817
-880
-935
-981
-1020
-1052
-1076
-1089
-1091
-1087
-1074
-1056
-1031
-1001
-966
-926
-881
-832
-776
-716
-648
-572
-492
-411
-326
-242
-157
-73
5
80
149
215
276
330
381
428
470
504
532
556
578
597
614
627
638
646
650
649
647
640
632
618
596
573
543
510
471
429
388
345
307
269
235
207
180
159
141
127
118
110
106
104
105
104
99
92
84
70
53
34
9
-18
-51
-90
-135
-187
-242
-303
-370
-440
-511
-587
-664
-739
-811
-881
-945
-1000
-1045
-1079
-1098
-1102
-1089
-1062
-1020
-963
-891
-809
-717
-614
-504
-389
-268
-146
-24
100
221
340
457
565
669
767
856
940
1013
1076
1130
1174
1208
1232
1245
1249
1242
1227
1201
1166
1125
1075
1017
954
886
813
735
653
568
482
392
299
206
111
15
-81
-176
-272
-365
-458
-549
-634
-716
-793
-864
-929
-987
-1034
-1074
-1103
-1122
-1132
-1131
-1119
-1100
-1072
-1038
-994
-944
-889
-830
-768
-702
-632
-560
-488
-420
-353
-284
-215
-145
-79
-14
47
108
170
232
289
342
391
440
486
529
565
598
624
647
665
678
684
687
687
685
675
662
648
636
619
598
572
548
529
508
480
444
414
389
368
335
290
244
216
198
167
113
58
26
16
-4
-53
-113
-149
-150
-151
-184
-239
-275
-275
-260
-280
-329
-370
-383
-376
-392
-442
-500
-533
-542
-557
-599
-658
-699
-711
-713
-730
-758
-775
-763
-727
-694
-672
-645
-593
-518
-440
-375
-313
-239
-146
-50
32
105
181
264
348
421
484
542
602
659
706
747
780
809
837
857
870
878
880
879
873
861
842
820
794
761
725
682
635
584
526
464
399
332
263
187
110
32
-43
-120
-197
-276
-349
-418
-485
-549
-609
-662
-707
-747
-781
-810
-828
-837
-840
-838
-831
-812
-786
-755
-721
-683
-639
-589
-539
-489
-437
-380
-323
-265
-207
-152
-94
-38
12
61
109
154
193
228
259
285
312
333
341
348
354
356
354
347
334
320
315
304
287
269
254
244
237
225
209
199
198
195
194
191
190
194
204
210
217
227
238
251
264
274
283
296
306
307
312
310
305
301
287
265
241
220
190
154
115
74
29
-17
-66
-119
-169
-222
-277
-329
-379
-429
-477
-520
-562
-599
-629
-657
-678
-694
-701
-706
-702
-692
-678
-655
-621
-586
-542
-493
-440
-382
-319
-253
-187
-116
-46
29
101
169
236
300
361
419
472
516
557
591
619
642
655
663
665
661
655
643
623
597
573
543
510
476
439
397
354
314
270
225
183
141
101
62
28
-7
-38
-65
-88
-112
-133
-148
-164
-178
-190
-199
-211
-221
-230
-242
-255
-267
-281
-296
-310
-327
-347
-363
-379
-397
-415
-428
-442
-454
-462
-465
-467
-465
-456
-444
-426
-406
-382
-353
-322
-286
-248
-212
-170
-128
-84
-41
4
50
94
138
179
218
256
292
324
352
376
399
414
426
434
439
438
434
427
416
401
382
365
345
323
300
278
255
234
211
191
176
161
146
136
130
121
114
109
106
104
98
93
88
77
66
52
37
17
-7
-31
-58
-91
-123
-157
-192
-230
-267
-300
-333
-365
-394
-415
-436
-450
-460
-466
-463
-460
-451
-438
-421
-402
-379
-354
-327
-299
-271
-239
-207
-174
-142
-109
-76
-41
-10
21
51
81
111
140
169
196
222
252
282
312
339
369
399
427
453
477
502
525
543
553
560
565
568
559
541
518
492
462
422
373
326
275
223
160
95
35
-21
-82
-148
-208
-263
-310
-363
-414
-456
-489
-515
-546
-570
-584
-587
-584
-581
-574
-557
-527
-496
-463
-433
-395
-345
-300
-259
-225
-181
-134
-91
-63
-40
-10
22
44
49
54
67
83
86
73
66
74
83
80
66
64
81
99
101
99
117
148
175
186
201
233
268
291
301
317
348
373
380
380
388
400
396
381
365
355
336
302
262
231
204
163
107
55
21
-13
-60
-112
-157
-184
-210
-243
-278
-300
-309
-317
-329
-339
-339
-329
-318
-312
-302
-284
-263
-246
-229
-211
-190
-166
-146
-131
-113
-91
-71
-54
-43
-29
-11
11
30
34
33
51
89
109
93
79
111
168
176
131
117
178
237
214
157
165
240
282
233
175
196
269
285
216
156
181
238
225
147
85
97
130
104
30
-31
-41
-44
-67
-107
-160
-223
-255
-240
-229
-285
-381
-411
-361
-314
-346
-421
-447
-387
-304
-287
-329
-347
-283
-186
-140
-152
-148
-80
0
34
33
63
129
171
168
174
214
247
244
232
243
256
248
227
210
204
211
207
165
112
114
171
177
101
44
80
153
159
115
84
104
148
180
182
157
141
151
184
203
178
120
84
106
131
100
9
-53
-53
-34
-65
-153
-218
-237
-226
-239
-281
-324
-356
-356
-339
-310
-325
-369
-387
-329
-251
-241
-291
-313
-239
-145
-111
-145
-155
-98
-23
25
37
51
54
90
162
212
198
166
203
251
262
245
236
216
194
222
228
177
110
129
165
97
27
61
143
66
-63
-5
155
159
-28
-67
102
239
181
38
34
153
283
280
149
40
110
308
324
108
-64
38
208
173
-39
-193
-150
-38
-21
-185
-374
-386
-225
-155
-368
-564
-477
-261
-269
-469
-547
-426
-256
-269
-389
-407
-266
-128
-144
-203
-196
-64
75
65
-27
-11
147
251
225
142
119
203
309
304
195
117
163
292
318
159
21
109
262
251
97
4
38
178
271
141
-38
-8
226
297
117
-8
61
246
260
132
59
133
266
195
65
60
157
184
34
-32
10
41
-18
-119
-130
-171
-216
-189
-209
-282
-339
-288
-260
-321
-303
-310
-344
-324
-210
-133
-227
-223
-88
1
-95
-165
43
200
91
-48
124
351
230
12
72
334
296
30
15
248
292
6
-89
59
85
-45
-122
-34
-11
-72
-180
-215
-99
-48
-62
-151
-189
-107
33
102
-87
-159
-12
154
203
52
-25
38
270
354
79
-33
132
403
374
45
-46
120
403
329
-5
-62
57
226
103
-34
-47
-139
-50
-30
-76
-234
-319
-111
-141
-199
-262
-283
-129
-145
-158
-241
-166
-106
-310
-94
231
116
-325
-298
227
332
34
-232
-69
293
331
-18
-154
177
283
23
-147
97
223
-30
-214
-129
151
155
-157
-379
-31
354
128
-315
-373
105
308
212
-46
-115
176
197
215
25
-51
207
309
245
-104
-64
262
313
170
-254
-339
37
253
107
-328
-321
88
78
-284
-517
-102
302
26
-357
-380
106
335
-29
-312
-79
399
256
-157
-196
189
431
95
-163
-87
356
378
-53
-240
-64
429
187
-286
-267
125
313
-199
-249
-66
13
24
-210
-192
-218
-6
84
-254
-240
-155
31
10
-99
-28
-172
35
132
-125
-100
82
321
50
-229
11
91
135
72
189
72
-314
-7
325
230
-260
-298
120
249
112
-303
-238
99
224
-71
-405
-12
298
158
-149
-181
87
183
255
134
9
77
126
237
209
114
95
142
157
29
31
28
-7
62
9
-77
-182
-223
-128
8
52
-291
-449
-199
9
-36
-293
-219
-76
-76
-137
-109
113
-4
-74
5
114
224
43
29
170
334
229
-81
53
305
363
141
-101
-7
132
117
75
21
-84
-165
-112
6
-111
-234
-135
-12
-96
-375
-334
7
120
-80
-216
-154
-34
9
26
81
31
-38
-60
80
173
10
-35
112
188
-3
-105
-4
85
103
88
60
-129
-56
86
124
98
-134
-72
47
201
150
-202
-131
108
187
-75
-250
107
264
86
-139
-203
46
107
-18
-88
-28
184
121
-134
-214
-1
124
-78
-55
258
264
-252
-354
215
443
-1
-391
7
407
163
-227
-278
184
305
-177
-415
-50
416
218
-242
-281
-89
147
122
-166
-174
99
190
-144
-257
31
138
-15
-216
-166
4
127
72
-69
-91
-131
-151
-20
152
55
-132
-155
-18
46
105
105
-167
-100
170
185
-53
-81
240
189
-3
-149
-122
143
213
142
-119
-140
31
58
128
-22
-93
-20
57
147
14
25
16
-37
71
-18
-34
11
145
188
-90
-123
-49
79
88
-38
54
107
64
-68
-74
37
0
-85
-57
7
27
-3
-154
-171
-68
35
-34
-168
-26
112
45
-159
-151
6
-18
-125
-62
102
-10
-155
-55
54
-22
-137
28
146
22
-38
-36
55
64
5
9
-22
55
127
99
-22
-136
17
169
11
-106
58
251
98
-206
-58
191
87
-134
-34
281
142
-87
-54
42
91
-5
-21
47
181
147
-69
-100
8
129
81
-84
-183
3
219
13
-237
-210
97
122
-275
-330
5
316
109
-332
-316
0
238
-15
-288
-48
222
180
-131
-221
-61
170
263
-7
-216
-127
189
238
3
-136
-169
-26
72
31
-57
-118
3
121
-72
-335
-252
151
301
-45
-226
-134
22
163
90
-62
-173
24
280
182
-32
-107
101
258
175
-44
-158
140
486
342
-188
-320
95
336
150
-63
-95
3
106
104
-28
-217
-106
82
46
-113
-198
-23
67
-15
-166
-227
-99
-10
61
37
-71
-143
-112
26
77
44
-52
-68
80
139
44
-53
8
72
-12
-62
4
137
120
-88
-206
-150
-5
-27
-152
-67
25
-45
-203
-186
-58
-108
-45
46
-56
-155
-5
299
172
-151
-182
-6
162
160
129
91
128
109
-115
-210
-21
206
181
93
43
-59
-66
-4
105
106
30
57
154
226
147
17
41
125
124
14
16
242
311
68
-125
-86
-12
-6
50
114
97
44
-104
-257
-174
99
146
-67
-212
-89
89
22
-242
-275
-10
48
-204
-211
28
31
-200
-248
-171
-273
-326
-49
247
155
-261
-365
-56
55
-120
-110
227
276
-110
-171
68
163
-5
-107
51
26
-96
-29
157
188
-143
-341
-178
32
52
-93
-23
237
125
-279
-219
268
447
109
8
236
191
72
200
458
379
41
186
504
365
-37
49
489
372
-86
-168
119
272
96
-137
-188
-105
-80
-105
-146
-218
-298
-222
-97
-274
-446
-298
-97
-137
-356
-356
-99
75
2
-186
-224
-81
30
58
50
-10
20
104
69
16
33
86
54
-91
-139
-76
-6
-91
-261
-133
70
-85
-334
-214
144
118
-278
-395
-2
341
129
-180
-5
321
186
-56
179
506
406
108
81
273
336
236
117
142
284
317
210
111
151
257
158
-82
-106
113
275
144
-143
-257
-148
-41
-12
-23
-4
-25
-112
-189
-170
-63
-113
-203
-121
-79
-102
-74
-10
-90
-220
-104
28
-45
-136
-36
47
-135
-311
-255
-81
-5
-28
-33
-119
-208
-97
10
-139
-251
-62
69
-41
-201
-209
157
381
-57
-504
-208
426
369
-148
-157
228
378
11
-338
-78
358
429
114
-112
22
251
296
40
-218
-128
209
226
-79
54
379
283
-73
-159
64
153
179
179
30
-77
-86
36
129
0
-58
28
-7
-114
-166
-21
105
-90
-322
-312
-102
33
-29
-156
-232
-17
185
-18
-198
-16
216
121
-121
-121
136
312
160
-137
-197
83
304
112
-212
-174
150
213
-110
-333
-124
152
23
-223
-135
128
184
-54
-249
-158
66
144
47
-27
-24
68
163
77
-74
-90
53
143
25
-91
-30
155
231
3
-253
-161
147
206
-1
-82
25
84
20
-102
-107
89
246
149
-49
-103
-1
80
-5
-178
-240
-89
101
74
-89
-99
68
145
-29
-222
-153
32
59
-95
-180
-56
78
68
-49
-87
59
114
-24
-124
-69
0
-52
-106
-37
98
128
19
-37
4
54
74
91
97
74
54
23
-7
7
97
250
319
198
11
17
210
230
41
-9
144
179
-39
-222
-167
-30
-88
-367
-513
-347
-102
-17
-122
-280
-303
-160
-15
6
29
149
155
-74
-258
-186
47
198
154
66
76
205
265
165
83
35
25
43
29
5
-24
5
-36
-207
-284
-175
50
176
121
-38
-137
-10
138
96
48
204
366
256
114
169
262
216
77
8
44
139
164
52
-85
-172
-197
-197
-222
-220
-169
-152
-268
-334
-193
-84
-108
-90
-12
-2
-29
48
115
122
146
146
119
103
84
72
92
88
-23
-111
-70
-31
-74
-124
-151
-185
-196
-123
-17
24
-13
-60
-87
-137
-184
-130
-36
-29
-82
-96
-25
50
93
119
150
181
162
128
144
204
226
158
89
76
97
95
28
-17
-50
-125
-160
-96
-11
-22
-82
-80
41
207
204
100
132
224
178
62
74
149
180
151
75
44
51
20
-38
-98
-136
-117
-88
-140
-242
-251
-180
-131
-142
-168
-146
-102
-114
-183
-226
-181
-116
-91
-67
-19
24
35
16
25
89
131
97
72
99
140
184
180
74
-31
-15
62
84
52
16
-21
-70
-136
-181
-141
-32
30
13
10
56
50
1
-19
-23
-21
15
72
87
47
6
-36
-42
22
106
150
189
239
242
161
65
10
12
51
81
88
89
36
-86
-181
-197
-184
-160
-129
-114
-68
-18
-64
-136
-112
-78
-116
-101
50
176
141
18
-64
-77
-52
-2
90
176
177
105
27
-2
2
-4
-29
-58
-56
-31
-24
-27
-18
-47
-152
-232
-204
-133
-91
-63
-51
-93
-177
-201
-101
32
63
36
68
102
53
18
78
139
116
70
89
159
195
151
72
15
-8
-17
2
59
83
32
-51
-111
-132
-78
8
31
19
46
64
23
-29
-32
20
80
107
113
134
144
109
51
13
23
74
109
89
46
16
-7
-42
-86
-108
-86
-47
-32
-45
-69
-91
-107
-125
-137
-116
-52
11
20
-9
-20
-25
-44
-42
2
48
60
64
82
74
13
-42
-43
-28
-27
-5
37
40
-4
-43
-50
-43
-33
-11
11
20
17
9
-10
-27
-18
4
8
8
18
20
6
6
24
18
-13
-29
-15
-5
-8
1
22
24
-1
-27
-23
9
26
10
-19
-28
-7
27
40
19
5
14
25
15
-2
-4
7
16
9
-10
-14
3
16
1
-32
-39
-6
26
15
-14
-16
-4
-3
5
27
44
29
0
-8
18
39
27
7
-2
-9
-14
2
18
17
-3
-22
-31
-32
-22
-9
-13
-33
-56
-66
-62
-47
-26
-17
-30
-42
-33
-14
-5
0
14
24
20
20
45
69
61
26
2
12
38
57
56
40
14
-8
-12
-7
-4
-8
-19
-27
-30
-23
-9
0
-17
-49
-58
-29
3
17
24
39
45
25
9
22
42
40
23
22
37
41
26
16
16
13
-2
-22
-30
-22
-7
-2
-11
-22
-27
-32
-40
-38
-27
-18
-15
-13
-7
-5
-9
-11
-11
-14
-9
7
18
11
1
2
3
-9
-24
-22
-5
5
2
0
6
6
-8
-23
-21
-12
-8
-6
1
10
11
4
2
5
2
-4
0
18
30
27
15
5
-1
-8
-9
2
15
19
12
0
-6
-8
-6
-4
-6
-3
1
1
-5
-12
-15
-14
-10
-7
-2
3
7
6
1
3
14
21
20
11
6
13
16
7
-5
-9
-4
1
7
11
14
15
10
3
-3
-3
0
2
2
-1
-4
-1
6
5
-4
-9
-9
-6
-11
-17
-16
-7
0
-1
2
7
11
6
-1
-7
-9
-11
-8
-2
3
3
1
-2
-8
-13
-12
-4
1
-2
-10
-14
-13
-12
-12
-10
-6
2
4
3
2
0
-5
-11
-12
-5
6
16
