1
2
-1
-1
-3
-4
-3
-3
-4
-4
-4
-5
-5
-5
-4
-4
-3
-3
-3
-2
-1
-1
0
0
-1
0
0
0
-1
-1
-1
-1
-3
-3
-3
-2
-3
-3
-2
-2
-1
1
1
3
2
3
3
5
5
6
8
6
5
3
4
3
1
2
1
1
1
1
0
0
0
0
-1
0
-1
-2
-1
-1
0
-2
-1
-2
-3
-3
-3
-4
-4
-3
-4
-5
-2
-2
-1
1
-1
0
2
1
1
3
2
4
5
5
5
4
5
4
3
4
3
0
0
-1
-1
-1
-1
-3
-2
-3
-5
-5
-6
-5
-4
-3
-3
-3
-3
-4
-3
-3
-1
0
0
0
0
0
3
3
5
4
3
1
1
0
-1
-1
-3
-2
-2
-3
-3
-2
-2
-2
-2
0
-1
2
2
3
4
4
5
3
3
5
5
6
6
6
6
6
5
5
4
3
2
0
-1
-1
-3
-2
-3
-3
-4
-5
-4
-5
-5
-4
-5
-5
-4
-3
-4
-2
-2
0
-1
-1
-1
0
-1
0
0
-1
0
0
1
0
0
0
-2
-2
-2
-2
-1
-2
-1
-3
-4
-2
-2
-2
-2
0
0
0
1
1
2
2
2
2
2
4
5
6
6
6
6
6
5
6
4
3
3
2
2
1
0
0
0
0
0
0
-1
-2
-1
-2
-2
-4
-1
-2
-4
-3
-4
-4
-3
-2
-2
-2
-2
-1
0
1
1
2
0
1
1
1
1
1
1
1
1
1
0
1
0
0
-2
-2
-1
-3
-3
-5
-4
-6
-5
-5
-6
-6
-6
-6
-6
-4
-2
0
-1
0
3
3
3
3
5
5
5
5
3
3
2
1
0
0
1
-1
-1
0
0
-3
-1
0
-1
-1
1
2
4
4
5
6
5
6
6
6
7
5
5
5
4
3
3
1
0
0
-1
-3
-3
-3
-3
-2
-5
-3
-3
-4
-3
-4
-3
-3
-3
-2
-4
-3
-2
-1
0
-1
0
0
1
3
2
4
4
6
6
5
5
4
2
1
-1
-2
-3
-4
-5
-5
-5
-5
-6
-6
-7
-7
-6
-7
-7
-4
-5
-3
-2
-2
0
0
1
1
1
1
2
2
3
3
3
3
1
2
1
-1
-3
-1
-2
-3
-2
-3
-1
-1
-2
-2
0
0
1
3
6
6
5
8
8
7
6
6
5
6
7
6
5
4
3
4
4
4
3
3
2
0
-2
-2
-3
-3
-2
-1
-1
0
-1
-1
-1
-2
-2
-5
-3
-6
-6
-5
-5
-1
-2
-1
0
1
0
1
2
1
0
0
1
-2
-1
-2
-3
-4
-4
-4
-6
-5
-6
-9
-7
-7
-10
-8
-8
-6
-5
-6
-4
-3
-1
0
-1
-1
0
1
1
1
0
1
1
-1
0
1
2
3
3
4
4
4
5
4
3
5
7
7
8
6
7
6
4
4
3
3
3
4
7
7
9
11
11
9
9
8
6
6
7
8
9
10
10
10
11
10
6
5
5
3
-1
-1
-2
-1
-1
-3
-7
-10
-20
-30
-34
-38
-38
-38
-41
-42
-40
-40
-39
-50
-55
-57
-60
-60
-66
-68
-64
-63
-62
-69
-84
-98
-107
-120
-126
-143
-152
-148
-145
-135
-136
-141
-134
-130
-124
-120
-124
-117
-106
-93
-78
-63
-45
-22
3
25
45
68
87
108
128
148
180
207
230
257
279
318
351
371
400
418
453
500
518
536
543
549
572
560
539
514
487
464
442
419
400
383
364
345
324
307
287
269
255
235
208
177
132
76
10
-62
-137
-215
-276
-320
-354
-386
-395
-397
-420
-445
-456
-483
-531
-576
-603
-639
-688
-710
-727
-769
-811
-825
-839
-876
-904
-891
-880
-890
-881
-848
-820
-811
-782
-733
-694
-667
-634
-601
-584
-581
-597
-601
-578
-525
-441
-331
-154
63
277
488
706
908
1044
1147
1238
1309
1355
1375
1403
1417
1391
1365
1333
1271
1180
1086
1013
945
877
838
829
821
811
817
832
825
806
799
783
751
715
678
620
533
445
363
267
163
74
3
-80
-176
-260
-349
-454
-566
-656
-719
-770
-804
-817
-807
-786
-779
-788
-803
-804
-817
-868
-904
-905
-897
-904
-875
-799
-764
-757
-699
-627
-624
-647
-596
-551
-602
-659
-642
-630
-702
-759
-739
-718
-718
-676
-587
-546
-539
-476
-394
-362
-357
-293
-205
-189
-201
-184
-178
-302
-541
-718
-754
-713
-678
-568
-263
168
573
895
1225
1570
1804
1914
2012
2156
2250
2226
2186
2188
2159
2031
1846
1646
1406
1139
905
712
526
366
282
243
209
214
272
328
345
371
430
462
450
432
419
362
271
211
176
98
-46
-192
-314
-466
-668
-861
-1016
-1169
-1320
-1410
-1435
-1453
-1472
-1459
-1412
-1352
-1255
-1116
-973
-856
-731
-594
-487
-431
-395
-363
-345
-324
-297
-303
-350
-375
-352
-348
-396
-421
-395
-397
-445
-435
-347
-262
-205
-114
23
146
229
300
379
451
473
440
405
429
477
474
438
431
432
386
317
286
282
239
152
74
31
-6
-66
-138
-201
-260
-353
-574
-975
-1428
-1661
-1556
-1323
-1159
-929
-418
234
691
930
1207
1541
1700
1663
1693
1878
2010
1964
1881
1875
1839
1650
1346
1020
700
406
178
24
-78
-127
-122
-94
-49
31
133
204
201
119
6
-27
68
148
84
8
77
163
57
-189
-389
-580
-854
-1103
-1209
-1278
-1415
-1522
-1487
-1378
-1310
-1270
-1222
-1181
-1120
-979
-754
-522
-314
-116
72
226
312
335
312
249
166
91
54
28
1
-33
-51
-23
12
24
-4
-25
-5
26
44
35
49
114
202
262
298
374
465
474
435
481
603
623
523
467
526
561
517
491
465
356
188
101
45
-80
-180
-177
-134
-154
-136
-67
-115
-234
-276
-268
-394
-592
-981
-1988
-3276
-3699
-2958
-2480
-2979
-3043
-1644
-125
-24
-296
499
1584
1576
1080
1601
2646
2894
2517
2594
3109
3116
2621
2159
1764
1189
608
391
280
77
-30
54
102
-30
-4
217
294
134
46
297
616
759
817
964
1174
1181
958
704
540
299
-187
-675
-904
-995
-1255
-1661
-1914
-2013
-2145
-2305
-2333
-2224
-2125
-1992
-1724
-1352
-975
-650
-392
-250
-163
-17
143
225
247
323
431
466
465
460
428
292
135
59
3
-90
-173
-165
-132
-126
-79
8
54
42
105
243
328
348
420
582
705
766
812
866
887
858
808
702
574
462
360
267
201
174
83
-58
-99
-32
-41
-180
-211
-62
78
28
-97
-79
49
110
-9
-117
-46
60
9
-114
-66
17
-92
-251
-245
-222
-396
-595
-913
-1853
-3244
-3883
-3320
-2887
-3367
-3508
-2183
-613
-380
-592
213
1421
1550
1109
1659
2874
3365
3084
3156
3703
3765
3207
2607
2149
1537
834
427
208
-34
-213
-240
-309
-551
-672
-549
-481
-594
-624
-316
134
446
655
851
1012
1031
955
900
807
605
288
-9
-209
-396
-640
-978
-1312
-1570
-1735
-1816
-1877
-1884
-1836
-1736
-1598
-1408
-1124
-851
-669
-546
-355
-62
186
316
372
448
507
480
431
408
363
213
39
-44
-96
-210
-354
-410
-397
-395
-369
-265
-134
-60
2
126
273
374
433
507
580
626
661
706
758
777
747
715
725
739
656
497
417
473
537
491
381
279
181
118
105
101
91
138
210
182
113
170
275
190
-49
-149
-113
-363
-1166
-2178
-2821
-3159
-3765
-4617
-4864
-4132
-3289
-3078
-2887
-1912
-681
-202
-180
419
1549
2278
2466
2900
3752
4286
4158
3855
3720
3466
2887
2241
1745
1357
1035
813
585
258
-9
-109
-217
-469
-625
-460
-164
3
148
515
1007
1307
1375
1452
1639
1753
1644
1437
1286
1133
826
369
-99
-516
-952
-1514
-2183
-2760
-3073
-3192
-3336
-3496
-3435
-3108
-2768
-2552
-2271
-1812
-1354
-1026
-687
-223
210
444
546
656
751
743
623
455
291
146
13
-101
-182
-239
-321
-433
-519
-554
-575
-570
-483
-305
-100
87
275
471
650
798
940
1098
1272
1438
1581
1688
1736
1730
1706
1657
1533
1335
1132
938
725
517
384
295
164
12
-65
-56
-18
35
119
195
213
202
246
372
502
522
423
340
345
318
152
-46
-137
-177
-278
-455
-766
-1333
-2073
-2674
-3028
-3425
-4089
-4748
-4923
-4533
-3967
-3560
-3191
-2544
-1667
-941
-479
65
905
1728
2215
2557
3108
3760
4069
3894
3569
3382
3215
2823
2279
1861
1617
1337
943
612
459
322
28
-338
-538
-501
-379
-311
-244
-43
283
598
838
1064
1314
1518
1594
1578
1574
1577
1469
1194
859
544
177
-337
-908
-1365
-1670
-1920
-2167
-2363
-2449
-2463
-2486
-2524
-2484
-2287
-1991
-1716
-1470
-1174
-829
-523
-306
-139
12
128
201
279
372
425
400
330
277
235
137
-15
-139
-178
-188
-242
-302
-286
-197
-111
-44
29
88
84
38
13
-8
-125
-360
-575
-594
-410
-187
-71
-24
79
263
465
640
794
912
963
995
1080
1199
1281
1323
1369
1420
1438
1418
1409
1424
1436
1423
1401
1377
1341
1272
1177
1078
979
852
689
522
378
232
59
-125
-302
-496
-718
-931
-1109
-1300
-1583
-1943
-2264
-2451
-2522
-2559
-2618
-2695
-2750
-2726
-2610
-2438
-2257
-2087
-1938
-1819
-1686
-1429
-1058
-735
-552
-389
-126
175
416
636
896
1126
1262
1384
1584
1806
1933
1944
1908
1878
1880
1885
1853
1769
1676
1610
1565
1542
1549
1552
1492
1389
1316
1284
1226
1113
982
872
768
655
557
481
391
244
91
2
-36
-100
-221
-349
-445
-531
-631
-734
-842
-965
-1102
-1226
-1318
-1376
-1428
-1489
-1530
-1525
-1493
-1459
-1421
-1382
-1354
-1326
-1264
-1172
-1091
-1033
-977
-912
-835
-741
-635
-544
-481
-426
-358
-273
-181
-92
-27
26
109
226
347
438
517
603
694
796
934
1083
1186
1232
1283
1355
1426
1477
1513
1515
1471
1422
1396
1368
1296
1205
1134
1083
1004
873
703
502
262
-35
-382
-755
-1149
-1543
-1849
-1999
-2041
-2106
-2227
-2308
-2287
-2208
-2104
-1955
-1778
-1660
-1602
-1490
-1245
-935
-668
-458
-258
-50
178
458
792
1113
1348
1518
1705
1924
2112
2207
2212
2149
2046
1937
1855
1778
1672
1528
1379
1266
1205
1178
1131
1006
820
653
550
477
389
273
148
25
-94
-180
-212
-224
-298
-442
-587
-675
-723
-770
-804
-832
-915
-1056
-1161
-1175
-1168
-1215
-1293
-1347
-1382
-1411
-1400
-1347
-1312
-1329
-1365
-1365
-1332
-1291
-1241
-1170
-1080
-983
-883
-782
-673
-571
-480
-380
-260
-141
-47
33
131
244
354
449
553
663
755
825
894
968
1029
1073
1116
1173
1225
1245
1243
1251
1283
1307
1308
1314
1345
1375
1370
1341
1322
1301
1245
1166
1089
1019
927
803
683
588
495
393
307
241
181
100
1
-111
-263
-461
-687
-951
-1273
-1642
-1994
-2233
-2348
-2436
-2567
-2709
-2776
-2755
-2686
-2582
-2397
-2178
-2024
-1934
-1774
-1455
-1091
-835
-664
-443
-155
114
359
654
1000
1282
1450
1611
1857
2103
2213
2183
2122
2088
2038
1935
1822
1726
1624
1501
1408
1402
1450
1449
1347
1206
1116
1070
997
870
743
637
511
350
223
172
127
-15
-219
-355
-386
-416
-522
-652
-726
-754
-797
-844
-866
-905
-1021
-1163
-1226
-1193
-1171
-1233
-1320
-1342
-1301
-1259
-1236
-1198
-1152
-1140
-1147
-1094
-961
-830
-765
-726
-645
-536
-454
-392
-303
-205
-147
-110
-18
130
253
311
360
449
532
563
579
629
684
695
688
727
802
857
879
915
985
1041
1061
1080
1134
1197
1237
1262
1284
1272
1217
1162
1135
1101
1017
904
792
675
532
375
205
-3
-273
-597
-970
-1378
-1739
-1955
-2038
-2128
-2311
-2492
-2545
-2489
-2423
-2343
-2193
-2027
-1952
-1925
-1747
-1378
-1011
-809
-666
-408
-69
210
433
715
1051
1306
1457
1634
1901
2137
2215
2177
2147
2156
2133
2028
1882
1754
1654
1540
1418
1353
1354
1319
1160
952
827
789
703
525
370
301
242
115
2
-20
-28
-150
-352
-504
-579
-665
-785
-857
-869
-914
-1026
-1112
-1102
-1078
-1138
-1245
-1300
-1304
-1311
-1306
-1241
-1162
-1141
-1149
-1106
-1018
-974
-992
-991
-940
-883
-845
-780
-678
-600
-569
-525
-421
-302
-228
-178
-96
19
124
217
327
441
520
573
650
755
843
887
921
968
1007
1019
1033
1069
1090
1064
1028
1031
1061
1055
1012
988
1003
1027
1036
1065
1120
1143
1088
995
946
932
898
819
734
655
541
366
141
-122
-457
-866
-1288
-1622
-1813
-1913
-2038
-2245
-2453
-2535
-2481
-2387
-2296
-2176
-2056
-2014
-1998
-1831
-1477
-1143
-1001
-940
-758
-467
-204
20
308
637
881
1040
1263
1591
1864
1953
1926
1918
1951
1950
1874
1759
1641
1517
1383
1278
1239
1240
1195
1056
884
778
744
693
572
423
308
215
123
66
73
76
-23
-205
-335
-339
-294
-306
-391
-482
-543
-581
-591
-560
-532
-589
-744
-881
-900
-831
-794
-834
-892
-902
-868
-823
-776
-743
-764
-841
-904
-868
-760
-690
-694
-710
-670
-588
-514
-452
-399
-370
-375
-362
-276
-148
-67
-41
-9
72
182
277
355
426
473
496
525
600
710
795
827
831
854
906
962
1016
1067
1101
1111
1124
1167
1227
1259
1244
1201
1162
1136
1115
1078
999
871
709
519
273
-50
-443
-872
-1257
-1515
-1631
-1711
-1885
-2145
-2361
-2441
-2411
-2328
-2204
-2075
-2018
-2020
-1921
-1602
-1195
-926
-821
-698
-462
-185
75
369
709
977
1124
1268
1534
1838
1998
1979
1895
1848
1801
1722
1618
1518
1400
1245
1110
1059
1087
1103
1020
850
692
631
637
617
521
397
283
163
55
4
9
-49
-235
-457
-559
-522
-479
-507
-569
-607
-648
-699
-706
-655
-625
-717
-862
-931
-886
-826
-829
-862
-887
-902
-923
-892
-805
-741
-769
-841
-831
-737
-643
-605
-591
-561
-542
-521
-460
-346
-264
-260
-271
-219
-94
21
108
177
241
286
332
430
556
654
677
677
702
755
817
874
934
972
994
1035
1123
1226
1267
1239
1189
1183
1212
1226
1203
1145
1061
964
892
871
867
797
622
363
61
-273
-647
-1047
-1429
-1727
-1901
-1999
-2113
-2271
-2400
-2453
-2460
-2447
-2372
-2221
-2074
-1989
-1875
-1608
-1236
-928
-736
-555
-314
-67
146
395
728
1060
1283
1430
1619
1858
2043
2101
2072
2021
1956
1854
1719
1584
1467
1347
1210
1085
1019
1006
969
855
694
570
504
449
359
258
172
88
-23
-129
-179
-190
-224
-312
-400
-436
-449
-484
-534
-551
-536
-536
-558
-552
-514
-511
-577
-670
-732
-777
-844
-917
-949
-935
-927
-915
-871
-793
-729
-711
-706
-691
-667
-658
-645
-613
-580
-545
-489
-379
-254
-152
-89
-37
12
26
22
31
87
154
206
260
339
438
493
527
570
648
719
763
816
884
973
1038
1114
1217
1320
1381
1370
1347
1318
1284
1230
1185
1158
1096
997
856
715
518
198
-258
-753
-1065
-1138
-1094
-1268
-1843
-2695
-3449
-3713
-3415
-2757
-2161
-1927
-2092
-2436
-2655
-2599
-2259
-1722
-1064
-407
160
659
1193
1800
2334
2652
2739
2679
2520
2296
2138
2184
2432
2678
2743
2606
2309
1883
1371
867
432
25
-394
-758
-915
-793
-485
-157
56
111
35
-106
-243
-336
-393
-440
-472
-439
-288
-18
278
461
442
254
-18
-298
-526
-690
-803
-914
-1017
-1043
-952
-811
-740
-793
-938
-1118
-1280
-1363
-1319
-1160
-964
-770
-554
-295
-32
171
284
322
306
247
181
155
188
259
337
408
456
445
355
215
78
-34
-147
-265
-351
-365
-298
-168
-12
130
231
290
344
423
542
680
823
972
1130
1300
1466
1609
1721
1772
1750
1665
1546
1415
1268
1090
893
702
535
343
52
-384
-943
-1592
-2337
-3192
-4092
-4852
-5268
-5285
-5031
-4689
-4321
-3863
-3261
-2583
-1950
-1403
-881
-316
284
903
1568
2313
3076
3726
4191
4490
4642
4609
4389
4070
3741
3384
2943
2469
2095
1857
1636
1318
922
525
132
-305
-765
-1155
-1398
-1505
-1512
-1420
-1207
-890
-534
-198
95
339
511
583
552
453
315
150
-36
-204
-321
-389
-477
-634
-842
-1054
-1255
-1463
-1669
-1848
-1980
-2059
-2078
-2026
-1914
-1763
-1581
-1378
-1163
-955
-758
-558
-342
-121
87
277
461
648
822
949
1012
1017
981
912
811
684
541
397
259
143
63
21
10
19
32
51
70
77
81
95
143
223
332
455
602
772
952
1128
1280
1394
1452
1456
1432
1396
1351
1293
1221
1133
1022
902
789
668
522
342
148
-49
-260
-488
-748
-1062
-1460
-1932
-2467
-3091
-3786
-4412
-4793
-4883
-4822
-4676
-4341
-3738
-2990
-2321
-1723
-1044
-243
508
1051
1472
1943
2491
2990
3365
3676
3990
4233
4286
4135
3917
3728
3483
3057
2472
1924
1502
1111
672
260
-9
-205
-454
-728
-888
-916
-934
-1001
-1018
-908
-718
-526
-318
-45
263
536
725
834
867
815
677
461
200
-71
-326
-584
-855
-1112
-1310
-1438
-1526
-1604
-1673
-1740
-1823
-1917
-1977
-1966
-1887
-1764
-1609
-1412
-1165
-889
-602
-311
-37
186
326
413
500
599
680
706
695
675
658
634
586
524
453
379
297
197
94
12
-37
-52
-43
-3
65
140
210
289
389
490
568
642
743
861
966
1050
1130
1212
1273
1302
1311
1310
1298
1263
1207
1128
1006
849
685
532
374
202
20
-168
-397
-684
-1017
-1365
-1760
-2253
-2840
-3438
-3960
-4374
-4657
-4748
-4583
-4190
-3688
-3149
-2537
-1808
-1004
-240
426
1010
1530
1961
2308
2648
3035
3417
3695
3837
3906
3951
3955
3857
3644
3328
2910
2404
1859
1354
912
509
128
-224
-520
-739
-870
-926
-944
-937
-895
-825
-741
-623
-441
-226
-67
8
66
155
219
199
139
94
20
-151
-367
-530
-648
-817
-1046
-1226
-1327
-1426
-1565
-1664
-1655
-1599
-1568
-1537
-1434
-1278
-1143
-1025
-857
-642
-446
-281
-110
73
225
330
418
507
571
595
595
572
516
428
328
220
107
-4
-98
-167
-211
-229
-220
-198
-162
-103
-20
66
152
251
366
488
625
778
924
1042
1156
1299
1447
1540
1572
1580
1567
1503
1406
1324
1262
1163
1011
870
771
666
508
332
156
-71
-402
-798
-1209
-1671
-2239
-2865
-3438
-3910
-4297
-4576
-4663
-4515
-4198
-3807
-3350
-2758
-2030
-1261
-538
140
789
1360
1804
2177
2571
2978
3292
3464
3575
3691
3789
3830
3813
3735
3541
3200
2770
2314
1851
1366
879
384
-131
-622
-1000
-1230
-1372
-1477
-1517
-1463
-1352
-1220
-1038
-779
-519
-356
-279
-201
-102
-40
-25
13
74
74
-8
-79
-84
-110
-224
-366
-470
-593
-791
-985
-1089
-1158
-1287
-1425
-1464
-1417
-1373
-1326
-1202
-1023
-880
-781
-639
-433
-247
-127
-29
89
198
266
317
384
439
446
416
391
381
366
333
283
221
156
98
57
37
41
61
85
116
166
252
370
505
646
789
922
1037
1144
1254
1351
1413
1435
1428
1387
1316
1230
1150
1065
970
880
808
736
635
516
400
252
22
-299
-665
-1068
-1557
-2142
-2755
-3307
-3787
-4197
-4490
-4585
-4475
-4251
-3975
-3594
-3039
-2348
-1618
-897
-178
515
1098
1549
1949
2365
2757
3040
3207
3337
3468
3575
3648
3709
3742
3685
3496
3208
2861
2460
2013
1527
999
435
-116
-581
-934
-1198
-1385
-1482
-1500
-1471
-1397
-1245
-1025
-795
-608
-457
-322
-208
-126
-58
8
50
47
13
-18
-34
-53
-94
-161
-250
-362
-511
-682
-842
-978
-1125
-1306
-1475
-1572
-1611
-1637
-1641
-1571
-1425
-1263
-1090
-867
-602
-365
-192
-43
115
252
343
397
438
461
456
449
472
511
530
519
493
458
407
351
301
263
237
201
154
125
153
237
337
435
545
682
817
930
1055
1217
1369
1440
1454
1474
1504
1496
1439
1364
1286
1171
1012
857
733
613
439
200
-83
-410
-814
-1307
-1865
-2447
-3038
-3614
-4115
-4463
-4614
-4592
-4437
-4181
-3811
-3308
-2682
-1983
-1254
-524
159
748
1243
1695
2143
2543
2836
3024
3158
3261
3334
3395
3470
3542
3539
3424
3225
2981
2684
2316
1894
1437
939
411
-98
-530
-870
-1128
-1306
-1416
-1472
-1461
-1363
-1193
-1010
-854
-716
-576
-459
-380
-303
-206
-139
-156
-206
-205
-161
-146
-166
-164
-140
-175
-281
-383
-442
-525
-684
-872
-1019
-1136
-1263
-1369
-1395
-1351
-1294
-1233
-1120
-938
-744
-579
-438
-304
-173
-69
9
84
156
199
200
185
197
233
263
280
307
351
390
409
430
466
485
462
424
408
414
431
465
540
644
745
842
970
1117
1243
1330
1403
1463
1487
1471
1448
1438
1404
1327
1225
1113
977
803
604
381
104
-251
-683
-1188
-1773
-2406
-3026
-3583
-4065
-4444
-4657
-4699
-4622
-4452
-4133
-3624
-2978
-2284
-1559
-801
-69
564
1120
1664
2189
2611
2899
3116
3311
3471
3594
3713
3827
3869
3791
3622
3410
3152
2830
2453
2031
1548
999
450
-36
-447
-813
-1125
-1348
-1495
-1595
-1629
-1543
-1361
-1179
-1040
-904
-746
-617
-544
-469
-359
-284
-306
-363
-367
-326
-299
-282
-224
-151
-146
-216
-288
-336
-425
-586
-770
-921
-1060
-1209
-1320
-1349
-1322
-1297
-1271
-1199
-1073
-938
-808
-659
-486
-316
-175
-50
74
191
270
306
325
355
397
438
479
529
590
632
644
654
678
692
668
622
596
593
589
597
647
726
794
845
915
1008
1096
1159
1215
1276
1316
1317
1304
1295
1280
1236
1170
1092
991
859
688
475
208
-124
-530
-1014
-1593
-2246
-2911
-3518
-4036
-4439
-4682
-4751
-4691
-4554
-4300
-3856
-3241
-2554
-1861
-1162
-471
142
673
1196
1752
2268
2648
2918
3162
3396
3589
3756
3917
4027
4003
3852
3641
3396
3095
2733
2335
1877
1332
752
229
-207
-603
-954
-1205
-1351
-1467
-1562
-1556
-1423
-1262
-1155
-1075
-959
-837
-769
-721
-615
-459
-339
-300
-276
-211
-128
-74
-49
-13
15
-19
-132
-262
-354
-432
-551
-712
-865
-987
-1099
-1199
-1245
-1217
-1162
-1118
-1061
-956
-825
-714
-616
-503
-381
-285
-209
-120
-8
92
158
216
292
369
414
432
449
476
477
454
435
445
464
463
448
450
472
505
546
604
673
729
784
856
948
1043
1136
1218
1282
1307
1311
1320
1334
1321
1273
1213
1149
1069
971
854
685
423
63
-352
-825
-1396
-2057
-2716
-3307
-3842
-4320
-4627
-4684
-4564
-4382
-4139
-3720
-3122
-2472
-1853
-1223
-548
91
612
1081
1604
2157
2629
2984
3291
3584
3823
3998
4150
4274
4289
4147
3897
3575
3172
2694
2201
1716
1184
601
58
-372
-733
-1071
-1342
-1504
-1617
-1754
-1873
-1891
-1831
-1770
-1716
-1627
-1508
-1385
-1252
-1078
-880
-675
-477
-296
-168
-88
2
113
182
180
157
136
58
-99
-230
-278
-328
-464
-613
-683
-718
-799
-882
-876
-826
-840
-906
-906
-813
-719
-661
-571
-414
-253
-139
-27
133
295
392
435
486
557
607
616
617
633
639
625
607
608
618
614
603
597
595
596
611
640
664
668
671
697
748
816
887
960
1031
1093
1134
1149
1154
1151
1124
1048
926
800
682
545
361
123
-174
-541
-971
-1444
-1965
-2546
-3134
-3641
-4026
-4326
-4529
-4534
-4322
-4018
-3724
-3363
-2816
-2159
-1567
-1059
-509
116
691
1159
1640
2230
2829
3282
3607
3915
4211
4398
4443
4418
4342
4152
3822
3424
3034
2644
2229
1794
1349
874
381
-77
-467
-823
-1177
-1487
-1716
-1891
-2047
-2129
-2078
-1933
-1795
-1692
-1556
-1354
-1136
-956
-792
-601
-409
-284
-222
-145
-12
117
170
169
189
222
191
85
-11
-68
-166
-368
-590
-724
-812
-948
-1115
-1202
-1201
-1208
-1247
-1234
-1117
-976
-881
-788
-631
-442
-300
-197
-71
90
224
302
365
450
527
559
566
602
660
699
698
681
680
691
681
651
633
642
654
646
630
647
699
753
799
861
953
1039
1094
1134
1179
1225
1242
1228
1202
1177
1134
1068
991
914
805
628
386
103
-232
-641
-1111
-1604
-2121
-2686
-3242
-3670
-3911
-4052
-4149
-4134
-3937
-3646
-3387
-3119
-2694
-2125
-1595
-1180
-728
-120
548
1126
1648
2243
2868
3339
3595
3769
3965
4109
4099
3972
3841
3720
3528
3232
2900
2591
2270
1858
1342
791
264
-229
-709
-1163
-1537
-1804
-1995
-2149
-2251
-2264
-2180
-2062
-1968
-1901
-1807
-1649
-1459
-1270
-1071
-819
-521
-246
-31
174
412
627
731
735
728
732
683
561
433
353
261
90
-126
-302
-438
-603
-809
-985
-1074
-1111
-1147
-1163
-1108
-984
-851
-743
-640
-509
-371
-266
-187
-91
40
170
268
341
418
502
556
566
561
560
555
532
516
532
559
573
562
547
549
558
561
561
582
627
677
726
776
831
886
931
957
967
968
948
898
828
760
704
641
550
448
346
214
-5
-313
-651
-993
-1369
-1799
-2261
-2704
-3076
-3316
-3412
-3431
-3428
-3367
-3192
-2967
-2810
-2669
-2359
-1835
-1301
-896
-486
121
842
1433
1855
2291
2815
3249
3445
3529
3714
3990
4166
4136
4016
3928
3835
3601
3201
2757
2364
1973
1471
885
356
-40
-389
-812
-1281
-1650
-1866
-2048
-2280
-2474
-2513
-2449
-2430
-2455
-2372
-2122
-1835
-1627
-1436
-1149
-795
-501
-291
-79
173
383
480
507
537
573
557
471
357
248
145
20
-128
-276
-418
-556
-701
-840
-949
-1010
-1037
-1043
-1044
-1032
-990
-914
-815
-700
-574
-436
-299
-170
-43
86
217
340
446
535
610
678
749
820
872
891
892
897
918
947
975
1004
1027
1033
1034
1039
1045
1045
1034
1021
1010
993
961
918
875
824
761
690
627
586
554
509
440
353
254
134
-23
-223
-458
-722
-1000
-1279
-1574
-1930
-2342
-2699
-2878
-2884
-2866
-2938
-3055
-3091
-3018
-2909
-2787
-2588
-2256
-1840
-1424
-1032
-606
-101
431
898
1277
1625
1994
2364
2696
2996
3267
3478
3572
3558
3502
3446
3358
3193
2971
2734
2482
2172
1803
1427
1072
720
343
-43
-394
-692
-940
-1154
-1342
-1496
-1617
-1725
-1826
-1890
-1860
-1743
-1592
-1461
-1354
-1254
-1156
-1056
-960
-863
-771
-680
-566
-427
-287
-178
-118
-84
-41
17
78
135
184
211
199
146
87
38
-3
-57
-132
-212
-269
-296
-317
-357
-403
-432
-452
-486
-517
-515
-478
-444
-425
-420
-416
-372
-279
-200
-201
-181
25
358
544
480
406
566
874
1050
999
885
874
972
1082
1109
1041
933
874
882
892
839
732
642
601
582
546
479
399
324
256
194
140
83
21
-50
-120
-180
-245
-329
-427
-543
-688
-855
-1022
-1141
-1205
-1247
-1315
-1413
-1499
-1523
-1474
-1374
-1269
-1165
-1031
-849
-638
-431
-255
-105
17
113
203
301
421
538
627
696
761
818
845
843
857
899
936
951
951
956
970
967
947
912
867
818
785
779
784
772
744
713
665
611
569
540
484
365
199
52
-39
-106
-218
-391
-566
-688
-755
-801
-869
-945
-989
-978
-941
-931
-950
-966
-954
-909
-866
-837
-805
-757
-698
-636
-577
-521
-464
-411
-355
-305
-268
-245
-217
-180
-150
-119
-78
-30
8
16
16
52
119
179
201
199
224
282
352
390
399
410
438
470
486
490
506
551
591
607
608
610
620
624
613
593
565
533
499
467
436
396
359
326
304
281
248
218
201
188
157
106
58
40
29
0
-54
-114
-154
-178
-211
-260
-318
-369
-413
-463
-518
-576
-631
-688
-746
-804
-858
-910
-959
-1001
-1028
-1044
-1050
-1040
-1010
-957
-895
-838
-780
-705
-610
-513
-417
-311
-186
-48
91
236
383
534
674
811
950
1084
1209
1315
1408
1485
1548
1593
1623
1638
1629
1592
1533
1461
1383
1295
1191
1079
972
871
771
654
521
378
240
113
-18
-163
-308
-449
-577
-697
-815
-926
-1019
-1095
-1166
-1236
-1300
-1345
-1367
-1381
-1387
-1381
-1362
-1333
-1304
-1273
-1232
-1172
-1105
-1041
-978
-906
-815
-709
-599
-499
-408
-319
-228
-143
-71
-13
37
85
127
160
193
234
288
348
404
466
539
620
699
775
853
926
980
1007
1020
1037
1056
1056
1030
989
953
922
892
855
813
769
721
662
591
524
470
419
356
289
234
197
165
125
84
53
35
18
-9
-40
-62
-77
-96
-136
-183
-230
-278
-335
-404
-480
-564
-656
-747
-834
-909
-981
-1053
-1122
-1183
-1229
-1265
-1292
-1307
-1302
-1279
-1239
-1187
-1122
-1040
-940
-828
-714
-601
-485
-361
-234
-111
8
127
245
358
463
565
666
763
853
936
1015
1093
1164
1219
1262
1303
1335
1353
1359
1355
1345
1326
1296
1256
1205
1149
1087
1014
932
848
754
655
547
433
318
196
74
-48
-172
-293
-410
-521
-624
-719
-804
-885
-954
-1012
-1059
-1098
-1127
-1150
-1164
-1170
-1166
-1157
-1143
-1121
-1089
-1050
-1005
-957
-904
-840
-769
-694
-616
-537
-456
-370
-281
-189
-98
-13
68
148
223
293
359
411
459
498
532
557
574
584
590
593
589
582
570
556
542
530
516
504
494
481
471
462
454
442
430
416
401
386
374
360
345
333
325
317
310
306
302
303
302
300
297
288
273
250
221
184
139
86
27
-37
-103
-171
-243
-315
-389
-466
-541
-619
-692
-767
-834
-895
-951
-993
-1026
-1047
-1057
-1056
-1042
-1016
-980
-936
-878
-812
-737
-652
-557
-455
-348
-237
-124
-13
94
198
298
393
481
566
645
717
782
835
881
913
936
947
950
947
936
922
903
883
858
830
793
749
699
643
582
519
457
391
328
266
204
140
71
4
-68
-141
-211
-278
-338
-390
-433
-466
-491
-504
-513
-520
-520
-521
-519
-515
-509
-501
-491
-480
-467
-455
-443
-432
-424
-420
-416
-409
-405
-401
-390
-377
-360
-341
-316
-290
-263
-229
-193
-159
-122
-83
-45
-8
32
72
109
144
176
204
226
248
268
282
295
308
322
334
343
351
357
359
358
355
352
344
338
330
322
315
307
296
284
270
252
237
219
204
188
172
156
140
122
104
86
67
47
24
-1
-24
-42
-63
-84
-104
-124
-143
-164
-185
-209
-232
-254
-278
-300
-325
-346
-364
-381
-400
-416
-428
-431
-433
-434
-430
-418
-395
-372
-347
-318
-281
-237
-193
-154
-109
-60
-7
42
86
132
181
230
272
308
343
376
411
437
455
472
488
500
508
509
506
500
490
482
467
446
417
389
364
335
294
245
193
148
102
53
-6
-68
-117
-161
-207
-260
-314
-350
-378
-405
-436
-467
-480
-479
-472
-464
-455
-438
-410
-374
-336
-297
-259
-222
-183
-141
-101
-75
-56
-31
-1
20
19
10
15
35
43
32
10
5
17
23
10
-9
-7
12
23
9
-5
9
41
63
56
44
57
93
121
121
110
120
149
168
163
147
149
170
180
167
137
125
136
139
117
80
62
68
68
48
20
8
20
28
16
-3
-9
2
14
8
-8
-12
-5
-2
-10
-23
-21
-14
-16
-27
-29
-20
-12
-16
-29
-34
-31
-34
-49
-72
-82
-87
-99
-123
-139
-144
-147
-153
-168
-175
-173
-174
-177
-186
-188
-177
-167
-150
-128
-103
-77
-44
-2
43
88
127
156
196
240
283
314
323
343
363
377
394
394
376
351
332
336
316
262
213
185
164
129
80
34
3
-18
-43
-75
-97
-105
-115
-136
-152
-151
-143
-135
-140
-164
-181
-158
-107
-116
-191
-217
-147
-90
-150
-253
-251
-160
-134
-218
-316
-298
-201
-182
-280
-371
-329
-225
-216
-300
-351
-296
-220
-203
-230
-247
-206
-153
-129
-120
-98
-43
-26
-43
7
113
169
109
58
167
320
350
235
142
256
435
450
290
176
285
449
449
292
187
283
404
365
253
223
297
324
266
225
234
280
270
204
156
167
216
195
108
62
58
54
16
-27
-51
-101
-151
-182
-206
-237
-280
-298
-315
-381
-408
-382
-372
-409
-445
-406
-384
-400
-392
-355
-308
-303
-290
-239
-205
-182
-152
-101
-50
-23
-7
-19
18
116
153
106
49
98
190
229
170
61
120
261
263
129
68
180
256
273
222
88
78
277
442
248
-18
129
422
407
149
58
221
340
311
181
71
94
205
294
181
-61
-94
107
222
39
-186
-178
-29
40
-108
-286
-238
-99
-145
-285
-282
-232
-277
-301
-261
-251
-292
-336
-341
-299
-234
-230
-294
-321
-294
-251
-196
-166
-180
-247
-265
-136
-20
-79
-223
-185
16
87
-35
-197
-108
168
243
22
-180
52
368
288
8
-3
339
470
260
82
194
479
503
326
195
264
492
544
352
153
273
546
480
136
0
324
578
240
-228
-128
368
417
-87
-416
-166
213
161
-267
-526
-241
158
18
-457
-552
-177
66
-127
-402
-388
-170
-47
-146
-302
-297
-113
3
-144
-331
-269
-64
28
-80
-278
-327
-140
41
-49
-268
-322
-146
43
-17
-274
-352
-111
133
51
-243
-311
-42
232
132
-199
-196
144
337
153
-81
25
242
302
201
124
246
305
255
205
225
347
327
277
311
321
267
183
319
424
327
269
190
149
247
408
372
46
-66
164
311
172
-101
-152
46
74
-217
-418
-192
48
-225
-591
-536
-319
-231
-304
-414
-523
-575
-352
-135
-240
-471
-496
-134
54
-242
-450
-262
149
232
-125
-372
-225
231
360
-53
-299
-161
203
384
58
-336
-315
246
545
17
-421
-211
340
490
-6
-338
-74
440
430
-105
-155
306
507
218
-72
42
348
548
379
-21
-29
430
634
226
-114
137
519
548
156
-298
-150
516
765
-16
-746
-241
517
354
-363
-602
-194
145
-16
-565
-711
-175
144
-229
-716
-544
-103
-146
-318
-259
-166
-253
-260
-27
14
-120
-108
186
233
-276
-287
394
653
56
-464
-86
503
481
-73
-378
9
391
225
-270
-374
115
371
19
-458
-363
226
428
36
-307
-139
229
321
140
-90
73
500
410
-49
-93
254
467
391
66
-123
117
307
216
45
-7
19
1
0
-73
12
94
-151
-252
-163
-21
33
-117
-256
-287
-18
129
-220
-409
-147
118
-30
-365
-313
-19
58
-84
-274
-295
-130
4
-16
-177
-142
88
98
-130
-314
-36
369
255
-119
-296
57
473
292
-159
-353
52
517
300
-302
-396
333
623
-64
-507
-33
567
338
-151
-129
144
324
212
-71
-206
4
328
254
-75
-190
60
298
45
-370
-226
301
289
-210
-391
-74
234
26
-349
-306
-13
44
-195
-265
-3
150
-112
-397
-235
77
152
-20
-199
-55
183
70
-224
-167
159
230
6
-146
-75
113
237
124
-100
-131
118
310
123
-104
24
299
221
-104
-65
220
260
99
53
136
109
82
130
89
49
42
15
58
118
138
48
-177
-223
-17
158
75
-163
-180
18
132
-11
-312
-267
146
271
-68
-324
-177
115
217
-46
-400
-326
115
272
-70
-324
-194
6
22
-127
-265
-258
10
207
-42
-331
-272
-11
51
-147
-246
-155
6
70
-16
-155
-221
-67
35
-85
-109
57
118
-8
16
136
62
-60
26
208
243
295
316
104
23
237
338
198
184
290
249
269
326
231
149
181
200
139
116
125
147
238
239
65
-197
-261
-16
188
164
-70
-272
-218
-40
-63
-319
-316
-49
-62
-303
-345
-148
-74
-285
-476
-389
-160
-111
-238
-269
-202
-200
-255
-285
-264
-190
-105
-66
-102
-183
-191
-83
4
-65
-183
-77
176
220
35
-73
37
190
199
147
220
363
336
222
285
382
350
321
315
313
367
406
335
235
247
275
218
126
59
84
134
120
-14
-207
-188
10
25
-191
-276
-118
-6
-67
-236
-320
-184
2
-2
-187
-239
-32
130
-4
-192
-110
44
15
-62
-38
36
37
-34
-121
-121
-3
84
15
-145
-201
-137
-79
-110
-204
-206
-133
-121
-168
-187
-201
-262
-222
-89
-98
-255
-294
-110
56
28
-100
-205
-166
38
157
13
-75
121
267
183
115
157
191
228
319
359
321
317
341
355
331
268
261
298
280
213
209
227
83
-91
-42
70
-25
-195
-172
-41
-18
-112
-218
-216
-158
-184
-235
-202
-157
-173
-105
-25
-137
-298
-187
158
242
-56
-203
59
307
101
-249
-176
146
249
57
-158
-79
139
136
-47
-143
-48
35
-31
-96
-97
-47
3
-71
-210
-258
-176
-38
39
8
-135
-209
-54
33
-106
-141
60
160
-21
-126
51
201
132
-5
-77
-5
217
324
164
14
74
191
140
-21
2
264
415
146
-213
-92
271
282
1
-133
-12
121
76
-40
-72
-35
-9
-58
-132
-115
9
99
41
-83
-162
-197
-123
66
124
-32
-153
-69
68
31
-144
-181
12
172
82
-47
38
160
109
-39
-149
-122
107
323
218
-81
-142
28
48
-129
-197
-27
112
-6
-187
-158
-17
-33
-230
-335
-197
-14
27
-54
-148
-185
-171
-169
-176
-99
59
96
-47
-144
-57
92
102
-19
-27
179
329
206
42
112
240
160
10
65
254
318
205
111
169
259
209
56
-1
126
265
190
-14
-89
3
45
-47
-106
-61
-12
-32
-66
-54
-53
-130
-203
-175
-119
-175
-252
-184
-71
-70
-113
-83
-28
-16
-13
-4
-32
-38
54
127
58
-48
-37
36
42
6
6
29
56
57
10
-58
-103
-104
-93
-95
-108
-110
-76
-59
-85
-92
-59
-32
-25
1
31
29
28
51
51
3
-40
-3
105
162
101
41
96
173
152
83
71
88
80
31
-25
6
93
102
23
-17
21
68
92
75
32
87
173
85
-73
-44
102
81
-80
-99
56
174
142
13
-64
-25
29
-9
-92
-106
-56
-67
-151
-193
-156
-119
-134
-159
-138
-90
-72
-93
-116
-104
-83
-80
-75
-52
-12
9
-17
-32
32
94
53
5
57
127
121
83
79
74
17
-57
-43
104
198
51
-151
-117
53
56
-84
-109
2
44
-59
-153
-87
82
154
57
-78
-74
92
210
111
-66
-70
61
93
13
1
77
82
-13
-84
-57
20
80
75
4
-67
-73
-47
-43
-55
-39
16
52
29
1
21
55
29
-29
-37
10
27
-10
-14
52
65
-54
-148
-42
139
138
-3
-30
73
81
-48
-96
8
69
-28
-140
-117
-14
36
7
-64
-175
-301
-352
-264
-92
11
-25
-124
-162
-99
1
85
143
170
180
202
251
268
233
176
120
71
45
77
159
208
158
48
-25
-13
64
153
191
135
32
-30
-25
-5
-19
-49
-70
-94
-136
-158
-128
-84
-82
-105
-90
-16
70
126
128
83
21
-36
-67
-28
64
109
39
-95
-205
-258
-245
-212
-204
-205
-203
-215
-245
-247
-187
-124
-118
-162
-165
-53
89
104
-12
-77
-20
34
32
69
162
201
144
59
12
48
170
284
283
174
80
93
136
98
22
28
86
60
-35
-69
-21
-13
-110
-205
-165
-13
89
64
7
6
61
131
185
194
136
75
78
116
106
48
44
38
-59
-127
-41
57
12
-10
99
126
22
-8
61
16
-144
-204
-113
-24
-65
-184
-233
-186
-115
-66
-15
38
40
-26
-94
-84
-42
-52
-86
-78
-69
-101
-82
50
151
73
-44
20
199
255
162
132
185
120
-65
-122
30
148
77
-55
-91
-51
-30
-62
-115
-152
-137
-78
-53
-77
-79
-46
-62
-126
-99
36
132
111
43
5
0
9
27
43
56
81
104
95
52
5
-23
-45
-65
-66
15
156
209
85
-106
-156
-51
41
34
38
123
163
56
-74
-67
9
-7
-94
-112
-23
79
107
37
-82
-137
-70
31
81
118
195
215
79
-101
-123
13
94
45
-8
12
26
-17
-51
-37
-25
-30
-8
36
44
17
-24
-99
-192
-245
-227
-171
-123
-85
-65
-91
-135
-148
-119
-93
-95
-78
-26
-5
-64
-157
-191
-169
-145
-119
-54
38
104
129
129
135
169
211
242
274
315
338
306
225
146
88
56
56
82
112
114
58
-24
-69
-61
-52
-58
-45
4
45
45
32
32
29
16
27
87
178
255
265
206
140
118
132
150
178
225
228
146
29
-34
-37
-63
-160
-257
-262
-202
-189
-260
-358
-417
-417
-369
-301
-243
-210
-193
-198
-233
-249
-199
-117
-76
-74
-37
50
117
112
68
36
28
41
82
128
128
60
-40
-107
-137
-140
-110
-60
-40
-66
-81
-55
-36
-52
-44
22
95
144
197
246
237
194
199
249
273
276
292
297
252
184
137
93
46
32
55
57
19
-8
-12
-45
-113
-122
-35
72
97
69
70
87
72
44
71
133
157
129
95
63
-1
-83
-141
-161
-163
-161
-152
-156
-185
-231
-268
-287
-284
-246
-188
-126
-80
-73
-98
-128
-129
-107
-71
-4
81
123
99
48
15
3
10
34
62
89
109
96
35
-22
-29
-25
-38
-29
27
77
56
-5
-47
-75
-89
-52
30
102
145
175
171
107
44
54
103
127
134
153
156
92
-10
-78
-91
-74
-42
7
60
85
54
-24
-99
-138
-138
-113
-53
25
59
32
-18
-48
-45
-16
24
66
113
147
137
99
64
40
14
-12
-1
38
61
26
-57
-130
-159
-149
-134
-128
-118
-110
-119
-145
-161
-143
-100
-63
-29
19
87
144
156
128
97
99
118
125
110
97
81
32
-45
-103
-113
-113
-139
-164
-151
-121
-116
-135
-148
-138
-118
-94
-64
-21
27
67
67
32
19
57
105
116
107
119
137
121
92
90
111
117
105
95
94
84
55
12
-20
-31
-27
-31
-47
-56
-63
-79
-99
-92
-52
-10
9
22
53
83
84
62
52
71
99
109
111
106
89
46
-11
-53
-65
-58
-54
-63
-84
-96
-97
-102
-117
-129
-121
-108
-98
-73
-37
-20
-29
-37
-39
-39
-36
-15
20
36
33
36
50
57
48
46
55
54
41
33
34
28
12
-5
-13
-14
-18
-25
-37
-41
-37
-30
-31
-29
-10
10
12
-1
-4
9
25
32
39
50
67
75
70
62
66
77
74
57
49
47
41
24
0
-23
-46
-68
-78
-82
-81
-85
-96
-104
-99
-81
-66
-59
-53
-28
7
35
47
56
63
65
64
62
68
73
65
46
26
19
17
5
-15
-29
-36
-46
-58
-59
-51
-46
-48
-44
-36
-28
-24
-21
-17
-11
2
20
24
20
19
22
18
10
8
12
8
5
3
-1
-6
-6
0
1
-5
-8
-2
7
17
29
37
36
31
25
21
16
19
28
37
34
21
7
-4
-13
-25
-25
-15
-1
1
-9
-17
-19
-19
-23
-20
-4
13
18
14
7
1
-1
-5
-5
0
10
16
14
8
0
-2
-3
-4
-6
-5
2
7
3
-8
-19
-25
-27
-25
-21
-19
-18
-20
-25
-31
-28
-26
-22
-20
-19
-15
-7
0
3
6
4
4
5
8
12
14
16
15
13
10
8
7
9
9
9
11
15
17
17
15
13
12
14
15
18
23
23
20
15
10
10
11
10
7
2
-4
-10
-11
-14
-13
-11
-7
-7
-7
-5
-6
-6
-6
-2
-2
-2
-6
-10
-16
-18
-19
-20
-17
-15
-15
-15
-12
-10
-7
-4
0
3
7
10
14
14
14
15
12
14
13
16
13
8
3
-1
-6
-9
-10
-10
-9
-8
-8
-10
-11
-13
-12
-10
-6
-3
-1
1
3
5
8
9
13
17
20
22
22
21
19
18
16
13
7
3
-3
-9
-14
-15
-15
-14
-15
-17
-18
-19
-20
-20
-17
-13
-9
-7
-5
-4
0
1
1
2
3
4
5
6
5
3
1
0
-1
1
2
6
8
10
12
13
14
12
11
11
12
10
10
9
7
7
4
4
6
5
3
1
1
-3
-7
-11
-15
-17
-19
-22
-25
-28
-31
-32
-33
-32
-29
-24
-20
-17
-16
