2
1
-1
-2
-1
-1
-2
0
0
-2
0
1
1
3
3
3
4
4
4
5
5
4
4
2
1
-2
-4
-4
-6
-7
-6
-7
-5
-5
-3
-3
-2
-3
-2
0
0
0
1
1
1
1
2
0
1
1
2
0
0
-1
-3
-3
-4
-3
-3
-3
-4
-2
-3
-2
-2
-1
-1
-1
0
1
2
2
2
2
2
2
3
3
2
2
4
5
6
5
5
5
5
5
3
1
0
0
2
0
-1
-3
-1
-2
-1
-2
-1
1
-1
1
-1
0
-1
-1
1
0
1
1
2
0
-2
-2
-3
-4
-4
-4
-4
-6
-3
-2
-1
0
1
1
2
3
2
1
1
-1
-1
-2
1
1
1
2
0
1
0
-1
-1
0
-1
-1
0
0
-1
-1
-1
-3
-2
-4
-2
-3
-1
-1
-1
-2
-3
-3
-3
-2
0
-1
0
1
2
1
1
1
2
4
5
4
5
6
4
4
5
3
4
5
4
2
2
1
1
-2
0
1
0
0
0
2
2
0
-1
0
0
-1
0
-1
-2
-4
-5
-5
-6
-4
-6
-6
-4
-3
-2
-1
-1
1
0
1
2
3
4
2
0
1
-1
-1
-3
-4
-4
-4
-5
-4
-4
-2
-2
-1
0
-2
1
2
3
3
4
4
5
3
4
5
3
2
2
1
1
3
2
1
2
2
1
2
3
2
2
0
0
-1
-1
-1
-1
-1
-1
-2
-1
0
-1
0
-1
-1
-2
-2
-4
-4
-3
-3
-4
-2
-2
0
-1
1
0
0
1
0
-1
0
1
0
2
1
3
2
2
2
2
0
0
-2
-1
-3
-3
-2
-2
-2
-2
-2
0
-1
0
0
0
2
3
4
3
3
4
4
2
3
2
2
2
1
1
0
1
0
0
0
0
-1
0
0
-1
0
1
0
-2
-1
0
-1
0
-1
-1
1
1
1
1
0
0
1
-2
-1
-1
-1
-2
-2
-2
-3
-4
-4
-4
-3
-1
-2
1
1
1
0
1
1
0
3
2
2
2
3
3
4
3
4
4
3
2
2
1
0
-1
-3
-4
-5
-6
-6
-6
-7
-7
-8
-7
-7
-7
-6
-4
-4
-4
-3
-3
-1
0
1
2
3
5
5
7
8
8
7
9
7
7
8
7
7
7
7
7
6
6
8
8
8
7
9
9
8
7
6
6
6
6
6
4
3
0
-3
-5
-9
-12
-13
-15
-20
-21
-22
-24
-26
-26
-26
-23
-21
-18
-13
-12
-10
-6
-4
-1
0
1
3
3
5
5
5
4
5
4
2
1
0
0
0
3
5
10
16
22
30
44
54
67
76
87
109
119
125
131
129
140
142
126
114
94
76
58
31
4
-22
-50
-82
-107
-130
-152
-171
-201
-223
-231
-240
-239
-245
-252
-236
-222
-200
-177
-162
-133
-104
-74
-45
-22
-1
21
37
49
58
64
62
59
49
36
24
9
-4
-15
-23
-30
-30
-19
-6
12
40
74
108
147
185
223
266
296
321
340
349
360
356
335
309
268
227
181
126
71
18
-27
-65
-93
-106
-105
-90
-65
-27
20
73
126
178
228
263
289
301
296
282
243
187
120
43
-44
-138
-234
-332
-423
-518
-613
-681
-744
-787
-823
-865
-870
-852
-821
-769
-720
-648
-550
-449
-340
-236
-130
-28
67
147
213
271
307
327
336
329
318
298
264
232
197
168
144
123
114
115
129
155
190
234
285
341
404
467
521
575
620
661
698
715
722
716
697
673
629
572
503
423
341
250
155
58
-36
-124
-206
-281
-344
-390
-421
-436
-420
-375
-311
-228
-134
-33
61
145
208
254
278
274
254
222
178
123
63
-10
-91
-190
-303
-434
-578
-728
-868
-1003
-1119
-1189
-1220
-1209
-1166
-1102
-1000
-889
-778
-674
-587
-512
-449
-399
-346
-293
-232
-156
-77
8
88
156
205
227
227
207
176
147
130
135
171
239
332
434
536
626
694
732
742
727
702
672
654
651
664
693
724
751
761
740
690
612
517
420
333
276
253
269
314
382
454
515
553
559
536
488
424
358
303
269
261
277
310
347
378
392
381
343
275
184
77
-33
-142
-248
-349
-445
-546
-652
-774
-910
-1058
-1210
-1355
-1486
-1583
-1648
-1671
-1645
-1585
-1491
-1373
-1254
-1141
-1041
-965
-914
-893
-898
-918
-940
-952
-953
-941
-904
-839
-749
-649
-540
-418
-285
-147
-1
153
322
501
692
888
1077
1254
1414
1544
1640
1698
1716
1710
1675
1616
1542
1452
1353
1249
1137
1028
919
814
729
659
608
576
554
548
552
555
557
555
550
547
551
562
573
580
582
571
544
489
408
307
192
71
-51
-160
-247
-309
-342
-352
-343
-322
-303
-299
-315
-353
-409
-487
-581
-680
-780
-867
-947
-1023
-1092
-1158
-1219
-1282
-1361
-1444
-1530
-1611
-1670
-1709
-1715
-1678
-1596
-1470
-1316
-1146
-977
-826
-713
-643
-627
-660
-722
-790
-840
-861
-833
-748
-601
-413
-203
13
224
419
590
738
876
1016
1167
1329
1498
1670
1828
1960
2044
2076
2055
1985
1874
1736
1587
1443
1313
1198
1101
1016
946
888
834
783
735
698
666
640
619
602
592
578
566
556
555
558
557
545
528
498
441
354
240
105
-42
-201
-366
-525
-661
-769
-848
-893
-899
-875
-830
-777
-726
-688
-664
-661
-680
-719
-768
-821
-881
-953
-1037
-1132
-1244
-1373
-1504
-1616
-1704
-1766
-1790
-1767
-1705
-1626
-1551
-1481
-1403
-1319
-1238
-1154
-1041
-886
-719
-571
-455
-372
-339
-386
-504
-638
-744
-818
-848
-797
-623
-353
-34
303
666
1037
1368
1626
1834
2033
2210
2353
2465
2574
2691
2776
2786
2736
2652
2533
2331
2055
1770
1530
1317
1097
918
852
882
907
858
777
715
613
375
39
-195
-226
-170
-151
-96
120
405
505
348
106
-54
-202
-473
-784
-921
-825
-697
-689
-731
-690
-620
-693
-943
-1202
-1333
-1397
-1515
-1652
-1640
-1434
-1180
-1003
-839
-586
-304
-153
-177
-252
-273
-297
-405
-537
-547
-429
-331
-356
-445
-515
-606
-812
-1096
-1305
-1338
-1261
-1189
-1116
-947
-699
-523
-513
-581
-572
-494
-461
-513
-538
-460
-385
-482
-761
-1040
-1192
-1280
-1380
-1395
-1150
-632
-51
444
899
1410
1897
2185
2254
2269
2359
2470
2494
2468
2529
2695
2816
2766
2592
2415
2232
1936
1527
1158
954
854
743
647
676
823
926
896
829
827
807
631
351
154
100
40
-114
-222
-129
35
13
-212
-438
-586
-815
-1223
-1619
-1769
-1695
-1599
-1554
-1434
-1173
-934
-891
-1005
-1096
-1111
-1154
-1271
-1355
-1281
-1082
-902
-790
-666
-478
-308
-245
-267
-267
-213
-173
-190
-209
-167
-91
-49
-57
-76
-87
-139
-257
-406
-538
-626
-680
-693
-633
-483
-273
-66
107
247
342
347
243
78
-90
-240
-364
-427
-376
-209
-9
146
229
229
85
-283
-842
-1429
-1889
-2212
-2418
-2419
-2082
-1447
-738
-97
524
1164
1701
1998
2114
2243
2459
2671
2816
2979
3230
3472
3539
3389
3108
2760
2308
1744
1176
735
437
238
129
130
217
303
344
349
312
183
-55
-319
-532
-700
-826
-826
-601
-218
154
416
592
659
499
44
-568
-1119
-1516
-1807
-1988
-1960
-1706
-1378
-1152
-1068
-1052
-1064
-1162
-1349
-1497
-1470
-1277
-1031
-787
-512
-194
71
181
153
105
82
39
-65
-160
-159
-77
-7
19
59
144
214
180
39
-127
-270
-407
-564
-683
-677
-540
-347
-176
-41
77
153
133
11
-123
-194
-221
-237
-215
-108
27
100
134
211
311
304
149
-41
-209
-508
-1082
-1772
-2249
-2450
-2633
-2861
-2800
-2210
-1401
-833
-421
239
1130
1770
1981
2170
2641
3154
3376
3409
3569
3838
3933
3734
3382
3011
2618
2161
1657
1167
792
608
549
486
395
371
444
500
485
475
511
515
465
413
268
-127
-631
-884
-888
-1045
-1413
-1478
-1049
-754
-1089
-1596
-1640
-1476
-1747
-2306
-2428
-2004
-1635
-1626
-1597
-1230
-795
-681
-830
-926
-838
-707
-664
-668
-573
-307
17
195
193
205
336
413
263
27
-18
94
101
-29
-54
110
231
168
85
121
155
83
35
129
277
398
543
713
823
893
1010
1059
900
673
579
491
223
-41
-40
106
111
17
26
83
-23
-288
-509
-567
-633
-884
-1098
-1188
-1818
-3596
-5597
-6024
-5018
-4748
-5737
-5591
-2990
-336
-13
-481
890
3247
3846
2765
2536
3828
4762
4385
3960
4553
5442
5478
4633
3621
2898
2363
1697
827
125
-10
307
605
708
844
1174
1510
1545
1205
778
681
932
1089
969
1046
1689
2399
2440
1898
1444
1217
622
-846
-2870
-4472
-5006
-4955
-5295
-5925
-5698
-4358
-3322
-3613
-4211
-3670
-2383
-1773
-1899
-1499
-176
986
1178
983
1233
1676
1476
551
-301
-512
-411
-582
-970
-1007
-487
86
149
-155
-240
46
234
18
-223
10
553
851
844
1003
1500
1892
1830
1602
1633
1869
1983
1931
1948
2144
2379
2469
2352
2105
1867
1681
1398
879
283
-78
-138
-181
-406
-616
-527
-276
-271
-562
-748
-701
-896
-1753
-3146
-5016
-7450
-9629
-10105
-8962
-8173
-8361
-7429
-4196
-1109
-643
-1148
283
2767
3292
2143
2445
4782
6393
6021
5658
6725
7722
6889
4863
3265
2403
1568
572
-82
-52
498
1127
1506
1656
1811
1990
1907
1410
831
702
1202
1997
2645
3127
3792
4669
5097
4527
3381
2477
1789
659
-853
-1859
-2072
-2269
-2963
-3639
-3857
-4108
-4847
-5609
-5905
-6209
-6963
-7395
-6522
-4829
-3613
-2963
-1910
-343
681
700
462
549
614
370
197
398
681
692
465
148
-206
-547
-918
-1478
-2133
-2394
-2030
-1462
-1088
-685
72
880
1264
1365
1649
2097
2284
2190
2288
2784
3312
3507
3501
3587
3718
3638
3310
2943
2664
2416
2151
1930
1806
1746
1684
1493
1106
686
440
240
-204
-796
-1115
-1063
-973
-999
-980
-839
-763
-959
-1513
-2378
-3482
-5189
-8005
-11064
-12104
-10449
-8697
-8938
-9044
-6106
-1928
-697
-1991
-1462
1647
3353
2113
1617
4360
7454
7710
6590
7035
8458
8215
6016
3847
2775
2127
1270
513
340
769
1355
1567
1286
958
1002
1162
929
397
272
1039
2361
3450
3951
4319
5025
5591
5129
3791
2720
2294
1590
124
-1119
-1276
-1134
-1906
-3305
-4102
-4126
-4499
-5936
-7675
-8408
-7821
-6789
-6120
-5516
-4273
-2621
-1520
-1173
-744
148
755
513
111
465
1274
1495
912
348
324
324
-286
-1255
-1874
-2025
-2202
-2554
-2570
-1932
-1105
-697
-581
-135
742
1465
1642
1654
2042
2689
3089
3189
3428
3911
4160
3892
3499
3398
3371
3030
2506
2247
2323
2406
2299
2094
1884
1600
1143
554
43
-179
-186
-299
-614
-778
-583
-384
-555
-869
-943
-926
-1181
-1689
-2267
-2983
-3846
-4765
-6102
-8199
-10030
-9911
-8202
-7291
-7813
-7335
-4463
-1649
-1387
-2022
-568
2202
3207
2457
2997
5650
7679
7319
6330
6723
7610
7037
5108
3544
3061
2798
2014
1125
907
1303
1514
1096
511
409
690
745
438
281
690
1506
2336
2940
3304
3588
3909
4038
3627
2820
2184
1833
1228
167
-731
-1001
-1159
-1966
-3223
-4051
-4228
-4512
-5437
-6374
-6406
-5804
-5644
-5978
-5662
-4396
-3443
-3498
-3400
-2083
-479
33
-141
278
1258
1732
1470
1231
1370
1432
1057
443
-55
-360
-643
-1096
-1647
-1929
-1722
-1297
-1060
-970
-637
41
710
1077
1315
1750
2342
2741
2869
3049
3456
3746
3569
3168
3021
3098
2960
2539
2271
2338
2420
2276
2069
1955
1771
1377
915
516
128
-265
-530
-645
-757
-873
-843
-682
-621
-743
-910
-1053
-1286
-1703
-2273
-2914
-3581
-4444
-5885
-7812
-9095
-8626
-7084
-6392
-6896
-6640
-4395
-1887
-1298
-1876
-1177
1081
2736
2780
2824
4337
6312
6911
6165
5624
5964
6219
5415
3979
3061
3025
3197
2949
2489
2297
2273
1943
1286
790
616
414
31
-133
208
721
1020
1253
1713
2156
2112
1701
1518
1702
1748
1323
779
570
545
226
-456
-1148
-1667
-2181
-2790
-3312
-3584
-3700
-3768
-3731
-3545
-3363
-3386
-3614
-3863
-3962
-3868
-3624
-3255
-2755
-2161
-1590
-1137
-775
-430
-143
-9
-10
-53
-87
-127
-162
-172
-183
-203
-209
-208
-250
-320
-278
-39
305
625
907
1199
1488
1709
1818
1826
1800
1805
1853
1884
1887
1937
2064
2213
2321
2391
2429
2398
2292
2171
2084
2010
1913
1812
1715
1602
1473
1369
1318
1277
1184
1028
854
721
655
625
584
514
418
288
115
-99
-359
-703
-1159
-1742
-2471
-3340
-4172
-4669
-4768
-4766
-4965
-5268
-5356
-5190
-4978
-4760
-4360
-3838
-3548
-3574
-3454
-2793
-1879
-1280
-1045
-735
-182
307
576
929
1579
2203
2440
2543
3011
3796
4324
4306
4074
3999
4005
3835
3521
3293
3191
3062
2881
2849
3080
3362
3361
3016
2615
2431
2383
2208
1865
1563
1397
1219
979
873
959
907
444
-180
-506
-529
-643
-970
-1251
-1374
-1562
-1903
-2122
-2088
-2128
-2530
-3035
-3225
-3135
-3113
-3200
-3143
-2917
-2804
-2868
-2839
-2613
-2472
-2605
-2760
-2629
-2317
-2107
-1985
-1733
-1348
-1051
-876
-631
-277
-55
-81
-126
53
348
497
494
561
762
921
940
978
1189
1445
1567
1633
1854
2202
2441
2501
2561
2719
2836
2818
2811
2923
3013
2923
2760
2728
2800
2781
2625
2453
2303
2087
1771
1426
1063
597
-67
-960
-2021
-3020
-3649
-3864
-4009
-4404
-4872
-5016
-4815
-4561
-4338
-3960
-3530
-3441
-3687
-3665
-3001
-2138
-1698
-1605
-1333
-787
-317
2
477
1148
1614
1713
1881
2515
3329
3753
3700
3563
3576
3571
3368
3053
2774
2513
2208
1975
2025
2342
2593
2470
2059
1732
1674
1678
1484
1139
863
688
503
363
436
609
507
49
-387
-492
-443
-570
-827
-958
-979
-1119
-1375
-1535
-1626
-1928
-2469
-2880
-2908
-2784
-2811
-2912
-2830
-2583
-2389
-2283
-2121
-1930
-1918
-2093
-2178
-2003
-1742
-1629
-1606
-1478
-1245
-1047
-898
-692
-451
-310
-243
-54
326
705
905
992
1111
1265
1347
1355
1367
1400
1417
1460
1651
1976
2266
2412
2497
2636
2800
2891
2922
2944
2933
2843
2731
2709
2734
2658
2443
2206
2031
1868
1664
1439
1185
836
349
-252
-993
-1912
-2861
-3527
-3835
-4093
-4530
-4943
-5027
-4888
-4805
-4712
-4364
-3938
-3905
-4209
-4180
-3479
-2621
-2193
-2034
-1629
-998
-557
-309
158
884
1385
1468
1627
2310
3222
3741
3770
3721
3807
3812
3563
3252
3080
2942
2652
2349
2358
2690
2936
2744
2266
1911
1803
1702
1436
1157
1012
891
664
497
614
828
700
175
-311
-434
-387
-484
-680
-780
-851
-1071
-1327
-1370
-1303
-1521
-2109
-2660
-2831
-2755
-2722
-2738
-2657
-2531
-2516
-2526
-2343
-2008
-1838
-1936
-2037
-1888
-1585
-1354
-1214
-1046
-861
-762
-707
-557
-308
-132
-96
-31
215
551
787
888
952
998
987
967
1033
1161
1219
1200
1242
1431
1682
1885
2039
2175
2253
2268
2305
2411
2492
2437
2281
2149
2091
2062
2029
1963
1811
1556
1289
1114
988
759
319
-352
-1245
-2219
-2966
-3267
-3313
-3517
-3982
-4389
-4470
-4320
-4121
-3858
-3532
-3396
-3592
-3749
-3365
-2511
-1784
-1495
-1344
-992
-539
-182
188
748
1318
1614
1780
2237
3027
3703
3910
3787
3657
3593
3466
3257
3076
2938
2756
2548
2475
2633
2845
2801
2389
1828
1430
1269
1174
998
796
645
491
275
107
71
5
-355
-939
-1358
-1409
-1321
-1364
-1466
-1446
-1400
-1543
-1804
-1927
-1924
-2078
-2431
-2653
-2532
-2293
-2214
-2209
-2071
-1874
-1833
-1907
-1840
-1604
-1433
-1399
-1278
-944
-601
-450
-402
-268
-117
-108
-172
-104
93
228
272
399
665
870
888
851
904
973
934
870
936
1097
1186
1191
1271
1474
1653
1695
1705
1813
1970
2045
2046
2070
2116
2088
1992
1937
1932
1849
1623
1366
1172
984
689
277
-267
-1008
-1877
-2577
-2882
-2983
-3253
-3725
-4081
-4148
-4090
-4028
-3835
-3497
-3331
-3499
-3611
-3173
-2327
-1674
-1435
-1245
-821
-346
-24
332
934
1559
1869
1995
2392
3135
3766
3932
3803
3714
3698
3568
3309
3112
3034
2916
2676
2489
2543
2704
2638
2229
1726
1424
1297
1118
844
651
584
439
111
-185
-265
-328
-705
-1309
-1724
-1792
-1786
-1909
-1985
-1858
-1753
-1941
-2251
-2312
-2162
-2166
-2422
-2587
-2443
-2207
-2119
-2046
-1793
-1511
-1473
-1592
-1533
-1255
-1051
-1049
-1010
-767
-494
-399
-367
-210
-18
3
-86
-20
228
409
423
466
672
876
910
884
987
1146
1187
1154
1252
1475
1599
1565
1556
1691
1822
1801
1732
1769
1856
1848
1764
1743
1774
1721
1569
1449
1396
1287
1074
881
773
634
330
-132
-706
-1417
-2181
-2741
-2955
-3053
-3343
-3766
-3987
-3905
-3741
-3599
-3360
-3053
-2966
-3156
-3178
-2650
-1848
-1330
-1157
-922
-443
11
292
642
1228
1758
1950
2050
2481
3190
3689
3749
3627
3600
3579
3389
3109
2942
2884
2743
2494
2332
2390
2494
2365
1975
1557
1317
1202
1045
821
641
509
290
-49
-336
-452
-564
-907
-1411
-1746
-1774
-1699
-1736
-1827
-1866
-1934
-2149
-2386
-2411
-2273
-2257
-2450
-2593
-2467
-2183
-1972
-1861
-1739
-1621
-1609
-1621
-1456
-1111
-827
-753
-734
-567
-297
-119
-72
-51
-15
-29
-50
64
336
581
661
669
770
951
1069
1083
1074
1088
1089
1091
1179
1359
1503
1514
1474
1508
1624
1722
1753
1762
1786
1771
1706
1669
1719
1789
1732
1521
1271
1096
975
813
575
279
-123
-746
-1546
-2248
-2590
-2668
-2842
-3266
-3720
-3938
-3947
-3894
-3749
-3420
-3089
-3056
-3241
-3156
-2556
-1809
-1374
-1204
-933
-475
-61
257
717
1380
1933
2167
2333
2778
3394
3777
3776
3634
3570
3517
3344
3104
2934
2824
2652
2409
2253
2278
2355
2244
1892
1490
1245
1149
1043
874
728
628
457
155
-113
-214
-297
-618
-1141
-1546
-1672
-1677
-1746
-1816
-1800
-1841
-2094
-2406
-2497
-2390
-2384
-2589
-2759
-2682
-2477
-2339
-2219
-1992
-1770
-1744
-1836
-1760
-1457
-1182
-1095
-1031
-810
-528
-363
-268
-100
81
101
10
58
312
556
627
652
794
987
1076
1103
1214
1372
1398
1292
1272
1445
1645
1701
1684
1751
1885
1946
1939
1981
2072
2061
1889
1722
1729
1845
1855
1690
1463
1285
1132
941
708
426
-12
-716
-1588
-2297
-2595
-2597
-2669
-3008
-3463
-3787
-3917
-3902
-3721
-3375
-3078
-3093
-3315
-3290
-2760
-2018
-1505
-1275
-1070
-768
-471
-162
347
1049
1617
1833
1933
2290
2887
3349
3477
3417
3362
3282
3109
2942
2914
2930
2774
2431
2161
2146
2257
2202
1883
1459
1112
879
732
709
823
921
790
443
140
54
41
-152
-541
-920
-1170
-1329
-1403
-1310
-1117
-1111
-1458
-1943
-2235
-2295
-2332
-2446
-2527
-2506
-2471
-2444
-2287
-1979
-1753
-1819
-2041
-2108
-1926
-1661
-1418
-1146
-841
-611
-491
-338
-73
145
135
-19
-69
72
277
443
590
724
760
686
644
750
914
961
896
884
1009
1204
1390
1591
1820
2004
2092
2170
2334
2538
2622
2524
2360
2277
2317
2398
2431
2347
2117
1780
1409
1014
505
-311
-1568
-3150
-4612
-5394
-5274
-4620
-4115
-4157
-4610
-5063
-5216
-4941
-4255
-3401
-2823
-2711
-2642
-1937
-481
1077
2039
2312
2253
2128
2059
2258
2858
3570
3874
3687
3503
3738
4159
4220
3745
3007
2296
1681
1219
1024
1041
981
641
209
46
235
472
429
106
-217
-302
-143
121
378
559
571
385
157
139
338
445
186
-313
-702
-871
-1016
-1271
-1516
-1651
-1787
-2032
-2254
-2290
-2283
-2498
-2874
-3052
-2868
-2557
-2354
-2167
-1826
-1438
-1202
-1044
-757
-391
-228
-288
-245
88
486
668
721
860
1040
1048
912
859
905
804
487
248
306
470
447
277
215
309
387
408
519
741
888
892
958
1268
1694
1978
2106
2247
2459
2619
2645
2595
2499
2306
2048
1889
1876
1808
1492
1029
677
462
113
-657
-1951
-3683
-5561
-7017
-7467
-6907
-6073
-5732
-5902
-5963
-5501
-4734
-4018
-3384
-2710
-2050
-1467
-694
553
2049
3203
3834
4336
4986
5433
5258
4703
4417
4584
4744
4507
4021
3623
3333
2985
2602
2293
1925
1214
217
-605
-916
-911
-1009
-1261
-1325
-972
-428
-66
56
173
418
635
673
630
691
829
879
849
905
1027
930
464
-133
-592
-1032
-1712
-2497
-2928
-2864
-2729
-2925
-3303
-3475
-3389
-3315
-3354
-3335
-3171
-2975
-2760
-2326
-1632
-968
-557
-236
250
779
1025
988
1015
1251
1434
1340
1145
1124
1241
1272
1175
1064
951
739
475
336
319
220
-13
-153
-14
255
408
456
593
850
1065
1161
1257
1468
1730
1956
2153
2365
2553
2653
2684
2672
2547
2238
1827
1493
1270
1025
689
362
130
-92
-410
-812
-1282
-2051
-3388
-5146
-6666
-7351
-7288
-7022
-6844
-6491
-5712
-4794
-4205
-3866
-3155
-1831
-508
85
132
534
1709
3102
4028
4558
5145
5741
5852
5389
4895
4750
4653
4154
3359
2729
2387
2083
1724
1507
1429
1139
447
-302
-702
-844
-1101
-1464
-1517
-1108
-636
-445
-301
212
973
1399
1293
1128
1339
1661
1539
995
599
616
617
153
-579
-1061
-1237
-1524
-2123
-2713
-2976
-3043
-3230
-3535
-3716
-3694
-3588
-3454
-3210
-2855
-2502
-2170
-1758
-1269
-853
-526
-118
419
847
999
1079
1354
1711
1810
1629
1484
1519
1485
1184
822
679
668
501
169
-48
-26
34
-46
-159
-119
36
148
208
340
575
830
1056
1288
1544
1777
1976
2180
2380
2496
2505
2478
2444
2319
2047
1735
1511
1330
1059
724
461
277
1
-436
-917
-1431
-2269
-3623
-5167
-6284
-6782
-6985
-7088
-6833
-6049
-5201
-4814
-4620
-3814
-2255
-839
-287
-168
386
1391
2125
2427
3017
4238
5289
5311
4712
4624
5207
5461
4781
3831
3436
3300
2634
1574
1050
1301
1434
775
-122
-367
-102
-173
-751
-1111
-842
-500
-644
-907
-577
253
826
878
946
1409
1857
1766
1321
1075
1062
805
147
-489
-785
-999
-1483
-2079
-2382
-2394
-2503
-2861
-3199
-3305
-3328
-3454
-3557
-3422
-3118
-2876
-2715
-2419
-1900
-1318
-813
-357
93
456
663
806
994
1192
1289
1279
1249
1223
1166
1093
1060
1033
923
726
537
404
277
135
35
8
-13
-53
-30
114
305
453
589
798
1054
1249
1383
1559
1793
1978
2044
2085
2197
2322
2332
2216
2074
1947
1770
1499
1192
922
679
420
110
-208
-499
-756
-1060
-1570
-2404
-3506
-4614
-5502
-6113
-6459
-6448
-6036
-5443
-5003
-4708
-4135
-3039
-1751
-780
-181
384
990
1387
1573
1999
2919
3859
4223
4116
4153
4530
4803
4660
4372
4210
3917
3154
2166
1546
1408
1270
812
289
40
-20
-184
-436
-530
-449
-458
-690
-919
-874
-573
-248
-10
227
550
897
1135
1226
1249
1251
1145
816
317
-145
-471
-789
-1248
-1737
-2038
-2157
-2313
-2578
-2741
-2678
-2606
-2758
-2991
-2996
-2783
-2638
-2618
-2429
-1932
-1389
-1049
-750
-244
353
711
809
932
1179
1316
1194
1017
1010
1067
965
760
687
753
739
564
411
404
409
269
75
4
39
31
-23
42
280
541
702
844
1088
1379
1565
1635
1723
1876
1971
1924
1842
1865
1958
1969
1858
1733
1640
1485
1200
871
614
405
151
-145
-403
-594
-765
-1000
-1400
-2087
-3049
-4077
-4912
-5483
-5819
-5847
-5528
-5080
-4813
-4631
-4095
-3056
-1943
-1181
-671
-121
400
658
851
1451
2447
3232
3440
3433
3694
4112
4291
4212
4166
4151
3811
3065
2346
2025
1932
1688
1244
858
646
467
229
33
-40
-81
-233
-472
-638
-616
-423
-167
58
252
481
762
1001
1102
1085
1043
960
726
339
-38
-298
-556
-938
-1369
-1647
-1772
-1916
-2144
-2317
-2342
-2357
-2503
-2685
-2728
-2659
-2654
-2713
-2630
-2314
-1930
-1630
-1331
-908
-446
-133
52
277
565
736
701
619
647
730
729
668
688
777
781
651
526
519
541
462
313
228
244
273
274
334
509
726
876
975
1123
1342
1541
1649
1702
1768
1841
1876
1887
1935
2032
2105
2096
2013
1902
1759
1546
1276
997
745
493
231
-10
-187
-318
-475
-688
-947
-1299
-1880
-2752
-3756
-4634
-5247
-5651
-5844
-5736
-5346
-4923
-4637
-4293
-3605
-2634
-1773
-1218
-776
-246
254
602
1014
1768
2693
3318
3487
3557
3824
4137
4209
4075
3960
3830
3449
2818
2278
2066
2000
1774
1370
1005
770
533
214
-88
-253
-337
-481
-683
-786
-678
-415
-129
125
385
666
896
1005
999
951
895
780
545
223
-89
-348
-591
-847
-1062
-1191
-1279
-1437
-1686
-1934
-2114
-2256
-2419
-2574
-2659
-2678
-2689
-2671
-2526
-2227
-1865
-1540
-1255
-963
-671
-424
-220
-2
231
414
504
549
625
732
813
845
849
841
796
706
609
545
513
472
415
386
416
503
615
726
828
922
1002
1071
1146
1244
1363
1469
1538
1587
1646
1730
1810
1858
1877
1883
1868
1797
1670
1510
1323
1094
818
560
365
200
-3
-244
-462
-648
-881
-1203
-1583
-2006
-2583
-3382
-4242
-4878
-5182
-5300
-5340
-5209
-4826
-4358
-4012
-3696
-3124
-2280
-1513
-1062
-718
-150
603
1249
1756
2389
3215
3875
4062
3986
4067
4323
4379
4057
3642
3418
3248
2861
2350
2051
2012
1880
1416
822
428
229
-35
-438
-767
-859
-843
-895
-952
-808
-443
-69
133
227
362
554
682
670
586
523
474
348
111
-158
-345
-452
-589
-824
-1085
-1258
-1359
-1515
-1774
-2001
-2076
-2066
-2136
-2287
-2356
-2261
-2126
-2075
-2032
-1839
-1517
-1249
-1111
-961
-665
-305
-46
107
292
543
740
793
793
870
977
978
853
717
662
634
560
471
447
490
514
483
465
530
648
738
777
813
892
989
1064
1130
1226
1360
1480
1545
1568
1594
1638
1672
1657
1604
1542
1484
1389
1216
971
715
499
313
118
-96
-291
-435
-554
-728
-995
-1321
-1663
-2077
-2664
-3380
-4004
-4329
-4395
-4408
-4435
-4338
-4026
-3659
-3434
-3263
-2851
-2139
-1439
-1003
-661
-57
821
1607
2074
2433
2948
3474
3665
3517
3429
3637
3878
3769
3375
3096
3068
3009
2674
2217
1931
1785
1473
892
317
11
-126
-369
-743
-1006
-1023
-934
-907
-895
-746
-482
-277
-209
-164
-41
104
163
143
124
107
24
-115
-208
-223
-238
-325
-437
-504
-562
-686
-861
-983
-1045
-1140
-1321
-1516
-1626
-1667
-1711
-1758
-1736
-1630
-1511
-1422
-1323
-1155
-944
-756
-591
-414
-224
-59
66
184
306
403
456
486
520
545
538
523
534
566
578
567
576
618
655
661
672
729
807
844
839
845
880
911
900
885
915
976
1020
1037
1068
1129
1177
1171
1130
1095
1066
1010
923
832
752
662
546
423
314
204
70
-63
-177
-308
-526
-853
-1239
-1648
-2101
-2595
-3028
-3281
-3374
-3432
-3527
-3592
-3527
-3374
-3227
-3074
-2781
-2287
-1714
-1205
-753
-245
323
813
1139
1381
1673
2025
2329
2538
2726
2948
3137
3184
3103
3009
2955
2893
2765
2608
2478
2353
2165
1888
1583
1288
983
644
307
34
-163
-329
-500
-644
-736
-795
-855
-920
-958
-963
-957
-964
-970
-949
-895
-834
-799
-785
-772
-744
-710
-679
-644
-593
-533
-489
-465
-457
-459
-477
-514
-558
-602
-644
-685
-728
-777
-834
-893
-946
-978
-979
-944
-872
-773
-656
-534
-418
-316
-235
-175
-133
-96
-56
-11
48
121
203
282
357
432
516
607
705
805
899
989
1066
1117
1142
1145
1129
1100
1066
1029
998
973
944
911
873
829
787
740
696
658
628
601
569
531
485
429
366
300
236
180
131
79
14
-67
-173
-308
-476
-670
-885
-1105
-1319
-1522
-1705
-1870
-2013
-2132
-2224
-2281
-2300
-2273
-2199
-2079
-1921
-1729
-1515
-1287
-1052
-821
-594
-376
-165
37
235
429
617
798
973
1140
1300
1454
1601
1743
1869
1978
2066
2124
2156
2156
2125
2067
1988
1888
1773
1647
1514
1377
1237
1092
947
805
663
526
394
262
132
0
-135
-274
-410
-549
-686
-812
-929
-1027
-1106
-1170
-1210
-1229
-1231
-1215
-1187
-1152
-1117
-1080
-1048
-1025
-1004
-988
-978
-968
-958
-948
-935
-914
-885
-846
-798
-742
-679
-614
-548
-482
-419
-361
-307
-257
-209
-161
-115
-67
-18
36
92
148
211
279
352
431
513
599
685
768
843
910
967
1009
1038
1053
1056
1048
1031
1007
978
948
916
884
851
820
790
759
732
700
665
625
580
529
473
413
350
283
215
145
70
-6
-88
-173
-264
-361
-466
-579
-696
-818
-939
-1061
-1184
-1306
-1417
-1523
-1612
-1683
-1736
-1765
-1771
-1754
-1716
-1651
-1569
-1469
-1352
-1221
-1078
-922
-763
-595
-420
-243
-59
125
310
493
676
855
1028
1191
1345
1487
1616
1728
1820
1894
1948
1981
1996
1990
1967
1925
1871
1803
1723
1635
1539
1438
1331
1215
1094
967
832
689
539
384
222
57
-112
-278
-443
-602
-755
-897
-1028
-1145
-1248
-1338
-1412
-1470
-1515
-1548
-1572
-1587
-1593
-1593
-1587
-1578
-1561
-1538
-1509
-1468
-1418
-1359
-1289
-1207
-1115
-1014
-907
-796
-679
-562
-444
-327
-209
-97
10
116
218
315
406
493
578
656
727
792
848
895
933
961
978
987
985
975
955
936
911
886
861
838
818
799
782
767
753
741
727
708
689
667
641
611
581
551
519
483
447
411
374
333
291
249
203
154
101
47
-9
-72
-140
-211
-289
-369
-454
-542
-635
-728
-820
-912
-1002
-1085
-1164
-1235
-1297
-1347
-1385
-1412
-1425
-1422
-1403
-1370
-1320
-1255
-1175
-1084
-977
-861
-733
-598
-456
-309
-161
-11
134
279
418
549
675
789
894
990
1076
1151
1215
1267
1310
1339
1359
1368
1368
1357
1337
1310
1275
1234
1186
1130
1069
1004
937
858
775
686
591
491
387
279
169
55
-57
-168
-279
-386
-488
-582
-673
-757
-829
-896
-951
-995
-1028
-1051
-1064
-1067
-1059
-1041
-1016
-987
-952
-912
-870
-823
-773
-724
-675
-627
-579
-533
-490
-443
-399
-353
-312
-269
-224
-184
-143
-99
-56
-10
33
78
122
167
211
252
294
334
371
405
439
473
500
525
545
564
580
590
599
603
604
603
596
589
578
563
547
528
509
489
469
449
427
407
387
367
348
331
314
294
274
251
228
201
170
138
101
64
23
-18
-62
-110
-155
-206
-253
-303
-350
-397
-441
-484
-523
-556
-588
-614
-635
-654
-667
-678
-684
-684
-684
-676
-665
-652
-634
-614
-587
-559
-527
-490
-450
-405
-359
-307
-251
-194
-132
-67
2
76
149
221
294
367
437
500
559
613
661
699
732
755
773
783
784
779
769
751
729
702
667
630
592
554
508
460
415
373
326
277
229
182
139
96
49
2
-40
-79
-120
-164
-211
-251
-293
-335
-378
-422
-460
-495
-528
-562
-596
-620
-638
-653
-664
-669
-667
-656
-639
-618
-590
-554
-514
-474
-432
-383
-332
-285
-243
-202
-157
-112
-73
-39
-8
21
48
74
94
109
121
133
146
160
168
175
182
193
207
217
227
238
251
265
277
289
299
306
313
322
329
331
332
333
332
331
333
335
330
324
321
317
315
311
308
306
299
290
280
278
272
252
227
206
192
173
138
89
50
19
-11
-58
-113
-160
-192
-222
-264
-305
-336
-355
-365
-385
-405
-412
-404
-392
-391
-390
-373
-348
-320
-301
-292
-272
-239
-210
-195
-192
-181
-152
-131
-123
-133
-128
-102
-76
-74
-85
-79
-51
-23
-16
-22
-4
30
54
64
75
102
128
146
157
175
207
223
216
213
239
265
262
235
225
253
268
239
197
198
237
235
176
130
158
204
178
99
70
116
153
113
30
-1
39
78
46
-48
-98
-59
-2
-33
-137
-198
-162
-93
-110
-211
-278
-240
-152
-151
-254
-320
-249
-147
-168
-283
-311
-194
-108
-182
-284
-242
-100
-61
-167
-232
-139
1
-1
-116
-150
-41
73
53
-43
-53
50
139
108
30
46
154
210
131
72
158
279
235
100
108
255
311
192
104
159
237
208
143
151
165
112
62
108
164
101
-6
-17
72
98
19
-49
-29
15
-2
-34
-27
-12
-37
-80
-81
-31
3
-32
-115
-149
-74
14
-19
-155
-219
-120
-18
-65
-202
-231
-126
-70
-136
-205
-164
-92
-121
-183
-146
-36
-35
-156
-170
-27
71
-22
-134
-71
61
83
10
-6
32
32
48
110
139
51
-33
60
208
193
31
-17
129
239
161
26
53
195
225
108
28
128
238
173
42
62
189
188
59
-7
90
177
80
-59
-59
62
83
-61
-172
-114
-17
-94
-235
-222
-110
-133
-287
-302
-138
-115
-305
-380
-188
-46
-215
-372
-233
-54
-133
-249
-149
-54
-137
-182
-42
31
-71
-109
-25
26
46
89
44
-80
28
292
227
-65
-34
291
325
95
79
227
245
199
273
286
175
218
398
365
166
217
466
417
119
137
455
476
126
-22
240
420
185
-119
-73
193
192
-139
-316
-101
95
-141
-431
-345
-122
-130
-307
-423
-441
-306
-74
-143
-568
-648
-113
186
-276
-711
-386
123
55
-324
-434
-225
24
111
-80
-386
-279
199
303
-159
-390
38
357
90
-181
4
239
128
-18
78
250
251
45
-96
120
530
494
-158
-449
258
990
518
-570
-567
554
1097
275
-692
-429
585
910
140
-655
-380
493
700
22
-518
-277
200
338
142
-190
-416
-222
251
291
-214
-527
-270
86
119
-124
-452
-487
-22
317
-144
-768
-465
371
410
-402
-771
-165
471
292
-341
-514
-27
417
232
-250
-282
125
343
137
-113
-86
120
240
135
-32
-3
174
168
-19
-5
260
315
-1
-201
65
434
353
-53
-205
55
347
305
52
-108
-62
102
223
183
-18
-176
-109
98
183
46
-189
-283
-55
248
123
-404
-531
104
559
-2
-801
-516
468
577
-336
-779
-87
534
114
-518
-309
312
287
-262
-375
58
288
-14
-268
-51
244
98
-314
-312
208
498
32
-562
-380
322
513
-40
-481
-240
232
270
-91
-298
-107
183
190
-73
-246
-111
174
267
47
-223
-173
161
352
154
-125
-84
180
293
166
36
32
116
234
268
116
-69
10
303
365
30
-267
-83
324
342
-87
-368
-141
186
146
-127
-252
-189
-106
-22
20
-142
-388
-333
51
228
-157
-592
-398
217
358
-226
-657
-265
347
273
-304
-473
-35
289
94
-213
-174
73
141
28
-44
13
94
93
62
74
119
136
83
49
132
237
196
16
-17
231
414
200
-140
-57
365
474
89
-207
14
354
281
-71
-181
45
227
134
-68
-134
-71
-3
7
-30
-93
-168
-183
-106
-23
-76
-237
-277
-108
40
-85
-310
-261
29
105
-213
-465
-221
193
161
-280
-470
-134
231
131
-279
-410
-46
339
191
-336
-463
78
528
180
-476
-417
328
677
140
-458
-244
439
621
83
-360
-85
477
512
-17
-286
71
443
293
-62
-54
204
247
87
36
112
71
-38
42
214
129
-143
-168
108
253
29
-233
-164
113
198
-32
-250
-156
97
135
-109
-271
-119
104
92
-111
-219
-135
-19
22
-18
-108
-185
-137
18
83
-51
-220
-206
-40
61
-25
-185
-232
-110
27
10
-137
-226
-124
40
64
-68
-168
-93
60
113
38
-40
-29
57
155
207
162
56
28
140
279
273
136
14
53
232
333
216
19
-4
183
316
196
-38
-73
118
252
121
-113
-137
60
194
87
-114
-168
-46
75
37
-122
-217
-153
-48
-74
-193
-227
-141
-94
-175
-246
-203
-118
-123
-202
-227
-168
-112
-120
-164
-154
-81
-30
-58
-101
-67
22
66
30
-9
5
58
114
136
90
8
13
146
219
98
-47
11
191
225
73
-54
10
181
208
34
-112
-15
187
190
-16
-133
15
211
189
5
-73
39
162
144
20
-68
-17
112
142
11
-103
-19
138
135
1
-60
17
90
61
-29
-91
-82
-23
-8
-73
-145
-126
-41
-18
-83
-123
-84
-42
-43
-49
-32
-50
-105
-94
-16
7
-64
-118
-74
6
19
-43
-93
-46
47
57
-34
-91
-10
102
76
-49
-81
35
135
73
-53
-48
78
133
43
-44
0
110
117
23
-25
32
100
83
9
-23
23
72
52
-2
-19
6
30
29
11
-23
-37
-6
35
21
-44
-71
-27
25
10
-58
-84
-35
20
-3
-66
-68
-7
29
-19
-76
-48
30
44
-33
-79
-16
61
30
-68
-84
22
116
55
-90
-101
51
161
59
-134
-138
59
188
68
-148
-152
54
174
27
-180
-131
118
227
30
-211
-157
106
217
32
-196
-155
87
208
66
-153
-153
53
180
62
-137
-123
99
207
22
-228
-201
86
248
70
-211
-226
52
265
145
-146
-225
-3
210
128
-118
-174
29
190
71
-179
-218
44
281
171
-159
-267
-1
272
195
-112
-235
-43
174
134
-65
-132
-7
97
34
-89
-96
25
113
59
-61
-103
-38
37
41
-15
-70
-67
-2
59
60
-1
-71
-72
-6
35
-1
-56
-32
44
70
11
-66
-62
24
75
24
-48
-32
74
128
48
-74
-97
-3
71
30
-45
-33
61
95
12
-81
-90
-30
15
7
-13
-4
21
35
14
-24
-47
-49
-10
46
68
43
11
9
23
16
-17
-36
-7
45
74
51
-7
-42
-31
-2
3
-18
-20
10
42
34
-10
-50
-57
-23
9
15
7
6
21
22
-6
-52
-71
-39
20
62
51
-5
-49
-35
7
11
-31
-50
-14
43
53
14
-20
-21
-20
-33
-34
-5
31
38
23
9
2
-12
-25
-2
34
36
-5
-24
19
77
55
-47
-108
-40
60
57
-15
-41
15
51
0
-66
-40
56
83
2
-67
-27
65
81
-3
-86
-68
20
66
31
-17
-12
18
5
-45
-60
-11
48
56
14
-25
-32
-12
2
1
-14
-18
7
48
56
13
-39
-45
-14
5
-5
-10
20
45
12
-55
-90
-55
-4
4
-19
-16
18
28
-18
-66
-50
1
20
17
29
54
58
23
-17
-23
7
41
55
59
57
38
9
-14
-18
-16
-7
14
31
24
-13
-46
-47
-33
-35
-40
-22
14
29
8
-24
-29
-8
4
4
10
33
53
43
7
-24
-29
-12
3
7
10
11
-1
-21
-35
-31
-17
-3
9
18
8
-7
-12
-8
-7
-16
-18
1
28
33
11
-19
-23
-8
5
9
19
37
50
44
12
-18
-17
4
18
19
17
21
22
8
-16
-32
-26
-8
4
9
11
14
4
-14
-31
-31
-22
-12
-8
-3
1
-7
-27
-45
-47
-39
-31
-25
-16
-6
4
5
0
-2
16
51
83
109
128
163
200
193
175
159
167
213
224
207
192
177
175
142
81
44
37
54
45
2
-33
-46
-64
-120
-187
-223
-226
-224
-268
-330
-359
-371
-390
-458
-532
-527
-501
-485
-505
-558
-562
-549
-553
-565
-602
-604
-566
-558
-552
-567
-571
-527
-498
-471
-423
-343
-214
-99
-8
93
245
426
573
700
836
1043
1271
1375
1411
1433
1519
1677
1706
1655
1623
1652
1684
1615
1472
1347
1294
1246
1127
948
797
694
563
336
51
-206
-397
-570
-779
-1007
-1196
-1336
-1469
-1620
-1755
-1823
-1810
-1753
-1687
-1607
-1496
-1363
-1219
-1062
-876
-650
-396
-137
106
320
494
640
765
886
996
1086
1149
1172
1159
1106
1007
874
737
605
485
360
218
71
-77
-230
-387
-542
-672
-766
-830
-885
-940
-989
-1026
-1056
-1080
-1088
-1069
-1023
-961
-889
-816
-749
-687
-625
-553
-471
-383
-288
-190
-98
-15
56
120
189
272
358
439
517
598
679
746
804
847
886
927
965
994
1011
1018
1015
991
949
896
842
792
733
668
596
513
427
337
248
165
94
38
-10
-52
-89
-119
-141
-152
-162
-163
-155
-138
-119
-106
-100
-95
-97
-101
-102
-106
-108
-112
-122
-140
-163
-189
-213
-233
-250
-265
-276
-289
-305
-328
-351
-379
-405
-426
-444
-463
-484
-508
-534
-555
-571
-578
-578
-571
-556
-539
-520
-495
-463
-421
-375
-327
-279
-228
-177
-125
-74
-25
23
69
108
149
188
225
259
288
319
345
372
400
427
447
465
480
492
505
513
520
525
523
518
505
490
469
445
415
383
349
309
268
224
174
123
69
18
-30
-77
-121
-164
-205
-244
-275
-303
-321
-332
-338
-335
-327
-310
-288
-262
-231
-196
-157
-115
-73
-33
6
40
70
89
103
112
116
113
104
88
62
31
-4
-43
-86
-126
-166
-208
-243
-274
-304
-327
-346
-353
-351
-351
-343
-329
-308
-277
-246
-213
-175
-133
-90
-46
-3
43
85
127
165
206
240
276
306
326
346
367
385
402
406
408
416
417
418
406
392
384
369
349
327
296
270
244
214
184
146
114
79
47
16
-15
-41
-68
-91
-115
-137
-153
-170
-189
-207
-226
-238
-249
-269
-283
-302
-317
-325
-341
-354
-370
-382
-381
-386
-391
-392
-389
-371
-353
-340
-318
-297
-266
-225
-191
-153
-115
-74
-30
8
49
85
122
155
184
216
240
264
279
285
298
305
313
314
307
307
302
294
283
266
249
236
220
202
181
157
138
118
102
84
67
51
37
22
7
-7
-26
-40
-54
-71
-85
-97
-114
-127
-144
-159
-165
-172
-179
-182
-185
-176
-171
-162
-151
-139
-121
-100
-84
-67
-52
-39
-25
-15
-10
-6
-3
-1
-3
-7
-13
-20
-30
-35
-43
-49
-51
-53
-51
-50
-47
-42
-36
-27
-15
-3
8
23
35
47
54
61
68
70
70
68
65
58
46
26
10
9
14
14
8
7
11
18
23
28
37
48
57
63
63
60
61
63
62
62
59
57
57
55
51
43
37
34
31
26
22
13
3
-7
-20
-30
-41
-44
-50
-52
-56
-56
-51
-48
-46
-42
-37
-31
-25
-24
-24
-24
-25
-28
-31
-34
-37
-36
-35
-36
-38
-40
-41
-40
-39
-40
-40
-41
-41
-45
-46
-47
-46
-44
-42
-39
-35
-31
-25
-18
-13
-8
-3
3
9
14
16
18
21
23
24
24
26
26
26
26
23
21
21
21
21
21
22
23
24
25
26
27
29
31
32
34
36
36
35
35
34
33
33
30
30
27
26
25
23
21
20
19
18
15
13
11
9
6
6
4
2
0
-3
-4
-7
-7
-8
-10
-10
-12
-14
-14
-14
-14
-19
-20
-21
-23
-24
-26
-28
-33
-35
-39
-42
-45
-48
-48
-49
-48
-46
-46
-44
-43
-38
-33
-31
-28
-24
-19
-15
-10
-8
-2
3
7
10
13
14
14
16
17
18
17
17
17
17
14
14
13
12
11
10
10
8
8
8
8
8
8
10
12
11
14
16
15
15
15
16
17
17
18
16
16
13
9
6
3
0
-3
-7
-11
-16
-22
-25
-30
-34
-36
-37
-37
-36
-36
-37
-35
-33
-32
-28
-22
-18
-14
-10
-6
-2
2
9
11
16
20
26
31
33
40
43
47
49
50
53
52
51
51
49
