-1
0
-1
-2
-1
-3
-2
-3
-4
-4
-5
-6
-6
-5
-6
-4
-3
-2
0
0
1
1
4
4
5
5
6
7
8
8
6
6
4
5
4
4
2
1
-1
-3
-3
-3
-3
-2
-4
-4
-2
-4
-4
-3
-3
-2
0
1
2
2
2
2
2
2
1
1
0
0
1
-1
0
-1
-1
-1
-3
-3
-3
-2
-3
-2
-1
-1
-1
0
0
-1
0
0
0
0
-2
-2
0
-1
-1
-1
1
1
2
3
3
3
2
2
4
3
2
4
2
1
2
0
1
2
2
3
0
0
0
-1
-1
0
0
1
1
1
0
0
-2
-2
0
-3
-2
-2
-4
-3
-3
-4
-5
-6
-5
-5
-6
-6
-5
-5
-1
0
0
2
4
5
6
6
8
6
6
7
6
6
4
3
1
0
0
-1
-2
0
0
1
2
1
1
0
0
2
2
3
2
2
0
-1
-2
-2
-1
-3
-2
-3
-4
-3
-4
-5
-4
-4
-3
-2
-2
-3
-1
-2
-1
-1
0
-2
-2
-1
-1
0
-2
0
-1
-1
-1
-1
-1
-1
1
0
0
1
3
3
3
2
1
3
1
3
2
3
4
3
3
4
4
5
4
5
5
3
4
4
4
2
2
1
1
0
-2
0
-1
-2
-4
-3
-3
-2
-3
-2
-1
-1
0
-1
0
0
0
-1
-1
-2
0
-1
-2
-4
-4
-3
-4
-3
-4
-4
-4
-3
-3
-3
-3
-3
-1
0
1
2
2
2
4
3
2
3
1
2
2
2
0
1
2
2
-1
0
-1
1
0
2
2
2
4
5
5
5
5
3
3
2
2
0
-1
-1
-3
-2
-2
-2
-3
-1
-3
-2
-1
1
3
2
3
4
4
4
3
1
-1
0
-2
-2
-4
-3
-2
-4
-5
-4
-4
-4
-1
-2
-2
-1
-2
-1
-1
-1
-1
-1
-2
-3
0
-1
0
0
0
-1
-1
2
1
-1
0
-1
-1
1
0
1
2
3
2
1
0
1
2
1
2
3
0
1
1
2
1
0
1
1
0
4
3
4
3
3
3
3
5
2
3
1
1
0
0
-2
-2
-4
-3
-3
-4
-4
-4
-3
-1
-1
0
-1
-1
-2
-2
0
-1
0
-1
-2
0
-2
-4
-3
-3
-4
-4
-4
-5
-5
-4
-3
-3
-1
0
0
0
1
2
2
3
3
4
5
6
6
8
6
6
6
6
7
7
8
7
7
8
6
7
6
5
5
6
6
7
8
9
12
14
14
15
15
17
18
19
19
17
18
19
18
16
13
11
9
5
0
-5
-10
-19
-28
-34
-42
-51
-60
-71
-78
-81
-87
-90
-95
-94
-92
-88
-83
-79
-73
-63
-53
-42
-32
-23
-16
-6
3
9
16
20
24
26
28
32
33
34
34
35
37
40
46
53
61
72
92
108
120
134
147
171
191
200
216
226
249
279
291
308
318
328
354
354
341
326
300
288
264
219
175
122
71
10
-60
-133
-203
-274
-357
-421
-470
-514
-544
-593
-632
-650
-682
-705
-759
-830
-863
-899
-914
-919
-938
-892
-811
-717
-604
-511
-403
-290
-195
-112
-44
19
87
157
231
313
405
487
549
592
609
622
610
575
548
530
535
559
601
651
704
746
768
770
753
725
697
678
677
700
747
808
869
922
954
953
917
849
761
665
576
502
453
434
436
445
444
421
368
276
143
-27
-213
-401
-582
-745
-884
-995
-1081
-1152
-1215
-1272
-1323
-1369
-1419
-1475
-1533
-1591
-1653
-1730
-1811
-1879
-1916
-1920
-1884
-1792
-1634
-1419
-1177
-922
-663
-412
-186
4
165
307
443
574
695
812
929
1038
1119
1162
1171
1158
1121
1066
1005
959
942
945
967
1001
1047
1092
1128
1145
1147
1143
1141
1136
1128
1129
1138
1143
1128
1086
1020
927
799
637
457
273
97
-69
-224
-357
-451
-519
-575
-619
-648
-658
-667
-688
-715
-734
-740
-749
-767
-774
-743
-684
-631
-592
-546
-481
-438
-447
-491
-529
-558
-608
-677
-736
-755
-748
-755
-778
-788
-775
-762
-774
-792
-770
-709
-635
-564
-473
-343
-190
-59
42
137
242
334
391
424
465
521
569
589
606
638
676
695
692
691
699
705
693
673
664
665
663
652
637
632
630
613
584
557
538
513
482
449
424
407
382
347
308
268
218
151
74
1
-61
-118
-166
-198
-208
-207
-207
-215
-225
-240
-263
-295
-328
-353
-377
-402
-435
-478
-540
-627
-745
-882
-1018
-1144
-1252
-1324
-1349
-1319
-1245
-1141
-1017
-874
-725
-584
-461
-346
-231
-118
-13
89
192
294
384
452
497
521
524
506
477
451
445
462
502
564
646
743
840
919
980
1022
1050
1060
1056
1051
1052
1059
1061
1059
1051
1041
1019
981
928
873
825
772
718
660
608
554
480
378
255
122
-26
-193
-370
-534
-682
-821
-960
-1092
-1202
-1293
-1378
-1456
-1506
-1514
-1496
-1490
-1516
-1574
-1678
-1858
-2129
-2439
-2705
-2873
-2925
-2847
-2603
-2190
-1673
-1143
-663
-246
107
373
537
638
752
924
1133
1344
1558
1783
1973
2056
2004
1861
1674
1463
1232
1023
907
904
981
1085
1203
1332
1451
1512
1490
1422
1361
1320
1290
1277
1315
1409
1509
1552
1518
1419
1249
989
634
238
-132
-438
-697
-916
-1061
-1110
-1099
-1111
-1177
-1246
-1281
-1312
-1388
-1464
-1430
-1268
-1078
-963
-886
-761
-641
-685
-928
-1173
-1251
-1249
-1341
-1465
-1390
-1114
-912
-944
-1030
-980
-878
-927
-1079
-1094
-854
-525
-295
-106
210
621
891
907
837
873
949
885
715
677
870
1098
1182
1207
1343
1541
1583
1417
1236
1178
1152
1034
880
856
980
1100
1106
1072
1092
1122
1039
823
597
452
332
152
-58
-192
-226
-277
-435
-638
-770
-855
-1001
-1226
-1412
-1469
-1480
-1580
-1771
-1900
-1892
-1875
-1977
-2096
-2021
-1772
-1575
-1499
-1339
-972
-579
-360
-223
25
347
553
610
667
803
936
974
935
905
922
939
891
779
692
684
689
618
523
517
601
672
678
698
790
901
936
905
914
1024
1163
1196
1116
1056
1079
988
602
118
-77
7
-28
-286
-367
-56
245
130
-184
-261
-147
-211
-506
-699
-599
-411
-395
-484
-447
-288
-252
-472
-745
-826
-764
-795
-934
-940
-702
-444
-399
-481
-450
-304
-271
-429
-569
-513
-377
-350
-373
-244
48
294
374
400
501
613
586
426
283
239
218
122
-15
-71
-51
-76
-211
-372
-444
-454
-496
-591
-635
-574
-535
-700
-1046
-1350
-1505
-1662
-1921
-2068
-1854
-1402
-1020
-733
-313
277
750
953
1065
1273
1494
1580
1579
1654
1825
1980
2032
1977
1865
1724
1542
1270
929
649
521
480
423
381
459
631
749
741
702
729
770
727
635
628
744
869
898
874
872
839
677
377
23
-317
-622
-931
-1319
-1776
-2152
-2374
-2612
-2964
-3153
-2873
-2336
-1955
-1675
-1126
-387
49
67
88
338
548
486
326
327
439
435
244
5
-141
-209
-332
-568
-756
-726
-538
-420
-399
-269
57
355
426
409
547
780
871
827
870
1090
1304
1368
1376
1467
1605
1645
1530
1339
1170
1025
814
486
138
-97
-224
-395
-655
-862
-926
-944
-1024
-1102
-1093
-1035
-1022
-1117
-1409
-1915
-2446
-2811
-3094
-3424
-3557
-3148
-2381
-1760
-1351
-763
39
592
681
697
968
1290
1371
1366
1600
2036
2365
2440
2376
2281
2097
1729
1228
770
501
430
446
494
632
902
1189
1338
1337
1306
1310
1284
1185
1092
1132
1324
1536
1632
1628
1616
1564
1302
784
223
-192
-569
-1099
-1681
-2021
-2079
-2119
-2309
-2490
-2473
-2310
-2214
-2277
-2329
-2104
-1575
-1054
-783
-545
-68
432
520
260
108
130
-30
-461
-801
-859
-859
-978
-1060
-933
-681
-496
-446
-437
-354
-189
-52
-4
94
395
773
985
1039
1149
1351
1446
1360
1278
1349
1476
1494
1422
1421
1538
1632
1559
1378
1248
1173
993
642
290
107
24
-136
-394
-596
-672
-719
-817
-901
-892
-851
-883
-1076
-1550
-2377
-3325
-3989
-4285
-4481
-4578
-4150
-3081
-1962
-1301
-816
-49
745
1021
910
1028
1479
1812
1888
2103
2653
3169
3273
3033
2706
2334
1815
1169
572
212
148
271
449
645
899
1169
1319
1273
1102
939
859
858
907
1034
1327
1758
2088
2116
1925
1707
1406
838
99
-493
-847
-1161
-1520
-1775
-1893
-2024
-2216
-2378
-2592
-2999
-3407
-3409
-2983
-2526
-2179
-1626
-743
75
449
521
601
658
505
192
-85
-293
-552
-839
-969
-849
-622
-498
-524
-570
-535
-483
-517
-596
-549
-279
116
467
737
998
1237
1346
1316
1296
1359
1394
1319
1275
1410
1647
1806
1844
1855
1836
1693
1443
1208
1038
877
711
598
551
471
310
133
17
-90
-286
-531
-711
-803
-892
-980
-985
-935
-943
-1042
-1297
-2045
-3485
-5051
-5844
-5802
-5728
-5834
-5235
-3486
-1636
-831
-636
79
1204
1634
1229
1105
1860
2745
3034
3156
3806
4670
4851
4147
3204
2507
1876
1043
207
-202
-92
241
505
670
841
1031
1114
977
675
449
529
869
1218
1499
1949
2662
3209
3113
2537
2032
1652
972
-45
-831
-1073
-1162
-1499
-1903
-2012
-1908
-2029
-2661
-3632
-4386
-4530
-4307
-4175
-3955
-3029
-1557
-499
-202
64
674
892
211
-606
-663
-270
-242
-493
-295
424
934
767
244
-142
-371
-722
-1218
-1465
-1159
-529
-77
126
468
1063
1448
1276
898
870
1140
1250
1159
1309
1873
2424
2557
2420
2373
2359
2055
1464
1007
946
1058
990
765
680
817
878
609
157
-110
-112
-171
-514
-894
-928
-722
-734
-1034
-1167
-957
-848
-1126
-1473
-1858
-3046
-5257
-7066
-7089
-6167
-6085
-6470
-5291
-2510
-648
-864
-1137
241
1839
1673
692
1202
3093
4249
4072
4150
5326
6262
5616
4005
2875
2439
1814
718
-95
-27
511
809
791
814
949
958
765
494
254
215
628
1396
2005
2297
2778
3612
3994
3290
2195
1714
1564
763
-537
-1170
-913
-882
-1684
-2466
-2455
-2288
-2935
-4117
-4813
-4840
-4830
-4947
-4629
-3632
-2462
-1583
-932
-334
140
320
104
-442
-927
-942
-688
-688
-820
-440
360
676
292
-8
97
-74
-801
-1303
-1032
-487
-249
-96
376
988
1320
1299
1180
1185
1321
1434
1461
1614
2077
2590
2756
2624
2583
2656
2471
1956
1500
1338
1262
1085
924
898
897
779
558
310
117
37
-1
-128
-260
-158
122
243
104
-53
-149
-393
-817
-1170
-1326
-1439
-1636
-1746
-1586
-1588
-2824
-5577
-8090
-8332
-7025
-6816
-7824
-7032
-3464
-539
-839
-1816
-139
2608
2725
845
942
3718
5720
5198
4567
5945
7661
7132
4762
2945
2500
2095
804
-479
-503
487
1136
840
329
341
566
335
-313
-733
-503
310
1335
2133
2624
3257
4207
4658
3804
2349
1717
1838
1261
-231
-1027
-389
111
-928
-2446
-2763
-2399
-3084
-4714
-5474
-4832
-4265
-4586
-4576
-3255
-1846
-1967
-2933
-2767
-1324
-471
-1064
-1678
-1002
191
497
75
141
914
1345
824
83
33
381
126
-791
-1248
-631
138
-11
-616
-459
388
720
249
79
818
1586
1563
1333
1821
2738
3089
2731
2448
2674
2899
2541
1841
1514
1694
1748
1281
779
794
979
627
-97
-362
-17
188
-152
-485
-239
325
593
482
394
480
426
2
-520
-727
-611
-499
-600
-776
-707
-440
-967
-3489
-7287
-9523
-8777
-7445
-8137
-9074
-6844
-2607
-978
-2589
-2990
-161
2180
1031
-701
979
4700
6288
5361
5294
7367
8836
7385
4478
2949
3020
2622
940
-333
278
1695
1877
735
-94
99
282
-427
-1435
-1652
-877
283
1248
1925
2643
3668
4595
4540
3391
2346
2353
2591
1752
381
183
1110
1138
-533
-2156
-2291
-2105
-3277
-5092
-5569
-4600
-3943
-4341
-4555
-3543
-2111
-1650
-2242
-2790
-2559
-1941
-1690
-1834
-1651
-786
59
144
-189
-58
387
172
-630
-928
-352
90
-266
-803
-675
-122
-72
-574
-869
-554
-178
-200
-248
228
1040
1490
1562
1730
2229
2735
2846
2691
2650
2863
3055
2949
2671
2532
2553
2403
1969
1540
1360
1241
891
455
293
421
489
353
261
372
505
457
354
419
630
759
686
548
526
533
313
-150
-486
-488
-429
-620
-1198
-2614
-5396
-8669
-10214
-9279
-8030
-8447
-9055
-7216
-3834
-2491
-3861
-4489
-2203
475
476
-817
270
3974
6723
6444
5298
6040
7847
7715
5025
2550
2559
3817
3686
2043
1236
2309
3327
2292
75
-971
-414
-37
-894
-1828
-1364
210
1498
1954
2188
2705
3221
3266
2885
2486
2329
2391
2532
2592
2399
1905
1318
845
345
-528
-1725
-2667
-2963
-2949
-3170
-3565
-3611
-3200
-2911
-3193
-3739
-3924
-3655
-3419
-3519
-3634
-3294
-2503
-1715
-1293
-1208
-1232
-1248
-1272
-1319
-1320
-1194
-940
-617
-260
93
344
380
271
239
343
349
91
-167
-33
442
787
711
393
138
67
190
471
746
819
736
804
1201
1737
2095
2192
2212
2315
2472
2586
2671
2766
2813
2738
2611
2575
2614
2575
2387
2139
1924
1753
1620
1539
1459
1281
993
729
600
551
456
292
120
-36
-198
-340
-395
-385
-447
-701
-1143
-1741
-2508
-3367
-4033
-4232
-4087
-4061
-4427
-4944
-5194
-5091
-4841
-4589
-4317
-4078
-3998
-4004
-3803
-3236
-2543
-2090
-1907
-1696
-1241
-643
-102
367
851
1321
1694
2051
2528
3056
3397
3476
3490
3609
3764
3794
3678
3521
3410
3382
3464
3632
3783
3802
3679
3484
3300
3163
3030
2792
2396
1969
1711
1652
1637
1564
1471
1365
1154
822
524
364
221
-74
-486
-842
-1076
-1271
-1521
-1839
-2186
-2515
-2815
-3102
-3367
-3547
-3617
-3655
-3700
-3657
-3477
-3318
-3339
-3427
-3343
-3100
-2928
-2866
-2698
-2345
-2029
-1885
-1695
-1277
-872
-774
-810
-597
-185
53
84
259
660
951
994
1111
1486
1799
1784
1685
1840
2118
2190
2091
2124
2326
2422
2321
2245
2330
2397
2273
2084
2060
2188
2263
2215
2169
2187
2173
2078
1977
1905
1795
1614
1451
1354
1254
1091
893
644
229
-441
-1321
-2225
-2910
-3186
-3154
-3239
-3731
-4382
-4703
-4597
-4390
-4243
-4005
-3702
-3681
-3941
-3887
-3146
-2247
-1926
-2053
-1887
-1225
-587
-272
66
701
1302
1527
1636
2075
2727
3071
2957
2772
2848
3070
3122
2914
2624
2458
2469
2551
2607
2637
2655
2571
2286
1923
1765
1837
1813
1461
1006
830
922
967
866
813
853
742
397
133
192
338
190
-192
-440
-468
-559
-852
-1148
-1316
-1549
-2009
-2488
-2673
-2603
-2584
-2721
-2827
-2790
-2755
-2864
-3014
-3029
-2924
-2822
-2746
-2604
-2381
-2168
-2020
-1877
-1661
-1387
-1132
-944
-801
-631
-396
-115
169
428
647
795
906
1071
1323
1557
1682
1760
1907
2097
2215
2271
2369
2492
2492
2355
2269
2341
2413
2324
2158
2113
2181
2197
2102
2003
1948
1864
1737
1655
1657
1648
1571
1482
1415
1317
1155
999
883
731
471
155
-141
-453
-901
-1568
-2389
-3133
-3547
-3610
-3618
-3887
-4375
-4732
-4763
-4609
-4432
-4195
-3909
-3806
-3987
-4090
-3683
-2912
-2348
-2206
-2107
-1695
-1130
-694
-309
236
831
1199
1401
1785
2417
2937
3075
2996
3006
3151
3247
3215
3130
3055
3011
3020
3104
3217
3262
3156
2888
2528
2222
2085
2052
1931
1659
1402
1332
1395
1412
1342
1255
1119
835
482
294
320
307
72
-250
-455
-600
-872
-1239
-1502
-1647
-1871
-2216
-2483
-2554
-2584
-2708
-2796
-2690
-2523
-2536
-2703
-2789
-2720
-2665
-2695
-2658
-2454
-2217
-2100
-2015
-1830
-1585
-1422
-1329
-1165
-927
-747
-652
-498
-213
90
291
455
675
900
1025
1096
1253
1496
1679
1754
1834
2007
2171
2219
2211
2268
2349
2311
2158
2054
2073
2102
2030
1939
1950
2030
2048
1975
1908
1886
1825
1671
1504
1419
1373
1252
1037
827
699
599
419
132
-236
-714
-1392
-2223
-2917
-3190
-3120
-3109
-3427
-3898
-4182
-4206
-4148
-4064
-3874
-3654
-3636
-3798
-3733
-3189
-2463
-2023
-1908
-1756
-1367
-895
-482
-49
477
978
1326
1636
2095
2645
3023
3093
2988
2929
2981
3044
3008
2874
2722
2631
2611
2623
2628
2590
2459
2192
1863
1636
1598
1630
1527
1262
1018
935
961
956
868
735
548
289
42
-52
-11
-20
-198
-450
-622
-726
-874
-1093
-1318
-1536
-1796
-2050
-2161
-2116
-2080
-2181
-2320
-2349
-2305
-2334
-2427
-2437
-2335
-2251
-2227
-2125
-1863
-1591
-1468
-1409
-1226
-939
-740
-677
-598
-421
-269
-220
-156
50
283
369
360
451
675
866
943
1019
1179
1332
1379
1405
1518
1669
1732
1717
1736
1802
1821
1789
1811
1920
2012
2010
1973
1986
2025
2020
1975
1918
1824
1666
1493
1378
1318
1223
1048
821
570
274
-92
-557
-1180
-1944
-2648
-3025
-3042
-2996
-3174
-3540
-3853
-3983
-3973
-3851
-3588
-3294
-3202
-3314
-3298
-2863
-2170
-1635
-1418
-1297
-1034
-650
-251
178
670
1126
1416
1600
1880
2317
2720
2865
2764
2615
2581
2636
2656
2579
2445
2326
2245
2217
2259
2350
2367
2195
1870
1586
1481
1496
1457
1288
1063
884
768
685
635
601
500
255
-85
-357
-469
-493
-550
-665
-800
-953
-1149
-1352
-1490
-1580
-1710
-1884
-2003
-2010
-1968
-1963
-1977
-1972
-1971
-2012
-2053
-2028
-1970
-1957
-1976
-1939
-1813
-1654
-1504
-1337
-1150
-997
-906
-808
-633
-422
-265
-167
-59
92
246
373
516
700
873
979
1046
1146
1294
1430
1512
1570
1634
1703
1757
1803
1860
1926
1977
2009
2044
2082
2116
2140
2154
2149
2117
2053
1964
1861
1738
1584
1386
1155
926
730
545
306
-38
-510
-1127
-1847
-2503
-2868
-2917
-2926
-3180
-3620
-3938
-3971
-3830
-3659
-3452
-3232
-3169
-3314
-3367
-3004
-2353
-1856
-1692
-1588
-1260
-776
-327
100
587
1046
1305
1430
1690
2159
2595
2769
2737
2710
2769
2826
2805
2711
2575
2419
2277
2211
2249
2356
2422
2342
2107
1855
1728
1687
1558
1263
931
721
630
545
459
438
425
254
-79
-358
-452
-513
-746
-1062
-1215
-1182
-1170
-1270
-1347
-1342
-1419
-1671
-1899
-1895
-1776
-1798
-1944
-1987
-1866
-1783
-1831
-1859
-1773
-1723
-1834
-1956
-1883
-1684
-1574
-1557
-1443
-1187
-959
-836
-692
-446
-233
-172
-151
0
228
368
431
575
823
1015
1073
1130
1272
1398
1400
1367
1442
1584
1641
1613
1660
1821
1965
2011
2041
2120
2169
2106
2011
2008
2061
2033
1896
1770
1731
1698
1566
1356
1174
1022
795
436
7
-446
-1005
-1742
-2483
-2908
-2929
-2856
-3045
-3461
-3784
-3850
-3791
-3707
-3497
-3165
-2978
-3116
-3279
-3000
-2296
-1673
-1452
-1391
-1132
-713
-359
-47
408
935
1242
1299
1444
1907
2461
2760
2767
2711
2736
2768
2728
2657
2592
2490
2318
2155
2113
2205
2315
2305
2128
1869
1664
1550
1425
1183
868
604
427
280
158
136
187
133
-122
-423
-575
-629
-786
-1065
-1263
-1283
-1280
-1354
-1388
-1282
-1201
-1350
-1626
-1743
-1675
-1665
-1809
-1906
-1809
-1668
-1652
-1652
-1491
-1285
-1294
-1493
-1592
-1480
-1362
-1377
-1368
-1165
-886
-736
-659
-463
-184
-61
-133
-171
-26
157
226
285
493
786
968
1039
1178
1404
1531
1484
1430
1501
1594
1575
1535
1654
1902
2079
2113
2142
2265
2420
2545
2687
2852
2889
2666
2300
2029
1939
1914
1860
1778
1598
1120
214
-1055
-2550
-4143
-5565
-6374
-6341
-5812
-5386
-5267
-5140
-4726
-4151
-3638
-3191
-2807
-2700
-2959
-3093
-2418
-900
735
1837
2438
2863
3155
3174
3030
2993
3019
2807
2351
2085
2338
2881
3221
3159
2851
2445
1923
1290
661
131
-323
-709
-903
-755
-288
279
692
845
829
821
899
957
847
588
347
258
335
575
967
1360
1477
1203
766
453
236
-149
-781
-1421
-1826
-2004
-2034
-1902
-1640
-1485
-1629
-1928
-2079
-2040
-2062
-2260
-2429
-2334
-2020
-1638
-1211
-714
-294
-140
-181
-155
-2
68
-73
-253
-246
-77
91
227
402
561
554
395
265
243
176
-59
-336
-437
-336
-169
-12
193
458
694
853
1013
1229
1423
1483
1473
1563
1817
2121
2356
2528
2694
2856
2964
2988
2912
2696
2338
1940
1634
1428
1213
920
593
273
-147
-864
-2007
-3566
-5330
-6841
-7591
-7454
-6910
-6594
-6578
-6330
-5452
-4222
-3202
-2551
-2040
-1557
-1195
-833
-105
1045
2170
2936
3594
4500
5402
5705
5373
5004
4966
4900
4329
3410
2690
2382
2216
1961
1686
1458
1126
583
10
-366
-594
-926
-1403
-1733
-1635
-1184
-704
-374
-68
406
994
1416
1506
1392
1299
1238
1062
753
511
466
498
415
240
123
37
-203
-635
-1099
-1535
-2121
-2918
-3601
-3797
-3592
-3427
-3472
-3435
-3082
-2604
-2294
-2107
-1799
-1372
-1071
-963
-823
-487
-79
241
525
855
1119
1165
1094
1138
1274
1228
905
563
446
460
390
268
278
416
485
418
376
460
533
476
371
383
508
659
848
1150
1496
1736
1874
2059
2331
2518
2497
2376
2306
2251
2090
1858
1718
1675
1570
1330
1083
924
782
564
310
91
-136
-434
-753
-1067
-1583
-2589
-4037
-5440
-6328
-6690
-6815
-6805
-6474
-5764
-5012
-4562
-4229
-3462
-2131
-895
-469
-682
-616
227
1336
2024
2417
3118
4087
4580
4328
4091
4547
5180
4949
3820
2842
2632
2609
2055
1262
989
1177
1057
394
-122
27
372
188
-420
-734
-518
-273
-357
-427
-51
603
1022
1132
1325
1753
2045
1866
1424
1148
1064
829
339
-114
-308
-415
-685
-1014
-1167
-1237
-1547
-2140
-2663
-2883
-2988
-3200
-3417
-3395
-3194
-3048
-2934
-2587
-1969
-1411
-1144
-987
-683
-304
-92
-30
90
279
341
255
271
521
795
859
779
745
747
640
434
281
204
80
-105
-186
-63
152
311
427
575
746
885
1002
1154
1319
1433
1507
1614
1779
1935
2041
2132
2226
2280
2254
2186
2134
2089
1975
1749
1460
1192
967
760
548
361
209
43
-151
-314
-486
-924
-1880
-3212
-4489
-5467
-6245
-6812
-6850
-6291
-5653
-5438
-5323
-4577
-3160
-1844
-1146
-728
-182
280
373
487
1207
2326
3041
3111
3131
3595
4238
4602
4717
4794
4674
4085
3214
2545
2182
1790
1205
644
264
-25
-251
-271
-112
-37
-155
-288
-332
-417
-548
-507
-242
-22
15
127
545
1044
1290
1334
1445
1591
1512
1195
900
722
455
-14
-504
-833
-1068
-1359
-1692
-1972
-2175
-2325
-2418
-2467
-2534
-2643
-2745
-2791
-2762
-2615
-2331
-2018
-1796
-1602
-1279
-825
-385
-22
331
612
681
591
598
766
870
771
631
621
635
548
478
561
679
625
424
291
291
289
199
110
110
161
208
286
471
755
1029
1220
1373
1573
1797
1937
1973
2016
2120
2189
2125
2017
1999
2018
1900
1640
1405
1266
1100
817
530
336
163
-98
-438
-847
-1498
-2517
-3729
-4826
-5696
-6362
-6654
-6411
-5907
-5633
-5567
-5118
-4022
-2752
-1826
-1134
-385
223
409
507
1131
2206
3012
3213
3261
3606
4097
4429
4670
4978
5115
4754
3999
3276
2775
2320
1746
1112
526
0
-429
-654
-660
-597
-611
-689
-754
-824
-923
-953
-805
-571
-441
-380
-134
355
800
992
1113
1382
1621
1518
1167
953
905
669
121
-391
-613
-781
-1185
-1664
-1858
-1805
-1849
-2100
-2308
-2331
-2351
-2534
-2721
-2654
-2385
-2189
-2141
-2015
-1638
-1142
-756
-458
-73
360
607
610
618
801
989
953
777
707
757
725
565
485
588
686
587
386
302
329
286
126
12
45
113
95
79
231
533
804
978
1157
1418
1664
1788
1838
1919
2015
2021
1927
1832
1791
1742
1612
1430
1275
1156
992
761
547
409
264
20
-238
-395
-620
-1269
-2366
-3500
-4353
-5048
-5707
-6017
-5729
-5233
-5136
-5264
-4860
-3739
-2579
-1879
-1318
-546
92
209
232
876
1981
2729
2856
2931
3371
3883
4158
4396
4800
5023
4657
3901
3280
2913
2503
1943
1421
973
429
-157
-461
-393
-291
-414
-613
-708
-835
-1139
-1368
-1219
-857
-706
-763
-608
-118
336
506
663
1051
1371
1220
793
604
682
545
19
-445
-529
-531
-821
-1179
-1182
-961
-1037
-1496
-1869
-1906
-1922
-2206
-2515
-2485
-2240
-2151
-2216
-2070
-1587
-1069
-774
-564
-217
171
348
325
364
570
753
738
633
652
789
852
784
743
836
914
788
534
385
389
346
152
-18
12
139
164
127
246
553
819
900
940
1118
1359
1465
1428
1446
1592
1715
1703
1654
1721
1847
1845
1672
1482
1373
1240
967
651
463
380
207
-104
-396
-656
-1166
-2118
-3253
-4154
-4766
-5324
-5799
-5861
-5486
-5133
-5079
-4923
-4183
-3088
-2269
-1850
-1396
-722
-180
57
432
1321
2367
2950
3095
3351
3918
4449
4679
4790
4935
4865
4368
3692
3228
2983
2675
2229
1791
1396
928
453
177
79
-120
-538
-957
-1219
-1454
-1740
-1846
-1594
-1229
-1080
-1036
-740
-202
197
314
420
672
790
551
219
176
331
272
-54
-275
-206
-133
-315
-561
-586
-535
-795
-1360
-1823
-1962
-2024
-2252
-2471
-2409
-2152
-2013
-2017
-1866
-1440
-1010
-834
-805
-655
-376
-180
-125
-11
287
607
731
725
816
1038
1182
1117
988
959
965
831
586
448
498
564
508
431
492
634
666
566
522
626
746
731
658
697
848
957
974
1037
1233
1440
1510
1487
1533
1653
1677
1527
1328
1206
1107
918
671
515
474
427
285
97
-67
-285
-734
-1519
-2535
-3543
-4358
-4945
-5344
-5514
-5387
-5047
-4740
-4577
-4354
-3823
-3077
-2477
-2160
-1861
-1330
-669
-88
499
1347
2378
3185
3561
3784
4192
4687
4912
4785
4558
4385
4141
3715
3286
3086
3051
2898
2498
1988
1531
1125
674
159
-359
-827
-1227
-1543
-1765
-1842
-1725
-1438
-1133
-961
-891
-767
-551
-381
-360
-376
-287
-140
-81
-93
-1
223
396
370
248
190
164
22
-255
-527
-742
-980
-1287
-1545
-1639
-1628
-1648
-1723
-1756
-1720
-1686
-1698
-1698
-1623
-1511
-1420
-1330
-1151
-881
-594
-352
-141
60
238
376
483
584
667
716
738
754
790
849
920
985
1018
1015
989
962
934
896
849
803
763
731
716
730
759
784
799
813
834
865
906
936
937
911
894
918
974
1040
1109
1173
1199
1151
1057
983
943
886
757
597
491
437
334
94
-272
-751
-1403
-2280
-3239
-3982
-4353
-4494
-4627
-4766
-4751
-4558
-4387
-4330
-4194
-3759
-3151
-2702
-2465
-2093
-1322
-344
464
1062
1717
2488
3078
3288
3365
3674
4166
4451
4362
4183
4209
4335
4267
3973
3690
3531
3294
2779
2099
1544
1201
863
359
-215
-634
-847
-1008
-1224
-1427
-1498
-1458
-1439
-1508
-1567
-1488
-1273
-1051
-923
-831
-651
-362
-103
-18
-82
-128
-73
-16
-75
-194
-214
-128
-126
-326
-587
-678
-622
-661
-910
-1203
-1330
-1340
-1437
-1658
-1798
-1728
-1593
-1601
-1702
-1650
-1367
-1064
-946
-924
-780
-503
-290
-227
-160
48
303
435
462
553
784
1018
1126
1144
1192
1287
1359
1370
1366
1386
1392
1347
1271
1215
1191
1169
1126
1050
937
803
699
660
657
626
558
514
529
570
604
664
793
951
1021
972
894
867
851
767
633
549
528
488
390
295
234
87
-274
-813
-1404
-2003
-2633
-3226
-3613
-3744
-3788
-3914
-4084
-4161
-4144
-4138
-4172
-4119
-3850
-3409
-2933
-2463
-1905
-1197
-450
161
593
972
1417
1910
2363
2768
3194
3672
4107
4372
4454
4468
4498
4513
4420
4219
4005
3834
3643
3338
2915
2465
2049
1623
1134
610
155
-173
-411
-623
-827
-1003
-1153
-1307
-1486
-1661
-1780
-1823
-1802
-1764
-1762
-1803
-1836
-1792
-1670
-1542
-1474
-1445
-1376
-1252
-1132
-1058
-984
-855
-717
-674
-746
-831
-823
-732
-667
-673
-691
-662
-613
-600
-631
-654
-644
-628
-619
-589
-506
-389
-278
-182
-96
-22
29
76
150
253
346
413
490
615
763
872
930
976
1035
1097
1140
1163
1180
1193
1200
1201
1172
1082
965
898
896
878
746
574
550
687
791
701
506
404
466
547
488
329
221
250
330
330
225
120
119
201
247
179
38
-75
-126
-169
-286
-490
-713
-895
-1043
-1211
-1424
-1651
-1835
-1952
-2043
-2162
-2316
-2449
-2498
-2450
-2358
-2261
-2134
-1934
-1672
-1397
-1157
-939
-707
-451
-195
39
262
488
725
966
1203
1417
1589
1721
1836
1947
2041
2107
2149
2193
2255
2312
2329
2307
2265
2226
2179
2099
1989
1861
1733
1610
1477
1323
1157
983
817
662
510
340
147
-45
-202
-325
-450
-616
-819
-1009
-1159
-1287
-1431
-1585
-1709
-1779
-1817
-1866
-1926
-1967
-1966
-1945
-1941
-1953
-1940
-1867
-1758
-1668
-1603
-1518
-1383
-1239
-1148
-1100
-1007
-811
-574
-409
-332
-244
-59
175
332
383
412
518
686
815
844
822
834
893
943
929
870
833
848
885
895
864
827
820
841
851
830
798
781
795
816
819
798
775
763
753
734
705
675
659
653
645
623
589
547
504
459
408
351
294
241
198
147
82
9
-67
-142
-227
-323
-423
-511
-591
-675
-771
-867
-949
-1019
-1094
-1178
-1256
-1315
-1362
-1410
-1462
-1505
-1524
-1520
-1501
-1467
-1406
-1315
-1204
-1085
-960
-827
-688
-549
-413
-280
-146
-6
135
279
426
566
703
832
957
1071
1166
1239
1302
1362
1408
1441
1470
1501
1536
1570
1591
1602
1605
1599
1574
1526
1460
1380
1292
1187
1067
940
807
670
528
383
243
107
-29
-164
-297
-428
-555
-680
-800
-910
-1011
-1098
-1177
-1244
-1300
-1344
-1378
-1407
-1430
-1443
-1449
-1444
-1436
-1416
-1387
-1344
-1293
-1232
-1163
-1085
-1001
-911
-816
-719
-621
-522
-424
-325
-225
-128
-33
61
150
235
312
380
440
491
538
578
613
644
673
699
723
744
765
781
794
804
807
805
797
786
772
757
739
725
711
700
689
678
665
649
630
608
584
556
527
494
459
425
388
349
306
262
215
167
116
66
17
-33
-85
-138
-194
-252
-312
-373
-434
-492
-551
-607
-657
-704
-746
-786
-822
-855
-885
-911
-934
-951
-961
-966
-963
-951
-931
-901
-864
-819
-766
-709
-644
-575
-502
-424
-344
-259
-171
-80
15
112
207
298
385
467
540
604
661
708
748
783
810
831
844
857
866
869
868
863
849
832
812
788
762
729
699
666
628
590
552
512
470
425
379
330
279
223
167
108
47
-13
-74
-135
-198
-260
-321
-377
-432
-483
-531
-571
-606
-637
-659
-677
-683
-683
-679
-670
-657
-640
-619
-600
-579
-557
-535
-515
-495
-475
-457
-442
-428
-415
-402
-388
-378
-368
-354
-338
-324
-308
-289
-266
-237
-210
-182
-149
-111
-74
-32
11
58
106
156
207
257
307
354
402
447
490
531
568
601
632
660
686
707
727
744
756
764
770
773
770
764
754
741
721
700
673
642
608
566
520
471
416
356
293
225
155
80
2
-76
-158
-239
-319
-402
-482
-559
-633
-705
-770
-829
-880
-922
-957
-986
-1003
-1010
-1008
-994
-974
-946
-907
-861
-810
-754
-690
-621
-553
-482
-410
-338
-268
-200
-136
-71
-10
48
104
157
212
265
317
370
420
471
523
572
617
660
701
740
773
800
824
842
855
860
859
849
837
817
793
762
724
688
648
599
543
488
437
383
322
255
193
130
63
-9
-81
-150
-216
-287
-362
-432
-496
-558
-624
-687
-742
-792
-837
-876
-910
-933
-950
-956
-957
-951
-935
-912
-881
-843
-801
-756
-707
-653
-594
-535
-479
-420
-355
-292
-234
-179
-119
-56
0
48
97
156
215
266
304
341
388
436
475
503
530
571
616
649
663
681
716
759
775
769
775
808
839
831
800
792
817
823
771
703
678
682
647
545
446
407
388
314
181
73
29
2
-88
-223
-312
-336
-364
-452
-563
-609
-598
-617
-694
-759
-748
-712
-726
-777
-787
-734
-687
-696
-714
-681
-607
-571
-576
-562
-499
-433
-418
-419
-369
-290
-250
-258
-242
-164
-86
-82
-107
-62
46
107
73
58
152
282
312
252
267
409
541
537
467
496
658
794
749
628
657
847
943
794
641
704
850
805
601
506
558
551
400
267
246
206
59
-76
-84
-86
-227
-413
-440
-356
-402
-584
-672
-593
-538
-615
-696
-673
-620
-621
-622
-587
-564
-568
-548
-490
-439
-412
-400
-404
-379
-281
-190
-235
-333
-278
-85
-21
-166
-272
-134
74
69
-90
-127
44
196
163
69
105
237
304
294
309
360
376
381
474
563
501
392
470
640
634
481
417
503
576
559
459
357
351
422
445
359
224
119
174
341
306
-34
-214
94
358
25
-430
-237
195
13
-458
-399
-37
-154
-508
-412
-142
-314
-609
-428
-159
-364
-671
-489
-163
-285
-627
-603
-245
-126
-392
-621
-458
-109
-60
-393
-601
-258
131
-54
-454
-318
136
141
-166
-123
204
207
-15
75
395
432
130
56
398
702
510
94
147
654
847
372
72
430
728
511
273
400
416
248
321
487
296
-69
73
390
188
-218
-152
146
-51
-345
-226
-60
-245
-479
-320
-193
-318
-445
-407
-360
-369
-218
-319
-588
-414
27
-141
-675
-393
124
-79
-518
-303
65
-185
-328
-113
4
-251
-296
22
48
-140
-282
-40
169
41
-100
-69
206
180
107
195
178
178
236
501
343
79
324
564
509
151
316
580
431
289
280
603
428
112
152
481
645
-5
-230
120
603
325
-490
-404
113
476
-111
-652
-441
-77
230
-193
-618
-684
-99
389
-365
-874
-366
305
-81
-715
-303
67
-103
-457
-293
149
-59
-510
-468
215
378
-393
-802
-141
696
296
-765
-842
352
1010
-30
-930
-298
785
588
-195
-313
-27
471
597
179
-230
19
600
441
43
78
290
279
123
388
443
-70
-213
351
653
44
-328
37
432
414
-104
-445
-34
526
111
-531
-176
284
91
-208
-150
-215
-236
99
14
-375
-518
-20
405
-180
-783
-501
358
236
-680
-682
-82
353
-40
-662
-532
-69
254
-228
-657
-164
209
55
-366
-253
40
-53
88
-92
-190
140
321
204
-226
-48
293
352
298
-60
16
400
713
357
-315
53
710
676
157
-55
300
636
548
26
-98
490
609
32
-118
300
569
189
-319
-211
287
516
-147
-680
-186
407
159
-684
-637
11
60
-311
-543
-312
-178
-196
-266
-469
-392
-210
-49
-146
-383
-302
-160
-23
-41
-221
-403
-263
329
296
-390
-594
97
636
-45
-655
-108
605
243
-399
-4
384
59
-123
186
289
-13
69
302
132
77
277
89
-249
240
762
39
-576
111
738
277
-391
-322
242
653
245
-602
-373
626
631
-282
-548
148
567
80
-447
-92
545
256
-452
-255
358
259
-222
-227
158
237
-23
-251
-174
135
117
-117
-152
-67
-117
-211
12
94
-264
-482
-194
127
-152
-413
-225
-151
-286
-257
-86
-253
-346
-20
28
-269
-324
-11
73
-121
-42
142
93
-80
-63
159
391
371
-43
-226
256
654
418
29
-54
240
595
414
-89
44
653
492
-140
-12
464
281
-108
207
529
86
-302
17
318
1
-181
110
137
-227
-287
35
-5
-291
-226
-64
-200
-336
-140
-27
-168
-355
-427
-218
-14
-116
-317
-190
-45
-154
-161
-298
-406
15
386
-69
-480
-18
156
-252
-259
138
233
-3
-79
-37
23
18
-42
13
65
178
266
156
-10
28
203
149
85
128
147
217
279
200
-27
-88
35
162
226
83
-47
47
124
-54
-222
-52
108
53
-36
-75
-35
44
-22
-260
-210
197
285
-135
-348
13
369
200
-169
-176
91
162
-4
-49
151
293
137
-113
-133
33
125
85
16
-27
-33
-36
-63
-39
3
-73
-225
-288
-223
-48
163
106
-261
-415
-145
62
-82
-244
-128
123
166
-76
-201
-48
-7
-172
-165
31
199
303
157
-224
-298
-22
39
-37
195
365
51
-175
111
307
-30
-307
-21
369
275
-16
85
351
201
-212
-322
-114
112
329
393
87
-207
-20
231
7
-220
29
289
176
33
12
-57
-72
19
-86
-317
-205
152
241
-25
-308
-347
-194
-96
-117
-47
172
267
92
-167
-245
-51
178
137
-71
-88
62
73
-21
-55
-143
-266
-169
42
66
42
145
104
-164
-272
-85
108
141
117
105
24
-95
-75
27
-94
-338
-181
270
267
-165
-240
100
161
-183
-330
19
454
411
-99
-366
21
474
321
-140
-194
152
284
-7
-185
121
413
137
-303
-217
218
380
122
-155
-134
22
21
-65
24
195
104
-245
-302
173
409
-89
-424
-1
214
-241
-366
82
218
-23
-81
-94
-215
-113
51
-92
-215
-27
126
75
16
-44
-98
19
140
38
-75
58
228
143
-101
-196
-32
106
-35
-196
-26
233
145
-163
-243
-78
16
-53
-102
-47
43
135
123
-59
-160
51
279
122
-202
-142
260
333
-106
-307
104
365
5
-298
-60
295
338
60
-262
-188
245
374
15
-217
-35
184
141
-36
-60
116
188
-19
-194
-144
-60
18
91
-26
-218
-153
-8
-77
-185
-159
-72
13
33
-52
-85
-14
-1
-80
-132
-131
-65
93
178
29
-154
-123
-14
-71
-176
-69
163
178
-78
-239
-96
93
82
5
-7
25
121
226
157
9
36
139
91
-17
43
221
276
98
-130
-135
49
119
10
-61
-23
10
-13
-52
-29
103
160
-61
-244
-7
286
146
-85
7
117
-19
-138
-69
45
84
3
-123
-106
32
81
2
-112
-203
-168
2
62
-4
49
98
-97
-239
-94
15
-12
73
151
5
-123
-66
-11
5
43
-10
-138
-114
23
46
-46
-132
-156
-89
8
21
26
123
153
0
-121
-67
9
40
113
150
48
-60
-8
142
215
162
90
89
113
104
94
114
103
37
-26
-48
-40
18
103
115
19
-86
-80
-6
23
-19
-45
-45
-91
-153
-146
-99
-98
-139
-167
-178
-152
-80
-41
-82
-143
-159
-130
-101
-105
-101
-47
-4
-33
-71
-47
-3
13
34
84
135
155
134
109
110
120
112
110
112
105
100
112
111
93
96
94
36
-10
29
80
54
-4
-18
-31
-81
-86
-11
31
-16
-55
-8
41
13
-30
11
93
86
-9
-58
-6
55
42
-7
-4
55
71
30
-3
10
52
62
7
-56
-55
-14
20
11
-40
-81
-63
-20
-18
-42
-47
-41
-45
-43
-44
-71
-66
-15
-11
-77
-108
-46
13
-5
-48
-37
7
7
-41
-62
-23
12
10
-4
-4
0
1
10
11
-4
-10
5
10
-4
-4
14
19
-3
-20
-7
19
16
-15
-19
12
25
5
-5
14
21
8
5
18
49
83
96
86
80
87
90
93
91
86
87
91
68
19
-25
-39
-36
-42
-70
-82
-57
-42
-72
-119
-126
-93
-77
-90
-93
-59
-27
-37
-70
-93
-84
-50
-11
12
16
29
48
41
32
49
82
102
98
86
81
83
81
59
26
0
-12
-12
-8
-3
-6
-27
-61
-83
-77
-53
-36
-36
-37
-37
-45
-59
-62
-43
-25
-23
-23
-8
23
47
44
27
28
46
65
70
68
71
74
61
40
37
57
71
59
36
31
44
49
29
8
8
18
21
8
-9
-20
-26
-33
-44
-54
-53
-50
-59
-86
-103
-101
-81
-76
-90
-100
-88
-62
-45
-44
-43
-33
-14
2
9
9
14
20
24
31
34
35
35
32
29
21
14
15
19
18
2
-12
-3
13
5
-61
-134
-132
-39
54
61
5
-31
-24
-9
-2
26
85
131
129
89
58
59
77
84
69
62
76
103
109
78
32
0
2
19
32
41
47
41
11
-30
-56
-51
-28
-9
-8
-19
-39
-49
-56
-61
-60
-51
-27
-11
-13
-26
-36
-44
-59
-75
-75
-61
-46
-46
-67
-93
-110
-112
-104
-84
-57
-30
-17
-21
-31
-35
-29
-16
-2
13
30
39
36
23
14
14
25
46
75
95
103
97
79
63
52
56
70
81
75
53
31
13
-2
-12
-16
-7
7
15
9
-1
-5
-3
-2
-3
5
21
33
33
26
21
15
12
6
6
17
31
30
18
1
-14
-25
-28
-23
-18
-19
-30
-44
-51
-51
-47
-44
-39
-36
-34
-32
-27
-18
-14
-14
-14
-13
-6
3
7
7
4
-1
-4
-4
1
8
14
17
9
-2
-7
-3
5
7
3
-1
-2
-4
-10
-12
-11
-8
-7
-10
-11
-7
-2
0
-1
-2
-3
-2
2
8
11
9
6
2
5
10
11
7
8
11
10
4
4
6
9
8
3
3
6
6
4
3
3
3
3
4
6
9
8
4
1
-1
0
2
4
5
5
2
-1
1
4
7
10
9
7
7
7
6
7
7
5
5
6
7
7
5
3
0
-2
-5
-4
-3
-1
-1
-3
-6
-8
-9
-10
-9
-6
-5
-6
-5
-6
-5
-8
-10
-12
-12
-11
-9
-9
-11
-13
-15
-17
-17
-16
-14
-10
-5
-5
-7
-8
-6
-4
-3
0
2
2
0
-1
0
2
3
2
3
3
4
2
2
1
1
3
4
7
9
8
6
6
4
4
4
6
6
6
6
5
4
1
2
4
5
5
5
4
1
2
3
2
2
4
7
7
6
5
5
4
0
2
3
2
1
2
3
1
-1
-5
-4
-4
-4
-4
-3
-2
-3
-4
-6
-6
-5
-2
-2
0
-1
-2
-3
-4
-4
-1
0
0
1
2
1
-3
-4
-4
-2
-3
-2
-3
-4
-2
-3
-6
-3
-3
-2
0
-2
-2
-3
-2
-2
-1
-2
0
2
1
0
-2
-2
-1
1
3
4
7
6
9
10
9
11
12
11
12
13
12
12
9
5
2
-1
-4
-4
-6
-7
-8
-11
-11
-10
-9
-8
-7
-6
-8
-9
-8
-8
-6
-6
-6
-3
-3
-4
-7
-6
-6
-6
-4
-3
-1
-2
-2
-1
-2
-2
-2
-1
0
3
4
5
6
6
4
