-1
-1
-3
-3
-3
-4
-3
-3
-3
-2
-2
-1
-2
-2
-1
-1
-1
0
0
0
1
0
-1
-2
-5
-3
-2
-3
-3
-4
-4
-4
-3
-3
-2
-2
-2
0
0
0
1
2
2
2
2
1
0
2
2
1
1
0
1
1
2
0
2
2
2
3
3
2
3
3
2
3
3
3
2
1
3
1
1
1
-1
-2
-1
-1
0
-2
-1
0
-1
0
0
-3
-3
-4
-3
-2
-1
-2
-3
-3
-4
-3
-3
-3
0
-1
-1
1
1
3
3
3
3
3
2
2
4
3
3
2
1
2
0
-2
-2
-1
-2
-2
-3
-2
-1
-2
-1
0
1
1
1
2
2
2
3
2
2
4
2
3
1
1
1
1
2
1
1
-2
-2
-2
-2
-3
-2
-2
-3
-3
-3
-2
-2
-2
-3
-3
-2
-1
-3
-1
-2
-1
1
1
1
1
2
2
3
3
4
4
3
4
3
2
2
2
1
2
2
2
1
1
-1
-1
1
-2
-1
-1
-2
-2
-3
-2
-2
-2
-2
-1
-2
-2
-2
-3
-4
-2
-1
-2
-1
0
-1
-2
0
-1
1
1
0
1
0
1
0
1
0
0
0
-1
-1
-1
-1
-1
-2
0
0
1
1
2
1
2
1
1
2
1
1
0
1
1
1
1
-1
-1
-1
-1
-1
-1
0
1
1
2
3
5
6
5
4
5
4
2
3
2
2
1
-1
0
-2
-2
-3
-2
-2
-3
-3
-1
-2
-2
-2
-2
0
-1
0
-1
0
-1
0
1
0
2
2
2
1
2
1
-1
-1
-1
-1
-2
-2
-2
-3
-1
-1
-2
-1
-1
0
-1
-2
-1
-2
-3
-4
-4
-2
-2
-2
-1
-2
-2
-1
0
0
0
0
0
2
2
4
3
3
4
4
3
2
0
0
-1
-2
-2
-2
-1
0
2
2
4
4
6
5
5
6
6
6
5
5
4
3
3
1
1
0
-1
-2
-3
-4
-5
-4
-3
-4
-4
-5
-4
-4
-2
-2
0
0
-1
-1
-1
-2
-1
-1
-2
-2
-1
-2
-2
-2
-4
-2
-2
-3
-4
-5
-5
-6
-6
-6
-6
-7
-6
-6
-6
-7
-7
-6
-6
-3
-3
-1
0
3
6
6
9
13
12
15
15
17
18
19
19
19
21
23
25
25
27
29
32
33
33
36
39
44
48
51
53
55
59
65
66
67
66
66
67
63
61
53
46
37
26
12
-5
-22
-43
-65
-84
-105
-124
-144
-169
-184
-198
-211
-219
-233
-242
-241
-242
-234
-234
-235
-220
-207
-189
-172
-161
-139
-115
-95
-73
-56
-36
-14
7
26
49
70
86
100
111
122
134
141
148
159
170
190
210
225
245
259
280
304
315
325
333
343
364
369
368
368
364
375
377
370
366
356
351
354
344
340
335
333
345
342
337
331
312
298
269
221
166
98
26
-56
-148
-243
-340
-441
-546
-634
-712
-780
-832
-901
-953
-975
-1002
-1007
-1029
-1049
-1031
-1013
-992
-981
-982
-1005
-1052
-1125
-1213
-1294
-1350
-1363
-1327
-1228
-1059
-832
-572
-302
-32
225
452
633
780
908
1024
1129
1223
1313
1399
1464
1495
1486
1437
1349
1233
1102
978
876
811
774
755
736
722
714
687
604
477
384
377
395
377
370
448
594
683
678
650
647
618
518
388
288
210
113
0
-80
-117
-160
-254
-372
-442
-453
-466
-516
-551
-502
-391
-290
-229
-170
-84
-25
-36
-90
-150
-230
-370
-558
-728
-847
-963
-1107
-1256
-1364
-1419
-1465
-1551
-1661
-1727
-1720
-1674
-1628
-1561
-1443
-1308
-1208
-1138
-1095
-1127
-1237
-1309
-1249
-1133
-1050
-908
-566
-97
289
557
857
1219
1482
1573
1626
1752
1882
1913
1906
1974
2091
2134
2063
1958
1884
1791
1613
1371
1173
1073
1029
975
923
936
1005
1057
1044
1005
978
926
806
664
580
530
420
254
167
195
192
55
-114
-185
-227
-394
-654
-854
-967
-1091
-1239
-1315
-1288
-1228
-1185
-1122
-1018
-918
-865
-851
-839
-815
-771
-719
-674
-630
-559
-460
-381
-354
-345
-324
-304
-313
-332
-324
-291
-265
-245
-190
-87
-5
10
-14
-24
-32
-105
-233
-336
-375
-400
-450
-475
-438
-377
-348
-335
-314
-301
-296
-266
-223
-223
-265
-271
-269
-424
-777
-1075
-1114
-1053
-1124
-1188
-911
-346
97
277
514
1006
1450
1554
1508
1646
1901
1976
1875
1885
2087
2228
2125
1894
1726
1609
1397
1057
724
531
455
383
287
270
386
515
525
463
449
476
455
372
305
309
366
357
90
-433
-861
-880
-705
-775
-1012
-946
-551
-369
-657
-1022
-1110
-1111
-1297
-1514
-1475
-1230
-1049
-976
-811
-492
-233
-244
-429
-512
-401
-305
-373
-456
-336
-83
70
74
91
193
264
213
107
48
38
10
-61
-99
-10
199
379
433
426
451
450
317
119
4
-37
-123
-236
-251
-187
-205
-338
-448
-480
-539
-665
-747
-725
-680
-679
-661
-578
-571
-859
-1453
-2014
-2197
-2087
-2054
-2116
-1809
-937
-14
428
631
1130
1804
2084
1939
1925
2250
2499
2407
2322
2564
2885
2858
2487
2104
1860
1587
1145
642
313
240
291
308
317
440
664
812
791
706
695
738
706
586
538
679
890
970
877
676
370
-73
-644
-1366
-2252
-3054
-3356
-3185
-3064
-3185
-3058
-2421
-1835
-1793
-1918
-1660
-1219
-1040
-966
-609
-81
247
381
583
852
945
738
364
50
-88
-154
-319
-512
-494
-249
-44
-20
-8
136
299
327
279
302
429
571
656
756
995
1324
1516
1494
1473
1560
1538
1260
980
921
847
503
134
84
179
23
-329
-519
-520
-612
-876
-1080
-1104
-1057
-1039
-1007
-920
-826
-752
-730
-1003
-1868
-3030
-3628
-3335
-3003
-3336
-3526
-2436
-655
155
-115
108
1352
2213
1786
1211
1712
2614
2663
2159
2337
3246
3674
3065
2212
1921
1910
1465
605
13
54
362
458
393
532
934
1241
1179
906
771
865
957
867
751
912
1369
1735
1646
1266
1047
950
344
-958
-2139
-2513
-2612
-3204
-3792
-3408
-2414
-2088
-2575
-2751
-2196
-1795
-2119
-2454
-1996
-1062
-447
-208
246
1053
1605
1457
990
792
783
448
-209
-600
-449
-189
-246
-433
-347
-32
81
-154
-375
-275
-59
-68
-169
66
619
1003
1037
1102
1414
1619
1413
1072
978
1008
838
554
526
771
916
763
573
611
710
525
125
-89
-17
-9
-256
-474
-413
-276
-343
-518
-549
-444
-416
-564
-774
-857
-910
-1542
-3176
-4938
-5321
-4430
-4109
-4939
-4955
-2812
-386
4
-678
78
2059
2813
1872
1456
2690
3944
3736
3064
3527
4680
4842
3635
2345
1957
1925
1285
140
-527
-266
262
312
61
177
706
1021
771
362
340
692
969
941
915
1334
2106
2551
2255
1662
1427
1382
807
-394
-1546
-2259
-2865
-3617
-4131
-4039
-3612
-3330
-3208
-2910
-2398
-2060
-2114
-2241
-1994
-1413
-916
-602
-140
594
1203
1351
1215
1091
915
469
-128
-534
-632
-610
-648
-679
-539
-271
-115
-190
-309
-268
-149
-120
-88
150
539
832
1011
1265
1598
1793
1760
1673
1667
1661
1562
1406
1275
1184
1117
1022
864
709
651
628
468
219
132
228
234
64
-26
76
120
-6
-64
53
89
-116
-342
-385
-375
-521
-756
-853
-912
-1644
-3624
-6008
-6981
-6193
-5592
-6424
-6864
-4779
-1611
-518
-1336
-969
1360
2886
2107
1293
2563
4497
4775
3955
4222
5640
6182
4905
3131
2337
2249
1672
367
-661
-605
47
267
-101
-274
180
676
530
-8
-120
453
1114
1334
1401
1977
3050
3785
3559
2781
2304
2217
1749
502
-842
-1483
-1711
-2445
-3670
-4369
-4120
-3805
-4177
-4648
-4335
-3510
-3108
-3184
-2922
-1977
-938
-339
82
793
1611
1902
1540
1132
1106
1074
507
-314
-653
-457
-402
-788
-1124
-1001
-781
-936
-1247
-1193
-803
-552
-535
-339
229
781
953
937
1138
1526
1735
1652
1589
1759
1961
1922
1754
1755
1869
1755
1350
987
866
771
480
124
-40
0
55
31
34
187
421
524
410
255
257
326
223
-49
-180
-13
150
-16
-293
-398
-983
-3121
-6268
-8081
-7484
-6505
-7183
-8035
-6290
-2711
-857
-1572
-1828
166
2181
1961
1024
2024
4434
5637
5160
5081
6387
7419
6497
4331
2835
2511
2194
1074
-169
-456
124
500
127
-395
-347
42
-2
-576
-893
-348
674
1358
1572
1979
2991
4013
4093
3238
2449
2312
2155
1196
-91
-675
-627
-1026
-2223
-3348
-3779
-4089
-4979
-6040
-6306
-5652
-4876
-4495
-4139
-3291
-2191
-1471
-1135
-584
375
1142
1302
1318
1724
2208
2096
1474
1032
951
691
-47
-806
-1123
-1205
-1472
-1806
-1765
-1367
-1060
-979
-754
-183
408
684
812
1111
1544
1851
2012
2225
2520
2707
2691
2593
2556
2520
2309
1901
1502
1292
1170
920
577
359
294
191
-9
-137
-141
-186
-313
-325
-125
124
253
297
353
437
528
578
498
295
172
206
5
-863
-2221
-3614
-5121
-7014
-8660
-8915
-7913
-7074
-6866
-6033
-3905
-1880
-1336
-1407
-454
1302
2377
2615
3326
4977
6428
6763
6512
6528
6599
5917
4419
2956
2209
1942
1522
834
353
337
393
38
-586
-958
-937
-859
-900
-757
-125
840
1707
2265
2667
3147
3648
3810
3431
2824
2452
2259
1754
850
52
-376
-861
-1829
-2984
-3728
-4040
-4461
-5275
-5993
-5953
-5211
-4502
-4200
-3782
-2796
-1766
-1392
-1304
-655
362
839
813
1218
2135
2525
1965
1302
1152
1000
313
-522
-937
-1052
-1284
-1615
-1744
-1624
-1518
-1593
-1673
-1456
-945
-444
-112
281
915
1548
1888
2044
2292
2585
2678
2591
2567
2676
2719
2512
2136
1829
1654
1426
994
528
293
220
41
-215
-242
-7
158
107
108
361
680
815
831
932
1123
1266
1336
1382
1376
1233
949
605
197
-393
-1194
-2062
-2928
-4084
-5815
-7644
-8490
-8028
-7285
-7192
-7077
-5755
-3673
-2476
-2442
-2026
-378
1314
1858
2019
3152
4929
5879
5682
5488
5931
6185
5367
3923
2971
2783
2623
1941
1107
770
885
760
34
-780
-1003
-754
-745
-1100
-1111
-318
731
1280
1451
1919
2760
3300
3126
2653
2484
2610
2505
1937
1276
945
779
272
-676
-1600
-2138
-2495
-3076
-3863
-4427
-4486
-4202
-3909
-3729
-3500
-3097
-2665
-2430
-2336
-2067
-1522
-949
-543
-145
405
882
986
819
710
700
542
160
-217
-386
-398
-427
-540
-665
-721
-728
-749
-764
-686
-509
-339
-189
62
438
775
949
1054
1240
1495
1710
1840
1913
1941
1943
1930
1890
1801
1644
1373
956
538
339
366
349
104
-239
-437
-396
-209
-81
-135
-226
-107
202
393
339
295
476
749
870
834
818
890
939
882
808
854
972
955
721
430
196
-114
-653
-1289
-1731
-1904
-1989
-2159
-2412
-2654
-2795
-2787
-2626
-2401
-2274
-2353
-2535
-2576
-2329
-1924
-1608
-1456
-1306
-1009
-594
-177
188
516
797
1001
1169
1393
1680
1892
1904
1790
1748
1868
2026
2049
1909
1738
1653
1655
1679
1694
1714
1731
1688
1589
1540
1604
1647
1482
1147
886
820
826
758
638
555
495
383
205
14
-164
-345
-546
-733
-858
-946
-1101
-1361
-1593
-1625
-1474
-1369
-1465
-1670
-1766
-1697
-1594
-1565
-1566
-1548
-1565
-1641
-1640
-1445
-1199
-1157
-1290
-1275
-992
-684
-574
-563
-468
-320
-219
-119
63
213
193
87
104
294
496
565
537
541
639
782
903
984
1032
1041
1046
1131
1307
1478
1553
1566
1587
1616
1623
1618
1623
1608
1559
1531
1559
1591
1537
1407
1282
1186
1066
904
737
571
336
-8
-450
-1029
-1800
-2601
-3061
-3036
-2888
-3075
-3563
-3934
-3967
-3810
-3583
-3235
-2863
-2761
-2952
-2959
-2380
-1491
-923
-847
-830
-474
126
661
1063
1435
1762
1953
2103
2427
2896
3185
3065
2732
2565
2687
2874
2845
2557
2204
1998
2001
2089
2125
2067
1930
1723
1501
1423
1527
1590
1330
803
395
318
375
283
69
-88
-179
-318
-461
-472
-416
-551
-924
-1290
-1465
-1549
-1697
-1860
-1908
-1875
-1921
-2081
-2221
-2229
-2152
-2081
-2044
-2013
-1989
-1994
-1984
-1899
-1750
-1641
-1642
-1687
-1652
-1477
-1227
-996
-825
-665
-461
-218
-1
156
274
367
425
467
556
705
826
858
869
959
1133
1309
1439
1530
1604
1663
1730
1819
1898
1921
1891
1854
1854
1897
1956
1993
1984
1937
1866
1784
1697
1616
1536
1442
1334
1243
1175
1090
954
782
619
435
178
-154
-565
-1170
-2040
-2921
-3348
-3204
-2991
-3247
-3860
-4272
-4247
-4033
-3801
-3431
-2992
-2889
-3204
-3329
-2706
-1708
-1206
-1393
-1569
-1179
-477
49
389
801
1239
1470
1600
1984
2615
3005
2855
2478
2387
2657
2926
2891
2573
2221
2044
2088
2247
2362
2355
2213
1962
1697
1606
1756
1884
1633
1034
554
512
672
631
387
225
196
90
-115
-177
-59
-86
-460
-892
-1012
-923
-1018
-1347
-1583
-1569
-1546
-1724
-1954
-2013
-1975
-2037
-2142
-2068
-1854
-1794
-1971
-2102
-1966
-1749
-1734
-1869
-1877
-1701
-1534
-1429
-1224
-890
-634
-566
-482
-200
121
225
175
238
461
636
666
706
848
963
964
986
1161
1360
1383
1297
1329
1517
1659
1668
1672
1773
1866
1863
1862
1971
2092
2062
1918
1837
1853
1821
1673
1507
1401
1288
1111
937
835
743
552
279
18
-249
-700
-1468
-2386
-3022
-3102
-2858
-2825
-3219
-3719
-3919
-3792
-3550
-3235
-2840
-2608
-2815
-3181
-3030
-2195
-1352
-1167
-1414
-1377
-832
-186
251
620
1049
1367
1480
1665
2182
2782
2980
2694
2379
2441
2786
2992
2805
2382
2058
1995
2088
2163
2182
2150
1996
1686
1425
1466
1709
1695
1188
528
220
291
339
158
-54
-121
-168
-328
-449
-357
-226
-377
-776
-1066
-1080
-1037
-1144
-1288
-1284
-1210
-1266
-1449
-1586
-1622
-1658
-1742
-1787
-1756
-1752
-1840
-1933
-1918
-1830
-1802
-1859
-1890
-1807
-1643
-1462
-1262
-1028
-800
-616
-433
-187
87
274
346
395
517
679
787
821
846
897
953
1001
1090
1236
1354
1362
1310
1320
1413
1490
1474
1415
1410
1471
1569
1691
1828
1918
1901
1808
1729
1692
1645
1546
1423
1316
1216
1107
1006
923
815
618
334
-3
-450
-1125
-1983
-2686
-2897
-2714
-2622
-2944
-3442
-3694
-3627
-3463
-3270
-2951
-2655
-2727
-3100
-3144
-2498
-1638
-1278
-1417
-1426
-995
-425
1
414
936
1331
1416
1466
1856
2455
2770
2615
2321
2272
2470
2640
2594
2352
2057
1842
1775
1829
1919
1962
1876
1635
1365
1296
1493
1662
1452
915
470
376
454
420
272
175
101
-79
-274
-233
-6
-5
-450
-1016
-1231
-1090
-962
-1025
-1127
-1166
-1268
-1469
-1555
-1401
-1265
-1435
-1777
-1917
-1766
-1605
-1599
-1620
-1540
-1472
-1514
-1523
-1348
-1136
-1114
-1217
-1156
-872
-615
-541
-514
-383
-240
-203
-171
11
230
256
133
129
335
536
579
595
742
938
1037
1109
1311
1577
1690
1623
1606
1765
1956
2003
1949
1957
2034
2065
2014
1961
1930
1835
1642
1463
1388
1329
1167
924
709
550
369
103
-304
-928
-1735
-2413
-2609
-2391
-2263
-2582
-3118
-3415
-3376
-3219
-3027
-2714
-2407
-2441
-2780
-2862
-2325
-1573
-1249
-1376
-1406
-1041
-533
-139
249
750
1168
1302
1350
1650
2142
2419
2302
2053
1998
2147
2296
2321
2233
2079
1897
1755
1705
1727
1729
1616
1358
1050
891
986
1160
1109
766
415
314
380
370
251
165
102
-93
-357
-398
-156
-2
-236
-644
-818
-744
-737
-905
-1044
-1059
-1140
-1355
-1468
-1325
-1168
-1274
-1509
-1540
-1368
-1288
-1392
-1456
-1357
-1284
-1356
-1383
-1185
-929
-877
-955
-883
-643
-506
-572
-628
-515
-373
-360
-357
-187
73
215
249
367
605
793
838
871
1009
1163
1209
1208
1296
1448
1525
1510
1537
1644
1706
1646
1576
1601
1661
1631
1524
1444
1407
1336
1227
1158
1131
1068
932
796
688
515
147
-475
-1272
-1989
-2299
-2140
-1906
-2064
-2599
-3043
-3099
-2940
-2787
-2592
-2347
-2328
-2671
-2921
-2555
-1772
-1291
-1362
-1475
-1171
-642
-261
39
512
1033
1277
1298
1493
1977
2375
2373
2144
2062
2200
2334
2317
2202
2066
1903
1734
1628
1599
1558
1407
1153
886
729
775
952
1024
827
511
368
437
470
338
190
127
8
-243
-373
-193
32
-93
-477
-682
-612
-608
-830
-1018
-1009
-1050
-1321
-1555
-1462
-1249
-1295
-1521
-1545
-1327
-1204
-1312
-1387
-1268
-1184
-1292
-1383
-1221
-963
-904
-967
-844
-516
-291
-301
-320
-173
-32
-73
-165
-88
70
66
-64
-41
216
451
501
519
679
886
965
970
1072
1238
1290
1231
1253
1418
1560
1573
1565
1648
1736
1704
1602
1554
1545
1468
1324
1224
1189
1113
935
734
584
367
-163
-1050
-1948
-2366
-2185
-1845
-1864
-2274
-2671
-2785
-2723
-2591
-2282
-1851
-1708
-2074
-2464
-2222
-1460
-942
-1028
-1238
-1046
-593
-267
-30
402
932
1169
1096
1167
1621
2098
2146
1844
1648
1774
2023
2130
2082
1993
1904
1770
1618
1535
1531
1477
1229
824
512
507
710
778
526
167
12
68
104
36
11
57
-42
-372
-638
-547
-301
-331
-688
-977
-958
-841
-873
-948
-882
-806
-969
-1265
-1337
-1135
-1023
-1225
-1486
-1465
-1244
-1124
-1123
-1019
-801
-703
-767
-731
-474
-265
-326
-468
-377
-119
0
-43
7
210
327
257
225
390
542
453
264
262
416
455
339
311
470
616
609
610
794
1037
1125
1106
1192
1396
1505
1438
1354
1388
1450
1410
1306
1269
1310
1318
1247
1161
1127
1087
930
578
-25
-950
-2194
-3392
-3879
-3324
-2321
-1993
-2805
-4044
-4615
-4120
-2983
-1901
-1421
-1735
-2406
-2515
-1557
-211
325
-233
-865
-522
653
1707
2117
2194
2389
2728
3044
3302
3436
3202
2533
1846
1657
1918
2062
1739
1241
1045
1194
1324
1146
733
345
120
7
-112
-243
-266
-98
170
371
462
515
520
390
183
107
179
111
-260
-604
-534
-191
-112
-467
-856
-978
-1065
-1422
-1885
-2093
-2091
-2214
-2463
-2470
-2111
-1759
-1695
-1691
-1436
-1069
-926
-947
-787
-426
-223
-294
-294
8
365
473
458
612
865
929
796
744
836
827
617
443
495
602
547
428
465
605
629
524
486
562
575
457
407
575
817
933
972
1135
1417
1611
1631
1601
1618
1596
1451
1259
1133
1042
875
659
525
499
446
274
68
-90
-350
-1007
-2119
-3416
-4511
-5171
-5396
-5312
-5096
-4809
-4408
-3901
-3441
-3046
-2417
-1416
-512
-344
-728
-666
326
1568
2206
2376
2775
3455
3831
3761
3796
4176
4329
3743
2852
2461
2602
2597
2118
1589
1422
1384
1082
633
423
377
51
-608
-1060
-944
-581
-454
-528
-429
-60
325
569
760
931
916
625
225
-39
-85
-57
-171
-482
-775
-795
-615
-578
-840
-1179
-1437
-1778
-2333
-2787
-2808
-2595
-2598
-2816
-2805
-2382
-1867
-1565
-1394
-1137
-845
-678
-597
-405
-62
234
331
342
492
800
1068
1165
1182
1222
1216
1094
951
923
945
850
667
583
656
753
789
800
809
775
694
651
675
704
689
659
667
751
921
1123
1267
1318
1337
1360
1352
1298
1241
1165
978
679
422
302
233
100
-78
-217
-312
-420
-541
-603
-616
-765
-1292
-2141
-3024
-3760
-4395
-4901
-4968
-4533
-4044
-3943
-3961
-3533
-2649
-1810
-1258
-768
-260
0
7
240
1002
1924
2429
2498
2594
2962
3396
3649
3767
3874
3836
3489
2969
2610
2496
2349
1940
1414
1036
828
645
449
294
128
-133
-385
-461
-381
-306
-277
-217
-147
-106
32
384
747
783
533
371
412
373
121
-97
-155
-329
-768
-1130
-1101
-976
-1214
-1708
-1976
-1956
-2024
-2284
-2385
-2188
-2049
-2201
-2325
-2066
-1604
-1375
-1394
-1305
-988
-684
-538
-368
-19
329
437
385
466
733
924
882
777
798
872
834
746
769
860
847
720
679
797
911
884
783
747
764
746
698
709
778
806
766
765
877
1025
1081
1061
1066
1112
1127
1076
1033
1020
947
763
561
457
419
320
151
29
-22
-96
-227
-314
-330
-504
-1076
-1918
-2711
-3357
-4012
-4567
-4639
-4242
-3957
-4126
-4237
-3708
-2758
-2016
-1549
-960
-300
-21
-50
256
1131
1945
2141
2019
2166
2604
2969
3180
3453
3768
3799
3463
3076
2909
2824
2532
2012
1489
1085
758
480
302
190
14
-225
-357
-326
-286
-327
-326
-223
-188
-300
-298
11
351
358
169
176
374
399
196
104
190
73
-390
-797
-829
-774
-1024
-1426
-1601
-1584
-1690
-1895
-1897
-1694
-1633
-1837
-1989
-1846
-1592
-1511
-1556
-1478
-1245
-1037
-907
-695
-342
-43
65
126
337
625
768
747
746
830
863
783
728
804
901
871
759
721
774
802
751
701
708
699
602
480
464
565
655
665
663
743
876
976
1039
1121
1217
1255
1211
1145
1101
1042
918
747
603
507
398
240
93
30
12
-61
-175
-257
-399
-837
-1576
-2363
-3031
-3667
-4269
-4542
-4357
-4097
-4157
-4284
-3939
-3107
-2288
-1729
-1209
-620
-221
-92
156
825
1618
2037
2089
2187
2540
2959
3262
3534
3858
4047
3886
3494
3188
3049
2845
2410
1867
1392
971
561
262
145
52
-185
-462
-585
-588
-629
-696
-669
-622
-701
-795
-650
-311
-103
-122
-120
45
177
130
61
109
114
-127
-491
-705
-738
-802
-1003
-1211
-1309
-1346
-1427
-1524
-1512
-1413
-1402
-1560
-1740
-1739
-1596
-1511
-1512
-1436
-1216
-986
-823
-606
-250
98
281
365
517
735
882
916
918
948
965
929
878
878
929
946
874
786
777
820
808
723
649
627
582
487
432
491
580
584
545
589
730
866
943
1007
1074
1107
1080
1027
988
956
887
744
565
411
300
189
54
-62
-133
-209
-328
-461
-619
-956
-1572
-2322
-3001
-3574
-4096
-4438
-4422
-4166
-4016
-4028
-3863
-3294
-2527
-1889
-1395
-891
-392
-42
223
652
1323
1967
2322
2466
2689
3104
3543
3826
3987
4104
4090
3835
3437
3124
2922
2651
2215
1731
1311
925
554
280
122
-55
-334
-612
-792
-926
-1066
-1114
-1009
-913
-949
-967
-774
-464
-296
-282
-205
-18
59
-69
-207
-195
-180
-378
-684
-811
-753
-775
-974
-1123
-1055
-956
-1056
-1256
-1308
-1234
-1283
-1504
-1639
-1550
-1420
-1432
-1471
-1328
-1047
-835
-719
-524
-191
113
246
284
389
561
678
694
714
818
941
978
957
1000
1111
1158
1083
986
967
970
890
746
640
606
580
522
474
492
555
600
593
589
646
745
805
798
791
823
850
819
761
738
735
673
541
416
342
268
135
-16
-110
-161
-249
-379
-490
-618
-923
-1501
-2211
-2835
-3314
-3724
-4033
-4098
-3923
-3737
-3688
-3583
-3161
-2488
-1890
-1515
-1190
-765
-335
3
386
997
1729
2289
2580
2808
3165
3581
3861
3948
3938
3866
3682
3374
3058
2838
2669
2426
2062
1640
1240
897
597
303
-24
-392
-741
-1026
-1257
-1428
-1476
-1376
-1224
-1137
-1082
-937
-697
-505
-436
-404
-326
-271
-327
-431
-450
-383
-346
-382
-409
-369
-324
-334
-378
-406
-437
-524
-677
-847
-992
-1102
-1185
-1247
-1290
-1304
-1275
-1211
-1130
-1033
-897
-740
-608
-516
-422
-288
-138
-6
121
277
442
564
636
702
788
857
866
839
825
824
794
731
687
694
717
703
655
616
611
611
598
582
579
589
593
593
606
644
701
755
792
802
798
806
814
796
730
640
561
493
422
349
279
205
112
14
-69
-154
-275
-460
-733
-1148
-1735
-2401
-2968
-3337
-3574
-3739
-3774
-3622
-3383
-3219
-3110
-2862
-2424
-1983
-1702
-1486
-1115
-561
20
562
1170
1886
2531
2906
3065
3225
3467
3650
3643
3529
3454
3419
3320
3148
2998
2899
2731
2377
1872
1365
937
545
129
-289
-643
-911
-1122
-1288
-1375
-1376
-1352
-1369
-1411
-1416
-1358
-1258
-1132
-986
-849
-762
-694
-579
-431
-340
-338
-333
-263
-186
-179
-185
-126
-41
-51
-159
-238
-240
-264
-391
-553
-652
-693
-767
-881
-965
-980
-988
-1041
-1094
-1069
-965
-856
-780
-686
-531
-354
-204
-71
87
267
420
522
594
662
726
782
828
868
896
914
936
949
950
951
952
937
892
830
786
767
747
712
672
632
599
569
541
521
505
490
468
439
422
436
467
478
459
425
386
338
287
242
195
127
44
-26
-92
-206
-413
-710
-1098
-1589
-2152
-2651
-2945
-3043
-3064
-3088
-3075
-2984
-2873
-2815
-2777
-2641
-2376
-2077
-1816
-1512
-1036
-393
267
817
1271
1685
2036
2265
2404
2565
2818
3096
3291
3391
3469
3563
3613
3533
3327
3046
2734
2378
1991
1629
1342
1099
826
491
143
-158
-424
-704
-1009
-1276
-1450
-1550
-1628
-1672
-1640
-1547
-1476
-1464
-1458
-1388
-1274
-1202
-1179
-1123
-972
-770
-598
-455
-310
-181
-119
-127
-148
-132
-100
-76
-54
-28
-21
-54
-112
-182
-273
-394
-520
-615
-679
-731
-764
-756
-713
-669
-634
-592
-538
-480
-427
-363
-275
-174
-62
60
189
310
406
484
554
624
688
751
822
898
964
1014
1051
1082
1102
1107
1091
1056
1002
936
872
813
761
709
659
611
557
495
439
404
382
361
336
321
316
298
256
210
173
134
64
-30
-111
-158
-207
-303
-461
-666
-928
-1264
-1657
-2019
-2243
-2310
-2304
-2337
-2422
-2501
-2537
-2564
-2597
-2569
-2413
-2160
-1905
-1657
-1325
-864
-356
66
370
626
898
1180
1453
1742
2069
2396
2645
2775
2831
2882
2937
2957
2907
2813
2726
2661
2586
2476
2333
2160
1932
1625
1264
920
645
416
190
-36
-231
-383
-533
-705
-883
-1044
-1185
-1322
-1441
-1523
-1577
-1632
-1690
-1727
-1729
-1715
-1690
-1638
-1561
-1489
-1431
-1352
-1218
-1058
-933
-843
-733
-600
-500
-458
-418
-332
-239
-209
-229
-204
-101
6
36
22
46
114
158
139
115
140
202
241
235
232
264
311
339
343
348
370
400
424
443
468
498
529
543
540
529
521
513
492
459
428
415
417
426
444
481
530
569
581
576
577
594
605
589
557
535
527
505
460
408
373
340
289
222
171
147
122
60
-25
-104
-174
-261
-379
-511
-634
-757
-901
-1061
-1207
-1314
-1387
-1462
-1539
-1604
-1638
-1655
-1669
-1670
-1629
-1538
-1420
-1299
-1171
-1014
-828
-637
-463
-299
-126
60
247
424
604
789
962
1100
1197
1276
1348
1419
1475
1515
1549
1587
1622
1641
1640
1623
1605
1579
1540
1487
1432
1379
1312
1218
1101
979
854
722
571
412
262
126
-9
-144
-269
-382
-483
-589
-708
-827
-939
-1040
-1138
-1235
-1313
-1369
-1403
-1429
-1446
-1450
-1436
-1408
-1373
-1327
-1265
-1183
-1090
-999
-914
-833
-757
-688
-631
-580
-522
-459
-391
-322
-245
-161
-77
-1
61
111
159
204
244
282
324
373
424
473
517
553
582
599
606
608
613
621
628
633
638
644
648
650
652
655
659
661
664
669
678
691
702
711
713
711
695
667
626
573
516
453
390
330
273
218
165
108
47
-13
-73
-131
-186
-237
-285
-337
-389
-449
-517
-588
-662
-731
-798
-857
-911
-963
-1010
-1052
-1085
-1108
-1120
-1116
-1090
-1047
-988
-919
-841
-758
-675
-594
-518
-440
-363
-286
-206
-125
-43
39
125
211
299
392
486
582
676
762
841
911
968
1013
1048
1075
1097
1112
1120
1120
1107
1081
1040
989
927
858
784
705
626
543
461
375
283
188
87
-18
-118
-211
-296
-367
-428
-479
-526
-566
-608
-648
-686
-721
-751
-772
-781
-780
-768
-748
-723
-695
-667
-639
-612
-580
-545
-508
-467
-427
-385
-343
-302
-264
-227
-196
-165
-135
-106
-77
-49
-23
2
26
46
68
92
117
144
175
207
240
272
302
330
353
373
390
404
416
425
432
436
431
423
413
396
374
352
327
307
287
270
256
245
235
228
222
216
209
200
196
191
187
184
181
176
170
157
141
122
96
65
29
-13
-59
-111
-167
-223
-280
-338
-392
-448
-501
-554
-604
-647
-682
-712
-731
-737
-735
-722
-705
-679
-647
-609
-567
-518
-460
-397
-327
-255
-180
-104
-26
49
125
202
282
365
446
531
610
684
749
801
838
861
874
877
870
855
833
798
757
702
636
563
484
402
321
243
170
103
41
-17
-71
-124
-174
-219
-257
-291
-319
-339
-349
-354
-359
-362
-364
-368
-374
-379
-384
-387
-388
-388
-387
-383
-381
-379
-379
-376
-371
-365
-355
-342
-325
-304
-283
-258
-230
-202
-175
-146
-118
-91
-64
-39
-13
8
29
48
62
75
84
90
95
96
96
96
94
91
90
90
93
96
102
109
117
129
141
155
173
193
215
237
259
280
298
314
327
339
349
357
364
367
370
369
365
358
349
339
326
314
300
284
264
245
222
196
167
133
99
59
16
-31
-79
-130
-183
-237
-293
-348
-403
-453
-501
-545
-585
-620
-649
-673
-689
-698
-699
-695
-682
-663
-634
-601
-562
-517
-470
-417
-359
-298
-236
-173
-109
-42
23
89
153
213
273
328
379
425
467
506
540
564
586
604
619
629
631
633
632
629
617
601
587
573
555
526
492
466
441
412
368
321
283
256
218
161
100
60
36
-7
-68
-129
-162
-183
-222
-278
-327
-353
-370
-396
-437
-478
-496
-496
-515
-553
-582
-583
-574
-591
-620
-630
-614
-598
-606
-616
-600
-565
-535
-519
-504
-467
-412
-360
-323
-294
-240
-165
-96
-59
-27
34
117
179
205
231
288
360
403
414
429
465
511
537
532
522
533
564
578
556
526
528
560
563
523
486
500
527
506
455
433
452
452
408
361
342
334
303
255
213
170
127
90
52
-10
-82
-124
-143
-188
-270
-331
-351
-368
-428
-491
-516
-524
-556
-601
-625
-626
-636
-661
-675
-664
-652
-650
-647
-624
-592
-557
-528
-499
-455
-397
-336
-286
-240
-181
-113
-52
10
72
115
145
199
288
342
319
308
394
502
492
401
398
525
616
541
417
453
622
671
511
403
545
701
591
403
466
631
570
388
394
507
460
312
281
313
268
185
132
56
-25
-23
-12
-144
-342
-372
-258
-266
-482
-682
-642
-475
-480
-717
-896
-781
-558
-560
-790
-917
-745
-481
-458
-682
-783
-535
-223
-255
-509
-507
-190
20
-106
-267
-172
58
153
45
-51
53
233
228
113
143
256
254
237
312
309
220
305
484
426
248
321
547
567
404
353
470
592
589
470
400
470
566
540
450
386
358
373
416
389
238
95
118
256
232
-50
-233
-53
140
-75
-403
-360
-106
-110
-368
-517
-421
-255
-263
-466
-611
-506
-312
-326
-524
-638
-527
-344
-320
-475
-616
-529
-271
-166
-370
-578
-405
-33
14
-299
-447
-157
181
123
-185
-263
44
334
217
-99
-94
253
425
212
14
155
400
430
298
237
333
496
564
467
378
488
677
658
480
482
685
702
453
377
622
684
310
59
331
600
263
-280
-212
270
235
-369
-602
-214
-21
-380
-668
-506
-299
-391
-641
-714
-471
-228
-422
-842
-764
-207
-59
-581
-903
-485
2
-156
-633
-678
-233
59
-227
-611
-406
81
49
-366
-348
47
119
-99
-78
119
133
85
165
222
204
261
341
307
253
312
417
456
397
282
285
473
576
397
216
331
505
456
347
334
298
286
427
438
132
3
345
525
95
-295
-10
426
244
-309
-448
-56
222
-61
-516
-496
-90
15
-354
-586
-331
-80
-229
-467
-395
-170
-164
-305
-342
-247
-138
-122
-238
-359
-182
79
-66
-349
-287
-9
80
-68
-240
-241
24
182
-60
-309
-72
338
135
-316
-127
362
308
-91
-96
201
329
171
-10
129
366
315
54
7
321
502
207
-75
209
499
226
3
217
395
199
26
165
246
87
74
282
171
-192
-127
235
278
-60
-339
-143
193
16
-333
-177
40
-190
-325
-177
-178
-230
-169
-255
-405
-259
-74
-271
-542
-316
75
-211
-618
-355
-7
-156
-394
-239
-164
-212
-107
-132
-203
-156
108
109
-217
-103
261
261
-29
75
370
277
91
199
437
440
352
198
161
419
592
381
70
349
504
111
49
369
494
138
-123
-32
117
243
87
-128
-137
-89
-52
-89
-192
-123
-80
-165
-136
-273
-329
-206
102
196
-389
-609
-362
344
462
-485
-573
-82
339
-21
-483
26
214
111
-474
-480
370
301
-53
-429
-263
198
54
6
-226
-51
197
-78
-93
-197
118
334
10
-112
-145
209
204
-13
126
205
200
-149
5
398
310
134
-11
113
135
241
285
67
-12
-2
284
228
-109
-307
-71
604
199
-694
-638
322
709
-299
-805
-352
333
358
-432
-561
-124
321
217
-375
-396
-23
410
192
-394
-221
100
262
78
-206
-99
-49
88
23
-63
-76
-313
-103
206
130
-411
-631
23
571
274
-668
-741
267
900
238
-738
-439
488
879
105
-671
-124
676
701
-143
-456
111
507
541
18
-135
118
95
156
176
162
-147
-224
245
67
-313
-75
206
-56
-443
-169
85
-118
-196
-203
-15
-37
-503
-431
145
347
-133
-352
-153
-168
159
385
84
-149
21
258
-1
59
259
118
38
-35
121
40
-11
152
99
138
-96
-294
-172
210
431
-125
-515
-312
219
370
-130
-343
-12
337
52
-269
-14
382
515
155
-249
-305
58
420
263
-156
-290
244
511
-11
-350
-85
277
156
-106
-226
-175
117
200
-35
-450
-578
-135
273
125
-358
-426
6
283
-101
-588
-324
278
301
-216
-418
-91
293
179
-218
-191
168
413
158
-101
53
273
363
64
-223
-90
375
458
-161
-337
-8
184
73
-197
-148
28
34
-81
-150
-69
-52
-100
-155
-120
148
108
-119
188
359
-18
-281
-3
305
101
81
230
34
-203
-119
323
360
-95
-262
3
238
13
-301
-209
51
94
-107
-261
-79
181
187
27
-214
-141
162
260
119
-167
-84
60
-161
-255
81
399
-73
-538
-247
123
213
-83
-373
-191
204
175
-364
-242
518
548
-196
-486
71
334
141
155
189
30
-150
57
226
4
-92
32
196
-11
-245
-58
98
-33
-416
-389
147
319
-79
-292
15
59
-86
60
62
-122
-92
216
476
157
-413
-290
295
456
-31
-387
29
540
232
-520
-394
204
184
-55
-247
-196
99
161
-1
-234
-284
-15
271
123
-287
-155
339
379
-127
-526
-56
673
407
-376
-443
193
617
221
-459
-481
183
608
173
-419
-325
200
310
-118
-365
-158
202
274
-113
-370
-85
260
168
-196
-330
-142
173
394
149
-315
-361
119
439
-5
-450
-144
369
278
-207
-258
26
236
199
-129
-275
-65
202
155
-138
-131
131
170
-93
-188
35
79
-95
-153
48
266
98
-179
-108
153
149
-78
-191
-106
167
301
62
-182
-62
194
40
-331
-227
352
567
-1
-504
-252
282
323
-128
-335
-33
290
209
-146
-298
-74
258
206
-295
-479
-9
403
193
-234
-300
-76
166
204
-44
-242
-125
212
401
108
-270
-80
451
400
-211
-389
50
402
243
-113
-214
0
236
-1
-543
-569
95
522
22
-632
-528
26
116
-330
-430
-20
199
-42
-194
14
79
-127
-195
88
400
338
126
138
277
191
-94
-57
409
603
193
-86
154
288
0
-222
-104
43
-14
-170
-98
153
124
-270
-596
-396
13
77
-16
18
89
-9
-224
-335
-144
291
370
56
-26
136
102
-136
-80
280
301
-98
-293
21
289
87
-143
-117
-68
-160
-188
21
178
130
5
-171
-338
-304
77
388
161
-250
-218
139
126
-229
-277
25
224
121
-87
-157
3
194
9
-345
-205
311
411
17
-171
-27
43
58
129
68
-51
86
319
225
-103
-250
-25
325
249
-208
-259
268
498
-6
-515
-369
183
446
89
-338
-139
321
169
-452
-536
83
486
184
-281
-288
0
110
16
-83
-130
-99
51
86
-139
-132
287
330
-273
-584
-104
380
242
-113
-171
15
125
-1
-171
-77
192
194
-128
-296
-67
260
339
87
-258
-281
81
330
131
-162
-105
146
178
-28
-134
-3
120
12
-150
-91
98
128
-29
-200
-216
9
244
132
-155
-155
17
1
-73
25
145
128
20
-70
-32
84
66
24
204
261
-111
-294
142
474
134
-324
-283
54
214
27
-260
-278
-23
53
-241
-440
-180
183
134
-242
-407
-136
159
128
-31
-42
93
240
236
51
-28
176
302
95
-86
107
419
369
-15
-283
-182
101
199
42
-105
-79
-21
-88
-228
-206
18
140
-20
-207
-136
81
129
-58
-165
-12
126
37
-29
124
273
152
-150
-291
-101
175
183
-35
-106
59
105
-153
-382
-265
6
74
-34
-69
-23
-72
-154
-135
-90
-94
-37
110
181
118
68
102
119
34
-45
35
202
238
115
14
31
54
-59
-225
-189
85
265
113
-129
-115
58
66
-102
-149
-8
71
-19
-55
75
122
-31
-134
-44
38
-9
-54
15
130
119
-86
-271
-220
-28
65
21
-7
65
166
171
62
-17
26
97
96
76
91
128
163
139
-10
-163
-122
41
81
-31
-110
-92
-101
-198
-271
-200
-94
-113
-181
-118
27
74
8
-57
-72
-39
49
135
134
83
59
33
-40
-108
-68
52
92
-16
-169
-210
-110
-11
-29
-108
-103
-6
49
39
74
147
111
-16
-32
88
175
183
225
299
241
75
33
185
335
307
183
136
164
145
52
-29
-24
15
15
-23
-57
-54
-21
13
-38
-200
-304
-199
-30
-50
-228
-312
-241
-205
-294
-355
-273
-138
-92
-142
-174
-138
-81
-37
2
23
17
43
116
140
59
-9
65
187
192
117
122
206
218
99
-25
-28
52
100
92
75
57
10
-74
-135
-127
-67
-4
31
29
-11
-69
-98
-77
-40
-23
-19
8
63
105
88
20
-31
-27
7
54
114
171
178
118
41
-5
3
49
93
100
71
38
12
-22
-52
-57
-47
-49
-38
3
24
-19
-76
-90
-81
-92
-92
-43
18
33
-12
-78
-107
-73
-8
24
23
45
94
86
-6
-79
-43
42
61
14
-11
12
18
-33
-92
-100
-59
-12
6
-10
-26
-26
-15
-26
-61
-74
-27
44
65
42
16
12
18
16
16
30
60
86
86
52
16
5
9
-2
-27
-33
-8
17
4
-32
-46
-34
-27
-34
-30
-5
12
6
-6
-5
6
9
2
1
8
17
24
20
10
-1
-9
-10
-3
12
24
15
-8
-27
-27
-18
-7
7
15
8
-4
2
14
11
-3
-3
15
24
13
3
12
24
3
-29
-27
7
25
6
-20
-23
-14
-11
-16
-13
-5
7
10
4
-1
0
8
8
4
14
37
42
18
-7
-5
9
6
-6
-5
11
10
-12
-22
-8
7
4
-10
-8
6
13
5
1
7
16
18
13
2
-6
-2
7
8
-2
0
6
-21
-75
-89
-39
19
17
-34
-63
-54
-44
-43
-26
2
14
10
5
4
-3
-11
0
18
20
16
28
43
34
2
-11
6
24
31
39
51
45
21
4
1
6
8
12
18
11
-4
-9
-7
-13
-28
-27
-4
11
8
-1
-4
-3
-14
-19
-5
11
19
20
15
1
-14
-21
-8
8
11
4
-1
-1
-5
-15
-18
-16
-12
-11
-11
-13
-11
-9
-7
-9
-13
-5
9
18
11
2
2
5
6
4
6
8
5
1
-3
-4
-7
-10
-10
-7
-3
-1
4
4
0
-4
-2
7
12
14
15
17
16
10
8
10
11
8
7
10
11
6
6
8
7
7
4
5
5
5
3
-1
-4
-4
-3
-1
-2
-5
-4
-4
-9
-14
-11
-6
-5
-5
-5
-3
-3
-6
-11
-8
-7
-7
-7
-6
-4
-5
-8
-9
-9
-8
-8
-7
-5
-7
-10
-11
-9
-6
-6
-6
-7
-6
-4
-5
-5
-4
-2
1
1
-1
1
2
3
1
3
8
10
9
7
5
5
6
7
6
4
3
3
2
1
1
2
2
1
1
2
1
0
1
2
2
1
5
5
3
2
1
3
3
3
2
2
5
3
3
3
5
6
5
3
1
3
3
2
0
0
1
0
-3
-5
-3
-2
-4
-3
-4
-2
-1
-1
-1
0
1
0
-2
-2
-3
0
0
-1
-1
0
1
1
1
1
1
-1
-2
-2
-2
-2
-3
-3
-2
-1
-2
-2
-1
1
1
1
0
1
2
2
-1
0
0
0
1
