1
0
-1
-1
-3
-3
-3
-2
-1
-2
0
-1
0
0
1
2
4
6
7
8
9
7
5
5
3
3
3
2
1
-1
-2
-4
-5
-5
-7
-7
-7
-7
-5
-3
-4
-3
-1
0
-1
-2
-1
-1
-1
-1
-2
-1
-1
-2
-2
-1
-1
-1
0
0
-1
-3
0
0
1
1
4
4
3
4
3
4
3
2
1
0
1
0
0
-1
-3
-2
-1
-2
-2
-2
-2
-1
-1
-1
0
1
1
3
3
3
2
4
3
3
4
2
2
1
2
1
0
1
0
2
2
2
2
1
0
0
-2
-2
-2
-1
-2
-2
-4
-4
-4
-6
-4
-5
-4
-4
-2
-2
-2
-1
-3
-2
-1
-1
-1
0
-2
0
-1
-1
1
1
-1
-3
-2
-2
-3
-2
-2
-1
-2
0
0
1
1
1
2
1
4
3
6
5
4
6
6
6
5
6
5
2
3
0
0
1
0
-1
2
2
1
2
3
1
0
0
-2
-2
-2
-1
-1
-1
-1
-2
-2
-1
-1
-2
-2
0
-1
-1
2
1
-1
0
0
-1
-1
-1
0
0
-1
1
-1
-2
-2
-2
-2
-3
-3
-2
-4
-5
-5
-4
-4
-5
-7
-7
-6
-5
-4
-4
-2
-1
-1
2
2
4
4
4
5
6
5
5
7
6
7
6
7
6
7
5
4
4
2
1
1
-2
-1
-2
-2
-4
-4
-1
-4
-4
-2
-2
-2
-2
-3
-2
-2
-2
-2
-2
-1
-2
-2
-2
-4
-3
-3
-3
-1
1
2
2
2
2
3
3
3
4
2
2
3
1
1
0
1
1
0
0
0
0
0
0
0
-2
-2
-1
-1
-3
-1
-1
-1
-1
1
0
1
1
0
0
1
1
2
2
3
2
1
1
0
0
0
-2
-2
0
0
0
-1
-2
0
-2
-1
-2
-3
0
-3
-2
-3
-2
-2
-1
-1
1
0
1
3
3
3
3
3
3
3
2
1
2
0
0
0
0
1
1
0
1
2
0
0
0
0
1
0
0
0
0
-2
-1
-5
-4
-5
-5
-5
-3
-3
-3
-2
-1
-2
-1
0
0
-3
-2
-2
-4
-2
-2
-2
-2
1
0
0
2
1
0
0
0
0
2
4
2
4
3
4
4
5
5
3
2
3
1
2
2
1
0
0
0
1
1
1
0
0
1
1
0
0
0
0
0
-1
-3
-1
-2
-1
-4
-2
-3
-3
-1
-3
-2
-1
-1
-1
-1
1
2
1
1
0
3
4
3
5
5
4
3
3
1
1
1
0
1
1
-1
1
-1
-3
-3
-4
-3
-3
-2
-2
-2
0
0
1
1
-1
-1
-2
-1
-1
-4
-4
-4
-3
-2
-3
-2
-2
-3
-2
-2
-1
-3
-2
-3
-3
-3
-2
-1
0
0
1
2
1
3
1
3
3
2
3
4
4
6
4
3
3
4
6
6
6
7
4
4
4
5
5
4
5
5
6
5
6
6
8
5
5
4
2
2
-1
-2
-3
-3
-4
-7
-6
-9
-8
-8
-11
-11
-9
-10
-10
-8
-9
-10
-11
-10
-11
-11
-10
-9
-9
-9
-7
-7
-4
-4
-5
-4
-2
-1
-1
-1
2
2
2
2
1
1
2
3
3
3
4
4
4
6
5
7
6
6
7
6
8
8
8
11
10
18
31
30
33
31
33
47
48
44
44
43
51
59
55
58
54
58
63
53
45
32
21
10
-2
-14
-26
-38
-56
-79
-95
-118
-139
-171
-211
-228
-245
-250
-252
-278
-276
-270
-268
-265
-297
-323
-331
-352
-360
-385
-412
-395
-374
-338
-301
-273
-220
-163
-110
-57
-5
50
102
153
202
258
316
349
378
396
408
431
431
426
431
438
475
516
545
588
617
666
720
736
746
745
744
739
735
727
715
696
676
651
617
580
539
503
468
434
394
354
314
270
215
150
79
5
-74
-155
-238
-318
-394
-471
-546
-626
-704
-780
-855
-923
-978
-1022
-1050
-1060
-1053
-1045
-1042
-1052
-1093
-1161
-1260
-1400
-1570
-1715
-1796
-1836
-1850
-1781
-1583
-1317
-1064
-820
-533
-239
-8
173
359
560
743
902
1053
1207
1344
1439
1461
1407
1331
1261
1166
1026
894
834
831
837
828
832
863
887
877
815
760
769
803
791
760
823
969
1053
1020
971
973
941
789
570
384
246
95
-81
-229
-318
-373
-444
-536
-616
-664
-707
-773
-836
-844
-785
-710
-641
-549
-418
-291
-217
-195
-192
-206
-254
-332
-407
-461
-489
-506
-527
-543
-535
-525
-556
-633
-706
-729
-730
-753
-775
-729
-607
-498
-444
-400
-324
-246
-222
-239
-240
-192
-124
-85
-77
-63
-32
-28
-111
-284
-469
-593
-678
-770
-841
-802
-623
-396
-202
-9
234
484
660
766
879
1023
1153
1238
1310
1406
1504
1538
1489
1382
1263
1127
952
748
573
464
387
318
273
286
330
350
342
342
368
388
375
361
381
430
477
512
543
552
527
468
373
236
69
-100
-273
-447
-596
-692
-758
-844
-937
-983
-1000
-1054
-1146
-1172
-1071
-914
-795
-686
-513
-312
-178
-141
-134
-119
-112
-130
-166
-189
-174
-119
-75
-63
-57
-38
-48
-116
-205
-269
-301
-326
-337
-329
-315
-297
-265
-230
-219
-229
-215
-151
-93
-89
-100
-73
-44
-91
-172
-206
-261
-490
-859
-1113
-1134
-1128
-1278
-1385
-1179
-773
-484
-341
-102
292
643
834
975
1176
1396
1539
1594
1645
1752
1859
1854
1692
1471
1306
1179
967
675
465
417
402
305
207
225
307
318
255
260
353
343
149
63
324
628
601
442
545
741
671
430
290
204
44
-126
-255
-393
-514
-580
-687
-877
-1051
-1136
-1202
-1312
-1409
-1368
-1141
-878
-738
-637
-412
-189
-156
-204
-156
-107
-192
-314
-351
-339
-330
-324
-327
-322
-276
-217
-230
-308
-353
-316
-255
-249
-265
-189
-50
-21
-114
-132
2
100
17
-126
-121
26
98
-9
-81
41
170
83
-91
-123
-70
-142
-416
-823
-1188
-1331
-1324
-1453
-1694
-1631
-1139
-641
-434
-247
218
756
1024
1109
1329
1695
1948
1991
1998
2123
2295
2322
2117
1824
1622
1477
1212
815
487
339
260
133
10
10
121
206
201
179
256
400
465
424
436
542
504
248
115
283
387
133
-164
-154
-50
-204
-523
-734
-803
-860
-966
-1111
-1217
-1230
-1206
-1217
-1213
-1114
-1001
-986
-1041
-1054
-976
-862
-803
-808
-747
-558
-365
-291
-255
-158
-58
-39
-51
-28
8
12
0
37
142
257
304
298
285
288
310
364
412
401
385
447
524
509
447
450
486
417
232
77
50
50
-77
-244
-223
-23
56
-77
-156
-43
27
-127
-361
-596
-969
-1430
-1712
-1811
-1959
-2094
-1933
-1528
-1202
-963
-557
-30
348
570
883
1305
1623
1775
1910
2109
2275
2320
2242
2067
1833
1553
1241
917
623
402
238
114
49
61
128
190
218
252
326
437
540
608
671
760
871
964
1004
983
914
787
483
-49
-590
-913
-1174
-1625
-2038
-2027
-1722
-1559
-1562
-1433
-1142
-919
-856
-843
-778
-688
-667
-721
-686
-448
-167
-69
-101
-58
61
74
-88
-293
-389
-367
-341
-368
-341
-178
-1
58
51
97
189
244
234
235
341
499
561
528
574
739
845
814
772
767
702
563
449
401
371
299
159
15
-30
-16
-115
-339
-485
-434
-320
-300
-350
-365
-304
-208
-219
-573
-1295
-1998
-2331
-2534
-2991
-3409
-3183
-2432
-1872
-1627
-1128
-220
519
735
844
1274
1820
2086
2113
2258
2636
2976
3017
2799
2533
2307
1990
1494
946
571
408
311
192
141
281
549
723
699
642
737
918
975
893
895
1097
1342
1416
1340
1267
1186
918
437
-61
-455
-840
-1293
-1750
-2092
-2263
-2372
-2663
-3138
-3375
-3109
-2776
-2815
-2864
-2393
-1624
-1087
-719
-205
361
698
796
815
792
686
464
153
-77
-103
-82
-253
-526
-634
-567
-543
-626
-673
-582
-400
-217
-60
152
480
830
1074
1244
1480
1757
1898
1854
1758
1715
1680
1569
1402
1274
1207
1127
983
818
647
442
249
146
102
27
-57
-110
-177
-237
-194
-116
-180
-338
-393
-393
-512
-683
-721
-656
-619
-756
-1378
-2562
-3698
-4097
-4103
-4504
-4998
-4550
-3226
-2202
-1845
-1293
-191
668
796
835
1389
2118
2466
2559
2865
3426
3860
3852
3433
2859
2310
1769
1148
507
58
-84
-36
0
15
160
454
673
629
481
561
886
1138
1176
1301
1755
2270
2437
2282
2118
1979
1627
1011
371
-113
-516
-971
-1452
-1809
-1958
-2012
-2181
-2461
-2639
-2677
-2793
-2995
-2933
-2454
-1937
-1775
-1835
-1629
-943
-168
108
-100
-153
235
528
285
-135
-279
-308
-514
-730
-684
-496
-483
-708
-899
-773
-424
-219
-276
-270
64
558
911
1084
1242
1470
1673
1730
1703
1796
1989
2008
1798
1673
1796
1870
1600
1168
965
1062
1144
982
749
710
777
695
521
500
575
447
77
-231
-263
-190
-292
-556
-689
-594
-522
-653
-872
-1014
-1046
-1081
-1699
-3588
-6059
-7046
-6005
-5240
-6240
-6817
-4645
-1598
-900
-1747
-994
1265
2107
1069
865
2659
4376
4311
3625
4060
5181
5332
4077
2512
1565
1060
450
-316
-807
-717
-239
112
57
-48
295
888
981
438
202
1006
2191
2626
2429
2722
3711
4255
3665
2742
2410
2279
1495
279
-421
-441
-591
-1361
-2251
-2611
-2536
-2641
-3158
-3672
-3689
-3239
-2733
-2367
-1931
-1227
-456
-29
-3
65
430
536
-266
-1384
-1539
-800
-711
-1814
-2716
-2428
-1926
-2359
-3149
-3170
-2569
-2234
-2219
-1784
-736
226
532
509
846
1574
2080
1975
1652
1727
2195
2478
2265
1951
1968
2063
1757
1236
1133
1446
1513
1116
837
1097
1487
1463
1153
1060
1273
1435
1356
1239
1286
1364
1261
1077
1087
1290
1347
1045
633
459
517
472
121
-343
-589
-570
-653
-1010
-1289
-1253
-1213
-1453
-1651
-1518
-1203
-1061
-1927
-4583
-7734
-8311
-6055
-4938
-6781
-7577
-4140
-212
-428
-2361
-1127
2002
2191
-149
-99
3237
5555
4559
3174
4196
5961
5606
3329
1486
939
624
-121
-797
-746
-130
402
371
-149
-383
130
795
580
-270
-161
1465
3169
3427
2944
3415
4592
4714
3397
2408
2692
2828
1594
73
-61
596
199
-1391
-2633
-2719
-2578
-3045
-3705
-3813
-3298
-2694
-2252
-1837
-1194
-382
13
-339
-869
-686
-17
-9
-772
-1199
-768
-420
-946
-1727
-1958
-1881
-2186
-2674
-2547
-1822
-1337
-1487
-1627
-1212
-634
-401
-409
-263
87
520
958
1253
1415
1624
1841
1800
1601
1689
1991
2015
1697
1498
1612
1677
1450
1072
801
705
624
473
350
430
594
586
462
461
571
490
240
159
350
604
749
861
995
1158
1336
1411
1313
1093
899
733
497
225
40
9
-53
-265
-469
-523
-491
-426
-325
-1191
-4284
-8155
-9031
-6355
-4783
-6784
-7944
-4381
-95
-530
-3108
-2009
1574
1931
-754
-653
3551
6563
5298
3346
4421
6492
5770
2779
850
820
695
-446
-1278
-796
169
332
-469
-1370
-1508
-842
-234
-454
-936
-309
1585
3129
3195
2824
3472
4530
4311
3019
2598
3472
3716
2263
776
906
1537
647
-1410
-2627
-2512
-2457
-3210
-3865
-3613
-2961
-2830
-3275
-3438
-2677
-1581
-1385
-2061
-2014
-582
653
346
-401
-83
628
296
-669
-837
-229
-106
-812
-1300
-894
-354
-697
-1622
-1994
-1572
-1199
-1276
-1236
-703
-134
30
16
235
681
1042
1134
1147
1471
2144
2625
2506
2140
2086
2201
1951
1363
1018
1115
1204
964
704
819
1048
822
221
-62
186
422
340
334
708
1164
1314
1190
1062
1099
1185
1043
685
518
752
997
835
474
393
511
147
-1035
-2526
-3940
-5717
-7798
-8617
-7311
-5793
-6047
-6632
-5104
-2616
-2197
-3392
-2974
-568
899
590
1179
3865
6056
5718
4566
4821
5596
4872
2993
1866
1925
1996
1490
1012
1001
1023
527
-380
-1128
-1301
-1015
-724
-668
-509
186
1222
1946
2120
2206
2613
3087
3180
3010
3082
3440
3526
2997
2261
1827
1494
681
-595
-1625
-1987
-2097
-2496
-3041
-3235
-3039
-2938
-3137
-3248
-2937
-2554
-2631
-2924
-2642
-1756
-1231
-1474
-1644
-1062
-387
-454
-884
-876
-540
-503
-731
-696
-345
-161
-366
-615
-596
-490
-600
-824
-844
-655
-470
-314
-58
257
468
605
825
1117
1334
1480
1715
2037
2245
2273
2295
2398
2424
2285
2113
1981
1745
1341
978
814
715
493
186
-38
-158
-295
-472
-567
-544
-540
-601
-561
-321
-40
87
102
168
300
381
344
298
350
441
482
521
639
762
726
491
136
-309
-874
-1429
-1722
-1718
-1738
-2033
-2444
-2656
-2637
-2548
-2405
-2152
-1951
-1998
-2147
-2019
-1565
-1145
-1027
-1081
-1036
-820
-534
-255
27
292
478
604
841
1287
1758
1978
1939
1907
2032
2201
2265
2206
2064
1883
1738
1717
1807
1880
1809
1598
1385
1307
1341
1341
1208
972
725
529
432
471
571
549
354
189
239
374
355
193
57
-53
-258
-498
-588
-563
-694
-1088
-1496
-1642
-1588
-1604
-1794
-1998
-2061
-2000
-1903
-1783
-1622
-1505
-1532
-1622
-1569
-1322
-1079
-1007
-1042
-1013
-842
-575
-348
-294
-372
-366
-186
14
114
213
361
417
336
338
555
778
757
593
595
812
1010
1047
1036
1083
1091
990
931
1045
1192
1144
970
924
1055
1165
1134
1079
1120
1184
1172
1155
1228
1324
1315
1233
1199
1225
1220
1130
942
598
51
-648
-1354
-1872
-2077
-2120
-2336
-2841
-3345
-3545
-3468
-3285
-3051
-2825
-2773
-2907
-2911
-2496
-1833
-1383
-1326
-1362
-1139
-664
-176
218
586
936
1181
1373
1729
2253
2613
2545
2259
2172
2353
2486
2358
2099
1916
1820
1737
1734
1888
2042
1936
1602
1369
1432
1569
1463
1132
832
688
600
506
480
525
461
195
-86
-126
47
141
-1
-229
-326
-298
-315
-455
-686
-971
-1276
-1531
-1681
-1768
-1904
-2117
-2325
-2395
-2289
-2113
-2046
-2162
-2328
-2358
-2191
-1954
-1796
-1746
-1709
-1587
-1391
-1179
-980
-794
-668
-615
-523
-286
14
203
237
245
353
550
736
839
869
906
1011
1173
1352
1537
1702
1781
1778
1809
1960
2123
2136
2021
1932
1915
1891
1825
1764
1716
1621
1476
1371
1351
1344
1241
1069
946
922
918
853
747
638
525
412
344
315
237
16
-371
-902
-1514
-2063
-2392
-2499
-2596
-2881
-3294
-3618
-3725
-3666
-3516
-3307
-3119
-3074
-3117
-2984
-2545
-2034
-1780
-1778
-1723
-1434
-1039
-687
-331
94
486
761
1062
1550
2086
2353
2309
2236
2337
2503
2544
2447
2319
2219
2152
2152
2256
2390
2409
2237
1980
1840
1880
1929
1788
1483
1220
1103
1025
922
857
844
756
530
328
317
411
383
177
-39
-143
-206
-335
-497
-634
-823
-1163
-1538
-1742
-1765
-1814
-1989
-2159
-2203
-2203
-2273
-2336
-2275
-2162
-2150
-2203
-2152
-1992
-1874
-1833
-1754
-1595
-1428
-1281
-1110
-911
-721
-538
-349
-165
17
210
390
517
618
771
963
1129
1248
1338
1393
1413
1447
1519
1588
1622
1637
1646
1653
1672
1703
1706
1656
1589
1529
1476
1441
1439
1417
1325
1214
1164
1139
1073
989
937
877
767
667
635
609
500
304
37
-360
-923
-1546
-2048
-2323
-2424
-2520
-2748
-3068
-3318
-3400
-3344
-3205
-3021
-2891
-2912
-2981
-2841
-2395
-1876
-1587
-1531
-1449
-1179
-804
-442
-79
330
715
1020
1345
1810
2297
2544
2492
2381
2427
2567
2619
2532
2405
2305
2235
2211
2264
2337
2285
2038
1715
1525
1516
1520
1369
1102
872
737
646
580
554
518
374
139
-28
-25
53
24
-153
-339
-418
-447
-541
-721
-938
-1200
-1497
-1699
-1696
-1607
-1667
-1901
-2090
-2089
-2005
-1986
-2019
-2039
-2059
-2092
-2024
-1784
-1511
-1413
-1461
-1420
-1187
-906
-708
-561
-388
-232
-116
47
296
486
486
397
433
619
797
878
924
974
1003
1016
1100
1246
1312
1232
1133
1165
1293
1387
1418
1445
1475
1472
1455
1481
1527
1519
1441
1375
1375
1392
1350
1238
1117
1022
938
835
717
607
497
336
71
-318
-827
-1417
-1946
-2231
-2261
-2277
-2508
-2886
-3161
-3211
-3106
-2931
-2723
-2578
-2593
-2676
-2567
-2138
-1608
-1311
-1305
-1329
-1131
-740
-332
24
373
693
950
1226
1648
2134
2403
2345
2172
2143
2258
2330
2265
2123
1973
1853
1823
1925
2076
2089
1883
1584
1389
1353
1360
1286
1106
876
665
524
475
474
424
249
-2
-188
-207
-116
-86
-220
-446
-594
-614
-624
-725
-883
-1048
-1235
-1418
-1487
-1418
-1389
-1542
-1738
-1756
-1608
-1514
-1560
-1623
-1619
-1605
-1601
-1515
-1326
-1196
-1230
-1279
-1141
-862
-675
-642
-594
-432
-258
-150
-19
179
303
271
251
422
654
711
623
614
744
863
913
1000
1154
1245
1228
1251
1417
1614
1680
1645
1644
1705
1732
1697
1677
1704
1698
1600
1480
1419
1376
1254
1058
898
833
781
659
444
104
-444
-1179
-1845
-2138
-2079
-2045
-2332
-2809
-3149
-3227
-3145
-2971
-2716
-2518
-2576
-2804
-2810
-2371
-1755
-1405
-1414
-1479
-1339
-1020
-651
-253
181
530
710
879
1287
1888
2320
2336
2108
1989
2087
2233
2255
2161
2026
1874
1753
1777
1962
2126
2042
1721
1428
1381
1516
1583
1452
1212
1000
841
721
659
644
551
260
-113
-291
-191
-33
-76
-303
-497
-559
-582
-655
-756
-889
-1130
-1456
-1653
-1570
-1366
-1335
-1528
-1736
-1791
-1749
-1716
-1695
-1672
-1706
-1817
-1874
-1751
-1518
-1377
-1378
-1384
-1289
-1137
-992
-828
-635
-478
-383
-250
4
281
423
451
510
647
773
835
905
1001
1044
1007
1012
1154
1331
1391
1357
1366
1456
1537
1569
1606
1665
1676
1614
1571
1619
1675
1638
1525
1431
1366
1265
1125
1016
953
862
729
622
573
498
272
-203
-936
-1742
-2263
-2296
-2102
-2163
-2593
-3037
-3194
-3145
-3040
-2812
-2465
-2330
-2614
-2910
-2616
-1814
-1218
-1189
-1313
-1134
-794
-608
-439
11
568
796
763
983
1623
2204
2298
2084
1990
2076
2104
1990
1878
1832
1751
1593
1498
1599
1813
1906
1728
1406
1219
1280
1385
1293
1056
891
827
721
568
548
650
567
168
-251
-346
-186
-90
-168
-279
-370
-530
-743
-841
-791
-818
-1096
-1493
-1738
-1746
-1638
-1513
-1373
-1263
-1286
-1420
-1503
-1441
-1347
-1361
-1411
-1335
-1110
-884
-756
-693
-641
-627
-666
-681
-619
-548
-553
-571
-434
-130
152
254
242
262
334
375
396
473
579
619
631
771
1068
1323
1379
1306
1268
1305
1353
1426
1571
1724
1757
1687
1675
1792
1913
1892
1744
1569
1402
1228
1092
1023
955
788
501
79
-600
-1637
-2805
-3561
-3543
-3004
-2609
-2725
-3112
-3317
-3203
-2915
-2547
-2149
-1939
-2112
-2358
-1998
-836
426
967
783
535
614
847
1038
1275
1557
1618
1413
1409
1987
2788
3059
2551
1743
1182
949
827
698
555
365
113
-36
137
597
950
796
185
-381
-450
-75
334
526
596
683
779
862
1019
1238
1225
750
47
-369
-286
4
130
37
-125
-313
-553
-778
-911
-1052
-1374
-1822
-2080
-1950
-1593
-1309
-1192
-1138
-1060
-989
-952
-919
-873
-851
-839
-724
-415
-11
264
305
227
179
152
55
-111
-247
-296
-290
-227
-88
62
96
3
-86
-92
-74
-106
-141
-98
39
259
551
858
1050
1062
991
995
1113
1242
1305
1330
1398
1533
1692
1813
1841
1744
1536
1282
1058
903
787
671
542
443
398
378
254
-194
-1180
-2705
-4283
-5136
-4859
-3913
-3250
-3331
-3701
-3656
-3078
-2416
-2034
-1916
-1937
-1984
-1733
-761
826
2221
2746
2666
2753
3212
3473
3121
2499
2178
2234
2408
2614
2930
3168
2971
2347
1709
1293
840
62
-830
-1336
-1259
-894
-611
-463
-298
-63
96
49
-137
-286
-313
-220
34
513
1082
1413
1353
1157
1134
1177
875
114
-705
-1133
-1157
-1051
-985
-984
-1102
-1395
-1728
-1890
-1925
-2095
-2473
-2765
-2661
-2233
-1772
-1402
-1006
-560
-217
-79
-38
29
82
74
106
298
562
713
749
840
1002
1020
759
378
111
-24
-143
-252
-260
-172
-87
-27
83
227
279
198
111
144
265
395
562
817
1109
1326
1450
1570
1703
1772
1712
1583
1475
1413
1380
1374
1386
1361
1243
1055
871
706
499
224
-52
-255
-391
-504
-643
-924
-1546
-2611
-3864
-4788
-5054
-4853
-4617
-4497
-4233
-3638
-2949
-2520
-2304
-1902
-1180
-551
-382
-390
63
1126
2255
2933
3249
3531
3750
3639
3256
2966
2875
2697
2267
1883
1856
2022
1993
1716
1449
1238
828
150
-454
-691
-731
-899
-1102
-946
-355
261
541
603
750
967
988
783
643
744
875
780
565
547
735
769
420
-106
-515
-841
-1300
-1830
-2120
-2106
-2086
-2249
-2371
-2182
-1824
-1665
-1772
-1885
-1826
-1700
-1616
-1472
-1142
-712
-358
-91
201
534
781
856
811
726
606
456
335
289
273
230
175
156
159
119
27
-78
-179
-301
-418
-435
-314
-125
57
250
502
771
967
1077
1166
1252
1297
1294
1308
1392
1509
1593
1643
1684
1702
1655
1540
1384
1198
961
684
423
213
54
-61
-126
-153
-192
-261
-331
-464
-859
-1693
-2828
-3876
-4561
-4920
-5077
-4954
-4433
-3695
-3137
-2854
-2474
-1703
-834
-396
-430
-408
31
676
1213
1776
2632
3551
3971
3794
3560
3664
3768
3357
2561
1974
1796
1656
1318
1069
1185
1367
1139
565
143
35
-139
-642
-1175
-1304
-1067
-825
-662
-318
274
804
1001
1025
1151
1311
1218
844
466
266
119
-93
-275
-321
-336
-497
-766
-976
-1107
-1304
-1625
-1933
-2101
-2148
-2160
-2132
-2005
-1783
-1543
-1336
-1132
-891
-654
-508
-479
-477
-402
-249
-71
97
272
455
609
704
733
712
641
499
288
72
-69
-127
-150
-148
-95
3
91
155
229
302
323
288
253
242
244
291
424
633
855
1051
1211
1336
1434
1517
1571
1581
1590
1641
1684
1636
1520
1398
1249
1006
730
537
397
201
-33
-166
-165
-174
-326
-646
-1163
-1952
-2962
-3946
-4656
-5069
-5259
-5175
-4749
-4139
-3604
-3130
-2478
-1638
-924
-551
-335
-41
304
621
1080
1848
2722
3316
3569
3738
3965
4098
3992
3711
3344
2861
2269
1744
1451
1340
1221
1029
807
579
314
19
-256
-525
-843
-1149
-1291
-1219
-1036
-804
-467
-30
352
594
800
1045
1191
1096
862
655
458
186
-108
-293
-399
-550
-734
-859
-941
-1080
-1280
-1478
-1665
-1857
-2006
-2056
-2046
-2029
-1963
-1790
-1539
-1282
-1045
-823
-639
-488
-328
-145
14
137
253
372
473
565
675
767
791
744
657
542
409
280
175
82
3
-35
-21
23
84
166
250
310
339
351
354
363
407
509
648
792
937
1107
1288
1443
1547
1605
1644
1668
1660
1607
1529
1433
1301
1143
979
810
606
377
162
-29
-204
-371
-546
-789
-1165
-1716
-2450
-3305
-4115
-4694
-5006
-5124
-5048
-4715
-4213
-3747
-3315
-2708
-1885
-1139
-692
-385
37
558
1051
1592
2319
3087
3591
3795
3943
4153
4267
4149
3871
3550
3177
2713
2252
1908
1671
1417
1078
704
361
42
-291
-615
-883
-1107
-1303
-1415
-1376
-1210
-987
-710
-353
8
272
467
684
887
952
872
755
628
446
225
49
-79
-233
-421
-598
-778
-999
-1219
-1396
-1573
-1782
-1962
-2059
-2124
-2188
-2154
-1957
-1708
-1524
-1358
-1126
-888
-739
-616
-400
-130
66
182
332
543
727
835
912
982
1002
941
837
743
665
581
480
385
323
294
270
240
218
210
191
161
138
140
159
189
254
375
543
717
868
993
1110
1217
1295
1340
1379
1427
1461
1450
1409
1365
1305
1188
1007
795
589
389
198
15
-149
-297
-466
-722
-1120
-1678
-2389
-3208
-4001
-4591
-4907
-5021
-4976
-4720
-4282
-3829
-3434
-2940
-2236
-1518
-1032
-681
-192
463
1078
1628
2313
3139
3800
4089
4180
4313
4423
4307
3991
3678
3408
3044
2575
2188
1974
1782
1447
1006
577
159
-296
-738
-1077
-1337
-1570
-1736
-1736
-1580
-1365
-1114
-794
-448
-180
11
212
432
566
588
577
580
536
430
344
306
236
78
-110
-277
-469
-729
-996
-1199
-1366
-1546
-1711
-1795
-1805
-1813
-1837
-1826
-1749
-1637
-1527
-1410
-1242
-1032
-813
-592
-336
-42
226
408
531
656
767
817
825
835
839
788
703
658
666
661
603
531
480
434
366
294
252
240
240
239
249
291
362
430
481
543
641
744
811
878
986
1111
1184
1214
1265
1336
1363
1332
1289
1231
1109
922
733
577
434
284
143
21
-102
-277
-560
-958
-1444
-2027
-2755
-3565
-4207
-4513
-4605
-4668
-4621
-4281
-3786
-3469
-3320
-2965
-2303
-1687
-1348
-992
-289
607
1353
1973
2722
3549
4089
4200
4143
4186
4243
4093
3771
3499
3353
3189
2910
2610
2376
2107
1650
1039
434
-90
-559
-977
-1295
-1504
-1627
-1659
-1599
-1499
-1406
-1278
-1099
-941
-849
-725
-469
-146
105
265
428
608
706
684
621
590
547
401
157
-66
-184
-243
-349
-517
-661
-771
-961
-1278
-1569
-1697
-1744
-1864
-1994
-1952
-1758
-1610
-1554
-1419
-1144
-905
-803
-704
-471
-175
42
205
423
688
885
965
991
1025
1046
1004
912
841
829
837
803
735
686
667
610
498
384
328
310
268
213
215
297
383
415
439
512
607
660
684
748
848
921
961
1018
1105
1156
1138
1070
979
859
733
643
569
471
353
243
134
-41
-323
-684
-1118
-1689
-2456
-3285
-3884
-4092
-4077
-4106
-4143
-3963
-3600
-3384
-3421
-3344
-2852
-2212
-1835
-1602
-1010
11
969
1556
2052
2749
3394
3573
3411
3416
3744
4018
3952
3764
3780
3914
3818
3422
2995
2698
2350
1750
1035
508
246
34
-295
-661
-911
-1063
-1264
-1552
-1788
-1852
-1791
-1730
-1699
-1581
-1305
-943
-670
-566
-525
-398
-175
-3
28
59
253
520
602
476
400
494
505
207
-198
-358
-306
-383
-668
-871
-843
-835
-1085
-1416
-1540
-1500
-1548
-1702
-1727
-1522
-1263
-1117
-1019
-849
-638
-492
-418
-319
-143
79
281
433
559
699
859
985
1020
996
991
1023
1020
967
936
978
1022
972
854
764
735
701
620
537
509
507
481
446
452
495
506
449
390
398
460
508
526
566
642
694
681
637
627
637
616
556
487
435
392
324
181
-78
-425
-799
-1206
-1740
-2389
-2914
-3078
-2968
-2924
-3113
-3315
-3293
-3141
-3135
-3272
-3235
-2845
-2298
-1873
-1519
-982
-223
489
920
1175
1501
1949
2361
2635
2885
3258
3695
3984
4023
3920
3822
3725
3522
3194
2868
2642
2453
2209
1905
1591
1252
818
305
-171
-541
-849
-1150
-1400
-1548
-1636
-1750
-1878
-1929
-1914
-1941
-2043
-2079
-1910
-1598
-1328
-1186
-1092
-964
-831
-741
-657
-512
-314
-136
-1
125
245
310
290
223
152
76
6
-26
-8
16
2
-50
-124
-223
-366
-527
-662
-747
-777
-748
-674
-587
-524
-495
-474
-447
-416
-372
-289
-161
-11
127
251
382
512
608
655
685
738
815
902
983
1052
1094
1087
1037
980
933
871
772
673
615
591
554
501
469
455
427
380
357
384
404
371
317
300
300
263
199
171
190
195
142
67
5
-61
-178
-348
-536
-719
-911
-1140
-1412
-1687
-1877
-1915
-1854
-1839
-1950
-2103
-2159
-2106
-2046
-2026
-1971
-1813
-1583
-1341
-1082
-761
-421
-154
23
191
428
713
993
1246
1490
1730
1934
2090
2220
2341
2442
2499
2508
2495
2499
2512
2496
2406
2250
2059
1850
1624
1387
1189
1045
906
721
504
319
176
15
-180
-377
-547
-729
-936
-1098
-1154
-1158
-1229
-1405
-1593
-1708
-1774
-1850
-1924
-1954
-1946
-1938
-1920
-1855
-1753
-1674
-1642
-1608
-1540
-1445
-1331
-1169
-968
-793
-680
-568
-391
-181
-10
107
234
395
544
651
741
840
928
977
1003
1037
1072
1091
1087
1071
1038
979
907
860
845
836
784
683
583
530
513
467
344
182
68
30
28
18
5
19
58
102
133
154
166
172
174
190
226
277
315
324
321
326
338
331
297
255
235
234
232
216
197
174
137
78
3
-77
-157
-229
-284
-332
-398
-491
-595
-689
-782
-880
-976
-1041
-1065
-1077
-1103
-1142
-1180
-1208
-1227
-1236
-1233
-1214
-1167
-1082
-962
-822
-669
-514
-363
-223
-98
31
171
314
431
524
617
716
809
878
939
1021
1104
1153
1172
1197
1238
1279
1291
1277
1255
1233
1207
1180
1159
1140
1108
1056
988
905
815
720
622
511
387
268
173
99
20
-82
-206
-343
-484
-617
-733
-829
-916
-1002
-1076
-1116
-1124
-1127
-1148
-1179
-1196
-1178
-1142
-1095
-1040
-983
-938
-907
-869
-808
-735
-676
-629
-568
-473
-360
-261
-181
-109
-36
27
75
129
197
271
326
359
387
428
477
513
525
524
526
542
564
582
602
615
615
597
576
570
569
550
514
477
454
429
390
345
306
269
221
167
121
95
76
48
18
2
6
9
-1
-10
-7
6
8
-6
-19
-25
-29
-36
-42
-43
-43
-56
-83
-115
-144
-169
-198
-232
-260
-281
-299
-316
-333
-343
-354
-367
-383
-395
-408
-428
-462
-497
-524
-541
-552
-556
-548
-522
-483
-440
-396
-352
-303
-258
-214
-160
-84
6
95
178
255
336
412
474
525
574
624
664
688
701
714
723
713
685
653
624
591
553
511
468
421
367
316
275
239
203
166
137
111
85
51
16
-13
-42
-72
-106
-136
-161
-181
-206
-233
-258
-273
-288
-302
-319
-335
-348
-362
-378
-398
-414
-425
-429
-426
-420
-409
-396
-385
-374
-360
-345
-325
-304
-277
-243
-205
-167
-126
-82
-42
-13
11
35
56
76
90
109
128
142
149
151
148
137
123
105
86
70
55
42
32
26
21
17
15
18
23
27
34
46
59
75
92
111
132
152
169
185
199
212
221
232
244
259
272
284
297
305
306
304
299
291
276
254
234
211
186
155
118
83
45
5
-37
-77
-118
-154
-191
-225
-252
-271
-287
-295
-301
-301
-295
-292
-289
-284
-278
-261
-240
-220
-197
-174
-148
-128
-114
-104
-95
-85
-78
-73
-64
-54
-46
-39
-33
-25
-19
-13
-6
1
10
23
36
51
67
84
101
118
134
146
157
171
178
189
198
205
215
222
230
236
236
236
231
224
212
198
183
171
157
146
129
111
91
69
42
13
-13
-37
-59
-78
-95
-112
-130
-149
-168
-189
-208
-221
-233
-241
-245
-247
-244
-243
-244
-241
-239
-232
-225
-217
-205
-192
-176
-158
-142
-127
-113
-102
-90
-81
-74
-64
-56
-45
-33
-25
-14
-6
1
9
17
23
32
43
56
72
89
107
126
141
158
175
191
209
221
233
246
255
264
271
267
264
260
250
238
223
205
190
170
151
127
104
85
63
39
16
-5
-25
-46
-66
-85
-99
-112
-124
-135
-146
-152
-159
-166
-169
-173
-174
-171
-169
-167
-165
-164
-158
-150
-145
-137
-126
-112
-100
-88
-77
-67
-56
-48
-40
-30
-23
-15
-3
7
16
26
31
37
42
45
49
52
58
62
68
76
85
91
98
103
108
110
113
115
114
118
121
123
123
119
114
109
102
94
82
73
65
52
41
26
13
0
-19
-38
-53
-66
-81
-97
-111
-122
-129
-137
-145
-150
-154
-154
-154
-152
-147
-142
-136
-124
-112
-102
-91
-79
-62
-52
-44
-34
-22
-12
-4
8
22
31
38
45
48
51
50
49
48
49
49
48
47
49
50
50
45
45
51
53
47
46
56
70
72
69
79
96
97
87
88
102
101
85
81
96
101
74
55
67
70
41
12
15
22
7
-15
-24
-24
-34
-44
-50
-58
-82
-98
-86
-81
-107
-136
-129
-105
-112
-137
-147
-137
-121
-108
-125
-148
-149
-101
-61
-85
-132
-112
-52
-32
-64
-76
-66
-51
-39
-23
-44
-63
-38
-5
-5
-43
-45
-4
30
63
44
8
12
138
235
152
75
140
298
361
280
244
246
413
476
388
256
278
473
483
339
144
193
361
324
170
-23
34
65
3
-99
-138
-143
-303
-340
-283
-229
-347
-471
-444
-363
-341
-430
-408
-353
-334
-383
-343
-237
-251
-284
-287
-164
-127
-179
-237
-210
-56
-8
-134
-244
-133
22
-69
-91
4
-22
-230
-124
255
188
-132
-149
126
229
197
218
100
113
304
419
318
236
379
460
418
381
369
478
493
453
364
338
449
441
370
187
156
310
278
154
-89
-64
19
74
-32
-345
-368
-238
22
-168
-631
-572
-114
-26
-502
-609
-329
-193
-197
-324
-423
-361
-196
-83
-144
-304
-364
-114
116
-76
-317
-284
34
213
-8
-335
-233
151
296
-22
-321
-164
267
338
-97
-217
51
225
189
165
70
-82
189
444
275
10
164
409
317
155
162
390
394
265
40
227
384
334
116
69
147
110
221
184
-53
-176
-90
153
-6
-292
-212
39
-83
-468
-357
-11
-44
-254
-427
-193
-16
-166
-312
-213
90
-88
-305
-246
35
33
-174
-38
-37
-213
-317
-17
202
-38
-371
-307
177
84
-321
-273
189
153
-174
-235
41
229
71
-31
62
187
38
39
222
295
281
-90
-4
343
502
142
51
227
127
204
316
277
57
113
365
305
-112
-280
249
631
151
-599
-399
413
574
-132
-733
-425
249
449
-287
-686
-237
301
31
-400
-389
-300
28
243
33
-525
-510
36
312
218
-340
-607
-187
534
360
-358
-530
65
430
-57
-499
-156
538
278
-302
-454
80
305
100
-113
-100
145
123
27
-118
141
261
75
-95
26
306
179
90
51
270
204
-70
-45
250
516
59
-240
-68
364
238
-156
-206
45
277
39
-262
-247
99
292
-8
-390
-449
70
347
72
-230
-244
-104
-81
-4
-73
-82
-42
-197
-271
-72
131
-64
-377
-249
1
4
-294
-234
108
208
-145
-483
-220
261
405
-37
-383
-196
261
358
166
-59
-150
82
355
243
-70
-34
306
329
-53
-152
166
263
113
158
98
-37
-93
77
250
261
-22
-229
6
237
187
-181
-172
143
201
-149
-217
116
100
-4
38
-4
-254
-241
107
153
57
-75
-180
-357
-148
323
159
-365
-330
296
236
-212
-313
105
257
-97
-387
-87
425
241
-173
-251
-60
27
-10
-91
-125
-18
-5
-131
-246
-248
-192
37
80
-121
-283
-56
355
333
-100
-442
-107
424
428
-37
-216
142
456
242
-106
68
533
647
233
-86
71
289
186
-218
-386
40
412
92
-464
-361
136
76
-283
-453
-186
238
262
-191
-539
-117
306
58
-467
-317
242
435
118
-222
-165
13
187
20
-135
-33
204
192
19
-28
-113
-154
-20
136
-45
-133
52
203
-51
-235
-118
4
-23
-156
-95
43
67
-81
15
69
-123
-206
79
359
198
-83
-276
-96
161
233
58
-107
-74
144
353
166
-125
-149
64
-92
-278
15
384
306
-33
-166
-181
-17
222
273
50
-149
-202
-103
67
137
35
-125
-192
-130
127
294
228
-82
-241
-256
-179
-105
26
321
249
-182
-541
-163
325
367
-8
-336
-221
64
239
3
-18
108
109
-177
-293
-23
260
285
-18
-199
-155
61
124
66
-90
-152
-64
-5
-18
-15
107
124
-51
-245
-156
183
361
165
-117
-165
3
163
127
-3
-18
104
128
-14
-98
62
229
104
-211
-223
105
252
16
-266
-205
-18
9
-146
-175
-33
97
-40
-274
-231
73
222
-62
-310
-126
255
222
-144
-219
99
226
-38
-142
72
204
63
-64
-23
121
245
164
23
58
195
163
19
-4
95
180
105
-65
-59
121
119
-135
-279
-123
71
45
-116
-154
-52
-37
-203
-269
-139
-6
-24
-63
-46
-26
-26
-39
-29
-55
-91
-55
173
301
133
-91
-39
89
-1
-127
-29
233
294
92
-156
-152
21
39
-171
-248
41
337
277
-13
-138
-87
-96
-216
-219
38
334
338
-9
-262
-118
101
-4
-192
-68
202
281
167
32
-37
-21
5
-42
-77
49
255
296
94
-148
-204
-85
44
81
17
-36
39
123
12
-218
-253
-105
-19
-52
-36
66
76
-72
-271
-354
-232
43
178
43
-108
-34
48
-73
-172
-69
90
140
157
179
185
135
8
-124
-119
68
260
293
154
-3
-96
-140
-165
-89
77
172
100
-48
-111
-76
-35
-81
-142
-124
-51
3
45
69
2
-154
-260
-191
-18
125
176
175
119
18
-46
3
112
165
141
134
208
239
150
53
53
45
-28
-39
65
157
139
21
-140
-248
-227
-116
-44
-49
-80
-128
-236
-328
-276
-119
-25
-66
-127
-113
-77
-95
-115
-70
-5
4
8
100
208
196
76
4
29
82
133
228
310
244
73
-13
20
44
35
65
110
83
-10
-78
-83
-66
-84
-121
-105
-30
10
-16
-44
-39
-47
-80
-69
19
124
150
118
85
61
37
34
84
168
211
166
80
29
22
3
-50
-86
-77
-59
-82
-122
-142
-168
-230
-281
-270
-231
-199
-153
-113
-159
-252
-251
-123
-8
-8
-38
8
95
120
77
71
151
236
225
140
116
215
297
223
86
69
164
192
107
28
27
25
-39
-111
-102
-31
-2
-67
-146
-141
-73
-51
-81
-76
-20
6
-27
-44
22
103
98
20
-22
25
95
114
92
81
73
45
1
-11
55
146
144
3
-128
-93
45
96
17
-65
-71
-70
-112
-151
-133
-87
-75
-115
-149
-119
-43
-2
-65
-175
-186
-61
75
93
18
-34
-20
12
30
62
122
172
159
86
13
12
77
116
77
25
31
65
44
-35
-100
-112
-87
-47
-15
-14
-43
-75
-99
-113
-110
-66
-3
25
12
14
41
51
31
16
34
62
73
69
63
63
73
82
75
49
23
11
14
33
52
38
-18
-76
-88
-73
-68
-80
-83
-80
-91
-105
-88
-56
-54
-86
-101
-75
-43
-20
0
14
19
29
63
98
116
130
130
94
54
71
121
137
123
80
-80
-348
-469
-248
66
87
-143
-268
-210
-184
-231
-176
-16
50
-11
-27
85
189
181
135
118
122
160
289
457
494
346
189
166
210
211
221
312
369
241
23
-49
47
105
16
-83
-86
-74
-132
-211
-248
-272
-329
-386
-378
-311
-222
-162
-185
-281
-365
-343
-231
-115
-31
18
15
-66
-159
-161
-67
34
90
116
126
101
56
47
72
75
55
89
185
245
207
129
92
64
9
-8
81
202
221
134
33
-29
-79
-103
-63
12
35
-10
-58
-69
-82
-111
-121
-94
-61
-31
23
92
109
44
-43
-65
-7
88
156
158
94
17
-14
-3
-4
-37
-50
-27
-15
-40
-63
-62
-88
-163
-214
-172
-60
24
30
-27
-100
-141
-114
-40
20
60
91
109
70
-12
-49
-1
65
71
49
64
103
86
11
-35
-5
47
61
65
97
130
102
35
4
32
72
91
98
101
84
47
14
6
15
29
46
49
33
16
20
37
32
-1
-15
2
27
31
15
1
-8
-29
-58
-77
-75
-66
-69
-87
-105
-113
-110
-114
-126
-135
-124
-102
-96
-106
-104
-85
-68
-70
-77
-75
-60
-35
-11
-2
-8
-7
4
5
-6
0
46
91
79
30
3
19
46
54
60
78
89
75
45
28
33
48
55
55
65
90
100
80
38
10
22
55
83
90
91
85
65
31
4
6
33
56
57
51
34
-7
-65
-92
-64
-12
15
2
-26
-51
-81
-112
-115
-82
-33
-4
-2
-15
-40
-64
-78
-77
-57
-31
-11
-6
-4
4
4
-31
-91
-122
-83
6
81
92
42
-42
-116
-132
-65
40
111
97
31
-27
-51
-43
-22
14
52
66
52
27
17
16
9
1
4
27
62
85
74
44
23
17
11
10
39
87
109
83
40
17
22
31
37
45
58
68
68
54
23
-12
-29
-20
6
37
57
51
9
-47
-81
-74
-44
-17
-5
-8
-25
-60
-97
-113
-99
-70
-47
-44
-53
-55
-61
-74
-92
-93
-66
-35
-24
-31
-32
-21
-19
-42
-64
-59
-31
-6
2
6
13
11
-16
-48
-55
-29
7
29
30
21
15
3
-13
-18
-2
29
48
50
44
42
41
36
32
40
53
65
69
68
66
61
54
44
43
50
65
76
73
54
37
27
24
26
34
43
46
36
21
8
2
1
-3
-5
-3
3
10
8
-13
-36
-44
-40
-35
-33
-26
-16
-19
-38
-60
-72
-71
-66
-58
-43
-28
-27
-41
-62
-78
-80
-64
-39
-18
-10
-17
-29
-44
-57
-56
-37
-8
13
17
12
-2
-16
-25
-21
-1
26
45
47
39
25
18
20
24
33
45
56
63
61
49
40
32
28
35
45
58
65
56
40
21
8
8
13
24
27
24
16
2
-16
-33
-39
-34
-24
-11
-5
-7
-16
-29
-39
-40
-32
-16
-6
-5
-9
-15
-18
-23
-23
-19
-13
-3
2
1
1
-5
-10
-13
-14
-9
0
9
12
7
-6
-21
-27
-22
-9
5
14
13
6
-3
-11
-12
-8
-2
2
4
4
1
-2
-9
-15
-16
-9
3
14
18
15
6
-1
-4
-2
3
10
14
14
11
5
-3
-8
-7
-2
6
13
15
15
13
8
4
4
3
6
8
10
13
12
9
5
-1
-2
1
3
7
8
6
3
-1
-3
-3
-3
-1
0
2
0
-1
-3
-6
-8
-6
-5
-1
-1
-1
-3
-5
-6
-8
-7
-6
-3
-2
-4
-2
-3
-3
-3
-3
-3
-2
0
0
0
0
0
-1
0
-1
-3
-1
-3
-1
2
1
0
-2
-1
-2
0
0
-1
-2
-2
0
2
4
2
2
-1
-3
-3
-3
0
2
4
4
2
2
3
4
5
7
6
3
1
-2
-4
-2
-2
1
2
2
-1
-4
-5
-7
-6
-4
-2
1
1
1
0
0
0
2
2
2
2
3
0
-1
-2
-2
-1
-2
-1
-4
-3
-2
-1
-2
-2
-2
-2
-2
-1
-1
1
1
1
1
2
3
4
4
5
6
5
4
3
2
1
0
-1
-1
-1
-2
-1
1
-2
-3
-3
-2
-1
0
0
2
2
2
2
0
1
0
1
2
1
2
3
5
3
1
0
-1
0
1
1
1
1
2
1
0
1
1
1
2
3
4
3
2
1
1
-1
0
0
-2
-1
-3
-4
-5
-7
-7
-6
-5
-5
-6
-7
-6
-7
-6
-7
-5
-5
-8
-11
-12
-11
-11
-10
-8
-6
-7
-9
-10
-11
-10
-9
-6
-4
-3
-3
-5
-6
-7
-8
-7
-6
-2
0
1
0
-1
-1
-1
1
3
6
10
9
11
12
10
10
12
14
16
16
15
14
12
11
8
8
8
8
9
8
7
8
6
4
5
4
6
7
6
7
6
6
3
4
2
1
0
0
0
-1
-1
-2
-4
-6
-6
-6
-7
-6
-6
