-13
-13
-12
-12
-10
-9
-8
-5
-3
-2
-1
0
3
6
5
6
7
8
9
10
11
9
10
9
9
8
9
9
10
9
10
10
10
11
11
11
12
12
11
13
13
12
11
10
9
9
7
8
7
7
5
5
4
3
2
2
0
0
-2
-3
-4
-6
-4
-6
-6
-8
-8
-9
-8
-9
-9
-8
-7
-8
-7
-7
-7
-7
-7
-7
-7
-8
-8
-8
-9
-9
-10
-12
-11
-12
-13
-14
-14
-15
-15
-13
-13
-11
-11
-9
-6
-7
-5
-3
-1
0
2
3
5
5
5
8
8
10
11
12
15
15
14
17
18
19
19
19
19
19
20
20
20
21
22
22
22
19
17
16
14
13
11
9
8
6
4
3
0
-2
-3
-5
-6
-6
-7
-9
-10
-10
-9
-8
-8
-8
-7
-7
-7
-8
-6
-9
-10
-12
-13
-14
-17
-17
-20
-21
-21
-24
-23
-25
-25
-26
-27
-26
-26
-26
-26
-26
-23
-18
-17
-14
-12
-12
-8
-5
-4
0
4
8
10
11
15
18
19
20
22
24
26
26
27
30
30
30
29
29
28
26
26
26
25
24
20
20
18
16
14
10
9
8
6
4
3
3
2
-1
-4
-4
-7
-9
-10
-11
-10
-10
-9
-8
-8
-6
-7
-6
-5
-6
-6
-7
-7
-6
-6
-7
-6
-6
-7
-10
-11
-12
-13
-16
-17
-20
-20
-22
-23
-22
-22
-23
-23
-21
-22
-21
-19
-18
-17
-16
-14
-12
-10
-8
-7
-3
-1
2
5
7
10
10
13
14
15
16
18
19
19
22
22
24
24
24
26
24
24
23
22
20
19
18
16
15
14
12
9
8
7
6
5
4
3
3
3
2
2
1
-1
-1
0
-1
0
0
-3
-5
-5
-7
-8
-7
-7
-9
-9
-10
-9
-9
-12
-10
-12
-12
-10
-9
-11
-12
-11
-10
-10
-12
-13
-12
-13
-14
-13
-13
-12
-11
-11
-9
-10
-9
-8
-8
-7
-6
-5
-4
-2
-3
-2
0
-1
3
4
6
7
7
9
10
11
10
11
12
12
13
14
15
16
15
15
14
14
13
12
11
8
10
8
6
5
5
3
1
1
2
1
-1
-1
-1
-1
-1
-1
-1
-1
-2
-2
-1
-1
0
-3
-3
-5
-8
-8
-8
-6
-7
-8
-8
-8
-8
-8
-8
-7
-8
-8
-7
-7
-6
-5
-3
-3
-4
-3
-5
-6
-4
-3
-2
-2
-1
0
1
1
1
1
-1
1
2
1
1
2
2
3
4
4
3
5
7
7
7
7
7
7
10
8
8
11
9
9
7
6
6
5
6
6
5
5
4
5
4
1
2
2
-1
-1
-1
-2
-1
-2
-3
-3
-5
-5
-7
-7
-8
-10
-11
-11
-11
-13
-14
-16
-16
-16
-17
-17
-19
-19
-18
-19
-18
-20
-18
-17
-15
-13
-11
-9
-6
-4
-2
0
2
5
4
9
9
11
13
15
18
17
18
21
22
23
24
26
30
29
30
31
29
32
34
31
31
30
29
29
29
28
25
25
25
25
24
21
21
21
22
19
18
19
18
13
9
9
6
0
-3
-4
-6
-14
-18
-20
-25
-35
-41
-41
-42
-52
-58
-57
-57
-61
-66
-64
-63
-67
-67
-67
-67
-69
-71
-69
-69
-74
-76
-72
-71
-73
-79
-77
-74
-75
-76
-72
-65
-58
-52
-42
-28
-20
-11
-2
9
22
36
48
59
72
85
101
111
112
117
122
129
128
125
129
134
132
131
132
132
127
123
125
124
121
127
134
138
139
145
151
149
142
140
142
137
132
130
136
128
116
115
91
49
23
18
-1
-52
-87
-87
-89
-123
-158
-170
-193
-220
-236
-262
-288
-300
-296
-296
-324
-323
-292
-301
-329
-343
-333
-327
-351
-356
-340
-330
-308
-303
-331
-356
-366
-377
-422
-481
-481
-469
-484
-489
-482
-467
-448
-414
-347
-298
-249
-151
-45
38
113
226
344
430
509
591
690
759
796
834
845
871
916
927
935
936
948
978
967
947
927
897
905
917
900
874
849
839
808
752
699
673
641
596
556
527
486
423
358
296
229
156
87
20
-51
-119
-199
-307
-421
-514
-597
-696
-795
-854
-879
-920
-978
-1019
-1039
-1053
-1055
-1033
-1015
-1008
-985
-960
-972
-1002
-994
-948
-909
-874
-829
-778
-709
-653
-675
-750
-764
-693
-674
-757
-801
-774
-817
-1015
-1318
-1694
-2045
-2117
-1852
-1548
-1380
-1052
-361
297
553
693
1122
1636
1817
1816
2065
2568
2917
2968
2960
3037
3039
2782
2345
1924
1602
1303
1008
798
725
722
702
647
562
454
373
348
324
265
264
440
714
901
984
1101
1251
1244
1010
731
531
252
-246
-735
-918
-937
-1149
-1523
-1743
-1878
-2282
-2824
-2964
-2660
-2434
-2380
-2067
-1449
-1000
-850
-686
-483
-477
-579
-501
-332
-282
-220
-5
154
81
-21
-8
-80
-371
-636
-631
-499
-447
-419
-248
-37
13
-33
25
157
175
150
263
481
633
766
985
1160
1165
1116
1157
1177
1099
1048
1091
1095
1005
972
1017
983
802
612
509
420
291
187
168
165
134
120
156
169
109
-24
-438
-1434
-2779
-3552
-3314
-2855
-2995
-3177
-2385
-1089
-620
-972
-828
116
661
269
29
841
1995
2414
2271
2416
2889
2956
2313
1479
968
650
171
-360
-516
-247
26
17
-122
-227
-344
-471
-503
-497
-566
-502
-34
599
964
1145
1499
1891
1823
1344
1035
1099
1104
749
346
267
349
170
-316
-766
-1016
-1285
-1766
-2235
-2338
-2118
-1961
-2027
-2003
-1590
-1019
-763
-850
-835
-507
-179
-132
-196
-98
93
178
192
252
313
252
65
-181
-392
-483
-444
-389
-402
-410
-323
-203
-169
-189
-130
25
159
239
400
683
949
1073
1105
1165
1249
1300
1299
1258
1205
1178
1171
1132
1040
952
863
691
464
309
254
225
168
117
80
18
-31
-15
17
-25
-140
-189
-120
-56
-70
-79
-15
24
-67
-164
-137
-128
-282
-472
-515
-454
-457
-605
-1097
-2153
-3393
-4033
-3997
-3993
-4223
-3949
-2887
-1901
-1593
-1354
-543
333
497
290
609
1520
2317
2646
2873
3327
3726
3613
3015
2386
1941
1416
660
28
-117
48
123
43
-27
-80
-186
-269
-262
-253
-250
-46
425
935
1337
1757
2245
2540
2427
2104
1905
1840
1641
1222
830
651
513
145
-389
-824
-1157
-1624
-2259
-2818
-3105
-3115
-2917
-2630
-2396
-2213
-1925
-1497
-1100
-812
-511
-141
165
324
423
541
621
556
336
67
-124
-238
-387
-611
-814
-902
-889
-859
-875
-892
-805
-643
-538
-469
-254
126
438
587
740
984
1201
1283
1304
1363
1427
1427
1360
1309
1298
1236
1086
921
810
728
626
497
346
230
227
303
335
313
343
421
411
349
401
514
480
354
367
510
558
446
334
261
164
5
-98
-168
-1035
-3405
-6077
-6556
-4830
-4155
-5671
-6160
-3461
-763
-1457
-3018
-1613
1254
1401
-728
-714
2284
4685
4313
3241
3985
5474
5287
3267
1630
1663
1792
547
-987
-873
434
787
-98
-761
-656
-622
-959
-1044
-826
-697
-404
487
1457
1844
2092
2781
3297
2754
1758
1578
2158
2290
1505
768
855
1171
640
-650
-1504
-1562
-1857
-3001
-3882
-3390
-2374
-2205
-2546
-2136
-1105
-642
-909
-1088
-846
-557
-372
-180
36
346
671
550
-169
-708
-543
-466
-1179
-1895
-1674
-1116
-1171
-1455
-1231
-811
-857
-1139
-1084
-740
-427
-175
122
432
778
1218
1562
1565
1371
1358
1540
1572
1409
1430
1715
1810
1501
1241
1337
1397
1075
671
533
525
470
473
555
558
512
550
544
367
228
293
382
375
459
715
899
927
985
1070
964
675
461
335
114
-105
-129
-110
-269
-419
-441
-834
-1926
-3305
-4620
-6009
-7109
-6975
-5824
-5044
-4907
-4122
-2354
-1118
-1156
-1182
-215
863
1092
1218
2343
4067
5132
5130
4803
4749
4611
3696
2146
963
579
298
-401
-875
-511
-29
-340
-1053
-1296
-1161
-1192
-1177
-684
52
667
1350
2291
3105
3479
3601
3631
3430
2997
2622
2473
2408
2185
1707
1094
544
16
-746
-1737
-2531
-2908
-3181
-3528
-3561
-3038
-2447
-2249
-2157
-1817
-1522
-1547
-1478
-986
-484
-286
-65
357
579
424
224
44
-370
-908
-1197
-1284
-1448
-1614
-1610
-1574
-1633
-1631
-1473
-1357
-1361
-1247
-876
-440
-112
229
693
1105
1269
1321
1497
1720
1763
1687
1743
1914
1969
1878
1787
1727
1608
1422
1230
1060
930
846
740
597
524
531
463
297
220
274
292
250
332
560
744
857
1044
1282
1370
1271
1116
966
832
773
749
615
406
288
205
-78
-544
-1009
-1542
-2322
-3177
-3802
-4400
-5476
-6824
-7399
-6701
-5671
-5363
-5273
-4227
-2502
-1517
-1449
-931
592
1929
2187
2268
3310
4822
5465
5031
4521
4498
4340
3383
2082
1350
1189
808
-7
-572
-459
-217
-446
-909
-1041
-800
-487
-161
319
943
1577
2173
2699
3077
3320
3522
3645
3494
3088
2767
2713
2608
2094
1333
698
170
-586
-1570
-2391
-2830
-3104
-3488
-3823
-3735
-3263
-2892
-2830
-2735
-2432
-2214
-2130
-1806
-1251
-910
-735
-290
245
335
133
109
71
-368
-883
-995
-929
-1087
-1311
-1297
-1178
-1192
-1275
-1297
-1297
-1281
-1141
-834
-458
-80
339
772
1081
1238
1406
1667
1842
1824
1821
2009
2193
2155
2047
2064
2048
1807
1501
1340
1222
1011
826
762
690
546
472
509
505
420
420
554
690
764
866
1019
1144
1219
1277
1292
1210
1104
1076
1024
739
289
13
12
-30
-342
-752
-1078
-1490
-2207
-3094
-3972
-5077
-6674
-8144
-8323
-7156
-6089
-5981
-5735
-4246
-2516
-2063
-2255
-1374
418
1440
1477
2153
4124
5911
6176
5536
5306
5476
4997
3623
2351
1958
1924
1364
460
134
463
442
-437
-1385
-1586
-1323
-1194
-1036
-400
541
1294
1803
2331
2886
3246
3352
3325
3280
3262
3305
3401
3397
3102
2490
1710
889
22
-908
-1794
-2475
-2929
-3275
-3541
-3581
-3381
-3210
-3283
-3456
-3471
-3279
-2971
-2555
-2021
-1442
-904
-443
-93
101
147
68
-117
-338
-510
-588
-590
-576
-626
-772
-962
-1116
-1237
-1374
-1524
-1567
-1412
-1109
-797
-519
-193
200
525
688
820
1093
1435
1652
1757
1928
2182
2321
2266
2154
2092
1991
1772
1538
1418
1378
1284
1118
989
949
908
787
626
545
580
655
698
727
795
870
900
910
958
991
924
783
672
604
515
401
294
134
-135
-446
-709
-985
-1417
-1991
-2553
-3069
-3705
-4591
-5508
-5987
-5783
-5214
-4811
-4679
-4436
-3809
-3004
-2335
-1827
-1342
-808
-167
671
1653
2534
3151
3564
3880
4059
4057
3887
3595
3238
2904
2662
2492
2342
2193
2029
1810
1540
1272
1034
839
705
630
554
461
436
530
652
687
654
658
704
727
712
686
641
528
376
265
199
99
-70
-252
-386
-493
-631
-804
-942
-995
-995
-989
-965
-888
-806
-813
-911
-1029
-1148
-1309
-1491
-1616
-1690
-1794
-1962
-2120
-2209
-2242
-2229
-2154
-2029
-1913
-1833
-1718
-1492
-1196
-945
-764
-580
-376
-193
-10
234
507
724
874
1023
1189
1346
1474
1547
1548
1509
1492
1498
1485
1436
1388
1343
1268
1167
1088
1051
1030
1003
993
1031
1097
1173
1256
1339
1374
1352
1318
1308
1290
1206
1071
941
829
713
584
468
372
267
164
95
58
9
-79
-165
-219
-275
-373
-498
-615
-767
-1038
-1429
-1843
-2186
-2447
-2660
-2869
-3096
-3337
-3540
-3627
-3558
-3378
-3189
-3058
-2965
-2831
-2604
-2293
-1932
-1572
-1264
-1022
-780
-438
6
468
872
1227
1582
1962
2359
2745
3080
3322
3451
3483
3479
3482
3462
3367
3194
3012
2864
2745
2645
2554
2431
2227
1971
1751
1589
1422
1214
994
794
604
410
229
85
-46
-226
-473
-709
-834
-844
-837
-901
-1016
-1108
-1167
-1228
-1316
-1412
-1523
-1695
-1918
-2103
-2168
-2159
-2191
-2285
-2362
-2367
-2347
-2340
-2319
-2241
-2149
-2088
-2022
-1884
-1688
-1502
-1346
-1187
-994
-773
-537
-293
-42
210
436
630
805
980
1138
1234
1275
1315
1371
1417
1434
1443
1450
1437
1407
1392
1416
1461
1512
1552
1591
1649
1725
1786
1801
1790
1793
1787
1738
1671
1638
1619
1544
1407
1270
1183
1110
998
855
725
609
452
235
-7
-239
-507
-891
-1413
-1993
-2497
-2828
-2991
-3101
-3278
-3538
-3787
-3911
-3872
-3698
-3466
-3270
-3166
-3102
-2929
-2551
-2057
-1643
-1402
-1236
-1004
-687
-326
81
542
975
1297
1571
1939
2411
2824
3030
3059
3041
3045
3025
2943
2843
2761
2650
2469
2300
2261
2305
2254
2036
1799
1662
1579
1449
1278
1134
996
799
553
358
265
179
-13
-291
-509
-584
-589
-615
-650
-637
-618
-659
-714
-704
-694
-847
-1182
-1510
-1673
-1704
-1723
-1799
-1924
-2086
-2249
-2350
-2336
-2237
-2171
-2210
-2290
-2258
-2080
-1857
-1706
-1610
-1500
-1387
-1294
-1171
-939
-648
-407
-217
43
412
780
1044
1230
1403
1554
1644
1691
1742
1773
1740
1655
1600
1603
1609
1580
1534
1490
1439
1396
1404
1455
1484
1476
1478
1526
1570
1561
1514
1457
1383
1276
1165
1084
1012
913
808
750
732
687
582
433
262
38
-269
-652
-1112
-1640
-2167
-2563
-2781
-2929
-3136
-3395
-3602
-3697
-3699
-3615
-3430
-3201
-3047
-2982
-2858
-2539
-2101
-1740
-1521
-1332
-1079
-794
-504
-142
327
788
1119
1383
1724
2145
2484
2642
2693
2745
2778
2729
2646
2626
2647
2577
2393
2238
2218
2242
2166
2000
1850
1752
1640
1496
1379
1305
1181
936
641
435
339
249
76
-139
-302
-376
-397
-401
-397
-396
-443
-564
-714
-817
-865
-937
-1090
-1287
-1452
-1567
-1662
-1741
-1788
-1814
-1860
-1913
-1914
-1853
-1798
-1791
-1784
-1724
-1649
-1607
-1576
-1505
-1412
-1340
-1263
-1115
-908
-722
-592
-453
-254
-39
139
303
503
713
868
982
1114
1258
1339
1349
1352
1385
1418
1420
1429
1476
1528
1551
1554
1561
1561
1527
1470
1427
1401
1357
1298
1250
1218
1168
1089
1003
927
841
739
649
590
536
457
366
280
181
14
-258
-640
-1102
-1544
-1854
-2012
-2141
-2375
-2695
-2965
-3101
-3121
-3044
-2877
-2703
-2644
-2688
-2619
-2298
-1851
-1511
-1322
-1146
-911
-660
-394
-21
449
845
1075
1276
1615
2041
2365
2513
2575
2609
2574
2470
2378
2327
2240
2055
1840
1704
1659
1620
1517
1355
1169
1007
890
802
714
611
495
366
237
155
155
172
107
-51
-194
-240
-213
-200
-224
-271
-344
-443
-538
-593
-649
-781
-1011
-1277
-1495
-1631
-1689
-1711
-1728
-1760
-1801
-1815
-1774
-1687
-1595
-1535
-1490
-1408
-1267
-1093
-925
-769
-636
-541
-473
-380
-227
-60
63
151
273
436
585
684
746
784
777
738
718
749
792
798
790
819
879
928
955
983
1010
1018
1028
1075
1171
1268
1331
1372
1401
1402
1355
1288
1241
1197
1122
1022
945
902
855
762
639
515
376
172
-100
-421
-817
-1315
-1832
-2192
-2324
-2360
-2494
-2747
-2985
-3107
-3121
-3032
-2825
-2573
-2426
-2408
-2329
-2016
-1557
-1177
-958
-789
-586
-368
-134
199
629
1017
1257
1437
1706
2048
2320
2455
2509
2533
2500
2400
2301
2251
2193
2043
1828
1660
1606
1597
1540
1406
1243
1101
992
907
842
786
683
499
280
147
142
161
84
-76
-212
-287
-357
-442
-487
-486
-546
-736
-953
-1043
-1019
-1046
-1199
-1393
-1547
-1683
-1816
-1860
-1768
-1647
-1641
-1715
-1721
-1606
-1475
-1413
-1399
-1391
-1392
-1393
-1319
-1146
-957
-836
-761
-646
-463
-255
-56
120
257
351
451
623
845
1024
1111
1144
1186
1248
1310
1368
1418
1433
1407
1382
1414
1493
1559
1584
1564
1522
1475
1447
1441
1430
1375
1275
1161
1062
985
927
882
827
740
629
541
487
411
245
-36
-427
-928
-1481
-1935
-2153
-2215
-2339
-2629
-2962
-3185
-3275
-3275
-3150
-2919
-2735
-2727
-2764
-2573
-2108
-1606
-1272
-1062
-841
-585
-337
-44
373
834
1165
1338
1529
1872
2285
2579
2695
2720
2721
2681
2592
2505
2445
2336
2111
1831
1650
1624
1647
1577
1409
1223
1066
917
773
678
609
471
216
-46
-168
-153
-146
-252
-408
-514
-572
-633
-668
-623
-582
-672
-872
-993
-950
-889
-976
-1177
-1348
-1454
-1565
-1682
-1726
-1708
-1739
-1849
-1895
-1773
-1557
-1405
-1354
-1315
-1248
-1178
-1100
-966
-797
-685
-643
-571
-393
-156
60
246
425
567
653
749
916
1100
1193
1197
1196
1237
1278
1297
1322
1352
1341
1296
1282
1336
1404
1425
1414
1416
1431
1432
1423
1416
1375
1267
1136
1050
1004
922
777
621
505
413
318
240
193
132
-3
-219
-512
-924
-1471
-2029
-2391
-2474
-2425
-2453
-2613
-2821
-2991
-3082
-3039
-2830
-2563
-2431
-2473
-2482
-2254
-1829
-1416
-1109
-843
-575
-336
-122
166
563
924
1123
1245
1500
1926
2349
2596
2684
2719
2741
2745
2752
2780
2717
2406
1853
1290
971
942
1063
1189
1259
1250
1161
1048
1016
1079
1103
931
581
232
36
1
63
183
327
410
359
207
46
-119
-365
-729
-1115
-1414
-1596
-1690
-1705
-1666
-1670
-1814
-2059
-2250
-2303
-2284
-2291
-2333
-2331
-2233
-2022
-1687
-1259
-855
-620
-578
-599
-556
-457
-383
-367
-371
-348
-248
-34
279
574
724
719
654
613
609
621
628
613
575
578
704
942
1179
1311
1332
1302
1286
1322
1436
1594
1739
1852
1977
2163
2399
2607
2712
2667
2466
2166
1877
1663
1496
1301
1061
825
614
371
-17
-676
-1697
-3051
-4469
-5508
-5858
-5618
-5227
-5051
-5087
-5054
-4708
-4038
-3227
-2545
-2223
-2267
-2312
-1830
-628
901
2123
2758
3020
3240
3522
3789
3904
3731
3193
2442
1893
1867
2242
2540
2427
1990
1529
1188
882
485
-44
-662
-1260
-1608
-1481
-914
-241
199
394
583
913
1269
1457
1414
1241
1075
1024
1143
1397
1649
1742
1624
1398
1177
928
514
-111
-799
-1365
-1779
-2100
-2350
-2488
-2530
-2541
-2553
-2570
-2630
-2781
-2966
-3004
-2778
-2374
-1956
-1570
-1132
-588
-22
436
725
836
775
608
463
416
405
334
232
213
294
362
337
241
119
-16
-159
-266
-309
-292
-207
-20
248
516
732
915
1099
1262
1363
1402
1418
1452
1531
1675
1867
2056
2185
2252
2291
2293
2200
1995
1735
1479
1226
946
668
453
313
219
142
72
-27
-204
-477
-876
-1515
-2501
-3737
-4856
-5493
-5607
-5447
-5233
-4938
-4422
-3728
-3091
-2663
-2325
-1859
-1263
-764
-481
-187
439
1400
2369
3080
3542
3828
3900
3730
3435
3111
2718
2201
1672
1308
1132
1020
917
872
877
777
424
-75
-460
-623
-743
-935
-1030
-791
-289
218
651
1135
1686
2100
2234
2184
2110
2025
1849
1566
1279
1101
1013
907
738
554
347
2
-505
-1017
-1423
-1826
-2321
-2762
-2943
-2893
-2791
-2685
-2503
-2263
-2107
-2073
-2047
-1919
-1697
-1461
-1247
-1020
-716
-337
30
312
522
677
707
561
332
158
42
-88
-232
-318
-325
-276
-175
-38
77
125
134
123
89
54
89
203
338
461
622
847
1102
1339
1532
1671
1760
1825
1868
1883
1884
1895
1896
1849
1790
1772
1758
1669
1499
1309
1094
825
533
317
196
95
-34
-170
-292
-456
-751
-1239
-1948
-2820
-3677
-4329
-4741
-4976
-5007
-4736
-4217
-3704
-3300
-2812
-2071
-1285
-774
-515
-215
229
640
959
1385
2028
2636
2917
2946
3015
3182
3183
2873
2429
2064
1724
1276
829
600
574
520
338
148
57
-1
-122
-288
-417
-472
-479
-452
-340
-64
356
780
1103
1380
1695
1958
2008
1862
1681
1508
1222
814
486
343
214
-56
-344
-475
-551
-799
-1171
-1447
-1596
-1814
-2145
-2372
-2380
-2328
-2359
-2360
-2168
-1864
-1617
-1414
-1129
-805
-596
-500
-365
-151
15
81
140
244
321
315
296
320
317
204
35
-85
-140
-188
-242
-245
-184
-111
-55
21
151
294
396
461
527
621
733
850
972
1094
1207
1297
1375
1466
1570
1654
1699
1715
1726
1720
1676
1600
1506
1387
1219
1018
836
693
563
418
284
177
45
-179
-494
-896
-1476
-2291
-3173
-3861
-4298
-4631
-4842
-4729
-4297
-3861
-3579
-3196
-2497
-1717
-1201
-886
-471
58
474
780
1237
1915
2522
2818
2920
3077
3288
3324
3106
2797
2535
2216
1714
1182
865
750
604
333
98
-9
-102
-271
-440
-528
-586
-677
-743
-703
-536
-249
118
484
815
1161
1530
1802
1885
1853
1793
1660
1391
1065
814
627
394
98
-174
-365
-551
-810
-1121
-1405
-1643
-1884
-2139
-2336
-2413
-2428
-2444
-2401
-2223
-1963
-1737
-1529
-1254
-956
-739
-588
-397
-168
3
97
186
298
394
452
477
477
442
375
276
157
63
15
-28
-95
-148
-149
-122
-97
-46
60
179
270
355
466
594
712
823
945
1077
1205
1315
1417
1539
1677
1775
1799
1777
1749
1692
1584
1453
1334
1201
1026
844
701
582
446
295
162
50
-82
-285
-587
-994
-1549
-2266
-3044
-3666
-4042
-4288
-4449
-4384
-4019
-3574
-3253
-2919
-2344
-1643
-1134
-845
-504
-6
459
784
1141
1693
2301
2698
2834
2899
3024
3090
2918
2557
2227
1988
1657
1193
833
724
677
475
211
70
-5
-174
-410
-568
-622
-654
-686
-660
-515
-240
116
460
753
1037
1323
1508
1526
1456
1404
1347
1192
953
737
591
449
227
-53
-282
-431
-616
-938
-1286
-1482
-1575
-1770
-2054
-2176
-2074
-1993
-2046
-1996
-1692
-1378
-1288
-1251
-1021
-707
-551
-504
-340
-84
65
82
138
295
427
429
352
305
302
265
160
62
45
66
16
-84
-102
-12
52
41
67
190
306
335
364
479
619
699
764
893
1051
1158
1233
1336
1449
1507
1508
1505
1504
1466
1375
1268
1165
1054
936
842
773
695
598
497
382
222
-1
-282
-646
-1139
-1771
-2497
-3199
-3717
-4013
-4182
-4254
-4106
-3717
-3328
-3101
-2851
-2353
-1756
-1362
-1105
-681
-51
523
941
1422
2106
2771
3119
3181
3207
3293
3265
2978
2585
2337
2211
1965
1567
1275
1215
1141
816
387
117
-51
-354
-782
-1077
-1117
-1053
-1022
-962
-742
-387
-51
167
336
563
796
875
797
745
835
953
957
890
876
897
824
600
329
118
-59
-312
-668
-998
-1186
-1309
-1507
-1759
-1884
-1855
-1855
-1976
-2049
-1923
-1743
-1691
-1672
-1484
-1163
-905
-736
-508
-189
72
197
269
374
488
525
479
436
458
500
472
387
349
374
349
228
122
110
108
38
-21
29
154
248
299
378
503
632
717
787
892
1025
1129
1189
1260
1372
1480
1522
1519
1526
1532
1484
1363
1227
1116
1019
899
758
636
551
453
283
34
-266
-629
-1102
-1725
-2455
-3165
-3695
-3984
-4119
-4183
-4114
-3834
-3475
-3238
-3078
-2762
-2262
-1825
-1559
-1241
-653
87
721
1249
1850
2526
3030
3194
3159
3165
3219
3132
2846
2582
2519
2529
2374
2071
1844
1724
1484
992
433
31
-235
-540
-892
-1119
-1097
-945
-858
-842
-731
-482
-266
-231
-258
-141
98
271
327
429
672
928
1053
1063
1059
1048
948
716
415
164
12
-123
-324
-545
-685
-770
-924
-1172
-1429
-1648
-1864
-2072
-2196
-2207
-2135
-2017
-1864
-1709
-1554
-1350
-1109
-920
-805
-678
-493
-310
-154
37
270
466
570
626
686
728
730
706
686
664
637
612
607
622
638
631
598
563
536
511
489
489
523
569
617
677
748
812
851
887
936
978
1010
1061
1147
1232
1282
1298
1303
1289
1229
1127
1023
930
813
656
503
393
286
81
-262
-702
-1214
-1849
-2579
-3213
-3562
-3671
-3754
-3860
-3831
-3608
-3383
-3314
-3276
-3055
-2683
-2345
-2058
-1623
-918
-95
610
1149
1645
2146
2523
2670
2699
2801
2980
3084
3053
3020
3084
3142
3029
2731
2364
2009
1641
1211
764
414
216
69
-142
-392
-545
-589
-664
-858
-1076
-1176
-1148
-1074
-976
-790
-503
-193
51
225
383
549
696
783
812
800
776
765
763
714
559
335
155
37
-120
-370
-622
-799
-987
-1285
-1611
-1800
-1843
-1882
-1986
-2079
-2085
-2028
-1971
-1903
-1796
-1655
-1498
-1324
-1119
-885
-629
-359
-114
66
208
378
586
765
880
962
1054
1129
1161
1170
1192
1214
1198
1142
1092
1062
1048
1029
991
909
785
664
594
560
518
455
405
382
382
402
459
543
618
670
721
787
851
907
953
984
973
915
844
791
757
700
603
494
375
196
-84
-449
-865
-1354
-1937
-2513
-2905
-3061
-3115
-3212
-3359
-3455
-3463
-3447
-3449
-3405
-3222
-2901
-2519
-2113
-1621
-997
-331
225
637
991
1354
1711
2040
2370
2709
3013
3234
3371
3453
3480
3433
3307
3131
2930
2710
2481
2251
2025
1771
1442
1026
583
178
-165
-458
-700
-873
-983
-1051
-1088
-1077
-1025
-978
-964
-961
-922
-823
-683
-522
-356
-217
-137
-121
-128
-104
-43
4
-5
-50
-80
-87
-104
-172
-297
-473
-692
-904
-1047
-1101
-1112
-1143
-1224
-1341
-1464
-1551
-1582
-1572
-1549
-1512
-1428
-1272
-1072
-868
-671
-492
-356
-261
-162
4
232
462
655
816
963
1082
1170
1247
1318
1361
1358
1338
1337
1353
1347
1299
1216
1110
994
885
802
756
722
678
620
564
524
499
474
436
403
388
396
413
429
448
463
450
410
373
343
316
292
293
301
268
171
47
-79
-237
-466
-739
-1015
-1305
-1635
-1946
-2127
-2162
-2171
-2283
-2482
-2654
-2734
-2743
-2723
-2654
-2504
-2286
-2036
-1766
-1451
-1097
-756
-474
-231
37
354
706
1065
1422
1754
2014
2185
2300
2422
2551
2640
2662
2645
2643
2648
2624
2554
2451
2324
2153
1942
1731
1554
1407
1256
1073
873
669
461
252
50
-128
-284
-427
-568
-690
-771
-823
-891
-999
-1130
-1239
-1317
-1385
-1463
-1525
-1537
-1505
-1476
-1481
-1508
-1541
-1566
-1572
-1540
-1461
-1356
-1250
-1141
-1021
-903
-818
-772
-722
-635
-515
-396
-291
-195
-93
5
85
144
195
263
353
463
575
673
744
786
799
793
776
754
726
702
686
680
670
645
604
553
507
478
463
458
458
465
485
506
518
515
505
493
482
478
497
544
597
617
596
565
549
533
481
388
290
233
214
196
152
76
-11
-86
-144
-198
-264
-345
-428
-501
-565
-636
-727
-840
-960
-1060
-1137
-1202
-1263
-1322
-1370
-1414
-1465
-1520
-1554
-1540
-1474
-1371
-1246
-1104
-946
-764
-559
-358
-195
-66
66
231
400
520
593
682
843
1037
1172
1211
1218
1272
1370
1441
1444
1403
1376
1381
1393
1378
1330
1279
1253
1254
1258
1225
1149
1057
972
900
807
673
522
390
281
180
69
-52
-165
-278
-395
-515
-636
-753
-873
-982
-1056
-1096
-1127
-1180
-1250
-1313
-1349
-1372
-1393
-1411
-1413
-1389
-1344
-1287
-1236
-1194
-1162
-1129
-1079
-1001
-889
-752
-602
-461
-340
-229
-117
-1
104
211
321
434
539
625
703
772
824
854
870
890
916
935
939
934
925
912
878
821
760
719
702
686
645
580
516
470
425
360
268
183
126
100
86
67
44
28
31
43
54
51
35
23
25
29
21
-3
-24
-25
-18
-21
-42
-70
-97
-119
-144
-182
-230
-279
-317
-340
-360
-388
-433
-477
-511
-534
-555
-586
-633
-681
-722
-752
-775
-787
-787
-776
-755
-723
-682
-631
-571
-509
-446
-379
-306
-232
-153
-75
2
79
157
246
342
447
549
640
722
802
877
941
985
1011
1022
1013
988
953
919
886
845
791
730
674
620
568
514
468
430
393
351
312
283
254
207
143
84
42
-3
-72
-158
-230
-273
-312
-378
-465
-536
-571
-598
-660
-755
-844
-889
-899
-916
-957
-995
-1000
-959
-912
-887
-872
-835
-762
-671
-590
-523
-456
-370
-272
-184
-110
-46
21
92
160
217
261
296
331
366
396
418
433
446
460
472
470
455
430
412
404
399
385
364
349
350
356
350
333
313
304
308
309
298
279
264
256
244
219
190
170
165
163
156
147
134
129
125
117
101
83
72
73
82
93
105
115
119
121
114
100
79
51
22
-13
-55
-96
-137
-180
-231
-291
-357
-419
-479
-538
-601
-660
-712
-750
-782
-808
-823
-824
-815
-801
-777
-742
-689
-624
-554
-484
-411
-333
-251
-168
-88
-13
60
134
205
274
338
397
453
501
540
573
605
637
665
692
714
739
764
783
790
788
780
773
762
747
731
717
711
699
674
637
587
533
477
415
345
270
201
135
71
-3
-90
-181
-265
-342
-417
-492
-559
-616
-666
-711
-755
-800
-840
-868
-891
-905
-914
-912
-900
-880
-853
-825
-792
-754
-710
-663
-611
-558
-497
-430
-359
-290
-222
-154
-90
-31
20
70
114
158
197
229
257
284
315
340
356
366
374
386
402
416
423
433
452
477
497
511
520
533
549
566
577
585
596
609
624
628
621
609
596
575
550
516
480
442
405
361
309
252
187
119
48
-24
-95
-166
-229
-284
-335
-379
-422
-460
-494
-526
-553
-576
-596
-607
-613
-613
-606
-596
-582
-569
-556
-544
-533
-522
-511
-501
-486
-469
-451
-436
-419
-404
-385
-367
-352
-334
-310
-277
-243
-204
-159
-110
-54
1
53
107
163
223
283
343
397
453
516
574
624
665
702
736
769
796
812
816
824
833
835
822
795
767
739
702
649
583
515
451
386
313
228
143
64
-14
-94
-182
-267
-342
-408
-471
-534
-595
-638
-663
-691
-722
-741
-736
-726
-721
-715
-697
-668
-636
-607
-582
-555
-519
-475
-439
-412
-384
-345
-298
-268
-241
-206
-171
-135
-103
-71
-41
-19
6
50
89
108
124
159
208
247
269
282
307
347
395
418
412
422
466
507
510
485
485
512
522
509
483
459
449
437
421
387
324
275
261
247
193
112
60
48
40
-3
-75
-127
-136
-128
-156
-217
-258
-251
-236
-257
-296
-301
-281
-278
-295
-300
-278
-256
-264
-275
-258
-225
-205
-218
-229
-201
-159
-148
-177
-191
-155
-111
-112
-146
-153
-110
-71
-75
-99
-91
-48
-14
-5
0
26
66
98
125
156
190
217
253
298
329
336
341
384
435
434
401
388
413
434
399
338
301
290
269
214
152
98
45
9
-17
-86
-178
-203
-186
-236
-328
-346
-302
-321
-401
-416
-355
-334
-387
-412
-361
-300
-313
-353
-334
-266
-214
-236
-280
-255
-155
-93
-159
-236
-167
-32
-22
-110
-119
-45
-2
19
46
24
-4
94
205
138
54
180
354
298
147
204
408
486
367
260
345
505
522
404
364
454
486
415
381
425
412
316
290
300
246
185
189
178
45
-62
7
88
-30
-236
-246
-118
-117
-241
-326
-312
-287
-307
-334
-341
-334
-360
-404
-398
-356
-323
-339
-386
-395
-361
-323
-298
-276
-280
-334
-353
-227
-74
-154
-388
-340
23
141
-186
-401
-118
240
204
-72
-189
-16
291
411
172
-99
47
454
569
275
33
219
585
601
303
228
457
570
464
390
426
459
437
391
408
443
333
195
233
312
251
126
1
-106
-28
133
-7
-336
-403
-177
-46
-221
-487
-510
-280
-167
-338
-514
-490
-324
-189
-276
-490
-485
-241
-127
-289
-433
-359
-164
-85
-269
-437
-289
-15
20
-222
-406
-282
83
204
-129
-338
-68
234
149
-26
19
135
200
238
255
242
214
251
324
363
375
369
304
213
355
608
471
69
35
443
654
355
9
33
336
467
205
-74
1
289
298
-17
-153
9
125
-15
-166
-124
-70
-88
-205
-300
-217
-92
-196
-461
-402
-83
-122
-468
-504
-144
-70
-382
-459
-202
-80
-226
-278
-172
-139
-149
-137
-86
-58
-82
-103
-89
-25
-1
23
35
-66
-108
32
179
61
-113
2
171
161
61
26
57
122
259
281
72
-43
229
474
191
-99
105
421
387
72
-132
53
460
471
-90
-379
98
549
230
-220
-127
115
141
110
0
-159
-79
178
172
-164
-289
36
219
-65
-276
-98
45
-50
-130
-131
-127
-124
-98
-110
-190
-210
-161
-102
-53
-140
-335
-314
-39
80
-95
-298
-253
-44
31
-61
-38
-30
-117
-27
106
34
32
147
63
-78
109
292
164
-47
60
314
228
22
18
234
366
83
-80
224
387
46
-107
207
352
157
-96
-68
195
208
11
-18
43
-51
-110
0
21
-21
-134
-276
-173
23
-34
-316
-347
-25
46
-259
-402
-150
71
-48
-273
-267
-63
3
-32
-69
-196
-115
97
78
-86
-100
-38
54
192
52
-184
-16
193
129
-5
38
75
29
87
140
65
9
81
152
59
69
65
22
186
188
-55
-134
148
323
61
-136
-117
157
302
-69
-217
-7
227
153
-144
-147
-15
229
149
-186
-274
-53
488
201
-426
-186
206
250
-76
-180
-29
10
135
-22
-117
-37
-145
-108
-46
-54
-189
-255
105
-19
-307
-322
-222
-29
-27
59
-142
-482
-193
195
359
-151
-590
-137
428
335
-232
-223
211
277
74
-216
-64
306
284
131
-27
-10
117
173
197
28
0
220
164
-41
-96
222
326
-17
-145
-7
174
53
-13
307
113
-358
-295
288
426
-45
-276
-173
105
170
18
-65
-191
-22
149
-47
-235
-22
246
-9
-210
-147
-76
-45
7
159
37
-305
-271
-16
126
124
-78
-276
-184
94
91
-93
-85
-73
-27
-26
-109
-5
108
20
-209
-48
187
-31
-175
-25
262
235
-218
-372
91
535
251
-363
-366
180
508
148
-368
-216
289
417
-56
-591
-150
694
499
-424
-650
43
631
284
-454
-505
327
533
-107
-378
-153
254
324
-193
-484
76
575
76
-383
-177
66
65
48
156
26
-239
-175
130
299
46
-330
-286
329
364
-271
-333
157
237
-25
-209
-188
104
363
119
-361
-313
70
337
220
-205
-275
37
271
41
-277
-120
150
211
162
-194
-419
23
547
141
-521
-270
358
298
-111
-264
-129
233
176
-121
-348
2
542
102
-477
-319
265
447
19
-435
-290
398
458
-248
-434
78
287
143
21
-166
-331
-24
538
408
-462
-655
154
703
234
-511
-540
107
685
306
-570
-703
210
890
241
-780
-673
384
704
68
-582
-432
209
583
180
-460
-468
59
492
210
-382
-456
169
567
108
-344
-254
-20
193
242
-6
-334
-60
373
153
-196
-201
-5
143
163
-59
-181
80
115
-6
-83
-86
-52
54
151
-25
-181
-15
196
158
-214
-236
110
215
-91
-225
238
410
-201
-495
-43
465
200
-403
-322
323
502
-82
-596
-234
472
467
-202
-508
-1
505
265
-325
-510
-37
428
213
-138
-95
-61
-90
43
177
77
-165
-173
59
253
248
-172
-468
-76
338
262
-131
-331
-33
435
353
-407
-657
69
500
150
-204
-215
-38
141
80
-163
-97
197
77
-220
-78
313
327
-232
-525
-53
283
248
-45
-372
47
667
230
-740
-601
338
635
211
-376
-433
98
351
130
-93
-186
-172
-22
356
302
-330
-461
163
492
6
-486
-152
382
424
-22
-430
-241
75
86
163
127
-142
-230
-41
215
217
-96
-212
45
195
-157
-231
244
213
-153
-213
-60
118
154
77
-147
-169
189
154
-285
-406
215
613
-34
-612
-252
340
469
82
-233
-280
-29
184
82
-99
-155
-63
204
240
-171
-466
50
667
288
-576
-594
209
659
220
-450
-526
52
574
343
-333
-448
107
438
154
-252
-256
70
268
13
-336
-159
297
302
-27
-163
-114
-136
-30
245
187
-118
-176
-62
58
135
109
-101
-187
61
153
-53
-177
33
337
74
-370
-353
62
446
300
-268
-515
-88
468
301
-294
-419
78
378
87
-264
-208
176
372
-64
-502
-219
358
409
-9
-311
-203
38
101
52
42
28
-50
-89
32
145
48
-87
-134
-80
58
124
26
60
147
-21
-289
-204
62
200
191
60
-90
-83
-38
34
27
-97
-95
35
153
165
26
-85
-71
-120
-207
-40
244
275
94
-93
-203
-177
-83
38
163
137
-3
-39
-20
10
-100
-231
23
290
88
-153
5
176
17
-221
-236
9
206
148
91
57
-100
-183
-83
3
-6
61
167
117
-42
-142
-92
40
56
-65
-112
49
194
133
-86
-209
-59
107
19
-90
-51
92
211
93
-208
-281
9
284
184
-137
-267
-41
208
149
-40
-150
-99
98
108
-78
-82
94
169
39
-104
-116
-63
37
103
-21
-173
-58
183
115
-139
-127
88
134
-72
-222
36
341
161
-228
-266
-56
74
75
-20
-66
126
262
15
-262
-142
117
97
-46
7
58
29
69
-16
-280
-268
63
225
123
93
99
-26
-143
-139
-96
-38
104
202
115
-13
-70
-86
-72
-86
-104
-29
128
259
260
55
-272
-411
-162
149
180
99
142
170
18
-215
-287
-153
55
158
115
80
107
71
-57
-194
-252
-194
3
281
389
210
-100
-290
-263
-169
-84
89
262
275
150
-31
-227
-293
-127
40
33
35
181
314
197
-149
-393
-337
-115
122
321
343
125
-67
-83
-177
-369
-254
206
474
266
-43
-106
-45
-63
-170
-230
-83
206
376
302
64
-215
-352
-247
-76
43
171
304
309
66
-301
-431
-224
69
206
152
54
75
132
9
-228
-306
-168
47
197
200
122
67
10
-164
-359
-275
76
315
256
80
-25
-92
-181
-201
-96
40
113
143
176
123
-84
-254
-176
4
34
-1
104
260
225
-44
-310
-278
2
180
106
7
70
155
67
-140
-246
-132
82
166
78
-15
13
76
2
-166
-177
24
173
116
-7
-52
-15
23
-24
-103
-57
75
119
62
-11
-67
-70
-23
-18
-46
13
121
130
27
-100
-177
-134
6
107
104
56
13
-22
-52
-59
-43
-11
31
56
39
14
38
35
-87
-188
-86
93
109
5
-27
31
29
-100
-191
-49
196
216
-7
-153
-63
72
59
-44
-69
21
96
56
-25
-38
2
33
26
-20
-45
29
134
100
-68
-150
-42
97
108
15
-54
-43
-5
0
-18
-15
21
54
36
-25
-60
-28
16
3
-60
-62
29
95
39
-55
-73
-46
-37
-26
16
62
77
42
-29
-78
-65
-12
6
-20
-25
16
54
38
-20
-61
-54
-8
30
40
33
36
27
-12
-49
-52
-21
30
67
43
-20
-37
7
36
12
-33
-44
5
75
68
-21
-71
-26
18
-4
-23
22
71
50
-32
-80
-35
50
63
-2
-44
-3
56
52
-6
-47
-22
17
5
-21
10
55
34
-25
-46
-34
-19
7
25
7
-7
0
-9
-36
-35
-6
8
3
-3
0
7
2
-21
-37
-24
6
27
27
16
0
-18
-27
-10
17
16
-7
-16
0
13
22
17
-16
-36
-11
13
11
15
26
9
-22
-25
3
35
39
16
-10
-7
-6
-21
-13
28
52
16
-17
-6
15
8
-20
-30
-7
33
44
17
-10
-14
-15
-23
-16
8
30
33
17
-5
-20
-30
-26
-3
25
22
-5
-14
-4
-1
-17
-28
-23
-11
-2
3
6
6
-10
-30
-31
-20
-11
-7
3
5
-5
-23
-24
-17
-13
-6
10
13
-4
-22
-17
-3
3
8
11
1
-8
2
15
4
-17
-9
20
30
15
2
9
13
5
1
16
28
28
26
17
5
0
12
31
33
17
11
21
28
18
5
13
21
22
28
39
31
3
-18
-13
13
32
28
13
4
7
5
-9
-19
-12
4
11
9
-3
-19
-27
-19
-7
-7
-16
-13
-6
-6
-16
-17
-13
-14
-11
0
3
-15
-28
-19
-6
-7
-11
-3
9
1
-18
-25
-13
-5
-6
-8
0
7
2
-5
-4
0
-13
-25
-20
8
23
15
2
-6
-14
-14
-6
5
7
2
6
12
12
8
3
6
3
-1
-1
14
34
37
15
-15
-26
-15
7
22
25
16
1
-10
-8
-3
-4
-3
1
3
-1
-9
-9
-3
-3
-12
-20
-15
0
9
0
-21
-31
-17
4
16
11
-1
-3
-2
-7
-16
-12
4
14
8
-3
-5
0
0
-9
-16
-11
0
12
14
11
-1
-15
-22
-17
0
15
20
13
2
-7
-12
-11
-2
5
7
6
7
11
7
-2
-5
-5
-1
1
10
18
20
12
2
-2
-2
4
17
23
16
4
-3
-3
-1
-5
-3
3
7
7
4
4
4
-3
-11
-11
-4
6
10
3
-1
0
-3
-5
-7
-2
2
-1
-6
-9
-5
1
-3
-11
-11
-6
