0
0
2
0
2
3
3
1
0
-1
-3
-2
-2
-2
-3
-4
-3
-4
-4
-3
-2
-1
-2
-2
-2
-1
-1
-1
1
2
2
2
3
2
3
3
4
6
6
5
5
6
5
5
5
3
2
1
2
1
1
1
1
2
2
0
0
2
1
0
-1
-3
-3
-3
-1
-2
-3
-3
-2
-1
0
-2
-1
-1
-1
-2
-2
-3
-2
-3
-3
-2
-2
-1
0
1
1
1
3
3
2
1
2
1
2
-1
0
2
2
0
1
0
-2
-3
-3
-2
-4
-4
-6
-5
-5
-3
-2
-2
0
1
0
2
3
3
2
3
4
4
4
4
3
3
2
1
0
0
0
-1
-1
-2
-5
-4
-3
-2
-2
-2
-1
-3
-2
0
1
1
0
2
3
3
2
2
3
3
2
3
2
0
0
0
-1
-2
-1
0
1
1
0
2
2
2
0
2
2
1
1
1
0
-1
-1
-1
0
0
-1
0
-1
-2
-1
-1
0
-2
-3
-2
-1
0
-1
-1
-1
-1
-1
-1
0
-1
1
0
-1
-1
-3
-3
-3
-5
-4
-5
-4
-2
-4
-4
-3
-3
-2
-2
-1
1
1
1
2
2
3
5
5
5
6
6
5
5
5
4
5
4
2
1
-1
-2
-1
-4
-4
-5
-3
-4
-4
-4
-4
-1
0
1
1
1
2
4
3
2
3
3
4
3
3
3
4
3
1
-1
0
1
-1
-1
-1
0
0
0
-1
-1
0
-1
-2
-2
-1
-2
-2
-1
0
-1
-2
1
0
1
2
2
2
2
3
4
5
9
10
11
9
7
7
6
5
4
2
2
3
2
1
-1
-4
-8
-12
-16
-18
-18
-21
-23
-25
-26
-28
-31
-33
-35
-38
-37
-39
-43
-40
-40
-40
-38
-41
-42
-40
-39
-35
-33
-28
-22
-15
-7
1
7
13
21
23
26
27
28
28
28
29
34
38
42
45
48
54
61
65
68
71
75
82
85
88
91
92
101
104
105
107
109
114
120
124
127
132
134
147
148
143
135
123
119
107
86
66
46
26
8
-10
-27
-42
-55
-67
-76
-83
-91
-98
-112
-133
-150
-172
-195
-228
-263
-283
-299
-307
-315
-338
-346
-353
-366
-383
-425
-464
-485
-515
-533
-566
-608
-619
-635
-643
-655
-683
-664
-623
-565
-482
-398
-288
-165
-51
62
170
273
352
427
496
568
657
722
777
828
862
912
934
921
909
881
872
877
859
861
865
877
921
934
941
945
937
927
914
898
878
852
817
779
728
667
591
507
420
331
241
153
73
4
-56
-121
-190
-258
-321
-389
-463
-532
-586
-624
-654
-678
-696
-717
-744
-784
-841
-919
-1007
-1087
-1160
-1235
-1304
-1338
-1344
-1352
-1378
-1392
-1384
-1376
-1382
-1381
-1349
-1312
-1306
-1337
-1402
-1516
-1682
-1822
-1860
-1799
-1669
-1445
-1075
-618
-199
138
461
809
1116
1324
1483
1683
1920
2118
2258
2388
2524
2597
2532
2364
2174
1984
1754
1500
1316
1239
1205
1156
1113
1092
1048
942
838
804
799
754
712
779
929
1034
1032
992
964
890
712
470
252
79
-97
-304
-507
-658
-784
-948
-1150
-1322
-1439
-1550
-1683
-1781
-1789
-1729
-1656
-1573
-1445
-1271
-1107
-989
-896
-793
-698
-642
-614
-578
-520
-466
-433
-413
-399
-397
-405
-424
-443
-468
-487
-478
-432
-356
-262
-149
-18
112
214
278
314
335
339
330
318
321
346
386
414
426
447
472
437
326
212
138
44
-104
-288
-525
-833
-1106
-1219
-1242
-1304
-1307
-1068
-665
-372
-224
3
380
715
883
1004
1200
1423
1573
1661
1749
1853
1904
1821
1632
1444
1301
1115
845
617
539
532
475
387
345
336
307
264
232
211
199
206
241
317
402
409
337
321
402
396
196
-20
-83
-128
-347
-637
-783
-801
-870
-1027
-1161
-1232
-1297
-1380
-1430
-1429
-1411
-1392
-1364
-1331
-1300
-1237
-1118
-973
-836
-662
-418
-182
-54
-9
43
109
141
141
146
158
155
151
176
213
222
192
148
112
91
109
180
261
332
447
626
781
829
837
876
899
831
724
666
633
562
463
395
357
319
243
111
-45
-167
-273
-422
-594
-751
-1015
-1518
-2088
-2395
-2445
-2527
-2644
-2431
-1765
-1082
-737
-493
2
580
843
848
993
1364
1681
1789
1868
2104
2365
2375
2087
1752
1539
1310
907
484
314
375
417
361
357
465
519
428
308
279
304
333
417
574
767
991
1228
1352
1281
1109
924
667
300
-89
-453
-834
-1231
-1546
-1720
-1848
-2160
-2723
-3173
-3092
-2688
-2521
-2529
-2093
-1206
-591
-535
-511
-179
154
202
122
151
281
388
381
289
249
300
236
-69
-360
-355
-188
-188
-327
-288
12
299
352
311
404
597
682
653
725
964
1178
1232
1260
1411
1593
1652
1582
1498
1439
1371
1266
1133
997
855
701
525
344
191
63
-101
-347
-578
-677
-691
-775
-918
-960
-888
-862
-972
-1098
-1231
-1686
-2694
-3814
-4237
-3899
-3589
-3683
-3441
-2283
-977
-594
-855
-627
228
721
465
306
949
1883
2277
2248
2502
3090
3259
2605
1687
1257
1242
1027
523
328
749
1249
1273
1026
980
1071
914
540
330
436
680
931
1222
1560
1899
2164
2233
1991
1526
1084
756
428
47
-252
-374
-421
-589
-973
-1476
-1879
-2098
-2378
-2943
-3433
-3224
-2429
-1875
-1816
-1569
-804
-209
-346
-724
-670
-343
-269
-417
-363
-36
205
95
-226
-432
-440
-488
-767
-1069
-1039
-699
-433
-427
-436
-217
74
138
19
24
252
461
495
552
855
1243
1396
1323
1308
1449
1541
1468
1337
1296
1345
1396
1355
1196
1023
955
931
757
447
249
277
366
355
277
222
206
184
92
-88
-257
-314
-336
-455
-588
-581
-521
-572
-693
-913
-1644
-3020
-4290
-4631
-4336
-4276
-4367
-3714
-2259
-1123
-957
-1005
-424
415
664
436
661
1636
2610
2931
2963
3388
3982
3844
2796
1755
1388
1233
654
10
26
542
772
519
284
307
265
-46
-381
-427
-167
250
710
1168
1633
2102
2445
2472
2167
1738
1399
1127
790
426
184
72
-83
-449
-1030
-1725
-2358
-2766
-3032
-3406
-3806
-3729
-2960
-2062
-1669
-1576
-1211
-610
-307
-390
-385
-72
249
356
425
625
807
739
436
113
-63
-139
-305
-614
-837
-740
-442
-287
-348
-341
-129
65
53
30
248
589
777
836
1039
1412
1669
1640
1512
1520
1617
1572
1367
1222
1242
1233
1030
774
692
705
554
237
-21
-139
-208
-257
-229
-202
-248
-258
-212
-258
-447
-548
-506
-534
-634
-598
-439
-385
-461
-959
-2564
-4885
-6091
-5284
-4372
-5002
-5578
-3889
-1126
-436
-1612
-1724
50
1319
620
-55
1226
3506
4436
3788
3607
4763
5683
4538
2274
1313
1938
2109
837
-42
832
2008
1633
376
123
674
556
-354
-844
-333
439
976
1361
1764
2248
2645
2770
2388
1795
1502
1410
1180
698
384
322
144
-381
-1224
-1953
-2392
-2643
-3068
-3675
-3900
-3681
-3442
-3482
-3266
-2610
-2198
-2271
-2243
-1631
-1101
-1053
-979
-483
119
355
468
577
552
346
95
-91
-296
-364
-336
-396
-528
-504
-272
-234
-420
-491
-269
7
125
319
706
1113
1310
1396
1622
1893
2011
1942
1907
1993
2071
2061
1987
1924
1819
1668
1515
1380
1190
907
646
468
354
237
154
121
107
113
102
115
132
122
54
-49
-84
-113
-148
-175
-190
-217
-322
-464
-881
-1786
-3185
-4864
-6254
-6830
-6400
-5683
-5313
-4838
-3668
-2222
-1667
-1835
-1539
-485
474
806
1371
2725
4212
4886
4756
4663
4761
4504
3475
2189
1546
1581
1599
1162
832
1045
1207
632
-340
-736
-566
-573
-847
-709
88
926
1426
1821
2271
2592
2643
2571
2462
2317
2208
2145
1996
1654
1224
777
193
-592
-1435
-2128
-2577
-2850
-3046
-3185
-3139
-2902
-2777
-2864
-2816
-2372
-1941
-1929
-1922
-1405
-659
-358
-444
-342
4
194
57
-94
-92
-120
-327
-637
-800
-783
-767
-922
-1135
-1137
-964
-844
-857
-803
-562
-297
-123
71
439
877
1178
1336
1504
1743
1915
1929
1877
1881
1935
1940
1881
1818
1736
1566
1294
1023
809
628
475
378
366
421
492
542
564
614
679
682
618
616
748
866
867
842
884
880
701
451
268
112
-128
-457
-848
-1342
-1929
-2541
-3331
-4665
-6325
-7219
-6653
-5558
-5305
-5495
-4616
-2721
-1618
-1906
-1949
-592
1024
1459
1382
2322
4103
5093
4639
3913
4009
4380
3824
2397
1450
1636
1975
1412
491
401
904
696
-407
-1117
-752
-205
-296
-488
33
982
1606
1846
2116
2516
2822
2916
2847
2746
2757
2781
2535
1999
1465
1032
483
-273
-1050
-1678
-2120
-2450
-2785
-3145
-3341
-3245
-3070
-3089
-3226
-3121
-2648
-2104
-1792
-1587
-1176
-663
-431
-478
-403
-138
-40
-198
-309
-262
-276
-446
-616
-712
-826
-982
-1096
-1156
-1189
-1166
-1046
-863
-692
-536
-347
-114
122
339
578
882
1221
1504
1697
1842
1967
2056
2099
2119
2116
2099
2084
2056
1969
1825
1693
1571
1399
1176
1007
954
939
877
783
720
681
634
568
484
398
355
365
357
285
209
184
143
9
-179
-380
-643
-1038
-1500
-1922
-2321
-2897
-3861
-5034
-5790
-5627
-4840
-4286
-4304
-4319
-3706
-2678
-1953
-1723
-1499
-871
-13
716
1304
1954
2631
3083
3200
3184
3228
3210
2907
2413
2117
2165
2230
2058
1838
1795
1767
1466
986
658
564
504
347
225
303
557
849
1097
1319
1520
1628
1614
1540
1511
1532
1502
1363
1159
982
836
632
339
9
-310
-662
-1091
-1480
-1708
-1802
-1905
-2072
-2167
-2087
-1917
-1842
-1938
-2055
-2061
-2010
-1975
-1893
-1676
-1475
-1482
-1566
-1486
-1320
-1344
-1537
-1557
-1325
-1106
-1059
-1007
-775
-496
-346
-235
13
323
461
425
481
714
925
986
1024
1142
1241
1250
1274
1383
1481
1484
1456
1473
1491
1498
1532
1572
1525
1388
1304
1320
1320
1232
1133
1115
1112
1020
901
864
888
825
664
554
547
519
384
248
197
152
36
-85
-135
-160
-251
-382
-483
-571
-716
-940
-1247
-1679
-2218
-2656
-2784
-2683
-2668
-2871
-3070
-3046
-2879
-2704
-2450
-2073
-1812
-1854
-1960
-1758
-1278
-872
-684
-542
-304
-15
254
548
917
1272
1473
1539
1649
1914
2216
2350
2294
2212
2196
2192
2128
2046
2007
1972
1881
1795
1826
1955
2003
1868
1665
1543
1488
1365
1157
970
842
693
480
300
260
307
260
30
-254
-407
-423
-443
-536
-636
-716
-864
-1082
-1216
-1197
-1183
-1344
-1606
-1761
-1755
-1715
-1720
-1702
-1628
-1590
-1628
-1623
-1489
-1340
-1315
-1347
-1290
-1157
-1053
-976
-838
-660
-549
-507
-419
-273
-185
-200
-204
-122
-29
10
65
211
373
458
511
626
769
846
871
934
1036
1103
1135
1206
1321
1391
1387
1366
1372
1378
1351
1315
1305
1313
1312
1308
1317
1323
1292
1219
1126
1034
940
830
686
486
232
-86
-515
-1077
-1661
-2040
-2121
-2093
-2215
-2499
-2724
-2757
-2671
-2547
-2341
-2072
-1915
-1964
-2006
-1757
-1265
-859
-700
-610
-406
-138
89
342
711
1076
1257
1300
1434
1728
1993
2039
1904
1775
1736
1692
1575
1448
1403
1381
1278
1153
1161
1300
1373
1235
1004
878
860
798
637
489
431
380
257
153
193
299
240
-43
-318
-381
-315
-327
-429
-480
-490
-614
-843
-974
-941
-945
-1132
-1347
-1403
-1360
-1383
-1439
-1395
-1289
-1297
-1426
-1485
-1388
-1275
-1264
-1251
-1121
-951
-870
-825
-693
-520
-441
-438
-363
-210
-96
-63
-9
113
223
264
302
393
481
516
550
644
768
859
916
990
1081
1142
1165
1192
1259
1339
1401
1442
1484
1532
1570
1576
1542
1473
1387
1289
1174
1050
953
911
882
794
656
541
462
355
175
-46
-262
-488
-768
-1131
-1569
-2001
-2289
-2364
-2342
-2413
-2596
-2747
-2777
-2718
-2598
-2373
-2102
-1958
-1981
-1970
-1721
-1315
-994
-839
-713
-512
-264
-7
304
694
1069
1320
1477
1651
1882
2084
2159
2116
2043
1984
1910
1804
1713
1658
1594
1483
1382
1371
1423
1431
1345
1216
1116
1053
980
870
726
579
440
301
181
115
106
77
-17
-128
-197
-250
-337
-419
-448
-473
-574
-722
-806
-815
-858
-987
-1140
-1258
-1354
-1441
-1485
-1477
-1472
-1505
-1534
-1503
-1426
-1354
-1301
-1237
-1169
-1114
-1047
-923
-772
-662
-590
-483
-328
-197
-121
-46
51
117
144
206
323
418
432
437
508
607
660
675
717
792
844
869
933
1070
1219
1305
1353
1429
1518
1555
1528
1489
1455
1397
1314
1248
1205
1157
1087
997
874
717
581
501
443
336
166
-26
-233
-491
-834
-1261
-1724
-2118
-2330
-2366
-2375
-2483
-2653
-2752
-2727
-2614
-2420
-2155
-1928
-1861
-1885
-1764
-1395
-958
-674
-541
-393
-156
103
362
682
1065
1381
1538
1627
1813
2098
2297
2288
2173
2101
2070
1969
1794
1657
1601
1526
1370
1235
1226
1282
1239
1071
911
848
815
709
556
425
314
168
-1
-112
-138
-165
-260
-393
-480
-493
-478
-491
-557
-658
-757
-823
-854
-865
-897
-980
-1117
-1256
-1325
-1316
-1281
-1279
-1313
-1342
-1345
-1312
-1236
-1131
-1056
-1055
-1085
-1053
-944
-829
-763
-717
-645
-563
-492
-392
-224
-42
67
113
195
346
490
562
601
658
727
777
831
931
1047
1115
1126
1147
1210
1285
1323
1326
1326
1329
1328
1329
1337
1328
1277
1181
1075
993
943
910
860
784
701
635
583
524
441
339
211
36
-195
-490
-855
-1308
-1799
-2186
-2348
-2332
-2329
-2460
-2646
-2760
-2775
-2721
-2569
-2308
-2079
-2032
-2069
-1928
-1526
-1079
-792
-620
-423
-186
36
296
678
1121
1453
1623
1756
1977
2248
2422
2427
2330
2238
2165
2054
1907
1789
1706
1580
1385
1243
1249
1324
1300
1150
997
927
902
849
764
658
523
335
132
-1
-18
1
-75
-264
-430
-481
-495
-562
-633
-655
-720
-911
-1102
-1128
-1067
-1120
-1287
-1388
-1393
-1441
-1542
-1548
-1449
-1418
-1513
-1561
-1439
-1258
-1171
-1143
-1075
-996
-972
-953
-850
-699
-628
-638
-604
-462
-296
-187
-103
12
125
194
275
429
601
697
724
780
892
1000
1084
1176
1281
1348
1372
1411
1487
1554
1577
1568
1554
1532
1511
1506
1503
1463
1368
1257
1166
1105
1061
1016
941
834
711
598
498
395
259
56
-218
-558
-984
-1497
-1985
-2279
-2358
-2398
-2553
-2771
-2922
-2978
-2967
-2845
-2589
-2329
-2235
-2271
-2220
-1939
-1538
-1203
-982
-788
-560
-314
-45
286
682
1042
1268
1380
1522
1777
2054
2190
2155
2078
2035
1973
1864
1780
1763
1704
1509
1280
1189
1242
1289
1247
1175
1145
1151
1140
1113
1086
1039
918
716
506
379
334
273
127
-45
-137
-160
-215
-334
-447
-533
-667
-867
-1020
-1041
-1029
-1122
-1281
-1361
-1345
-1355
-1413
-1419
-1359
-1357
-1462
-1524
-1442
-1334
-1326
-1343
-1265
-1155
-1140
-1161
-1075
-915
-846
-874
-837
-685
-538
-457
-340
-135
54
143
225
401
601
690
690
736
848
929
941
976
1079
1164
1170
1169
1238
1337
1388
1407
1448
1493
1492
1466
1452
1423
1344
1248
1196
1171
1128
1078
1063
1052
977
842
724
648
537
337
74
-219
-583
-1079
-1611
-1978
-2113
-2164
-2314
-2561
-2777
-2891
-2916
-2839
-2623
-2359
-2227
-2263
-2269
-2050
-1663
-1298
-1048
-860
-672
-454
-167
212
636
1005
1243
1353
1422
1563
1794
1985
2031
1984
1946
1913
1825
1733
1723
1739
1638
1420
1251
1215
1234
1205
1139
1098
1080
1049
995
945
915
860
723
515
329
227
144
-17
-217
-335
-369
-431
-541
-587
-548
-564
-711
-863
-907
-926
-1032
-1169
-1220
-1230
-1297
-1385
-1367
-1264
-1219
-1269
-1304
-1267
-1220
-1203
-1165
-1090
-1049
-1083
-1108
-1048
-940
-851
-780
-683
-576
-489
-395
-251
-90
17
73
152
280
404
488
582
713
830
886
931
1026
1129
1162
1145
1160
1218
1266
1288
1320
1373
1412
1431
1444
1458
1447
1408
1356
1305
1251
1192
1136
1077
997
881
753
640
531
378
154
-141
-534
-1039
-1572
-1945
-2080
-2127
-2283
-2549
-2771
-2870
-2892
-2830
-2618
-2332
-2183
-2233
-2262
-2049
-1659
-1307
-1065
-855
-632
-424
-186
176
650
1070
1305
1388
1457
1600
1794
1956
2024
2014
1960
1872
1760
1686
1705
1737
1657
1468
1312
1259
1232
1147
1029
938
869
776
675
619
621
611
521
376
267
229
181
53
-107
-198
-242
-332
-481
-572
-559
-546
-611
-673
-647
-613
-688
-825
-883
-873
-936
-1096
-1214
-1225
-1237
-1327
-1401
-1364
-1275
-1233
-1209
-1100
-940
-852
-859
-847
-769
-693
-688
-703
-674
-621
-577
-503
-353
-176
-61
10
117
265
385
458
527
596
622
627
685
807
911
953
988
1074
1185
1274
1352
1441
1511
1529
1509
1477
1424
1334
1240
1175
1125
1075
1024
988
944
872
787
705
609
517
505
550
404
-257
-1456
-2801
-3797
-4193
-4061
-3598
-3024
-2578
-2387
-2325
-2146
-1812
-1566
-1587
-1750
-1822
-1748
-1559
-1181
-514
342
1173
1882
2505
3025
3290
3211
2866
2425
2015
1662
1351
1091
948
956
1076
1241
1425
1564
1506
1143
565
-1
-415
-710
-930
-1029
-941
-678
-296
180
730
1254
1571
1562
1288
929
584
220
-195
-556
-743
-759
-661
-451
-133
142
181
-16
-279
-533
-861
-1289
-1691
-1965
-2114
-2119
-1896
-1454
-1001
-706
-530
-371
-243
-214
-274
-375
-521
-708
-824
-748
-496
-197
62
275
444
532
526
445
290
49
-235
-462
-553
-527
-432
-270
-27
252
492
667
790
864
850
761
680
673
725
812
976
1243
1560
1829
2002
2085
2077
1967
1770
1522
1247
957
680
463
324
244
174
67
-101
-356
-742
-1334
-2156
-3102
-3946
-4470
-4602
-4469
-4261
-4036
-3700
-3180
-2572
-2015
-1516
-1011
-573
-326
-205
42
535
1142
1713
2249
2763
3153
3350
3448
3561
3628
3471
3046
2501
2040
1739
1529
1315
1090
906
765
587
337
104
-64
-257
-569
-892
-1044
-1015
-911
-745
-454
-68
285
539
742
922
1022
980
788
507
222
-35
-290
-552
-741
-792
-782
-826
-914
-962
-1024
-1209
-1466
-1654
-1751
-1868
-1981
-1938
-1714
-1459
-1261
-1038
-745
-481
-336
-257
-158
-62
-14
9
81
208
328
404
468
543
605
605
544
465
368
226
46
-102
-186
-236
-271
-245
-140
-14
96
214
353
458
500
535
601
674
737
835
990
1165
1319
1475
1647
1786
1847
1832
1759
1618
1404
1159
933
738
567
418
301
209
123
11
-164
-421
-739
-1093
-1547
-2179
-2930
-3635
-4151
-4439
-4500
-4328
-3977
-3547
-3121
-2699
-2247
-1727
-1138
-559
-127
120
338
700
1210
1743
2242
2704
3059
3225
3241
3232
3228
3139
2905
2545
2113
1693
1387
1229
1119
947
730
535
337
94
-142
-314
-458
-640
-807
-842
-725
-512
-250
44
332
568
756
912
1005
986
838
595
310
28
-228
-434
-559
-641
-745
-884
-974
-992
-1032
-1136
-1230
-1288
-1409
-1596
-1663
-1541
-1393
-1331
-1233
-1007
-789
-696
-608
-411
-233
-214
-252
-177
-27
46
55
126
249
306
283
275
304
291
185
57
-23
-63
-113
-159
-159
-110
-70
-45
34
193
339
392
412
486
585
646
723
882
1069
1192
1277
1411
1579
1692
1718
1702
1648
1526
1343
1163
1022
898
763
613
474
356
234
84
-97
-300
-559
-896
-1306
-1786
-2371
-3026
-3598
-3974
-4187
-4268
-4115
-3710
-3274
-2984
-2683
-2146
-1479
-951
-563
-130
326
646
905
1340
1963
2519
2851
3048
3205
3299
3299
3224
3095
2889
2579
2178
1764
1434
1220
1050
837
584
343
123
-88
-277
-439
-590
-732
-824
-840
-777
-618
-349
-39
203
374
562
757
826
734
597
476
269
-66
-361
-479
-537
-715
-917
-921
-807
-837
-1020
-1094
-1037
-1108
-1351
-1484
-1378
-1281
-1358
-1397
-1218
-981
-886
-838
-659
-429
-332
-344
-287
-109
45
90
113
204
300
301
263
310
406
404
290
199
183
134
12
-57
-17
25
0
9
136
286
348
372
460
586
665
701
785
924
1034
1090
1172
1322
1476
1564
1605
1638
1635
1544
1373
1191
1034
872
684
499
357
247
112
-61
-243
-433
-686
-1028
-1438
-1924
-2538
-3219
-3786
-4132
-4313
-4346
-4131
-3693
-3269
-2971
-2601
-1992
-1322
-824
-431
29
498
848
1183
1700
2343
2872
3176
3337
3444
3503
3488
3375
3160
2852
2463
2022
1596
1267
1045
854
622
341
54
-203
-414
-603
-791
-960
-1067
-1103
-1091
-1001
-778
-436
-76
208
424
646
876
1003
948
797
656
473
141
-230
-414
-428
-514
-722
-806
-691
-642
-827
-1025
-1034
-1039
-1251
-1482
-1460
-1296
-1281
-1360
-1250
-961
-767
-731
-638
-411
-238
-228
-229
-94
81
142
123
176
317
407
376
329
359
373
245
50
-46
-55
-123
-255
-297
-215
-143
-129
-59
116
274
329
361
461
582
659
729
850
998
1115
1203
1314
1464
1604
1690
1720
1705
1640
1508
1330
1148
986
822
644
474
327
173
-14
-224
-435
-678
-999
-1397
-1868
-2435
-3072
-3643
-4015
-4194
-4248
-4138
-3797
-3333
-2939
-2608
-2154
-1535
-949
-514
-119
357
860
1296
1725
2254
2827
3258
3447
3473
3464
3432
3301
3034
2695
2361
2029
1661
1307
1065
924
751
449
94
-198
-429
-663
-892
-1055
-1129
-1144
-1108
-982
-738
-410
-59
250
475
640
787
866
804
637
485
361
165
-102
-284
-318
-355
-499
-644
-664
-672
-832
-1081
-1224
-1246
-1298
-1408
-1421
-1287
-1160
-1143
-1137
-1021
-858
-784
-782
-727
-593
-472
-392
-266
-43
190
324
377
439
514
524
456
393
373
328
221
136
146
195
201
174
179
209
202
160
147
187
230
238
259
342
472
590
680
790
926
1050
1123
1182
1264
1340
1355
1317
1287
1269
1219
1105
967
843
718
553
364
197
60
-92
-294
-525
-750
-984
-1279
-1651
-2089
-2594
-3135
-3610
-3915
-4031
-3993
-3812
-3489
-3093
-2717
-2352
-1893
-1322
-757
-292
123
576
1073
1555
2019
2512
3006
3385
3562
3560
3492
3426
3303
3050
2716
2407
2133
1817
1462
1172
981
763
411
-5
-341
-582
-810
-1037
-1172
-1175
-1105
-1012
-869
-637
-347
-71
145
313
452
576
670
693
637
549
475
391
229
4
-199
-347
-509
-717
-902
-993
-1050
-1175
-1365
-1492
-1493
-1462
-1486
-1504
-1436
-1344
-1333
-1366
-1297
-1105
-925
-832
-734
-542
-318
-153
-24
147
349
475
495
495
554
621
608
523
453
430
399
328
266
260
256
192
105
84
145
214
253
305
394
487
546
611
712
820
882
910
962
1065
1181
1278
1358
1432
1492
1509
1471
1399
1314
1199
1009
754
519
359
248
122
-19
-130
-229
-378
-597
-857
-1142
-1495
-1969
-2545
-3129
-3596
-3860
-3943
-3902
-3749
-3467
-3100
-2768
-2510
-2217
-1801
-1313
-884
-518
-90
463
1068
1623
2115
2591
3000
3206
3164
3001
2897
2858
2747
2523
2306
2197
2114
1915
1642
1430
1253
946
463
-23
-354
-554
-731
-887
-935
-847
-699
-571
-444
-255
-19
167
234
252
343
516
666
729
782
891
969
873
617
351
115
-194
-585
-874
-948
-942
-1036
-1185
-1257
-1298
-1445
-1662
-1793
-1814
-1839
-1891
-1862
-1701
-1481
-1268
-1064
-863
-693
-561
-454
-349
-225
-59
119
251
344
460
597
671
657
634
629
580
462
363
349
359
318
265
272
320
344
334
334
354
372
393
443
546
674
794
894
986
1070
1134
1164
1163
1138
1095
1055
1042
1050
1059
1051
1022
954
841
713
594
484
373
262
146
4
-151
-292
-437
-651
-961
-1329
-1753
-2286
-2892
-3384
-3593
-3566
-3488
-3410
-3256
-3000
-2748
-2576
-2402
-2096
-1654
-1197
-793
-379
157
815
1453
1933
2245
2474
2652
2716
2661
2606
2660
2764
2776
2668
2545
2470
2353
2102
1738
1360
1005
645
292
12
-141
-215
-302
-432
-543
-582
-588
-612
-635
-596
-488
-360
-229
-56
164
373
515
583
600
600
595
556
447
283
108
-52
-226
-419
-589
-707
-826
-1005
-1226
-1419
-1561
-1677
-1780
-1854
-1884
-1866
-1803
-1695
-1565
-1442
-1327
-1207
-1076
-932
-764
-571
-368
-175
0
157
301
442
567
651
685
697
727
783
836
864
868
848
801
735
679
651
648
649
643
631
633
658
690
711
722
727
732
731
727
725
731
740
753
774
809
844
861
872
885
895
878
829
766
700
629
540
436
325
200
68
-55
-170
-313
-533
-824
-1166
-1571
-2071
-2613
-3054
-3267
-3271
-3206
-3193
-3238
-3258
-3207
-3094
-2942
-2723
-2394
-1970
-1508
-1034
-511
72
645
1113
1451
1700
1910
2108
2330
2599
2881
3097
3190
3179
3124
3045
2918
2725
2482
2231
1996
1770
1549
1336
1128
890
594
253
-70
-316
-476
-572
-626
-643
-628
-588
-528
-444
-352
-282
-246
-226
-189
-125
-52
-5
-17
-84
-184
-305
-443
-572
-655
-681
-692
-740
-830
-958
-1113
-1275
-1415
-1518
-1602
-1669
-1692
-1646
-1561
-1494
-1474
-1475
-1458
-1402
-1300
-1141
-933
-695
-462
-248
-49
138
301
425
521
609
703
808
924
1037
1144
1219
1242
1228
1211
1213
1221
1213
1184
1151
1114
1067
1000
923
841
753
656
569
516
505
519
536
544
546
539
522
512
521
544
564
578
583
578
553
517
477
429
373
313
235
143
42
-68
-211
-401
-634
-893
-1195
-1547
-1920
-2240
-2426
-2469
-2458
-2506
-2645
-2812
-2930
-2964
-2898
-2734
-2493
-2218
-1922
-1597
-1232
-833
-448
-128
112
312
536
823
1169
1547
1917
2235
2467
2611
2703
2779
2842
2874
2857
2801
2724
2631
2520
2380
2206
1991
1739
1475
1232
1036
877
729
581
421
240
60
-98
-230
-344
-447
-536
-608
-674
-734
-790
-843
-925
-1059
-1220
-1353
-1424
-1435
-1406
-1355
-1304
-1282
-1310
-1358
-1388
-1382
-1354
-1325
-1300
-1262
-1194
-1108
-1022
-950
-889
-841
-808
-772
-695
-563
-411
-292
-218
-161
-88
5
108
212
314
405
488
570
664
750
799
803
780
769
785
827
881
934
966
969
947
921
902
895
885
867
847
835
837
844
830
786
716
638
575
532
512
501
486
459
414
360
305
256
218
186
152
110
61
11
-47
-118
-207
-309
-421
-545
-674
-804
-930
-1054
-1182
-1312
-1427
-1504
-1550
-1592
-1655
-1731
-1805
-1859
-1880
-1859
-1784
-1669
-1539
-1409
-1262
-1080
-859
-627
-413
-216
-26
168
362
557
747
926
1077
1194
1289
1393
1521
1652
1764
1842
1891
1918
1926
1918
1898
1865
1819
1762
1703
1647
1597
1535
1451
1340
1206
1070
945
832
714
587
454
319
184
49
-88
-231
-390
-566
-755
-942
-1105
-1244
-1362
-1468
-1562
-1639
-1702
-1755
-1793
-1815
-1819
-1806
-1783
-1748
-1696
-1631
-1553
-1470
-1383
-1291
-1191
-1081
-958
-822
-672
-526
-391
-267
-148
-30
96
226
357
485
599
697
779
842
886
911
927
943
964
983
994
994
976
954
928
910
897
884
860
825
785
747
712
677
634
580
520
462
414
378
352
326
293
255
216
187
178
178
177
167
146
124
104
92
78
60
28
-17
-72
-131
-183
-233
-287
-348
-423
-516
-624
-736
-834
-899
-936
-962
-1000
-1062
-1135
-1204
-1248
-1265
-1261
-1245
-1222
-1185
-1132
-1057
-976
-885
-793
-697
-588
-468
-331
-177
-12
158
316
453
572
683
799
916
1028
1127
1209
1282
1353
1420
1474
1503
1503
1485
1456
1426
1392
1344
1284
1208
1123
1030
935
843
752
667
576
474
363
247
134
30
-68
-162
-256
-350
-438
-516
-590
-662
-738
-822
-905
-986
-1056
-1106
-1131
-1137
-1145
-1167
-1204
-1244
-1272
-1286
-1289
-1285
-1271
-1242
-1188
-1114
-1034
-955
-878
-790
-685
-556
-409
-258
-114
17
135
243
351
460
571
680
773
845
891
912
920
916
907
894
883
879
879
883
873
841
792
730
666
605
545
487
429
379
337
295
240
172
106
52
22
11
11
17
28
41
54
63
64
65
71
84
107
127
138
136
121
98
68
32
-8
-46
-79
-105
-130
-159
-196
-249
-318
-395
-464
-518
-558
-601
-663
-744
-836
-921
-984
-1028
-1057
-1079
-1098
-1104
-1091
-1055
-995
-918
-838
-752
-660
-548
-412
-258
-101
41
158
261
363
475
591
702
797
866
917
959
997
1028
1050
1061
1061
1053
1050
1052
1059
1059
1041
1005
956
907
868
841
815
783
738
685
625
561
488
406
316
219
125
42
-30
-102
-185
-284
-394
-499
-591
-665
-729
-792
-855
-911
-959
-1004
-1055
-1107
-1145
-1159
-1153
-1137
-1121
-1107
-1081
-1045
-997
-946
-897
-842
-772
-684
-590
-502
-424
-343
-253
-158
-68
9
76
143
217
290
353
408
460
512
549
573
599
644
693
718
706
674
664
691
711
686
628
589
598
617
597
529
462
443
463
469
429
369
343
364
393
383
331
278
264
281
290
262
210
169
156
160
147
105
48
1
-18
-30
-52
-94
-138
-168
-188
-211
-250
-302
-349
-378
-402
-441
-502
-568
-614
-642
-670
-715
-773
-820
-849
-863
-881
-907
-925
-920
-900
-877
-860
-837
-798
-739
-672
-609
-548
-478
-389
-291
-190
-93
-3
85
178
276
374
467
558
647
734
819
894
959
1012
1057
1098
1130
1157
1182
1209
1232
1237
1223
1198
1170
1141
1111
1073
1022
960
893
818
733
639
543
444
338
221
98
-21
-139
-258
-393
-530
-655
-754
-842
-939
-1045
-1139
-1204
-1245
-1279
-1316
-1346
-1355
-1338
-1315
-1292
-1263
-1213
-1141
-1067
-1000
-936
-858
-763
-660
-563
-485
-407
-317
-218
-123
-43
18
75
144
220
288
341
379
418
465
507
532
540
552
581
620
651
658
659
671
699
724
737
730
728
740
757
767
758
742
724
710
692
662
625
580
534
487
436
374
307
241
179
124
70
14
-43
-94
-133
-168
-208
-248
-287
-313
-335
-358
-386
-414
-432
-448
-466
-482
-493
-500
-506
-520
-534
-542
-542
-541
-549
-560
-566
-562
-555
-549
-547
-546
-540
-531
-527
-526
-527
-527
-521
-508
-488
-465
-436
-396
-345
-280
-207
-135
-61
21
118
223
323
417
511
609
713
813
901
977
1046
1110
1162
1198
1215
1214
1201
1176
1136
1083
1016
941
856
769
678
582
479
371
266
162
64
-37
-141
-245
-339
-413
-478
-542
-602
-651
-685
-709
-739
-776
-808
-822
-818
-811
-815
-829
-832
-816
-787
-768
-766
-761
-731
-671
-606
-564
-547
-519
-460
-383
-323
-286
-244
-170
-68
26
80
95
116
184
277
345
361
365
411
497
563
564
527
508
543
624
688
673
598
558
611
688
671
555
463
484
564
570
455
316
260
281
277
188
65
-2
15
37
-28
-166
-262
-229
-145
-158
-284
-371
-310
-181
-159
-276
-384
-346
-208
-144
-226
-331
-313
-204
-153
-223
-316
-326
-251
-185
-200
-276
-322
-284
-207
-184
-236
-296
-283
-201
-133
-151
-213
-210
-124
-53
-71
-121
-110
-30
44
57
28
24
78
151
180
155
137
175
248
291
283
274
307
359
380
367
362
395
430
434
408
392
397
399
374
338
310
287
253
214
176
138
103
76
29
-57
-104
-47
-1
-118
-276
-241
-81
-98
-304
-381
-228
-118
-239
-403
-396
-278
-233
-312
-425
-452
-378
-308
-339
-404
-380
-311
-340
-392
-291
-113
-129
-298
-300
-64
99
36
-83
-80
32
166
223
135
23
68
216
276
210
136
109
154
268
319
210
95
179
324
294
187
205
278
244
185
217
253
229
184
116
45
94
205
117
-130
-149
66
105
-133
-256
-127
-22
-116
-217
-154
-36
-74
-238
-244
-28
78
-109
-292
-165
87
113
-96
-241
-134
84
142
-32
-208
-159
65
183
46
-171
-177
15
141
58
-76
-81
7
64
46
-6
-23
7
66
81
29
0
47
91
75
46
49
68
86
105
86
53
69
128
141
81
50
110
179
174
97
59
126
197
168
104
107
139
100
54
65
91
88
7
-107
-73
73
23
-275
-347
-15
112
-274
-599
-321
111
-57
-546
-565
-184
-70
-285
-365
-262
-258
-287
-203
-77
-102
-298
-324
-30
206
23
-318
-281
116
391
205
-241
-293
227
607
273
-261
-145
420
595
154
-203
79
549
477
-18
-178
216
560
353
-140
-191
301
545
155
-272
-115
356
432
11
-347
-130
370
381
-104
-398
-152
299
355
-68
-454
-294
261
411
-83
-542
-317
287
347
-212
-511
-178
247
145
-256
-384
-120
187
72
-312
-319
21
170
-79
-270
-96
61
25
-81
-121
-17
37
-16
-90
-63
70
53
-80
-96
15
96
-3
-64
-9
-10
32
115
21
-147
-85
158
168
-38
-116
-36
93
134
21
-64
-29
81
111
5
-23
49
105
85
0
15
99
125
63
17
85
119
103
91
45
72
155
143
-50
-68
248
262
-111
-171
112
170
-66
-124
-9
22
12
-52
-91
-76
-80
-75
-126
-49
40
-129
-250
-59
77
-126
-271
-158
4
62
-116
-242
-133
92
54
-252
-289
2
273
38
-356
-191
181
263
-65
-316
-66
272
241
-67
-188
-22
288
256
-183
-309
136
450
104
-225
-62
181
184
-84
-117
46
83
68
40
-23
-90
-18
162
110
-214
-220
202
291
-62
-255
21
154
-31
-108
-84
87
186
15
-117
-97
89
135
-59
-154
40
226
66
-89
56
133
20
-32
-32
12
159
148
41
-6
97
130
-103
-142
-1
191
282
9
-177
-134
93
139
-106
-198
-167
107
225
-108
-252
-149
0
-26
-143
-119
-19
90
-18
-218
-186
13
173
-46
-394
-217
226
223
-110
-292
-50
265
203
-152
-351
21
421
222
-245
-400
22
398
224
-231
-338
157
455
91
-260
-142
200
253
-13
-192
-128
110
264
124
-142
-180
13
153
211
76
-123
-92
170
223
-183
-343
6
378
267
-295
-405
86
517
224
-454
-453
154
410
-11
-271
-21
96
17
8
-146
-290
87
470
220
-335
-406
13
216
101
-40
-92
-88
-31
160
158
-78
-186
-72
69
32
27
64
-48
-28
-4
-99
-90
119
213
-13
-113
-21
18
19
-64
-59
0
2
6
-49
-1
-1
-13
173
63
-209
-206
179
264
-168
-166
49
71
-59
-12
163
-71
-93
137
274
53
-268
-177
-2
131
88
-117
-93
13
178
208
2
-129
-21
169
118
-166
-218
-1
110
23
-184
-166
-31
198
232
-155
-323
126
400
13
-361
-76
338
186
-212
-321
80
409
63
-252
-143
141
127
-92
-14
-47
-82
-24
31
178
-16
-201
-80
135
216
-62
-113
30
24
-1
-65
-90
8
193
123
-247
-271
100
234
16
-118
-35
22
24
55
-50
-102
110
133
-106
-217
45
194
4
-52
-8
-10
-81
7
99
-42
100
141
-152
-331
-49
308
141
-121
-163
64
189
9
-45
-18
-17
-3
37
66
-4
-115
-26
113
16
-158
-127
184
263
41
-247
-242
71
235
125
-205
-244
51
189
-26
-128
80
145
-40
-231
-124
35
183
90
-173
-168
-76
79
45
-20
29
55
-21
-234
-81
162
164
2
-118
-116
-87
70
180
102
-93
-62
41
-90
-74
225
313
-135
-432
-10
462
214
-252
-198
143
232
-15
-119
-15
192
163
-189
-237
55
405
304
-219
-357
-32
324
103
-223
134
357
-7
-361
-147
307
173
-146
-171
44
201
-74
-127
70
14
-104
-103
117
141
11
-7
-41
60
108
-73
-159
-45
12
2
126
55
-318
-236
230
120
-280
-145
181
121
-60
-64
-88
-148
-4
214
83
-304
-257
214
280
-163
-447
-132
308
205
-314
-519
75
486
74
-368
-267
79
101
87
91
-66
-124
-51
8
-51
42
78
-97
-96
95
155
29
160
329
136
-221
-280
267
651
284
-298
-359
61
224
67
-101
-33
254
211
-51
-136
36
249
73
-218
-275
6
370
296
-174
-515
-138
339
77
-382
-304
167
354
-19
-449
-313
196
237
-258
-449
80
601
295
-426
-439
66
218
-25
-219
23
335
157
-178
-141
127
-6
-208
31
209
105
-47
9
68
-139
-212
-88
-37
139
234
78
-115
-60
113
-30
-182
-114
117
386
57
-271
27
300
46
-357
-136
143
88
53
41
36
-109
-198
-25
59
88
102
237
228
-84
-211
-20
149
14
-177
-31
144
118
-131
-233
0
208
24
-300
-131
295
302
-89
-396
-138
336
253
-297
-373
183
383
-22
-460
-324
247
314
-141
-374
-98
191
144
4
-113
-51
112
146
24
-138
-96
48
173
133
-126
-234
-15
183
-19
-248
-149
214
432
138
-291
-214
162
165
-170
-175
196
316
-23
-219
-179
-118
-18
74
65
26
152
218
17
-173
-171
9
155
95
-88
-71
228
250
-172
-491
-340
163
428
127
-160
46
272
-38
-369
-214
79
257
255
57
-87
-111
-103
-145
-183
-86
119
225
121
36
2
-156
-301
-140
138
183
82
84
114
18
-171
-294
-173
134
273
161
47
37
-78
-244
-212
-26
199
230
67
-19
21
-27
-130
-51
-56
-192
-90
187
314
185
-108
-377
-218
172
235
66
32
215
118
-250
-377
-118
234
222
-35
-149
-31
114
49
-1
-55
-162
-92
120
206
7
-174
-97
40
96
1
-34
126
269
131
-240
-295
-14
129
-16
-153
7
157
20
-128
-65
61
17
-50
-25
48
168
158
-47
-210
-156
2
-4
1
153
191
19
-191
-201
-89
48
219
160
-103
-217
-34
120
67
7
-44
-141
-48
148
111
12
76
119
-88
-294
-146
178
300
15
-255
-129
58
75
-6
-26
107
168
-9
-231
-125
172
148
-87
-128
27
123
5
-138
-135
5
134
101
6
-21
10
42
37
-71
-180
-111
90
189
64
-74
-47
75
49
-152
-204
19
291
224
-117
-235
6
172
-32
-226
-129
84
195
155
35
-70
-92
-86
-52
43
108
106
53
-18
-84
-75
-26
7
36
11
-80
-93
75
202
78
-170
-236
-21
172
148
-6
-69
-24
-30
-68
-40
89
159
70
-68
-157
-138
-12
140
149
-31
-148
-10
150
60
-119
-123
-23
4
6
74
139
95
-72
-214
-180
-30
61
53
62
93
69
-21
-79
-13
68
4
-111
-65
77
102
-13
-90
-22
50
11
-32
67
179
117
-28
-118
-105
-20
53
48
6
-5
-13
-33
-39
-53
-28
66
115
77
22
-45
-106
-86
-40
-62
-44
59
81
1
-61
-51
-4
19
-17
-48
21
114
105
-6
-133
-164
-90
-1
102
212
170
-19
-99
-16
8
-63
-71
41
186
195
35
-86
-55
-31
-114
-166
-75
136
308
212
-80
-209
-113
-22
-5
26
81
120
99
16
-37
-19
-14
-45
-58
-26
72
194
214
99
-53
-147
-120
38
183
174
87
22
-31
-64
-35
27
51
30
2
-13
-9
14
34
20
-23
-54
-58
-54
-33
15
19
-74
-163
-147
-67
-8
16
16
-8
-60
-118
-132
-91
-42
-35
-87
-133
-110
-45
-22
-47
-52
-42
-59
-80
-49
25
70
14
-121
-186
-113
-15
-9
-74
-94
-8
87
53
-25
44
178
127
-63
-130
-19
79
54
-3
-33
-49
-20
65
131
126
108
67
-13
-9
143
230
113
-47
-80
-27
-6
-14
5
52
68
61
78
86
56
47
63
2
-90
-64
64
113
28
-87
-107
-27
41
26
-6
46
138
117
-46
-158
-49
132
125
-35
-113
-39
34
10
-37
-29
21
46
18
-29
-21
48
69
-18
-111
-91
11
69
23
-65
-111
-87
-33
0
8
25
47
31
-15
-27
26
81
56
-25
-64
-29
19
17
-48
-97
-64
6
31
30
35
40
30
13
0
1
17
30
25
-2
-28
-19
15
8
-42
-51
15
82
88
41
-11
-25
-24
-39
-51
-31
-4
-16
-38
-18
22
20
-19
-22
2
14
24
46
36
-22
-72
-82
-78
-55
0
40
28
1
6
18
-11
-42
-28
5
17
15
22
20
-18
-54
-44
-12
5
19
34
25
-11
-32
-22
-12
-12
1
31
52
33
-5
-21
-8
15
25
16
17
43
61
30
-16
-31
-12
1
2
16
33
30
8
-6
-8
-17
-18
12
43
38
8
-5
-3
-7
-27
-39
-27
2
24
19
-5
-13
-4
-14
-31
-21
21
49
34
8
-6
-10
-20
-23
-5
22
28
8
-13
-15
-6
-5
-10
-10
4
10
7
0
-7
-9
-16
-16
-1
22
24
-1
-23
-16
0
-2
-17
-8
25
32
-4
-40
-29
1
14
17
28
30
11
-13
-20
-13
-7
5
20
22
11
-10
-19
-17
-9
-14
-23
-10
20
35
10
-19
-22
-6
-2
-14
-16
4
20
14
-4
-15
-10
2
14
13
6
6
15
14
0
-7
0
10
4
-5
2
17
8
-15
-23
-8
7
4
-1
-3
0
-3
-11
-17
-12
4
10
-3
-15
-6
4
-4
-15
-13
-2
6
10
4
-9
-15
-6
6
10
6
3
7
12
9
1
1
8
13
9
10
14
12
-1
-11
-11
0
10
12
7
-3
-10
-6
-4
-3
0
8
11
4
-3
-7
-4
2
1
-1
-1
2
4
1
-1
-4
-6
-7
-6
-2
-1
-3
-3
-6
-7
-10
-7
-3
1
0
-3
-3
-1
2
3
3
3
5
4
0
0
1
1
2
1
4
1
1
0
-1
-1
0
1
-1
-2
1
0
-4
-4
-4
-2
-4
-2
0
1
-3
-4
-5
-7
-8
-9
-6
-7
-6
-5
-7
-10
-11
-6
-4
-5
-6
-4
-2
-2
-9
-10
-4
4
7
3
-2
0
3
0
-1
1
7
8
7
6
5
6
6
7
9
9
6
7
9
9
6
3
6
10
8
5
6
8
8
3
0
0
2
2
-2
-1
-1
-2
-4
-5
-1
0
0
-4
-4
-2
-3
-5
-8
-6
-4
-2
-1
-1
-2
-3
-5
-5
-4
-1
-2
-1
-4
-5
-6
-3
-2
-3
-6
-7
-4
-2
-2
-1
1
0
-1
0
4
5
2
-1
-1
2
3
2
1
4
1
0
-1
1
3
5
6
3
2
4
6
6
4
4
6
7
6
6
4
5
5
5
4
3
7
8
6
3
0
0
0
1
2
-1
-4
-2
0
-3
-6
-8
-6
-7
-9
-6
-5
-5
-6
-9
-7
-7
-4
-3
-2
-2
-3
-2
-2
-1
-2
-3
-2
-1
-2
-2
-1
-1
-2
-4
-6
-4
-5
-2
-1
2
3
1
0
1
3
-1
0
0
1
1
1
-1
1
2
4
5
5
6
7
7
8
9
9
9
8
8
7
6
5
4
3
1
1
0
0
0
0
-2
1
2
2
