13
15
13
9
5
3
3
3
3
1
0
1
0
1
4
5
7
6
7
10
10
10
9
7
6
4
0
-2
-3
-4
-3
0
-3
-5
-4
-7
-6
-4
-2
0
0
-2
-1
-3
-3
-3
-4
-5
-5
-8
-9
-8
-5
-6
-8
-10
-9
-8
-7
-5
-7
-6
-5
-4
-5
-3
-4
-3
0
2
3
4
3
-4
-4
-5
-4
-5
-6
-6
-3
0
-1
-5
-5
-3
1
3
4
5
6
9
10
11
7
5
6
5
1
-3
-5
-3
-2
0
0
2
4
3
-1
-1
0
2
4
3
3
2
2
4
3
2
2
3
1
0
0
1
0
2
2
2
-1
1
4
4
2
2
2
4
7
9
8
9
8
7
8
6
3
-1
0
0
-1
0
-1
0
-4
-5
-6
-4
-2
-3
-6
-6
-1
3
3
2
0
-2
1
2
2
1
-1
2
2
0
-5
-5
-1
-2
-4
-5
-5
-5
-9
-11
-10
-8
-6
-6
-8
-8
-8
-6
-2
-1
-3
-3
0
2
0
-4
-4
-2
-3
-4
-5
-6
-7
-9
-11
-10
-6
-3
-1
0
-3
-2
0
3
4
3
5
7
10
11
11
8
8
9
6
0
0
1
1
0
-2
0
1
5
6
5
5
7
9
13
12
10
11
13
13
9
7
7
6
7
1
-3
-2
0
0
-3
-5
-5
-5
-1
0
1
3
6
11
13
9
8
8
11
9
4
0
2
2
-1
0
-2
-3
-2
-2
-3
-4
-2
1
-1
-3
-4
-3
-5
-4
-5
-5
-5
-6
-7
-10
-15
-19
-16
-15
-20
-22
-21
-16
-14
-12
-10
-8
-4
-1
3
3
5
2
-2
-2
-3
-4
-8
-11
-15
-16
-15
-17
-18
-18
-14
-11
-10
-9
-8
-3
1
3
5
5
7
10
12
9
7
5
9
12
12
6
4
6
8
9
10
4
5
7
8
11
14
16
17
19
17
18
20
23
25
27
26
21
21
22
21
17
15
12
9
7
5
5
6
7
8
9
12
13
13
13
11
12
12
10
7
5
2
0
-4
-6
-10
-13
-14
-15
-15
-16
-18
-19
-17
-17
-17
-18
-20
-18
-18
-20
-21
-19
-18
-17
-19
-21
-22
-23
-25
-29
-30
-30
-23
-24
-27
-26
-24
-20
-19
-17
-16
-17
-19
-15
-9
-5
-7
-6
-4
-4
-6
-9
-9
-9
-10
-11
-10
-10
-8
-3
2
6
10
13
15
18
20
20
20
22
22
23
25
24
22
20
20
19
18
15
16
18
20
21
18
23
26
29
34
38
42
45
45
46
47
46
44
45
41
35
33
28
25
20
15
9
7
7
6
3
1
2
2
1
0
1
2
2
0
-1
-2
-8
-13
-14
-19
-26
-36
-43
-46
-49
-55
-56
-57
-61
-61
-59
-55
-56
-53
-51
-50
-49
-44
-38
-34
-33
-28
-23
-19
-18
-19
-19
-18
-18
-16
-13
-15
-17
-15
-14
-11
-6
-5
-5
-3
2
8
16
17
16
18
22
24
18
15
13
11
10
12
14
12
13
13
16
18
20
24
24
22
21
23
28
33
37
40
43
48
51
51
52
50
53
58
61
63
61
59
61
64
68
69
67
73
79
77
76
76
78
80
73
67
59
52
40
26
13
2
-6
-10
-15
-21
-31
-39
-43
-46
-50
-56
-58
-59
-62
-67
-73
-77
-78
-85
-94
-102
-109
-112
-119
-130
-139
-146
-147
-147
-154
-156
-153
-148
-142
-142
-138
-128
-120
-115
-112
-107
-96
-84
-72
-62
-57
-46
-29
-15
-2
8
18
31
45
58
70
83
95
109
119
130
141
150
159
161
163
168
170
165
159
149
142
135
121
104
84
65
48
34
19
-1
-19
-35
-45
-57
-66
-74
-83
-92
-98
-98
-90
-84
-82
-74
-67
-57
-45
-32
-12
7
24
43
68
94
115
135
156
179
203
220
234
249
255
256
255
250
238
217
194
167
136
105
77
52
27
-1
-28
-49
-65
-78
-96
-109
-116
-122
-130
-134
-137
-142
-146
-146
-147
-151
-155
-156
-155
-155
-159
-159
-162
-161
-162
-162
-159
-158
-157
-152
-149
-147
-145
-140
-136
-132
-126
-123
-119
-114
-104
-96
-88
-84
-77
-66
-53
-44
-33
-17
-5
11
24
37
49
61
74
87
98
111
122
127
134
141
147
153
157
163
168
174
175
178
179
180
180
178
179
177
168
161
153
146
131
110
91
74
52
34
14
-13
-42
-69
-92
-113
-134
-154
-175
-193
-210
-216
-215
-213
-210
-207
-197
-182
-171
-154
-132
-112
-96
-74
-48
-20
4
26
56
87
113
135
160
180
191
197
206
211
207
197
182
166
146
123
106
89
73
53
37
26
17
5
-6
-13
-16
-21
-25
-29
-39
-44
-44
-43
-45
-44
-44
-40
-33
-29
-24
-16
-13
-14
-14
-11
-11
-15
-22
-28
-33
-37
-42
-52
-65
-76
-89
-99
-114
-124
-133
-139
-142
-150
-157
-153
-150
-146
-147
-148
-135
-123
-112
-102
-97
-87
-73
-58
-41
-29
-13
5
19
33
48
68
88
107
120
132
149
161
165
170
172
176
173
160
150
131
106
75
36
0
-42
-85
-133
-177
-221
-265
-296
-326
-342
-341
-340
-331
-322
-303
-265
-227
-181
-129
-76
-19
46
113
181
245
313
385
455
524
583
632
681
719
752
779
779
770
751
725
698
649
597
546
486
428
360
291
232
169
106
41
-22
-81
-140
-196
-250
-298
-349
-403
-446
-485
-509
-528
-554
-562
-563
-560
-549
-543
-531
-516
-505
-481
-450
-424
-404
-384
-352
-314
-284
-255
-223
-189
-160
-137
-110
-82
-58
-43
-26
-10
8
20
25
35
46
54
60
68
78
90
98
104
115
122
133
136
139
144
156
166
173
184
193
205
223
236
244
249
258
276
287
284
284
282
285
285
271
257
238
215
189
156
121
81
44
5
-44
-99
-153
-202
-255
-314
-364
-412
-456
-495
-532
-545
-547
-550
-543
-536
-520
-494
-461
-414
-373
-340
-293
-234
-168
-108
-51
20
97
169
239
319
400
466
525
583
646
699
716
728
733
725
714
682
645
604
548
499
447
391
329
260
199
139
73
8
-52
-111
-174
-227
-265
-288
-310
-336
-358
-366
-368
-369
-366
-360
-358
-358
-352
-341
-329
-320
-316
-306
-286
-266
-250
-236
-222
-208
-195
-182
-170
-166
-167
-166
-164
-156
-147
-139
-130
-116
-102
-85
-67
-52
-37
-23
-11
-4
1
3
9
11
14
17
23
29
39
54
72
91
112
135
159
180
197
213
233
253
272
289
298
302
308
313
313
308
294
271
244
212
172
124
68
4
-66
-140
-212
-282
-358
-433
-498
-546
-570
-586
-600
-597
-581
-557
-515
-467
-414
-362
-310
-241
-162
-87
-12
75
167
250
333
421
508
584
631
685
736
773
791
778
760
746
710
671
619
556
500
440
385
326
261
200
141
84
30
-28
-82
-132
-181
-233
-283
-318
-343
-360
-383
-404
-410
-415
-416
-413
-402
-386
-376
-367
-344
-321
-298
-277
-255
-227
-203
-182
-157
-136
-125
-113
-100
-85
-82
-88
-92
-91
-89
-91
-88
-81
-73
-62
-51
-36
-20
-6
6
16
26
32
39
44
46
49
53
57
64
71
81
90
103
121
143
171
197
221
248
269
297
322
334
342
342
343
352
342
325
308
282
257
220
175
126
65
-7
-85
-165
-247
-326
-404
-492
-567
-618
-650
-658
-672
-673
-651
-623
-574
-533
-491
-435
-384
-333
-281
-223
-155
-82
-5
85
188
301
417
543
661
778
891
984
1063
1109
1121
1103
1082
1044
978
901
809
718
621
522
426
330
233
138
53
-28
-109
-187
-263
-332
-391
-441
-478
-510
-543
-571
-599
-617
-623
-625
-623
-621
-612
-584
-554
-521
-481
-434
-374
-314
-257
-198
-143
-92
-53
-18
14
30
32
27
16
1
-21
-40
-52
-65
-81
-95
-97
-93
-88
-84
-76
-64
-53
-44
-36
-27
-20
-11
0
11
18
28
42
56
70
87
110
138
164
183
203
230
255
279
296
311
327
336
343
342
337
321
294
263
227
179
122
63
1
-71
-147
-222
-291
-357
-424
-486
-537
-576
-598
-608
-607
-591
-571
-544
-503
-454
-403
-349
-293
-235
-178
-116
-48
23
93
162
237
320
404
480
552
623
682
734
783
815
832
832
817
796
759
709
650
588
519
442
367
294
223
147
77
8
-56
-118
-174
-224
-266
-299
-326
-342
-358
-377
-394
-405
-411
-416
-420
-421
-418
-418
-420
-410
-389
-364
-341
-321
-290
-252
-217
-182
-156
-136
-117
-104
-102
-106
-118
-137
-159
-176
-193
-210
-220
-224
-221
-213
-201
-183
-159
-135
-108
-86
-62
-37
-18
-4
13
30
52
77
100
124
153
183
214
244
270
296
324
345
361
371
375
382
383
386
383
379
378
378
374
370
362
351
332
302
260
205
137
56
-36
-128
-226
-323
-421
-511
-580
-637
-668
-687
-695
-681
-659
-628
-587
-537
-491
-447
-401
-356
-296
-230
-163
-94
-16
79
181
285
387
493
592
669
743
811
859
884
872
848
818
767
704
626
542
465
380
300
226
156
87
21
-33
-81
-126
-174
-217
-247
-277
-292
-297
-302
-309
-321
-330
-330
-333
-340
-344
-353
-353
-353
-347
-331
-317
-293
-261
-226
-186
-144
-101
-59
-24
4
25
37
38
24
4
-15
-36
-60
-82
-101
-114
-123
-128
-123
-119
-112
-108
-108
-108
-107
-106
-107
-108
-110
-112
-110
-101
-90
-78
-63
-40
-11
18
49
83
117
148
179
207
235
256
273
286
298
309
326
337
341
338
337
342
336
318
292
254
210
157
90
15
-67
-148
-229
-306
-380
-450
-502
-543
-561
-560
-548
-524
-494
-457
-407
-357
-305
-255
-211
-170
-129
-84
-31
20
80
147
224
306
394
490
580
663
738
811
881
918
931
929
908
880
823
746
667
570
463
360
260
161
60
-34
-113
-187
-250
-308
-356
-393
-420
-432
-435
-435
-442
-451
-451
-453
-458
-465
-471
-475
-483
-486
-478
-458
-433
-408
-370
-324
-270
-216
-164
-116
-79
-51
-33
-26
-34
-60
-93
-126
-166
-206
-243
-275
-296
-310
-316
-307
-296
-281
-264
-241
-215
-191
-170
-144
-115
-87
-60
-26
16
62
114
170
227
286
349
411
467
513
550
587
619
637
646
649
650
653
646
635
619
598
569
537
499
453
397
326
239
141
34
-75
-191
-313
-441
-560
-666
-760
-834
-890
-922
-933
-935
-914
-877
-831
-776
-714
-640
-558
-483
-411
-328
-236
-145
-57
41
149
254
353
455
565
669
759
835
900
958
991
1007
1009
990
959
914
858
798
718
628
542
458
368
265
164
74
-8
-93
-177
-245
-301
-346
-378
-406
-420
-433
-443
-444
-437
-432
-426
-422
-414
-404
-395
-383
-371
-355
-340
-319
-316
-297
-261
-236
-209
-186
-168
-153
-152
-156
-168
-191
-215
-242
-271
-295
-331
-356
-361
-363
-350
-345
-337
-310
-284
-258
-233
-214
-187
-159
-129
-87
-46
4
60
127
200
275
359
431
501
562
617
687
726
749
769
777
809
819
804
799
783
775
771
744
715
684
653
629
582
518
440
338
221
76
-107
-329
-604
-916
-1260
-1590
-1907
-2175
-2396
-2614
-2665
-2580
-2390
-2074
-1723
-1260
-711
-152
403
913
1358
1716
1979
2139
2205
2183
2093
1944
1759
1558
1362
1190
1045
937
870
841
845
869
903
931
931
890
804
663
460
201
-105
-440
-788
-1126
-1421
-1646
-1784
-1822
-1743
-1543
-1241
-864
-443
0
432
814
1109
1294
1351
1274
1072
759
355
-105
-589
-1061
-1480
-1818
-2051
-2175
-2184
-2075
-1864
-1578
-1242
-887
-534
-207
71
287
436
513
522
469
367
230
75
-88
-241
-374
-482
-558
-594
-588
-543
-467
-366
-246
-111
32
173
310
433
542
632
706
769
825
871
916
965
1028
1102
1190
1292
1407
1530
1655
1770
1857
1899
1883
1796
1620
1342
957
470
-109
-768
-1487
-2226
-2949
-3617
-4193
-4636
-4904
-4971
-4825
-4470
-3926
-3221
-2385
-1451
-469
499
1396
2189
2853
3362
3706
3885
3911
3807
3596
3313
2987
2639
2293
1959
1652
1377
1123
894
678
468
264
70
-116
-286
-434
-548
-623
-655
-644
-584
-476
-342
-196
-53
73
165
213
215
162
54
-96
-275
-471
-671
-860
-1027
-1172
-1297
-1395
-1457
-1494
-1517
-1525
-1517
-1494
-1458
-1408
-1331
-1229
-1099
-936
-750
-539
-307
-66
166
381
572
731
839
893
894
843
742
601
431
244
49
-142
-314
-460
-572
-649
-690
-688
-643
-557
-440
-296
-129
55
257
460
653
835
1003
1155
1286
1391
1469
1521
1544
1535
1489
1413
1306
1175
1015
838
657
482
316
164
43
-50
-118
-180
-240
-307
-403
-549
-757
-1029
-1365
-1763
-2204
-2663
-3099
-3476
-3756
-3903
-3887
-3689
-3311
-2755
-2037
-1182
-248
713
1644
2501
3233
3795
4169
4344
4323
4117
3760
3293
2756
2190
1632
1120
677
316
47
-136
-241
-289
-289
-253
-198
-136
-78
-28
8
32
46
52
51
40
20
-13
-52
-101
-160
-225
-294
-362
-432
-500
-557
-600
-644
-699
-754
-804
-858
-923
-996
-1080
-1173
-1267
-1340
-1392
-1418
-1406
-1341
-1220
-1043
-811
-534
-229
86
396
680
912
1076
1162
1167
1092
940
724
470
197
-81
-344
-570
-743
-859
-918
-911
-850
-742
-604
-442
-268
-91
85
250
402
538
664
780
884
979
1070
1155
1236
1302
1347
1370
1371
1344
1282
1184
1055
902
729
546
352
161
-26
-208
-392
-579
-777
-995
-1240
-1519
-1827
-2161
-2509
-2845
-3148
-3386
-3532
-3560
-3442
-3168
-2745
-2182
-1498
-709
138
997
1821
2573
3209
3701
4034
4202
4195
4026
3720
3308
2824
2297
1767
1260
806
419
111
-114
-260
-337
-353
-318
-250
-160
-63
34
119
188
238
270
279
261
215
144
50
-66
-196
-334
-473
-608
-727
-816
-878
-912
-923
-911
-885
-858
-836
-828
-837
-874
-934
-1008
-1086
-1156
-1212
-1241
-1226
-1156
-1030
-850
-621
-358
-77
206
468
688
850
941
951
885
737
524
270
-14
-307
-582
-818
-999
-1117
-1163
-1144
-1055
-911
-722
-503
-272
-36
189
405
601
774
920
1040
1138
1210
1261
1291
1304
1296
1278
1246
1200
1147
1084
1020
954
887
816
741
654
551
429
282
98
-135
-421
-766
-1165
-1605
-2080
-2564
-3026
-3426
-3735
-3917
-3946
-3800
-3476
-2981
-2327
-1534
-642
295
1226
2110
2898
3555
4045
4357
4475
4407
4170
3791
3308
2754
2166
1576
1021
528
113
-211
-447
-592
-659
-659
-606
-512
-395
-270
-149
-42
43
102
133
135
108
54
-22
-113
-217
-324
-424
-522
-608
-676
-722
-744
-757
-765
-762
-756
-757
-765
-787
-826
-882
-945
-1012
-1076
-1137
-1175
-1175
-1137
-1052
-915
-730
-502
-240
36
311
570
792
958
1057
1085
1035
910
720
476
195
-99
-384
-646
-867
-1037
-1145
-1175
-1136
-1032
-871
-665
-425
-170
91
348
587
799
981
1129
1246
1331
1387
1414
1413
1392
1351
1293
1222
1134
1035
927
817
707
599
490
381
267
142
0
-172
-381
-635
-937
-1289
-1685
-2117
-2564
-2993
-3376
-3685
-3883
-3943
-3839
-3563
-3117
-2510
-1759
-896
39
992
1911
2754
3477
4041
4424
4619
4618
4434
4090
3626
3070
2458
1834
1228
678
201
-185
-470
-655
-750
-759
-695
-573
-412
-232
-41
142
308
446
551
620
638
604
524
402
243
52
-154
-363
-564
-749
-901
-1012
-1091
-1135
-1143
-1121
-1085
-1042
-999
-961
-947
-954
-967
-997
-1036
-1076
-1104
-1108
-1082
-1019
-915
-768
-590
-384
-166
50
253
426
558
635
656
615
512
357
165
-52
-282
-507
-705
-870
-984
-1039
-1028
-955
-825
-643
-421
-173
90
352
606
839
1045
1217
1352
1456
1531
1576
1590
1581
1550
1505
1445
1373
1294
1208
1123
1034
944
852
744
622
482
312
105
-146
-451
-814
-1224
-1673
-2149
-2631
-3090
-3498
-3824
-4033
-4100
-4003
-3734
-3296
-2694
-1947
-1083
-155
792
1712
2561
3294
3871
4268
4473
4483
4303
3960
3489
2921
2298
1655
1032
463
-28
-422
-709
-888
-967
-959
-874
-728
-546
-346
-136
63
238
379
489
566
604
596
552
481
385
266
127
-23
-184
-348
-506
-651
-779
-889
-980
-1049
-1096
-1121
-1129
-1127
-1112
-1092
-1067
-1037
-1005
-966
-917
-853
-767
-661
-528
-371
-195
-3
192
383
556
697
791
834
821
740
599
405
176
-85
-354
-618
-857
-1054
-1200
-1281
-1294
-1240
-1121
-945
-721
-465
-186
100
381
638
864
1054
1205
1320
1397
1436
1443
1426
1388
1331
1260
1185
1100
1007
915
819
723
624
528
430
321
190
37
-151
-381
-662
-995
-1372
-1794
-2244
-2694
-3107
-3466
-3738
-3883
-3876
-3703
-3366
-2859
-2198
-1402
-515
424
1366
2269
3082
3759
4279
4616
4758
4703
4460
4057
3528
2906
2231
1551
902
310
-189
-573
-838
-991
-1034
-975
-835
-637
-411
-163
77
291
469
607
699
734
717
655
549
410
243
53
-153
-359
-559
-754
-937
-1100
-1232
-1334
-1408
-1451
-1465
-1455
-1428
-1387
-1329
-1266
-1196
-1123
-1051
-977
-895
-799
-691
-575
-445
-298
-136
34
211
383
535
660
759
818
828
782
678
524
323
92
-157
-406
-643
-852
-1012
-1118
-1154
-1112
-1005
-834
-607
-333
-28
292
612
917
1191
1428
1620
1757
1837
1858
1826
1744
1625
1479
1307
1119
928
752
590
445
322
224
140
65
-11
-100
-222
-387
-602
-879
-1223
-1630
-2089
-2574
-3058
-3503
-3865
-4122
-4224
-4153
-3905
-3476
-2852
-2050
-1122
-123
909
1927
2868
3677
4320
4771
5006
5015
4810
4428
3895
3247
2527
1793
1086
442
-108
-535
-836
-1011
-1067
-1013
-869
-661
-415
-159
90
318
507
650
748
794
790
738
646
526
382
219
40
-148
-337
-518
-683
-838
-980
-1097
-1190
-1258
-1306
-1332
-1335
-1326
-1307
-1276
-1238
-1193
-1146
-1090
-1021
-940
-842
-722
-580
-416
-229
-29
176
379
565
718
830
893
893
825
693
496
251
-24
-318
-608
-872
-1099
-1270
-1367
-1383
-1317
-1168
-953
-686
-385
-60
270
575
841
1066
1246
1374
1451
1478
1462
1415
1339
1249
1147
1041
932
830
735
643
562
487
423
371
324
283
237
180
102
-5
-154
-358
-622
-943
-1322
-1743
-2187
-2625
-3027
-3359
-3588
-3682
-3617
-3383
-2982
-2420
-1705
-869
42
977
1891
2737
3471
4050
4449
4646
4644
4447
4075
3563
2950
2275
1577
903
286
-243
-662
-961
-1140
-1204
-1162
-1032
-834
-595
-337
-78
160
361
518
625
679
678
625
531
404
256
87
-90
-263
-431
-593
-742
-870
-978
-1067
-1133
-1171
-1192
-1197
-1185
-1158
-1122
-1083
-1036
-982
-927
-867
-801
-726
-637
-536
-417
-279
-129
30
192
352
496
616
700
745
738
680
571
418
232
14
-221
-452
-665
-848
-991
-1078
-1102
-1063
-966
-812
-606
-360
-87
197
476
734
965
1161
1309
1409
1459
1472
1446
1386
1295
1186
1067
934
799
662
533
410
303
215
148
99
65
41
13
-26
-95
-211
-389
-635
-953
-1343
-1788
-2271
-2762
-3223
-3615
-3895
-4025
-3972
-3741
-3327
-2718
-1931
-1004
-2
1026
2035
2964
3760
4384
4808
5010
4981
4743
4328
3772
3111
2398
1683
1007
405
-91
-459
-700
-826
-845
-773
-627
-440
-236
-33
154
316
438
516
554
559
530
463
370
256
121
-29
-191
-371
-561
-748
-924
-1083
-1228
-1346
-1426
-1475
-1487
-1468
-1421
-1352
-1267
-1170
-1074
-981
-894
-811
-731
-649
-560
-459
-345
-216
-73
80
238
394
534
650
727
757
735
647
503
309
74
-186
-452
-707
-932
-1113
-1231
-1275
-1243
-1133
-951
-711
-431
-128
180
482
759
992
1171
1294
1370
1397
1375
1321
1244
1157
1064
972
884
803
730
661
593
527
459
385
307
231
164
107
58
15
-23
-62
-109
-181
-282
-431
-633
-892
-1206
-1567
-1959
-2356
-2728
-3039
-3256
-3348
-3291
-3071
-2686
-2144
-1458
-655
215
1100
1949
2725
3384
3877
4185
4305
4235
3984
3582
3065
2478
1865
1257
698
216
-168
-441
-603
-664
-639
-546
-403
-235
-66
82
197
270
299
279
217
119
-6
-147
-291
-427
-550
-657
-735
-779
-793
-780
-740
-673
-594
-520
-457
-407
-381
-388
-428
-500
-596
-711
-831
-942
-1031
-1082
-1087
-1028
-908
-727
-499
-234
53
334
589
796
936
993
953
821
609
325
-10
-367
-712
-1024
-1282
-1458
-1542
-1530
-1429
-1246
-999
-705
-390
-72
225
482
693
854
960
1015
1026
1004
962
910
865
833
821
828
852
897
950
997
1028
1030
995
923
815
672
501
319
141
-26
-171
-279
-344
-367
-363
-345
-329
-337
-399
-526
-733
-1022
-1391
-1819
-2267
-2700
-3083
-3376
-3518
-3471
-3235
-2815
-2208
-1423
-514
451
1419
2337
3147
3791
4231
4454
4452
4231
3826
3282
2650
1979
1327
741
258
-94
-303
-374
-324
-178
30
261
477
647
739
740
650
471
209
-104
-427
-735
-1009
-1217
-1327
-1320
-1211
-1017
-750
-434
-106
193
429
575
612
536
347
49
-327
-742
-1163
-1557
-1886
-2115
-2221
-2203
-2060
-1802
-1444
-1018
-566
-126
276
610
850
972
983
884
688
423
113
-212
-525
-796
-1005
-1131
-1175
-1135
-1022
-854
-651
-431
-219
-35
107
200
251
258
239
207
185
186
224
305
436
613
824
1051
1279
1489
1662
1779
1830
1809
1725
1578
1381
1150
905
660
432
237
79
-41
-120
-160
-177
-175
-169
-167
-179
-202
-237
-291
-360
-441
-533
-629
-740
-868
-1019
-1189
-1376
-1577
-1789
-1993
-2166
-2284
-2335
-2303
-2161
-1905
-1554
-1122
-617
-54
498
1018
1485
1885
2175
2305
2369
2343
2216
2030
1762
1500
1271
1053
880
739
635
586
553
518
471
393
295
161
-8
-198
-382
-541
-667
-734
-733
-635
-463
-247
17
308
587
808
981
1081
1089
1016
833
595
330
37
-249
-504
-701
-859
-952
-985
-955
-867
-776
-678
-573
-486
-406
-359
-346
-349
-367
-388
-406
-434
-449
-451
-437
-400
-370
-340
-310
-288
-266
-258
-274
-291
-318
-337
-349
-367
-370
-365
-347
-322
-272
-215
-156
-88
-13
68
150
236
328
424
529
626
716
796
864
932
962
960
930
865
791
689
558
424
284
150
27
-78
-160
-221
-258
-271
-256
-222
-174
-111
-44
30
106
174
230
279
312
310
274
200
88
-72
-270
-500
-755
-1020
-1283
-1497
-1637
-1716
-1683
-1557
-1336
-1014
-631
-195
254
684
1049
1337
1530
1612
1625
1544
1378
1182
973
786
632
513
442
407
402
414
409
370
294
171
5
-185
-378
-553
-689
-750
-724
-622
-440
-183
122
431
721
962
1132
1217
1186
1057
858
598
302
-1
-276
-500
-662
-761
-792
-768
-718
-653
-596
-568
-568
-601
-666
-754
-845
-915
-949
-949
-896
-793
-638
-454
-269
-90
65
173
224
216
155
50
-86
-237
-382
-503
-589
-636
-639
-593
-514
-417
-308
-190
-77
28
118
193
262
323
376
430
485
541
594
634
672
701
716
713
681
638
591
532
465
393
321
251
183
114
53
9
-24
-46
-56
-39
-9
28
70
116
155
180
200
213
214
214
212
212
211
215
204
167
105
3
-149
-354
-600
-876
-1163
-1424
-1635
-1779
-1822
-1736
-1542
-1262
-904
-481
-32
385
741
1022
1217
1305
1283
1178
1015
817
612
419
266
156
92
72
80
104
139
170
189
186
180
185
201
227
271
351
459
573
687
790
869
911
906
854
766
641
484
317
166
34
-79
-170
-233
-274
-306
-342
-391
-452
-526
-614
-712
-809
-888
-944
-968
-954
-905
-818
-706
-581
-452
-332
-232
-170
-146
-159
-205
-279
-369
-461
-538
-593
-626
-631
-606
-560
-495
-421
-346
-276
-216
-167
-130
-99
-65
-28
16
72
142
227
314
405
496
580
652
700
725
737
731
704
665
620
579
538
492
449
414
380
346
313
279
244
215
193
175
166
168
178
193
218
250
284
314
346
373
389
378
344
294
206
83
-83
-285
-522
-772
-1032
-1279
-1457
-1590
-1646
-1625
-1522
-1294
-1008
-705
-387
-57
243
463
618
707
735
687
579
474
367
276
208
168
162
179
208
234
245
238
215
185
157
134
123
150
222
322
439
552
664
750
787
789
729
621
496
357
226
113
34
-1
5
43
99
151
189
201
165
80
-40
-182
-345
-506
-642
-740
-766
-753
-692
-588
-457
-308
-178
-80
-19
-7
-36
-109
-214
-334
-445
-542
-632
-663
-651
-609
-535
-470
-399
-329
-284
-259
-265
-292
-311
-321
-313
-280
-226
-129
-5
126
245
355
435
471
468
428
382
333
286
264
272
320
415
518
613
696
746
777
745
651
536
410
293
196
127
104
119
166
247
334
425
504
557
601
624
604
551
454
322
137
-117
-424
-778
-1165
-1571
-1897
-2129
-2270
-2258
-2140
-1849
-1433
-952
-408
125
591
951
1203
1332
1328
1211
1065
902
746
623
537
504
520
541
545
513
443
329
160
-30
-199
-313
-363
-328
-194
42
339
648
934
1160
1306
1313
1188
972
677
353
38
-223
-395
-463
-435
-333
-179
-11
128
193
170
64
-115
-351
-611
-852
-1034
-1112
-1110
-1019
-844
-619
-374
-168
-20
59
53
-37
-189
-371
-546
-693
-795
-820
-785
-694
-563
-424
-294
-198
-154
-166
-229
-318
-417
-518
-588
-610
-569
-465
-322
-145
49
231
398
524
593
618
592
546
500
450
418
412
437
500
564
624
668
672
664
619
535
436
333
253
193
153
144
167
220
298
381
473
558
630
702
732
685
568
370
79
-336
-835
-1373
-1891
-2362
-2764
-2940
-2900
-2669
-2237
-1703
-1054
-356
295
836
1248
1522
1602
1559
1428
1276
1146
1040
997
1035
1118
1250
1361
1392
1339
1174
930
609
231
-131
-422
-597
-630
-500
-235
120
508
891
1190
1357
1381
1264
1045
755
439
151
-56
-174
-204
-159
-65
33
93
86
-12
-201
-462
-774
-1098
-1384
-1593
-1700
-1692
-1569
-1354
-1075
-772
-500
-286
-155
-119
-174
-301
-467
-647
-803
-912
-966
-963
-915
-841
-766
-708
-683
-702
-759
-838
-923
-993
-1028
-1018
-946
-812
-627
-407
-162
81
312
514
676
794
877
928
953
965
978
1004
1041
1086
1133
1171
1193
1194
1162
1099
1008
896
766
628
490
359
250
154
90
63
80
151
278
450
647
827
931
922
742
369
-212
-972
-1830
-2659
-3343
-3855
-4077
-3942
-3434
-2622
-1696
-705
284
1132
1701
2013
2130
2053
1834
1571
1378
1302
1325
1452
1652
1846
1994
2029
1911
1654
1261
807
362
-29
-313
-452
-448
-340
-169
18
161
207
159
41
-119
-284
-392
-408
-316
-127
139
433
694
880
939
846
606
251
-172
-622
-1023
-1331
-1500
-1543
-1472
-1297
-1072
-829
-615
-463
-372
-343
-361
-392
-415
-414
-374
-301
-208
-117
-53
-43
-103
-221
-386
-575
-759
-902
-974
-978
-891
-738
-553
-368
-211
-114
-90
-135
-230
-350
-461
-513
-482
-357
-137
168
538
925
1272
1535
1720
1770
1666
1450
1160
862
582
345
185
123
149
212
265
291
287
226
120
1
-82
-96
-48
47
139
172
54
-287
-893
-1749
-2723
-3678
-4492
-5031
-5243
-4926
-4089
-2934
-1569
-111
1304
2454
3247
3670
3792
3686
3359
2995
2741
2633
2683
2817
2998
3169
3219
3073
2728
2229
1622
993
425
22
-157
-102
150
517
910
1219
1351
1227
841
263
-410
-1072
-1622
-1944
-1958
-1683
-1192
-593
1
461
670
589
239
-304
-954
-1600
-2125
-2451
-2543
-2433
-2169
-1819
-1449
-1141
-945
-866
-877
-933
-993
-1014
-952
-785
-532
-247
21
235
343
311
132
-162
-519
-880
-1187
-1377
-1404
-1259
-971
-597
-188
193
469
592
562
409
189
-39
-213
-271
-183
52
389
778
1164
1476
1665
1706
1615
1430
1206
995
853
830
924
1086
1253
1361
1360
1187
840
384
-94
-507
-768
-828
-700
-469
-267
-241
-534
-1238
-2365
-3772
-5203
-6403
-7180
-7381
-6852
-5597
-3819
-1829
144
1927
3313
4160
4480
4444
4213
3916
3699
3687
3916
4278
4625
4836
4809
4472
3797
2845
1757
704
-146
-678
-827
-591
-43
675
1382
1928
2204
2159
1802
1195
488
-142
-565
-738
-680
-434
-115
109
94
-246
-887
-1757
-2733
-3636
-4280
-4532
-4364
-3829
-3049
-2163
-1352
-776
-520
-558
-800
-1135
-1434
-1576
-1468
-1091
-532
87
651
1049
1178
994
556
-24
-621
-1132
-1453
-1502
-1273
-845
-335
142
499
662
598
351
-5
-343
-559
-593
-390
31
600
1208
1717
2067
2222
2154
1914
1573
1239
998
881
886
993
1166
1339
1432
1413
1273
1042
727
357
-3
-304
-495
-570
-540
-412
-197
32
149
15
-421
-1195
-2357
-3873
-5581
-7164
-8320
-8896
-8836
-8079
-6632
-4689
-2637
-785
781
2027
2879
3343
3596
3900
4344
4870
5448
6061
6621
6899
6724
6100
5143
3980
2706
1506
587
79
-19
176
574
1065
1502
1755
1756
1568
1300
1042
869
847
1029
1401
1850
2226
2406
2331
1964
1287
339
-764
-1888
-2957
-3917
-4696
-5242
-5536
-5581
-5414
-5062
-4564
-3968
-3330
-2718
-2156
-1634
-1168
-749
-364
0
314
530
612
549
330
-38
-511
-1009
-1423
-1686
-1754
-1621
-1316
-897
-467
-109
127
241
262
229
208
256
413
679
1002
1351
1674
1925
2096
2203
2276
2331
2420
2526
2644
2743
2764
2680
2473
2158
1770
1350
961
662
497
448
478
547
580
524
360
108
-180
-445
-629
-708
-731
-792
-1010
-1524
-2423
-3707
-5267
-6871
-8241
-9087
-9236
-8669
-7405
-5615
-3572
-1618
-10
1206
2022
2490
2743
2999
3434
4065
4824
5598
6260
6638
6565
5994
5003
3764
2466
1291
414
-49
-91
177
600
1027
1351
1485
1396
1171
933
814
893
1205
1739
2387
3010
3467
3604
3358
2731
1805
705
-438
-1490
-2380
-3097
-3663
-4115
-4496
-4833
-5111
-5286
-5281
-5032
-4508
-3732
-2779
-1739
-745
85
677
995
1057
912
633
317
23
-218
-405
-557
-693
-841
-1013
-1198
-1374
-1496
-1540
-1486
-1330
-1080
-769
-439
-125
158
408
626
807
959
1105
1242
1369
1482
1588
1701
1820
1947
2096
2258
2418
2544
2603
2569
2426
2171
1827
1457
1112
834
661
593
608
651
669
609
442
189
-102
-387
-628
-810
-968
-1183
-1561
-2202
-3149
-4382
-5773
-7105
-8123
-8582
-8381
-7546
-6189
-4483
-2678
-1066
181
1056
1653
2079
2455
2937
3615
4438
5261
5915
6282
6260
5796
4935
3835
2710
1733
1017
620
530
665
880
1042
1081
998
828
633
520
596
913
1439
2090
2761
3320
3660
3708
3441
2893
2133
1263
365
-499
-1298
-2029
-2728
-3410
-4044
-4579
-4982
-5228
-5248
-4988
-4471
-3783
-3001
-2187
-1419
-769
-286
43
256
373
418
402
355
277
146
-64
-344
-659
-981
-1281
-1521
-1650
-1649
-1543
-1360
-1132
-886
-653
-465
-311
-172
-20
162
363
600
885
1184
1469
1699
1875
2010
2074
2093
2099
2105
2110
2108
2095
2059
1972
1826
1625
1394
1164
965
806
689
623
591
544
456
329
188
34
-118
-242
-354
-510
-791
-1265
-1966
-2900
-3998
-5125
-6113
-6771
-6941
-6607
-5851
-4782
-3534
-2267
-1165
-310
362
945
1506
2107
2810
3624
4463
5181
5649
5799
5602
5067
4263
3334
2454
1747
1238
921
771
726
678
539
320
78
-134
-253
-205
53
509
1078
1654
2142
2471
2586
2478
2182
1755
1267
753
219
-339
-947
-1626
-2386
-3184
-3918
-4482
-4805
-4850
-4595
-4057
-3342
-2592
-1894
-1280
-788
-435
-178
54
293
522
730
895
990
979
843
594
272
-56
-356
-599
-759
-821
-809
-777
-745
-722
-713
-724
-744
-742
-686
-563
-381
-143
136
437
721
962
1154
1291
1368
1389
1382
1386
1419
1466
1517
1563
1593
1583
1517
1391
1226
1056
906
781
672
565
446
301
112
-111
-325
-485
-579
-631
-678
-780
-1031
-1531
-2290
-3237
-4269
-5258
-6030
-6397
-6265
-5702
-4850
-3811
-2688
-1643
-804
-149
453
1094
1792
2547
3401
4309
5115
5672
5921
5876
5552
4972
4237
3504
2882
2390
2007
1722
1517
1315
1047
716
376
82
-128
-210
-114
163
567
1022
1447
1787
1984
2010
1875
1608
1246
831
386
-88
-600
-1159
-1764
-2411
-3064
-3655
-4113
-4381
-4439
-4287
-3961
-3517
-3035
-2576
-2165
-1803
-1483
-1186
-879
-541
-193
123
374
539
601
554
429
262
96
-40
-127
-172
-193
-213
-255
-335
-447
-570
-682
-756
-772
-708
-575
-387
-166
76
323
557
767
955
1133
1306
1475
1638
1794
1943
2073
2175
2231
2235
2177
2067
1908
1700
1462
1225
1009
820
655
512
385
242
70
-127
-344
-568
-770
-935
-1055
-1166
-1310
-1527
-1852
-2306
-2878
-3508
-4122
-4611
-4877
-4868
-4594
-4088
-3400
-2616
-1832
-1102
-433
193
789
1371
1964
2567
3155
3665
4051
4282
4347
4246
3994
3640
3249
2865
2505
2172
1880
1626
1379
1118
852
604
389
225
135
137
222
369
548
735
892
988
1013
973
876
730
541
318
58
-249
-610
-1022
-1476
-1945
-2384
-2751
-3015
-3151
-3149
-3030
-2839
-2612
-2367
-2121
-1887
-1659
-1409
-1126
-827
-528
-234
40
259
412
501
547
563
552
527
499
471
435
376
296
199
86
-41
-156
-248
-314
-355
-371
-359
-328
-286
-234
-166
-79
18
120
221
317
394
452
493
519
534
542
550
561
573
577
572
557
544
529
503
471
437
407
380
358
341
327
314
303
295
290
279
252
213
152
64
-49
-183
-320
-455
-581
-690
-758
-787
-792
-762
-704
-638
-575
-521
-467
-407
-349
-288
-230
-170
-108
-44
25
88
150
219
299
390
491
602
720
834
943
1029
1096
1143
1154
1137
1086
1014
933
844
749
648
536
426
315
208
102
-5
-100
-186
-259
-320
-369
-405
-430
-448
-450
-442
-436
-426
-410
-384
-359
-344
-340
-345
-359
-379
-404
-430
-460
-493
-520
-538
-550
-541
-512
-473
-419
-356
-281
-201
-134
-77
-33
-1
11
7
-13
-52
-102
-162
-226
-292
-354
-411
-458
-492
-512
-514
-505
-482
-438
-378
-304
-217
-120
-13
97
212
325
441
547
635
702
750
786
814
822
823
816
815
824
833
850
874
893
914
921
897
844
754
622
441
215
-46
-336
-649
-976
-1297
-1595
-1847
-2053
-2181
-2264
-2317
-2313
-2266
-2153
-1992
-1810
-1602
-1382
-1147
-884
-615
-339
-57
226
513
795
1078
1349
1603
1822
2000
2165
2289
2378
2417
2389
2344
2274
2183
2084
1948
1811
1686
1558
1440
1315
1193
1086
971
857
736
605
476
339
191
35
-122
-273
-425
-572
-719
-854
-967
-1071
-1156
-1226
-1286
-1323
-1358
-1379
-1380
-1369
-1332
-1293
-1263
-1222
-1180
-1127
-1069
-1021
-972
-927
-879
-821
-768
-719
-675
-634
-585
-542
-510
-482
-452
-422
-395
-359
-322
-284
-252
-222
-190
-155
-118
-82
-47
-11
30
79
134
190
252
318
387
459
536
622
702
789
882
980
1088
1185
1266
1343
1405
1464
1514
1532
1534
1514
1478
1439
1363
1261
1137
986
823
631
410
173
-75
-336
-614
-889
-1154
-1398
-1615
-1818
-1968
-2079
-2159
-2195
-2213
-2181
-2091
-1972
-1817
-1648
-1455
-1214
-951
-672
-387
-96
202
496
778
1043
1292
1507
1674
1812
1908
1976
2011
1986
1932
1852
1755
1647
1535
1421
1311
1209
1119
1037
959
889
820
745
665
582
487
379
254
119
-26
-178
-334
-494
-649
-805
-951
-1083
-1195
-1288
-1362
-1423
-1470
-1499
-1510
-1509
-1494
-1466
-1426
-1371
-1310
-1237
-1156
-1065
-973
-878
-778
-677
-580
-489
-408
-338
-274
-220
-180
-155
-142
-133
-123
-119
-116
-107
-94
-78
-49
-11
38
93
161
239
320
402
486
566
641
710
774
832
884
925
960
988
1011
1030
1049
1070
1089
1103
1119
1137
1157
1179
1200
1212
1212
1198
1160
1103
1021
907
754
564
342
91
-191
-499
-815
-1141
-1469
-1789
-2085
-2338
-2537
-2686
-2784
-2832
-2830
-2770
-2654
-2491
-2287
-2046
-1775
-1488
-1185
-870
-550
-238
64
359
643
912
1156
1375
1568
1735
1873
1987
2075
2135
2166
2173
2161
2136
2095
2044
1978
1902
1822
1735
1643
1547
1444
1338
1224
1107
984
858
725
584
438
288
140
-12
-163
-315
-467
-615
-755
-889
-1018
-1140
-1250
-1349
-1438
-1517
-1586
-1638
-1670
-1685
-1683
-1667
-1640
-1597
-1537
-1467
-1392
-1306
-1215
-1119
-1027
-934
-842
-758
-686
-621
-563
-514
-474
-435
-400
-370
-344
-315
-279
-242
-202
-156
-104
-45
26
104
183
266
352
447
544
640
732
822
911
995
1076
1156
1228
1295
1358
1412
1463
1505
1536
1562
1579
1584
1577
1559
1529
1486
1425
1345
1240
1112
968
800
611
392
155
-105
-375
-653
-935
-1215
-1484
-1738
-1962
-2151
-2291
-2390
-2447
-2440
-2416
-2355
-2252
-2121
-1932
-1729
-1518
-1288
-1051
-793
-525
-269
-21
223
459
678
885
1075
1241
1388
1497
1587
1664
1708
1733
1718
1678
1647
1596
1532
1454
1351
1255
1153
1045
939
823
709
597
481
372
261
153
48
-59
-163
-264
-359
-458
-548
-631
-712
-775
-829
-877
-915
-946
-957
-957
-963
-959
-947
-924
-882
-840
-792
-737
-690
-626
-560
-496
-432
-370
-299
-226
-164
-106
-56
-17
13
35
50
55
53
47
36
19
-1
-21
-38
-50
-57
-59
-52
-37
-12
24
64
108
153
205
257
308
359
406
451
491
523
551
572
590
608
618
623
626
624
628
630
628
623
616
613
601
582
559
526
478
422
346
255
148
22
-123
-285
-461
-647
-833
-1033
-1234
-1402
-1544
-1646
-1717
-1773
-1787
-1764
-1703
-1604
-1483
-1329
-1142
-941
-720
-485
-240
8
245
472
689
900
1086
1246
1384
1489
1584
1648
1682
1688
1673
1617
1528
1460
1380
1304
1211
1095
998
911
824
744
651
566
489
404
325
247
168
91
7
-74
-153
-231
-313
-399
-479
-556
-622
-689
-759
-816
-873
-909
-923
-939
-943
-952
-949
-920
-899
-876
-843
-804
-750
-711
-684
-643
-607
-561
-514
-475
-434
-391
-348
-301
-265
-233
-203
-172
-135
-101
-71
-43
-14
18
53
85
114
147
177
204
243
285
324
358
386
418
455
481
510
527
535
557
576
593
602
611
617
620
620
617
615
608
597
588
579
568
552
529
501
462
421
379
329
268
204
136
64
-20
-111
-207
-309
-421
-541
-653
-765
-879
-990
-1096
-1182
-1247
-1287
-1311
-1329
-1337
-1319
-1278
-1212
-1128
-1031
-926
-816
-692
-551
-408
-267
-131
8
143
275
399
511
612
696
768
831
880
914
932
938
940
936
930
917
895
874
852
825
807
789
771
751
725
701
677
650
622
582
536
489
438
381
317
247
169
92
13
-67
-148
-228
-309
-389
-455
-512
-570
-629
-679
-722
-759
-789
-809
-822
-827
-830
-825
-806
-781
-751
-716
-678
-632
-584
-535
-486
-440
-398
-357
-321
-289
-256
-227
-204
-185
-165
-141
-118
-97
-78
-50
-16
19
58
96
136
180
226
277
325
369
414
457
498
534
563
585
601
610
615
615
612
598
580
565
549
535
521
506
496
485
476
465
452
436
419
395
368
332
285
231
172
107
30
-60
-153
-249
-346
-449
-554
-655
-757
-846
-923
-973
-1004
-1040
-1064
-1074
-1060
-1018
-977
-923
-857
-784
-689
-589
-483
-374
-264
-154
-41
74
185
287
376
449
518
583
631
667
680
684
685
678
673
656
628
610
591
574
555
530
510
495
479
464
445
429
416
392
367
335
299
260
213
161
108
50
-8
-69
-128
-190
-250
-309
-363
-407
-444
-472
-487
-495
-500
-501
-493
-480
-465
-449
-428
-400
-374
-350
-324
-297
-272
-244
-221
-198
-177
-158
-137
-118
-99
-80
-66
-55
-45
-35
-21
-11
-1
9
20
31
45
63
77
91
104
121
139
160
179
196
219
240
266
287
301
310
316
320
320
320
315
304
292
274
254
231
209
191
174
155
140
127
114
104
99
94
84
70
55
38
17
-7
-31
-64
-106
-156
-204
-258
-323
-395
-464
-531
-593
-642
-678
-711
-730
-738
-739
-723
-698
-654
-594
-537
-471
-400
-310
-211
-117
-23
73
173
266
355
437
507
568
615
649
675
686
687
677
654
635
615
589
562
528
501
484
465
446
424
403
386
370
357
342
319
290
262
234
203
156
104
55
3
-51
-111
-164
-218
-271
-329
-388
-434
-477
-516
-546
-570
-581
-584
-582
-573
-568
-556
-534
-516
-495
-469
-445
-415
-386
-354
-320
-287
-251
-212
-179
-143
-108
-73
-37
-1
31
61
86
111
134
152
167
176
195
210
220
230
237
250
266
280
299
316
335
363
386
405
423
435
456
470
466
464
457
451
438
404
372
338
305
272
229
179
136
99
75
49
23
4
-6
-11
-17
-21
-26
-36
-50
-65
-89
-120
-164
-221
-296
-379
-468
-568
-669
-784
-902
-979
-1044
-1094
-1135
-1186
-1192
-1177
-1139
-1076
-1024
-947
-842
-731
-603
-477
-349
-211
-73
62
195
322
444
559
661
755
832
903
972
1024
1064
1085
1097
1121
1138
1146
1142
1121
1111
1099
1075
1050
1003
952
903
851
803
735
659
590
518
443
366
276
188
96
-2
-95
-184
-272
-365
-457
-550
-630
-700
-775
-839
-897
-945
-968
-992
-1010
-1021
-1031
-1015
-993
-972
-942
-909
-858
-797
-743
-679
-614
-551
-483
-417
-352
-290
-229
-168
-112
-63
-16
28
64
94
123
151
176
197
219
247
271
294
318
349
377
405
436
466
497
528
554
578
595
610
623
622
612
599
581
559
531
492
453
411
375
343
308
271
238
211
191
172
152
132
115
102
85
62
34
2
-39
-85
-131
-184
-242
-304
-375
-452
-528
-609
-688
-767
-836
-883
-915
-934
-955
-970
-959
-935
-897
-852
-806
-744
-676
-603
-515
-431
-347
-255
-163
-68
25
115
206
298
385
472
560
639
709
772
820
867
902
933
956
967
954
926
915
889
862
826
769
725
679
631
585
528
474
428
378
330
277
222
167
111
53
-7
-69
-130
-193
-260
-327
-380
-430
-490
-544
-591
-619
-631
-652
-663
-675
-678
-655
-633
-614
-592
-568
-522
-478
-443
-403
-368
-333
-299
-271
-247
-222
-198
-174
-157
-145
-128
-109
-87
-73
-57
-36
-11
17
41
69
99
128
157
181
206
226
243
265
278
286
297
301
308
305
296
294
287
279
270
262
258
252
249
239
227
214
204
198
189
179
168
162
152
138
122
107
89
68
50
25
-1
-25
-54
-86
-120
-149
-176
-208
-245
-284
-323
-358
-389
-408
-420
-431
-441
-444
-443
-438
-423
-400
-372
-341
-311
-274
-229
-178
-129
-86
-39
12
65
114
158
196
236
275
310
341
363
375
382
386
386
384
381
374
364
355
344
330
314
300
284
269
252
236
220
200
182
163
142
118
90
60
30
-4
-38
-68
-94
-125
-159
-190
-219
-240
-261
-282
-299
-311
-311
-311
-314
-310
-305
-292
-277
-269
-257
-246
-233
-212
-195
-178
-161
-149
-132
-118
-110
-96
-82
-68
-54
-43
-30
-15
-1
12
25
37
53
70
81
92
105
117
130
134
138
143
148
150
148
145
147
147
146
145
133
126
125
121
119
109
101
97
90
83
76
69
59
46
34
24
15
7
-1
-10
-17
-24
-27
-30
-37
-42
-45
-47
-50
-50
-46
-46
-53
-61
-68
-76
-90
-106
-125
-144
-163
-173
-175
-181
-190
-196
-198
-193
-192
-181
-167
-154
-137
-119
-92
-65
-38
-16
9
40
71
98
126
154
181
203
223
243
256
268
277
282
284
288
290
292
284
273
264
254
244
229
212
194
172
154
139
121
98
71
48
26
1
-25
-52
-78
-105
-133
-156
-178
-200
-227
-253
-271
-290
-311
-329
-332
-333
-330
-328
-323
-316
-317
-314
-298
-282
-262
-241
-221
-199
-178
-152
-125
-102
-80
-52
-22
9
35
56
74
92
111
125
136
139
142
148
154
159
164
167
167
163
157
156
157
155
151
148
150
151
148
143
136
129
121
118
114
103
92
86
81
72
64
55
44
30
20
13
8
2
-3
-8
-12
-16
-20
-23
-24
-25
-28
-28
-31
-34
-39
-41
-43
-46
-54
-67
-79
-89
-101
-118
-131
-141
-155
-168
-182
-193
-194
-191
-189
-191
-189
-182
-169
-154
-137
-121
-105
-89
-69
-44
-20
1
22
45
70
95
118
139
157
175
195
212
223
232
237
239
239
242
246
244
235
230
224
215
205
193
181
169
155
137
119
104
87
67
47
31
14
-5
-22
-42
-62
-80
-101
-122
-138
-153
-165
-179
-189
-197
-206
-215
-218
-217
-214
-214
-210
-204
-193
-186
-176
-166
-157
-145
-134
-122
-110
-99
-87
-77
-70
-63
-54
-47
-40
-35
-32
-23
-13
-3
7
15
24
35
47
58
71
81
92
104
113
119
121
124
129
134
138
139
140
141
141
141
142
138
137
135
129
127
123
124
120
113
105
97
89
84
78
70
60
52
45
37
29
21
12
4
-6
-13
-22
-34
-44
-54
-65
-75
-87
-96
-109
-125
-136
-147
-159
-173
-189
-201
-209
-209
-207
-208
-207
-203
-196
-185
-173
-159
-143
-128
-110
-89
-65
-47
-30
-10
11
32
51
70
89
105
122
136
150
162
169
172
177
181
188
192
193
190
185
181
174
166
160
152
144
133
121
113
102
86
74
61
44
32
23
16
6
-2
-10
-19
-29
-39
-43
-46
-52
-59
-64
-68
-74
-78
-84
-90
-92
-95
-99
-102
-105
-111
-112
-114
-118
-119
-124
-125
-126
-126
-123
-119
-115
-109
-105
-102
-95
-84
-78
-69
-60
-51
-43
-36
-28
-19
-9
-1
8
14
19
29
36
44
51
59
67
73
77
82
87
91
96
102
106
113
116
118
117
115
112
113
111
105
102
99
94
91
88
86
81
74
68
61
57
51
45
39
32
23
16
7
-4
-13
-22
-31
-42
-49
-54
-62
-68
-75
-80
-86
-92
-95
-96
-99
-104
-107
-106
-105
-103
-101
-103
-103
-102
-99
-98
-97
-91
-86
-82
-77
-71
-67
-59
-49
-39
-27
-14
-3
10
24
38
54
67
75
85
97
107
116
125
128
133
137
137
137
136
136
137
135
133
130
128
127
122
117
109
102
93
82
69
62
55
41
28
14
-2
-18
-33
-44
-57
-69
-85
-95
-105
-114
-122
-134
-140
-141
-145
-147
-154
-159
-156
-153
-150
-150
-149
-145
-140
-134
-129
-125
-118
-108
-96
-87
-76
-67
-58
-44
-33
-21
-11
-1
7
15
26
37
47
56
65
73
82
91
97
105
112
118
126
128
130
135
138
137
138
138
138
137
135
133
127
123
116
111
103
95
88
80
71
63
55
44
30
20
12
7
1
-6
-11
-21
-30
-38
-42
-49
-56
-61
-66
-75
-81
-89
-96
-100
-106
-109
-115
-118
-121
-120
-122
-123
-122
-120
-116
-114
-111
-106
-101
-95
-87
-77
-68
-61
-52
-44
-35
-27
-15
-7
0
7
14
23
30
37
49
60
68
77
84
93
103
111
115
118
121
128
131
132
129
124
124
121
115
108
101
95
86
79
70
60
54
45
37
28
16
10
2
-5
-13
-21
-31
-41
-49
-58
-67
-74
-78
-82
-90
-95
-100
-106
-109
-106
-104
-105
-102
-97
-91
-88
-83
-80
-78
-77
-71
-65
-59
-53
-49
-44
-36
-30
-24
-21
-19
-12
-5
4
11
20
28
33
40
48
57
60
63
65
70
76
76
77
78
76
71
69
68
64
62
60
57
54
50
48
44
41
38
37
33
28
26
25
22
16
12
7
1
-3
-6
-8
-14
-17
-21
-25
-32
-36
-39
-40
-42
-44
-44
-42
-41
-37
-34
-35
-32
-29
-23
-20
-19
-20
-22
-21
-17
-13
-12
-13
-11
-9
-5
-4
-3
-4
-4
-3
-2
-1
0
2
5
10
12
13
13
10
11
11
10
10
10
8
8
7
6
8
7
10
13
13
14
16
16
16
17
20
21
17
17
16
16
14
11
11
8
6
4
2
1
0
1
1
-4
-10
-13
-13
-13
-14
-15
-17
-16
-15
-14
-13
-13
-13
-10
-9
-14
-16
-16
-13
-14
-16
-17
-15
-13
-9
-6
-5
-4
-3
1
4
5
7
9
10
11
9
10
10
7
6
6
8
8
8
7
8
11
11
12
12
13
15
16
14
13
10
11
10
9
9
8
7
3
0
-1
-4
-8
-10
-13
-16
-17
-16
-16
-16
-15
-13
-9
-8
-7
-6
-5
-4
-2
-3
-4
-4
-4
-3
-3
-6
-7
-7
-5
-5
-4
0
2
2
3
5
4
3
3
5
6
8
11
14
12
11
12
13
12
14
14
12
9
8
11
12
9
7
6
6
6
5
5
5
7
11
11
8
4
-1
-3
-5
-7
-10
-11
-12
-16
-19
-18
-18
-19
-16
-12
-13
-13
-13
-13
-12
-11
-9
-8
-10
-9
-9
-6
-4
-1
0
0
2
2
3
4
0
1
3
3
1
2
3
5
7
8
9
10
8
7
8
5
7
6
4
2
3
3
3
1
1
1
2
3
3
3
5
7
8
6
5
4
2
4
5
3
2
1
-2
-2
-3
-3
-4
-5
-4
-2
-3
-3
-1
-1
-2
-4
1
5
6
5
7
9
9
8
7
4
1
-2
-2
0
-3
-7
-9
-7
-7
-9
-11
-11
-9
-4
-4
-3
-4
-4
-3
-3
-3
-4
-7
-5
-3
-3
-2
-2
-4
-5
-4
-1
-2
-1
-2
-4
-4
-3
-1
-1
0
1
4
6
5
4
5
9
14
11
7
6
8
10
11
7
5
5
6
8
10
10
11
12
11
11
11
13
15
13
11
7
8
8
8
6
3
4
3
0
-3
-8
-8
-8
-9
-11
-15
-20
-19
-20
-19
-20
-20
-16
-16
-13
-14
-14
-10
-10
-11
-11
-11
-10
-9
-9
-6
-8
-7
-3
0
0
-1
-1
1
3
5
6
4
2
2
0
-2
-1
2
5
3
3
4
6
6
6
7
7
7
8
10
8
9
7
11
14
12
8
8
11
11
13
11
11
10
9
6
0
1
2
2
0
-2
-1
1
1
0
2
3
4
6
4
1
-1
0
0
-3
-7
-9
-9
-8
-10
-11
-10
-8
-5
-5
-6
-7
-7
-4
-4
-7
-9
-7
-7
-4
-1
-1
-2
0
2
1
-2
-4
-5
-2
-2
-2
-5
-8
-7
-8
-6
-9
-7
-1
2
6
8
9
10
