1
3
4
5
4
4
2
2
4
4
4
4
4
5
4
2
1
1
1
1
2
1
2
3
4
3
3
3
2
0
-2
-1
0
-1
-1
-2
-4
-5
-4
-4
-2
-3
-2
-2
-2
-2
-1
1
0
-1
-1
0
0
0
0
-3
-2
-4
-3
-2
-2
-2
-2
-2
-3
-1
0
-1
-1
0
0
1
3
2
3
2
2
3
3
2
3
2
0
-2
-1
-2
-1
1
2
3
1
2
3
5
3
2
1
-1
1
1
0
0
-2
-2
-2
-2
0
1
1
1
1
1
0
2
5
5
5
5
3
3
2
3
2
0
0
2
2
1
2
2
2
0
0
-1
0
0
-1
-1
-1
-1
-2
-1
-3
-2
-2
-2
-1
-2
-1
-2
-3
-4
-3
-1
-2
0
1
0
0
1
0
0
-1
-1
-3
-3
-3
-3
-2
-3
-4
-2
-2
-3
-2
-1
-2
-1
0
2
1
1
1
2
1
-1
-2
0
1
-1
0
0
1
2
4
4
4
5
6
5
6
7
8
9
8
7
6
7
5
5
2
0
-2
-1
0
-2
-2
-3
-3
-3
-2
-1
-1
0
2
1
0
1
1
1
1
1
2
0
0
-2
-2
-3
-6
-5
-5
-5
-5
-5
-4
-2
-1
-1
-3
-2
-3
-4
-4
-4
-3
-3
-3
-3
-2
-2
-4
-3
-5
-3
-2
-3
-2
-1
-1
1
1
3
4
5
5
5
6
5
7
5
7
6
6
7
6
6
6
4
4
4
3
2
4
1
1
0
0
2
2
1
0
-1
-2
-3
-2
-3
-4
-2
-1
-3
-2
-1
-2
-1
-2
-2
-2
-3
-2
-2
-4
-3
-2
-1
1
1
0
1
1
1
2
1
2
1
-1
0
-1
1
-1
-1
-1
1
0
0
0
-2
-3
-3
-1
0
0
1
0
0
-2
-1
-3
-3
-3
-3
-2
-1
2
1
1
0
-2
-1
-1
0
0
0
0
2
1
2
0
-1
-3
-3
-4
-3
-2
-2
0
0
1
2
3
4
6
3
3
3
3
4
5
3
1
3
3
2
4
4
2
2
3
3
3
1
2
0
1
1
4
5
5
5
4
5
3
3
1
0
-1
-2
-2
-1
0
-1
-1
-3
-4
-3
-3
-4
-4
-5
-6
-7
-7
-8
-9
-10
-10
-9
-7
-8
-5
-4
-3
-4
-4
-5
-3
-3
-3
-3
-3
-1
-1
1
1
2
2
3
3
3
4
5
7
6
8
8
8
8
7
7
7
6
7
4
4
3
3
3
3
2
0
0
1
0
-1
1
0
0
0
0
0
2
1
0
0
-1
0
0
-1
-1
-1
-1
-1
-1
-2
-2
-2
-2
-1
0
-1
-1
-2
-4
-4
-6
-7
-7
-9
-9
-9
-9
-6
-7
-5
-4
-4
-2
0
-2
0
2
2
3
3
3
2
3
4
3
3
3
3
2
4
6
6
6
5
5
4
4
5
4
5
6
6
7
7
5
4
2
2
4
3
3
5
2
1
2
1
0
0
-3
-4
-2
-3
-2
-2
-2
-1
-1
-1
-1
0
-4
-3
-4
-3
-2
-1
1
-1
-1
-2
-3
-4
-4
-4
-6
-5
-7
-8
-7
-9
-8
-9
-11
-11
-10
-10
-10
-9
-10
-11
-11
-8
-8
-7
-6
-3
-4
-1
0
0
1
1
3
5
6
7
7
6
4
5
5
6
7
6
7
5
5
5
7
8
10
10
11
12
13
14
15
15
14
14
15
11
10
10
10
13
11
9
5
5
5
7
7
7
6
10
10
11
11
9
8
7
5
2
-1
-3
-7
-9
-11
-13
-13
-15
-14
-14
-15
-15
-15
-14
-16
-17
-19
-22
-27
-30
-32
-35
-36
-38
-42
-41
-42
-43
-47
-52
-56
-62
-65
-70
-77
-83
-84
-85
-84
-90
-93
-92
-95
-96
-101
-108
-111
-113
-116
-120
-130
-131
-130
-126
-120
-118
-113
-103
-93
-82
-78
-72
-68
-63
-58
-56
-58
-57
-54
-52
-46
-39
-28
-12
7
33
62
98
138
178
217
257
305
346
382
414
441
482
515
533
557
576
609
654
670
694
710
728
764
768
758
741
710
698
662
598
536
462
400
339
263
188
117
48
-17
-81
-142
-199
-252
-314
-375
-429
-484
-532
-587
-648
-688
-735
-775
-814
-874
-905
-926
-945
-954
-988
-1011
-1007
-1005
-984
-973
-966
-925
-888
-848
-816
-797
-755
-705
-660
-614
-575
-547
-520
-488
-450
-402
-350
-298
-260
-237
-227
-223
-223
-233
-253
-296
-366
-453
-545
-611
-636
-620
-574
-513
-441
-348
-223
-64
125
317
482
612
717
818
930
1053
1185
1315
1442
1570
1720
1904
2110
2312
2493
2650
2770
2844
2875
2870
2817
2699
2534
2343
2129
1894
1651
1433
1236
1049
877
722
566
391
208
34
-140
-346
-589
-861
-1148
-1429
-1668
-1853
-2011
-2166
-2313
-2415
-2458
-2450
-2396
-2327
-2287
-2278
-2272
-2234
-2181
-2143
-2123
-2113
-2112
-2101
-2039
-1922
-1784
-1652
-1503
-1321
-1125
-930
-734
-539
-373
-243
-119
9
119
199
270
359
458
554
660
783
904
1005
1102
1218
1345
1452
1533
1602
1658
1696
1726
1775
1834
1866
1867
1866
1878
1891
1899
1902
1892
1850
1780
1715
1663
1607
1534
1433
1309
1162
1004
858
720
581
436
285
127
-50
-258
-496
-736
-954
-1173
-1445
-1777
-2157
-2573
-2963
-3199
-3251
-3253
-3330
-3442
-3484
-3435
-3312
-3072
-2732
-2473
-2404
-2375
-2198
-1918
-1676
-1442
-1132
-833
-630
-367
113
672
1100
1457
1902
2354
2651
2867
3140
3365
3365
3240
3196
3188
3039
2802
2664
2601
2462
2285
2222
2233
2150
1974
1860
1813
1699
1497
1296
1102
812
436
101
-148
-398
-697
-973
-1190
-1395
-1584
-1666
-1617
-1552
-1558
-1595
-1585
-1556
-1553
-1549
-1523
-1556
-1706
-1876
-1951
-1955
-1974
-2004
-1980
-1918
-1860
-1754
-1540
-1282
-1093
-961
-794
-600
-461
-381
-297
-227
-232
-264
-215
-97
-11
41
143
312
484
648
859
1093
1259
1347
1438
1555
1636
1644
1631
1618
1570
1489
1438
1442
1448
1424
1401
1412
1437
1457
1477
1503
1500
1438
1336
1229
1123
988
820
641
469
298
140
16
-98
-262
-478
-681
-836
-1005
-1250
-1574
-1964
-2397
-2777
-2988
-3040
-3077
-3193
-3316
-3331
-3217
-2993
-2668
-2328
-2122
-2074
-2014
-1815
-1549
-1330
-1152
-971
-818
-664
-371
116
640
1068
1475
1959
2450
2856
3215
3558
3758
3742
3656
3633
3584
3390
3122
2892
2673
2419
2217
2142
2087
1935
1754
1671
1652
1581
1460
1330
1144
838
494
220
-20
-335
-722
-1076
-1361
-1619
-1822
-1911
-1924
-1974
-2064
-2080
-1988
-1885
-1839
-1814
-1795
-1847
-1975
-2057
-2056
-2077
-2191
-2306
-2328
-2293
-2245
-2129
-1909
-1688
-1529
-1352
-1085
-813
-629
-494
-344
-218
-166
-117
-5
106
146
177
299
471
613
756
949
1151
1292
1409
1574
1748
1845
1876
1910
1949
1949
1919
1910
1912
1886
1836
1812
1817
1824
1810
1790
1769
1728
1655
1559
1453
1337
1200
1038
869
698
529
363
209
56
-128
-350
-583
-800
-1032
-1342
-1738
-2191
-2651
-3035
-3270
-3377
-3452
-3567
-3672
-3676
-3549
-3315
-3013
-2730
-2563
-2497
-2405
-2208
-1958
-1741
-1564
-1397
-1248
-1062
-737
-258
245
692
1150
1675
2207
2682
3126
3531
3793
3882
3916
3975
3963
3792
3537
3297
3059
2799
2586
2464
2337
2125
1915
1814
1782
1704
1563
1406
1214
950
684
482
293
9
-358
-687
-930
-1138
-1342
-1521
-1679
-1868
-2047
-2106
-2036
-1965
-1987
-2041
-2054
-2044
-2039
-2006
-1955
-1978
-2111
-2239
-2261
-2231
-2228
-2232
-2196
-2142
-2078
-1948
-1721
-1484
-1311
-1153
-940
-701
-495
-316
-146
-12
78
187
359
539
659
740
842
980
1133
1304
1490
1650
1758
1851
1975
2123
2229
2270
2273
2257
2226
2188
2166
2152
2103
2004
1906
1849
1800
1732
1659
1598
1510
1370
1225
1115
992
813
617
464
329
172
5
-150
-338
-582
-814
-985
-1188
-1548
-2055
-2590
-3061
-3401
-3562
-3596
-3667
-3847
-4003
-3973
-3744
-3413
-3074
-2807
-2678
-2631
-2516
-2268
-1998
-1819
-1718
-1617
-1481
-1258
-888
-406
69
502
983
1569
2174
2717
3200
3607
3887
4056
4215
4375
4406
4244
3996
3771
3574
3374
3197
3038
2813
2515
2272
2171
2126
2010
1818
1606
1384
1146
936
776
587
283
-82
-387
-612
-833
-1081
-1325
-1567
-1836
-2104
-2299
-2426
-2550
-2695
-2798
-2829
-2830
-2829
-2801
-2735
-2673
-2628
-2568
-2474
-2391
-2358
-2344
-2311
-2269
-2230
-2168
-2058
-1926
-1802
-1661
-1464
-1219
-962
-699
-407
-92
204
462
700
927
1121
1280
1428
1581
1715
1824
1928
2047
2174
2295
2411
2524
2623
2692
2734
2749
2737
2692
2616
2515
2399
2276
2149
2012
1869
1722
1575
1436
1324
1239
1147
1024
878
733
596
458
325
193
42
-142
-347
-549
-754
-978
-1222
-1499
-1875
-2430
-3119
-3719
-4008
-3995
-3944
-4080
-4346
-4487
-4375
-4084
-3722
-3348
-3075
-3020
-3055
-2906
-2535
-2205
-2096
-2097
-2034
-1875
-1595
-1136
-574
-92
334
937
1748
2511
3098
3639
4171
4517
4669
4883
5202
5309
5053
4713
4548
4425
4183
3922
3733
3469
3067
2761
2704
2682
2456
2119
1857
1621
1309
1029
883
680
227
-305
-624
-766
-1004
-1393
-1743
-1993
-2259
-2537
-2687
-2733
-2873
-3145
-3347
-3355
-3288
-3285
-3294
-3224
-3136
-3092
-3020
-2845
-2657
-2582
-2558
-2444
-2254
-2108
-2012
-1869
-1681
-1545
-1450
-1279
-1033
-845
-741
-584
-313
-37
171
388
664
904
1054
1213
1459
1703
1852
1960
2126
2323
2457
2547
2653
2749
2768
2751
2772
2811
2783
2692
2603
2540
2463
2368
2287
2199
2057
1892
1772
1699
1603
1470
1336
1199
1008
771
586
480
367
187
-19
-226
-465
-737
-976
-1179
-1458
-1928
-2575
-3281
-3873
-4191
-4241
-4260
-4463
-4764
-4875
-4669
-4291
-3895
-3513
-3211
-3084
-3042
-2837
-2431
-2089
-1993
-2016
-1958
-1781
-1511
-1125
-680
-295
74
640
1428
2192
2774
3289
3811
4224
4493
4793
5155
5309
5105
4798
4681
4664
4511
4233
3962
3665
3280
2956
2835
2757
2484
2067
1724
1478
1202
927
739
539
167
-262
-499
-569
-730
-1057
-1377
-1611
-1872
-2185
-2426
-2578
-2785
-3081
-3299
-3357
-3375
-3458
-3533
-3497
-3397
-3297
-3158
-2955
-2765
-2671
-2595
-2426
-2210
-2064
-2002
-1929
-1808
-1689
-1573
-1408
-1198
-1012
-857
-643
-333
-9
256
504
779
1044
1257
1463
1706
1926
2057
2147
2294
2483
2619
2685
2746
2807
2828
2822
2838
2844
2781
2669
2588
2545
2470
2344
2210
2077
1910
1744
1634
1559
1433
1238
1050
915
796
677
587
535
446
254
3
-236
-460
-730
-1084
-1555
-2228
-3104
-3945
-4395
-4413
-4391
-4674
-5117
-5299
-5067
-4632
-4159
-3673
-3283
-3148
-3133
-2886
-2367
-1961
-1922
-2045
-2056
-1939
-1739
-1388
-942
-614
-377
119
992
1860
2431
2903
3493
4020
4334
4676
5195
5532
5369
5033
4992
5143
5085
4798
4536
4278
3857
3426
3267
3223
2906
2326
1839
1551
1241
848
546
317
-67
-580
-908
-959
-1039
-1357
-1718
-1889
-1952
-2047
-2137
-2170
-2276
-2535
-2769
-2800
-2741
-2832
-3084
-3330
-3483
-3580
-3622
-3594
-3563
-3622
-3702
-3645
-3433
-3215
-3068
-2912
-2665
-2361
-2035
-1650
-1221
-851
-575
-266
176
659
1041
1317
1595
1885
2123
2306
2481
2625
2662
2615
2590
2634
2686
2682
2651
2642
2668
2729
2832
2946
3023
3051
3065
3095
3124
3112
3045
2917
2729
2501
2261
2032
1795
1530
1244
964
723
537
382
223
53
-115
-306
-559
-877
-1284
-1909
-2871
-4086
-5395
-6739
-8045
-9042
-9528
-9818
-10366
-10957
-10824
-9727
-8284
-7011
-5676
-3991
-2185
-522
1234
3239
5014
6102
6751
7443
8104
8363
8239
7973
7500
6716
5884
5288
4674
3663
2465
1587
1061
521
-75
-415
-486
-604
-764
-598
-18
552
815
972
1279
1665
1968
2211
2408
2400
2134
1838
1696
1571
1272
892
601
360
78
-129
-144
-162
-436
-857
-1123
-1232
-1495
-2030
-2643
-3195
-3780
-4451
-5053
-5473
-5798
-6110
-6304
-6239
-5898
-5369
-4720
-3986
-3169
-2253
-1275
-343
471
1201
1855
2324
2554
2666
2746
2678
2339
1859
1451
1111
706
258
-74
-246
-348
-399
-318
-85
226
565
963
1436
1945
2451
2928
3331
3633
3870
4079
4191
4118
3911
3681
3420
3037
2559
2140
1832
1516
1139
810
631
529
406
298
276
300
267
160
55
-31
-153
-352
-625
-981
-1425
-1915
-2421
-3021
-3847
-4887
-5984
-7042
-8046
-8841
-9154
-9036
-8928
-9001
-8754
-7675
-6031
-4472
-3118
-1625
49
1601
2997
4458
5841
6701
6998
7158
7348
7291
6859
6261
5590
4730
3795
3125
2688
2072
1202
516
290
257
131
59
227
473
615
827
1332
1939
2287
2365
2447
2643
2805
2838
2785
2634
2321
1925
1637
1457
1187
775
386
98
-204
-554
-787
-906
-1177
-1720
-2281
-2662
-3064
-3703
-4387
-4831
-5153
-5613
-6091
-6262
-6123
-5925
-5674
-5170
-4428
-3647
-2861
-1982
-1043
-185
553
1190
1660
1936
2098
2171
2066
1773
1436
1114
711
216
-215
-489
-683
-844
-866
-695
-416
-101
295
833
1449
2049
2607
3129
3595
3987
4288
4464
4489
4405
4259
4029
3663
3211
2771
2358
1928
1504
1158
896
667
473
380
394
430
441
449
478
484
439
357
247
69
-197
-514
-867
-1299
-1825
-2417
-3131
-4087
-5236
-6380
-7420
-8355
-9017
-9202
-9143
-9271
-9414
-8843
-7398
-5785
-4471
-3094
-1348
422
1924
3473
5202
6546
7120
7365
7760
8034
7773
7170
6562
5828
4831
3896
3299
2710
1762
778
274
165
6
-230
-227
1
162
287
693
1365
1878
2043
2142
2403
2689
2819
2843
2823
2649
2293
1962
1777
1569
1156
666
307
13
-376
-803
-1130
-1457
-1971
-2568
-2967
-3197
-3571
-4206
-4831
-5222
-5474
-5730
-5922
-5938
-5828
-5648
-5287
-4667
-3887
-3096
-2336
-1571
-785
25
801
1399
1743
1932
2081
2130
1974
1666
1308
907
448
12
-298
-516
-698
-794
-728
-497
-125
360
909
1453
1988
2558
3133
3632
4022
4336
4551
4602
4519
4379
4188
3869
3419
2946
2513
2089
1648
1244
938
716
548
432
382
381
417
492
567
586
543
471
371
224
56
-137
-457
-949
-1503
-2098
-2945
-4150
-5464
-6678
-7873
-9026
-9714
-9806
-9901
-10372
-10520
-9516
-7757
-6232
-4978
-3313
-1235
606
2169
3994
5906
7095
7467
7782
8298
8431
7925
7250
6617
5686
4487
3589
3060
2279
1087
173
-47
-69
-359
-583
-343
72
260
475
1118
1939
2388
2485
2693
3105
3383
3376
3292
3199
2910
2453
2115
1920
1565
986
504
250
-36
-476
-810
-969
-1303
-1947
-2531
-2838
-3190
-3850
-4521
-4924
-5272
-5769
-6165
-6229
-6160
-6130
-5922
-5374
-4685
-4012
-3237
-2330
-1472
-694
145
959
1487
1746
1964
2132
2056
1776
1483
1165
684
118
-326
-631
-907
-1119
-1144
-981
-702
-306
232
867
1541
2245
2965
3625
4178
4644
5025
5256
5298
5193
4990
4670
4213
3682
3151
2621
2073
1536
1061
668
368
147
-24
-153
-180
-88
35
93
119
167
179
87
-53
-174
-372
-747
-1224
-1670
-2164
-2930
-4003
-5165
-6272
-7350
-8339
-8968
-9160
-9272
-9543
-9576
-8813
-7395
-5953
-4669
-3190
-1408
328
1878
3496
5141
6323
6884
7262
7713
7900
7557
6952
6339
5582
4622
3761
3141
2444
1502
697
374
298
111
-91
-14
269
501
738
1203
1797
2174
2292
2464
2809
3086
3112
2999
2865
2625
2268
1949
1705
1364
852
374
66
-214
-598
-973
-1239
-1525
-1943
-2358
-2642
-2963
-3523
-4207
-4749
-5134
-5516
-5911
-6194
-6307
-6291
-6096
-5652
-5013
-4304
-3551
-2709
-1789
-855
61
900
1561
2000
2297
2508
2560
2387
2063
1688
1254
747
256
-136
-456
-722
-855
-779
-539
-213
190
687
1276
1936
2625
3264
3782
4196
4550
4814
4924
4860
4667
4369
3946
3425
2886
2378
1869
1336
845
475
224
40
-95
-144
-100
0
140
309
464
540
527
485
421
283
51
-262
-672
-1188
-1727
-2282
-3066
-4230
-5549
-6718
-7749
-8733
-9420
-9581
-9591
-9857
-9942
-9080
-7444
-5913
-4696
-3199
-1265
581
2140
3800
5542
6751
7269
7672
8212
8394
7918
7211
6606
5852
4821
3898
3276
2537
1474
591
306
270
9
-283
-206
112
328
554
1069
1697
2029
2110
2324
2717
2968
2954
2875
2822
2659
2368
2130
1965
1650
1136
683
419
146
-286
-715
-1007
-1319
-1786
-2250
-2579
-2977
-3654
-4420
-4972
-5360
-5814
-6270
-6493
-6488
-6428
-6268
-5826
-5142
-4407
-3652
-2782
-1827
-890
1
824
1473
1892
2178
2352
2313
2053
1723
1389
959
428
-48
-370
-616
-833
-903
-735
-393
23
512
1105
1778
2475
3154
3767
4268
4647
4923
5092
5102
4955
4690
4339
3885
3343
2780
2229
1657
1099
659
375
153
-65
-194
-172
-66
33
147
314
486
575
561
484
376
218
-17
-315
-649
-1032
-1498
-2017
-2587
-3352
-4419
-5615
-6715
-7718
-8646
-9238
-9373
-9480
-9851
-9888
-8892
-7258
-5894
-4789
-3246
-1260
538
2072
3795
5533
6625
7113
7640
8261
8386
7892
7275
6719
5948
5003
4256
3644
2752
1665
961
772
610
241
6
131
361
511
805
1362
1889
2129
2275
2581
2933
3084
3038
2947
2810
2560
2266
2016
1720
1275
792
443
172
-202
-675
-1115
-1513
-1985
-2501
-2916
-3254
-3700
-4283
-4815
-5181
-5487
-5831
-6122
-6226
-6128
-5898
-5571
-5146
-4599
-3908
-3105
-2274
-1452
-632
141
773
1243
1635
1969
2119
2007
1739
1461
1164
760
276
-148
-426
-576
-616
-529
-308
40
507
1075
1705
2352
2983
3558
4040
4433
4750
4965
5008
4869
4620
4304
3898
3378
2798
2232
1698
1195
747
384
117
-83
-234
-315
-300
-211
-103
-9
83
165
204
167
81
-43
-215
-439
-687
-921
-1161
-1437
-1717
-1939
-2153
-2604
-3424
-4417
-5374
-6306
-7224
-7843
-8045
-8295
-8876
-9193
-8526
-7207
-6093
-5155
-3768
-1976
-327
1169
2921
4684
5816
6456
7206
7989
8207
7843
7415
6989
6285
5464
4855
4234
3215
2115
1532
1328
979
516
327
394
391
416
770
1296
1612
1724
1933
2258
2471
2532
2560
2511
2281
1970
1749
1537
1173
742
417
177
-137
-512
-825
-1112
-1505
-1948
-2289
-2578
-3019
-3615
-4150
-4558
-4977
-5433
-5762
-5914
-6013
-6044
-5826
-5329
-4730
-4105
-3355
-2474
-1596
-794
-23
710
1296
1700
1988
2164
2151
1928
1595
1238
823
352
-65
-346
-530
-645
-617
-395
-46
359
840
1419
2017
2564
3074
3555
3953
4204
4334
4382
4310
4097
3780
3401
2969
2495
2022
1583
1172
796
484
249
79
-36
-83
-69
-45
-48
-55
-31
-29
-125
-306
-506
-699
-901
-1114
-1326
-1528
-1703
-1815
-1838
-1776
-1682
-1567
-1402
-1256
-1348
-1795
-2423
-3100
-3957
-4971
-5689
-5950
-6339
-7217
-7861
-7492
-6551
-5832
-5120
-3822
-2204
-796
637
2467
4216
5291
6025
6912
7661
7830
7639
7375
6834
5958
5195
4676
3911
2753
1789
1359
1063
631
354
414
536
582
783
1225
1650
1878
2013
2144
2225
2220
2119
1898
1578
1249
938
593
209
-150
-445
-675
-860
-1077
-1373
-1687
-1964
-2275
-2635
-2893
-3032
-3294
-3765
-4162
-4273
-4312
-4482
-4612
-4485
-4210
-3928
-3558
-3020
-2427
-1905
-1390
-813
-230
271
673
978
1182
1326
1435
1428
1238
956
727
543
286
-8
-197
-266
-308
-322
-193
91
423
738
1098
1551
2022
2416
2731
3015
3265
3425
3450
3361
3196
2974
2696
2359
1970
1570
1196
846
515
225
24
-95
-189
-285
-351
-347
-320
-337
-385
-407
-408
-470
-622
-773
-854
-918
-1042
-1166
-1200
-1164
-1125
-1067
-948
-769
-602
-616
-947
-1510
-2141
-2893
-3819
-4607
-4950
-5206
-5864
-6536
-6430
-5638
-4885
-4214
-3111
-1654
-351
834
2267
3706
4610
5114
5655
6106
6134
5847
5484
4936
4183
3584
3221
2711
1965
1413
1279
1257
1167
1178
1348
1519
1630
1781
1954
2057
2062
1963
1782
1608
1454
1199
798
437
229
27
-254
-517
-668
-797
-944
-1045
-1154
-1347
-1572
-1729
-1889
-2158
-2424
-2603
-2779
-3031
-3248
-3306
-3315
-3378
-3416
-3326
-3140
-2946
-2700
-2335
-1896
-1466
-1071
-659
-235
133
415
611
732
777
747
658
503
313
114
-75
-235
-352
-391
-372
-301
-149
94
426
782
1124
1457
1786
2098
2323
2449
2521
2558
2536
2425
2252
2065
1870
1661
1443
1248
1079
927
779
646
558
526
510
443
323
199
116
36
-90
-234
-338
-416
-528
-677
-768
-783
-799
-830
-816
-741
-667
-620
-542
-452
-385
-334
-289
-251
-249
-348
-679
-1258
-1898
-2544
-3262
-3951
-4368
-4537
-4794
-5050
-4853
-4168
-3375
-2622
-1643
-468
571
1503
2476
3353
3872
4089
4248
4244
3985
3610
3192
2679
2083
1669
1488
1298
1070
960
1092
1338
1558
1792
2019
2229
2377
2417
2383
2278
2103
1788
1357
952
560
117
-367
-775
-1015
-1152
-1201
-1185
-1126
-980
-764
-558
-449
-398
-354
-411
-612
-862
-1081
-1360
-1793
-2255
-2593
-2813
-3000
-3151
-3146
-2946
-2625
-2254
-1828
-1317
-787
-326
52
358
577
666
638
517
317
84
-143
-384
-651
-878
-971
-955
-889
-749
-491
-156
170
477
795
1093
1320
1462
1539
1562
1529
1442
1288
1108
949
815
699
609
570
573
607
689
808
938
1051
1149
1227
1259
1222
1118
974
796
565
296
42
-172
-367
-542
-640
-629
-564
-490
-388
-256
-123
-7
83
128
108
52
-5
-79
-175
-275
-366
-437
-481
-563
-806
-1184
-1561
-1906
-2304
-2671
-2807
-2799
-2907
-3047
-2864
-2342
-1823
-1349
-710
27
638
1142
1688
2160
2371
2382
2342
2246
2053
1805
1528
1228
966
822
787
804
815
845
976
1203
1421
1538
1596
1644
1639
1517
1278
982
667
336
-3
-284
-434
-484
-551
-603
-495
-198
109
284
384
517
661
691
536
247
-70
-415
-837
-1286
-1624
-1833
-2019
-2173
-2162
-1944
-1652
-1394
-1150
-850
-512
-234
-61
34
85
85
-3
-174
-373
-544
-686
-834
-954
-957
-851
-744
-663
-523
-297
-77
57
132
214
293
309
246
155
73
-21
-147
-253
-279
-239
-178
-94
44
238
462
694
897
1045
1158
1257
1299
1247
1162
1097
1001
819
627
515
445
333
227
224
289
319
309
333
397
419
366
290
249
216
132
6
-88
-132
-168
-207
-195
-104
25
168
326
484
633
764
775
559
147
-333
-870
-1522
-2188
-2680
-2997
-3284
-3480
-3368
-2915
-2319
-1700
-1015
-254
476
1085
1558
1855
1938
1836
1614
1307
947
583
256
-7
-158
-127
98
406
683
941
1268
1627
1826
1763
1577
1396
1129
681
223
-53
-238
-498
-711
-643
-348
-86
98
400
844
1228
1410
1444
1410
1273
988
611
237
-106
-440
-751
-980
-1086
-1080
-1018
-951
-865
-707
-488
-312
-248
-246
-239
-256
-358
-513
-643
-738
-844
-949
-980
-918
-843
-808
-763
-650
-521
-458
-458
-467
-468
-507
-590
-684
-761
-825
-883
-927
-927
-863
-746
-620
-487
-314
-95
103
226
309
410
528
606
618
629
695
782
813
802
842
931
965
916
902
966
997
915
809
782
753
634
513
506
563
568
554
601
677
704
696
726
780
784
738
709
721
756
778
763
712
660
566
286
-222
-797
-1298
-1838
-2504
-3089
-3353
-3408
-3492
-3485
-3091
-2370
-1693
-1165
-575
153
767
1084
1192
1243
1209
1003
674
356
132
-10
-90
-88
59
350
683
925
1053
1159
1258
1228
994
670
428
272
102
-67
-111
8
194
390
650
990
1312
1509
1617
1694
1711
1581
1303
984
714
482
254
48
-86
-134
-128
-113
-111
-127
-155
-211
-314
-441
-547
-636
-760
-900
-967
-939
-898
-900
-880
-776
-655
-606
-620
-636
-667
-778
-950
-1099
-1211
-1323
-1434
-1485
-1461
-1399
-1318
-1218
-1107
-1006
-916
-842
-792
-769
-750
-706
-636
-543
-418
-258
-60
166
391
585
759
928
1047
1075
1045
1032
1040
997
910
872
927
995
1010
1038
1163
1330
1408
1387
1377
1406
1351
1167
1006
970
932
767
614
622
704
717
710
783
890
970
1028
1050
1016
967
857
423
-428
-1334
-2012
-2699
-3594
-4260
-4272
-3999
-3922
-3753
-2966
-1798
-870
-215
473
1132
1473
1476
1319
1047
684
329
-15
-358
-544
-418
-139
70
346
854
1393
1587
1445
1287
1163
850
318
-137
-326
-411
-492
-395
-41
369
689
1046
1428
1659
1695
1627
1473
1189
847
570
342
90
-105
-69
162
331
386
507
698
703
448
161
-72
-391
-817
-1119
-1179
-1152
-1132
-1001
-692
-357
-113
84
243
259
129
-63
-318
-678
-1085
-1403
-1605
-1760
-1858
-1790
-1570
-1357
-1192
-968
-722
-625
-685
-754
-822
-979
-1184
-1289
-1271
-1192
-1053
-792
-432
-81
233
584
939
1158
1214
1224
1216
1095
874
678
591
564
566
660
865
1114
1330
1522
1688
1735
1659
1544
1409
1193
873
580
394
282
218
242
404
608
824
1106
1389
1603
1724
1700
1235
179
-969
-1827
-2676
-3817
-4736
-4742
-4301
-4160
-4010
-3090
-1604
-528
64
772
1561
1960
1846
1604
1375
1012
633
340
169
158
337
656
895
1134
1515
1855
1871
1495
1073
779
441
-37
-524
-730
-674
-555
-405
-110
397
887
1148
1221
1248
1276
1159
868
552
343
243
124
9
17
194
403
477
450
412
332
79
-363
-802
-1129
-1401
-1665
-1814
-1706
-1409
-1068
-723
-342
38
282
337
242
42
-241
-601
-997
-1354
-1596
-1691
-1668
-1560
-1357
-1053
-720
-460
-294
-181
-119
-167
-336
-545
-716
-846
-950
-980
-866
-612
-291
43
384
727
1024
1218
1292
1289
1249
1164
1029
897
840
853
863
876
951
1058
1097
1038
954
885
801
683
562
468
417
407
419
427
436
499
631
761
855
947
1084
1199
1016
215
-1106
-2357
-3272
-4280
-5532
-6164
-5607
-4747
-4404
-3813
-2104
-156
828
1318
2241
3095
2996
2378
2140
2064
1608
1131
1134
1334
1430
1711
2222
2496
2494
2613
2701
2247
1446
924
679
280
-190
-261
43
303
439
691
956
922
657
390
14
-526
-906
-966
-990
-1090
-931
-406
105
343
568
953
1109
718
100
-367
-880
-1674
-2426
-2757
-2788
-2757
-2598
-2143
-1479
-859
-380
3
280
347
213
-13
-297
-596
-799
-893
-975
-1003
-842
-555
-359
-275
-167
-58
-118
-338
-514
-568
-635
-733
-681
-432
-161
40
272
556
768
829
821
820
795
717
644
664
775
944
1164
1403
1613
1781
1918
1932
1785
1625
1521
1340
961
572
394
291
66
-163
-153
30
84
28
77
207
200
47
35
113
-382
-1832
-3591
-4774
-5577
-6812
-8070
-8054
-6787
-5657
-5036
-3651
-1163
1002
2099
2958
4059
4622
4292
3879
3719
3365
2865
2743
2918
2888
2913
3370
3693
3367
2915
2899
2729
1821
873
636
734
595
573
1154
1890
2219
2294
2421
2423
2025
1368
622
-196
-912
-1358
-1646
-1941
-2016
-1664
-1251
-1161
-1213
-1082
-1025
-1468
-2167
-2564
-2677
-2944
-3322
-3286
-2783
-2297
-2008
-1611
-1000
-536
-408
-404
-378
-442
-653
-860
-972
-996
-905
-716
-562
-479
-336
-145
-112
-295
-463
-492
-541
-701
-752
-520
-179
39
232
606
1040
1247
1256
1328
1490
1517
1362
1212
1171
1165
1173
1261
1430
1611
1778
1921
1964
1898
1830
1795
1679
1447
1292
1293
1257
1060
868
837
840
741
609
545
503
414
284
135
21
-52
-468
-1995
-4665
-7164
-8499
-9561
-11364
-12542
-11218
-8594
-7129
-6167
-3323
640
2824
3320
4410
5999
6135
5078
4807
5222
4956
4415
4736
5334
5102
4750
4999
4745
3346
2096
1812
1154
-438
-1212
-392
455
448
980
2676
3836
3651
3383
3710
3530
2377
1381
900
258
-482
-558
-130
-53
-126
164
264
-489
-1570
-2201
-2888
-4226
-5484
-5840
-5746
-5915
-5818
-4825
-3564
-2816
-2257
-1325
-443
-182
-219
-108
-13
-196
-404
-405
-418
-491
-473
-400
-490
-711
-793
-841
-1069
-1327
-1338
-1138
-1032
-908
-511
47
466
693
1018
1388
1557
1540
1538
1675
1814
1947
2150
2417
2747
2965
3004
2891
2728
2528
2101
1571
1206
1105
1081
963
1000
1269
1564
1632
1536
1497
1416
1199
841
582
484
442
510
618
877
1128
1223
306
-3004
-7742
-11460
-12862
-14103
-16732
-17468
-14015
-9004
-6530
-5129
-749
4528
6639
5925
6041
7411
6804
4909
4473
5612
6455
6414
7054
7742
7336
6482
5382
3547
754
-1267
-1881
-2874
-4051
-3635
-1221
1029
1962
3365
5330
6179
5329
4163
3742
3082
2106
1554
1579
1941
2421
3132
3393
2894
2173
1088
-841
-3482
-5534
-6556
-7527
-8477
-8478
-7176
-5690
-4754
-3721
-2424
-1482
-1452
-1873
-2019
-1940
-1815
-1776
-1519
-798
64
614
670
639
534
-105
-1236
-2266
-2759
-3021
-3255
-3074
-2234
-1116
-248
386
994
1417
1426
1155
842
625
589
793
1167
1657
2421
3343
3968
4115
4109
4152
3873
3137
2451
2214
2136
1837
1574
1670
1904
1921
1709
1574
1497
1329
1118
960
997
1126
1305
1467
1598
1721
1816
1767
1437
1150
913
612
107
-542
-1831
-5698
-11329
-15776
-16749
-16352
-18079
-18835
-14936
-8121
-4217
-3741
-680
4689
7404
6005
4834
6852
8030
6790
6038
7795
10275
10444
9330
8296
6969
4913
1955
-959
-3419
-4950
-5204
-4918
-4042
-2361
-1
2152
3268
3944
4424
4609
4346
3668
3395
4022
5395
6444
6656
6889
7227
6769
4868
2409
413
-1812
-4678
-7261
-8332
-8170
-8055
-7927
-7246
-6102
-5173
-4817
-4512
-4055
-3406
-2690
-2065
-1162
236
1789
2632
2665
2613
2387
1298
-536
-2017
-2808
-3614
-4498
-4631
-3818
-2966
-2540
-2109
-1473
-1081
-1212
-1411
-1266
-888
-425
167
977
1946
2839
3491
3746
3659
3443
3070
2564
2061
1852
1948
2035
2080
2217
2495
2641
2471
2162
1928
1808
1574
1236
1055
1232
1589
1781
1938
2238
2504
2369
1926
1607
1456
1212
859
716
740
808
699
348
-204
-1169
-2628
-5691
-10466
-14847
-16546
-15588
-15000
-14787
-12070
-6611
-1872
-687
-21
2610
4866
4437
2842
3764
6251
7308
7218
8016
10179
11024
9343
6626
4115
1823
-1050
-3724
-4981
-4759
-3757
-2797
-1565
119
1748
2695
2643
2267
2146
2454
3043
3646
4599
6020
7490
8311
8141
7380
6153
4269
1825
-601
-2373
-3613
-4683
-5545
-5961
-5872
-5724
-5880
-6270
-6567
-6491
-6161
-5602
-4552
-2875
-1000
402
1419
2468
3311
3233
2265
1335
710
-150
-1288
-1985
-1988
-2042
-2481
-2778
-2681
-2632
-2975
-3284
-3176
-2808
-2398
-1912
-1130
-128
788
1441
1906
2394
2771
2786
2499
2302
2376
2409
2233
2053
2100
2160
1941
1612
1430
1390
1233
995
945
1108
1305
1396
1545
1846
2115
2215
2198
2208
2186
2020
1896
1932
2039
2083
2019
1974
1863
1583
1097
107
-1534
-4375
-8673
-13165
-15738
-15276
-13908
-13331
-11894
-8051
-3417
-1442
-1399
-85
2165
3034
2271
2972
5999
8355
8721
8507
9487
10390
9036
6126
3326
1450
-360
-2412
-3384
-2863
-1725
-1305
-1465
-1049
-153
399
199
68
797
1978
3197
4382
5694
6927
7611
7720
7231
6273
5032
3520
1815
64
-1255
-2135
-3213
-4628
-5860
-6378
-6606
-7056
-7287
-6836
-5965
-5306
-4611
-3282
-1668
-481
186
918
1808
2390
2497
2300
2024
1616
1001
207
-583
-1182
-1716
-2376
-2944
-2999
-2691
-2562
-2672
-2544
-2115
-1839
-1756
-1467
-855
-318
52
594
1334
1903
2095
2191
2370
2474
2365
2165
2064
1978
1808
1582
1458
1462
1428
1303
1148
1144
1262
1350
1354
1327
1444
1638
1774
1789
1789
1892
1972
1958
1905
1934
1901
1663
1434
1279
987
170
-1087
-2975
-6283
-10462
-13343
-13219
-11696
-11188
-10743
-8222
-4286
-2221
-2411
-1739
566
2193
1904
2183
4902
7762
8470
7874
8232
9195
8418
5898
3557
2475
1594
-27
-1198
-987
-209
-346
-1357
-1747
-1233
-765
-885
-923
-48
1302
2461
3391
4401
5478
6109
6131
5798
5406
4948
4113
2825
1380
96
-1106
-2496
-3960
-5067
-5667
-6014
-6275
-6315
-5984
-5512
-5132
-4672
-3860
-2742
-1767
-1080
-389
457
1264
1699
1850
1902
1752
1271
565
12
-341
-793
-1389
-1815
-1838
-1744
-1845
-1986
-1946
-1768
-1655
-1566
-1328
-975
-612
-287
84
606
1164
1572
1744
1863
2047
2129
2085
2065
2114
2035
1823
1808
1973
1972
1728
1613
1774
1835
1683
1625
1773
1729
1309
1014
1170
1386
1180
825
890
1215
1241
917
729
791
584
-132
-1036
-2193
-4488
-8022
-10914
-11286
-9963
-9269
-9255
-7881
-4992
-3116
-3309
-3252
-1341
631
889
994
3098
6010
7178
6752
6854
7722
7551
5822
4126
3499
3090
2094
1202
1233
1656
1392
402
-460
-711
-669
-750
-816
-446
437
1463
2285
2930
3559
4103
4315
4128
3816
3654
3541
3130
2387
1640
944
-78
-1499
-2772
-3540
-4126
-4801
-5217
-5108
-4864
-4859
-4814
-4366
-3731
-3288
-2967
-2509
-1931
-1391
-866
-296
193
454
492
394
234
74
-78
-278
-502
-588
-510
-483
-634
-792
-815
-849
-1026
-1184
-1144
-998
-890
-726
-364
83
413
635
888
1168
1367
1503
1715
1999
2205
2287
2355
2446
2454
2360
2270
2236
2173
2029
1885
1805
1762
1690
1544
1336
1122
974
838
595
286
85
25
-55
-211
-301
-289
-385
-744
-1301
-2083
-3315
-4885
-6106
-6425
-6124
-5772
-5337
-4483
-3482
-2989
-2964
-2599
-1561
-525
-169
-209
101
919
1754
2241
2490
2680
2737
2602
2491
2643
2969
3135
3025
2908
3075
3443
3599
3282
2679
2206
2029
1955
1781
1537
1320
1127
954
916
1077
1239
1104
662
256
135
176
100
-174
-512
-818
-1091
-1270
-1253
-1109
-1072
-1261
-1496
-1567
-1510
-1512
-1622
-1725
-1769
-1772
-1759
-1715
-1668
-1705
-1804
-1828
-1701
-1543
-1487
-1468
-1340
-1112
-902
-721
-512
-339
-295
-297
-188
-13
42
-38
-96
-70
-37
-14
44
97
69
-19
-38
63
182
230
244
315
460
629
772
890
976
1032
1090
1182
1278
1338
1380
1450
1554
1675
1816
1972
2092
2118
2073
2031
1994
1892
1710
1513
1353
1240
1191
1193
1156
982
659
190
-518
-1546
-2717
-3601
-3868
-3668
-3496
-3673
-4047
-4288
-4274
-4041
-3626
-3184
-3026
-3220
-3311
-2844
-2008
-1370
-1126
-968
-675
-321
42
495
991
1328
1483
1732
2272
2898
3206
3082
2845
2855
3088
3226
3130
2945
2804
2675
2581
2677
2919
2958
2586
2075
1819
1802
1702
1392
1035
739
447
216
235
466
564
311
-80
-301
-360
-456
-670
-912
-1128
-1335
-1505
-1612
-1681
-1789
-1955
-2099
-2133
-2077
-2075
-2208
-2354
-2335
-2160
-2001
-1924
-1843
-1710
-1578
-1458
-1282
-1075
-972
-1010
-1066
-1012
-882
-784
-755
-742
-695
-605
-506
-430
-371
-294
-194
-78
71
274
490
648
783
986
1248
1451
1550
1621
1714
1813
1943
2151
2383
2524
2562
2587
2652
2698
2647
2496
2301
2134
2029
1960
1871
1716
1457
1069
503
-343
-1510
-2706
-3377
-3285
-2901
-2882
-3302
-3735
-3914
-3896
-3688
-3271
-2958
-3119
-3502
-3397
-2613
-1745
-1333
-1210
-948
-493
-53
324
737
1148
1420
1617
2002
2653
3200
3222
2825
2578
2758
3020
2956
2661
2442
2318
2168
2106
2298
2514
2326
1763
1337
1326
1411
1205
800
523
444
387
310
286
236
-4
-341
-491
-397
-358
-608
-1020
-1313
-1404
-1440
-1577
-1820
-2045
-2144
-2126
-2037
-1913
-1849
-1967
-2215
-2324
-2174
-1995
-2012
-2103
-2029
-1795
-1537
-1271
-988
-802
-768
-736
-570
-353
-237
-213
-184
-97
27
121
117
31
-31
10
125
269
429
556
604
635
761
961
1103
1134
1154
1248
1388
1517
1626
1749
1879
2000
2119
2243
2350
2390
2342
2264
2236
2262
2244
2109
1907
1728
1594
1472
1333
1163
897
499
-28
-732
-1670
-2677
-3331
-3387
-3147
-3124
-3437
-3790
-3973
-4014
-3894
-3549
-3171
-3105
-3278
-3176
-2562
-1846
-1505
-1445
-1256
-858
-478
-181
190
662
1077
1418
1877
2485
2946
2984
2729
2557
2637
2760
2664
2374
2137
2071
2078
2102
2219
2367
2273
1853
1437
1351
1427
1300
984
797
817
831
767
755
796
703
417
89
-135
-263
-364
-508
-716
-924
-1095
-1293
-1524
-1637
-1594
-1620
-1842
-2044
-2029
-1979
-2081
-2170
-2083
-1972
-1973
-1927
-1716
-1527
-1501
-1471
-1300
-1119
-1062
-1034
-928
-785
-651
-498
-323
-189
-143
-167
-234
-292
-281
-226
-167
-57
172
433
581
636
703
762
731
665
704
852
1011
1174
1400
1662
1860
1963
2001
1999
1978
1975
2026
2128
2247
2336
2363
2323
2242
2121
1949
1755
1591
1467
1340
1190
1033
851
581
176
-395
-1178
-2142
-3032
-3499
-3471
-3282
-3300
-3560
-3824
-3914
-3813
-3570
-3278
-3107
-3143
-3192
-2941
-2349
-1748
-1436
-1325
-1111
-680
-197
187
509
854
1209
1553
1942
2348
2549
2387
2054
1927
2103
2307
2300
2157
2065
2062
2093
2173
2293
2283
2022
1661
1484
1527
1550
1405
1218
1148
1163
1139
1068
1000
917
761
567
414
280
79
-211
-497
-710
-883
-1089
-1356
-1604
-1734
-1736
-1707
-1723
-1746
-1736
-1755
-1865
-1987
-2014
-1992
-2020
-2039
-1921
-1700
-1531
-1446
-1344
-1207
-1128
-1138
-1146
-1092
-1025
-970
-879
-721
-571
-512
-526
-531
-492
-435
-357
-226
-58
90
217
398
640
858
1001
1124
1279
1443
1574
1700
1870
2060
2204
2268
2268
2227
2166
2107
2062
2025
1970
1900
1830
1770
1721
1680
1638
1579
1501
1413
1314
1179
1026
908
835
748
568
285
-59
-438
-876
-1433
-2105
-2762
-3188
-3286
-3200
-3180
-3330
-3557
-3708
-3713
-3542
-3255
-3026
-2973
-2956
-2715
-2229
-1770
-1532
-1400
-1172
-815
-407
5
397
726
990
1263
1597
1915
2079
2028
1855
1731
1753
1848
1871
1801
1748
1779
1837
1879
1940
1997
1932
1749
1645
1737
1861
1826
1685
1607
1601
1548
1433
1329
1242
1099
921
811
748
553
133
-310
-510
-492
-528
-755
-1034
-1232
-1378
-1476
-1452
-1380
-1491
-1794
-2002
-1969
-1900
-1981
-2118
-2156
-2104
-2011
-1864
-1707
-1640
-1657
-1633
-1521
-1386
-1303
-1306
-1366
-1371
-1210
-956
-781
-706
-602
-457
-341
-213
13
263
394
460
620
846
999
1058
1115
1196
1281
1385
1521
1655
1750
1835
1906
1936
1924
1892
1828
1737
1671
1664
1655
1591
1496
1386
1276
1209
1213
1231
1203
1164
1168
1173
1120
1032
934
799
634
502
405
257
42
-203
-466
-787
-1185
-1654
-2203
-2737
-3043
-3037
-2929
-2967
-3111
-3184
-3156
-3080
-2922
-2664
-2448
-2409
-2407
-2211
-1843
-1557
-1448
-1343
-1092
-765
-469
-186
125
426
674
923
1218
1486
1608
1584
1537
1588
1742
1892
1940
1912
1910
1957
1988
1988
2019
2054
1983
1839
1790
1870
1893
1764
1625
1611
1628
1553
1439
1381
1348
1255
1133
1054
947
653
175
-251
-424
-438
-545
-803
-1037
-1152
-1256
-1385
-1434
-1445
-1621
-1954
-2154
-2107
-2062
-2193
-2345
-2331
-2212
-2098
-1971
-1816
-1725
-1704
-1634
-1464
-1272
-1142
-1065
-1011
-933
-795
-641
-565
-564
-531
-425
-310
-216
-85
106
287
434
611
823
973
1017
1052
1167
1305
1395
1473
1602
1752
1861
1945
2021
2027
1921
1774
1677
1597
1473
1331
1235
1164
1059
947
890
860
785
702
699
757
784
761
740
735
705
645
576
481
362
278
273
294
262
162
-21
-338
-778
-1246
-1691
-2157
-2619
-2914
-2950
-2877
-2897
-3013
-3104
-3134
-3146
-3106
-2954
-2749
-2612
-2510
-2288
-1921
-1564
-1342
-1196
-987
-685
-360
-54
261
610
950
1236
1475
1699
1861
1879
1791
1769
1905
2073
2135
2151
2247
2380
2430
2410
2431
2467
2377
2190
2088
2122
2138
2029
1894
1818
1723
1527
1305
1155
1037
869
675
535
426
231
-105
-489
-797
-985
-1096
-1198
-1306
-1422
-1566
-1721
-1808
-1781
-1733
-1797
-1942
-2022
-1993
-1963
-2004
-2053
-2047
-2001
-1936
-1831
-1691
-1579
-1517
-1445
-1306
-1127
-986
-926
-913
-876
-778
-642
-511
-385
-234
-51
137
309
467
590
668
733
838
961
1041
1061
1080
1147
1251
1365
1480
1590
1675
1727
1756
1766
1734
1653
1562
1519
1531
1554
1543
1487
1393
1282
1172
1065
953
829
702
592
532
525
531
486
375
244
139
42
-76
-211
-312
-360
-356
-319
-295
-368
-579
-877
-1184
-1469
-1762
-2087
-2436
-2726
-2848
-2797
-2707
-2700
-2757
-2800
-2789
-2703
-2511
-2239
-2002
-1846
-1669
-1379
-1045
-810
-677
-534
-324
-63
235
564
874
1129
1348
1561
1745
1861
1893
1853
1803
1824
1932
2034
2063
2070
2117
2162
2146
2107
2085
2033
1921
1839
1859
1897
1839
1726
1662
1627
1537
1395
1265
1153
1014
862
734
607
411
153
-103
-335
-586
-904
-1252
-1513
-1603
-1591
-1630
-1768
-1936
-2105
-2288
-2415
-2407
-2347
-2383
-2450
-2364
-2158
-2034
-2030
-2003
-1914
-1841
-1758
-1580
-1370
-1222
-1084
-857
-602
-430
-341
-291
-275
-251
-148
16
141
233
381
580
756
902
1041
1137
1163
1178
1255
1366
1438
1485
1558
1643
1700
1733
1749
1730
1678
1644
1650
1660
1630
1546
1439
1330
1230
1134
1011
863
714
597
528
493
455
368
234
101
16
-42
-102
-177
-248
-296
-324
-331
-329
-336
-371
-427
-482
-537
-614
-728
-860
-1007
-1185
-1402
-1645
-1913
-2180
-2385
-2468
-2457
-2436
-2434
-2421
-2376
-2309
-2209
-2056
-1869
-1703
-1562
-1399
-1183
-948
-730
-525
-297
-40
232
509
792
1089
1379
1632
1819
1962
2078
2135
2117
2092
2131
2207
2233
2218
2240
2282
2260
2174
2106
2062
1961
1782
1626
1537
1441
1285
1131
1041
963
837
698
596
513
397
270
165
55
-108
-308
-502
-685
-885
-1112
-1340
-1537
-1672
-1718
-1689
-1665
-1715
-1828
-1942
-2020
-2049
-2040
-1996
-1955
-1926
-1873
-1770
-1650
-1566
-1511
-1438
-1317
-1164
-1003
-851
-717
-597
-468
-328
-205
-126
-78
-34
34
135
267
399
498
573
665
776
877
964
1061
1169
1256
1313
1356
1390
1411
1436
1487
1540
1555
1534
1518
1529
1541
1520
1458
1359
1236
1103
977
861
748
626
508
409
336
273
186
71
-29
-90
-143
-225
-321
-394
-440
-473
-485
-469
-452
-475
-530
-579
-614
-649
-684
-704
-703
-702
-708
-727
-790
-919
-1110
-1348
-1607
-1803
-1848
-1761
-1675
-1669
-1678
-1641
-1602
-1585
-1517
-1366
-1219
-1125
-994
-744
-485
-352
-294
-161
59
254
396
563
782
1003
1199
1406
1614
1737
1726
1653
1638
1692
1744
1737
1705
1718
1765
1769
1704
1636
1586
1501
1364
1261
1236
1199
1083
968
944
927
816
660
566
501
376
235
172
132
-3
-215
-427
-666
-970
-1215
-1260
-1195
-1204
-1299
-1389
-1484
-1631
-1742
-1731
-1685
-1721
-1764
-1698
-1572
-1498
-1457
-1383
-1290
-1204
-1082
-920
-791
-717
-628
-492
-368
-286
-227
-186
-174
-153
-73
38
110
142
183
231
269
310
372
437
506
595
688
754
788
815
846
882
931
992
1039
1076
1120
1157
1165
1154
1136
1091
1021
965
935
877
777
706
686
660
584
508
457
383
270
183
161
143
89
46
45
35
-10
-50
-64
-95
-158
-202
-211
-235
-279
-314
-350
-431
-526
-578
-602
-660
-744
-816
-906
-1057
-1222
-1358
-1504
-1661
-1722
-1640
-1545
-1547
-1577
-1551
-1507
-1460
-1315
-1056
-871
-852
-827
-646
-415
-271
-148
42
210
304
441
686
908
1017
1123
1311
1492
1578
1617
1643
1639
1621
1649
1706
1701
1641
1595
1564
1510
1445
1392
1314
1200
1104
1053
1000
913
827
756
658
508
327
145
-5
-96
-134
-175
-259
-392
-554
-718
-842
-910
-974
-1067
-1155
-1210
-1257
-1323
-1385
-1428
-1462
-1486
-1475
-1433
-1396
-1365
-1309
-1230
-1149
-1081
-1013
-947
-886
-811
-705
-582
-479
-396
-323
-258
-207
-161
-97
-17
57
112
164
225
289
354
432
517
584
622
651
712
798
885
962
1040
1116
1172
1206
1238
1265
1270
1240
1191
1150
1101
1038
966
894
812
709
592
477
367
254
156
86
31
-23
-78
-134
-190
-245
-292
-328
-367
-414
-457
-484
-500
-509
-514
-517
-532
-560
-594
-620
-646
-678
-701
-717
-734
-752
-765
-766
-763
-765
-762
-752
-737
-723
-705
-679
-648
-619
-584
-538
-486
-431
-375
-315
-254
-190
-125
-60
10
82
150
216
282
355
431
513
596
682
759
823
885
944
995
1041
1084
1119
1150
1173
1188
1195
1190
1173
1144
1106
1056
995
928
854
773
687
593
491
382
268
153
41
-61
-156
-243
-322
-395
-469
-542
-616
-695
-777
-859
-936
-1005
-1058
-1096
-1121
-1140
-1155
-1167
-1176
-1182
-1176
-1154
-1117
-1064
-998
-931
-862
-796
-737
-681
-628
-568
-503
-426
-340
-249
-157
-73
0
60
108
153
198
250
310
377
452
523
585
639
678
708
731
756
786
817
849
878
901
915
915
905
889
866
836
804
765
718
667
611
550
486
422
360
299
241
184
128
75
24
-25
-71
-115
-157
-197
-232
-275
-315
-356
-396
-428
-463
-495
-523
-549
-568
-587
-610
-629
-647
-654
-651
-649
-635
-615
-584
-543
-509
-472
-436
-402
-360
-316
-273
-223
-171
-116
-63
-14
30
68
102
128
154
178
202
227
251
273
295
316
332
344
353
364
379
394
411
425
441
455
464
466
456
446
436
417
398
371
343
311
275
235
194
153
115
79
49
26
6
-12
-27
-45
-61
-75
-92
-107
-123
-138
-153
-166
-187
-209
-231
-256
-276
-293
-311
-322
-332
-336
-333
-338
-338
-339
-340
-334
-332
-329
-325
-317
-303
-290
-285
-275
-266
-252
-230
-212
-186
-154
-119
-78
-38
0
36
70
102
132
162
189
217
239
255
271
280
286
285
277
273
271
269
271
263
259
255
245
232
207
181
164
150
140
129
114
103
85
60
33
5
-14
-25
-28
-27
-22
-24
-35
-53
-73
-90
-103
-107
-104
-97
-90
-87
-92
-105
-118
-127
-128
-122
-114
-108
-101
-96
-95
-102
-110
-109
-96
-72
-50
-33
-22
-18
-17
-14
-11
-6
4
21
41
52
52
48
40
31
26
24
25
33
42
45
43
38
34
32
25
24
30
39
49
54
53
51
51
47
38
27
25
34
42
42
32
25
22
15
-2
-20
-30
-26
-18
-17
-25
-35
-38
-36
-40
-52
-55
-47
-32
-25
-28
-33
-30
-23
-17
-21
-26
-20
-8
-2
-5
-10
-10
-3
2
0
-5
-1
5
8
3
-7
-4
3
7
5
2
3
8
11
7
-2
-10
-10
-7
-6
-5
-4
-4
0
0
-6
-12
-14
-13
-13
-11
-9
-4
0
3
2
-2
-5
-5
-8
-7
0
8
17
21
22
20
18
13
12
12
17
22
28
28
25
24
19
14
14
13
12
13
15
16
13
9
6
5
3
3
3
2
2
3
0
-4
-7
-6
-7
-4
-1
-2
-1
-1
-1
-1
-2
-4
-3
-4
-4
-3
-5
-8
-9
-11
-12
-12
-10
-9
-8
-8
-7
-9
-9
-9
-9
-8
-9
-9
-12
-12
-15
-16
-17
-17
-15
-14
-13
-10
-10
-8
-9
-5
-2
1
3
3
2
2
0
0
-1
-1
-1
1
2
3
4
4
5
4
5
6
8
11
12
12
13
10
9
6
7
5
5
5
5
4
4
5
4
7
8
13
13
13
13
12
9
7
8
4
4
4
1
0
-2
-3
-6
-7
-7
-7
-8
-10
-10
-10
-12
-12
-12
-12
-11
-11
-12
-14
-14
-14
-15
-15
-15
-14
-13
-11
-10
-11
-9
-9
-8
-5
-1
0
2
3
4
2
3
4
4
4
5
6
9
10
12
14
12
11
11
9
9
8
8
7
9
10
11
11
10
9
7
7
5
4
5
5
3
2
4
4
4
3
3
2
1
0
-2
-3
-4
-5
-7
-6
-7
-7
-8
-9
-9
-11
-12
-12
-12
-12
-10
-10
-7
-4
-5
-5
-3
-2
0
2
2
2
3
2
1
3
3
2
2
1
1
-1
-1
-1
-3
-4
-2
0
1
3
4
4
3
1
0
-1
-2
-4
-4
-4
-4
-2
-2
-1
-1
-1
0
0
1
1
0
0
2
1
1
2
2
2
1
1
1
0
-1
0
0
0
1
3
4
4
4
6
3
5
6
6
7
6
5
4
3
0
-2
-4
-6
-7
-7
-5
-3
0
0
2
3
2
3
2
1
0
1
2
2
5
5
5
3
3
1
1
-1
-2
-1
-2
-3
-3
-1
-3
-6
-6
-5
-5
-6
-4
-4
-2
-3
-2
-3
-4
-3
-5
-4
-4
-4
-4
-4
-4
-5
-7
-8
-5
-6
-7
-5
-4
-3
-2
0
0
0
3
4
8
10
10
11
11
11
11
11
13
12
12
12
10
10
9
7
7
7
6
7
8
8
7
7
6
5
4
3
1
-1
-1
-3
-4
-4
-5
-6
-5
-8
-7
-8
-9
-8
-10
-9
-9
-10
-10
-11
-12
-12
-13
-14
-12
-10
-11
-10
-10
-10
-9
-5
-4
-1
0
0
0
1
1
0
0
-1
0
2
3
5
4
6
7
7
9
8
8
8
8
9
8
8
7
8
7
6
6
5
6
7
4
5
4
3
3
1
3
4
3
4
5
4
1
2
1
0
-1
-3
-3
-4
-5
-5
-5
-7
-6
-6
-7
-5
-7
-6
-5
-6
-5
-3
-2
-1
