-7
-7
-5
-5
-4
-3
-1
2
1
3
3
3
3
2
1
1
2
3
4
5
5
5
5
5
6
5
7
6
6
7
6
6
6
7
6
5
4
2
2
0
-1
-1
-3
-4
-5
-5
-7
-6
-5
-5
-5
-3
-2
-1
1
2
1
1
0
1
0
0
2
2
2
0
0
1
0
-1
0
0
-1
-1
0
-1
0
-2
-2
-2
-3
-3
-5
-6
-7
-5
-7
-7
-4
-3
-3
-4
-3
-2
-3
-2
-2
1
1
2
2
3
4
4
4
2
3
4
4
5
5
6
5
5
6
3
2
1
0
1
1
0
0
-1
1
0
-1
-2
-2
0
-1
-2
-1
-1
-2
-1
1
2
1
-3
-3
-2
-2
-3
-3
-2
1
2
4
4
4
3
3
3
3
2
2
1
-1
0
-2
-1
-3
-3
-1
-2
-4
-7
-5
-5
-7
-7
-6
-6
-5
-1
-1
-1
-1
-2
-2
-2
-2
-2
-4
-2
-1
-2
-3
-4
-2
-2
-1
-2
-1
0
2
1
0
1
2
0
-1
-1
-2
-2
-3
-3
-3
-2
2
3
3
2
4
5
5
4
6
7
8
10
9
9
9
7
5
4
3
0
0
0
0
1
0
0
-1
-1
-1
-1
0
2
3
2
4
2
3
2
1
0
-1
-4
-5
-6
-6
-8
-7
-7
-6
-6
-6
-6
-6
-5
-5
-3
-2
-1
1
1
1
0
-1
-3
-4
-3
-4
-5
-3
-3
-2
-1
-1
0
-1
1
3
3
3
2
1
1
0
-1
-1
-2
-3
-2
-3
-3
-2
-2
1
0
0
-1
1
1
2
2
3
4
2
5
4
7
7
7
7
6
5
4
4
2
3
4
4
6
6
5
5
7
6
6
9
7
4
2
1
-2
-3
-5
-8
-8
-9
-9
-10
-8
-9
-9
-9
-7
-7
-7
-4
-5
-5
-4
-4
-3
-4
-5
-5
-4
-3
-3
-2
-2
-1
0
0
-1
-1
-3
-6
-3
-1
0
0
2
4
5
5
5
5
6
5
5
6
5
7
6
6
4
3
4
5
3
3
3
5
4
5
5
6
4
4
2
3
3
0
-1
-1
-1
-2
0
0
0
0
0
-1
-2
-4
-6
-7
-8
-6
-6
-6
-5
-4
-5
-5
-3
-4
-3
-3
-3
-3
-2
-2
-4
-3
-3
-2
-2
-2
-2
-1
-2
0
-1
1
1
2
4
4
4
6
4
4
4
2
2
2
0
0
1
2
3
4
2
2
3
3
3
3
3
2
2
3
4
4
4
3
3
3
2
-1
-1
-2
-2
-5
-5
-4
-4
-3
-4
-4
-4
-3
-2
0
0
2
1
2
1
0
-2
-1
-3
-4
-2
-4
-2
-1
-1
1
2
1
2
3
3
4
4
3
3
3
3
3
5
2
0
1
-1
-3
-1
-3
-3
-1
-2
-3
-2
-4
-3
-3
-4
0
0
1
1
1
3
2
1
-1
-1
-1
0
-1
-2
-1
-2
-2
-3
-2
0
0
1
1
4
3
4
6
5
6
6
5
5
5
3
4
3
4
4
5
4
4
3
3
1
1
1
0
1
-1
0
0
0
1
1
0
-1
-1
-1
-2
-4
-3
-3
-3
-3
-4
-4
-6
-7
-7
-6
-6
-8
-7
-7
-6
-6
-6
-6
-3
-3
-2
-1
0
1
0
0
2
2
1
2
1
2
3
2
3
3
3
3
3
3
5
5
7
7
7
6
5
4
3
3
4
3
3
2
4
4
4
5
5
6
3
3
2
3
2
2
2
2
3
1
-1
0
-2
-5
-5
-5
-7
-8
-8
-7
-6
-3
-3
-4
-2
-1
-1
0
2
1
1
0
-1
-2
2
-1
-2
-2
-1
-3
-2
-3
-2
-3
-3
-1
0
0
-1
1
2
3
3
3
3
1
2
3
1
0
0
-2
-3
-3
-3
-2
-3
-5
-5
-5
-5
-5
-2
-3
-2
-1
1
0
3
3
2
4
3
5
5
5
5
6
5
4
6
5
4
2
3
2
3
3
4
3
3
3
3
4
3
2
2
3
4
3
4
3
3
3
2
2
3
5
3
2
2
1
1
0
1
1
2
2
2
1
1
-1
-4
-4
-3
-3
-4
-6
-6
-5
-5
-6
-3
-3
-2
-2
-3
-4
-5
-7
-9
-9
-11
-11
-11
-11
-9
-9
-9
-8
-10
-7
-6
-5
-4
-4
-3
-3
-4
-3
-2
-6
-10
-9
-10
-10
-10
-14
-15
-13
-13
-11
-9
-9
-5
-5
-1
2
5
7
10
13
19
26
31
36
41
45
55
67
70
76
79
89
102
103
108
109
113
127
131
130
133
132
144
150
148
149
144
148
153
146
142
133
125
127
116
106
96
81
73
60
41
26
9
-5
-23
-39
-54
-69
-84
-104
-120
-135
-149
-164
-183
-203
-216
-233
-247
-269
-298
-314
-330
-345
-360
-379
-393
-404
-416
-423
-436
-445
-446
-448
-447
-449
-452
-450
-449
-451
-452
-459
-464
-464
-464
-460
-462
-455
-434
-414
-380
-345
-306
-251
-195
-130
-62
8
82
155
228
299
372
447
519
591
659
731
807
872
938
999
1059
1127
1176
1210
1236
1249
1269
1270
1246
1219
1176
1136
1095
1032
967
900
832
770
695
613
529
441
357
263
161
61
-43
-144
-246
-341
-430
-512
-589
-664
-726
-778
-825
-862
-894
-923
-944
-960
-970
-975
-974
-971
-962
-950
-934
-918
-904
-888
-873
-856
-839
-823
-809
-795
-783
-765
-742
-709
-672
-631
-588
-544
-499
-462
-432
-415
-408
-415
-433
-466
-514
-576
-647
-711
-750
-750
-709
-640
-556
-459
-351
-225
-74
104
284
435
546
621
680
739
817
925
1039
1144
1243
1350
1489
1662
1861
2072
2261
2396
2474
2510
2516
2487
2425
2322
2173
1972
1742
1521
1328
1163
1021
900
778
641
503
381
275
169
50
-86
-253
-452
-661
-859
-1036
-1203
-1355
-1491
-1606
-1710
-1794
-1848
-1872
-1877
-1861
-1820
-1769
-1727
-1699
-1685
-1685
-1689
-1684
-1664
-1636
-1612
-1596
-1582
-1551
-1496
-1410
-1289
-1150
-1014
-884
-755
-623
-486
-337
-188
-55
54
139
209
279
357
441
532
621
706
793
886
992
1102
1212
1313
1396
1462
1513
1557
1596
1629
1655
1670
1668
1649
1615
1571
1518
1453
1375
1283
1177
1061
942
829
729
637
552
468
382
292
207
122
39
-48
-140
-238
-343
-440
-529
-603
-664
-716
-763
-805
-836
-850
-848
-833
-811
-794
-783
-777
-772
-760
-745
-735
-735
-752
-779
-808
-832
-846
-856
-866
-878
-890
-899
-892
-869
-834
-796
-761
-730
-698
-667
-624
-576
-528
-486
-450
-416
-380
-333
-273
-196
-115
-27
68
174
294
429
576
725
863
984
1081
1161
1227
1285
1336
1372
1391
1394
1387
1379
1375
1375
1378
1372
1354
1326
1289
1248
1206
1160
1107
1038
954
855
748
640
531
419
306
187
64
-55
-164
-256
-338
-414
-490
-572
-655
-731
-803
-863
-913
-959
-1001
-1039
-1067
-1085
-1095
-1103
-1108
-1116
-1114
-1093
-1050
-996
-946
-914
-898
-884
-856
-802
-722
-634
-557
-498
-454
-419
-383
-343
-314
-313
-359
-465
-638
-856
-1090
-1292
-1420
-1447
-1397
-1307
-1207
-1105
-984
-819
-593
-326
-76
105
191
207
205
235
317
441
570
678
777
905
1110
1414
1796
2204
2573
2858
3055
3186
3275
3327
3327
3250
3074
2810
2503
2201
1939
1727
1556
1400
1241
1081
944
848
796
759
703
593
409
160
-125
-418
-699
-977
-1251
-1524
-1781
-1998
-2155
-2241
-2270
-2263
-2242
-2217
-2187
-2140
-2076
-2003
-1934
-1879
-1850
-1847
-1852
-1856
-1851
-1842
-1828
-1808
-1775
-1721
-1634
-1518
-1379
-1227
-1067
-902
-729
-552
-374
-206
-60
59
153
239
323
417
528
641
751
855
956
1059
1170
1290
1416
1538
1647
1743
1827
1898
1952
1986
2000
1989
1952
1896
1825
1746
1667
1589
1516
1445
1380
1322
1272
1238
1210
1177
1115
1017
884
739
603
484
372
247
96
-80
-264
-435
-572
-677
-774
-894
-1053
-1258
-1513
-1804
-2105
-2371
-2566
-2686
-2751
-2791
-2817
-2822
-2785
-2683
-2502
-2259
-2021
-1860
-1787
-1754
-1711
-1639
-1528
-1377
-1213
-1078
-945
-749
-445
-43
419
898
1334
1696
1998
2275
2525
2726
2871
2938
2891
2738
2553
2392
2244
2099
1983
1899
1802
1688
1608
1599
1622
1635
1632
1588
1464
1259
1014
774
546
324
94
-158
-431
-690
-891
-1024
-1086
-1095
-1087
-1105
-1138
-1153
-1136
-1113
-1099
-1105
-1155
-1248
-1354
-1430
-1470
-1477
-1455
-1411
-1367
-1317
-1239
-1131
-1014
-895
-773
-669
-608
-578
-547
-512
-492
-471
-427
-388
-375
-352
-275
-161
-48
76
223
352
444
538
660
776
855
918
981
1019
1037
1061
1101
1130
1149
1166
1175
1163
1152
1168
1199
1229
1263
1278
1250
1179
1123
1106
1086
1018
897
726
517
306
138
-16
-248
-614
-1099
-1622
-2065
-2310
-2346
-2290
-2289
-2361
-2441
-2484
-2430
-2222
-1911
-1683
-1676
-1825
-1971
-2040
-2021
-1884
-1652
-1450
-1353
-1260
-1016
-597
-44
607
1273
1820
2196
2499
2814
3102
3324
3490
3552
3421
3131
2847
2653
2490
2327
2208
2111
1942
1719
1584
1582
1617
1606
1564
1473
1279
1002
734
504
253
-60
-403
-750
-1093
-1382
-1566
-1659
-1736
-1818
-1881
-1903
-1897
-1863
-1789
-1711
-1686
-1731
-1786
-1807
-1801
-1797
-1798
-1791
-1795
-1817
-1814
-1746
-1622
-1498
-1387
-1263
-1127
-997
-868
-718
-564
-445
-365
-289
-201
-113
-34
51
127
188
249
338
456
594
749
916
1080
1228
1372
1508
1625
1715
1782
1837
1876
1890
1882
1869
1847
1805
1755
1718
1704
1694
1670
1635
1590
1516
1408
1303
1225
1143
1030
892
763
645
519
396
271
112
-119
-381
-610
-810
-1035
-1328
-1695
-2137
-2611
-2999
-3196
-3221
-3185
-3169
-3176
-3187
-3160
-3021
-2735
-2389
-2133
-2024
-2011
-2024
-2005
-1903
-1705
-1491
-1337
-1233
-1093
-848
-473
34
623
1194
1670
2061
2420
2773
3102
3385
3591
3668
3599
3433
3256
3099
2956
2811
2664
2496
2301
2112
1977
1906
1867
1825
1763
1658
1498
1300
1094
887
652
375
71
-256
-598
-925
-1194
-1400
-1572
-1720
-1822
-1876
-1911
-1934
-1919
-1886
-1871
-1879
-1879
-1855
-1836
-1838
-1843
-1842
-1854
-1873
-1860
-1797
-1706
-1605
-1488
-1351
-1224
-1110
-991
-868
-762
-677
-595
-515
-449
-379
-288
-185
-81
33
167
301
430
561
695
827
945
1060
1177
1291
1391
1485
1568
1636
1684
1716
1737
1749
1750
1737
1715
1694
1683
1677
1666
1635
1579
1496
1393
1292
1208
1125
1018
887
753
626
522
449
387
286
120
-89
-297
-497
-711
-974
-1320
-1765
-2260
-2684
-2935
-3018
-3008
-2990
-2997
-3020
-3005
-2889
-2644
-2337
-2088
-1978
-1992
-2046
-2061
-1995
-1847
-1670
-1528
-1429
-1310
-1085
-711
-195
414
1029
1569
2026
2445
2839
3198
3495
3706
3794
3737
3579
3400
3237
3077
2905
2730
2551
2361
2185
2057
1981
1913
1831
1731
1605
1443
1260
1070
856
594
296
-19
-338
-655
-951
-1211
-1451
-1681
-1883
-2032
-2128
-2193
-2233
-2253
-2269
-2282
-2279
-2238
-2174
-2116
-2075
-2052
-2034
-2008
-1956
-1877
-1784
-1696
-1613
-1521
-1408
-1271
-1121
-970
-841
-735
-640
-537
-422
-298
-171
-43
80
205
345
498
661
817
960
1090
1206
1309
1408
1506
1597
1674
1737
1788
1833
1875
1914
1948
1966
1971
1960
1927
1882
1828
1770
1711
1645
1572
1488
1397
1309
1232
1156
1064
929
760
580
423
307
212
98
-78
-324
-601
-863
-1100
-1362
-1702
-2147
-2658
-3134
-3456
-3576
-3563
-3532
-3546
-3579
-3563
-3436
-3163
-2789
-2451
-2263
-2220
-2226
-2194
-2096
-1928
-1733
-1578
-1486
-1381
-1151
-753
-215
413
1060
1650
2152
2616
3093
3549
3930
4213
4384
4420
4340
4223
4112
3975
3784
3555
3316
3062
2808
2603
2460
2329
2170
1995
1819
1621
1392
1163
934
666
346
16
-290
-582
-863
-1115
-1345
-1592
-1849
-2071
-2238
-2374
-2491
-2589
-2674
-2757
-2828
-2848
-2815
-2763
-2710
-2651
-2588
-2520
-2447
-2338
-2199
-2059
-1934
-1817
-1707
-1606
-1515
-1414
-1302
-1187
-1083
-971
-836
-683
-521
-348
-154
49
249
455
676
885
1065
1221
1379
1538
1686
1830
1965
2071
2139
2193
2250
2303
2337
2343
2319
2273
2225
2194
2181
2163
2125
2067
2004
1944
1891
1834
1753
1631
1483
1335
1192
1057
912
754
592
442
309
170
-18
-262
-538
-815
-1094
-1411
-1814
-2334
-2924
-3451
-3786
-3905
-3898
-3890
-3934
-3991
-3966
-3775
-3405
-2943
-2553
-2342
-2303
-2313
-2275
-2165
-2015
-1873
-1797
-1787
-1745
-1560
-1198
-701
-122
485
1067
1604
2142
2703
3250
3713
4067
4305
4413
4404
4342
4271
4172
4018
3821
3609
3382
3148
2945
2785
2620
2423
2211
2000
1773
1526
1274
1019
739
435
155
-86
-316
-557
-795
-1014
-1224
-1420
-1580
-1714
-1860
-2046
-2254
-2450
-2614
-2748
-2845
-2901
-2935
-2950
-2923
-2832
-2694
-2538
-2387
-2236
-2080
-1922
-1749
-1566
-1401
-1289
-1221
-1159
-1079
-990
-894
-790
-694
-614
-519
-367
-161
58
266
469
662
828
995
1180
1360
1497
1597
1682
1764
1837
1907
1981
2043
2075
2084
2080
2055
2018
1983
1963
1932
1880
1813
1736
1644
1547
1471
1423
1368
1274
1158
1052
947
833
740
689
652
589
495
367
183
-49
-285
-500
-750
-1123
-1645
-2275
-2921
-3444
-3714
-3734
-3670
-3673
-3743
-3774
-3676
-3416
-2998
-2516
-2148
-2008
-2006
-1977
-1852
-1681
-1523
-1423
-1425
-1501
-1521
-1349
-979
-481
73
630
1144
1621
2130
2684
3208
3624
3919
4106
4182
4177
4163
4154
4097
3942
3718
3466
3196
2915
2650
2411
2174
1927
1697
1491
1278
1044
795
538
255
-33
-288
-502
-696
-878
-1029
-1161
-1299
-1434
-1539
-1632
-1763
-1953
-2194
-2478
-2773
-3013
-3148
-3193
-3177
-3094
-2944
-2755
-2540
-2313
-2096
-1905
-1721
-1521
-1314
-1129
-972
-847
-752
-682
-613
-541
-479
-430
-380
-308
-208
-71
88
249
402
568
755
947
1133
1307
1463
1573
1655
1751
1882
2020
2136
2253
2384
2508
2606
2694
2775
2816
2794
2731
2666
2577
2445
2268
2069
1852
1610
1357
1108
870
648
435
208
-33
-243
-379
-467
-570
-707
-888
-1144
-1476
-1833
-2229
-2781
-3570
-4521
-5507
-6438
-7158
-7487
-7485
-7465
-7517
-7346
-6705
-5739
-4635
-3325
-1824
-458
569
1535
2751
4021
4984
5602
6029
6233
6147
5942
5811
5646
5262
4712
4134
3522
2862
2292
1888
1488
976
497
215
58
-87
-151
-36
157
299
431
642
896
1091
1215
1298
1345
1353
1319
1234
1095
928
748
543
317
92
-148
-406
-650
-854
-1058
-1284
-1512
-1745
-2033
-2371
-2681
-2945
-3224
-3529
-3801
-4000
-4130
-4180
-4105
-3902
-3598
-3220
-2785
-2300
-1759
-1187
-652
-183
241
631
930
1128
1278
1380
1365
1221
1036
862
658
425
236
116
21
-58
-59
40
190
369
598
885
1193
1495
1803
2119
2415
2665
2870
3040
3147
3173
3124
3027
2882
2672
2414
2140
1855
1568
1306
1092
902
717
565
469
385
263
141
62
-3
-110
-236
-326
-398
-505
-637
-760
-904
-1133
-1434
-1749
-2113
-2635
-3361
-4220
-5140
-6079
-6920
-7447
-7570
-7491
-7445
-7315
-6773
-5780
-4575
-3251
-1707
-66
1325
2410
3512
4751
5813
6432
6703
6761
6546
6066
5528
5025
4409
3611
2798
2069
1357
687
231
-5
-220
-451
-498
-291
-9
241
565
1022
1473
1827
2141
2453
2689
2788
2773
2690
2557
2389
2169
1869
1509
1154
807
412
-28
-456
-881
-1360
-1848
-2241
-2567
-2926
-3303
-3589
-3817
-4088
-4334
-4415
-4383
-4390
-4395
-4220
-3863
-3466
-3029
-2465
-1824
-1263
-792
-301
211
631
919
1125
1252
1253
1135
966
775
528
219
-98
-377
-601
-762
-835
-801
-672
-454
-145
228
646
1108
1602
2076
2490
2851
3162
3394
3524
3566
3538
3426
3234
2979
2689
2371
2028
1667
1304
959
645
387
181
23
-105
-187
-214
-203
-158
-87
-22
6
28
81
117
77
27
40
29
-147
-416
-623
-822
-1173
-1689
-2292
-3058
-4075
-5221
-6264
-7112
-7726
-8025
-8057
-8008
-7835
-7218
-6052
-4630
-3148
-1492
306
1902
3172
4430
5819
6981
7600
7811
7821
7554
6964
6261
5558
4707
3646
2575
1649
804
52
-449
-713
-936
-1130
-1084
-756
-373
-25
417
985
1508
1903
2281
2659
2896
2924
2846
2732
2558
2307
2016
1678
1266
835
431
15
-455
-937
-1389
-1844
-2318
-2742
-3081
-3408
-3788
-4157
-4418
-4565
-4645
-4664
-4603
-4479
-4318
-4082
-3703
-3166
-2541
-1912
-1310
-739
-193
319
774
1142
1397
1523
1514
1379
1154
884
582
234
-134
-459
-695
-841
-901
-861
-723
-499
-207
170
631
1138
1649
2148
2622
3042
3386
3654
3835
3904
3847
3689
3455
3168
2833
2458
2060
1653
1263
908
599
341
140
-19
-147
-225
-232
-193
-148
-93
-22
31
45
56
83
75
-12
-129
-216
-302
-430
-591
-774
-1037
-1398
-1833
-2362
-3080
-3991
-4984
-5973
-6909
-7650
-8042
-8151
-8168
-8054
-7549
-6573
-5308
-3860
-2181
-366
1311
2777
4216
5671
6894
7694
8129
8268
8069
7571
6930
6199
5292
4216
3132
2139
1209
391
-211
-619
-938
-1143
-1088
-786
-389
34
543
1121
1665
2143
2598
2999
3239
3293
3227
3086
2854
2543
2172
1716
1166
595
81
-410
-941
-1477
-1946
-2393
-2876
-3317
-3595
-3784
-4051
-4377
-4581
-4628
-4646
-4664
-4562
-4338
-4118
-3904
-3551
-3028
-2467
-1934
-1392
-858
-391
31
464
851
1097
1222
1285
1259
1103
886
676
427
106
-191
-379
-481
-549
-533
-394
-186
60
401
856
1349
1809
2263
2715
3109
3411
3654
3829
3879
3786
3607
3370
3046
2653
2246
1841
1413
992
642
369
132
-74
-211
-278
-309
-306
-238
-117
7
102
179
242
285
296
267
189
71
-59
-191
-335
-504
-707
-979
-1328
-1736
-2212
-2852
-3706
-4704
-5738
-6732
-7564
-8055
-8201
-8195
-8123
-7771
-6926
-5686
-4253
-2629
-803
1007
2576
4005
5485
6866
7831
8307
8457
8333
7878
7172
6360
5435
4333
3152
2071
1127
281
-412
-879
-1178
-1361
-1342
-1047
-588
-115
376
947
1547
2093
2572
2976
3227
3281
3196
3052
2852
2570
2199
1738
1199
640
130
-345
-818
-1305
-1814
-2350
-2852
-3228
-3501
-3771
-4055
-4273
-4418
-4547
-4611
-4514
-4306
-4128
-3965
-3669
-3210
-2705
-2194
-1620
-1020
-508
-90
324
742
1073
1262
1332
1303
1183
993
751
459
125
-220
-539
-805
-961
-980
-894
-745
-522
-183
261
743
1240
1753
2258
2697
3056
3357
3591
3711
3709
3616
3450
3198
2875
2514
2135
1727
1309
932
611
317
62
-117
-210
-256
-266
-221
-129
-36
57
183
308
382
411
432
426
347
218
88
-50
-214
-394
-591
-844
-1141
-1464
-1890
-2536
-3384
-4313
-5289
-6315
-7212
-7730
-7901
-7984
-8007
-7687
-6872
-5731
-4400
-2812
-998
763
2293
3729
5200
6530
7475
8016
8230
8109
7661
7008
6221
5258
4121
2947
1859
862
-16
-685
-1126
-1428
-1586
-1502
-1156
-678
-180
355
956
1565
2125
2641
3091
3384
3469
3402
3253
3027
2712
2305
1804
1227
660
160
-320
-840
-1345
-1781
-2222
-2702
-3073
-3245
-3425
-3791
-4150
-4257
-4246
-4359
-4459
-4303
-4014
-3851
-3684
-3227
-2588
-2076
-1673
-1155
-549
-62
301
659
976
1148
1195
1191
1105
907
642
311
-99
-507
-787
-958
-1115
-1206
-1116
-880
-606
-265
241
850
1404
1894
2410
2929
3331
3601
3806
3927
3903
3743
3516
3217
2828
2383
1941
1513
1106
751
454
198
-12
-140
-194
-203
-179
-121
-34
55
135
214
294
343
343
313
292
256
155
13
-88
-149
-241
-395
-567
-764
-1051
-1491
-2139
-3032
-4103
-5228
-6364
-7427
-8163
-8432
-8498
-8613
-8489
-7680
-6318
-4854
-3284
-1347
728
2448
3879
5467
7094
8177
8580
8670
8575
8076
7204
6249
5234
3998
2673
1559
651
-200
-900
-1290
-1490
-1623
-1514
-1023
-382
148
679
1375
2090
2641
3105
3552
3801
3721
3493
3292
3027
2591
2069
1531
916
273
-228
-606
-1054
-1568
-2005
-2399
-2863
-3245
-3389
-3518
-3892
-4294
-4399
-4347
-4436
-4512
-4307
-4015
-3889
-3703
-3148
-2433
-1911
-1473
-859
-194
271
611
990
1290
1349
1273
1205
1070
760
353
-53
-478
-900
-1203
-1360
-1464
-1505
-1369
-1055
-673
-229
361
1026
1611
2115
2660
3204
3581
3782
3934
4020
3913
3643
3356
3048
2606
2072
1605
1226
844
483
248
123
8
-82
-76
-11
42
112
240
365
423
471
561
618
565
467
408
337
185
5
-121
-220
-348
-473
-546
-626
-801
-1052
-1380
-1930
-2798
-3862
-4950
-6068
-7171
-7964
-8271
-8386
-8573
-8500
-7720
-6397
-4969
-3394
-1444
605
2290
3745
5364
6944
7923
8254
8316
8164
7577
6661
5722
4720
3481
2183
1150
336
-439
-1036
-1289
-1348
-1352
-1107
-490
215
755
1293
2001
2679
3143
3518
3869
3973
3735
3407
3158
2819
2270
1686
1189
665
53
-499
-905
-1310
-1809
-2258
-2498
-2613
-2815
-3119
-3354
-3454
-3537
-3657
-3704
-3647
-3637
-3714
-3691
-3428
-3048
-2714
-2386
-1961
-1468
-982
-514
-55
349
649
833
920
920
838
631
266
-180
-568
-860
-1145
-1442
-1645
-1661
-1552
-1374
-1050
-530
65
587
1086
1681
2314
2800
3106
3343
3531
3577
3487
3354
3184
2888
2461
2021
1650
1318
996
717
503
327
208
186
249
316
356
415
521
617
669
712
773
783
697
583
503
413
250
72
-48
-147
-284
-397
-413
-401
-470
-583
-683
-908
-1481
-2406
-3503
-4689
-5929
-6998
-7600
-7850
-8149
-8492
-8325
-7357
-5966
-4513
-2835
-853
1012
2498
3985
5711
7138
7732
7767
7710
7437
6679
5656
4666
3576
2288
1129
357
-230
-793
-1149
-1212
-1140
-918
-341
439
1025
1434
1993
2676
3160
3424
3682
3810
3539
3032
2674
2434
2014
1405
834
323
-240
-778
-1136
-1384
-1669
-1962
-2166
-2315
-2460
-2557
-2587
-2659
-2802
-2918
-2966
-3039
-3164
-3212
-3134
-3034
-2957
-2779
-2428
-2011
-1610
-1166
-646
-153
222
518
774
927
905
748
515
205
-182
-589
-953
-1256
-1486
-1615
-1623
-1514
-1276
-910
-459
39
581
1157
1704
2172
2557
2870
3078
3151
3126
3049
2898
2642
2316
1980
1659
1358
1110
925
767
638
575
582
608
631
669
695
663
604
570
527
422
303
242
186
53
-88
-152
-187
-275
-344
-309
-244
-247
-240
-160
-113
-169
-252
-434
-1006
-2024
-3232
-4519
-5909
-7049
-7526
-7648
-8047
-8472
-8055
-6767
-5360
-3936
-1991
193
1796
2971
4551
6349
7337
7402
7336
7285
6719
5692
4745
3826
2577
1305
543
136
-300
-609
-553
-390
-226
296
1188
1852
2070
2334
2838
3151
3132
3162
3244
2915
2207
1693
1501
1198
669
237
-63
-461
-842
-946
-953
-1185
-1490
-1580
-1651
-1973
-2299
-2379
-2536
-3032
-3467
-3491
-3461
-3725
-3921
-3675
-3310
-3168
-2935
-2307
-1616
-1192
-782
-122
508
802
915
1064
1105
885
548
228
-154
-625
-1038
-1311
-1505
-1617
-1571
-1395
-1171
-843
-321
265
725
1110
1577
2052
2348
2494
2648
2757
2657
2431
2301
2230
2036
1766
1608
1539
1411
1270
1239
1240
1132
1001
961
929
807
661
548
395
178
5
-84
-174
-280
-318
-291
-304
-345
-284
-84
111
201
245
304
322
257
201
196
101
-131
-346
-571
-1156
-2196
-3371
-4544
-5860
-7003
-7356
-7176
-7406
-7917
-7510
-5991
-4484
-3294
-1532
719
2246
3001
4248
6007
6809
6364
5945
5925
5374
4165
3231
2652
1695
586
184
328
230
48
364
870
1098
1465
2319
2963
2872
2711
3023
3215
2826
2426
2397
2140
1376
801
805
803
398
53
86
132
-31
-146
-151
-331
-715
-1053
-1382
-1875
-2397
-2758
-3120
-3631
-4000
-4009
-3923
-3955
-3807
-3232
-2549
-2089
-1649
-950
-256
80
221
485
701
537
111
-212
-434
-806
-1302
-1663
-1837
-1964
-2061
-1999
-1743
-1398
-1040
-641
-176
326
779
1113
1339
1537
1731
1837
1824
1778
1761
1715
1607
1542
1610
1726
1776
1806
1905
2022
2052
2015
1974
1876
1659
1397
1161
892
547
220
-14
-202
-376
-445
-379
-294
-229
-76
213
472
604
723
903
1003
915
770
662
459
82
-292
-519
-709
-977
-1232
-1328
-1261
-1155
-1235
-1682
-2394
-3176
-4097
-5145
-5782
-5687
-5578
-6114
-6478
-5614
-4135
-3169
-2244
-447
1413
2201
2707
4109
5518
5516
4750
4542
4470
3567
2365
1720
1205
330
-256
-73
254
331
638
1296
1800
2190
2940
3713
3771
3395
3363
3487
3077
2346
1948
1668
947
104
-157
-5
-92
-393
-394
-110
10
-112
-166
-122
-294
-739
-1187
-1559
-2024
-2574
-2973
-3155
-3243
-3241
-3065
-2790
-2520
-2136
-1560
-1029
-737
-512
-203
-6
-97
-279
-371
-538
-935
-1332
-1482
-1533
-1711
-1890
-1807
-1521
-1291
-1121
-819
-421
-137
44
318
655
829
819
816
883
903
864
871
930
961
998
1118
1298
1470
1633
1785
1870
1873
1850
1804
1663
1416
1138
879
630
382
170
46
18
58
138
266
493
778
981
1060
1138
1241
1220
1015
779
614
375
-9
-338
-497
-632
-840
-961
-873
-708
-609
-515
-316
-70
77
-75
-629
-1425
-2316
-3387
-4575
-5358
-5455
-5482
-5881
-5901
-4822
-3344
-2355
-1272
520
2128
2710
3072
4066
4767
4229
3273
2841
2420
1418
450
58
-220
-605
-559
60
688
1152
1778
2433
2806
3095
3531
3722
3300
2682
2341
2024
1405
778
509
360
17
-245
-94
280
450
424
475
576
527
286
-15
-340
-740
-1165
-1547
-1839
-2015
-2063
-2060
-2087
-2010
-1730
-1419
-1275
-1203
-985
-738
-690
-778
-788
-763
-914
-1166
-1272
-1220
-1218
-1336
-1371
-1221
-1012
-887
-792
-611
-418
-337
-338
-301
-212
-209
-299
-346
-303
-236
-202
-135
26
267
525
751
967
1176
1325
1373
1364
1352
1291
1127
919
750
613
484
409
417
448
487
608
818
1004
1146
1337
1523
1538
1414
1313
1244
1040
744
555
442
257
39
-41
-26
-79
-123
-54
71
107
55
28
-9
-85
-210
-333
-404
-484
-700
-1251
-2013
-2700
-3365
-4131
-4704
-4612
-4199
-4165
-4127
-3280
-1904
-1001
-421
698
1893
2234
2132
2537
3016
2559
1665
1275
1117
593
55
44
178
165
406
999
1527
1805
2107
2379
2398
2372
2462
2407
1987
1514
1309
1180
947
759
764
746
514
304
335
434
318
108
81
134
28
-151
-181
-191
-383
-573
-553
-501
-657
-876
-958
-995
-1120
-1247
-1283
-1327
-1436
-1468
-1347
-1199
-1151
-1160
-1128
-1062
-1003
-961
-922
-925
-1007
-1101
-1116
-1074
-1079
-1133
-1139
-1067
-968
-851
-692
-523
-404
-295
-142
28
154
233
299
360
421
488
552
588
593
583
578
597
640
694
756
829
903
969
1043
1129
1176
1181
1203
1245
1230
1164
1142
1168
1134
1024
942
925
859
713
596
539
436
259
140
129
114
29
-36
-15
15
-6
-7
87
221
279
246
214
187
-65
-725
-1581
-2291
-2954
-3810
-4523
-4517
-4097
-4029
-4043
-3202
-1731
-783
-352
566
1773
2116
1752
1841
2210
1740
676
186
212
-77
-473
-312
132
383
777
1534
2092
2219
2379
2590
2402
1983
1845
1749
1215
607
487
601
460
277
397
584
532
450
597
793
795
702
683
663
510
313
189
81
-73
-197
-266
-395
-604
-764
-848
-988
-1179
-1259
-1233
-1246
-1284
-1195
-1004
-874
-817
-736
-641
-611
-648
-712
-782
-857
-948
-1062
-1160
-1182
-1164
-1171
-1152
-1024
-845
-730
-650
-497
-306
-201
-182
-158
-118
-141
-229
-273
-223
-165
-154
-118
3
140
231
338
495
633
736
869
1019
1098
1134
1208
1261
1199
1098
1068
1049
953
851
838
862
836
790
798
839
834
766
715
717
706
620
520
474
431
346
277
249
197
128
126
151
148
195
285
89
-579
-1358
-1961
-2651
-3553
-4088
-3886
-3595
-3687
-3503
-2453
-1224
-605
-75
927
1733
1696
1451
1666
1701
1008
270
115
125
-85
-76
328
668
885
1339
1864
1975
1818
1772
1588
1034
565
497
362
-133
-407
-132
167
151
283
837
1258
1214
1147
1340
1355
918
492
389
278
-57
-281
-183
-63
-94
-60
82
77
-131
-332
-501
-768
-1072
-1265
-1383
-1494
-1494
-1304
-1050
-830
-594
-315
-94
0
1
-67
-246
-541
-868
-1122
-1285
-1376
-1392
-1308
-1129
-881
-602
-343
-131
10
59
7
-93
-192
-325
-497
-624
-633
-551
-428
-226
62
340
553
763
972
1078
1056
992
907
740
533
397
317
224
189
315
519
669
800
998
1192
1228
1143
1078
1033
885
644
457
356
237
118
141
290
398
430
517
658
714
676
669
703
555
-3
-884
-1763
-2519
-3308
-4051
-4280
-3901
-3476
-3265
-2742
-1634
-516
169
728
1355
1695
1614
1418
1236
948
619
358
118
19
270
649
791
865
1234
1660
1687
1444
1295
1135
730
306
196
310
362
342
431
657
869
1001
1119
1219
1201
1073
942
822
671
528
426
323
224
208
243
216
123
31
-82
-287
-566
-841
-1079
-1266
-1383
-1418
-1361
-1203
-985
-789
-609
-396
-209
-164
-248
-346
-459
-676
-975
-1217
-1351
-1463
-1564
-1541
-1361
-1159
-1012
-821
-551
-334
-257
-245
-234
-274
-373
-456
-490
-503
-501
-440
-304
-121
91
326
546
704
817
933
1022
1000
890
803
756
672
555
508
554
609
630
670
779
927
1046
1089
1095
1130
1177
1152
1059
976
929
856
736
624
560
513
418
302
243
230
172
78
71
94
-188
-944
-1816
-2435
-3012
-3801
-4310
-4003
-3375
-3175
-2989
-2001
-643
91
396
1041
1718
1688
1283
1245
1346
1043
607
492
568
653
843
1056
1106
1180
1397
1384
999
723
726
516
41
-24
449
731
555
540
941
1204
1071
977
1109
1057
682
373
319
310
269
312
417
490
586
674
553
241
-14
-233
-647
-1121
-1317
-1311
-1413
-1530
-1351
-977
-746
-634
-389
-82
29
-40
-98
-156
-338
-599
-801
-948
-1085
-1160
-1162
-1148
-1115
-1007
-899
-892
-909
-837
-755
-756
-744
-627
-504
-463
-406
-252
-109
-63
-24
73
176
248
347
491
621
696
743
785
812
847
880
866
786
719
718
721
666
633
704
765
698
604
628
669
599
513
519
526
456
437
554
697
792
896
1010
1060
1032
953
811
519
-94
-1137
-2391
-3440
-4222
-4937
-5397
-5122
-4239
-3421
-2749
-1662
-197
867
1302
1660
2064
2049
1620
1299
1214
1119
1043
1126
1293
1532
1888
2080
1880
1640
1642
1477
873
359
339
388
206
268
859
1498
1751
1793
1825
1699
1295
730
169
-282
-548
-663
-661
-444
24
514
802
968
1138
1135
740
107
-465
-989
-1609
-2187
-2453
-2404
-2242
-1993
-1576
-1071
-658
-414
-312
-316
-397
-544
-768
-990
-1067
-989
-895
-815
-654
-451
-394
-519
-664
-754
-890
-1110
-1282
-1294
-1186
-1040
-840
-557
-240
27
196
296
358
375
306
186
139
237
413
587
818
1129
1382
1454
1420
1408
1377
1253
1091
1039
1112
1156
1062
961
1041
1193
1151
970
941
1031
939
657
483
460
363
164
31
-2
-5
16
72
135
199
248
88
-490
-1455
-2571
-3614
-4557
-5355
-5768
-5480
-4623
-3709
-2807
-1618
-250
693
1117
1456
1723
1610
1227
1039
1108
1221
1414
1707
1975
2187
2426
2501
2192
1787
1530
1185
584
180
343
677
859
1176
1888
2600
2852
2789
2664
2381
1694
720
-124
-646
-928
-1090
-997
-505
190
709
888
901
831
538
-51
-749
-1266
-1582
-1862
-2106
-2087
-1727
-1315
-1098
-952
-734
-603
-748
-1023
-1172
-1213
-1296
-1411
-1363
-1104
-827
-667
-575
-457
-416
-575
-874
-1157
-1335
-1458
-1525
-1457
-1209
-840
-511
-266
-31
199
329
276
154
93
104
100
76
182
454
732
878
994
1171
1272
1217
1123
1123
1143
1081
1031
1090
1198
1283
1381
1477
1435
1342
1343
1303
1067
846
917
995
835
679
666
602
371
243
215
97
-37
-115
-163
-428
-1122
-2341
-3779
-4833
-5570
-6219
-6469
-5789
-4451
-3289
-2271
-996
383
1295
1637
1835
1928
1819
1573
1416
1529
1829
2179
2323
2323
2457
2613
2381
1696
1156
961
691
272
185
663
1227
1602
2018
2604
3118
3224
2898
2329
1782
1279
609
-152
-629
-688
-708
-856
-790
-327
139
159
-107
-327
-530
-904
-1336
-1541
-1537
-1504
-1522
-1520
-1441
-1308
-1218
-1282
-1398
-1380
-1274
-1275
-1308
-1111
-770
-601
-605
-524
-376
-398
-606
-814
-940
-1064
-1224
-1335
-1314
-1173
-1034
-958
-853
-646
-412
-307
-300
-241
-98
40
138
304
568
800
924
1016
1154
1257
1202
1044
901
837
819
824
895
1061
1315
1539
1646
1644
1585
1504
1352
1173
990
821
728
721
836
952
1053
1124
1102
1042
873
666
375
100
-54
-218
-339
-713
-1612
-3108
-4657
-5646
-6480
-7190
-7246
-6205
-4720
-3626
-2392
-862
511
1207
1564
2036
2127
1928
1743
1831
2165
2589
3138
3308
3225
3198
3028
2400
1457
997
808
419
114
402
1192
1705
2038
2524
3016
3147
2802
2410
2005
1560
1045
561
367
334
322
103
-171
-343
-586
-948
-1396
-1634
-1697
-1767
-1841
-1830
-1599
-1386
-1339
-1370
-1343
-1279
-1376
-1563
-1634
-1513
-1339
-1226
-1067
-797
-545
-459
-511
-556
-602
-741
-939
-1093
-1121
-1058
-978
-885
-750
-559
-462
-527
-629
-658
-663
-718
-692
-499
-206
67
315
598
870
1054
1065
995
928
858
786
753
845
956
1043
1151
1250
1291
1242
1216
1195
1174
1204
1250
1259
1185
1186
1259
1290
1230
1132
1081
974
820
625
458
390
371
349
202
126
101
-385
-1906
-4209
-6051
-7052
-7820
-8585
-8338
-6500
-4374
-2936
-1716
-52
1350
1724
1758
2064
2473
2595
2681
3090
3716
4500
5008
4814
4098
3428
2829
1706
437
-68
115
163
53
637
1756
2472
2582
2658
2881
2792
2337
1817
1444
1287
1298
1312
1193
1139
1122
752
-52
-796
-1227
-1760
-2542
-3171
-3324
-3220
-3088
-2869
-2500
-2070
-1815
-1817
-1925
-1854
-1649
-1588
-1592
-1344
-829
-439
-239
-43
140
93
-261
-694
-1072
-1322
-1460
-1509
-1376
-1030
-591
-347
-279
-207
-147
-266
-559
-749
-736
-607
-447
-192
229
680
1000
1139
1232
1344
1386
1307
1198
1207
1290
1342
1357
1369
1360
1279
1155
1045
969
914
855
809
836
971
1148
1253
1287
1296
1244
1141
1033
995
981
918
857
775
729
703
618
466
240
-312
-2097
-5211
-8125
-9424
-9688
-10267
-10250
-8142
-4885
-2688
-1674
-216
1434
1960
1585
1674
2530
3235
3677
4220
5035
5979
6566
6311
5104
3774
2737
1532
139
-618
-217
398
524
745
1615
2532
2570
2112
1953
2073
1973
1658
1660
2043
2494
2715
2701
2596
2350
1756
681
-507
-1338
-1819
-2312
-2916
-3280
-3244
-3086
-3173
-3433
-3570
-3595
-3784
-4093
-4029
-3459
-2779
-2254
-1610
-684
162
619
730
677
456
75
-376
-792
-1048
-1136
-1164
-1190
-1092
-837
-680
-793
-1005
-1058
-980
-948
-919
-719
-347
27
355
688
1019
1251
1358
1385
1404
1521
1711
1859
1940
2090
2293
2332
2117
1824
1554
1249
926
749
784
880
974
1089
1242
1337
1332
1308
1246
1150
1027
990
1012
977
967
975
1023
891
739
673
428
141
-89
-419
-2695
-7097
-10976
-12024
-11238
-11777
-12146
-9752
-5258
-2298
-1822
-535
1452
2337
1486
1181
2775
4507
5666
5977
6558
7673
8314
7751
5685
3822
2517
1024
-607
-1469
-542
545
687
524
1060
2098
2061
1320
851
1081
1588
1872
2412
3222
4180
4740
4573
4103
3505
2732
1360
-200
-1117
-1421
-1576
-2074
-2537
-2984
-3660
-4347
-4881
-5138
-5578
-5837
-5606
-4935
-3902
-2810
-1718
-1166
-807
-339
-6
-45
-348
-328
-361
-532
-561
-348
-268
-669
-1026
-1194
-1256
-1320
-1292
-1125
-1049
-922
-694
-390
-164
-65
83
283
564
898
1319
1725
1931
1998
2116
2315
2410
2381
2345
2347
2319
2299
2331
2299
2150
1851
1489
1169
963
855
716
664
766
949
1111
1180
1232
1236
1229
1163
985
866
861
841
655
447
395
390
235
-69
-365
-623
-1642
-4804
-9533
-12951
-13069
-11866
-11967
-11866
-9026
-4425
-1775
-1471
-698
1070
2084
1451
1292
3127
5714
7276
7372
7714
8858
9368
7860
4996
2946
1767
331
-1316
-1708
-384
778
754
407
836
1436
996
40
-275
471
1652
2766
3913
5021
5920
6233
5824
4992
4046
3036
1702
296
-560
-801
-967
-1563
-2410
-3140
-3793
-4640
-5772
-6722
-7050
-6839
-6334
-5544
-4228
-2645
-1437
-820
-507
-94
240
228
-47
-279
-227
-115
-114
-266
-506
-829
-1372
-1960
-2343
-2443
-2452
-2474
-2317
-1911
-1369
-861
-444
-100
215
585
1004
1399
1769
2140
2443
2622
2749
2930
3049
2976
2741
2501
2361
2246
2112
1946
1817
1741
1659
1612
1614
1621
1506
1265
1018
865
913
1104
1224
1179
1185
1384
1516
1366
1137
1024
884
584
309
194
69
-191
-444
-558
-659
-1024
-1994
-4051
-7271
-10568
-12304
-12007
-10934
-10150
-9010
-6581
-3569
-1670
-1133
-678
314
1228
1610
2269
3942
5966
7161
7270
7232
7446
7133
5573
3266
1538
692
134
-417
-504
102
609
499
166
232
522
420
132
288
1185
2448
3635
4655
5398
5811
5787
5351
4628
3711
2726
1723
871
236
-302
-892
-1646
-2577
-3624
-4594
-5322
-5874
-6296
-6402
-5983
-5065
-3950
-2882
-1968
-1219
-640
-304
-103
127
409
605
652
682
743
718
410
-264
-1108
-1816
-2303
-2714
-3028
-3015
-2660
-2227
-1855
-1451
-1009
-685
-490
-268
77
528
1037
1539
1938
2227
2477
2658
2692
2588
2450
2281
2043
1831
1726
1672
1528
1335
1242
1239
1206
1096
1024
1058
1161
1272
1353
1397
1408
1444
1527
1592
1595
1559
1504
1353
1098
879
784
729
603
445
270
32
-323
-871
-1761
-3187
-5248
-7763
-9962
-10796
-10041
-8765
-7956
-7150
-5415
-3201
-1902
-1783
-1683
-811
418
1469
2556
3988
5470
6439
6703
6495
6053
5347
4209
2802
1704
1300
1306
1260
1170
1206
1133
675
136
-53
-86
-355
-579
-152
855
1818
2495
3127
3754
4101
4078
3861
3539
3052
2441
1868
1438
1099
680
-22
-1036
-2112
-2976
-3586
-4047
-4371
-4473
-4340
-3979
-3400
-2712
-2173
-1902
-1740
-1480
-1114
-773
-518
-305
-83
151
350
444
377
132
-247
-674
-1047
-1304
-1475
-1629
-1729
-1681
-1491
-1305
-1245
-1281
-1300
-1219
-1026
-744
-413
-66
291
661
1023
1329
1511
1540
1454
1346
1301
1334
1410
1469
1479
1432
1352
1254
1121
937
725
555
500
549
612
605
557
557
618
679
704
719
748
777
802
856
961
1095
1203
1244
1240
1244
1261
1199
1008
785
642
521
265
-175
-710
-1235
-1654
-1912
-2083
-2326
-2666
-2941
-3021
-2938
-2787
-2633
-2520
-2473
-2440
-2339
-2177
-2004
-1821
-1588
-1294
-946
-541
-105
299
633
898
1114
1301
1461
1568
1575
1493
1396
1332
1285
1224
1152
1095
1081
1146
1305
1488
1581
1541
1440
1376
1340
1272
1161
1042
933
845
820
889
993
1034
979
906
878
876
843
768
677
569
414
219
25
-149
-334
-550
-749
-873
-928
-990
-1105
-1228
-1294
-1320
-1362
-1422
-1458
-1464
-1479
-1503
-1506
-1494
-1503
-1532
-1540
-1487
-1381
-1258
-1145
-1044
-960
-890
-843
-826
-823
-822
-797
-725
-578
-382
-186
-1
191
388
565
708
826
922
1024
1183
1406
1636
1827
1981
2083
2115
2118
2148
2164
2093
1965
1876
1832
1763
1651
1544
1437
1263
999
656
231
-275
-845
-1483
-2148
-2646
-2800
-2712
-2694
-2879
-3098
-3171
-3109
-2977
-2768
-2512
-2323
-2220
-2057
-1715
-1294
-977
-813
-698
-520
-229
155
575
1004
1437
1864
2255
2586
2829
2914
2785
2542
2370
2313
2236
2056
1859
1737
1673
1631
1635
1659
1566
1302
1018
873
818
692
462
233
91
26
9
39
87
87
15
-61
-43
36
41
-98
-275
-381
-462
-624
-859
-1083
-1271
-1436
-1519
-1450
-1300
-1227
-1275
-1333
-1320
-1285
-1319
-1426
-1552
-1643
-1684
-1662
-1593
-1511
-1437
-1359
-1237
-1064
-875
-728
-652
-623
-606
-564
-498
-423
-343
-261
-175
-68
71
214
308
360
446
610
805
990
1163
1322
1447
1539
1628
1718
1770
1769
1772
1838
1957
2078
2182
2287
2368
2368
2274
2130
1970
1793
1604
1417
1219
948
576
130
-387
-1019
-1773
-2516
-3026
-3216
-3250
-3327
-3474
-3552
-3487
-3313
-3062
-2746
-2458
-2323
-2285
-2102
-1656
-1130
-765
-570
-362
-46
313
632
911
1175
1412
1634
1888
2191
2451
2523
2388
2198
2092
2028
1863
1578
1318
1198
1195
1251
1339
1401
1331
1095
825
660
568
426
220
76
72
145
195
210
218
199
141
94
97
86
-23
-190
-310
-357
-403
-506
-658
-840
-1038
-1211
-1315
-1367
-1425
-1498
-1530
-1466
-1336
-1202
-1113
-1074
-1068
-1072
-1060
-1032
-1010
-1011
-984
-875
-694
-523
-405
-323
-253
-224
-262
-317
-337
-325
-317
-292
-196
-34
122
215
261
306
359
410
466
553
696
888
1107
1308
1462
1566
1628
1660
1671
1661
1642
1621
1618
1647
1685
1684
1621
1526
1442
1369
1277
1133
915
607
225
-208
-708
-1322
-1991
-2509
-2720
-2702
-2689
-2805
-2970
-3065
-3054
-2929
-2677
-2379
-2177
-2101
-1989
-1674
-1214
-824
-600
-429
-164
201
571
895
1188
1452
1670
1878
2130
2381
2482
2361
2152
2049
2063
2035
1864
1622
1430
1318
1262
1261
1280
1225
1042
822
708
703
657
482
244
87
35
13
-19
-36
-30
-42
-80
-101
-95
-130
-260
-429
-552
-625
-720
-857
-993
-1093
-1171
-1237
-1288
-1342
-1441
-1569
-1651
-1637
-1547
-1444
-1340
-1220
-1078
-935
-794
-672
-604
-614
-651
-629
-517
-370
-250
-168
-115
-85
-82
-96
-117
-141
-171
-170
-108
0
100
159
202
271
377
487
566
614
687
825
1021
1217
1366
1454
1509
1573
1666
1777
1848
1826
1726
1617
1562
1546
1508
1418
1294
1171
1054
938
793
585
295
-64
-469
-946
-1524
-2127
-2575
-2745
-2709
-2647
-2660
-2721
-2762
-2733
-2587
-2322
-2040
-1885
-1863
-1794
-1517
-1087
-703
-459
-270
-20
285
594
893
1187
1445
1640
1817
2033
2226
2262
2114
1928
1844
1840
1783
1632
1454
1324
1260
1251
1284
1304
1232
1049
828
667
555
409
202
-9
-137
-164
-121
-65
-57
-123
-233
-314
-334
-330
-362
-452
-568
-675
-760
-831
-922
-1041
-1165
-1250
-1281
-1284
-1299
-1331
-1339
-1294
-1198
-1085
-993
-931
-886
-825
-722
-590
-477
-413
-370
-298
-191
-85
-24
3
17
16
-5
-41
-65
-74
-82
-74
-24
58
127
160
184
245
333
411
470
541
640
747
840
926
1016
1099
1161
1207
1252
1298
1334
1369
1397
1395
1335
1220
1092
975
871
792
746
715
661
570
464
338
155
-96
-391
-742
-1201
-1745
-2209
-2425
-2402
-2320
-2325
-2412
-2497
-2513
-2427
-2228
-1965
-1760
-1690
-1657
-1480
-1126
-757
-526
-383
-184
127
473
780
1063
1330
1570
1788
2017
2230
2314
2203
1988
1828
1781
1764
1691
1565
1444
1374
1359
1381
1391
1320
1144
919
735
624
540
428
288
154
43
-40
-97
-138
-187
-253
-320
-364
-403
-476
-582
-678
-726
-755
-815
-921
-1044
-1163
-1255
-1307
-1319
-1315
-1321
-1318
-1267
-1159
-1039
-970
-958
-954
-913
-844
-773
-700
-608
-495
-389
-297
-212
-155
-161
-217
-260
-239
-190
-163
-158
-137
-85
-38
-24
-19
4
43
93
159
269
420
581
732
869
990
1065
1081
1063
1062
1106
1192
1286
1363
1410
1435
1453
1469
1460
1387
1250
1088
951
863
819
798
777
739
673
583
479
352
169
-58
-311
-597
-964
-1436
-1917
-2255
-2387
-2387
-2384
-2427
-2487
-2517
-2483
-2353
-2140
-1926
-1803
-1746
-1617
-1332
-974
-683
-485
-282
0
329
645
929
1190
1406
1568
1703
1842
1921
1856
1661
1469
1392
1395
1374
1292
1192
1126
1099
1102
1120
1116
1036
889
757
703
701
671
586
477
386
320
261
201
139
65
-5
-57
-93
-149
-254
-397
-537
-648
-741
-837
-939
-1030
-1087
-1086
-1037
-977
-958
-974
-986
-957
-888
-809
-749
-712
-690
-675
-652
-620
-598
-602
-618
-606
-548
-480
-441
-432
-430
-413
-397
-390
-394
-403
-421
-431
-397
-309
-193
-85
21
155
316
460
552
603
651
712
780
860
960
1074
1167
1225
1265
1312
1354
1352
1299
1228
1180
1161
1155
1153
1159
1156
1118
1034
935
857
806
756
687
598
483
334
159
-34
-271
-596
-1027
-1514
-1951
-2248
-2384
-2416
-2430
-2459
-2471
-2416
-2288
-2126
-1970
-1846
-1741
-1622
-1442
-1185
-898
-634
-414
-190
73
355
587
756
893
1031
1178
1318
1438
1516
1519
1451
1374
1336
1315
1263
1177
1103
1078
1084
1090
1092
1091
1077
1034
986
957
930
865
768
691
658
634
570
467
365
287
220
145
62
-48
-200
-386
-544
-639
-694
-749
-803
-825
-828
-850
-905
-965
-1011
-1052
-1093
-1118
-1120
-1111
-1101
-1073
-1017
-947
-894
-867
-846
-813
-769
-726
-681
-631
-587
-562
-563
-573
-570
-545
-497
-431
-341
-238
-131
-21
88
185
252
277
293
343
449
594
747
884
995
1066
1096
1100
1104
1118
1131
1141
1156
1187
1213
1220
1202
1162
1111
1056
1014
999
1003
1002
967
910
856
807
735
630
507
403
312
208
69
-101
-288
-482
-668
-847
-1054
-1335
-1678
-1992
-2174
-2204
-2159
-2135
-2154
-2166
-2118
-2004
-1847
-1685
-1554
-1463
-1367
-1199
-955
-711
-536
-408
-257
-44
187
385
537
670
802
938
1069
1174
1225
1210
1172
1179
1252
1338
1369
1339
1292
1270
1268
1265
1253
1238
1218
1193
1175
1162
1125
1044
936
843
783
727
641
528
420
342
287
225
140
21
-126
-278
-406
-493
-560
-639
-727
-804
-858
-906
-971
-1040
-1098
-1133
-1156
-1167
-1163
-1153
-1141
-1118
-1076
-1024
-983
-967
-971
-973
-960
-914
-839
-749
-668
-613
-589
-572
-540
-484
-408
-332
-259
-191
-115
-16
104
216
297
347
397
465
560
672
783
874
928
955
978
1013
1056
1087
1101
1099
1091
1087
1088
1081
1045
966
861
764
698
669
662
654
619
555
483
425
390
374
387
416
429
400
345
300
272
233
156
30
-138
-336
-541
-728
-903
-1101
-1339
-1575
-1722
-1752
-1738
-1767
-1839
-1883
-1862
-1792
-1699
-1595
-1505
-1450
-1396
-1262
-1038
-806
-642
-526
-384
-191
16
196
336
435
508
582
681
798
904
968
1005
1057
1146
1246
1312
1336
1357
1394
1446
1491
1519
1525
1500
1461
1422
1375
1310
1227
1150
1086
1022
924
787
626
486
397
329
226
59
-126
-272
-361
-412
-459
-529
-634
-739
-809
-854
-922
-1028
-1141
-1212
-1226
-1203
-1169
-1157
-1174
-1193
-1179
-1138
-1106
-1103
-1110
-1085
-1018
-939
-876
-839
-806
-753
-686
-617
-562
-531
-512
-480
-407
-302
-205
-132
-74
0
96
193
272
326
380
454
558
679
789
872
921
958
996
1040
1070
1072
1051
1028
1019
1018
1011
990
964
946
938
933
916
884
838
788
747
726
715
699
670
640
614
585
530
446
352
266
191
120
41
-59
-179
-314
-456
-601
-755
-918
-1078
-1220
-1331
-1423
-1520
-1627
-1721
-1776
-1789
-1791
-1806
-1828
-1836
-1802
-1719
-1592
-1453
-1330
-1214
-1082
-906
-703
-507
-341
-189
-24
164
352
513
637
741
845
959
1077
1175
1238
1270
1296
1341
1398
1443
1463
1470
1471
1466
1457
1438
1404
1348
1283
1224
1177
1136
1092
1035
962
882
803
729
650
573
497
413
314
203
85
-46
-184
-318
-435
-540
-638
-727
-808
-885
-954
-1010
-1057
-1095
-1130
-1158
-1176
-1185
-1186
-1182
-1190
-1207
-1221
-1230
-1228
-1214
-1191
-1156
-1113
-1059
-995
-923
-845
-764
-680
-596
-514
-439
-365
-288
-205
-118
-29
56
136
213
290
369
451
532
608
683
757
831
892
943
977
1001
1020
1039
1066
1092
1108
1111
1103
1091
1081
1071
1055
1022
985
945
911
872
823
758
678
592
514
452
392
328
253
177
103
34
-31
-103
-186
-283
-389
-498
-613
-732
-851
-974
-1092
-1200
-1296
-1377
-1447
-1504
-1541
-1560
-1560
-1545
-1510
-1454
-1382
-1300
-1206
-1105
-995
-870
-729
-578
-428
-281
-140
-3
135
268
390
498
594
682
764
841
911
973
1021
1063
1097
1128
1149
1165
1172
1172
1163
1140
1109
1076
1045
1013
970
916
848
778
716
667
622
567
499
424
355
297
246
194
133
65
-7
-69
-121
-171
-224
-288
-353
-417
-473
-522
-571
-625
-685
-745
-801
-850
-893
-934
-975
-1011
-1040
-1063
-1074
-1075
-1068
-1055
-1038
-1014
-984
-943
-893
-835
-776
-716
-653
-585
-510
-433
-351
-272
-198
-122
-47
30
110
186
256
321
383
445
507
564
615
660
701
740
776
811
842
869
888
906
919
932
942
947
949
947
940
929
909
883
857
826
788
745
690
632
569
509
444
371
291
206
122
37
-48
-132
-222
-308
-394
-473
-549
-626
-698
-768
-828
-884
-932
-977
-1017
-1050
-1073
-1089
-1100
-1106
-1106
-1096
-1079
-1052
-1016
-976
-929
-874
-810
-737
-656
-571
-481
-387
-288
-189
-86
15
117
219
317
413
505
588
667
737
803
864
914
956
990
1016
1032
1041
1043
1040
1029
1011
992
970
943
911
876
840
801
759
715
671
620
566
509
448
386
320
253
182
107
27
-56
-143
-230
-315
-398
-480
-559
-634
-702
-768
-825
-875
-915
-946
-969
-985
-991
-993
-986
-970
-947
-917
-882
-845
-811
-776
-738
-702
-664
-625
-591
-558
-526
-495
-463
-429
-392
-353
-315
-275
-231
-184
-129
-70
-5
71
154
235
319
397
470
540
609
679
748
816
878
931
971
1000
1016
1020
1016
1008
998
985
967
941
903
860
814
769
727
688
643
594
540
487
439
396
354
308
253
188
115
33
-45
-125
-203
-285
-370
-462
-559
-660
-761
-859
-948
-1021
-1081
-1125
-1161
-1184
-1196
-1199
-1185
-1152
-1100
-1037
-965
-886
-802
-709
-614
-515
-419
-331
-250
-176
-110
-46
10
63
109
149
184
217
244
271
299
330
367
412
464
524
583
638
688
734
773
806
833
856
873
887
891
884
868
838
798
753
705
653
603
552
500
446
394
342
288
233
179
124
67
14
-39
-94
-148
-200
-254
-307
-360
-412
-464
-515
-562
-606
-644
-681
-714
-742
-768
-791
-809
-823
-832
-838
-841
-837
-827
-813
-791
-766
-735
-701
-661
-616
-568
-517
-463
-408
-354
-297
-240
-182
-124
-63
-1
64
127
188
253
312
374
431
486
538
589
637
683
723
759
791
816
839
852
863
867
867
860
847
831
808
777
742
703
656
608
556
500
439
377
317
256
200
143
89
36
-15
-63
-109
-153
-193
-232
-267
-302
-334
-362
-392
-423
-455
-486
-520
-555
-591
-627
-666
-702
-735
-769
-799
-827
-846
-861
-872
-872
-862
-842
-812
-774
-726
-670
-607
-539
-465
-386
-307
-229
-150
-71
5
80
150
216
276
332
384
432
475
514
548
583
619
651
685
716
745
776
807
835
860
882
902
914
921
924
919
905
885
855
816
769
712
647
576
495
410
318
222
124
28
-70
-164
-255
-338
-416
-490
-553
-612
-664
-709
-747
-777
-802
-825
-840
-854
-860
-865
-868
-866
-860
-854
-843
-829
-811
-789
-763
-733
-701
-665
-625
-585
-538
-485
-431
-372
-311
-247
-178
-107
-40
30
100
167
232
297
357
414
464
510
553
590
624
652
674
694
711
722
733
740
743
744
743
738
725
709
689
664
636
606
569
529
487
444
396
346
296
246
194
143
90
38
-12
-59
-105
-151
-193
-234
-272
-311
-348
-374
-397
-425
-448
-471
-485
-490
-505
-512
-522
-522
-510
-504
-499
-487
-474
-448
-421
-402
-376
-352
-322
-286
-259
-231
-204
-173
-140
-114
-88
-63
-38
-13
10
33
54
76
97
116
135
156
175
192
202
217
230
243
254
258
263
269
271
275
271
263
257
251
243
233
215
202
191
176
165
146
131
118
105
89
71
54
41
27
15
2
-6
-14
-22
-30
-39
-48
-57
-68
-78
-88
-98
-105
-115
-123
-132
-137
-138
-141
-144
-147
-152
-151
-151
-151
-149
-146
-138
-128
-120
-111
-104
-95
-85
-75
-69
-62
-54
-44
-33
-24
-15
-6
1
6
10
14
16
20
26
33
40
48
54
59
64
72
77
80
82
81
82
80
77
75
73
72
73
73
72
69
68
67
65
64
62
57
57
55
53
50
44
38
29
21
11
3
-8
-17
-24
-31
-36
-37
-38
-36
-36
-34
-31
-27
-22
-20
-17
-11
-7
-2
3
6
8
10
8
7
4
0
-5
-10
-12
-15
-17
-18
-17
-16
-17
-16
-18
-18
-19
-19
-19
-17
-17
-16
-13
-13
-12
-14
-18
-21
-22
-24
-23
-20
-20
-20
-18
-16
-13
-11
-10
-9
-6
-5
-3
-1
0
0
1
2
2
2
3
3
4
4
4
7
5
7
7
10
14
17
19
20
22
23
24
22
21
21
22
21
23
25
25
27
27
27
28
27
27
26
23
19
15
10
6
2
2
-1
1
-1
-5
-8
-10
-13
-14
-15
-15
-14
-13
-9
-9
-12
-14
-16
-16
-18
-21
-22
-22
-21
-21
-21
-21
-20
-19
-17
-16
-17
-17
-14
-11
-11
-8
-6
-2
1
3
4
6
8
12
10
9
10
10
10
10
12
12
12
12
12
12
12
11
12
11
13
13
14
13
14
16
16
17
15
15
14
11
10
10
10
8
7
7
8
7
5
4
3
4
3
0
0
-3
-3
-5
-5
-5
-5
-5
-6
-6
-7
-7
-7
-6
-4
-4
-5
-4
-6
-6
-6
-6
-8
-9
-9
-12
-11
-11
-11
-10
-12
-12
-14
-13
-15
-15
-14
-14
-11
-9
-6
-3
-1
2
4
6
7
7
7
6
6
5
5
5
5
4
5
7
8
8
9
10
10
11
10
10
10
10
10
8
8
7
7
5
4
4
4
4
3
4
2
3
3
3
2
2
3
4
5
5
5
4
4
3
1
-2
-3
-6
-8
-8
-8
-7
-8
-8
-9
-7
-8
-4
-4
-4
-4
-2
-1
1
1
1
3
2
3
3
2
1
1
-1
1
0
1
0
2
2
3
2
2
2
0
-1
-3
-2
-3
-2
-3
-3
-1
0
-1
0
0
-1
-2
-3
-2
0
-1
-2
1
2
2
3
2
2
4
4
2
2
3
4
4
3
4
5
6
4
1
0
1
1
-1
-1
1
2
3
3
4
7
5
5
7
4
5
5
4
4
3
4
4
4
3
2
0
-2
-1
-2
-3
-3
-4
-4
-4
-4
-4
-4
-3
-1
-2
-2
-2
-5
-7
-8
-10
-10
-10
-9
-7
-6
-6
-4
-4
-4
-2
-3
-3
-1
2
3
6
7
8
7
9
9
6
7
6
5
5
5
5
6
8
8
6
3
1
-1
-2
-3
-5
-5
-5
-4
-2
-1
0
2
4
6
7
7
8
9
9
7
6
5
3
2
-1
-1
-3
-6
-5
-7
-8
-7
-5
-5
-4
-2
-1
-1
0
-3
-3
-3
-4
-2
-2
-2
-2
0
-1
-2
-3
-3
-4
-4
-3
-2
-1
0
3
5
5
6
4
3
2
