-2
0
-1
0
0
1
4
3
2
2
3
3
2
3
4
2
0
-1
-1
-1
-4
-1
-3
-4
-5
-7
-6
-5
-5
-5
-6
-5
-6
-5
-6
-5
-4
-4
-5
-5
-4
-6
-5
-4
-3
-3
-2
-2
0
1
2
3
5
5
4
3
3
3
2
3
2
2
2
5
5
5
5
5
3
3
3
-1
0
1
0
-1
-2
-2
-1
-1
-2
0
1
0
3
4
5
7
5
5
5
5
4
2
0
-1
0
0
0
0
0
0
-2
1
0
-1
-1
-2
-2
-2
-3
-2
-1
-1
0
0
0
0
-3
-5
-6
-7
-9
-8
-6
-7
-7
-8
-6
-6
-5
-5
-4
-3
-3
-2
-1
-1
-1
1
3
3
3
2
2
3
1
1
2
5
4
2
2
2
0
0
-1
2
3
5
6
6
6
6
6
6
4
5
7
6
7
8
8
8
5
6
6
5
4
4
4
1
-2
-4
-5
-5
-6
-5
-6
-5
-6
-5
-5
-4
-4
-4
-2
-3
-3
-2
-4
-5
-3
-4
-6
-7
-9
-7
-7
-7
-8
-4
-4
-2
-2
-2
-2
-3
-1
-1
0
2
3
4
3
1
1
1
1
0
3
4
4
6
4
4
6
5
5
6
3
5
6
8
6
6
6
4
2
3
3
2
3
4
3
2
-1
-2
-1
-3
-5
-6
-7
-8
-9
-9
-8
-9
-8
-8
-8
-7
-7
-5
-1
2
4
3
3
2
3
1
3
1
0
0
0
0
1
2
0
-1
-2
-1
-2
-2
-1
1
1
3
2
3
3
3
3
4
4
4
3
1
1
0
0
-1
-1
0
-1
1
-1
1
0
1
2
0
1
1
0
1
1
1
2
3
1
1
2
2
2
1
-1
-3
-3
-5
-2
-2
-3
-4
-2
-3
-3
-3
-2
-4
-4
-4
-3
-3
-2
0
-1
0
1
2
2
4
6
8
7
9
7
8
8
7
7
6
5
1
-2
-4
-4
-7
-8
-6
-7
-5
-5
-3
-1
-1
-1
0
0
-1
-1
-2
-1
-1
-5
-5
-3
-3
-2
0
1
1
-2
-2
-2
-4
-5
-5
-6
-6
-5
-3
-3
-3
-2
-4
-4
-2
-1
1
1
-2
0
2
2
4
4
5
5
5
5
4
5
4
3
5
5
4
5
7
5
3
2
2
3
3
5
5
7
5
3
4
4
1
0
-1
-3
-2
-2
-2
-1
-2
-3
-2
1
2
2
2
0
1
1
0
1
1
2
-1
-2
-1
1
0
0
-1
-2
1
1
1
0
-1
-1
-3
-2
0
0
2
2
2
3
3
3
2
0
0
-2
-2
0
2
-1
-3
-4
-4
-4
-9
-8
-8
-9
-10
-9
-8
-8
-8
-6
-5
-7
-8
-6
-4
-4
-4
-2
-2
-5
-5
-5
-3
-4
-2
0
1
2
4
6
7
6
6
9
8
7
8
7
8
4
4
5
5
5
5
6
7
6
6
7
9
7
5
6
5
2
2
1
1
2
-1
-3
-2
-1
-1
0
1
0
1
-1
1
0
1
2
1
1
2
2
2
5
4
6
4
4
4
2
1
-2
-3
-3
-2
-3
-4
-4
-4
-5
-7
-4
-3
-2
-1
1
2
2
6
6
6
4
3
2
2
0
-1
-1
-3
-8
-10
-11
-14
-16
-23
-25
-24
-25
-24
-23
-24
-22
-22
-20
-21
-25
-26
-24
-23
-23
-28
-29
-28
-26
-21
-17
-13
-12
-10
-5
-5
-7
-9
-11
-14
-20
-29
-33
-37
-43
-45
-48
-52
-47
-46
-38
-28
-19
-10
-3
4
10
15
14
13
8
2
-10
-24
-38
-51
-66
-80
-95
-102
-103
-102
-95
-87
-68
-44
-14
17
52
88
122
158
191
228
275
313
351
392
432
471
512
556
596
636
669
702
726
739
743
738
724
693
649
598
541
479
411
338
265
200
140
85
41
-6
-59
-114
-169
-223
-274
-324
-375
-429
-483
-530
-570
-603
-634
-662
-687
-706
-717
-726
-735
-735
-721
-687
-643
-601
-558
-507
-453
-409
-380
-350
-316
-283
-254
-224
-197
-195
-214
-223
-213
-218
-249
-290
-336
-417
-531
-674
-866
-1135
-1439
-1653
-1710
-1617
-1500
-1406
-1318
-1223
-1096
-884
-586
-294
-135
-128
-170
-161
-58
120
325
508
647
789
1016
1359
1783
2230
2653
2999
3248
3427
3577
3688
3706
3608
3428
3215
2977
2719
2469
2247
2036
1801
1558
1346
1171
988
766
523
281
39
-201
-418
-625
-866
-1151
-1425
-1632
-1782
-1898
-2002
-2107
-2247
-2400
-2499
-2521
-2523
-2554
-2595
-2614
-2610
-2574
-2471
-2306
-2139
-2016
-1902
-1757
-1592
-1432
-1290
-1170
-1089
-1045
-997
-910
-806
-707
-613
-511
-392
-254
-85
105
285
431
556
683
798
891
966
1033
1085
1122
1164
1234
1311
1372
1426
1481
1540
1592
1640
1690
1731
1740
1727
1712
1694
1663
1628
1617
1617
1589
1523
1451
1393
1329
1243
1161
1092
1011
895
759
620
448
219
-49
-302
-534
-821
-1208
-1669
-2148
-2580
-2871
-2944
-2853
-2776
-2815
-2891
-2886
-2788
-2633
-2421
-2203
-2116
-2205
-2319
-2288
-2130
-1949
-1767
-1565
-1358
-1130
-784
-270
325
901
1430
1911
2311
2633
2929
3183
3308
3275
3175
3073
2955
2799
2655
2547
2431
2280
2130
2021
1917
1784
1630
1480
1333
1176
1006
828
626
389
132
-115
-352
-589
-816
-1001
-1145
-1280
-1411
-1506
-1551
-1595
-1671
-1749
-1782
-1800
-1839
-1865
-1817
-1719
-1651
-1612
-1550
-1463
-1400
-1365
-1315
-1240
-1170
-1117
-1055
-976
-887
-801
-720
-645
-558
-442
-324
-233
-159
-65
39
130
217
334
465
555
603
651
728
814
897
987
1081
1157
1211
1258
1308
1364
1413
1430
1413
1388
1379
1390
1399
1413
1435
1438
1402
1356
1340
1336
1290
1198
1090
986
879
772
663
535
382
226
88
-43
-183
-337
-507
-724
-1019
-1387
-1805
-2267
-2741
-3107
-3266
-3264
-3258
-3311
-3350
-3297
-3154
-2942
-2648
-2341
-2147
-2102
-2088
-1976
-1770
-1540
-1329
-1150
-1004
-831
-529
-70
479
1040
1599
2135
2603
3001
3374
3713
3937
4005
3981
3929
3850
3730
3588
3439
3265
3053
2837
2648
2473
2286
2091
1886
1658
1426
1221
1029
798
526
268
29
-225
-490
-730
-956
-1211
-1472
-1660
-1776
-1889
-2035
-2172
-2289
-2411
-2518
-2571
-2583
-2593
-2591
-2533
-2428
-2317
-2200
-2086
-2016
-1994
-1946
-1829
-1711
-1644
-1573
-1460
-1356
-1306
-1232
-1076
-911
-818
-735
-564
-347
-173
-31
149
363
534
665
821
1012
1176
1281
1376
1490
1608
1703
1790
1868
1921
1961
2014
2072
2105
2113
2111
2083
2009
1928
1898
1905
1888
1829
1752
1669
1558
1425
1309
1221
1116
953
764
602
489
390
275
154
33
-97
-245
-400
-542
-671
-819
-1035
-1349
-1769
-2273
-2827
-3350
-3709
-3818
-3748
-3683
-3713
-3750
-3653
-3402
-3069
-2719
-2414
-2240
-2230
-2269
-2194
-1972
-1708
-1504
-1375
-1262
-1081
-740
-228
375
982
1564
2121
2635
3096
3530
3930
4224
4341
4319
4249
4177
4078
3925
3718
3490
3276
3101
2950
2782
2576
2358
2148
1921
1681
1468
1280
1040
699
322
26
-176
-380
-637
-898
-1111
-1291
-1474
-1633
-1732
-1818
-1976
-2208
-2417
-2535
-2592
-2638
-2680
-2698
-2692
-2667
-2591
-2453
-2291
-2148
-2036
-1942
-1861
-1770
-1645
-1506
-1412
-1368
-1323
-1244
-1157
-1079
-975
-832
-697
-591
-452
-244
-24
147
291
461
643
792
918
1061
1215
1351
1467
1583
1699
1807
1888
1942
1971
1996
2035
2077
2089
2070
2053
2035
1990
1928
1897
1909
1905
1843
1749
1655
1557
1447
1352
1264
1142
946
716
519
393
338
320
260
91
-165
-410
-595
-762
-981
-1307
-1806
-2518
-3298
-3866
-4030
-3887
-3734
-3769
-3934
-4015
-3863
-3494
-3027
-2594
-2304
-2221
-2297
-2343
-2196
-1880
-1601
-1506
-1537
-1499
-1253
-807
-239
373
972
1537
2064
2569
3065
3542
3940
4176
4245
4251
4288
4331
4288
4139
3949
3781
3639
3486
3292
3043
2748
2451
2187
1964
1758
1540
1259
876
437
65
-164
-325
-546
-835
-1093
-1261
-1392
-1528
-1630
-1700
-1839
-2106
-2400
-2579
-2657
-2744
-2872
-2989
-3062
-3095
-3060
-2924
-2730
-2550
-2394
-2240
-2083
-1906
-1675
-1428
-1264
-1201
-1140
-1026
-926
-878
-821
-708
-607
-546
-444
-240
-8
152
277
449
666
866
1027
1176
1317
1425
1513
1608
1710
1803
1885
1960
2023
2069
2111
2157
2166
2125
2067
2036
2015
1961
1890
1837
1811
1770
1693
1595
1492
1377
1234
1098
1001
930
828
676
517
406
333
258
147
-20
-233
-463
-696
-970
-1356
-1901
-2605
-3390
-4038
-4295
-4154
-3942
-3989
-4233
-4329
-4097
-3665
-3191
-2719
-2338
-2222
-2343
-2395
-2156
-1766
-1513
-1461
-1491
-1479
-1319
-914
-301
331
872
1399
1995
2583
3095
3577
4032
4336
4433
4465
4557
4652
4637
4523
4379
4227
4078
3949
3788
3503
3111
2739
2431
2117
1766
1437
1107
669
143
-274
-461
-569
-770
-1025
-1191
-1281
-1395
-1524
-1575
-1596
-1740
-2028
-2309
-2479
-2618
-2847
-3165
-3460
-3632
-3657
-3554
-3382
-3199
-3008
-2782
-2534
-2314
-2111
-1876
-1630
-1461
-1368
-1256
-1072
-877
-721
-573
-402
-234
-89
75
277
478
633
756
871
973
1067
1168
1273
1350
1405
1470
1553
1641
1736
1853
1983
2095
2201
2347
2525
2673
2764
2823
2871
2892
2884
2862
2815
2683
2439
2140
1859
1621
1387
1114
802
464
131
-146
-337
-465
-589
-736
-908
-1105
-1307
-1493
-1701
-2055
-2649
-3457
-4428
-5533
-6691
-7660
-8185
-8260
-8150
-8087
-7979
-7503
-6469
-5008
-3401
-1807
-263
1169
2423
3578
4786
5976
6859
7233
7203
7012
6766
6442
6011
5471
4804
4036
3266
2579
1967
1400
899
505
207
-20
-125
-60
120
295
433
627
924
1223
1365
1328
1232
1164
1081
929
747
601
445
195
-101
-300
-380
-463
-624
-807
-974
-1174
-1420
-1663
-1905
-2238
-2690
-3155
-3546
-3891
-4195
-4377
-4415
-4386
-4310
-4069
-3600
-3001
-2392
-1778
-1138
-526
14
497
939
1283
1478
1530
1472
1330
1135
904
618
278
-49
-298
-465
-577
-613
-541
-380
-173
88
434
838
1240
1611
1962
2290
2558
2750
2880
2956
2969
2922
2851
2756
2626
2455
2286
2131
1966
1802
1674
1579
1469
1334
1211
1083
899
659
430
244
49
-179
-414
-633
-857
-1076
-1228
-1288
-1295
-1287
-1286
-1326
-1438
-1584
-1757
-2094
-2783
-3816
-5004
-6182
-7253
-7983
-8162
-8014
-8009
-8142
-7784
-6540
-4792
-3079
-1421
355
2060
3438
4672
6041
7314
7998
8018
7716
7310
6758
6057
5311
4511
3573
2571
1748
1211
814
422
104
-6
78
248
473
803
1192
1499
1662
1794
2011
2231
2254
2018
1696
1485
1376
1224
1000
810
659
445
198
98
148
97
-192
-578
-954
-1406
-1948
-2436
-2909
-3611
-4491
-5154
-5458
-5683
-5951
-5989
-5686
-5296
-4907
-4241
-3206
-2135
-1279
-522
251
927
1406
1735
1934
1933
1739
1439
1072
644
221
-151
-517
-877
-1105
-1114
-978
-809
-580
-207
278
768
1231
1703
2162
2528
2789
2999
3173
3270
3270
3185
3043
2878
2730
2598
2450
2277
2134
2054
1997
1921
1845
1813
1783
1660
1417
1151
930
690
353
-33
-362
-627
-894
-1141
-1291
-1350
-1399
-1446
-1431
-1344
-1240
-1176
-1190
-1331
-1688
-2354
-3350
-4588
-5915
-7187
-8203
-8747
-8870
-8931
-9096
-8938
-7921
-6137
-4171
-2326
-460
1481
3254
4757
6204
7630
8636
8914
8643
8171
7573
6782
5867
4934
3926
2824
1829
1145
712
359
87
8
134
358
625
970
1373
1727
1946
2071
2206
2368
2402
2168
1759
1424
1266
1137
904
670
556
480
317
174
206
283
128
-273
-701
-1111
-1641
-2292
-2940
-3640
-4529
-5455
-6097
-6425
-6677
-6861
-6724
-6218
-5579
-4874
-3908
-2681
-1513
-577
295
1198
1925
2301
2426
2421
2234
1837
1341
831
284
-261
-705
-1025
-1253
-1342
-1216
-949
-653
-289
247
898
1508
2036
2527
2964
3275
3465
3592
3656
3611
3455
3251
3048
2850
2646
2438
2239
2064
1923
1818
1739
1678
1636
1611
1572
1478
1318
1110
865
563
210
-162
-531
-895
-1239
-1534
-1759
-1900
-1948
-1928
-1873
-1788
-1673
-1566
-1566
-1804
-2384
-3288
-4418
-5670
-6909
-7894
-8406
-8572
-8808
-9173
-9115
-8123
-6408
-4569
-2803
-920
1053
2857
4486
6164
7763
8805
9105
8964
8652
8114
7303
6383
5429
4301
3017
1923
1237
752
226
-225
-361
-203
54
367
812
1322
1729
1994
2241
2550
2826
2892
2674
2294
1962
1758
1560
1261
924
626
346
73
-91
-114
-156
-368
-706
-1065
-1437
-1853
-2305
-2835
-3542
-4367
-5080
-5568
-5955
-6318
-6509
-6405
-6104
-5701
-5083
-4153
-3083
-2113
-1247
-350
569
1343
1871
2177
2297
2224
1975
1601
1144
634
98
-435
-922
-1279
-1428
-1397
-1276
-1081
-745
-252
347
982
1621
2226
2757
3213
3612
3928
4115
4169
4104
3927
3652
3350
3065
2751
2371
2003
1738
1550
1375
1233
1180
1176
1144
1089
1063
1041
942
747
512
270
24
-229
-500
-808
-1143
-1418
-1580
-1650
-1681
-1713
-1765
-1851
-1981
-2224
-2701
-3473
-4474
-5580
-6665
-7521
-7952
-8073
-8257
-8585
-8573
-7755
-6289
-4666
-3071
-1380
391
2064
3671
5339
6912
7998
8466
8543
8419
8075
7494
6762
5876
4749
3492
2404
1619
963
282
-318
-659
-729
-614
-343
60
507
913
1291
1702
2159
2603
2900
2924
2712
2464
2314
2163
1874
1477
1079
676
262
-55
-201
-307
-537
-871
-1192
-1486
-1820
-2204
-2623
-3130
-3755
-4410
-4979
-5423
-5748
-5937
-5988
-5921
-5702
-5246
-4531
-3659
-2751
-1848
-948
-78
716
1384
1881
2175
2268
2195
2000
1712
1329
850
322
-182
-601
-901
-1075
-1141
-1112
-978
-704
-289
237
826
1433
2025
2578
3081
3526
3890
4141
4252
4221
4080
3870
3614
3309
2944
2531
2104
1707
1367
1100
900
755
673
666
706
729
714
677
614
501
347
174
-30
-286
-570
-849
-1120
-1394
-1652
-1879
-2104
-2415
-2934
-3717
-4686
-5739
-6811
-7773
-8340
-8403
-8346
-8605
-8899
-8468
-7119
-5467
-3974
-2453
-697
1027
2523
4070
5822
7316
8086
8303
8396
8372
7995
7337
6609
5724
4528
3254
2308
1672
981
149
-505
-752
-736
-643
-441
-53
421
835
1216
1709
2314
2822
3029
2958
2831
2815
2821
2662
2310
1884
1443
971
527
216
-25
-366
-810
-1183
-1432
-1708
-2086
-2464
-2840
-3378
-4080
-4658
-4990
-5342
-5879
-6319
-6356
-6148
-5964
-5683
-5047
-4161
-3305
-2457
-1444
-366
530
1213
1792
2237
2462
2494
2378
2074
1607
1127
696
224
-290
-690
-894
-994
-1035
-915
-573
-111
373
894
1502
2155
2766
3293
3733
4081
4332
4495
4542
4443
4211
3892
3517
3090
2644
2215
1782
1316
874
564
411
335
289
312
400
459
458
466
525
545
439
249
35
-216
-511
-792
-1023
-1273
-1591
-1925
-2261
-2713
-3431
-4362
-5378
-6459
-7591
-8507
-8860
-8782
-8857
-9253
-9310
-8394
-6782
-5176
-3710
-2063
-219
1509
3132
4908
6672
7894
8430
8640
8755
8616
8131
7458
6653
5579
4290
3148
2344
1624
740
-141
-688
-850
-820
-689
-399
43
507
932
1397
1988
2610
3032
3119
3009
2947
2979
2919
2634
2212
1779
1338
883
501
227
-48
-438
-858
-1165
-1384
-1652
-1989
-2327
-2751
-3384
-4101
-4619
-4948
-5404
-6059
-6536
-6570
-6378
-6210
-5894
-5200
-4299
-3446
-2549
-1451
-328
545
1209
1827
2345
2623
2673
2545
2183
1620
1055
572
70
-477
-916
-1174
-1327
-1375
-1199
-781
-264
250
805
1454
2169
2874
3494
3985
4359
4639
4816
4833
4674
4385
4014
3560
3034
2488
1976
1492
1003
530
168
-30
-104
-117
-60
86
265
404
530
699
856
892
801
638
415
131
-157
-416
-694
-1009
-1294
-1528
-1793
-2127
-2552
-3181
-4106
-5204
-6279
-7270
-8119
-8640
-8816
-8988
-9298
-9267
-8371
-6822
-5248
-3814
-2212
-359
1491
3250
5035
6719
7910
8496
8764
8910
8795
8284
7482
6513
5369
4126
3013
2125
1266
297
-581
-1071
-1163
-1069
-924
-697
-327
166
739
1375
2052
2671
3083
3201
3148
3150
3234
3188
2843
2315
1811
1381
962
573
267
-36
-444
-871
-1147
-1313
-1568
-1962
-2373
-2806
-3372
-4002
-4480
-4826
-5298
-5927
-6385
-6436
-6228
-5969
-5618
-5039
-4266
-3398
-2423
-1332
-239
698
1445
2053
2531
2845
2958
2815
2417
1868
1303
754
157
-475
-1022
-1382
-1555
-1559
-1386
-1041
-575
-34
599
1341
2147
2900
3510
3961
4295
4543
4677
4645
4437
4089
3642
3129
2571
2004
1466
954
474
74
-168
-242
-217
-146
-24
171
422
686
913
1042
1068
1038
963
799
520
186
-143
-485
-838
-1129
-1329
-1524
-1802
-2134
-2515
-3064
-3871
-4843
-5852
-6860
-7757
-8314
-8504
-8647
-8921
-8948
-8222
-6823
-5267
-3787
-2176
-330
1552
3335
5090
6746
7997
8676
8958
9041
8882
8378
7586
6595
5410
4092
2855
1837
934
7
-838
-1365
-1503
-1384
-1157
-840
-395
191
850
1505
2126
2683
3085
3233
3182
3125
3126
3008
2621
2070
1567
1161
778
410
90
-238
-641
-1017
-1242
-1402
-1690
-2117
-2556
-3022
-3627
-4304
-4834
-5211
-5629
-6107
-6393
-6314
-5994
-5597
-5070
-4322
-3409
-2452
-1466
-433
563
1387
2008
2467
2751
2822
2674
2314
1756
1086
432
-154
-705
-1213
-1572
-1726
-1716
-1551
-1185
-618
46
728
1447
2203
2925
3539
4021
4362
4557
4627
4585
4399
4048
3597
3117
2614
2068
1529
1058
651
285
6
-140
-191
-200
-166
-48
120
284
419
508
530
500
445
357
223
71
-54
-192
-387
-579
-662
-670
-716
-818
-924
-1043
-1278
-1732
-2457
-3443
-4615
-5874
-7143
-8266
-9042
-9439
-9687
-9893
-9730
-8773
-7095
-5180
-3300
-1317
882
3130
5235
7142
8734
9777
10202
10203
9941
9337
8307
6988
5549
4032
2497
1165
167
-635
-1395
-1973
-2098
-1759
-1207
-626
-5
693
1405
2058
2645
3137
3436
3468
3267
2965
2665
2386
2079
1698
1264
875
631
522
459
359
184
-60
-345
-638
-994
-1533
-2273
-3086
-3890
-4740
-5606
-6288
-6694
-6992
-7270
-7270
-6765
-5925
-5019
-4036
-2863
-1597
-414
677
1698
2503
2952
3088
3006
2715
2229
1615
904
110
-662
-1254
-1649
-1939
-2123
-2079
-1758
-1254
-662
15
793
1599
2322
2919
3427
3838
4087
4125
4002
3802
3560
3265
2911
2516
2119
1776
1516
1309
1109
949
874
844
804
752
720
671
567
434
326
222
68
-136
-331
-469
-525
-512
-481
-469
-434
-317
-140
22
147
236
237
122
-44
-200
-440
-889
-1512
-2236
-3133
-4289
-5580
-6786
-7845
-8775
-9402
-9528
-9251
-8825
-8167
-6926
-5056
-2956
-953
991
2964
4827
6404
7690
8690
9249
9251
8824
8168
7296
6157
4865
3612
2458
1385
482
-120
-457
-674
-785
-659
-273
210
632
979
1311
1634
1890
2049
2125
2132
2060
1903
1724
1629
1647
1701
1710
1681
1659
1641
1577
1419
1101
569
-144
-945
-1800
-2734
-3721
-4662
-5505
-6251
-6816
-7046
-6921
-6572
-6088
-5405
-4445
-3292
-2113
-1011
-12
849
1510
1929
2109
2064
1795
1334
774
204
-333
-829
-1276
-1638
-1857
-1873
-1676
-1342
-953
-533
-62
450
950
1383
1736
2004
2165
2223
2226
2229
2234
2215
2161
2130
2186
2307
2420
2488
2545
2611
2634
2561
2398
2173
1888
1516
1070
602
143
-297
-699
-1025
-1237
-1310
-1251
-1086
-848
-536
-131
332
770
1100
1316
1446
1473
1348
1082
739
348
-114
-634
-1129
-1549
-1890
-2145
-2279
-2288
-2212
-2113
-2062
-2158
-2520
-3187
-4077
-5062
-6062
-7012
-7769
-8187
-8291
-8182
-7747
-6679
-4900
-2747
-597
1507
3685
5857
7761
9226
10193
10589
10378
9655
8569
7169
5477
3657
1939
447
-779
-1640
-2044
-2057
-1842
-1424
-706
267
1252
2025
2559
2934
3173
3238
3104
2783
2320
1786
1269
830
511
346
317
348
375
415
491
545
447
97
-479
-1179
-1932
-2742
-3627
-4527
-5301
-5853
-6158
-6204
-5969
-5449
-4693
-3763
-2710
-1607
-555
341
1035
1535
1850
1951
1789
1370
797
191
-385
-929
-1418
-1788
-1993
-2018
-1862
-1538
-1105
-642
-190
251
665
1007
1241
1370
1421
1425
1424
1436
1440
1443
1491
1622
1808
2015
2246
2495
2695
2783
2770
2692
2527
2235
1822
1337
840
383
-9
-350
-633
-800
-819
-755
-659
-477
-172
160
416
625
832
964
947
831
683
475
187
-87
-296
-503
-735
-912
-988
-1046
-1140
-1187
-1138
-1049
-972
-938
-1041
-1385
-1903
-2510
-3288
-4324
-5425
-6283
-6850
-7208
-7241
-6766
-5886
-4790
-3393
-1547
534
2447
4060
5468
6616
7309
7531
7405
6924
6025
4875
3750
2711
1698
809
232
-24
-79
74
485
1031
1505
1878
2218
2467
2489
2288
1967
1568
1108
681
365
139
-18
-42
102
334
574
831
1083
1187
1041
719
321
-200
-933
-1811
-2651
-3366
-3979
-4489
-4798
-4847
-4661
-4294
-3744
-3026
-2231
-1452
-727
-101
369
654
769
714
491
175
-142
-456
-798
-1111
-1270
-1266
-1200
-1114
-942
-672
-396
-172
26
206
297
280
220
189
179
169
190
281
440
655
933
1255
1568
1842
2086
2291
2417
2448
2402
2278
2070
1804
1538
1287
1048
825
648
517
417
347
321
329
338
349
368
378
378
391
420
434
435
461
501
511
475
422
371
287
145
-47
-263
-493
-737
-989
-1228
-1403
-1486
-1519
-1537
-1489
-1326
-1130
-1147
-1572
-2356
-3272
-4195
-5183
-6195
-6926
-7126
-6951
-6677
-6163
-4993
-3145
-1119
706
2381
3991
5343
6242
6682
6715
6325
5583
4667
3663
2614
1684
1039
657
471
597
1092
1701
2137
2461
2866
3253
3358
3144
2762
2292
1747
1215
788
481
311
328
477
651
875
1206
1509
1556
1342
1032
661
94
-701
-1568
-2341
-2994
-3545
-3961
-4172
-4148
-3932
-3575
-3096
-2517
-1935
-1462
-1112
-835
-635
-566
-649
-840
-1060
-1235
-1340
-1412
-1477
-1487
-1388
-1211
-1035
-856
-641
-436
-334
-323
-302
-250
-241
-302
-358
-329
-222
-87
51
211
419
667
913
1133
1323
1495
1647
1758
1819
1844
1870
1895
1885
1834
1780
1747
1696
1599
1486
1397
1300
1158
989
829
689
594
576
623
700
793
917
1057
1174
1258
1306
1286
1149
902
604
285
-76
-467
-810
-1056
-1257
-1449
-1556
-1502
-1347
-1166
-955
-827
-1158
-2181
-3577
-4872
-6092
-7500
-8784
-9258
-8875
-8240
-7527
-6157
-3847
-1179
1210
3256
5058
6452
7280
7571
7327
6543
5453
4330
3172
1970
1034
652
618
653
905
1574
2353
2759
2802
2792
2769
2526
2031
1452
900
446
215
253
484
887
1481
2117
2558
2804
3025
3113
2719
1809
787
-107
-1089
-2293
-3348
-3879
-4024
-4129
-4152
-3790
-3080
-2406
-1975
-1658
-1333
-1101
-1109
-1326
-1581
-1750
-1827
-1878
-1899
-1791
-1486
-1078
-758
-585
-446
-301
-314
-609
-1017
-1288
-1436
-1629
-1834
-1824
-1529
-1122
-743
-326
207
750
1132
1311
1392
1434
1408
1276
1072
914
903
1023
1180
1353
1627
2015
2347
2494
2543
2597
2558
2267
1783
1326
975
646
321
117
119
255
420
619
902
1250
1552
1716
1744
1696
1601
1417
1108
732
400
143
-106
-372
-571
-651
-658
-673
-711
-739
-701
-625
-831
-1895
-3948
-6178
-7737
-8956
-10613
-12109
-11990
-10317
-8644
-7367
-5151
-1526
2108
4583
6263
7730
8676
8719
8085
7038
5629
4184
3098
2223
1302
779
1111
1748
1935
1978
2512
3094
2841
1953
1296
993
570
24
-246
-129
259
932
1857
2797
3599
4294
4736
4636
4036
3299
2551
1494
8
-1460
-2473
-3160
-3814
-4310
-4323
-3936
-3539
-3317
-3137
-2895
-2696
-2684
-2803
-2834
-2701
-2521
-2312
-1914
-1283
-571
66
547
808
865
774
447
-213
-1032
-1722
-2264
-2780
-3178
-3225
-2890
-2389
-1876
-1271
-499
250
706
872
942
969
862
641
442
372
472
740
1105
1527
2048
2616
3054
3258
3299
3247
3049
2642
2085
1567
1198
906
615
418
432
585
724
843
996
1180
1343
1394
1312
1201
1126
1002
783
621
599
587
521
496
531
512
425
351
260
78
-174
-431
-643
-811
-1149
-2221
-4414
-7109
-9142
-10353
-11715
-13344
-13701
-11936
-9378
-7413
-5321
-1851
2310
5451
7190
8353
9254
9441
8754
7540
6124
4806
3845
3109
2304
1677
1747
2234
2273
1793
1568
1716
1428
450
-423
-633
-505
-364
2
785
1807
2884
3956
4829
5312
5465
5340
4725
3579
2333
1345
443
-651
-1713
-2325
-2523
-2701
-3003
-3207
-3223
-3315
-3700
-4193
-4507
-4636
-4755
-4803
-4495
-3733
-2763
-1830
-918
41
923
1498
1631
1363
841
179
-618
-1531
-2381
-2931
-3141
-3144
-2985
-2557
-1867
-1181
-718
-408
-87
186
231
60
-96
-69
90
267
495
875
1399
1933
2346
2645
2897
3067
3042
2794
2483
2258
2065
1823
1609
1562
1656
1750
1776
1734
1647
1528
1373
1165
938
771
698
715
788
892
1006
1209
1470
1566
1429
1256
1141
884
426
25
-249
-550
-854
-997
-971
-910
-914
-1377
-3181
-6440
-9690
-11537
-12646
-14554
-16302
-15372
-11889
-8509
-6220
-3051
1828
6307
8745
9759
10492
10736
9904
8450
6871
5418
4379
3840
3470
2793
2348
2671
2896
2074
655
-161
-555
-1535
-2720
-3009
-2215
-1042
239
1926
3746
5338
6644
7505
7651
7027
6133
5066
3430
1514
112
-386
-654
-1271
-1706
-1630
-1492
-1947
-2974
-4009
-5018
-6011
-6935
-7669
-7729
-6981
-5688
-4297
-2778
-778
1151
2369
2825
2805
2476
1618
327
-1089
-2304
-3060
-3515
-3710
-3537
-2974
-2217
-1616
-1200
-927
-782
-797
-1106
-1522
-1668
-1409
-947
-466
227
1195
2166
2893
3314
3540
3600
3382
2856
2239
1859
1692
1531
1431
1603
2013
2382
2556
2572
2502
2341
2020
1559
1067
682
455
382
523
849
1314
1741
1957
2041
2104
2142
1961
1511
1063
706
382
5
-340
-416
-382
-384
-459
-636
-876
-1437
-2475
-4464
-7875
-11829
-14721
-15726
-16137
-16917
-16240
-12529
-7154
-3028
-280
3328
7614
10360
10528
9670
9324
8758
7423
5910
5148
5286
5510
5558
5240
4630
4018
3086
1478
-822
-2915
-4114
-4798
-5047
-4494
-2835
-446
2095
4670
6866
8282
8861
8825
8258
6966
5321
3914
2820
1754
785
494
756
738
56
-948
-1934
-3208
-4954
-6697
-8024
-8947
-9524
-9333
-8020
-6040
-4020
-2067
-38
1773
2773
2899
2465
1672
599
-634
-1743
-2533
-2879
-2811
-2592
-2337
-1995
-1607
-1518
-1922
-2478
-2838
-3039
-3250
-3237
-2660
-1674
-584
545
1764
2826
3413
3618
3595
3362
2894
2375
2026
1874
1907
2121
2503
2890
3102
3150
3020
2713
2189
1580
1025
537
256
307
676
1198
1756
2325
2800
3042
2975
2738
2444
2087
1556
958
575
372
183
63
138
306
222
-42
-127
-246
-726
-1345
-1905
-2835
-5389
-9686
-13791
-15946
-16024
-16290
-17040
-15428
-10513
-4840
-1772
-10
3555
7636
9449
8298
7020
7510
7944
7230
6075
6214
7643
8323
7657
6008
4439
3198
1288
-1460
-4171
-5377
-5286
-5069
-4407
-2536
414
3083
4910
6316
7252
7556
7113
6361
5587
4804
4466
4534
4644
4405
4007
3844
3197
1520
-867
-3171
-5150
-7288
-9238
-10154
-9758
-8771
-7896
-6596
-4401
-1991
-547
-127
317
1003
1221
681
161
309
629
553
121
-216
-384
-837
-1806
-3135
-4190
-4710
-5068
-5424
-5374
-4421
-3029
-1915
-1005
65
1134
1551
1421
1344
1487
1595
1543
1635
2017
2612
3178
3472
3522
3476
3415
3058
2347
1688
1380
1287
1097
1037
1358
1861
2198
2244
2291
2394
2435
2360
2236
2211
2267
2430
2681
2884
2993
3059
2880
2187
1248
588
96
-706
-1590
-1954
-1845
-1888
-2112
-2363
-2945
-4354
-7331
-11447
-15120
-16514
-15876
-15626
-15286
-12305
-6327
-894
1089
2260
5035
7865
7946
5656
4577
5330
6161
6168
6154
7348
8742
8949
7408
4773
2502
536
-1890
-4698
-6262
-5515
-3828
-2409
-846
1653
4270
5606
5765
5545
5336
4891
4306
4049
4358
5276
6411
7190
7142
6318
5129
3456
986
-2083
-4904
-6784
-7980
-8674
-8624
-7645
-6115
-4946
-4265
-3702
-3085
-2671
-2771
-2756
-2085
-905
232
1099
2095
3097
3481
2792
1355
-145
-1619
-3219
-4797
-5699
-5637
-5045
-4343
-3569
-2521
-1544
-1125
-1234
-1456
-1404
-1226
-982
-462
491
1717
2792
3558
4015
4186
3956
3283
2427
1701
1314
1108
1001
1164
1618
2161
2406
2325
2160
1942
1642
1268
1099
1389
1972
2558
3036
3525
4015
4222
3975
3555
3158
2645
1909
1073
534
184
-146
-435
-722
-918
-1347
-2124
-3436
-5820
-9514
-13830
-16550
-16457
-15122
-14315
-13059
-8981
-3136
529
998
1211
3193
5059
4586
3202
3580
5776
7711
8316
8734
9790
10260
8532
4883
1509
-392
-1957
-4104
-5612
-4765
-2268
-407
356
1318
2791
3500
2844
1990
1984
2551
3181
4028
5435
7124
8413
8803
8134
6582
4526
2312
29
-2239
-4058
-4913
-4909
-4778
-4848
-4812
-4586
-4716
-5584
-6538
-6768
-6296
-5583
-4660
-3019
-780
1192
2337
2816
3061
2894
2052
822
-321
-1055
-1519
-1908
-2228
-2394
-2349
-2497
-3065
-3671
-3889
-3792
-3768
-3555
-2714
-1483
-370
492
1356
2109
2457
2504
2499
2543
2548
2536
2629
2785
2944
2990
2805
2431
2003
1565
1058
575
384
512
728
966
1392
2029
2559
2786
2911
3114
3268
3157
2879
2703
2656
2577
2377
2136
1936
1641
1108
448
-82
-578
-1477
-2860
-4536
-6944
-10629
-14418
-15899
-14735
-13330
-12852
-11179
-6783
-2115
-369
-777
-215
1897
3339
3162
3219
5067
7678
9118
9241
9397
9874
9209
6384
2728
429
-357
-1249
-2656
-2991
-1463
314
694
272
394
854
636
0
191
1518
3086
4263
5369
6716
7823
7935
6926
5309
3615
2085
784
-290
-1149
-1749
-2081
-2395
-2991
-3847
-4682
-5449
-6283
-6966
-6955
-6141
-5129
-4347
-3512
-2314
-1125
-498
-335
-169
162
451
520
442
354
321
236
-42
-462
-907
-1390
-1984
-2559
-2874
-2917
-2892
-2907
-2806
-2411
-1792
-1190
-709
-182
548
1329
1905
2287
2642
2933
3018
2985
3044
3147
3105
2932
2793
2681
2484
2205
1893
1550
1250
1125
1175
1282
1445
1717
2006
2213
2388
2544
2546
2381
2257
2257
2226
2110
2052
2022
1775
1319
922
498
-419
-1883
-3625
-6025
-9642
-13344
-14729
-13437
-11956
-11748
-10838
-7376
-3417
-2194
-3220
-3262
-1300
620
1218
1872
4092
7139
9129
9487
9269
9249
8627
6353
3215
1298
1181
1263
445
-154
638
1789
1576
245
-615
-644
-789
-1237
-966
497
2289
3539
4395
5307
6022
5950
5041
3846
2906
2361
2051
1819
1608
1359
900
62
-1096
-2359
-3606
-4807
-5797
-6281
-6148
-5601
-4957
-4373
-3829
-3296
-2888
-2774
-2872
-2825
-2384
-1716
-1068
-434
210
673
799
697
462
48
-436
-724
-807
-930
-1087
-1048
-883
-933
-1209
-1359
-1262
-1154
-1094
-847
-323
285
840
1366
1809
2047
2138
2282
2487
2577
2509
2426
2391
2313
2145
1939
1691
1352
986
720
565
436
330
293
280
200
59
-74
-194
-295
-318
-224
-46
184
471
758
959
1097
1238
1330
1271
1090
888
643
230
-383
-1027
-1426
-1449
-1298
-1355
-1751
-2237
-2559
-2744
-2846
-2748
-2440
-2236
-2354
-2508
-2276
-1746
-1422
-1498
-1610
-1360
-817
-342
-87
115
427
800
1140
1479
1797
1923
1772
1615
1785
2169
2316
2028
1653
1575
1725
1778
1665
1549
1448
1264
1075
1080
1218
1220
1031
893
960
1082
1043
851
689
667
721
715
596
408
207
24
-86
-88
-73
-225
-589
-953
-1128
-1185
-1307
-1460
-1489
-1427
-1433
-1487
-1444
-1368
-1470
-1705
-1824
-1794
-1834
-1991
-2039
-1857
-1595
-1398
-1236
-1041
-850
-729
-680
-656
-618
-584
-587
-594
-489
-246
2
155
268
417
556
628
647
657
661
685
787
947
1110
1292
1542
1837
2107
2292
2378
2362
2296
2270
2305
2354
2392
2430
2447
2383
2224
2017
1799
1517
1101
503
-337
-1473
-2679
-3349
-3090
-2427
-2375
-3201
-4126
-4450
-4337
-4214
-4096
-3898
-3860
-4037
-3916
-3122
-2172
-1876
-2195
-2273
-1608
-655
-81
114
477
1261
2172
2883
3387
3701
3605
3102
2755
3023
3510
3455
2880
2566
2907
3406
3506
3291
3082
2863
2479
2071
1871
1771
1469
996
726
854
1078
981
587
326
428
619
516
150
-178
-374
-578
-801
-897
-934
-1210
-1710
-2027
-1956
-1826
-1988
-2316
-2518
-2587
-2670
-2740
-2711
-2677
-2742
-2801
-2721
-2563
-2457
-2403
-2332
-2211
-2032
-1797
-1556
-1371
-1195
-959
-678
-433
-281
-227
-239
-226
-106
86
253
411
645
944
1190
1334
1425
1486
1500
1481
1494
1554
1628
1710
1845
2048
2267
2432
2527
2561
2553
2539
2552
2586
2601
2586
2547
2479
2371
2228
2075
1909
1707
1461
1174
797
189
-783
-2012
-3025
-3331
-3041
-2868
-3314
-4094
-4602
-4670
-4537
-4337
-4115
-4046
-4215
-4270
-3782
-2936
-2377
-2348
-2364
-1900
-1060
-350
16
321
866
1596
2283
2831
3221
3323
3085
2796
2844
3147
3209
2817
2372
2326
2587
2747
2671
2516
2350
2108
1833
1692
1672
1555
1251
977
956
1101
1116
889
629
581
700
718
523
256
53
-129
-360
-558
-696
-918
-1286
-1579
-1598
-1517
-1647
-1971
-2223
-2308
-2361
-2442
-2494
-2540
-2634
-2696
-2592
-2364
-2189
-2131
-2089
-1959
-1745
-1502
-1287
-1110
-897
-591
-257
-13
102
137
131
115
145
229
308
358
453
644
842
934
922
904
938
1004
1047
1061
1081
1154
1295
1461
1606
1725
1843
1965
2100
2262
2437
2565
2584
2496
2337
2145
1941
1745
1561
1385
1259
1195
1125
952
660
233
-481
-1587
-2793
-3483
-3366
-2912
-2866
-3379
-3944
-4124
-4016
-3878
-3766
-3673
-3700
-3789
-3594
-2927
-2163
-1836
-1911
-1829
-1266
-553
-156
-30
244
863
1597
2202
2671
2996
3017
2759
2606
2834
3159
3115
2763
2609
2877
3233
3300
3112
2888
2658
2349
2040
1878
1806
1629
1341
1173
1227
1286
1097
743
524
533
554
385
88
-171
-360
-539
-705
-838
-1023
-1347
-1699
-1854
-1813
-1799
-1935
-2103
-2196
-2285
-2432
-2541
-2550
-2560
-2634
-2649
-2534
-2423
-2437
-2462
-2332
-2082
-1844
-1631
-1376
-1075
-773
-497
-254
-59
80
158
191
230
345
506
615
654
721
852
944
924
868
874
942
1013
1076
1143
1207
1260
1326
1421
1527
1628
1740
1877
2051
2281
2530
2727
2820
2821
2749
2607
2391
2132
1871
1635
1434
1257
1061
810
486
84
-435
-1179
-2190
-3231
-3819
-3727
-3337
-3271
-3657
-4067
-4160
-3999
-3765
-3488
-3243
-3187
-3233
-3013
-2403
-1790
-1575
-1639
-1519
-1030
-431
-20
218
499
927
1429
1899
2290
2516
2480
2305
2315
2644
2987
2985
2730
2611
2752
2893
2846
2701
2577
2419
2199
2042
2018
1963
1709
1359
1164
1169
1148
920
599
424
420
399
233
4
-205
-445
-760
-1030
-1152
-1244
-1463
-1719
-1789
-1687
-1661
-1817
-1989
-2067
-2154
-2313
-2418
-2375
-2287
-2260
-2219
-2086
-1944
-1899
-1900
-1829
-1681
-1518
-1338
-1107
-845
-605
-409
-265
-173
-127
-97
-61
5
126
301
497
706
921
1106
1206
1228
1215
1190
1168
1197
1300
1418
1469
1467
1484
1534
1562
1551
1555
1609
1703
1809
1914
1999
2029
1981
1860
1698
1535
1393
1267
1155
1049
954
852
720
550
340
58
-354
-940
-1737
-2651
-3375
-3560
-3237
-2896
-2952
-3291
-3527
-3515
-3385
-3232
-3047
-2920
-2929
-2901
-2548
-1933
-1476
-1417
-1475
-1235
-686
-192
30
167
503
1055
1630
2102
2448
2603
2516
2357
2412
2684
2836
2664
2401
2394
2623
2792
2756
2638
2530
2355
2087
1857
1733
1583
1296
1012
945
1024
976
720
460
365
354
270
108
-47
-187
-355
-523
-646
-779
-1017
-1339
-1583
-1638
-1592
-1608
-1742
-1905
-2022
-2096
-2137
-2129
-2087
-2060
-2052
-2011
-1938
-1908
-1944
-1951
-1842
-1649
-1442
-1235
-1015
-799
-614
-459
-333
-277
-311
-377
-365
-226
-2
222
413
570
680
722
713
718
770
833
885
973
1133
1301
1381
1381
1386
1430
1482
1521
1578
1659
1737
1806
1889
1960
1945
1831
1691
1595
1546
1517
1500
1489
1446
1346
1210
1063
909
736
573
444
316
121
-175
-574
-1109
-1785
-2456
-2863
-2898
-2757
-2744
-2939
-3158
-3241
-3187
-3073
-2953
-2872
-2882
-2933
-2843
-2523
-2128
-1890
-1800
-1617
-1197
-682
-295
-37
247
630
1035
1373
1629
1791
1815
1756
1771
1937
2119
2136
2011
1931
2017
2181
2263
2209
2068
1897
1743
1647
1607
1561
1444
1297
1232
1284
1356
1339
1253
1184
1190
1211
1165
1026
823
580
334
149
20
-159
-472
-820
-1014
-1030
-1038
-1175
-1394
-1601
-1788
-1971
-2092
-2121
-2136
-2196
-2203
-2045
-1816
-1714
-1773
-1835
-1787
-1682
-1584
-1468
-1302
-1128
-990
-869
-753
-687
-722
-812
-831
-728
-568
-434
-300
-111
113
278
341
363
420
534
676
845
1037
1228
1393
1530
1641
1719
1728
1688
1667
1730
1872
2011
2079
2086
2063
2006
1887
1726
1568
1438
1317
1217
1165
1147
1120
1058
982
903
792
660
580
588
610
519
225
-312
-1057
-1862
-2455
-2663
-2598
-2570
-2759
-3058
-3259
-3290
-3222
-3144
-3088
-3063
-3038
-2919
-2639
-2283
-2024
-1900
-1739
-1400
-972
-645
-454
-247
101
541
956
1273
1453
1489
1435
1420
1526
1687
1761
1710
1657
1718
1860
1957
1955
1907
1887
1891
1901
1925
1961
1963
1913
1867
1876
1899
1836
1680
1532
1444
1375
1260
1098
912
708
490
286
107
-80
-302
-516
-684
-831
-1009
-1211
-1379
-1504
-1637
-1794
-1920
-1984
-2006
-2015
-1983
-1901
-1833
-1836
-1871
-1868
-1845
-1863
-1897
-1854
-1717
-1563
-1458
-1379
-1290
-1201
-1130
-1060
-967
-858
-729
-550
-290
0
230
371
478
599
721
804
854
923
1041
1200
1379
1553
1677
1731
1739
1746
1766
1786
1797
1802
1802
1797
1774
1718
1620
1500
1394
1331
1296
1259
1202
1130
1053
973
874
735
561
390
267
180
108
47
5
-52
-146
-239
-288
-328
-497
-939
-1652
-2368
-2701
-2522
-2166
-2076
-2318
-2614
-2767
-2800
-2736
-2568
-2426
-2461
-2540
-2352
-1879
-1520
-1548
-1722
-1628
-1224
-819
-605
-448
-168
215
605
986
1348
1531
1414
1189
1223
1569
1881
1907
1832
1956
2222
2359
2318
2270
2247
2115
1899
1806
1859
1833
1638
1476
1524
1653
1615
1399
1206
1157
1167
1116
1002
881
736
529
312
191
141
15
-238
-461
-534
-573
-763
-1075
-1317
-1453
-1607
-1821
-1977
-2025
-2075
-2175
-2218
-2155
-2107
-2169
-2237
-2174
-2029
-1927
-1855
-1708
-1501
-1336
-1238
-1131
-1001
-906
-855
-769
-596
-384
-197
-20
184
380
497
521
525
555
592
621
691
842
1024
1161
1255
1359
1463
1514
1502
1486
1504
1531
1565
1624
1680
1687
1651
1598
1523
1409
1282
1179
1087
980
879
798
709
603
514
460
396
296
198
139
109
86
43
-31
-126
-197
-226
-240
-273
-323
-376
-446
-612
-998
-1607
-2188
-2428
-2311
-2164
-2244
-2452
-2582
-2628
-2645
-2569
-2393
-2309
-2409
-2448
-2159
-1680
-1382
-1338
-1263
-966
-583
-329
-193
-8
278
573
827
1098
1387
1540
1475
1380
1504
1783
1918
1844
1811
1968
2146
2176
2148
2185
2187
2055
1918
1934
2019
1962
1781
1687
1747
1794
1680
1486
1351
1293
1217
1093
968
855
684
421
174
44
-55
-289
-630
-880
-977
-1072
-1253
-1431
-1553
-1711
-1956
-2171
-2270
-2322
-2376
-2337
-2164
-1989
-1936
-1952
-1939
-1914
-1891
-1829
-1724
-1643
-1593
-1488
-1298
-1125
-1038
-987
-900
-771
-611
-423
-241
-81
88
282
454
564
639
703
754
831
972
1142
1265
1336
1420
1511
1564
1573
1574
1584
1605
1648
1700
1716
1680
1619
1551
1476
1399
1327
1245
1166
1141
1165
1161
1067
926
776
622
467
342
239
127
12
-74
-151
-246
-348
-450
-564
-683
-758
-782
-812
-876
-924
-937
-958
-1013
-1090
-1247
-1598
-2085
-2424
-2397
-2135
-1964
-2012
-2117
-2123
-2067
-2015
-1926
-1773
-1667
-1662
-1577
-1253
-852
-674
-710
-653
-357
-25
133
221
447
794
1100
1330
1583
1824
1896
1809
1797
1980
2170
2165
2068
2100
2235
2264
2154
2069
2065
2007
1842
1711
1696
1673
1520
1337
1268
1254
1121
851
627
549
510
398
273
215
153
-31
-288
-492
-636
-811
-1018
-1171
-1261
-1361
-1493
-1595
-1636
-1687
-1803
-1941
-2025
-2045
-2040
-2013
-1944
-1846
-1753
-1663
-1564
-1477
-1434
-1409
-1338
-1194
-1009
-816
-630
-458
-313
-195
-99
-26
33
91
155
233
335
463
583
656
684
695
710
727
742
785
870
960
1028
1077
1128
1178
1212
1245
1301
1373
1411
1395
1359
1338
1315
1253
1157
1059
975
891
804
720
625
511
400
312
236
139
16
-114
-228
-309
-372
-439
-504
-542
-530
-500
-495
-517
-548
-578
-604
-614
-610
-606
-618
-639
-679
-788
-1028
-1371
-1649
-1701
-1555
-1408
-1390
-1443
-1456
-1429
-1397
-1329
-1217
-1146
-1165
-1143
-934
-627
-448
-418
-339
-110
153
331
461
633
823
966
1099
1273
1431
1461
1380
1348
1449
1571
1580
1517
1509
1561
1570
1530
1514
1532
1492
1389
1331
1353
1342
1211
1058
997
980
888
724
582
489
399
304
232
157
-18
-326
-636
-809
-871
-970
-1162
-1331
-1384
-1396
-1443
-1467
-1413
-1378
-1455
-1551
-1521
-1447
-1470
-1526
-1444
-1246
-1107
-1073
-1036
-952
-889
-868
-824
-722
-621
-552
-467
-334
-200
-124
-99
-62
16
103
167
216
287
391
492
562
596
589
554
540
590
687
774
832
885
936
976
997
999
968
907
855
846
860
869
868
859
828
779
732
694
639
572
532
519
496
447
395
341
263
160
73
5
-76
-160
-195
-184
-174
-187
-208
-243
-316
-396
-437
-458
-498
-550
-577
-588
-628
-716
-831
-952
-1085
-1228
-1342
-1375
-1326
-1273
-1281
-1306
-1265
-1178
-1127
-1100
-1026
-904
-811
-751
-631
-440
-286
-221
-142
45
278
435
526
647
826
977
1054
1126
1231
1303
1286
1262
1325
1419
1427
1361
1335
1359
1332
1222
1126
1102
1079
992
893
845
810
726
626
582
566
489
333
176
71
14
-16
-40
-94
-212
-360
-508
-654
-782
-843
-859
-887
-938
-964
-977
-1034
-1123
-1156
-1117
-1075
-1059
-1023
-950
-882
-830
-769
-697
-654
-635
-602
-545
-491
-452
-413
-374
-343
-327
-321
-320
-311
-290
-252
-195
-130
-70
-29
5
57
126
182
219
262
323
395
460
525
590
647
687
711
731
763
800
823
826
822
822
813
786
757
738
716
678
643
631
625
605
580
567
553
513
448
377
310
243
179
127
73
4
-70
-125
-162
-214
-294
-379
-444
-484
-508
-522
-541
-576
-617
-646
-658
-672
-701
-739
-767
-782
-785
-782
-777
-773
-778
-795
-816
-823
-820
-799
-766
-730
-690
-658
-625
-575
-503
-420
-342
-266
-175
-65
50
158
251
341
434
536
639
728
807
882
954
1022
1078
1114
1128
1126
1121
1123
1129
1125
1103
1068
1037
1010
967
899
825
772
748
725
678
609
542
485
430
365
280
175
50
-72
-163
-220
-286
-396
-523
-611
-650
-689
-768
-868
-952
-1011
-1054
-1076
-1077
-1076
-1099
-1120
-1114
-1091
-1086
-1108
-1118
-1085
-1026
-972
-927
-879
-821
-760
-696
-632
-573
-524
-470
-391
-297
-204
-127
-56
20
94
158
214
266
325
398
488
581
654
693
717
744
775
799
822
852
888
925
954
964
958
930
898
869
852
839
830
826
818
799
760
704
635
562
493
433
384
340
297
253
199
127
34
-70
-170
-253
-315
-362
-404
-443
-478
-517
-567
-625
-683
-736
-777
-805
-816
-813
-807
-806
-806
-804
-806
-808
-811
-802
-778
-745
-706
-665
-625
-592
-562
-527
-484
-433
-377
-317
-253
-186
-122
-61
-2
58
125
198
275
356
434
511
583
646
702
749
793
833
870
907
942
969
989
998
992
975
944
906
866
827
789
751
707
658
602
537
464
386
303
221
142
71
4
-62
-126
-195
-264
-335
-406
-474
-540
-598
-653
-704
-749
-792
-830
-862
-890
-912
-927
-937
-942
-940
-933
-916
-893
-865
-829
-788
-741
-690
-636
-580
-520
-454
-387
-317
-245
-174
-105
-40
22
82
140
196
252
304
355
400
443
481
515
548
573
594
612
623
635
646
651
657
659
654
646
635
615
590
563
533
504
474
448
420
392
359
322
283
240
196
152
116
81
50
22
-5
-37
-71
-102
-135
-167
-195
-219
-238
-252
-268
-280
-292
-304
-308
-318
-326
-329
-329
-320
-310
-299
-286
-275
-261
-243
-231
-219
-209
-195
-177
-161
-146
-131
-116
-100
-89
-82
-77
-75
-69
-62
-57
-51
-44
-35
-25
-19
-14
-11
-5
2
13
25
37
51
63
71
83
93
103
114
119
129
137
146
154
154
154
155
156
156
150
144
144
139
131
124
112
103
92
83
75
63
51
38
25
12
0
-12
-23
-35
-44
-52
-60
-67
-73
-79
-83
-83
-84
-86
-87
-88
-85
-83
-84
-83
-82
-79
-75
-73
-70
-64
-60
-56
-53
-50
-48
-46
-44
-41
-38
-35
-32
-28
-24
-23
-21
-20
-18
-14
-11
-7
-4
-1
2
6
12
14
17
19
20
23
24
26
29
27
30
29
29
28
26
24
21
21
21
20
19
20
18
18
19
23
26
29
32
34
34
36
41
44
45
45
45
43
45
45
45
41
37
35
33
32
29
26
22
17
13
8
4
0
-3
-7
-9
-10
-11
-13
-14
-15
-17
-17
-19
-19
-21
-21
-21
-22
-25
-27
-28
-30
-33
-35
-38
-42
-44
-46
-48
-47
-49
-49
-50
-50
-51
-54
-53
-52
-53
-52
-50
-48
-45
-41
-37
-34
-31
-26
-21
-15
-11
-6
-2
3
7
14
20
26
30
35
40
45
49
53
56
60
61
63
64
63
64
64
62
59
55
51
48
45
39
33
28
22
17
11
5
0
-5
-8
-11
-15
-18
-23
-26
-27
-28
-29
-28
-29
-30
-30
-30
-29
-28
-28
-29
-29
-30
-28
-29
-30
-29
-29
-27
-28
-26
-22
-22
-18
-15
-13
-11
-9
-6
-5
-4
0
3
7
10
12
14
16
16
17
17
20
20
21
23
23
25
25
27
26
24
25
24
23
22
20
19
17
14
12
9
8
6
3
1
-1
-4
-6
-10
-11
-13
-14
-15
-16
-15
-15
-14
-14
-12
-11
-10
-8
-9
-8
-7
-7
-7
-5
-4
-3
-2
-1
-1
-1
-2
-3
-3
-6
-4
-4
-2
-1
1
2
2
3
3
5
3
2
3
2
3
6
6
6
4
2
0
0
-1
-2
-3
-2
-1
-4
-4
-4
-3
-2
-2
1
1
2
1
2
2
2
1
-1
1
0
-2
-1
3
2
1
2
3
1
1
2
2
2
0
0
1
0
1
-1
-1
-3
-4
-4
-4
-6
-4
-3
-2
-1
-2
0
1
2
3
5
6
7
8
7
3
3
2
2
1
-2
-1
-1
0
-1
-3
-2
-2
-2
-2
-2
-1
-2
-1
-1
1
2
1
1
0
2
1
0
-2
-1
-3
-3
-3
-3
-5
-6
-5
-4
-6
-7
-7
-6
-5
-6
-5
-2
-2
-1
1
2
0
0
2
2
5
5
5
4
5
4
5
4
4
5
5
6
5
5
6
6
7
6
7
7
8
8
7
8
7
7
6
7
5
4
3
5
4
4
1
0
0
-1
-3
-5
-7
-6
-9
-6
-7
-10
-10
-10
-11
-11
-12
-12
-10
-10
-11
-10
-9
-9
-7
-6
-5
-4
-3
-2
-3
-3
-3
-5
-6
-5
-3
-3
-2
-1
-1
0
0
-1
0
0
1
2
2
6
7
8
9
9
9
9
8
8
9
9
8
8
8
5
4
3
3
1
1
2
4
4
4
6
8
8
9
8
7
6
4
4
4
1
-1
0
-4
-4
-5
-8
-6
-6
-6
-7
-8
-9
-8
-7
-6
-5
-5
-4
-4
-1
-2
-1
-2
-3
-1
-2
-3
-2
-2
-3
-4
-3
-5
-5
-5
-3
-4
-3
-3
-4
-3
-3
-3
0
1
2
3
6
5
7
7
7
7
5
7
6
7
5
5
4
4
5
4
5
4
7
8
7
5
4
3
1
0
1
-1
-2
-1
-3
-1
-2
-2
-1
0
1
0
-1
-2
-3
-3
-3
-5
-4
-4
-4
-4
-5
-7
-8
-8
-8
-7
-6
-7
-6
-6
-5
-6
-6
-5
-4
-5
-4
-3
-1
0
0
2
3
3
5
6
6
5
6
5
4
4
4
4
5
5
4
5
5
5
5
4
5
6
5
6
6
6
5
6
5
3
2
2
1
0
0
-4
-6
-6
-7
-7
-5
-6
-7
-7
-7
-7
-6
-6
-6
-4
-1
-2
-1
-1
-1
-2
-3
-3
-3
-2
-2
-1
0
0
1
