-2
-1
-2
-1
1
1
-1
0
0
0
-1
1
-1
-1
-2
-3
-3
-5
-5
-4
-4
-2
-2
-1
0
0
0
0
-1
-1
0
0
1
0
0
1
1
3
0
-2
-1
-1
-1
0
-1
-1
-1
-1
-1
-1
-1
-1
0
-2
0
1
0
0
0
-1
-1
-2
-1
-2
-1
0
1
2
3
5
3
3
1
1
1
0
0
1
1
2
1
1
1
1
1
2
3
3
2
2
1
1
2
2
1
2
3
2
2
2
2
1
2
2
2
1
1
2
0
0
-1
1
-1
-1
-2
-1
-4
-4
-4
-6
-6
-7
-7
-6
-5
-5
-5
-5
-3
-5
-6
-5
-5
-4
-3
-3
-1
-1
-1
0
0
2
2
3
4
2
2
3
4
4
4
3
3
4
4
3
4
5
4
4
2
1
2
-1
1
0
0
1
3
4
3
4
4
4
2
3
4
3
3
3
3
2
1
1
1
-1
0
0
0
-2
-2
-2
-3
-5
-5
-5
-7
-6
-6
-6
-6
-6
-6
-5
-5
-3
-2
-2
-1
-1
-2
-2
-1
-2
-1
-1
0
1
-2
-2
-2
0
0
-1
0
-1
1
1
2
2
1
2
2
4
5
5
4
5
5
5
4
5
4
3
3
2
2
2
1
2
1
1
3
3
3
2
2
2
2
1
-1
0
0
1
0
0
1
2
1
2
1
0
-1
0
-2
-3
-2
-3
-3
-4
-5
-5
-4
-5
-5
-4
-4
-3
-2
-2
-3
-2
-3
-2
-3
-3
-4
-4
-4
-3
-2
-1
-2
-3
1
0
1
0
-2
1
0
0
-1
-1
1
1
2
4
6
7
6
6
6
6
5
4
2
2
2
2
2
2
2
1
2
3
2
2
2
2
-1
1
3
3
1
-1
-1
-3
-4
-5
-5
-4
-4
-3
-1
1
2
2
3
5
6
4
3
5
3
2
1
1
0
-4
-3
-6
-5
-7
-7
-8
-9
-9
-8
-5
-6
-6
-5
-5
-3
-2
0
0
2
4
4
5
5
5
5
5
4
5
5
6
5
5
6
4
4
4
2
3
2
1
0
-1
-2
-2
-3
-3
-4
-3
-1
-1
-2
-1
0
-1
0
2
2
2
2
1
2
2
1
1
1
2
2
-1
-1
0
-2
-3
-4
-5
-6
-4
-5
-5
-5
-5
-5
-6
-6
-6
-4
-4
-2
-1
-2
0
3
5
6
5
5
6
9
10
11
11
7
6
6
5
3
2
1
0
-1
-2
-3
-3
-3
-5
-5
-3
-2
-3
-2
-1
-2
0
-1
-1
-1
-1
0
1
2
2
3
3
2
2
0
-1
-2
-2
-2
-3
-3
-3
-3
-4
-2
-1
-1
0
-3
0
1
1
1
0
0
1
2
-1
0
1
2
3
3
3
5
3
2
0
1
0
0
0
2
3
2
2
2
3
2
1
0
1
0
1
0
0
0
-3
-2
-3
-2
-1
-2
-2
-1
-3
-3
-3
-1
0
1
1
0
1
1
0
0
0
-1
-2
-3
-4
-4
-7
-8
-8
-9
-8
-7
-5
-3
-5
-4
-3
0
1
2
2
3
3
4
4
5
5
5
6
8
9
8
10
10
8
8
7
6
6
6
6
4
5
4
4
5
4
4
3
1
2
1
-1
-2
-2
-4
-5
-5
-6
-7
-8
-8
-7
-5
-4
-4
-2
-1
-3
-3
-3
-3
-2
-3
-2
-1
-3
-3
-3
-1
-1
-4
-4
-2
-4
-5
-4
-2
-3
-4
-2
-2
-3
-5
-3
-3
-2
-1
-1
-2
-2
-2
-1
2
2
2
2
3
4
4
7
6
7
6
7
7
6
6
5
7
6
7
6
7
4
4
2
-1
-2
-4
-3
-6
-5
-7
-7
-6
-6
-4
-3
-3
-4
-2
-1
2
3
2
4
4
4
3
4
6
5
3
5
4
5
6
5
6
3
4
3
3
1
0
-2
-5
-4
-3
-5
-5
-4
-4
-4
-4
-6
-5
-6
-6
-3
-1
0
0
-1
2
2
-2
-3
-3
-5
-5
-7
-7
-8
-8
-9
-10
-8
-7
-7
-6
-4
-3
-2
-2
-3
0
2
3
4
3
4
5
5
6
8
7
6
5
6
8
5
3
1
2
2
-1
-1
1
-1
-1
0
2
3
2
5
5
7
7
6
5
6
6
4
3
5
2
2
3
2
2
0
0
-2
-3
-2
-4
-6
-5
-5
-5
-5
-4
-3
-1
-2
-3
-3
-4
-3
-3
-2
-1
-1
-2
-1
0
-1
0
1
2
3
4
4
5
4
6
6
4
3
3
1
0
2
3
0
-1
-1
1
2
-1
-2
0
-1
-1
1
1
0
-2
-1
0
0
1
0
-1
-3
-3
-3
-4
-5
-6
-6
-5
-3
-4
-2
-2
-3
-1
-2
-4
-5
-7
-7
-9
-9
-7
-8
-7
-8
-8
-8
-9
-9
-8
-8
-8
-6
-5
-4
-3
-2
-1
0
2
2
2
3
3
8
12
11
11
11
14
18
17
16
12
11
17
20
19
17
18
26
33
39
44
45
49
57
62
67
66
69
80
85
89
96
95
106
113
111
111
108
109
112
104
98
89
83
84
73
59
46
33
29
26
20
9
-5
-17
-28
-34
-45
-61
-86
-120
-138
-148
-160
-172
-206
-234
-239
-230
-207
-204
-220
-228
-227
-212
-197
-207
-228
-259
-282
-278
-272
-264
-267
-277
-269
-232
-178
-123
-84
-61
-36
5
58
95
110
106
98
99
107
118
124
121
118
132
147
144
114
71
18
-56
-156
-282
-426
-571
-698
-794
-872
-945
-1007
-1021
-978
-896
-805
-723
-649
-572
-482
-380
-285
-216
-164
-95
13
149
297
451
613
789
992
1203
1398
1557
1676
1770
1837
1874
1875
1838
1772
1687
1604
1530
1462
1388
1312
1242
1179
1108
1029
942
842
727
603
476
342
201
65
-54
-157
-259
-358
-447
-527
-609
-689
-764
-845
-937
-1029
-1102
-1163
-1232
-1292
-1334
-1363
-1402
-1433
-1438
-1439
-1448
-1440
-1401
-1349
-1318
-1292
-1238
-1182
-1135
-1072
-967
-869
-828
-804
-731
-618
-530
-456
-349
-223
-138
-71
36
148
167
108
68
55
-10
-172
-395
-681
-1014
-1237
-1199
-987
-881
-950
-951
-724
-398
-154
31
230
340
317
343
570
806
818
741
878
1228
1537
1755
2040
2401
2701
2972
3367
3777
3889
3692
3516
3513
3438
3123
2741
2474
2223
1885
1611
1529
1469
1225
887
694
649
540
279
7
-169
-324
-538
-761
-921
-1077
-1302
-1541
-1694
-1795
-1981
-2243
-2414
-2421
-2410
-2512
-2637
-2669
-2658
-2689
-2702
-2631
-2576
-2648
-2728
-2661
-2516
-2473
-2508
-2453
-2311
-2224
-2186
-2065
-1853
-1678
-1542
-1311
-965
-670
-485
-282
2
266
434
577
767
945
1054
1156
1313
1489
1620
1740
1895
2062
2191
2288
2383
2463
2506
2528
2550
2543
2491
2420
2355
2281
2189
2097
2002
1888
1754
1634
1543
1467
1380
1279
1162
1032
903
796
708
612
481
345
241
178
117
20
-113
-254
-365
-441
-505
-587
-702
-856
-1055
-1307
-1581
-1872
-2247
-2786
-3407
-3827
-3844
-3631
-3552
-3683
-3733
-3503
-3145
-2865
-2635
-2397
-2277
-2316
-2262
-1958
-1654
-1626
-1688
-1503
-1113
-766
-427
85
649
1065
1500
2211
2946
3247
3203
3309
3622
3701
3433
3211
3209
3119
2797
2580
2690
2808
2604
2286
2215
2309
2236
1972
1785
1745
1647
1419
1225
1136
988
697
415
264
119
-149
-441
-630
-765
-955
-1154
-1273
-1386
-1588
-1790
-1844
-1807
-1847
-1963
-2016
-1987
-1983
-2028
-2033
-1995
-2011
-2085
-2120
-2076
-2046
-2075
-2087
-2012
-1881
-1728
-1553
-1352
-1152
-952
-730
-511
-342
-217
-73
90
225
328
458
622
757
850
961
1117
1256
1346
1437
1561
1668
1706
1714
1742
1769
1747
1707
1690
1677
1628
1554
1506
1489
1461
1418
1380
1350
1309
1272
1267
1249
1154
1007
888
773
604
429
354
333
212
11
-123
-187
-340
-625
-917
-1200
-1634
-2272
-2895
-3279
-3430
-3486
-3546
-3631
-3685
-3594
-3302
-2935
-2664
-2491
-2323
-2152
-2025
-1897
-1712
-1544
-1477
-1408
-1174
-789
-388
-5
433
950
1531
2172
2786
3218
3442
3624
3860
4011
3959
3811
3698
3553
3299
3062
2978
2936
2752
2466
2261
2163
2036
1822
1609
1432
1238
1004
787
607
421
221
49
-84
-224
-395
-564
-722
-917
-1178
-1443
-1632
-1773
-1968
-2232
-2445
-2532
-2578
-2664
-2710
-2623
-2493
-2462
-2477
-2388
-2245
-2224
-2318
-2340
-2249
-2208
-2258
-2251
-2132
-2037
-2007
-1888
-1616
-1340
-1145
-911
-565
-222
31
275
570
810
948
1098
1326
1527
1627
1724
1912
2100
2188
2230
2315
2394
2399
2385
2431
2491
2467
2360
2261
2204
2138
2054
1968
1885
1783
1689
1626
1563
1457
1337
1265
1215
1122
996
888
773
578
343
176
73
-85
-305
-445
-454
-478
-636
-833
-958
-1071
-1275
-1537
-1818
-2231
-2861
-3513
-3879
-3941
-3964
-4106
-4244
-4232
-4077
-3829
-3492
-3136
-2910
-2828
-2712
-2446
-2148
-1985
-1929
-1836
-1661
-1420
-1091
-656
-200
213
678
1343
2144
2827
3262
3570
3908
4246
4461
4546
4571
4525
4360
4153
4048
4032
3932
3675
3397
3225
3088
2874
2612
2385
2160
1869
1565
1352
1188
946
633
391
258
110
-114
-331
-489
-674
-954
-1244
-1451
-1659
-1990
-2386
-2672
-2837
-3006
-3206
-3313
-3282
-3231
-3236
-3195
-3036
-2879
-2835
-2815
-2691
-2540
-2508
-2554
-2529
-2430
-2372
-2341
-2217
-2004
-1827
-1687
-1449
-1091
-753
-497
-222
124
444
677
907
1184
1421
1568
1705
1911
2113
2228
2303
2402
2500
2532
2531
2564
2596
2555
2465
2412
2398
2355
2262
2175
2118
2047
1947
1861
1809
1745
1638
1542
1491
1437
1331
1206
1104
1002
851
664
495
333
164
13
-98
-214
-377
-565
-743
-914
-1093
-1276
-1499
-1823
-2241
-2667
-3072
-3485
-3862
-4091
-4173
-4231
-4309
-4281
-4077
-3802
-3547
-3271
-2950
-2681
-2506
-2318
-2065
-1843
-1722
-1599
-1376
-1119
-895
-615
-197
263
679
1149
1756
2370
2816
3150
3527
3920
4175
4289
4383
4459
4416
4274
4160
4101
3983
3756
3516
3332
3151
2914
2658
2432
2194
1907
1618
1384
1163
883
585
361
208
42
-157
-343
-516
-725
-972
-1188
-1374
-1622
-1962
-2307
-2567
-2766
-2951
-3124
-3245
-3319
-3360
-3344
-3245
-3104
-2980
-2870
-2743
-2593
-2452
-2344
-2260
-2181
-2097
-1998
-1881
-1762
-1647
-1513
-1333
-1103
-841
-568
-311
-78
153
402
663
899
1082
1229
1369
1508
1644
1778
1896
1988
2064
2159
2270
2353
2377
2372
2372
2376
2359
2307
2226
2117
1989
1876
1808
1762
1690
1586
1493
1443
1419
1389
1335
1263
1175
1075
972
854
702
507
321
185
75
-49
-185
-308
-444
-620
-804
-953
-1134
-1435
-1840
-2260
-2680
-3150
-3613
-3938
-4097
-4202
-4305
-4328
-4199
-3960
-3670
-3315
-2918
-2570
-2322
-2109
-1866
-1642
-1505
-1410
-1277
-1109
-938
-722
-407
-33
334
729
1233
1813
2333
2740
3119
3520
3875
4109
4262
4381
4439
4404
4324
4270
4212
4079
3866
3639
3430
3215
2968
2687
2376
2039
1688
1347
1026
700
365
56
-186
-376
-552
-720
-887
-1084
-1308
-1489
-1591
-1691
-1875
-2142
-2406
-2617
-2790
-2958
-3129
-3270
-3365
-3408
-3373
-3253
-3113
-3007
-2897
-2728
-2511
-2280
-2067
-1897
-1760
-1606
-1401
-1188
-1031
-913
-798
-664
-501
-318
-146
4
154
316
490
688
890
1052
1174
1299
1436
1570
1690
1794
1896
2018
2149
2241
2291
2328
2355
2356
2337
2306
2256
2174
2080
1983
1894
1820
1752
1683
1613
1536
1449
1371
1305
1203
1046
897
782
661
515
377
236
81
-58
-151
-229
-339
-505
-682
-809
-951
-1227
-1564
-1914
-2454
-3063
-3127
-2678
-2606
-3179
-3763
-4174
-4729
-5231
-5325
-5199
-5150
-5061
-4765
-4289
-3710
-3052
-2345
-1630
-938
-292
319
983
1721
2355
2792
3205
3718
4170
4410
4470
4414
4292
4124
3898
3653
3417
3113
2763
2572
2562
2541
2483
2506
2567
2560
2532
2562
2596
2491
2223
1938
1723
1471
1082
635
256
-75
-425
-733
-941
-1111
-1289
-1410
-1411
-1336
-1304
-1391
-1524
-1609
-1673
-1781
-1941
-2155
-2434
-2727
-2953
-3116
-3285
-3495
-3689
-3798
-3828
-3789
-3667
-3500
-3339
-3129
-2790
-2377
-1972
-1566
-1118
-656
-211
240
700
1090
1328
1482
1652
1804
1849
1807
1725
1596
1439
1308
1225
1154
1078
1037
1091
1226
1384
1546
1742
1976
2221
2458
2663
2800
2859
2862
2841
2807
2763
2662
2478
2268
2100
1959
1797
1614
1444
1288
1131
984
859
718
538
342
174
25
-155
-386
-660
-965
-1313
-1711
-2165
-2719
-3426
-4285
-5251
-6253
-7185
-7924
-8386
-8613
-8704
-8664
-8353
-7617
-6497
-5187
-3832
-2427
-934
620
2160
3613
4884
5871
6547
6985
7263
7352
7154
6656
5974
5237
4488
3720
2905
2044
1210
520
34
-278
-490
-621
-625
-436
-64
411
928
1465
1986
2427
2774
3073
3321
3423
3324
3085
2797
2450
2000
1479
953
451
-17
-437
-816
-1177
-1539
-1894
-2231
-2534
-2780
-2981
-3217
-3562
-3963
-4273
-4441
-4559
-4683
-4747
-4685
-4508
-4229
-3815
-3286
-2730
-2175
-1569
-895
-227
364
836
1184
1448
1670
1800
1745
1512
1217
926
605
233
-131
-444
-712
-926
-1035
-1017
-891
-679
-391
-23
446
1014
1614
2178
2693
3181
3598
3888
4043
4095
4049
3884
3611
3257
2844
2384
1890
1391
915
488
143
-99
-239
-282
-229
-93
97
286
433
553
696
834
877
810
732
677
549
293
3
-250
-553
-981
-1454
-1923
-2516
-3373
-4404
-5397
-6276
-7060
-7675
-8030
-8213
-8336
-8245
-7660
-6591
-5375
-4214
-2972
-1481
136
1666
3069
4377
5488
6269
6775
7141
7347
7232
6768
6137
5489
4814
4033
3158
2263
1418
682
122
-245
-495
-696
-792
-675
-337
105
559
1041
1553
2030
2412
2739
3033
3204
3159
2959
2747
2529
2180
1682
1161
699
252
-206
-611
-940
-1266
-1635
-1991
-2291
-2595
-2955
-3328
-3636
-3902
-4192
-4503
-4757
-4893
-4907
-4818
-4629
-4332
-3924
-3402
-2786
-2120
-1433
-748
-93
487
974
1368
1648
1765
1719
1560
1338
1047
676
264
-134
-474
-751
-955
-1070
-1075
-953
-718
-392
11
492
1032
1587
2134
2665
3159
3557
3828
3984
4048
4010
3848
3557
3165
2728
2283
1832
1366
912
534
266
90
-7
-2
116
300
510
755
1015
1218
1306
1304
1253
1126
913
664
403
66
-375
-832
-1244
-1700
-2308
-3056
-3892
-4824
-5843
-6816
-7559
-8002
-8252
-8450
-8571
-8377
-7672
-6551
-5293
-4040
-2684
-1125
541
2143
3613
4915
5963
6690
7165
7469
7541
7276
6689
5931
5130
4330
3534
2702
1792
872
135
-286
-507
-705
-864
-842
-564
-134
352
882
1431
1926
2331
2693
3043
3317
3425
3350
3153
2903
2624
2273
1810
1264
722
233
-223
-678
-1129
-1540
-1880
-2162
-2429
-2738
-3114
-3509
-3897
-4281
-4638
-4901
-5069
-5236
-5431
-5489
-5220
-4702
-4170
-3671
-3074
-2295
-1439
-626
146
866
1434
1808
2045
2191
2208
2016
1631
1157
712
319
-87
-544
-973
-1224
-1245
-1121
-921
-639
-231
284
850
1470
2132
2744
3236
3628
3986
4304
4477
4451
4266
3988
3642
3220
2717
2159
1585
1060
627
275
-11
-198
-242
-165
-26
170
439
737
961
1100
1228
1352
1369
1205
922
641
384
96
-269
-719
-1230
-1765
-2349
-3097
-4083
-5230
-6387
-7465
-8374
-8957
-9197
-9351
-9571
-9527
-8751
-7322
-5799
-4462
-3033
-1242
740
2616
4315
5826
7001
7758
8247
8598
8688
8327
7557
6598
5615
4645
3674
2670
1593
508
-360
-834
-1000
-1101
-1225
-1199
-839
-211
477
1118
1732
2316
2794
3147
3451
3718
3810
3628
3278
2955
2689
2336
1815
1221
674
207
-212
-599
-993
-1425
-1867
-2233
-2530
-2892
-3377
-3867
-4260
-4619
-5024
-5397
-5629
-5775
-5912
-5916
-5593
-4974
-4284
-3623
-2893
-2017
-1073
-164
646
1326
1847
2197
2383
2388
2214
1890
1433
868
270
-266
-707
-1093
-1421
-1577
-1487
-1222
-893
-489
67
753
1457
2105
2719
3306
3803
4149
4353
4443
4414
4242
3932
3524
3070
2591
2093
1562
1042
621
326
112
-52
-112
-20
164
363
585
852
1115
1309
1438
1515
1493
1336
1098
849
581
270
-65
-406
-775
-1180
-1576
-1986
-2539
-3346
-4358
-5455
-6572
-7653
-8557
-9146
-9500
-9820
-10054
-9811
-8836
-7356
-5812
-4304
-2573
-496
1697
3730
5529
7092
8307
9093
9533
9699
9496
8818
7758
6554
5329
4071
2776
1484
251
-827
-1577
-1896
-1911
-1834
-1692
-1308
-591
301
1138
1856
2512
3095
3522
3778
3933
3974
3800
3398
2922
2509
2130
1674
1144
638
218
-107
-374
-648
-993
-1364
-1681
-1963
-2345
-2880
-3475
-4073
-4693
-5292
-5740
-6026
-6277
-6502
-6493
-6092
-5408
-4632
-3811
-2897
-1898
-862
174
1112
1830
2302
2591
2708
2596
2260
1768
1149
437
-244
-790
-1246
-1682
-2022
-2110
-1902
-1496
-987
-390
307
1084
1896
2687
3394
3959
4368
4631
4768
4769
4626
4327
3889
3378
2864
2359
1842
1320
863
533
329
202
133
137
220
343
479
638
791
876
871
834
811
763
636
445
232
21
-174
-312
-391
-474
-616
-784
-942
-1170
-1637
-2469
-3610
-4897
-6254
-7665
-8981
-9933
-10469
-10884
-11303
-11259
-10220
-8379
-6442
-4669
-2648
-107
2595
4997
7038
8792
10105
10817
11051
10952
10412
9311
7802
6185
4601
3071
1660
409
-717
-1674
-2226
-2197
-1766
-1304
-898
-312
606
1646
2469
3015
3429
3749
3837
3670
3416
3181
2839
2295
1727
1376
1224
1067
828
613
503
462
421
305
20
-482
-1118
-1779
-2518
-3451
-4524
-5511
-6301
-6987
-7614
-8013
-8010
-7661
-7110
-6344
-5265
-3917
-2508
-1191
25
1171
2193
2939
3301
3320
3109
2710
2075
1237
355
-448
-1197
-1902
-2434
-2639
-2534
-2246
-1808
-1186
-380
523
1416
2239
2978
3619
4116
4419
4517
4459
4287
4008
3634
3236
2865
2516
2169
1856
1621
1489
1439
1401
1342
1294
1291
1288
1207
1057
895
727
494
193
-105
-356
-562
-715
-782
-757
-657
-516
-365
-203
4
244
446
563
590
500
245
-231
-1050
-2368
-4131
-5992
-7705
-9397
-11132
-12414
-12806
-12716
-12723
-12372
-10699
-7848
-5014
-2718
-277
2779
5830
8159
9859
11237
12092
12142
11592
10773
9639
8021
6119
4325
2787
1434
309
-451
-898
-1193
-1230
-748
132
860
1171
1417
1964
2592
2801
2562
2299
2193
1986
1551
1184
1144
1246
1242
1255
1556
2077
2487
2652
2673
2550
2186
1594
808
-277
-1690
-3162
-4457
-5673
-6983
-8224
-9047
-9352
-9285
-8917
-8198
-7132
-5809
-4307
-2727
-1190
233
1454
2295
2707
2888
2954
2687
1934
992
230
-406
-1133
-1848
-2270
-2361
-2283
-2083
-1679
-1073
-381
295
928
1542
2125
2595
2878
2990
3009
2986
2920
2797
2617
2475
2473
2574
2656
2721
2896
3167
3353
3366
3297
3197
2972
2579
2086
1563
1006
410
-202
-780
-1234
-1517
-1675
-1764
-1729
-1483
-1076
-638
-206
252
706
1062
1229
1232
1141
967
644
167
-350
-814
-1267
-1738
-2107
-2357
-2845
-3923
-5346
-6581
-7602
-8815
-10111
-10735
-10546
-10429
-10763
-10479
-8579
-5812
-3584
-1898
325
3285
6021
8024
9677
11104
11892
11935
11601
10967
9719
7926
6080
4403
2785
1366
412
-276
-1071
-1765
-1717
-859
35
382
540
1148
2142
2873
2990
2861
2907
3009
2838
2414
2068
1951
1867
1608
1336
1317
1461
1378
916
436
245
47
-652
-1798
-2912
-3784
-4636
-5648
-6662
-7391
-7747
-7814
-7636
-7183
-6393
-5283
-4041
-2822
-1594
-321
837
1605
1916
2021
2094
1939
1337
478
-234
-704
-1186
-1771
-2161
-2140
-1885
-1653
-1386
-896
-239
315
667
972
1332
1641
1756
1701
1643
1691
1776
1806
1810
1920
2214
2583
2876
3103
3368
3635
3748
3642
3408
3125
2733
2163
1489
840
263
-265
-786
-1241
-1513
-1560
-1486
-1361
-1099
-672
-193
207
521
870
1231
1388
1288
1103
939
681
246
-238
-604
-850
-1109
-1393
-1548
-1514
-1404
-1344
-1243
-1012
-1059
-1713
-2663
-3548
-4438
-5727
-7114
-7662
-7475
-7588
-8013
-7511
-5793
-3928
-2387
-781
1228
3287
4796
5947
6862
7256
7267
6959
6209
5102
4045
3299
2381
1231
633
836
1172
1128
1253
1949
2711
3228
3526
3675
3699
3463
3012
2361
1508
795
305
-323
-1081
-1452
-1289
-1074
-1056
-888
-335
287
589
604
581
555
373
-85
-739
-1319
-1814
-2432
-3059
-3457
-3579
-3537
-3485
-3375
-3017
-2425
-1867
-1478
-1147
-807
-483
-265
-251
-388
-527
-612
-750
-979
-1138
-1140
-1114
-1146
-1151
-1002
-723
-503
-430
-363
-174
-10
-8
-67
-84
-36
26
28
33
176
433
668
870
1122
1440
1744
1956
2073
2170
2261
2253
2092
1838
1587
1347
1093
816
551
387
377
414
411
466
637
826
924
964
1004
1004
937
777
593
457
326
160
-29
-165
-205
-207
-212
-256
-290
-289
-329
-429
-592
-714
-762
-845
-964
-1047
-992
-850
-787
-894
-1233
-1690
-2113
-2593
-3265
-3989
-4263
-4084
-4034
-4192
-3976
-3038
-1917
-1127
-382
594
1591
2286
2673
2919
2990
2874
2589
2149
1714
1419
1241
1048
912
1109
1581
2028
2267
2433
2726
2991
2990
2684
2277
1914
1436
840
377
176
85
-89
-163
44
426
797
1040
1240
1462
1653
1699
1498
1136
758
393
-36
-577
-1081
-1424
-1671
-1913
-2100
-2115
-2020
-1974
-2005
-1990
-1854
-1726
-1722
-1783
-1774
-1704
-1690
-1715
-1695
-1617
-1519
-1438
-1347
-1249
-1148
-1051
-987
-938
-884
-805
-744
-754
-779
-751
-684
-645
-635
-582
-462
-324
-195
-57
109
294
448
540
610
721
866
983
1076
1204
1349
1488
1625
1759
1877
1968
2036
2050
2026
1999
1930
1763
1532
1345
1202
1040
872
751
730
791
862
886
885
945
985
867
675
561
484
263
-65
-274
-368
-469
-609
-687
-641
-556
-452
-357
-283
-199
-186
-367
-908
-1691
-2464
-3286
-4218
-5058
-5436
-5410
-5339
-5098
-4443
-3407
-2253
-1114
95
1128
1857
2418
2797
2873
2548
2137
1805
1366
906
595
566
652
739
1040
1467
1839
1997
1974
1964
1871
1674
1377
1040
800
606
525
557
693
974
1296
1639
1917
2137
2331
2409
2324
2071
1783
1505
1150
731
334
91
-73
-250
-424
-563
-648
-781
-960
-1151
-1355
-1574
-1848
-2097
-2265
-2347
-2352
-2324
-2208
-2033
-1819
-1564
-1362
-1224
-1138
-1061
-1049
-1173
-1324
-1452
-1562
-1674
-1743
-1698
-1618
-1528
-1393
-1201
-998
-854
-738
-659
-616
-580
-531
-486
-453
-357
-203
-4
248
552
925
1308
1669
1944
2125
2279
2343
2305
2157
1960
1783
1608
1438
1257
1174
1221
1339
1502
1621
1750
1895
1998
1995
1922
1819
1586
1349
1103
793
533
362
319
239
133
101
135
262
190
26
25
32
-59
-373
-727
-1258
-2225
-3146
-3882
-4551
-5280
-5845
-5742
-5318
-4868
-4269
-3311
-2015
-989
-186
651
1321
1774
1870
1804
1689
1409
1160
867
669
702
808
1030
1228
1470
1727
1862
1937
1722
1424
1226
995
775
524
458
593
835
1109
1287
1624
2006
2161
2163
2109
2063
1884
1593
1288
999
860
746
594
544
603
656
591
439
201
-84
-385
-806
-1279
-1627
-1858
-2074
-2209
-2149
-1944
-1677
-1426
-1234
-1037
-879
-849
-955
-1145
-1368
-1625
-1860
-2100
-2287
-2315
-2241
-2127
-1978
-1746
-1435
-1157
-980
-878
-771
-678
-683
-753
-792
-761
-726
-727
-695
-547
-312
-79
160
441
757
1066
1330
1593
1791
1905
2009
2091
2109
2055
2016
2005
1975
1932
1816
1687
1639
1552
1424
1338
1345
1441
1523
1577
1582
1623
1642
1498
1358
1195
974
792
607
303
-35
-157
-157
-218
-193
-159
-143
-257
-682
-1541
-2537
-3420
-4374
-5391
-6191
-6401
-6217
-6030
-5830
-5022
-3631
-2344
-1320
-99
1148
2009
2530
2907
3075
2984
2850
2625
2272
1948
1837
1898
1929
1841
1877
2065
2125
1814
1447
1267
1084
803
511
418
508
673
804
1011
1429
1834
2028
2104
2133
2066
1862
1577
1152
674
376
143
-137
-352
-357
-263
-290
-392
-560
-750
-1002
-1434
-1903
-2225
-2413
-2627
-2781
-2693
-2444
-2107
-1752
-1416
-1057
-726
-513
-467
-501
-624
-870
-1125
-1393
-1690
-1868
-1904
-1903
-1870
-1683
-1395
-1161
-996
-883
-760
-644
-645
-723
-711
-590
-505
-426
-221
110
467
777
1054
1364
1668
1863
1965
2067
2166
2162
2102
2059
2012
1979
1936
1859
1797
1798
1787
1721
1607
1423
1275
1209
1080
837
687
736
795
766
767
852
947
986
880
665
568
503
282
81
42
160
209
6
-428
-1146
-1918
-2740
-3713
-4627
-5330
-5632
-5643
-5404
-4903
-4136
-2944
-1772
-703
272
858
1266
1429
1325
1060
665
360
166
96
137
385
843
1228
1581
1846
2008
2090
1787
1343
986
584
176
-187
-251
1
309
598
1090
1839
2331
2455
2425
2293
2130
1850
1502
1224
1099
1115
1185
1364
1599
1810
1939
1911
1665
1223
726
79
-705
-1377
-1865
-2160
-2293
-2293
-2082
-1644
-1144
-773
-487
-268
-256
-463
-786
-1144
-1529
-1853
-2093
-2253
-2230
-2062
-1841
-1636
-1444
-1251
-1140
-1113
-1202
-1326
-1433
-1571
-1705
-1777
-1705
-1559
-1378
-1124
-847
-528
-176
107
282
383
440
503
617
755
936
1185
1476
1764
1967
2094
2201
2263
2200
2074
2004
1920
1755
1540
1401
1423
1486
1581
1673
1721
1865
2008
2002
1847
1685
1544
932
-517
-2478
-4027
-4956
-6169
-7617
-8150
-7305
-6101
-5441
-4485
-2615
-583
756
1510
2344
3004
3050
2715
2434
2349
2216
2174
2311
2439
2659
3015
3308
3171
2705
2385
2110
1530
697
166
232
473
638
995
1700
2402
2681
2617
2414
2063
1464
541
-491
-1302
-1747
-1857
-1768
-1479
-947
-268
317
553
532
420
65
-659
-1535
-2186
-2538
-2812
-3023
-2948
-2475
-1846
-1357
-990
-622
-292
-169
-292
-507
-678
-786
-890
-978
-944
-755
-520
-384
-382
-427
-499
-692
-1050
-1444
-1682
-1714
-1628
-1454
-1108
-568
-9
406
700
921
1044
981
741
483
324
236
195
251
475
832
1173
1500
1832
2063
2102
1986
1821
1641
1480
1386
1311
1241
1227
1330
1481
1506
1463
1524
1638
1561
1296
1149
1109
961
748
400
-455
-2152
-4581
-7061
-9043
-10601
-11928
-12591
-11851
-9918
-7643
-5348
-2705
361
3031
4709
5688
6344
6601
6201
5538
5178
5086
5120
5204
5372
5585
5676
5559
5070
4184
3097
2010
980
-48
-788
-877
-410
315
1179
2221
3238
3869
4029
3799
3243
2426
1464
482
-416
-1024
-1183
-1033
-872
-813
-802
-938
-1421
-2242
-3205
-4152
-5053
-5892
-6539
-6767
-6486
-5846
-5003
-3986
-2811
-1650
-730
-118
245
433
409
145
-201
-443
-516
-505
-483
-394
-194
5
26
-131
-318
-486
-686
-906
-1028
-957
-712
-379
-4
453
960
1379
1623
1756
1829
1852
1851
1856
1936
2157
2474
2768
2959
3059
3066
2933
2661
2331
2020
1713
1447
1312
1272
1225
1200
1347
1611
1766
1799
1794
1698
1396
1029
835
769
714
757
1047
1476
1486
188
-3200
-8120
-12520
-15285
-17590
-20489
-22025
-19757
-15048
-11140
-8108
-3406
2763
7005
8147
8515
9637
10082
8776
7312
7256
8103
8806
9271
9715
9781
9353
8492
6735
3865
762
-1493
-3129
-4793
-5736
-4863
-2546
-189
1709
3720
5765
6979
6912
6025
5052
4175
3254
2310
1689
1824
2523
3143
3277
3071
2600
1376
-835
-3409
-5623
-7492
-9348
-10760
-11027
-10145
-8730
-7148
-5296
-3361
-1858
-1063
-799
-795
-1011
-1387
-1789
-2034
-1921
-1404
-724
-327
-297
-316
-401
-846
-1680
-2449
-2797
-2915
-2976
-2734
-1929
-823
114
828
1477
2031
2293
2183
1916
1714
1673
1805
2098
2650
3437
4238
4875
5263
5400
5272
4809
3994
3086
2393
1910
1549
1343
1381
1626
1869
1986
2012
2017
1941
1800
1650
1568
1581
1650
1822
1987
2157
2358
2495
2476
2222
1826
1196
449
-1562
-6991
-14727
-20768
-22318
-22280
-24855
-26659
-21697
-12056
-6165
-5203
-1734
5800
10986
9710
6471
7160
9575
9486
7907
8322
11148
13378
13811
12919
10981
8452
5256
1397
-3015
-6952
-8765
-8757
-8005
-6599
-3782
313
4038
6404
7340
7424
7485
7340
6313
4751
4549
6369
7993
7863
7536
8788
9788
7656
3313
-144
-2436
-5853
-10378
-13071
-12908
-11959
-11497
-10318
-7709
-5081
-3750
-3128
-2481
-2213
-2511
-2712
-2317
-1623
-842
159
1139
1798
2051
1983
1301
-362
-2452
-4135
-5264
-6300
-7033
-6656
-5353
-4005
-2918
-1711
-397
401
524
426
432
545
776
1339
2224
3250
4398
5452
6063
6215
6061
5600
4644
3479
2613
2146
1829
1564
1675
2140
2504
2488
2332
2238
2025
1586
1224
1198
1343
1545
1890
2357
2874
3364
3731
3874
3601
3103
2420
1653
646
-333
-775
-717
-536
-458
-749
-1623
-5189
-11668
-17921
-20608
-20184
-20956
-22679
-20220
-12096
-4233
-1937
-1021
3397
8614
9564
6151
4338
6056
7779
7667
7774
10049
12776
13141
11248
8290
5452
2366
-1516
-5575
-8366
-8677
-6959
-4876
-2898
-567
2439
5119
6354
5961
4775
4085
4336
4660
4647
5348
7815
10433
10873
9356
8110
7459
5019
57
-4567
-6629
-7520
-9421
-11049
-10091
-7522
-6264
-6825
-6848
-5542
-4829
-5577
-6027
-4663
-2469
-1019
115
2034
4393
5636
5205
3814
2438
1279
-300
-2475
-4255
-4629
-4098
-4086
-4514
-4062
-2801
-2363
-3178
-3699
-3017
-2203
-2097
-1880
-521
1363
2660
3328
3935
4594
4791
4169
3240
2675
2608
2521
2175
1981
2402
2985
2901
2261
1878
1840
1485
684
286
725
1511
1945
2244
2915
3771
4184
3997
3705
3454
2985
2249
1586
1263
1143
1048
1090
1208
849
-206
-2443
-7295
-13876
-18931
-19619
-18254
-18713
-18948
-14331
-5972
-815
-1034
-756
2757
5859
4695
2010
2833
6187
8345
8691
9831
12676
14294
12554
8231
3995
1445
-721
-3702
-6540
-6987
-4867
-2486
-1166
-158
1283
2366
2114
1191
668
960
1989
3507
5161
6817
8926
11096
11466
9284
6253
4253
2568
-427
-3825
-5345
-4958
-4875
-5873
-6257
-5473
-5180
-6513
-8158
-8275
-7310
-6681
-6136
-4330
-1212
1501
2870
3559
4354
4821
4022
2283
879
324
-77
-934
-1587
-1370
-857
-1140
-2285
-3116
-3221
-3414
-4129
-4592
-4016
-2833
-1891
-1114
2
1339
2053
1966
1779
1939
2203
2076
1806
1910
2452
2943
2937
2739
2753
2648
2102
1236
825
863
781
533
600
1212
1784
1890
1932
2260
2543
2405
1973
1858
1972
1882
1631
1602
1986
2315
2186
1701
754
-820
-4871
-11426
-17157
-18445
-16396
-16139
-17297
-14552
-7016
-1025
-1313
-2779
-418
3149
3294
1114
2251
6701
10057
10607
10929
13341
15334
13844
9305
4611
2197
921
-924
-2868
-3070
-1309
114
-62
-577
-366
-62
-776
-1784
-1652
-141
2092
4306
6058
7466
8833
9951
9496
6900
3684
1807
986
-408
-2407
-3279
-2830
-2950
-4554
-6076
-6228
-6410
-8039
-9753
-9438
-7469
-6030
-5287
-3792
-1384
399
758
830
1404
1839
1452
785
827
1399
1614
1033
173
-312
-639
-1435
-2661
-3366
-3148
-2747
-2724
-2568
-1816
-1180
-1345
-1697
-1362
-634
-306
-144
543
1611
2396
2767
3112
3433
3491
3235
2857
2662
2730
2827
2703
2574
2758
3042
2961
2537
2193
2022
1781
1334
1072
1259
1614
1673
1410
1433
1783
1870
1348
779
921
1341
1253
541
-339
-2113
-6666
-12661
-16049
-14905
-13176
-14342
-14859
-10521
-3982
-1609
-3442
-3408
-425
1465
256
-141
3485
7996
9785
9379
10035
12276
12792
10048
5888
3288
2674
1927
416
-434
495
1792
1376
-243
-1132
-1079
-1478
-2571
-2805
-1169
1433
3640
4978
5761
6510
7185
7090
5738
3858
2770
2498
1949
815
22
-122
-854
-2932
-5187
-6187
-6464
-7363
-8508
-8305
-6715
-5298
-4828
-4234
-2963
-2110
-2283
-2404
-1402
-50
434
517
1126
2117
2456
1767
833
163
-350
-1032
-1687
-1738
-1392
-1302
-1571
-1611
-1180
-1029
-1520
-1973
-1723
-1101
-762
-478
293
1267
1804
1890
2122
2588
2759
2533
2421
2739
3137
3200
3076
3112
3279
3351
3224
3015
2795
2496
2141
1859
1711
1632
1424
1101
843
750
706
476
203
270
620
644
124
-435
-1329
-4448
-9960
-14271
-14217
-12083
-12246
-13627
-11551
-6187
-2976
-4073
-4928
-2520
109
-109
-927
1524
5972
8588
8797
9065
10701
11583
9980
6948
4613
3939
3665
2972
2374
2596
3338
3050
1457
-226
-972
-1129
-1764
-2399
-1744
426
2848
4145
4538
4965
5528
5376
4095
2687
2217
2430
2341
1822
1547
1511
757
-1087
-3027
-4135
-4808
-5875
-7001
-7127
-6300
-5603
-5382
-4905
-3915
-3370
-3740
-4019
-3326
-2285
-1898
-1773
-1005
125
641
453
322
381
129
-483
-835
-608
-336
-465
-748
-672
-340
-384
-859
-1169
-993
-849
-1108
-1180
-600
98
285
363
947
1688
1986
2087
2529
3150
3462
3501
3638
3848
3880
3786
3775
3857
3829
3603
3270
2958
2740
2489
2053
1551
1267
1148
821
307
22
-26
-256
-634
-683
-518
-793
-1864
-3996
-7305
-10625
-11936
-11179
-10702
-11198
-10308
-7095
-4535
-4921
-5794
-4221
-1751
-1222
-1744
-340
2808
4994
5616
6373
7975
8915
8189
6781
5868
5507
5035
4328
3845
3830
4115
4055
3275
2144
1308
949
509
-164
-399
208
1093
1474
1629
2301
3252
3527
2856
2104
1968
2070
1817
1371
1246
1251
706
-338
-1081
-1267
-1585
-2453
-3253
-3370
-3204
-3421
-3932
-4163
-4079
-4161
-4475
-4551
-4174
-3753
-3636
-3490
-2918
-2181
-1826
-1856
-1770
-1441
-1215
-1204
-1058
-609
-235
-165
-76
292
608
471
102
-34
68
63
-78
-90
75
165
60
-21
44
103
32
9
270
713
1119
1438
1722
1956
2094
2227
2411
2550
2572
2556
2640
2783
2845
2795
2678
2563
2465
2366
2267
2161
2049
1887
1662
1444
1279
1102
805
441
156
-49
-360
-973
-1873
-2923
-3951
-4682
-4769
-4124
-3276
-3004
-3447
-3968
-3940
-3445
-2950
-2668
-2574
-2636
-2736
-2529
-1788
-870
-405
-537
-728
-446
176
650
776
777
897
1158
1500
1924
2360
2580
2442
2205
2342
2882
3277
3073
2514
2174
2242
2481
2639
2648
2493
2186
1858
1699
1736
1761
1487
856
183
-116
52
373
510
415
228
54
-81
-150
-199
-383
-786
-1226
-1424
-1383
-1348
-1439
-1542
-1570
-1579
-1585
-1562
-1588
-1770
-2003
-2046
-1857
-1672
-1647
-1666
-1577
-1397
-1222
-1053
-876
-797
-880
-993
-945
-756
-661
-780
-979
-1059
-1003
-928
-875
-801
-680
-553
-437
-285
-85
88
167
216
403
769
1172
1456
1633
1786
1936
2064
2179
2278
2339
2373
2411
2475
2531
2544
2502
2430
2354
2254
2113
1944
1774
1580
1274
766
-47
-1233
-2585
-3513
-3499
-2802
-2339
-2696
-3502
-4010
-3929
-3483
-2954
-2606
-2705
-3189
-3469
-3039
-2139
-1436
-1258
-1390
-1445
-1143
-449
308
711
791
1018
1624
2363
2956
3359
3513
3322
3049
3185
3751
4146
3916
3337
2982
3034
3250
3338
3156
2671
2001
1406
1102
1039
979
716
219
-298
-522
-366
-126
-164
-492
-837
-1024
-1067
-994
-883
-951
-1328
-1778
-1960
-1893
-1867
-1996
-2128
-2163
-2128
-2037
-1905
-1869
-2030
-2241
-2289
-2185
-2065
-1971
-1871
-1762
-1595
-1291
-925
-729
-758
-798
-717
-607
-536
-434
-302
-282
-379
-400
-271
-161
-204
-298
-269
-103
77
194
291
441
632
822
1020
1231
1382
1415
1444
1636
1961
2233
2382
2490
2573
2572
2545
2628
2773
2771
2559
2302
2160
2123
2087
1985
1820
1648
1521
1414
1223
884
381
-377
-1472
-2674
-3423
-3376
-2881
-2677
-3094
-3779
-4181
-4125
-3800
-3462
-3292
-3369
-3575
-3621
-3273
-2619
-2017
-1796
-1935
-1998
-1531
-577
323
806
1128
1704
2460
3033
3349
3557
3571
3212
2748
2710
3119
3381
3114
2639
2456
2598
2735
2664
2407
2001
1486
1040
866
932
949
672
143
-355
-555
-451
-267
-220
-310
-409
-453
-450
-412
-399
-553
-903
-1222
-1302
-1228
-1220
-1321
-1430
-1530
-1633
-1663
-1600
-1595
-1731
-1848
-1757
-1525
-1350
-1279
-1271
-1327
-1418
-1443
-1385
-1372
-1430
-1389
-1131
-786
-521
-356
-275
-325
-497
-644
-661
-595
-528
-429
-210
137
505
743
783
696
597
557
600
725
890
1040
1216
1484
1801
2033
2151
2220
2228
2132
2042
2139
2378
2510
2436
2328
2313
2303
2182
2003
1847
1706
1570
1493
1457
1332
1043
614
12
-890
-2030
-3009
-3427
-3331
-3176
-3355
-3841
-4314
-4501
-4365
-4034
-3706
-3582
-3706
-3826
-3603
-2988
-2302
-1856
-1664
-1522
-1203
-607
175
898
1379
1723
2161
2690
3102
3285
3297
3175
2945
2799
2946
3274
3412
3212
2917
2798
2836
2836
2662
2303
1816
1327
1014
965
1057
1037
788
412
118
11
38
49
-62
-245
-363
-354
-278
-245
-349
-635
-1035
-1369
-1534
-1591
-1642
-1683
-1690
-1693
-1691
-1636
-1563
-1616
-1820
-1997
-2030
-2017
-2051
-2055
-1964
-1871
-1831
-1752
-1599
-1509
-1534
-1521
-1357
-1144
-1003
-883
-729
-603
-560
-535
-474
-415
-385
-318
-157
63
276
449
599
750
914
1079
1225
1360
1480
1572
1668
1835
2056
2219
2279
2347
2520
2735
2887
2982
3060
3053
2913
2729
2622
2563
2422
2184
1953
1784
1633
1473
1330
1170
915
557
182
-175
-620
-1268
-2119
-3034
-3777
-4104
-4003
-3806
-3903
-4303
-4645
-4633
-4299
-3847
-3455
-3239
-3220
-3243
-3058
-2601
-2079
-1755
-1666
-1594
-1251
-555
295
1003
1489
1879
2277
2636
2898
3073
3121
2959
2661
2500
2608
2786
2769
2552
2339
2268
2304
2353
2333
2173
1870
1546
1390
1451
1572
1522
1233
845
552
428
411
413
372
255
90
-46
-113
-171
-330
-592
-869
-1073
-1192
-1256
-1296
-1363
-1469
-1586
-1670
-1730
-1827
-1974
-2106
-2150
-2105
-2018
-1938
-1872
-1818
-1780
-1765
-1742
-1670
-1566
-1496
-1479
-1443
-1323
-1164
-1059
-1026
-1001
-930
-807
-652
-483
-308
-126
57
235
432
661
862
963
1015
1162
1419
1642
1752
1830
1928
1988
1980
2000
2098
2170
2141
2089
2113
2171
2173
2118
2043
1946
1823
1704
1588
1464
1360
1308
1287
1241
1188
1148
1067
891
679
517
375
160
-158
-540
-1003
-1598
-2292
-2933
-3335
-3425
-3350
-3367
-3585
-3847
-3917
-3746
-3466
-3190
-2964
-2827
-2773
-2646
-2289
-1770
-1317
-1036
-831
-566
-211
188
585
940
1227
1463
1687
1914
2103
2206
2193
2079
1964
1969
2094
2192
2140
2001
1945
2024
2124
2131
2041
1886
1664
1419
1263
1275
1351
1315
1137
952
863
830
768
663
549
424
276
96
-90
-263
-421
-579
-727
-825
-851
-841
-883
-1022
-1193
-1315
-1397
-1506
-1648
-1755
-1792
-1808
-1854
-1913
-1939
-1947
-1986
-2055
-2086
-2022
-1894
-1771
-1671
-1535
-1334
-1136
-999
-900
-797
-702
-633
-531
-332
-89
84
185
310
491
651
722
732
743
782
862
999
1170
1312
1398
1451
1504
1570
1642
1694
1706
1701
1747
1858
1955
1973
1938
1917
1902
1855
1803
1784
1766
1675
1506
1322
1163
1021
909
842
801
744
643
496
311
117
-71
-307
-681
-1204
-1793
-2336
-2717
-2857
-2800
-2748
-2888
-3168
-3379
-3416
-3325
-3165
-2984
-2852
-2818
-2768
-2546
-2177
-1853
-1667
-1526
-1333
-1079
-759
-344
110
491
788
1108
1474
1749
1823
1744
1639
1586
1614
1716
1851
1941
1971
2008
2108
2252
2352
2358
2263
2095
1924
1841
1869
1923
1920
1851
1773
1734
1729
1701
1595
1394
1149
923
722
526
326
111
-141
-412
-640
-820
-1020
-1283
-1532
-1708
-1834
-1956
-2072
-2172
-2278
-2387
-2441
-2404
-2327
-2270
-2226
-2154
-2052
-1951
-1853
-1732
-1588
-1444
-1319
-1207
-1095
-985
-906
-888
-890
-835
-714
-589
-482
-343
-154
28
176
327
486
610
695
790
917
1042
1159
1282
1398
1488
1582
1684
1745
1740
1714
1713
1717
1712
1732
1783
1802
1767
1728
1711
1669
1574
1473
1430
1440
1451
1446
1423
1366
1260
1128
1026
958
874
742
567
382
205
24
-170
-397
-684
-1047
-1467
-1913
-2360
-2773
-3067
-3190
-3220
-3303
-3458
-3565
-3544
-3440
-3317
-3164
-2978
-2827
-2742
-2623
-2384
-2075
-1799
-1568
-1294
-928
-497
-60
349
726
1069
1366
1607
1798
1954
2080
2153
2177
2214
2309
2414
2459
2445
2432
2440
2441
2420
2379
2301
2164
2004
1890
1836
1789
1709
1593
1460
1343
1270
1227
1152
1016
858
729
605
448
251
11
-295
-617
-807
-808
-776
-898
-1153
-1398
-1579
-1730
-1825
-1856
-1925
-2109
-2281
-2293
-2196
-2146
-2172
-2195
-2208
-2206
-2103
-1875
-1671
-1611
-1587
-1455
-1271
-1161
-1099
-996
-887
-827
-728
-512
-272
-144
-103
-26
123
321
535
726
858
953
1081
1252
1415
1538
1622
1646
1627
1645
1740
1843
1868
1821
1756
1700
1664
1650
1615
1500
1337
1223
1176
1141
1103
1076
1030
926
801
733
705
651
564
491
443
408
387
370
324
252
198
164
97
-35
-216
-423
-651
-902
-1175
-1475
-1812
-2187
-2554
-2817
-2900
-2855
-2830
-2891
-2954
-2942
-2862
-2745
-2584
-2404
-2271
-2190
-2066
-1815
-1490
-1195
-971
-757
-490
-169
171
504
800
1042
1252
1470
1687
1862
1973
2020
2015
2010
2079
2221
2320
2308
2263
2277
2338
2369
2361
2337
2278
2157
2012
1929
1911
1869
1737
1548
1388
1285
1191
1070
935
790
611
403
221
81
-79
-341
-718
-1130
-1442
-1556
-1525
-1512
-1629
-1830
-2025
-2173
-2234
-2178
-2098
-2153
-2334
-2427
-2324
-2183
-2154
-2167
-2119
-2046
-1973
-1801
-1519
-1296
-1215
-1124
-900
-656
-527
-479
-436
-404
-336
-130
174
403
506
605
755
890
984
1088
1176
1199
1218
1313
1435
1492
1494
1496
1488
1477
1510
1572
1562
1485
1454
1497
1532
1521
1497
1448
1342
1225
1159
1107
1010
900
823
745
629
521
443
319
129
-31
-91
-130
-229
-355
-448
-521
-588
-604
-562
-550
-613
-681
-680
-645
-651
-707
-790
-953
-1225
-1507
-1692
-1824
-2007
-2196
-2250
-2166
-2085
-2078
-2091
-2072
-2060
-2058
-1984
-1802
-1599
-1470
-1369
-1193
-928
-657
-431
-223
19
304
619
957
1299
1606
1845
2010
2114
2180
2240
2282
2276
2248
2263
2327
2359
2301
2206
2127
2037
1901
1743
1604
1473
1320
1177
1085
1030
962
859
735
616
511
417
329
239
138
17
-121
-253
-371
-512
-720
-1007
-1306
-1524
-1601
-1545
-1477
-1532
-1722
-1923
-2031
-2040
-1992
-1928
-1903
-1925
-1906
-1769
-1576
-1465
-1453
-1446
-1389
-1281
-1107
-884
-706
-618
-539
-386
-217
-131
-121
-131
-136
-92
68
315
510
594
648
738
840
919
987
1029
1009
980
1045
1191
1311
1353
1354
1355
1360
1372
1389
1372
1306
1235
1194
1173
1158
1123
1032
880
728
640
586
503
399
315
243
172
132
124
81
-28
-145
-218
-271
-341
-407
-465
-525
-558
-537
-489
-474
-495
-519
-527
-522
-483
-416
-373
-389
-440
-530
-700
-926
-1127
-1271
-1385
-1454
-1435
-1388
-1421
-1521
-1574
-1553
-1528
-1503
-1420
-1301
-1230
-1176
-1042
-841
-686
-588
-460
-275
-79
129
407
724
985
1178
1375
1563
1655
1645
1631
1656
1674
1688
1747
1829
1855
1816
1774
1746
1676
1548
1406
1283
1179
1096
1059
1055
1023
933
818
724
633
513
372
263
197
134
51
-31
-110
-245
-456
-681
-881
-1098
-1357
-1537
-1513
-1356
-1280
-1364
-1494
-1587
-1680
-1759
-1735
-1637
-1620
-1698
-1680
-1492
-1314
-1286
-1308
-1256
-1162
-1062
-902
-686
-541
-495
-415
-237
-68
8
34
55
77
135
283
460
548
554
576
652
734
812
889
938
956
1006
1121
1246
1323
1352
1353
1330
1306
1296
1271
1212
1172
1181
1205
1193
1154
1087
967
816
719
688
642
542
441
377
306
192
83
16
-55
-169
-281
-349
-422
-536
-645
-698
-734
-794
-864
-923
-981
-1034
-1049
-1030
-999
-968
-918
-853
-791
-735
-687
-660
-672
-740
-872
-1059
-1215
-1244
-1136
-996
-923
-939
-1012
-1079
-1088
-1004
-861
-737
-666
-598
-467
-278
-97
27
110
188
292
441
633
840
1029
1190
1341
1491
1610
1649
1601
1522
1472
1469
1492
1520
1536
1508
1434
1373
1353
1347
1288
1167
1031
905
793
700
622
532
391
194
5
-101
-135
-173
-236
-266
-262
-296
-386
-467
-536
-667
-840
-944
-955
-978
-1055
-1099
-1083
-1093
-1166
-1234
-1262
-1304
-1349
-1317
-1204
-1107
-1071
-1039
-976
-910
-866
-826
-787
-758
-717
-634
-515
-402
-320
-260
-206
-130
-26
74
137
189
271
378
487
593
691
761
797
836
893
936
935
919
930
960
981
979
968
953
934
932
951
953
908
831
769
743
717
665
588
515
454
383
296
220
165
102
35
12
34
15
-80
-174
-219
-267
-357
-407
-397
-422
-509
-550
-501
-479
-547
-592
-549
-514
-566
-655
-773
-1011
-1332
-1486
-1353
-1140
-1095
-1181
-1232
-1225
-1216
-1158
-988
-813
-787
-843
-772
-536
-317
-243
-227
-134
41
226
400
586
760
887
999
1154
1324
1411
1385
1317
1292
1327
1398
1468
1485
1432
1357
1324
1337
1329
1255
1141
1027
928
852
809
778
690
519
345
251
208
102
-93
-278
-388
-471
-575
-663
-698
-757
-907
-1069
-1142
-1161
-1234
-1329
-1336
-1250
-1182
-1162
-1128
-1086
-1098
-1140
-1113
-1016
-935
-881
-777
-619
-490
-409
-311
-202
-162
-180
-158
-79
-17
9
59
143
210
238
267
317
358
379
398
429
479
538
565
554
541
551
557
544
552
608
668
684
675
686
709
711
689
664
647
621
584
557
546
534
500
444
389
352
322
286
242
191
127
60
2
-62
-151
-249
-311
-334
-362
-398
-416
-419
-434
-455
-449
-423
-431
-476
-501
-482
-454
-449
-465
-487
-501
-514
-544
-622
-751
-894
-996
-1012
-930
-807
-741
-770
-834
-841
-775
-676
-569
-461
-378
-310
-195
-18
134
188
207
279
400
518
637
769
872
926
992
1108
1206
1208
1144
1103
1102
1111
1129
1161
1175
1138
1074
1023
983
911
804
697
616
548
471
384
298
212
118
26
-49
-118
-208
-320
-401
-424
-428
-458
-506
-554
-608
-680
-746
-790
-828
-883
-934
-937
-901
-871
-861
-846
-818
-791
-777
-751
-716
-687
-668
-635
-567
-502
-471
-447
-397
-338
-293
-255
-204
-163
-144
-110
-36
43
87
116
166
224
262
291
340
391
423
457
509
554
565
565
575
591
588
571
554
536
523
518
517
505
480
461
451
445
433
413
383
343
311
295
287
277
265
255
240
224
190
126
36
-55
-133
-195
-222
-204
-172
-184
-236
-287
-330
-393
-454
-473
-471
-484
-491
-459
-413
-415
-450
-463
-455
-454
-452
-431
-412
-424
-425
-380
-319
-296
-302
-301
-289
-269
-237
-198
-163
-141
-107
-55
-4
23
31
39
66
120
186
246
286
322
360
398
431
459
482
499
521
567
626
664
665
654
648
638
624
613
604
580
547
521
508
475
414
339
267
205
148
97
44
-18
-80
-138
-188
-239
-298
-363
-419
-455
-480
-502
-521
-547
-563
-573
-574
-571
-569
-564
-551
-531
-505
-479
-458
-440
-418
-387
-350
-319
-298
-281
-263
-243
-220
-198
-177
-162
-146
-120
-88
-63
-54
-50
-42
-28
-7
17
40
61
77
101
129
157
175
188
206
224
245
267
288
307
312
314
323
325
324
318
313
316
310
300
288
275
269
256
235
212
190
178
180
172
156
127
104
94
87
75
50
26
9
-1
-1
-7
-25
-56
-82
-95
-100
-102
-110
-127
-142
-156
-161
-159
-164
-172
-180
-181
-167
-152
-147
-147
-154
-154
-147
-142
-134
-137
-138
-133
-125
-114
-103
-99
-96
-88
-79
-65
-56
-52
-49
-45
-32
-17
-1
11
25
40
56
72
83
93
103
117
131
140
146
150
160
174
185
193
195
196
200
209
213
212
207
199
194
188
178
161
143
124
111
101
90
72
48
23
0
-16
-33
-55
-83
-110
-129
-145
-156
-168
-184
-197
-208
-217
-227
-237
-245
-246
-243
-233
-231
-233
-236
-237
-229
-214
-200
-191
-188
-183
-168
-145
-123
-104
-95
-90
-82
-70
-54
-39
-25
-10
7
25
41
56
69
82
99
115
130
133
132
137
154
181
205
212
200
184
184
202
221
231
221
204
195
201
215
221
213
194
179
170
165
152
133
114
103
101
100
84
58
23
-2
-10
-17
-25
-47
-75
-96
-105
-109
-110
-117
-134
-150
-158
-162
-161
-162
-160
-162
-166
-168
-168
-167
-164
-156
-149
-139
-135
-130
-129
-128
-126
-119
-109
-97
-85
-71
-57
-43
-30
-21
-14
-12
-9
-3
10
26
40
56
69
81
91
98
100
100
101
109
124
137
148
147
141
136
130
130
124
117
109
103
100
99
92
84
70
56
46
35
25
17
8
2
-2
-5
-13
-25
-37
-46
-50
-53
-55
-58
-62
-67
-72
-75
-80
-82
-84
-83
-82
-80
-74
-72
-70
-73
-76
-80
-80
-73
-68
-65
-60
-58
-54
-50
-50
-52
-50
-46
-38
-29
-18
-12
-10
-6
-4
0
4
7
16
23
34
42
47
50
51
55
62
70
75
79
82
84
86
86
81
75
73
70
71
74
72
71
66
57
48
39
29
22
17
16
16
16
15
10
1
-8
-13
-18
-21
-21
-21
-19
-19
-23
-26
-31
-36
-40
-43
-45
-46
-45
-42
-42
-45
-46
-47
-46
-43
-40
-37
-35
-29
-23
-21
-17
-18
-16
-14
-10
-7
-4
-4
-5
-3
-2
0
1
1
2
4
5
9
11
12
12
12
14
15
18
21
24
25
27
27
24
21
24
25
24
22
23
23
23
21
18
15
12
11
10
8
6
4
2
1
-2
-6
-10
-12
-14
-15
-13
-13
-12
-13
-14
-16
-17
-17
-17
-16
-16
-14
-13
-13
-10
-11
-12
-11
-10
-8
-9
-7
-5
-3
-2
-2
-3
-2
-1
0
2
3
6
6
8
8
6
6
6
3
4
5
4
3
2
1
0
-1
-4
-3
-3
-2
-3
-4
-4
-3
-3
-2
0
-1
0
0
2
4
4
5
6
6
7
7
8
8
8
9
8
10
10
10
9
10
8
9
10
9
9
8
8
8
7
8
7
6
8
6
6
5
4
2
1
-2
-1
-1
-2
-3
-2
-2
-4
-3
-4
-6
-6
-7
-7
-8
-9
-8
-7
-7
-7
-7
-9
-10
-9
-11
-11
-11
-11
-11
-12
-13
-12
-12
-13
-13
-12
-10
-12
-12
-11
-9
-8
-7
-6
-6
-5
-4
-3
-2
0
3
5
6
8
10
11
13
13
17
16
17
18
18
19
20
19
17
15
14
14
16
16
15
16
14
14
13
10
9
7
6
5
4
5
2
2
2
-3
-5
-6
-11
-14
-14
-15
-16
-15
-14
-16
-16
-16
-17
-19
-19
-18
-17
-15
-14
-13
-13
-12
-12
-11
-11
-9
-9
-7
-5
-3
0
1
1
1
2
2
1
3
3
5
8
10
13
14
13
12
12
12
14
14
15
16
16
14
13
11
9
7
5
5
4
3
4
2
0
0
-2
-2
-1
-2
-1
2
2
2
1
1
3
3
2
1
2
1
0
2
-1
-3
-3
-3
-6
-7
-10
-10
-9
-10
-9
-8
-7
-8
-7
-5
-5
-5
-6
-6
-5
-4
-2
-2
-1
-1
0
-1
-1
-4
-3
-4
-4
-3
-1
0
2
3
3
3
4
4
4
5
4
4
3
3
1
2
3
4
4
4
4
3
5
4
2
2
2
1
1
1
