-3
-6
-4
-4
-4
-4
-5
-5
-4
-5
-5
-4
-5
-5
-5
-5
-5
-5
-4
-4
-4
-4
-2
-4
-4
-2
-1
0
1
1
2
1
1
2
3
3
3
2
2
1
2
3
0
0
0
-1
0
1
-1
-1
-1
-2
-1
-2
-3
-4
-4
-2
-2
-1
-3
-2
-1
-1
2
4
3
4
6
6
7
8
10
9
8
8
7
5
4
3
2
1
2
1
1
1
1
-1
0
2
2
4
3
4
2
3
1
1
1
1
0
-2
-2
-4
-5
-3
-5
-5
-5
-5
-3
-3
-3
-1
-1
-1
-2
-2
-4
-4
-5
-5
-3
-5
-5
-4
-4
-3
-4
-4
-4
-3
0
-1
1
0
0
1
1
1
0
0
0
0
1
-1
-1
0
1
1
2
4
5
4
3
4
3
3
2
4
4
3
4
4
4
3
3
1
2
1
2
2
3
3
1
2
0
0
-3
-3
-4
-4
-5
-5
-6
-5
-6
-5
-7
-6
-5
-5
-5
-5
-5
-5
-3
-5
-4
-2
-3
-3
-4
-3
-2
-1
1
2
1
3
4
3
6
6
6
7
7
8
5
6
6
6
7
6
7
9
8
8
6
9
7
6
6
5
4
3
2
3
5
4
3
1
0
-1
-1
-3
-4
-3
-4
-3
-2
-1
0
1
1
-1
-1
0
0
0
0
0
-2
-2
-2
-3
-3
-6
-6
-8
-9
-9
-10
-12
-12
-11
-10
-10
-9
-9
-8
-8
-7
-7
-6
-4
-5
-6
-7
-7
-6
-7
-6
-5
-6
-5
-4
-4
-3
-2
-2
-1
1
-1
1
2
1
4
3
5
5
5
5
8
8
8
7
9
9
8
7
8
9
8
8
8
9
7
8
8
8
11
9
9
10
12
11
12
12
13
13
13
11
11
10
8
7
5
3
2
1
1
2
3
1
3
2
1
0
-1
-2
-4
-4
-3
-3
-3
-5
-7
-8
-10
-11
-13
-14
-15
-15
-16
-15
-15
-13
-15
-15
-14
-13
-13
-12
-11
-10
-9
-10
-7
-7
-4
-7
-7
-7
-7
-6
-7
-5
-4
-4
-4
-1
0
-1
-1
-1
0
1
0
1
1
2
4
4
5
7
6
6
7
6
9
8
9
8
8
8
8
8
7
6
3
6
6
5
4
5
6
4
0
1
1
-1
-4
-7
-6
-7
-10
-9
-8
-9
-9
-11
-10
-10
-11
-10
-7
-5
-4
-3
-1
5
10
13
18
20
24
27
28
32
35
36
40
43
45
46
45
50
53
50
51
52
51
55
52
51
48
44
43
38
34
30
24
15
8
1
-8
-14
-21
-29
-37
-45
-51
-58
-66
-70
-74
-78
-81
-87
-92
-93
-93
-95
-98
-103
-102
-102
-102
-105
-113
-114
-111
-110
-106
-114
-115
-108
-101
-92
-90
-88
-75
-65
-52
-41
-30
-18
-6
8
21
37
53
66
81
93
109
127
137
144
145
144
145
137
125
112
94
81
66
49
35
22
11
-3
-18
-36
-55
-77
-107
-141
-170
-196
-212
-232
-244
-236
-224
-196
-165
-125
-70
-18
33
83
139
186
225
264
298
344
388
432
488
541
612
696
760
823
873
918
981
991
975
943
889
837
762
669
575
481
393
311
229
156
87
23
-40
-101
-166
-237
-310
-393
-480
-564
-650
-727
-805
-880
-931
-971
-998
-1017
-1042
-1047
-1044
-1042
-1034
-1042
-1042
-1032
-1026
-1011
-997
-981
-947
-909
-858
-801
-748
-673
-594
-510
-423
-340
-249
-155
-64
24
107
183
248
307
358
405
445
473
497
519
535
559
577
587
593
586
569
541
483
403
307
196
76
-50
-164
-252
-307
-343
-344
-304
-234
-135
-21
107
235
357
461
556
642
717
782
841
909
984
1068
1168
1281
1402
1516
1624
1720
1796
1837
1834
1794
1719
1602
1450
1273
1081
878
665
458
266
88
-78
-230
-363
-485
-601
-714
-818
-920
-1028
-1140
-1250
-1358
-1466
-1573
-1670
-1756
-1831
-1893
-1940
-1965
-1973
-1963
-1934
-1882
-1813
-1730
-1634
-1527
-1410
-1293
-1174
-1053
-936
-819
-713
-608
-506
-409
-314
-217
-117
-14
93
206
323
441
558
673
784
884
972
1045
1107
1154
1185
1202
1211
1216
1215
1212
1209
1207
1204
1193
1186
1189
1184
1161
1126
1087
1041
984
915
843
764
671
571
488
421
352
274
202
141
80
9
-54
-106
-170
-249
-317
-362
-401
-432
-434
-408
-390
-410
-438
-442
-457
-524
-636
-785
-993
-1249
-1473
-1589
-1644
-1742
-1870
-1910
-1830
-1699
-1539
-1312
-1074
-938
-891
-770
-530
-354
-342
-372
-324
-263
-250
-156
96
343
437
558
904
1349
1636
1784
1992
2209
2250
2173
2196
2259
2108
1743
1474
1402
1294
1036
804
715
604
370
201
227
249
71
-161
-224
-195
-277
-423
-454
-416
-494
-645
-665
-562
-558
-696
-782
-729
-708
-799
-862
-798
-729
-761
-767
-635
-461
-396
-380
-278
-133
-83
-126
-143
-129
-189
-326
-418
-434
-469
-559
-617
-579
-519
-497
-463
-375
-279
-238
-217
-157
-82
-63
-81
-73
-32
-10
-9
27
110
189
241
319
443
563
642
703
778
837
847
831
829
824
775
705
665
651
622
586
575
567
533
485
443
389
282
122
-52
-241
-473
-735
-984
-1213
-1440
-1640
-1762
-1811
-1834
-1829
-1753
-1610
-1455
-1304
-1129
-935
-778
-668
-543
-390
-257
-170
-62
104
283
452
656
930
1212
1454
1697
1978
2234
2401
2501
2586
2623
2559
2423
2285
2133
1910
1648
1428
1253
1062
850
685
578
463
317
197
117
17
-142
-306
-431
-562
-745
-934
-1085
-1228
-1404
-1580
-1698
-1776
-1871
-1971
-2008
-1986
-1954
-1921
-1848
-1735
-1629
-1547
-1445
-1311
-1192
-1116
-1059
-982
-906
-855
-807
-737
-657
-591
-518
-406
-265
-134
-16
114
253
377
475
563
642
693
713
729
760
791
811
832
871
920
972
1028
1092
1157
1205
1238
1265
1289
1297
1284
1257
1217
1166
1109
1053
1000
943
880
822
772
721
674
626
574
512
439
359
279
194
101
4
-90
-179
-259
-327
-385
-443
-508
-589
-683
-789
-912
-1054
-1219
-1412
-1619
-1821
-2000
-2136
-2223
-2273
-2291
-2270
-2197
-2063
-1895
-1712
-1526
-1348
-1189
-1037
-881
-722
-579
-457
-334
-184
-7
193
425
684
947
1203
1468
1746
2012
2224
2376
2491
2558
2568
2529
2463
2368
2223
2038
1863
1715
1573
1416
1269
1145
1022
889
771
679
576
425
248
91
-55
-230
-420
-591
-740
-898
-1047
-1134
-1162
-1182
-1216
-1227
-1191
-1152
-1140
-1127
-1097
-1087
-1122
-1163
-1168
-1153
-1157
-1167
-1131
-1059
-983
-904
-791
-649
-534
-457
-377
-289
-234
-229
-247
-263
-294
-348
-387
-393
-379
-367
-334
-251
-136
-16
105
238
371
481
568
650
724
767
779
784
796
802
800
807
830
853
868
888
921
946
953
946
936
914
872
819
774
731
679
630
594
569
544
517
494
470
425
361
283
185
50
-123
-318
-529
-764
-1017
-1262
-1494
-1708
-1893
-2022
-2088
-2108
-2090
-2025
-1910
-1766
-1614
-1451
-1280
-1123
-995
-880
-759
-645
-543
-440
-313
-160
11
207
440
704
971
1233
1499
1759
1984
2158
2290
2382
2418
2393
2324
2231
2106
1945
1764
1587
1417
1238
1062
904
760
614
469
340
224
99
-36
-169
-293
-422
-562
-697
-819
-937
-1058
-1166
-1248
-1309
-1357
-1390
-1401
-1394
-1381
-1363
-1331
-1286
-1244
-1206
-1163
-1113
-1057
-1001
-940
-867
-788
-709
-620
-526
-421
-326
-238
-156
-86
-31
4
24
32
27
15
1
2
15
43
88
157
250
356
474
600
723
834
927
1001
1059
1091
1101
1088
1060
1025
981
937
899
869
846
832
827
831
835
833
822
801
766
714
645
563
471
370
266
169
77
-9
-89
-161
-230
-305
-390
-488
-607
-753
-926
-1119
-1329
-1546
-1761
-1959
-2121
-2243
-2313
-2332
-2298
-2215
-2084
-1914
-1721
-1514
-1304
-1103
-913
-740
-579
-431
-291
-154
-14
142
320
517
738
976
1230
1489
1747
1993
2215
2407
2552
2654
2708
2714
2672
2592
2477
2334
2169
1993
1811
1627
1443
1260
1083
911
741
575
411
243
71
-108
-286
-463
-640
-815
-982
-1133
-1267
-1377
-1455
-1503
-1524
-1525
-1504
-1472
-1434
-1399
-1370
-1353
-1348
-1359
-1376
-1397
-1418
-1433
-1433
-1411
-1360
-1287
-1187
-1062
-919
-766
-611
-458
-316
-192
-91
-10
48
86
112
134
151
175
206
246
300
357
412
464
505
535
550
565
590
634
700
794
920
1078
1251
1437
1618
1784
1925
2036
2110
2145
2136
2087
2003
1887
1741
1567
1369
1149
916
668
414
162
-84
-316
-537
-747
-942
-1129
-1332
-1551
-1796
-2071
-2381
-2733
-3111
-3498
-3870
-4196
-4447
-4596
-4613
-4482
-4184
-3723
-3110
-2360
-1502
-576
378
1311
2185
2964
3610
4103
4427
4577
4557
4384
4078
3671
3191
2668
2143
1642
1184
787
468
226
56
-51
-105
-113
-97
-67
-38
-14
8
18
17
16
12
18
39
78
137
210
301
405
503
586
636
642
592
472
277
7
-331
-727
-1161
-1605
-2027
-2405
-2704
-2899
-2987
-2949
-2796
-2527
-2151
-1708
-1218
-712
-234
209
589
883
1082
1169
1162
1080
922
708
462
204
-39
-258
-437
-566
-637
-661
-641
-578
-487
-362
-229
-97
34
153
269
375
467
554
634
715
803
891
980
1071
1163
1248
1323
1382
1419
1430
1411
1359
1277
1165
1028
871
701
526
352
190
45
-75
-170
-234
-266
-269
-251
-223
-177
-129
-84
-54
-53
-72
-130
-234
-387
-602
-874
-1199
-1573
-1987
-2420
-2853
-3257
-3602
-3855
-3995
-3997
-3840
-3526
-3062
-2462
-1749
-949
-108
730
1524
2245
2857
3335
3664
3845
3883
3783
3570
3269
2910
2519
2118
1737
1392
1093
841
647
503
399
322
266
222
183
141
95
51
13
-16
-36
-28
12
82
181
306
453
606
749
864
934
939
863
701
447
106
-314
-792
-1299
-1801
-2268
-2665
-2962
-3138
-3180
-3091
-2875
-2544
-2130
-1662
-1171
-690
-254
111
394
580
670
672
596
461
292
110
-63
-208
-315
-377
-388
-350
-278
-180
-66
45
150
238
306
355
381
394
400
405
419
445
491
557
643
750
874
1007
1141
1267
1379
1465
1519
1537
1514
1451
1350
1216
1057
881
692
507
329
172
41
-62
-133
-174
-189
-180
-157
-124
-92
-68
-64
-89
-151
-259
-418
-633
-906
-1230
-1599
-2003
-2426
-2852
-3257
-3617
-3902
-4086
-4149
-4075
-3850
-3476
-2958
-2320
-1581
-766
87
936
1737
2460
3080
3568
3906
4096
4139
4044
3829
3521
3148
2740
2316
1903
1523
1188
899
662
480
346
242
161
104
60
23
-13
-39
-52
-49
-29
19
98
205
337
487
649
804
938
1035
1077
1048
935
731
438
58
-396
-909
-1451
-1987
-2485
-2917
-3251
-3462
-3534
-3462
-3254
-2924
-2493
-1990
-1448
-904
-392
54
413
669
817
862
813
690
513
308
100
-87
-238
-342
-392
-388
-336
-248
-137
-16
101
204
290
351
393
416
430
438
451
480
531
611
714
841
991
1147
1310
1462
1595
1701
1767
1787
1758
1682
1558
1397
1203
988
763
541
331
140
-19
-148
-245
-311
-346
-352
-337
-311
-284
-265
-267
-298
-371
-495
-680
-932
-1248
-1628
-2057
-2521
-2997
-3460
-3875
-4208
-4427
-4509
-4427
-4168
-3737
-3145
-2408
-1554
-618
349
1296
2182
2970
3620
4108
4420
4555
4517
4324
4003
3591
3116
2613
2113
1644
1229
875
593
389
250
168
124
113
120
136
146
151
151
146
140
141
161
201
264
350
460
588
723
852
957
1017
1016
935
768
509
148
-303
-824
-1395
-1984
-2553
-3063
-3474
-3760
-3895
-3864
-3674
-3330
-2850
-2274
-1640
-988
-359
205
674
1023
1243
1336
1305
1166
947
672
376
81
-187
-404
-557
-640
-657
-609
-506
-366
-204
-33
134
283
411
514
593
649
694
735
781
836
908
1000
1109
1233
1361
1490
1608
1705
1774
1806
1797
1744
1652
1517
1344
1139
913
675
431
194
-28
-231
-406
-546
-651
-718
-756
-769
-755
-740
-731
-743
-789
-884
-1049
-1288
-1599
-1977
-2406
-2870
-3337
-3765
-4123
-4374
-4487
-4435
-4200
-3783
-3189
-2436
-1551
-579
429
1430
2372
3210
3905
4428
4763
4901
4845
4614
4242
3760
3202
2610
2030
1487
1012
623
331
139
37
12
49
127
227
331
421
488
524
530
509
468
419
373
333
316
326
367
428
505
589
661
704
699
633
491
258
-67
-479
-965
-1505
-2079
-2656
-3197
-3665
-4032
-4262
-4328
-4226
-3953
-3520
-2955
-2282
-1545
-785
-47
620
1179
1613
1892
2014
1983
1817
1540
1181
775
360
-31
-372
-636
-807
-882
-856
-740
-554
-314
-44
240
517
763
969
1126
1238
1304
1329
1319
1292
1262
1235
1220
1222
1244
1286
1343
1405
1470
1524
1557
1562
1537
1472
1367
1219
1033
819
577
317
59
-192
-424
-631
-795
-918
-1003
-1054
-1089
-1114
-1151
-1219
-1337
-1524
-1786
-2121
-2526
-2977
-3448
-3896
-4280
-4565
-4711
-4684
-4470
-4062
-3457
-2674
-1750
-732
337
1404
2417
3320
4068
4635
4991
5127
5048
4780
4350
3789
3143
2458
1781
1151
595
148
-177
-375
-454
-422
-293
-96
137
382
613
815
971
1070
1116
1108
1054
969
867
766
676
602
555
534
535
544
551
539
483
369
183
-83
-432
-859
-1348
-1880
-2429
-2959
-3430
-3810
-4067
-4173
-4115
-3883
-3490
-2959
-2316
-1599
-853
-128
537
1096
1520
1792
1902
1855
1665
1354
961
517
64
-361
-727
-1006
-1187
-1255
-1214
-1071
-840
-546
-208
148
500
826
1111
1342
1515
1626
1682
1690
1665
1614
1550
1485
1424
1377
1346
1329
1324
1325
1325
1327
1314
1281
1227
1142
1024
869
684
480
258
25
-206
-417
-601
-749
-857
-923
-952
-960
-961
-974
-1016
-1111
-1275
-1521
-1846
-2247
-2703
-3187
-3655
-4074
-4398
-4594
-4625
-4470
-4121
-3571
-2835
-1942
-941
128
1211
2251
3189
3981
4590
4987
5161
5115
4865
4442
3877
3217
2510
1799
1131
539
54
-303
-527
-618
-588
-452
-239
22
300
571
813
1008
1141
1211
1220
1176
1089
978
856
744
647
571
520
487
466
437
389
307
170
-32
-303
-640
-1043
-1500
-1989
-2482
-2950
-3370
-3702
-3919
-3999
-3930
-3709
-3337
-2839
-2244
-1584
-893
-215
404
933
1340
1610
1729
1704
1551
1286
941
547
140
-244
-578
-840
-1010
-1081
-1049
-921
-709
-432
-110
230
572
895
1182
1420
1602
1728
1797
1818
1799
1753
1690
1613
1540
1472
1414
1367
1331
1302
1272
1233
1186
1121
1034
920
776
608
418
214
2
-205
-399
-572
-714
-807
-852
-856
-825
-767
-703
-657
-649
-698
-830
-1062
-1396
-1822
-2329
-2891
-3466
-4007
-4474
-4814
-4987
-4959
-4716
-4258
-3582
-2715
-1702
-593
554
1689
2742
3663
4408
4945
5257
5330
5179
4831
4321
3685
2978
2252
1553
921
387
-21
-296
-434
-448
-361
-189
33
274
504
705
858
954
990
972
914
823
721
625
549
501
485
499
540
587
628
645
618
527
360
116
-214
-618
-1085
-1587
-2101
-2600
-3049
-3417
-3684
-3822
-3820
-3677
-3395
-2989
-2483
-1906
-1293
-681
-104
404
820
1120
1297
1345
1278
1106
848
536
197
-140
-449
-708
-894
-996
-1008
-933
-780
-562
-294
7
321
625
913
1167
1381
1552
1679
1766
1814
1831
1826
1801
1764
1718
1665
1605
1539
1462
1378
1282
1173
1053
922
783
631
473
317
162
7
-142
-277
-392
-480
-544
-579
-579
-545
-487
-413
-339
-285
-273
-326
-461
-689
-1020
-1455
-1979
-2567
-3183
-3786
-4328
-4757
-5032
-5120
-4992
-4641
-4068
-3289
-2338
-1268
-134
1006
2097
3080
3901
4533
4942
5120
5072
4818
4395
3834
3182
2493
1814
1189
651
224
-74
-248
-303
-256
-127
55
258
457
629
765
854
890
880
836
771
700
641
608
608
643
705
783
864
924
940
898
774
557
251
-146
-624
-1164
-1734
-2299
-2834
-3306
-3677
-3912
-3999
-3932
-3709
-3338
-2839
-2245
-1594
-925
-278
307
795
1163
1387
1467
1409
1231
954
610
233
-141
-484
-773
-983
-1099
-1123
-1060
-919
-711
-457
-179
100
363
599
799
956
1071
1151
1203
1241
1273
1308
1353
1413
1485
1565
1645
1716
1771
1796
1785
1732
1636
1497
1313
1097
858
608
357
117
-99
-278
-418
-514
-563
-563
-514
-430
-313
-178
-32
106
212
271
271
191
19
-259
-642
-1125
-1708
-2365
-3064
-3759
-4406
-4963
-5377
-5602
-5605
-5374
-4911
-4218
-3315
-2257
-1099
97
1277
2375
3336
4121
4699
5050
5175
5087
4815
4394
3861
3260
2647
2053
1511
1046
678
413
242
150
128
156
208
266
312
339
341
323
291
259
241
248
288
369
489
642
813
987
1137
1243
1286
1248
1111
868
518
74
-445
-1016
-1607
-2185
-2709
-3148
-3471
-3661
-3699
-3584
-3322
-2933
-2446
-1896
-1320
-752
-233
206
544
765
860
836
713
509
249
-39
-321
-574
-772
-903
-959
-941
-852
-708
-528
-329
-128
58
218
343
439
507
558
598
637
693
770
873
1002
1156
1324
1502
1673
1826
1948
2025
2048
2007
1901
1732
1506
1232
925
604
289
-4
-255
-450
-580
-640
-629
-560
-440
-280
-100
72
229
360
457
504
498
457
375
260
113
-55
-245
-461
-711
-989
-1309
-1668
-2072
-2508
-2962
-3417
-3848
-4219
-4491
-4638
-4632
-4454
-4084
-3522
-2790
-1909
-914
151
1226
2259
3197
3995
4615
5023
5212
5185
4957
4553
4012
3381
2701
2019
1378
819
359
11
-221
-340
-360
-301
-195
-55
92
226
334
407
453
470
467
452
440
442
459
489
532
583
629
645
617
536
395
182
-100
-438
-817
-1214
-1605
-1966
-2271
-2500
-2635
-2672
-2613
-2462
-2227
-1932
-1600
-1254
-918
-608
-345
-138
6
93
125
108
57
-20
-105
-186
-260
-319
-362
-389
-400
-403
-397
-386
-366
-338
-302
-252
-183
-91
28
175
348
547
763
986
1209
1419
1606
1755
1853
1901
1891
1824
1704
1540
1343
1129
908
694
496
328
195
97
36
4
-7
-8
-4
-1
-8
-31
-65
-110
-161
-218
-269
-304
-323
-317
-298
-266
-223
-168
-110
-56
-9
28
48
39
-13
-120
-298
-565
-927
-1381
-1919
-2524
-3158
-3763
-4278
-4653
-4852
-4819
-4522
-3969
-3201
-2239
-1109
112
1323
2445
3430
4242
4821
5141
5216
5059
4706
4199
3601
2962
2327
1742
1246
862
590
421
343
329
339
351
343
300
205
54
-131
-332
-517
-665
-742
-738
-647
-459
-194
122
459
787
1064
1252
1328
1272
1083
770
351
-143
-670
-1195
-1676
-2083
-2387
-2571
-2633
-2576
-2417
-2175
-1876
-1547
-1216
-911
-644
-433
-279
-182
-132
-118
-130
-153
-180
-200
-206
-197
-180
-161
-142
-126
-125
-141
-173
-219
-276
-337
-391
-424
-431
-406
-344
-246
-122
24
180
339
485
617
731
826
901
953
995
1030
1050
1059
1064
1061
1046
1013
966
900
812
705
579
444
304
173
54
-44
-112
-147
-145
-106
-29
82
215
360
504
643
761
842
875
852
770
623
415
163
-126
-419
-688
-918
-1084
-1170
-1156
-1062
-915
-725
-519
-331
-214
-189
-269
-453
-732
-1076
-1437
-1776
-2053
-2216
-2232
-2090
-1804
-1385
-853
-264
330
883
1354
1698
1892
1932
1832
1616
1318
977
633
333
106
-29
-68
-13
120
309
522
731
910
1040
1098
1082
997
856
674
478
297
147
44
4
26
99
209
336
462
559
614
615
555
433
257
44
-183
-408
-613
-779
-895
-962
-978
-950
-893
-818
-738
-664
-612
-577
-561
-563
-577
-596
-615
-625
-624
-608
-579
-536
-489
-434
-381
-335
-300
-276
-260
-252
-250
-246
-236
-218
-190
-150
-105
-55
-5
42
84
119
144
159
162
156
146
134
124
123
135
166
219
292
383
478
572
653
715
749
753
729
677
613
548
483
427
381
347
325
310
296
275
256
234
198
157
122
98
77
64
63
74
96
119
142
165
181
194
201
207
209
208
197
171
118
29
-110
-310
-570
-881
-1228
-1582
-1905
-2167
-2336
-2381
-2277
-2039
-1684
-1228
-700
-154
356
801
1151
1369
1457
1422
1287
1073
819
572
354
198
118
117
184
304
459
617
745
834
871
852
779
673
558
450
368
331
346
410
514
642
775
892
976
1013
996
921
798
643
459
266
82
-75
-209
-315
-396
-459
-513
-576
-649
-746
-862
-990
-1123
-1245
-1337
-1388
-1385
-1324
-1215
-1062
-885
-705
-549
-434
-370
-364
-414
-510
-631
-756
-862
-931
-952
-917
-825
-697
-547
-391
-249
-141
-72
-52
-70
-114
-170
-216
-236
-210
-140
-24
140
341
560
779
982
1161
1302
1392
1430
1428
1390
1314
1218
1118
1020
930
850
788
739
706
681
661
641
618
593
557
510
460
407
354
304
260
233
220
221
230
245
257
254
227
171
84
-34
-177
-337
-499
-652
-786
-901
-992
-1066
-1124
-1180
-1246
-1320
-1400
-1486
-1571
-1641
-1670
-1648
-1585
-1468
-1290
-1064
-811
-551
-306
-88
97
226
305
339
340
318
286
260
253
271
311
379
472
580
693
803
903
989
1065
1125
1175
1217
1252
1283
1309
1326
1327
1313
1280
1224
1149
1059
957
854
750
657
576
507
452
399
347
288
208
101
-31
-190
-373
-570
-769
-957
-1122
-1253
-1341
-1385
-1383
-1345
-1279
-1201
-1121
-1049
-996
-970
-969
-990
-1022
-1063
-1098
-1118
-1117
-1096
-1051
-988
-910
-824
-739
-659
-589
-527
-478
-433
-387
-335
-271
-187
-82
42
185
337
491
640
772
878
957
1005
1024
1018
1002
980
963
962
980
1026
1088
1158
1229
1288
1321
1312
1253
1152
1012
846
668
504
379
303
281
315
399
511
625
726
788
793
728
599
416
202
-31
-265
-474
-641
-774
-877
-965
-1056
-1169
-1317
-1501
-1713
-1933
-2134
-2288
-2360
-2326
-2188
-1958
-1639
-1262
-872
-506
-195
40
190
252
239
181
109
42
2
15
89
213
376
564
754
926
1065
1156
1196
1201
1178
1147
1119
1108
1127
1175
1243
1317
1385
1430
1432
1389
1298
1170
1013
843
678
541
440
380
355
355
370
380
363
305
201
50
-148
-376
-614
-843
-1044
-1198
-1291
-1324
-1302
-1235
-1147
-1055
-982
-948
-962
-1026
-1136
-1276
-1429
-1574
-1688
-1751
-1752
-1688
-1563
-1389
-1183
-969
-765
-591
-452
-356
-297
-262
-237
-206
-158
-88
13
139
282
430
573
704
812
891
945
978
1003
1020
1034
1053
1077
1104
1129
1149
1162
1156
1132
1095
1044
981
917
860
824
807
805
820
843
865
874
871
852
815
761
690
611
515
389
223
9
-253
-579
-965
-1387
-1793
-2144
-2423
-2599
-2632
-2497
-2224
-1865
-1445
-978
-520
-134
149
332
422
423
350
235
118
26
-35
-69
-67
-37
2
27
30
15
-21
-63
-96
-100
-47
77
265
507
792
1099
1372
1584
1711
1744
1683
1531
1309
1060
825
630
495
435
453
527
630
727
787
779
696
526
278
-22
-336
-635
-883
-1047
-1115
-1081
-958
-772
-560
-349
-180
-90
-88
-167
-320
-524
-749
-957
-1124
-1240
-1298
-1309
-1281
-1242
-1209
-1201
-1220
-1257
-1304
-1344
-1354
-1324
-1235
-1085
-887
-649
-393
-141
84
270
412
501
547
564
570
578
598
635
687
758
831
889
922
933
913
851
759
644
517
390
286
223
208
256
363
514
686
861
1006
1095
1126
1114
1074
1022
991
997
1022
1042
1007
879
607
159
-456
-1163
-1873
-2520
-3039
-3324
-3299
-2990
-2470
-1794
-996
-167
560
1097
1445
1622
1623
1450
1177
908
696
542
452
456
558
696
787
802
754
635
407
82
-255
-530
-717
-814
-797
-621
-309
53
381
668
907
1044
1027
882
695
517
350
203
131
177
292
404
481
533
537
423
182
-127
-438
-741
-1032
-1253
-1340
-1291
-1153
-965
-729
-460
-224
-75
-19
-22
-69
-167
-304
-438
-518
-548
-554
-553
-527
-470
-430
-451
-521
-603
-686
-796
-925
-1025
-1049
-1009
-937
-829
-663
-450
-235
-44
126
279
398
472
512
525
525
533
572
627
671
716
779
824
798
710
602
473
318
165
54
-4
3
89
229
372
498
604
682
699
645
545
471
521
663
732
652
605
650
408
-435
-1430
-1961
-2273
-2980
-3723
-3570
-2601
-1839
-1525
-817
522
1594
1815
1768
2071
2384
2147
1570
1273
1369
1457
1322
1210
1383
1688
1741
1432
1045
820
596
116
-457
-707
-561
-371
-343
-233
143
531
552
259
37
-15
-167
-542
-807
-658
-281
-30
115
438
898
1095
867
488
197
-166
-778
-1435
-1789
-1826
-1804
-1802
-1639
-1229
-796
-585
-545
-460
-311
-282
-430
-541
-432
-228
-142
-139
-30
165
200
-14
-280
-430
-565
-812
-1060
-1093
-914
-717
-586
-412
-150
75
120
21
-77
-122
-174
-260
-284
-143
143
454
710
948
1195
1377
1396
1262
1100
982
884
774
705
730
821
910
926
849
693
501
279
9
-293
-537
-631
-603
-544
-469
-278
74
450
662
698
655
475
-71
-1061
-2227
-3205
-3927
-4496
-4830
-4609
-3732
-2560
-1483
-525
495
1454
1994
2081
2051
2138
2192
2072
1986
2186
2568
2790
2757
2677
2625
2407
1888
1271
844
641
507
436
589
979
1369
1564
1612
1614
1472
1033
395
-181
-590
-929
-1225
-1332
-1164
-845
-557
-327
-102
78
86
-106
-375
-619
-859
-1135
-1379
-1493
-1497
-1506
-1573
-1647
-1673
-1690
-1739
-1775
-1702
-1489
-1197
-878
-523
-145
180
362
382
297
148
-65
-331
-570
-700
-730
-714
-669
-563
-407
-266
-188
-145
-78
1
47
86
171
312
433
495
554
661
781
828
806
812
878
917
883
852
943
1111
1220
1236
1265
1342
1334
1146
847
583
370
133
-120
-278
-265
-152
-71
-77
-120
-107
-19
73
80
13
-89
-373
-1104
-2328
-3667
-4727
-5466
-5978
-6102
-5500
-4230
-2821
-1660
-596
608
1682
2223
2365
2610
3068
3385
3440
3607
4085
4516
4496
4157
3823
3437
2728
1760
956
516
262
41
4
325
831
1178
1274
1310
1354
1202
735
227
19
61
69
36
209
554
676
370
-104
-513
-997
-1700
-2398
-2735
-2731
-2657
-2576
-2330
-1907
-1584
-1563
-1701
-1774
-1787
-1880
-1967
-1814
-1372
-858
-453
-104
258
489
418
120
-177
-391
-607
-822
-882
-724
-490
-326
-221
-110
-33
-84
-236
-349
-347
-281
-192
-26
284
666
987
1224
1436
1627
1716
1667
1569
1517
1506
1462
1385
1338
1338
1304
1165
952
751
601
473
337
227
226
340
456
463
388
342
308
150
-157
-425
-486
-440
-444
-476
-444
-485
-962
-2024
-3434
-4837
-6110
-7212
-7840
-7620
-6550
-5051
-3460
-1805
-165
1182
2021
2506
2926
3338
3664
3953
4379
4969
5519
5815
5780
5431
4769
3800
2637
1484
569
-13
-281
-279
-44
355
753
1008
1082
1046
961
856
782
811
1008
1368
1788
2120
2257
2178
1891
1350
531
-433
-1331
-2071
-2716
-3271
-3622
-3730
-3765
-3882
-4017
-4032
-3931
-3812
-3630
-3223
-2564
-1822
-1149
-527
66
507
669
602
461
295
65
-208
-409
-486
-531
-633
-769
-878
-966
-1075
-1152
-1106
-911
-636
-331
-1
335
618
811
946
1066
1190
1320
1464
1630
1810
1985
2150
2304
2424
2484
2473
2386
2205
1934
1612
1301
1055
893
823
832
884
927
925
860
735
567
391
244
106
-42
-155
-187
-210
-312
-467
-612
-881
-1509
-2521
-3691
-4889
-6178
-7448
-8261
-8282
-7685
-6821
-5688
-4142
-2432
-1074
-170
661
1617
2448
2987
3527
4350
5227
5750
5909
5964
5887
5376
4402
3320
2404
1589
806
236
46
126
241
328
458
606
699
754
879
1124
1478
1926
2440
2919
3268
3474
3515
3311
2804
2094
1328
516
-386
-1298
-2064
-2652
-3194
-3757
-4242
-4552
-4759
-4952
-5053
-4902
-4499
-3997
-3454
-2788
-1992
-1239
-660
-190
259
610
755
734
677
597
418
138
-144
-369
-589
-837
-1069
-1220
-1292
-1321
-1300
-1192
-981
-722
-458
-186
111
421
721
1012
1316
1625
1905
2137
2319
2446
2494
2453
2344
2199
2016
1801
1604
1468
1385
1315
1263
1255
1246
1156
1003
877
803
718
605
538
550
575
566
556
566
530
409
233
3
-327
-749
-1206
-1710
-2362
-3175
-4043
-4916
-5835
-6702
-7232
-7242
-6831
-6162
-5208
-3934
-2548
-1345
-351
609
1566
2370
2982
3573
4224
4766
5031
5075
5009
4781
4268
3524
2733
2002
1312
694
255
55
17
44
125
273
454
621
790
1015
1322
1696
2115
2549
2957
3267
3419
3384
3157
2748
2174
1487
746
-3
-760
-1517
-2234
-2882
-3460
-3973
-4368
-4584
-4624
-4538
-4333
-3961
-3451
-2861
-2232
-1533
-794
-123
408
794
1043
1109
997
786
554
330
103
-110
-298
-492
-722
-995
-1264
-1494
-1656
-1725
-1675
-1492
-1205
-859
-494
-130
214
509
757
977
1183
1372
1547
1703
1834
1930
1976
1962
1890
1784
1667
1545
1426
1334
1273
1222
1150
1056
948
823
670
524
426
388
394
431
491
543
557
515
426
277
67
-209
-574
-1073
-1714
-2460
-3272
-4120
-4920
-5525
-5823
-5794
-5476
-4904
-4110
-3178
-2234
-1356
-537
267
1045
1760
2421
3061
3652
4096
4329
4370
4250
3969
3530
2998
2468
1993
1576
1213
920
707
545
401
270
187
180
252
390
601
889
1230
1567
1846
2056
2190
2237
2178
2022
1789
1491
1115
637
62
-592
-1295
-2029
-2757
-3401
-3878
-4147
-4217
-4089
-3774
-3324
-2823
-2323
-1829
-1351
-919
-535
-179
154
432
630
749
790
748
623
449
263
78
-95
-248
-368
-463
-551
-642
-726
-785
-819
-819
-766
-652
-492
-318
-133
52
217
354
486
639
816
1006
1214
1435
1633
1761
1817
1822
1780
1685
1566
1469
1386
1285
1163
1042
912
739
548
397
287
179
72
4
-40
-124
-248
-363
-467
-621
-851
-1122
-1441
-1864
-2411
-3005
-3569
-4069
-4456
-4633
-4524
-4182
-3690
-3077
-2363
-1639
-1001
-427
158
756
1312
1833
2379
2920
3338
3590
3733
3783
3671
3398
3077
2787
2494
2170
1889
1701
1537
1318
1084
902
750
574
426
396
467
560
665
834
1035
1177
1241
1293
1334
1286
1127
922
695
373
-69
-536
-959
-1389
-1862
-2281
-2568
-2784
-3011
-3175
-3180
-3074
-2949
-2756
-2409
-1977
-1596
-1273
-928
-594
-368
-237
-78
133
296
383
464
561
584
487
351
241
126
-24
-167
-239
-267
-315
-385
-418
-409
-404
-412
-385
-295
-182
-79
37
200
397
584
759
955
1169
1347
1459
1534
1606
1644
1618
1559
1518
1476
1375
1217
1060
914
724
494
293
152
21
-133
-262
-328
-372
-448
-519
-556
-604
-728
-931
-1166
-1441
-1793
-2197
-2557
-2816
-2980
-3033
-2938
-2690
-2358
-2014
-1658
-1294
-950
-641
-338
-4
347
700
1051
1406
1735
1998
2184
2307
2367
2358
2302
2231
2158
2088
2024
1977
1932
1861
1746
1592
1405
1190
973
785
646
558
521
539
593
651
687
680
628
528
388
224
47
-147
-356
-576
-796
-1017
-1232
-1423
-1583
-1701
-1767
-1773
-1735
-1677
-1617
-1555
-1498
-1443
-1380
-1311
-1239
-1164
-1083
-981
-860
-736
-614
-497
-379
-265
-158
-67
0
29
28
10
-9
-27
-45
-56
-59
-51
-33
-12
3
6
-3
-11
2
43
109
192
283
383
486
591
689
771
836
889
947
1020
1105
1189
1257
1302
1330
1339
1321
1273
1187
1072
954
862
811
790
769
726
664
598
529
443
310
102
-174
-484
-791
-1082
-1381
-1708
-2036
-2319
-2494
-2546
-2517
-2469
-2438
-2398
-2303
-2121
-1892
-1670
-1497
-1363
-1210
-987
-702
-410
-172
7
178
398
682
982
1229
1399
1522
1654
1818
1993
2105
2113
2043
1955
1910
1900
1874
1780
1634
1489
1409
1404
1413
1361
1231
1068
934
854
782
654
440
190
-22
-152
-236
-338
-493
-668
-797
-838
-817
-812
-871
-985
-1086
-1117
-1088
-1058
-1074
-1125
-1156
-1119
-1022
-925
-882
-901
-937
-933
-878
-809
-772
-777
-791
-764
-685
-591
-530
-521
-535
-535
-495
-427
-364
-323
-297
-255
-184
-104
-34
9
35
76
151
254
366
470
561
648
738
826
903
958
1001
1048
1113
1184
1247
1287
1306
1313
1313
1298
1260
1194
1115
1041
986
930
841
692
479
222
-65
-377
-734
-1140
-1564
-1952
-2242
-2414
-2500
-2554
-2595
-2604
-2542
-2393
-2188
-1971
-1777
-1600
-1398
-1145
-848
-552
-295
-75
145
404
703
1011
1289
1519
1714
1894
2069
2214
2300
2311
2260
2188
2119
2060
1987
1881
1750
1623
1523
1451
1392
1320
1222
1099
968
843
721
585
428
251
78
-79
-221
-354
-492
-634
-779
-921
-1052
-1171
-1279
-1379
-1462
-1520
-1557
-1581
-1598
-1608
-1608
-1594
-1557
-1501
-1435
-1368
-1301
-1224
-1141
-1055
-965
-880
-797
-717
-635
-545
-456
-371
-287
-208
-134
-63
0
53
95
134
173
215
256
298
339
386
438
500
571
642
705
754
794
829
868
913
963
1012
1060
1110
1166
1235
1312
1385
1428
1436
1411
1368
1323
1278
1220
1137
1031
919
818
718
592
410
167
-113
-404
-699
-1010
-1359
-1741
-2107
-2397
-2575
-2657
-2696
-2727
-2738
-2688
-2540
-2317
-2070
-1861
-1702
-1557
-1370
-1122
-845
-587
-367
-150
114
446
817
1167
1452
1679
1879
2070
2242
2350
2359
2276
2155
2050
1977
1911
1821
1694
1566
1466
1413
1383
1335
1242
1116
991
886
798
699
566
410
259
131
29
-77
-214
-372
-529
-667
-791
-925
-1082
-1254
-1418
-1544
-1623
-1670
-1706
-1732
-1731
-1685
-1605
-1506
-1410
-1324
-1245
-1157
-1060
-965
-883
-818
-763
-698
-618
-528
-442
-365
-290
-209
-121
-35
40
92
134
176
220
271
320
367
417
476
547
622
691
745
787
819
847
861
863
851
835
829
840
865
895
930
969
1024
1090
1153
1192
1197
1173
1136
1100
1060
1001
918
814
709
621
543
449
310
111
-130
-390
-655
-934
-1246
-1588
-1929
-2222
-2429
-2543
-2601
-2634
-2651
-2620
-2521
-2352
-2146
-1948
-1777
-1610
-1408
-1151
-854
-554
-283
-28
234
534
860
1170
1421
1605
1743
1868
1987
2077
2108
2066
1983
1896
1837
1800
1760
1691
1597
1507
1447
1414
1384
1320
1211
1073
940
835
748
653
527
374
226
111
27
-53
-161
-307
-478
-639
-766
-869
-979
-1120
-1280
-1422
-1515
-1556
-1563
-1569
-1583
-1597
-1576
-1513
-1433
-1372
-1340
-1320
-1287
-1220
-1122
-1021
-939
-870
-788
-677
-544
-412
-307
-235
-179
-112
-27
58
119
151
173
205
262
335
405
460
506
565
645
740
829
899
952
1002
1063
1131
1184
1209
1207
1200
1203
1210
1208
1182
1138
1096
1074
1072
1066
1030
962
881
810
761
711
638
531
420
329
264
201
100
-67
-288
-531
-762
-981
-1226
-1519
-1836
-2124
-2325
-2426
-2460
-2468
-2480
-2470
-2395
-2246
-2041
-1837
-1666
-1523
-1370
-1165
-905
-631
-384
-174
31
269
545
830
1080
1267
1410
1537
1669
1789
1864
1875
1828
1766
1719
1693
1670
1617
1537
1451
1388
1358
1334
1289
1208
1105
1005
921
852
771
663
541
433
348
280
203
103
-10
-124
-229
-327
-440
-573
-722
-860
-968
-1054
-1136
-1227
-1318
-1393
-1429
-1432
-1424
-1433
-1458
-1480
-1476
-1443
-1400
-1367
-1345
-1322
-1269
-1178
-1066
-958
-864
-772
-659
-525
-382
-256
-158
-79
0
92
191
287
370
444
524
619
732
848
942
1010
1056
1095
1131
1157
1164
1150
1121
1101
1089
1093
1102
1103
1099
1090
1083
1081
1074
1045
995
927
856
794
735
672
601
533
476
435
400
365
317
244
147
30
-123
-317
-550
-810
-1077
-1353
-1624
-1872
-2082
-2239
-2342
-2392
-2396
-2365
-2305
-2213
-2096
-1960
-1814
-1667
-1519
-1356
-1168
-962
-742
-515
-277
-26
226
477
714
929
1109
1261
1382
1477
1547
1589
1609
1609
1607
1604
1600
1593
1578
1556
1531
1496
1454
1405
1345
1273
1192
1113
1038
971
911
853
795
741
685
628
559
475
369
248
111
-37
-195
-359
-531
-702
-860
-1003
-1132
-1248
-1353
-1445
-1529
-1600
-1651
-1686
-1707
-1718
-1714
-1693
-1652
-1598
-1529
-1450
-1364
-1269
-1169
-1062
-951
-839
-726
-614
-502
-390
-279
-171
-64
39
141
241
336
427
515
596
671
746
814
878
938
994
1047
1093
1134
1181
1218
1253
1277
1289
1297
1294
1280
1259
1222
1181
1136
1080
1022
956
885
807
723
633
536
442
350
265
192
130
83
48
16
-11
-49
-101
-179
-289
-431
-610
-811
-1027
-1248
-1457
-1641
-1790
-1896
-1971
-2013
-2027
-2015
-1975
-1923
-1867
-1802
-1729
-1644
-1550
-1438
-1303
-1146
-964
-760
-531
-280
-15
249
509
756
979
1173
1331
1447
1528
1577
1603
1608
1606
1605
1597
1586
1576
1569
1565
1552
1522
1483
1435
1373
1304
1225
1146
1060
973
893
818
749
681
613
547
475
391
294
183
55
-89
-252
-425
-606
-787
-967
-1132
-1275
-1398
-1498
-1583
-1653
-1705
-1744
-1763
-1763
-1742
-1694
-1629
-1545
-1448
-1345
-1238
-1136
-1041
-945
-858
-764
-660
-556
-452
-359
-276
-204
-145
-94
-44
14
94
195
310
430
555
664
754
834
903
973
1046
1125
1210
1292
1357
1406
1419
1401
1360
1306
1254
1207
1173
1143
1114
1074
1013
933
832
724
620
532
462
414
385
360
331
292
235
167
94
32
-21
-71
-129
-200
-294
-425
-595
-833
-1130
-1447
-1727
-1923
-2029
-2078
-2111
-2149
-2180
-2164
-2091
-1991
-1896
-1818
-1751
-1647
-1483
-1277
-1069
-902
-770
-623
-420
-167
96
328
520
709
913
1134
1335
1461
1497
1481
1464
1494
1562
1611
1613
1576
1545
1558
1615
1667
1670
1607
1511
1431
1391
1365
1319
1228
1107
1003
937
898
843
742
604
462
351
275
203
101
-41
-203
-344
-451
-541
-653
-800
-969
-1121
-1223
-1270
-1306
-1376
-1490
-1622
-1722
-1775
-1795
-1799
-1796
-1785
-1748
-1671
-1571
-1480
-1420
-1374
-1303
-1188
-1040
-881
-735
-604
-481
-346
-209
-87
13
101
200
329
485
636
764
857
928
994
1061
1129
1187
1230
1275
1333
1395
1448
1467
1448
1409
1363
1324
1286
1243
1193
1139
1089
1039
977
884
759
617
488
388
320
274
236
192
143
92
41
-18
-82
-142
-186
-219
-249
-292
-368
-488
-659
-877
-1131
-1392
-1619
-1769
-1855
-1890
-1900
-1908
-1913
-1902
-1868
-1811
-1746
-1680
-1605
-1511
-1389
-1246
-1099
-964
-841
-708
-548
-354
-137
87
308
527
747
955
1136
1284
1388
1463
1528
1598
1673
1736
1777
1798
1806
1806
1800
1775
1732
1666
1588
1515
1450
1389
1318
1236
1151
1069
992
918
835
747
653
557
462
361
247
115
-31
-185
-338
-489
-640
-793
-947
-1094
-1233
-1364
-1487
-1605
-1712
-1803
-1871
-1912
-1942
-1965
-1979
-1978
-1941
-1877
-1800
-1710
-1612
-1495
-1354
-1206
-1061
-933
-818
-692
-551
-400
-256
-127
-14
99
211
331
450
557
662
770
888
1011
1122
1205
1258
1296
1331
1372
1412
1444
1475
1500
1525
1542
1537
1506
1446
1373
1301
1230
1173
1115
1046
966
868
758
644
530
411
290
180
104
72
71
67
24
-74
-202
-315
-380
-393
-406
-460
-548
-650
-736
-820
-962
-1207
-1534
-1846
-2042
-2082
-2035
-2003
-2039
-2112
-2142
-2076
-1945
-1822
-1764
-1744
-1682
-1521
-1269
-1018
-846
-763
-688
-538
-294
-16
220
402
564
762
1022
1297
1514
1629
1667
1702
1788
1911
2013
2048
2025
1990
1988
2017
2034
1994
1890
1756
1647
1588
1554
1497
1389
1248
1115
1010
924
823
687
525
370
252
170
86
-36
-200
-381
-537
-658
-764
-889
-1036
-1182
-1302
-1382
-1450
-1527
-1631
-1744
-1835
-1877
-1885
-1887
-1906
-1930
-1929
-1885
-1803
-1714
-1626
-1548
-1456
-1332
-1183
-1030
-897
-787
-681
-555
-406
-254
-126
-26
65
169
303
447
582
693
793
903
1024
1147
1242
1307
1352
1390
1440
1498
1548
1577
1581
1576
1573
1568
1555
1517
1452
1377
1301
1232
1163
1080
985
883
781
686
591
495
395
293
194
94
-10
-108
-196
-277
-361
-456
-563
-661
-725
-748
-752
-773
-833
-920
-1002
-1055
-1102
-1197
-1369
-1591
-1785
-1871
-1858
-1814
-1817
-1877
-1916
-1870
-1728
-1546
-1405
-1336
-1294
-1209
-1039
-818
-629
-518
-447
-333
-130
137
394
598
750
899
1081
1295
1488
1602
1629
1619
1639
1708
1794
1837
1825
1781
1753
1756
1773
1767
1705
1604
1494
1407
1346
1275
1165
1027
885
774
687
599
502
388
273
170
90
22
-59
-167
-291
-403
-500
-592
-697
-813
-937
-1057
-1170
-1272
-1364
-1455
-1539
-1619
-1688
-1738
-1771
-1794
-1801
-1794
-1767
-1722
-1657
-1566
-1465
-1355
-1244
-1122
-989
-850
-713
-577
-446
-320
-200
-80
36
148
252
352
450
542
635
727
819
908
990
1057
1115
1166
1216
1264
1307
1336
1351
1354
1354
1357
1354
1332
1285
1225
1164
1111
1052
977
889
794
702
621
546
471
381
283
193
127
75
12
-71
-162
-234
-286
-327
-375
-433
-486
-511
-506
-492
-508
-563
-644
-711
-744
-771
-856
-1038
-1274
-1456
-1503
-1456
-1432
-1497
-1609
-1672
-1625
-1487
-1326
-1217
-1200
-1224
-1161
-963
-715
-556
-523
-494
-354
-101
161
353
476
570
691
869
1089
1272
1336
1299
1272
1348
1494
1595
1597
1541
1503
1511
1546
1575
1566
1487
1357
1246
1204
1200
1150
1022
874
768
719
681
615
518
398
277
196
156
119
27
-127
-283
-389
-453
-528
-643
-800
-957
-1077
-1148
-1191
-1248
-1346
-1465
-1551
-1579
-1565
-1560
-1585
-1617
-1615
-1560
-1466
-1367
-1288
-1231
-1164
-1052
-905
-759
-645
-562
-478
-370
-241
-111
-10
62
124
202
306
415
507
578
637
707
792
874
935
972
996
1023
1063
1104
1134
1143
1139
1139
1148
1155
1145
1114
1063
1016
974
938
893
828
751
675
613
570
521
452
369
293
240
197
149
79
-9
-91
-150
-186
-227
-294
-385
-465
-505
-514
-524
-568
-657
-753
-823
-860
-902
-996
-1148
-1303
-1397
-1407
-1377
-1384
-1443
-1503
-1508
-1435
-1319
-1225
-1184
-1174
-1126
-989
-790
-608
-502
-437
-334
-148
79
286
434
535
641
789
973
1137
1223
1230
1223
1263
1352
1438
1463
1430
1396
1396
1429
1458
1443
1380
1290
1218
1189
1179
1140
1042
923
826
772
728
657
545
416
305
227
175
114
11
-124
-258
-354
-425
-506
-624
-769
-897
-989
-1049
-1105
-1179
-1279
-1380
-1453
-1487
-1498
-1507
-1527
-1537
-1512
-1449
-1369
-1292
-1230
-1167
-1087
-986
-868
-752
-651
-557
-459
-347
-235
-136
-54
21
99
186
283
371
447
513
575
644
713
773
821
863
910
964
1019
1067
1096
1115
1127
1143
1160
1168
1160
1134
1108
1088
1066
1029
968
891
806
724
649
573
488
387
280
182
95
14
-65
-146
-226
-292
-338
-370
-399
-431
-470
-507
-536
-555
-570
-593
-632
-683
-734
-782
-824
-867
-925
-999
-1086
-1158
-1201
-1218
-1229
-1251
-1272
-1273
-1244
-1185
-1115
-1044
-967
-879
-767
-623
-470
-322
-192
-59
90
248
402
541
660
766
868
968
1061
1135
1183
1212
1235
1260
1284
1295
1291
1276
1261
1245
1230
1208
1174
1136
1092
1044
997
945
885
816
740
662
585
499
403
301
196
87
-21
-124
-231
-340
-451
-557
-654
-747
-837
-920
-994
-1059
-1114
-1155
-1186
-1203
-1212
-1210
-1195
-1167
-1135
-1098
-1050
-997
-932
-867
-803
-737
-673
-611
-548
-485
-423
-359
-300
-239
-177
-117
-58
0
57
115
173
227
282
332
379
424
469
510
548
581
614
647
675
702
725
745
764
776
785
792
793
790
779
764
745
717
688
650
609
566
520
471
420
365
310
254
200
146
92
40
-10
-60
-109
-154
-199
-241
-283
-321
-362
-403
-444
-488
-535
-580
-628
-676
-729
-781
-830
-874
-920
-961
-994
-1010
-1012
-1005
-994
-974
-940
-894
-838
-769
-692
-606
-515
-415
-306
-189
-71
43
162
283
404
518
624
725
819
904
977
1041
1089
1120
1138
1147
1147
1136
1115
1081
1041
997
949
893
838
783
727
670
613
556
501
441
383
326
267
206
142
76
10
-60
-131
-200
-268
-335
-401
-463
-522
-576
-627
-672
-710
-743
-771
-793
-808
-817
-820
-818
-810
-798
-785
-763
-740
-715
-687
-655
-625
-592
-559
-525
-489
-454
-414
-374
-332
-289
-245
-203
-162
-120
-77
-36
4
44
82
122
160
196
231
266
301
335
371
404
440
475
506
537
568
596
617
636
654
665
674
676
674
669
654
633
608
579
544
507
463
417
368
318
267
216
163
103
49
-3
-56
-109
-157
-207
-251
-295
-340
-379
-421
-462
-500
-537
-571
-602
-634
-660
-686
-706
-720
-728
-729
-726
-715
-697
-669
-636
-594
-545
-488
-424
-356
-282
-207
-130
-48
32
112
192
269
342
412
478
537
593
640
682
719
751
775
794
807
813
816
812
805
793
776
758
734
709
682
650
617
581
544
504
460
413
362
310
256
196
133
66
-2
-74
-149
-222
-296
-372
-447
-518
-588
-657
-722
-779
-831
-881
-923
-960
-987
-1007
-1018
-1022
-1017
-1005
-984
-955
-921
-882
-839
-791
-735
-676
-614
-549
-481
-413
-344
-273
-203
-136
-68
-4
62
126
186
244
298
346
392
438
485
530
567
601
629
654
676
697
712
725
730
732
729
720
706
694
683
665
643
620
593
564
531
496
462
427
390
353
316
276
233
191
154
119
85
53
18
-16
-53
-87
-123
-157
-192
-227
-256
-287
-316
-343
-370
-391
-412
-432
-449
-468
-478
-484
-495
-499
-503
-503
-498
-500
-497
-489
-483
-466
-450
-436
-414
-395
-368
-339
-308
-279
-244
-206
-165
-127
-87
-47
-5
38
80
123
163
201
235
265
300
329
357
381
395
414
433
446
457
458
459
461
459
457
444
427
414
398
378
352
321
293
263
232
199
162
127
92
54
19
-18
-52
-86
-120
-152
-182
-208
-233
-260
-281
-303
-317
-332
-348
-358
-371
-372
-368
-373
-369
-365
-358
-343
-332
-321
-305
-288
-263
-239
-217
-195
-172
-144
-117
-91
-65
-39
-11
16
42
67
92
116
137
155
176
193
211
225
235
248
258
267
273
270
271
272
269
266
252
241
230
217
201
183
163
145
125
106
89
70
52
36
21
5
-8
-22
-34
-45
-55
-62
-67
-74
-78
-84
-88
-91
-97
-99
-103
-107
-107
-108
-109
-112
-113
-114
-113
-115
-113
-112
-110
-108
-106
-104
-100
-99
-95
-89
-84
-82
-77
-70
-63
-58
-52
-45
-38
-29
-22
-14
-9
-4
6
13
22
31
40
50
59
68
76
83
91
97
104
111
119
124
127
131
135
135
136
136
133
133
130
128
123
116
112
104
94
85
75
65
55
46
38
27
16
6
-7
-19
-33
-45
-57
-67
-76
-86
-94
-100
-105
-113
-120
-124
-125
-126
-127
-127
-125
-124
-125
-123
-120
-118
-113
-110
-105
-101
-97
-93
-87
-83
-76
-71
-65
-56
-49
-40
-33
-25
-16
-7
3
13
23
32
37
44
52
59
66
70
75
81
85
90
93
93
93
93
97
95
92
92
88
87
85
82
77
73
69
66
61
55
52
47
41
35
27
22
17
11
5
-1
-5
-10
-13
-18
-23
-28
-31
-34
-36
-37
-38
-40
-43
-43
-42
-41
-41
-41
-41
-39
-37
-34
-33
-34
-31
-28
-26
-24
-24
-23
-24
-23
-22
-24
-23
-22
-19
-18
-17
-15
-13
-10
-9
-6
-3
0
2
3
6
7
8
10
11
13
14
13
14
15
15
16
17
18
16
15
15
16
18
17
18
16
17
16
14
13
10
10
8
7
7
6
4
5
3
2
0
1
0
0
1
-1
-1
-3
-6
-9
-9
-11
-12
-12
-13
-12
-13
-12
-12
-13
-13
-12
-11
-11
-12
-10
-10
-8
-10
-10
-10
-10
-9
-8
-9
-8
-7
-7
-4
-4
-2
1
2
3
6
7
8
9
12
12
12
13
12
11
13
13
11
13
12
8
7
7
7
6
7
7
7
7
6
6
5
6
4
4
2
4
3
2
1
0
-1
-1
-2
-5
-5
-5
-6
-8
-10
-8
-8
-6
-6
-9
-7
-7
-6
-6
-6
-6
-5
-4
-3
-5
-5
-5
-6
-6
-4
-3
-1
0
0
0
1
2
4
6
7
6
6
6
5
5
6
5
5
5
4
3
4
4
3
1
-1
0
2
3
3
2
-1
1
2
0
1
0
-2
-1
-2
-2
-3
-3
-4
-5
-6
-5
-6
-8
-6
-6
-7
-8
-8
-5
-4
-4
-3
-2
-4
-4
-3
-3
-3
-3
-2
0
2
0
0
2
4
6
5
8
5
5
3
2
3
2
3
2
1
0
2
2
2
2
1
3
2
3
4
2
1
1
0
0
0
0
2
0
-1
-2
-1
0
1
2
2
1
2
1
2
0
-1
1
2
2
2
2
0
0
-2
-1
-2
-3
-5
-4
-3
-3
-3
-3
-3
-4
-4
-6
-5
-4
-3
-3
-2
-4
-5
-4
-4
-1
-1
-2
-1
0
0
0
0
2
3
3
2
3
6
5
3
2
2
2
4
3
2
1
1
2
2
2
3
4
3
5
4
4
3
0
1
1
0
1
0
-1
-3
-2
-2
-2
-1
-1
-1
-1
-2
-1
-2
-2
-3
-1
-1
-2
0
0
