-1
0
0
0
0
1
2
0
0
0
-2
-1
-2
-3
-3
-3
-2
-3
-3
-3
-2
-3
-2
0
-2
0
1
1
1
-1
1
3
2
3
5
4
3
1
0
0
-1
-1
-1
-2
-4
-2
-3
-4
-4
-5
-4
-4
-4
-2
-1
-1
-1
0
0
-2
-4
-2
-1
0
2
1
2
2
3
3
4
4
3
5
4
3
4
4
3
5
6
7
8
6
6
5
4
5
4
3
2
3
1
-1
0
0
-1
0
0
0
0
1
0
1
0
-1
0
0
-1
-2
-2
-2
-3
-4
-3
-2
-3
-3
-5
-5
-5
-4
-5
-4
-3
-5
-7
-7
-7
-8
-8
-8
-8
-8
-8
-6
-5
-4
-3
-4
-3
-3
-3
-2
0
-1
1
1
0
2
3
1
2
3
3
4
2
4
3
3
3
4
4
4
5
7
7
8
7
8
9
6
9
9
7
8
6
6
4
3
4
3
4
3
3
1
0
1
0
0
-1
-1
-2
0
0
-1
0
-1
-2
-2
1
-2
-1
-1
1
0
0
0
-1
-1
-3
-3
-3
-3
-2
-2
-1
-1
-1
-1
-3
-4
-4
-6
-7
-6
-6
-6
-6
-4
-3
-4
-3
-2
-2
-1
-2
-3
-2
-2
-4
-4
-3
-2
-2
-2
-2
-1
0
-2
-1
-1
1
-1
0
2
3
2
2
2
2
1
0
1
-1
-1
-1
0
0
0
-1
-2
0
0
0
2
1
3
1
3
5
6
6
5
5
3
4
5
3
3
2
3
3
2
2
4
2
2
3
4
3
2
3
2
4
3
3
2
2
1
0
0
0
1
0
0
-1
0
-3
-1
-3
-5
-5
-4
-4
-2
-2
-1
1
0
3
1
3
2
3
3
2
2
1
1
1
-1
-2
-2
-2
-2
-2
-2
-2
-2
-1
-1
0
-1
-2
-2
-2
-1
0
0
1
0
0
-2
-2
-3
0
-2
-2
-1
-1
-2
0
0
-1
0
-2
-3
-3
-4
-5
-5
-5
-5
-4
-2
-2
-3
-5
-4
-2
-2
-4
-2
-1
-3
-4
-2
-3
-3
-4
-2
-3
-4
-4
-3
-2
-2
-2
0
0
0
1
1
2
2
2
3
2
3
2
3
5
6
7
6
5
6
7
9
9
7
7
8
8
7
9
8
8
7
6
8
9
7
10
11
12
11
12
13
13
11
9
9
7
6
6
3
6
8
5
3
1
0
-3
-6
-8
-10
-14
-19
-22
-24
-29
-32
-35
-44
-45
-49
-49
-52
-61
-63
-63
-65
-65
-74
-79
-77
-77
-76
-77
-82
-80
-79
-74
-69
-69
-62
-56
-51
-46
-42
-36
-28
-22
-17
-15
-10
-6
1
6
10
17
22
29
37
46
55
65
71
79
87
95
106
109
114
113
113
120
118
113
105
97
90
78
63
47
30
12
-8
-24
-42
-59
-74
-87
-96
-102
-104
-103
-100
-89
-73
-53
-27
0
32
68
104
141
176
219
256
289
322
352
386
414
430
445
452
459
464
454
440
422
398
380
350
317
282
246
212
170
124
76
25
-25
-78
-130
-181
-231
-276
-326
-365
-398
-426
-451
-481
-502
-515
-531
-538
-552
-563
-560
-555
-544
-528
-518
-497
-470
-441
-408
-381
-353
-321
-295
-263
-237
-210
-176
-141
-104
-72
-42
-21
-12
-26
-65
-130
-216
-329
-465
-615
-767
-910
-1037
-1114
-1136
-1121
-1083
-1007
-882
-733
-582
-423
-254
-111
-12
78
192
306
394
483
616
773
926
1104
1338
1585
1786
1957
2148
2335
2442
2477
2489
2475
2381
2226
2089
1968
1798
1577
1378
1231
1083
906
756
649
521
350
196
94
-10
-169
-343
-491
-641
-823
-993
-1118
-1238
-1395
-1557
-1655
-1709
-1769
-1825
-1841
-1840
-1848
-1845
-1789
-1704
-1651
-1625
-1577
-1500
-1430
-1362
-1276
-1189
-1125
-1069
-974
-849
-739
-651
-553
-444
-346
-249
-132
-12
70
121
190
283
366
431
504
589
661
722
804
910
998
1044
1087
1146
1200
1227
1238
1252
1249
1212
1164
1138
1118
1075
1021
971
933
881
815
755
706
648
574
495
421
347
266
195
139
81
-7
-111
-182
-193
-184
-189
-231
-289
-343
-376
-381
-397
-506
-777
-1158
-1493
-1634
-1584
-1508
-1550
-1667
-1724
-1672
-1515
-1240
-912
-709
-725
-786
-667
-433
-298
-285
-268
-251
-315
-337
-137
179
338
376
579
975
1288
1427
1579
1778
1818
1669
1615
1748
1796
1566
1273
1168
1152
1037
904
879
827
575
265
166
231
187
-19
-192
-268
-383
-549
-603
-523
-509
-642
-735
-649
-534
-555
-615
-593
-572
-675
-791
-766
-685
-725
-815
-755
-565
-426
-359
-227
-35
64
63
117
240
272
156
31
-26
-98
-222
-304
-295
-291
-341
-357
-276
-177
-131
-94
-15
62
88
105
150
190
192
196
250
339
414
469
526
588
649
704
744
762
757
720
659
592
522
424
279
118
-21
-146
-306
-509
-744
-1005
-1281
-1508
-1628
-1677
-1741
-1831
-1894
-1905
-1875
-1799
-1665
-1529
-1456
-1420
-1339
-1183
-1003
-822
-620
-399
-190
30
319
677
1028
1346
1667
2007
2322
2579
2795
2969
3065
3076
3049
3017
2954
2824
2648
2469
2285
2092
1904
1730
1551
1342
1122
925
756
581
391
195
4
-179
-357
-525
-687
-847
-1010
-1166
-1299
-1416
-1534
-1682
-1845
-1977
-2059
-2117
-2184
-2243
-2271
-2283
-2281
-2234
-2122
-2007
-1930
-1858
-1740
-1595
-1481
-1387
-1279
-1176
-1110
-1056
-957
-824
-725
-649
-530
-359
-194
-52
116
314
484
618
772
956
1108
1192
1258
1331
1385
1390
1394
1435
1482
1497
1504
1537
1574
1571
1543
1530
1521
1483
1425
1378
1335
1252
1136
1033
960
891
819
754
691
588
450
335
264
203
123
32
-47
-125
-213
-282
-325
-368
-433
-483
-504
-553
-721
-1038
-1446
-1847
-2163
-2340
-2382
-2371
-2410
-2515
-2567
-2467
-2226
-1941
-1688
-1493
-1380
-1327
-1241
-1062
-861
-750
-728
-702
-615
-481
-291
-15
322
650
974
1364
1808
2191
2440
2611
2756
2843
2848
2815
2767
2645
2427
2206
2076
1992
1865
1695
1534
1374
1182
1005
906
841
706
492
279
92
-104
-308
-460
-573
-725
-913
-1054
-1111
-1147
-1215
-1281
-1330
-1407
-1524
-1602
-1602
-1582
-1601
-1616
-1575
-1500
-1430
-1345
-1214
-1076
-971
-869
-732
-587
-488
-431
-372
-306
-251
-210
-159
-109
-85
-76
-40
25
94
147
194
244
289
330
381
444
501
548
592
646
700
748
797
846
888
919
941
958
974
984
988
978
955
918
892
883
876
845
782
710
643
608
600
580
500
337
129
-60
-209
-368
-600
-948
-1383
-1830
-2178
-2357
-2408
-2433
-2506
-2588
-2594
-2480
-2258
-1981
-1736
-1593
-1534
-1469
-1329
-1135
-961
-829
-707
-565
-367
-85
275
654
1005
1351
1744
2182
2600
2944
3195
3354
3430
3460
3483
3475
3373
3162
2904
2660
2439
2231
2023
1799
1535
1242
984
789
628
448
242
21
-204
-421
-602
-731
-856
-1020
-1214
-1398
-1553
-1686
-1790
-1876
-1980
-2126
-2280
-2386
-2433
-2452
-2455
-2438
-2404
-2360
-2274
-2123
-1926
-1731
-1565
-1412
-1275
-1162
-1060
-948
-835
-741
-671
-603
-526
-451
-368
-256
-117
33
185
352
532
703
852
983
1105
1213
1302
1384
1460
1512
1535
1553
1592
1646
1700
1738
1759
1759
1751
1762
1786
1790
1756
1699
1648
1612
1580
1537
1460
1336
1193
1081
1008
928
803
648
505
392
309
236
110
-136
-467
-766
-981
-1190
-1500
-1939
-2470
-3008
-3412
-3562
-3509
-3471
-3561
-3669
-3621
-3398
-3069
-2688
-2337
-2148
-2135
-2105
-1894
-1603
-1415
-1325
-1206
-1036
-858
-584
-125
395
788
1115
1569
2144
2633
2972
3278
3559
3682
3679
3737
3868
3841
3578
3292
3144
3028
2832
2648
2526
2329
1980
1662
1537
1474
1275
976
726
513
251
10
-107
-178
-370
-661
-882
-987
-1091
-1252
-1401
-1523
-1702
-1944
-2125
-2188
-2235
-2354
-2479
-2510
-2464
-2408
-2320
-2162
-1995
-1893
-1819
-1680
-1497
-1367
-1316
-1271
-1203
-1150
-1110
-1031
-920
-842
-799
-712
-539
-337
-163
-1
171
334
471
618
784
926
1001
1043
1106
1193
1260
1306
1357
1415
1460
1499
1566
1651
1700
1709
1722
1762
1790
1780
1751
1718
1658
1567
1487
1423
1341
1227
1130
1068
993
887
789
717
637
528
403
251
25
-265
-536
-765
-1039
-1430
-1906
-2394
-2849
-3195
-3351
-3356
-3371
-3472
-3538
-3435
-3176
-2859
-2535
-2247
-2076
-2015
-1924
-1698
-1424
-1237
-1132
-1005
-824
-608
-312
93
528
895
1242
1680
2176
2603
2921
3190
3416
3552
3622
3702
3762
3690
3477
3253
3091
2936
2740
2530
2310
2039
1721
1454
1289
1138
906
615
337
95
-127
-313
-446
-591
-807
-1059
-1235
-1302
-1337
-1420
-1550
-1699
-1858
-2018
-2128
-2180
-2237
-2362
-2502
-2547
-2477
-2355
-2227
-2085
-1933
-1800
-1662
-1475
-1265
-1118
-1051
-995
-905
-814
-747
-677
-595
-532
-485
-386
-217
-49
68
175
317
477
617
752
894
1012
1086
1152
1256
1373
1451
1491
1542
1613
1681
1736
1794
1836
1839
1819
1826
1863
1874
1824
1733
1638
1538
1435
1345
1259
1148
998
845
727
631
521
398
294
218
136
1
-196
-440
-706
-961
-1190
-1434
-1771
-2223
-2709
-3095
-3302
-3355
-3357
-3389
-3464
-3500
-3403
-3139
-2767
-2416
-2177
-2051
-1952
-1786
-1545
-1292
-1086
-942
-825
-677
-438
-92
303
683
1037
1417
1845
2288
2698
3047
3316
3496
3622
3737
3838
3861
3766
3598
3429
3285
3152
3018
2856
2626
2330
2040
1820
1640
1424
1144
831
509
206
-45
-229
-391
-600
-856
-1085
-1242
-1338
-1413
-1497
-1620
-1799
-2004
-2157
-2235
-2294
-2396
-2549
-2702
-2819
-2865
-2820
-2697
-2555
-2439
-2332
-2181
-1964
-1728
-1508
-1325
-1182
-1082
-1006
-914
-804
-712
-655
-591
-485
-340
-180
-23
134
288
446
622
822
1008
1132
1205
1278
1380
1502
1621
1717
1779
1809
1838
1906
2010
2106
2152
2155
2137
2117
2100
2087
2061
1995
1885
1753
1629
1515
1396
1271
1142
1006
857
708
586
496
415
317
174
-37
-314
-604
-862
-1114
-1449
-1908
-2436
-2940
-3330
-3556
-3628
-3660
-3752
-3859
-3831
-3601
-3253
-2894
-2583
-2361
-2242
-2140
-1933
-1631
-1386
-1276
-1210
-1083
-893
-651
-320
82
453
762
1128
1616
2122
2520
2828
3117
3359
3515
3644
3789
3856
3747
3558
3441
3390
3297
3129
2946
2735
2451
2156
1955
1813
1584
1232
879
597
332
67
-134
-276
-466
-727
-940
-1031
-1094
-1210
-1332
-1415
-1523
-1703
-1876
-1981
-2077
-2234
-2396
-2480
-2523
-2596
-2667
-2649
-2556
-2454
-2340
-2169
-1976
-1835
-1730
-1574
-1364
-1180
-1060
-957
-846
-753
-675
-557
-402
-272
-194
-103
48
230
399
549
698
834
949
1068
1216
1361
1459
1519
1585
1678
1766
1833
1894
1952
1998
2030
2061
2095
2104
2063
1996
1946
1905
1846
1753
1640
1509
1350
1194
1074
982
875
739
608
504
398
259
79
-138
-384
-640
-909
-1231
-1667
-2203
-2747
-3187
-3458
-3582
-3652
-3765
-3908
-3948
-3779
-3446
-3063
-2719
-2464
-2306
-2176
-1957
-1629
-1338
-1190
-1119
-1012
-846
-637
-352
6
345
629
968
1445
1965
2379
2692
2990
3262
3462
3634
3827
3950
3898
3739
3644
3629
3569
3411
3213
2981
2669
2331
2095
1936
1688
1294
893
595
339
66
-169
-343
-540
-805
-1012
-1070
-1080
-1173
-1314
-1391
-1438
-1561
-1738
-1873
-2000
-2215
-2486
-2686
-2812
-2954
-3088
-3100
-2984
-2879
-2828
-2719
-2502
-2272
-2080
-1859
-1586
-1366
-1238
-1100
-893
-701
-579
-456
-261
-61
85
227
418
614
754
842
864
751
521
332
329
514
798
1144
1534
1919
2252
2552
2855
3130
3326
3433
3494
3524
3502
3417
3292
3143
2963
2757
2546
2317
2043
1741
1464
1216
963
706
490
302
81
-198
-512
-874
-1330
-1841
-2334
-2852
-3551
-4472
-5467
-6364
-7093
-7590
-7775
-7710
-7588
-7451
-7058
-6200
-4993
-3704
-2432
-1136
136
1303
2427
3576
4593
5233
5503
5624
5684
5581
5266
4833
4332
3722
3049
2477
2046
1598
1048
542
238
101
28
2
61
140
202
346
670
1076
1372
1512
1597
1686
1766
1828
1869
1825
1622
1314
1047
868
703
481
227
-31
-294
-532
-696
-807
-982
-1269
-1599
-1916
-2230
-2562
-2889
-3220
-3570
-3886
-4059
-4057
-3959
-3819
-3609
-3293
-2875
-2334
-1662
-947
-340
137
568
983
1324
1535
1622
1564
1354
1065
804
569
282
-59
-369
-577
-695
-710
-609
-435
-249
-37
274
685
1126
1532
1904
2236
2495
2689
2854
2981
3004
2893
2710
2521
2316
2062
1790
1534
1286
1046
877
807
777
706
614
579
618
668
686
675
615
442
174
-94
-342
-686
-1191
-1759
-2314
-2964
-3825
-4783
-5651
-6395
-7018
-7355
-7260
-6955
-6741
-6476
-5735
-4456
-3045
-1770
-515
801
1999
2993
3963
4953
5659
5869
5786
5681
5491
5045
4429
3806
3138
2351
1604
1100
748
301
-208
-516
-540
-464
-392
-233
45
310
512
810
1285
1753
2003
2064
2118
2224
2316
2350
2312
2152
1858
1525
1272
1079
828
477
92
-286
-661
-1022
-1327
-1598
-1917
-2318
-2722
-3055
-3346
-3639
-3914
-4099
-4171
-4172
-4118
-3962
-3686
-3310
-2845
-2282
-1639
-988
-394
113
552
953
1298
1516
1550
1432
1226
958
635
283
-43
-349
-655
-906
-1020
-987
-873
-691
-400
-14
404
833
1294
1753
2151
2483
2798
3072
3237
3276
3243
3151
2974
2721
2446
2159
1838
1505
1224
1025
881
777
732
734
739
746
801
884
916
850
725
580
405
184
-85
-445
-950
-1551
-2129
-2688
-3386
-4292
-5263
-6143
-6895
-7444
-7620
-7448
-7230
-7100
-6733
-5782
-4409
-3029
-1762
-458
871
2066
3168
4303
5319
5895
6015
5977
5924
5706
5230
4615
3936
3149
2327
1689
1271
834
254
-247
-420
-339
-232
-121
97
392
640
885
1283
1793
2179
2322
2356
2427
2532
2594
2575
2444
2169
1806
1475
1215
932
559
137
-272
-657
-1019
-1342
-1634
-1939
-2285
-2647
-2971
-3224
-3453
-3742
-4073
-4284
-4280
-4177
-4121
-4062
-3841
-3440
-2966
-2440
-1808
-1137
-570
-137
272
709
1078
1263
1253
1120
944
733
449
90
-275
-570
-781
-917
-971
-924
-776
-553
-243
173
679
1222
1716
2123
2487
2874
3251
3510
3599
3595
3567
3480
3279
3002
2727
2447
2124
1798
1537
1336
1136
941
809
760
772
811
843
827
769
710
654
551
360
86
-284
-749
-1246
-1763
-2453
-3437
-4563
-5589
-6498
-7345
-7929
-8017
-7854
-7846
-7811
-7133
-5729
-4224
-2998
-1750
-229
1264
2471
3607
4800
5673
5931
5869
5877
5825
5386
4658
3919
3176
2313
1517
1009
612
13
-644
-912
-750
-530
-435
-236
188
627
963
1395
2035
2613
2863
2912
3021
3183
3230
3133
2963
2687
2276
1871
1584
1305
891
412
18
-307
-658
-1013
-1299
-1567
-1917
-2305
-2601
-2805
-3049
-3403
-3788
-4075
-4195
-4192
-4172
-4176
-4107
-3862
-3460
-2967
-2404
-1792
-1217
-729
-258
263
755
1059
1128
1058
967
851
633
288
-122
-504
-802
-1006
-1115
-1142
-1103
-981
-735
-345
148
689
1218
1702
2157
2638
3128
3524
3733
3782
3765
3733
3626
3407
3126
2834
2498
2076
1664
1370
1165
951
764
684
673
658
689
794
878
877
882
919
831
555
232
-87
-540
-1128
-1733
-2472
-3566
-4865
-5996
-6918
-7762
-8296
-8265
-8064
-8161
-8133
-7198
-5518
-3980
-2806
-1456
218
1744
2959
4198
5450
6210
6335
6272
6292
6106
5458
4565
3704
2854
1958
1196
680
177
-502
-1088
-1190
-904
-670
-578
-324
173
644
1014
1548
2272
2788
2886
2882
3072
3288
3266
3068
2835
2500
2048
1675
1455
1149
633
129
-186
-445
-785
-1113
-1360
-1651
-2030
-2342
-2516
-2714
-3053
-3435
-3751
-3977
-4077
-4035
-3992
-4035
-3974
-3627
-3122
-2654
-2151
-1510
-888
-441
-30
494
966
1151
1105
1024
945
772
481
101
-313
-683
-954
-1126
-1227
-1241
-1154
-970
-663
-207
361
946
1479
1947
2392
2867
3326
3621
3689
3668
3672
3605
3356
3012
2696
2364
1942
1546
1308
1153
953
758
679
668
651
677
792
909
944
962
993
929
743
540
329
-43
-593
-1147
-1717
-2559
-3724
-4898
-5890
-6834
-7695
-8091
-7969
-7869
-8028
-7822
-6682
-5039
-3657
-2516
-1117
519
1955
3168
4437
5580
6128
6132
6086
6113
5820
5048
4127
3300
2461
1579
886
426
-106
-806
-1272
-1175
-815
-632
-540
-186
382
849
1252
1860
2556
2937
2980
3063
3323
3485
3372
3126
2856
2496
2073
1732
1441
1011
445
-38
-361
-662
-1028
-1375
-1667
-1978
-2315
-2573
-2724
-2895
-3189
-3526
-3738
-3767
-3714
-3706
-3736
-3678
-3437
-3068
-2667
-2230
-1715
-1168
-699
-308
95
515
797
827
699
579
470
238
-162
-597
-938
-1188
-1390
-1524
-1531
-1408
-1185
-859
-393
191
799
1349
1848
2352
2872
3334
3639
3778
3812
3792
3706
3500
3180
2805
2416
2007
1593
1245
985
758
545
420
444
564
678
780
908
1063
1217
1367
1482
1457
1265
1037
855
596
134
-441
-1005
-1677
-2630
-3765
-4829
-5814
-6836
-7693
-8007
-7874
-7826
-7966
-7684
-6573
-5072
-3774
-2597
-1154
448
1825
2998
4203
5261
5779
5836
5860
5886
5549
4769
3892
3108
2289
1429
750
251
-342
-1027
-1407
-1286
-995
-852
-708
-303
257
731
1200
1849
2521
2898
3016
3179
3452
3599
3507
3305
3074
2748
2366
2046
1740
1283
721
271
-38
-384
-821
-1223
-1545
-1879
-2216
-2438
-2582
-2821
-3165
-3442
-3561
-3587
-3566
-3498
-3442
-3420
-3291
-2931
-2471
-2094
-1743
-1285
-806
-462
-187
144
408
419
267
175
117
-107
-503
-879
-1125
-1294
-1435
-1512
-1477
-1326
-1054
-661
-176
364
927
1496
2036
2518
2953
3336
3618
3749
3762
3743
3670
3450
3085
2714
2400
2034
1564
1123
815
549
257
56
35
92
135
235
454
718
970
1228
1463
1576
1563
1517
1433
1223
879
456
-60
-688
-1413
-2286
-3386
-4626
-5800
-6839
-7721
-8240
-8288
-8203
-8285
-8137
-7142
-5495
-3961
-2743
-1377
306
1913
3221
4429
5545
6228
6374
6325
6276
5987
5251
4259
3285
2378
1517
777
166
-439
-1055
-1413
-1301
-937
-684
-525
-156
458
1029
1465
1991
2605
2991
3047
3087
3303
3449
3289
2955
2667
2397
2068
1745
1443
1046
551
151
-99
-397
-845
-1299
-1638
-1957
-2340
-2700
-2964
-3258
-3652
-3970
-4028
-3927
-3895
-3945
-3892
-3624
-3201
-2709
-2202
-1721
-1280
-838
-373
58
395
615
698
625
475
348
186
-143
-602
-981
-1177
-1287
-1412
-1493
-1423
-1182
-813
-351
196
792
1359
1873
2369
2871
3309
3591
3710
3742
3720
3616
3408
3100
2703
2285
1923
1598
1225
828
518
304
94
-100
-167
-141
-162
-211
-139
57
233
356
516
724
911
1057
1185
1263
1245
1149
1025
870
643
275
-216
-730
-1274
-2046
-3168
-4430
-5573
-6644
-7728
-8521
-8715
-8604
-8673
-8663
-7835
-6168
-4437
-3033
-1542
318
2189
3728
5079
6328
7164
7394
7307
7178
6803
5928
4741
3593
2547
1531
655
25
-514
-1093
-1450
-1269
-735
-317
-59
393
1107
1741
2147
2556
3039
3302
3231
3103
3109
3055
2769
2409
2143
1924
1692
1504
1325
1033
681
435
228
-148
-680
-1196
-1710
-2329
-2961
-3454
-3924
-4536
-5153
-5510
-5588
-5522
-5319
-4919
-4376
-3723
-2883
-1892
-965
-220
427
1027
1472
1659
1620
1422
1054
518
-91
-659
-1190
-1761
-2315
-2657
-2686
-2502
-2223
-1816
-1238
-536
217
1015
1831
2554
3108
3524
3841
4036
4070
3972
3772
3474
3116
2768
2451
2106
1740
1452
1274
1122
954
855
851
836
784
773
772
667
507
432
400
278
117
27
-23
-104
-146
-80
32
128
193
246
310
384
402
324
193
-33
-474
-1113
-1892
-2970
-4430
-5900
-7055
-8136
-9245
-9799
-9533
-9192
-9182
-8550
-6569
-4155
-2428
-984
1047
3343
5058
6242
7372
8243
8363
7902
7401
6873
5917
4538
3206
2197
1368
639
165
-66
-273
-408
-114
589
1147
1305
1500
2017
2456
2468
2382
2520
2584
2286
1932
1881
1933
1784
1557
1508
1570
1563
1511
1428
1176
712
171
-432
-1236
-2195
-3065
-3733
-4314
-4864
-5259
-5397
-5336
-5114
-4652
-3904
-3049
-2307
-1635
-872
-81
501
802
915
869
650
311
-115
-649
-1227
-1716
-2078
-2364
-2541
-2563
-2473
-2329
-2074
-1624
-1044
-498
-41
430
968
1464
1814
2071
2317
2497
2533
2497
2500
2513
2450
2343
2285
2265
2201
2107
2052
2023
1960
1880
1787
1607
1310
989
680
306
-121
-474
-731
-973
-1162
-1177
-1034
-838
-574
-216
135
425
730
1025
1197
1261
1279
1150
823
460
158
-194
-635
-1079
-1535
-1994
-2302
-2428
-2522
-2500
-2123
-1674
-1716
-2088
-2148
-2011
-2327
-2923
-3051
-2914
-3296
-3880
-3596
-2509
-1696
-1395
-827
343
1602
2571
3340
3968
4394
4630
4683
4471
3980
3277
2379
1398
626
177
-200
-706
-1119
-1102
-655
-63
420
805
1294
1945
2508
2750
2797
2843
2748
2321
1718
1187
642
-83
-819
-1246
-1360
-1410
-1486
-1434
-1170
-777
-381
-73
92
151
188
169
-32
-408
-804
-1192
-1681
-2184
-2460
-2513
-2589
-2706
-2574
-2117
-1606
-1211
-819
-365
42
319
495
579
522
334
65
-252
-587
-892
-1154
-1368
-1477
-1415
-1218
-972
-678
-283
194
651
1023
1320
1555
1717
1768
1691
1536
1358
1146
861
564
366
259
146
54
110
312
529
704
898
1108
1258
1328
1333
1260
1109
935
730
440
120
-112
-264
-450
-641
-701
-628
-553
-501
-370
-150
7
32
40
123
185
102
-76
-205
-276
-391
-546
-633
-701
-970
-1454
-1915
-2288
-2777
-3338
-3600
-3490
-3388
-3439
-3242
-2560
-1689
-926
-183
658
1466
2131
2701
3147
3370
3364
3209
2959
2641
2290
1863
1371
983
862
932
1001
1018
1108
1352
1672
1920
2042
2082
2071
1965
1730
1414
1068
701
334
28
-195
-381
-532
-559
-429
-238
-82
34
136
207
215
140
-34
-334
-733
-1143
-1525
-1924
-2349
-2691
-2877
-2952
-2952
-2829
-2580
-2276
-1944
-1545
-1119
-768
-515
-304
-139
-92
-166
-287
-426
-624
-866
-1061
-1171
-1224
-1227
-1140
-960
-721
-442
-144
151
426
670
865
990
1053
1079
1085
1058
986
902
868
884
912
940
995
1090
1184
1253
1316
1393
1441
1403
1301
1197
1091
942
736
511
314
183
122
77
14
-28
8
90
155
206
279
324
279
194
178
200
154
36
-61
-90
-104
-145
-189
-205
-211
-207
-175
-118
-86
-76
-62
-67
-128
-215
-329
-580
-976
-1351
-1618
-1908
-2254
-2432
-2308
-2094
-1975
-1778
-1280
-650
-180
161
541
908
1086
1100
1082
1005
773
436
156
5
-87
-182
-226
-142
71
360
659
895
1029
1121
1225
1253
1101
844
639
480
271
78
45
135
179
196
378
709
944
991
1021
1145
1209
1068
813
601
406
131
-162
-357
-471
-592
-702
-703
-592
-456
-369
-311
-228
-122
-44
-42
-122
-237
-336
-435
-575
-737
-866
-946
-1010
-1051
-1037
-970
-908
-872
-809
-684
-550
-478
-459
-407
-312
-252
-260
-291
-295
-294
-331
-379
-389
-363
-353
-356
-300
-183
-80
-22
35
129
222
275
301
321
355
404
444
463
482
520
560
570
570
585
611
620
613
622
643
638
599
559
539
519
474
434
424
422
425
468
548
619
685
749
769
755
792
866
861
774
708
657
476
105
-351
-800
-1285
-1829
-2248
-2360
-2316
-2359
-2378
-2050
-1450
-972
-687
-319
165
500
603
664
740
654
346
21
-151
-252
-434
-636
-637
-400
-137
0
96
250
370
354
261
180
109
44
36
123
257
394
553
768
1014
1230
1383
1481
1518
1504
1460
1359
1154
891
679
530
374
215
136
130
124
99
93
94
58
-11
-66
-109
-169
-237
-288
-326
-358
-380
-387
-403
-431
-452
-461
-498
-584
-688
-780
-871
-992
-1132
-1249
-1321
-1374
-1424
-1445
-1408
-1334
-1273
-1221
-1138
-1029
-945
-901
-844
-746
-637
-546
-438
-299
-161
-55
33
117
193
228
219
212
260
333
385
437
545
702
842
940
1055
1204
1306
1326
1335
1398
1419
1304
1149
1075
1024
889
738
702
774
856
900
947
1034
1121
1134
1074
1040
1059
1057
972
831
701
544
200
-393
-1002
-1417
-1841
-2492
-3018
-2998
-2725
-2664
-2570
-2015
-1258
-742
-391
30
444
685
698
549
401
268
-44
-500
-705
-617
-619
-759
-690
-362
-89
-12
9
83
141
73
-47
-51
38
72
124
371
743
1046
1280
1528
1755
1913
1989
1915
1694
1463
1257
982
674
459
326
205
137
173
243
261
228
176
101
-22
-195
-388
-563
-689
-732
-685
-585
-458
-283
-64
124
226
236
170
21
-211
-503
-808
-1100
-1364
-1579
-1712
-1742
-1699
-1614
-1499
-1352
-1202
-1088
-1033
-1035
-1069
-1097
-1094
-1069
-1010
-882
-684
-462
-250
-37
178
345
432
471
511
545
532
477
440
469
524
556
610
740
896
995
1067
1182
1273
1245
1153
1096
1045
915
763
708
735
748
761
871
1046
1161
1224
1325
1442
1490
1493
1480
1361
1107
793
334
-391
-1174
-1746
-2271
-2939
-3382
-3247
-2870
-2661
-2372
-1671
-817
-226
117
429
766
966
850
515
285
199
-48
-440
-571
-385
-266
-293
-198
58
259
287
176
5
-127
-231
-391
-539
-499
-254
66
382
712
1103
1493
1697
1673
1621
1622
1489
1162
899
821
769
659
607
674
780
831
803
718
607
435
128
-278
-633
-872
-1067
-1225
-1229
-1023
-712
-410
-124
154
377
480
425
247
28
-198
-472
-788
-1036
-1149
-1201
-1263
-1283
-1211
-1122
-1109
-1146
-1169
-1218
-1347
-1480
-1521
-1509
-1489
-1409
-1240
-1029
-790
-529
-299
-130
24
169
254
270
261
271
315
382
461
595
817
1022
1129
1218
1335
1347
1219
1075
955
807
661
542
457
483
595
646
681
870
1135
1327
1534
1802
1955
1841
1306
251
-884
-1620
-2409
-3688
-4457
-3869
-3010
-2933
-2643
-1207
304
939
1335
1982
2344
2163
1807
1410
1006
759
525
221
255
738
1053
987
1073
1435
1551
1194
659
225
-55
-287
-582
-777
-595
-163
144
292
541
912
1124
966
584
344
272
21
-421
-524
-170
91
68
206
573
670
411
140
-100
-483
-922
-1310
-1692
-1942
-1852
-1612
-1488
-1278
-755
-209
3
42
202
353
209
-137
-343
-365
-457
-665
-751
-614
-446
-391
-358
-276
-211
-226
-335
-490
-582
-563
-549
-606
-579
-382
-190
-159
-158
-17
184
270
268
323
409
381
280
260
313
344
425
608
765
866
970
947
714
533
505
339
28
-53
78
91
78
289
544
635
715
823
610
-286
-1707
-2991
-3759
-4524
-5657
-6154
-5157
-3696
-3006
-2371
-775
959
1747
2050
2538
2824
2560
2173
2036
2151
2428
2677
2761
2930
3405
3777
3548
2948
2517
2266
1813
1147
690
682
930
1164
1450
2008
2677
2950
2675
2251
1929
1404
464
-496
-1039
-1284
-1504
-1582
-1297
-819
-539
-563
-668
-740
-973
-1492
-2078
-2511
-2810
-2979
-2943
-2768
-2538
-2167
-1722
-1504
-1489
-1378
-1259
-1444
-1732
-1698
-1427
-1284
-1226
-954
-520
-231
-163
-129
-88
-197
-447
-645
-727
-752
-662
-403
-115
106
344
589
679
598
531
552
530
442
499
819
1175
1359
1510
1787
1994
1946
1799
1717
1609
1415
1292
1303
1336
1353
1394
1431
1402
1331
1230
964
553
215
-17
-271
-503
-545
-421
-284
-644
-2195
-4398
-5604
-5789
-6872
-8645
-8335
-5755
-4018
-3867
-2652
92
1807
1835
2023
2861
3050
2357
1796
1863
2367
3001
3402
3440
3570
4051
4175
3359
2264
1814
1725
1198
538
676
1586
2309
2503
2800
3529
4063
3702
2734
1998
1666
1232
537
56
45
195
232
209
174
-4
-451
-1184
-2090
-2921
-3495
-3841
-4029
-3957
-3501
-2820
-2308
-2107
-1883
-1439
-1223
-1573
-1965
-1834
-1532
-1521
-1449
-931
-379
-250
-353
-416
-566
-929
-1363
-1712
-1901
-1849
-1536
-1099
-682
-253
248
652
726
604
575
612
478
330
561
1052
1401
1556
1791
2080
2139
1997
1847
1724
1537
1372
1333
1309
1256
1340
1606
1781
1781
1865
2091
2080
1752
1477
1372
1217
850
574
498
425
216
-32
-120
-1230
-4355
-8093
-9759
-9576
-10757
-12719
-11711
-7459
-4203
-3705
-2497
425
2496
2386
1974
2934
3770
3729
3393
3880
5441
6761
7227
6556
5699
5192
4235
2596
700
-77
19
2
-27
444
1799
2927
3167
2833
2625
2876
2623
1688
891
1193
2176
2607
2748
3194
3709
3352
2229
1268
382
-789
-2222
-3352
-3979
-4194
-4052
-4107
-4488
-4716
-4428
-4306
-4875
-5193
-4621
-3846
-3614
-3186
-1844
-475
31
42
391
787
519
-235
-911
-1273
-1545
-1760
-1828
-1753
-1487
-1162
-999
-1070
-1046
-786
-684
-868
-882
-331
398
805
1132
1764
2538
2940
2943
2961
3084
3094
2893
2773
2934
3143
3155
3008
2929
2872
2638
2247
1823
1517
1347
1246
1122
907
773
729
671
606
662
972
1264
1270
1043
844
695
73
-1163
-3025
-5939
-9727
-12658
-13084
-12384
-12576
-12338
-9253
-4560
-2048
-1902
-1072
1084
2270
1603
1405
3036
4957
5636
5707
6756
8403
8903
7582
5484
3952
2713
991
-842
-1543
-811
28
216
419
1239
1984
1779
1139
947
1321
1874
2402
2990
3727
4820
6000
6492
6050
5202
4290
2926
1169
-210
-971
-1655
-2549
-3241
-3556
-3825
-4264
-4857
-5501
-5990
-6056
-5806
-5504
-4955
-3849
-2501
-1511
-816
-34
554
324
-561
-1192
-1243
-1250
-1537
-1662
-1301
-905
-927
-1209
-1420
-1611
-1936
-2276
-2401
-2155
-1621
-1108
-764
-332
398
1062
1288
1311
1559
1976
2251
2420
2725
3188
3517
3506
3319
3236
3196
2889
2370
2025
1932
1806
1524
1279
1230
1295
1314
1279
1357
1581
1707
1630
1603
1759
1809
1576
1310
1250
1332
1376
1142
547
-97
-580
-1343
-2743
-4333
-5913
-8124
-10713
-11878
-10926
-9706
-9453
-8579
-5751
-2737
-1699
-1714
-661
1199
2092
1998
2604
4423
6055
6418
6210
6528
7011
6380
4429
2451
1396
665
-502
-1506
-1380
-581
-300
-527
-306
428
825
688
715
1267
2078
2962
3894
4694
5289
5825
6128
5739
4756
3802
3001
1900
540
-407
-786
-1272
-2242
-3208
-3684
-3951
-4483
-5158
-5473
-5271
-4842
-4412
-3847
-2963
-1932
-1211
-947
-715
-197
169
-144
-724
-780
-481
-559
-904
-836
-487
-581
-1121
-1484
-1555
-1760
-2190
-2463
-2300
-1805
-1306
-995
-718
-264
251
583
835
1247
1738
2053
2246
2570
3021
3311
3280
3069
2874
2700
2420
2020
1642
1421
1296
1103
853
790
954
983
723
626
1022
1442
1425
1329
1594
1889
1820
1694
1819
1862
1510
1015
632
157
-639
-1689
-2922
-4563
-6851
-9243
-10484
-10078
-9220
-9003
-8443
-6227
-3500
-2453
-2680
-1867
216
1516
1490
2089
4245
6207
6473
6072
6561
7333
6696
4642
2836
2116
1535
287
-845
-816
-101
23
-541
-748
-229
179
-73
-339
143
1173
2097
2755
3427
4211
4875
5101
4756
4101
3540
3018
2133
1026
369
183
-362
-1563
-2634
-3064
-3442
-4306
-5150
-5326
-5073
-4915
-4727
-4133
-3292
-2634
-2211
-1795
-1363
-1037
-784
-482
-83
408
920
1237
1237
1097
977
708
159
-355
-528
-603
-946
-1394
-1560
-1482
-1454
-1471
-1294
-903
-510
-190
177
643
1107
1475
1741
1970
2252
2556
2740
2782
2809
2807
2590
2217
1944
1707
1289
904
888
963
729
533
797
1067
801
446
549
721
508
314
443
391
-44
-321
-371
-868
-1841
-2645
-3543
-5414
-7635
-8428
-7688
-7198
-7477
-6868
-4654
-2632
-2276
-2395
-1290
474
1265
1235
1999
3865
5302
5355
5054
5634
6436
5959
4339
3220
3161
2909
1743
784
1006
1491
1006
65
-110
331
335
-160
-253
372
1143
1626
1962
2369
2862
3294
3400
3049
2571
2344
2129
1456
590
222
182
-383
-1551
-2435
-2695
-3068
-4004
-4837
-4918
-4644
-4669
-4752
-4268
-3395
-2897
-2874
-2656
-1975
-1396
-1270
-1094
-405
409
762
789
941
1150
1043
644
328
248
225
95
-98
-207
-198
-227
-434
-684
-737
-607
-491
-366
-49
419
811
1088
1392
1718
1952
2112
2271
2379
2395
2384
2352
2225
2026
1853
1745
1682
1674
1687
1661
1649
1670
1562
1237
905
662
276
-276
-580
-516
-540
-888
-1222
-1403
-1796
-2682
-4007
-5642
-7151
-7747
-7350
-6881
-6646
-5668
-3649
-2105
-2022
-2100
-989
363
548
357
1372
3168
4088
4042
4363
5290
5568
4611
3428
2991
2908
2335
1438
1123
1579
1933
1533
873
702
809
501
-97
-171
443
1035
1220
1431
2000
2578
2770
2668
2499
2278
2007
1739
1425
1052
787
623
193
-625
-1373
-1760
-2207
-3029
-3739
-3844
-3733
-3983
-4303
-4088
-3595
-3523
-3730
-3416
-2527
-1860
-1685
-1329
-467
238
297
235
590
951
787
453
538
790
641
282
272
456
267
-227
-464
-400
-480
-733
-721
-369
-69
40
256
689
1052
1162
1207
1374
1554
1586
1545
1609
1787
1924
1959
1999
2108
2158
2005
1750
1614
1579
1398
1026
723
624
512
239
16
-14
-99
-458
-887
-1151
-1389
-1772
-2195
-2645
-3399
-4410
-5067
-5035
-4776
-4654
-4233
-3194
-2237
-2097
-2245
-1714
-719
-252
-333
-30
912
1715
1990
2304
3005
3524
3353
2907
2812
2933
2746
2271
2011
2162
2369
2285
1949
1582
1286
1023
755
546
522
671
797
790
832
1115
1458
1489
1189
897
813
761
578
389
361
389
277
61
-90
-185
-427
-870
-1298
-1520
-1637
-1864
-2192
-2416
-2462
-2488
-2573
-2599
-2483
-2341
-2281
-2199
-1952
-1628
-1425
-1366
-1289
-1100
-869
-702
-613
-543
-457
-335
-174
0
139
210
239
274
346
440
514
517
449
397
436
514
535
508
516
590
685
800
935
1056
1127
1186
1285
1404
1496
1549
1581
1604
1626
1642
1642
1632
1620
1600
1552
1486
1427
1351
1217
1032
864
711
505
230
-42
-261
-498
-826
-1284
-1889
-2567
-3064
-3122
-2846
-2646
-2787
-3122
-3354
-3354
-3156
-2866
-2640
-2593
-2619
-2464
-2020
-1442
-949
-633
-424
-165
286
861
1299
1478
1565
1755
2018
2225
2358
2424
2355
2158
2033
2129
2300
2276
2031
1773
1660
1672
1734
1787
1782
1689
1554
1480
1499
1526
1447
1259
1039
870
776
721
655
537
388
257
148
-10
-291
-696
-1159
-1591
-1902
-2046
-2071
-2083
-2133
-2185
-2176
-2091
-1991
-1947
-1960
-1956
-1879
-1759
-1643
-1512
-1369
-1272
-1215
-1096
-892
-730
-693
-669
-551
-393
-290
-233
-197
-217
-278
-280
-186
-98
-85
-88
-37
63
208
391
561
677
806
1031
1290
1479
1610
1775
1961
2090
2168
2258
2351
2370
2325
2289
2258
2152
1950
1709
1485
1274
1036
758
463
179
-145
-676
-1511
-2429
-3020
-3099
-2931
-2885
-3045
-3261
-3402
-3375
-3084
-2613
-2308
-2360
-2497
-2299
-1768
-1239
-883
-618
-365
-87
318
857
1299
1451
1464
1621
1946
2264
2449
2466
2324
2154
2153
2313
2405
2289
2069
1878
1750
1733
1849
1963
1890
1648
1451
1412
1426
1343
1132
871
653
535
498
492
444
290
38
-193
-275
-281
-447
-850
-1278
-1546
-1726
-1959
-2197
-2342
-2448
-2572
-2586
-2412
-2238
-2266
-2374
-2326
-2133
-1957
-1835
-1718
-1646
-1628
-1542
-1321
-1087
-937
-809
-652
-506
-355
-140
56
106
71
114
236
308
321
360
423
465
532
676
835
930
984
1077
1210
1332
1416
1468
1534
1668
1855
2008
2083
2152
2278
2404
2451
2425
2360
2219
1991
1764
1630
1539
1375
1119
851
604
350
39
-428
-1187
-2193
-3073
-3408
-3222
-2972
-3017
-3299
-3556
-3621
-3423
-2996
-2588
-2497
-2659
-2648
-2220
-1598
-1147
-940
-808
-600
-233
277
750
980
1023
1155
1509
1934
2244
2382
2346
2149
1936
1929
2114
2189
1956
1595
1421
1495
1640
1737
1769
1703
1532
1387
1409
1510
1463
1226
988
884
863
854
826
729
512
275
188
211
88
-307
-779
-1068
-1162
-1237
-1410
-1685
-2004
-2236
-2267
-2115
-1944
-1912
-2030
-2163
-2167
-2028
-1869
-1817
-1842
-1798
-1621
-1392
-1186
-1030
-935
-885
-797
-626
-441
-338
-299
-248
-161
-48
84
189
204
154
150
243
367
466
541
605
675
809
1023
1225
1300
1267
1230
1261
1380
1572
1768
1889
1940
2000
2096
2163
2146
2049
1910
1778
1684
1597
1453
1256
1069
904
707
462
189
-163
-721
-1481
-2247
-2759
-2892
-2753
-2624
-2735
-3039
-3278
-3270
-3043
-2749
-2526
-2442
-2425
-2282
-1885
-1355
-940
-727
-578
-326
52
447
745
944
1123
1353
1642
1940
2169
2242
2109
1871
1740
1795
1902
1864
1684
1509
1427
1418
1472
1568
1620
1546
1396
1327
1384
1445
1389
1255
1152
1101
1038
928
790
635
447
257
119
11
-171
-483
-827
-1064
-1194
-1322
-1484
-1640
-1772
-1922
-2064
-2112
-2051
-1974
-1948
-1940
-1922
-1915
-1930
-1914
-1819
-1674
-1517
-1344
-1158
-1006
-917
-859
-790
-710
-641
-567
-477
-373
-264
-134
18
151
239
287
316
343
379
466
628
827
988
1091
1176
1262
1298
1250
1172
1148
1200
1279
1355
1440
1549
1669
1779
1862
1896
1860
1790
1722
1655
1555
1443
1377
1360
1331
1234
1059
807
485
132
-225
-707
-1459
-2352
-2952
-2988
-2709
-2595
-2814
-3135
-3332
-3354
-3191
-2849
-2511
-2405
-2439
-2246
-1694
-1094
-770
-662
-511
-203
199
592
871
990
1058
1239
1557
1872
2048
2027
1812
1528
1427
1596
1794
1751
1532
1405
1451
1550
1636
1722
1728
1572
1376
1363
1508
1559
1394
1165
1053
1051
1048
985
828
560
252
52
11
-15
-221
-608
-990
-1209
-1286
-1347
-1471
-1635
-1784
-1887
-1942
-1972
-1999
-2027
-2008
-1880
-1672
-1515
-1511
-1584
-1564
-1408
-1235
-1125
-1027
-897
-778
-698
-604
-477
-390
-375
-348
-251
-126
-37
18
80
165
267
363
413
407
393
437
556
715
877
1001
1042
1008
974
1005
1076
1116
1115
1134
1208
1296
1369
1437
1495
1476
1402
1385
1442
1433
1311
1239
1316
1392
1310
1160
1060
935
691
436
265
56
-296
-717
-1187
-1821
-2487
-2778
-2582
-2345
-2450
-2718
-2838
-2840
-2820
-2647
-2292
-2057
-2103
-2115
-1785
-1278
-947
-827
-701
-441
-77
298
580
743
887
1103
1354
1572
1769
1914
1859
1613
1455
1570
1759
1736
1548
1455
1536
1649
1702
1743
1781
1725
1556
1411
1395
1423
1304
1041
842
829
844
701
454
275
152
1
-128
-171
-241
-485
-785
-932
-942
-1002
-1161
-1297
-1366
-1419
-1452
-1427
-1393
-1440
-1531
-1553
-1496
-1452
-1453
-1466
-1481
-1508
-1520
-1472
-1389
-1306
-1209
-1085
-963
-860
-767
-707
-712
-721
-621
-423
-257
-184
-134
-31
107
222
323
429
538
652
800
992
1177
1299
1345
1346
1342
1329
1275
1201
1197
1293
1402
1453
1492
1571
1638
1637
1615
1617
1603
1521
1450
1475
1542
1519
1395
1260
1126
967
793
646
503
315
87
-143
-377
-664
-1076
-1667
-2357
-2871
-2972
-2787
-2688
-2837
-3050
-3121
-3061
-2950
-2796
-2639
-2592
-2612
-2449
-1999
-1493
-1220
-1158
-1045
-716
-256
144
397
565
751
1003
1311
1629
1868
1921
1786
1641
1679
1860
1952
1847
1690
1670
1771
1855
1876
1857
1771
1604
1460
1469
1581
1586
1412
1230
1208
1275
1251
1109
953
820
671
531
468
426
277
31
-167
-247
-304
-452
-652
-828
-949
-1050
-1142
-1225
-1325
-1457
-1590
-1659
-1684
-1771
-1979
-2205
-2289
-2192
-2040
-1955
-1942
-1921
-1841
-1707
-1546
-1397
-1292
-1228
-1161
-1058
-920
-782
-686
-632
-555
-372
-108
108
210
273
417
645
862
1018
1141
1249
1333
1420
1542
1665
1730
1753
1826
1963
2064
2037
1928
1833
1786
1756
1710
1622
1478
1295
1146
1090
1107
1119
1072
980
900
865
855
814
730
631
528
402
250
93
-63
-244
-473
-781
-1235
-1844
-2443
-2780
-2773
-2607
-2550
-2659
-2807
-2908
-2960
-2934
-2808
-2649
-2569
-2522
-2333
-1944
-1531
-1286
-1148
-916
-551
-210
13
186
381
590
802
1062
1356
1547
1529
1402
1372
1500
1649
1678
1607
1554
1577
1658
1746
1815
1824
1753
1664
1656
1732
1774
1701
1589
1569
1631
1647
1558
1431
1326
1220
1092
978
887
731
468
192
20
-86
-264
-548
-812
-951
-998
-1048
-1157
-1304
-1467
-1609
-1696
-1740
-1790
-1871
-1952
-2004
-2049
-2111
-2155
-2131
-2052
-1960
-1864
-1751
-1641
-1571
-1525
-1449
-1329
-1201
-1079
-927
-728
-517
-347
-221
-99
65
268
469
636
774
917
1086
1258
1409
1528
1603
1633
1630
1623
1641
1688
1756
1819
1843
1809
1740
1671
1606
1515
1381
1251
1185
1153
1069
914
769
710
706
675
591
491
427
400
394
384
355
301
233
183
125
9
-180
-403
-632
-915
-1316
-1814
-2256
-2479
-2470
-2383
-2376
-2471
-2592
-2679
-2712
-2673
-2582
-2486
-2415
-2298
-2043
-1708
-1455
-1344
-1242
-999
-646
-339
-138
33
274
569
841
1055
1216
1319
1354
1377
1475
1649
1806
1868
1886
1949
2058
2137
2145
2106
2052
1990
1948
1953
1967
1918
1800
1683
1621
1576
1496
1383
1279
1184
1052
893
751
619
442
216
6
-138
-259
-423
-630
-807
-912
-979
-1081
-1233
-1390
-1502
-1566
-1635
-1737
-1858
-1953
-1990
-1988
-1987
-2011
-2043
-2048
-2001
-1887
-1716
-1547
-1436
-1411
-1422
-1405
-1334
-1228
-1116
-999
-866
-701
-503
-305
-157
-76
-3
123
324
551
734
845
927
1045
1215
1377
1464
1481
1483
1526
1606
1700
1773
1801
1788
1756
1733
1695
1613
1502
1409
1370
1364
1339
1265
1153
1039
943
866
798
731
669
611
565
525
471
370
225
98
49
55
21
-100
-251
-354
-412
-512
-757
-1177
-1713
-2213
-2525
-2605
-2567
-2568
-2664
-2791
-2850
-2818
-2759
-2725
-2694
-2612
-2445
-2207
-1942
-1701
-1501
-1320
-1103
-814
-487
-200
28
246
514
826
1121
1338
1470
1547
1593
1630
1663
1712
1781
1871
1976
2085
2175
2228
2240
2230
2216
2205
2186
2153
2097
2018
1932
1863
1811
1752
1659
1527
1363
1180
997
835
709
597
462
278
54
-176
-373
-533
-689
-869
-1059
-1215
-1319
-1387
-1468
-1574
-1683
-1770
-1840
-1923
-2019
-2097
-2132
-2149
-2195
-2267
-2302
-2247
-2122
-2006
-1947
-1912
-1828
-1673
-1507
-1390
-1311
-1201
-1014
-777
-550
-373
-235
-89
86
276
447
584
695
800
923
1065
1202
1302
1367
1429
1518
1633
1725
1756
1747
1759
1824
1906
1941
1904
1829
1765
1723
1669
1570
1424
1277
1178
1121
1060
945
775
602
490
454
428
333
158
-13
-84
-49
-4
-46
-175
-304
-355
-348
-367
-453
-556
-622
-702
-928
-1366
-1920
-2362
-2523
-2438
-2300
-2278
-2394
-2532
-2578
-2524
-2442
-2397
-2375
-2308
-2148
-1914
-1672
-1463
-1278
-1064
-780
-449
-149
55
193
381
694
1093
1437
1627
1671
1687
1773
1915
2030
2072
2068
2086
2144
2197
2204
2173
2148
2136
2112
2047
1962
1894
1852
1811
1745
1655
1564
1462
1313
1113
917
779
688
575
378
120
-126
-310
-437
-567
-743
-944
-1121
-1242
-1328
-1414
-1504
-1573
-1606
-1625
-1673
-1780
-1924
-2034
-2063
-2018
-1963
-1958
-1997
-2026
-1980
-1861
-1728
-1630
-1545
-1418
-1254
-1116
-1062
-1057
-991
-812
-575
-375
-246
-138
6
165
298
395
501
624
741
837
936
1077
1244
1381
1449
1467
1490
1548
1615
1642
1635
1647
1698
1747
1732
1640
1526
1443
1394
1338
1250
1139
1030
942
857
766
674
600
530
436
312
194
116
68
5
-99
-223
-314
-348
-346
-366
-435
-529
-592
-597
-583
-615
-700
-786
-838
-902
-1076
-1405
-1795
-2073
-2138
-2052
-1978
-2005
-2058
-2042
-1956
-1897
-1908
-1915
-1813
-1585
-1320
-1105
-951
-802
-599
-361
-138
45
213
414
640
869
1097
1327
1540
1686
1738
1713
1671
1642
1629
1634
1655
1690
1728
1733
1690
1622
1562
1526
1493
1441
1376
1325
1294
1261
1207
1133
1051
958
849
739
635
541
454
364
254
109
-67
-247
-404
-531
-643
-775
-924
-1058
-1138
-1174
-1234
-1369
-1544
-1659
-1664
-1630
-1650
-1730
-1782
-1732
-1633
-1610
-1699
-1785
-1729
-1532
-1332
-1238
-1218
-1155
-1011
-857
-778
-770
-739
-616
-445
-312
-229
-116
74
278
405
446
475
560
701
843
948
1027
1120
1233
1317
1337
1327
1358
1427
1465
1433
1385
1401
1464
1502
1458
1357
1254
1181
1122
1053
968
887
830
773
673
527
391
332
331
288
154
3
-88
-142
-205
-246
-224
-190
-201
-227
-219
-215
-275
-355
-384
-379
-405
-471
-545
-631
-746
-893
-1117
-1469
-1850
-2031
-1932
-1764
-1750
-1819
-1811
-1759
-1785
-1820
-1726
-1586
-1549
-1516
-1275
-902
-672
-646
-610
-433
-191
14
186
342
487
682
987
1311
1488
1483
1439
1476
1569
1643
1654
1607
1576
1651
1797
1843
1708
1537
1492
1530
1513
1434
1384
1354
1280
1204
1192
1166
1009
787
663
637
568
424
288
194
65
-100
-232
-333
-483
-686
-844
-931
-1017
-1134
-1217
-1236
-1271
-1377
-1484
-1502
-1491
-1558
-1674
-1714
-1635
-1540
-1517
-1525
-1476
-1379
-1316
-1313
-1313
-1246
-1118
-985
-891
-831
-761
-652
-509
-393
-336
-298
-206
-29
165
287
324
366
483
647
768
812
850
942
1069
1160
1195
1215
1272
1380
1502
1566
1562
1548
1581
1628
1614
1533
1448
1414
1411
1379
1284
1157
1059
1014
952
800
582
413
341
279
150
-11
-126
-196
-290
-427
-550
-624
-665
-703
-742
-770
-785
-780
-777
-810
-881
-944
-951
-888
-822
-848
-968
-1094
-1146
-1204
-1406
-1713
-1894
-1818
-1634
-1555
-1581
-1582
-1540
-1525
-1525
-1452
-1333
-1269
-1202
-978
-625
-358
-265
-187
25
291
477
611
786
982
1151
1326
1545
1744
1804
1750
1715
1769
1842
1861
1851
1868
1896
1901
1904
1919
1898
1799
1677
1611
1569
1456
1266
1092
1002
941
839
693
551
428
314
201
79
-69
-238
-394
-532
-690
-887
-1083
-1227
-1323
-1420
-1529
-1626
-1714
-1825
-1946
-2023
-2038
-2022
-1993
-1931
-1834
-1745
-1684
-1621
-1532
-1431
-1343
-1251
-1124
-964
-807
-682
-568
-415
-216
-40
27
26
76
232
424
562
633
687
750
815
884
969
1062
1136
1183
1209
1221
1235
1267
1322
1367
1379
1379
1393
1411
1391
1332
1264
1224
1201
1161
1075
949
832
767
747
703
576
394
235
135
57
-46
-159
-258
-362
-489
-615
-698
-746
-803
-877
-933
-936
-906
-901
-936
-987
-999
-977
-948
-940
-944
-925
-884
-855
-856
-875
-900
-956
-1080
-1250
-1364
-1344
-1225
-1105
-1033
-995
-984
-1005
-1029
-981
-839
-654
-491
-339
-152
66
271
433
572
719
888
1076
1248
1384
1492
1594
1714
1834
1928
1972
1952
1893
1843
1825
1804
1718
1583
1486
1470
1461
1351
1138
943
865
851
770
571
348
215
176
119
-19
-178
-275
-330
-436
-624
-816
-934
-985
-1032
-1121
-1226
-1323
-1431
-1569
-1707
-1753
-1699
-1646
-1674
-1743
-1751
-1657
-1546
-1494
-1480
-1427
-1289
-1121
-998
-930
-854
-710
-495
-286
-161
-109
-47
86
282
468
574
611
644
735
863
948
959
939
961
1032
1083
1079
1049
1054
1118
1186
1193
1127
1054
1054
1122
1188
1186
1121
1055
1018
983
921
834
740
646
544
435
318
204
93
-24
-146
-265
-378
-485
-597
-705
-779
-813
-842
-907
-1005
-1072
-1067
-1014
-989
-1037
-1121
-1167
-1141
-1070
-997
-924
-845
-773
-720
-664
-574
-485
-444
-440
-386
-237
-54
49
33
-11
26
134
195
135
20
-8
89
216
260
205
140
135
184
239
262
268
297
368
476
576
633
650
664
717
805
895
936
927
913
943
999
1026
990
914
850
828
820
773
670
558
495
469
409
274
120
34
17
-12
-128
-291
-394
-411
-413
-496
-645
-765
-797
-781
-799
-863
-930
-951
-931
-907
-922
-970
-1010
-996
-938
-874
-839
-825
-799
-747
-686
-630
-574
-507
-426
-349
-274
-194
-98
2
79
138
205
295
390
450
470
492
547
624
680
685
660
639
650
670
667
630
583
553
536
521
485
424
365
336
337
333
292
232
192
188
199
187
137
76
45
54
64
38
-19
-65
-80
-93
-131
-191
-228
-222
-206
-228
-299
-376
-417
-432
-458
-502
-528
-498
-441
-407
-415
-432
-420
-382
-353
-352
-338
-271
-160
-64
-28
-29
-16
36
111
162
179
202
268
365
445
465
423
367
337
351
385
396
373
337
314
304
277
222
159
113
93
79
58
33
10
-3
-14
-40
-80
-122
-168
-207
-220
-186
-133
-121
-187
-291
-352
-327
-250
-204
-224
-268
-270
-206
-140
-128
-158
-170
-117
-21
63
95
89
87
121
184
231
239
223
203
203
220
235
235
214
184
168
157
143
120
92
85
108
146
159
121
52
11
34
97
136
100
7
-71
-82
-43
-15
-42
-109
-170
-192
-183
-176
-191
-209
-223
-217
-201
-194
-192
-189
-180
-163
-147
-128
-105
-90
-80
-77
-71
-64
-60
-63
-61
-47
-27
-26
-54
-89
-95
-52
4
10
-39
-74
-46
31
81
63
15
6
52
101
112
98
95
111
121
106
80
72
75
70
56
52
63
66
41
9
10
47
73
66
41
35
58
90
98
89
88
100
115
118
107
91
82
86
103
122
119
90
54
55
95
137
141
108
67
58
77
91
81
54
32
22
16
-9
-56
-101
-124
-123
-128
-155
-201
-235
-236
-228
-231
-248
-261
-252
-236
-237
-248
-246
-215
-179
-160
-167
-166
-146
-121
-111
-111
-90
-41
7
19
-6
-21
8
70
127
144
128
114
128
155
175
188
200
212
216
209
199
197
207
223
240
241
224
198
183
182
185
180
162
143
134
130
121
97
67
39
20
4
-13
-33
-49
-68
-94
-125
-150
-158
-164
-183
-216
-246
-257
-250
-240
-243
-263
-280
-282
-271
-257
-254
-251
-243
-229
-212
-195
-180
-164
-147
-122
-91
-69
-61
-52
-28
8
43
59
61
70
95
125
139
138
139
154
180
199
191
173
160
163
175
181
181
169
153
138
124
120
125
124
116
102
91
86
75
65
59
67
83
85
66
35
16
26
51
59
39
8
-10
-4
5
-1
-22
-38
-38
-32
-31
-44
-57
-59
-46
-32
-26
-31
-41
-45
-41
-32
-25
-27
-36
-46
-50
-47
-52
-66
-81
-82
-77
-75
-88
-112
-121
-110
-92
-85
-98
-105
-100
-88
-76
-74
-69
-58
-47
-41
-42
-37
-19
0
3
-6
-5
20
44
43
28
25
46
73
82
68
53
58
77
91
86
77
83
95
94
83
80
93
104
96
75
66
73
83
79
67
61
64
63
44
25
19
27
26
11
-12
-31
-35
-33
-37
-43
-49
-59
-65
-63
-59
-60
-71
-84
-84
-74
-67
-77
-90
-89
-80
-77
-86
-93
-83
-69
-63
-73
-83
-77
-56
-42
-42
-48
-43
-32
-30
-28
-17
-3
4
-2
-5
8
27
34
27
26
36
51
55
48
52
64
76
78
79
86
93
90
85
86
94
97
91
77
72
79
85
77
59
56
61
65
56
39
32
31
32
25
12
1
-5
-6
-7
-6
-10
-21
-33
-34
-30
-30
-37
-45
-44
-36
-42
-62
-71
-62
-50
-53
-67
-75
-68
-57
-61
-74
-77
-62
-44
-45
-61
-70
-59
-44
-41
-46
-47
-42
-30
-22
-25
-24
-20
-15
-9
-2
-2
-4
-9
-14
-9
4
20
26
17
7
8
17
29
36
37
33
33
42
51
52
49
44
51
61
63
53
38
36
48
59
56
43
29
25
26
26
23
20
18
15
5
-5
-9
-9
-6
-8
-14
-22
-28
-31
-33
-37
-34
-27
-29
-36
-43
-41
-35
-25
-23
-22
-22
-19
-16
-16
-17
-15
-10
-5
-8
-14
-15
-7
2
5
3
1
-2
-1
-1
1
5
6
5
0
-1
4
10
9
4
3
8
17
24
20
14
14
20
29
34
32
28
26
28
30
24
19
21
25
24
19
9
7
9
11
4
-4
-8
-6
-5
-7
-14
-13
-6
-5
-11
-20
-19
-15
-11
-14
-21
-28
-28
-19
-19
-27
-31
-29
-23
-25
-30
-35
-33
-27
-21
-22
-26
-25
-15
-10
-20
-27
-22
-4
7
-2
-15
-16
-2
13
14
6
2
13
22
20
11
13
27
37
32
19
16
23
36
37
30
23
24
26
23
15
13
17
18
18
15
15
15
12
7
3
2
-1
-1
-6
-13
-16
-18
-22
-23
-22
-20
-19
-19
-21
-21
-16
-13
-9
-13
-13
-15
-13
-6
-3
-1
-4
-6
-2
5
4
-3
-6
-5
0
1
-1
-4
-6
-3
-2
-2
1
4
8
9
7
5
7
12
15
14
12
12
12
12
10
10
11
13
15
13
9
9
13
14
12
10
6
3
3
6
5
4
-1
-4
-8
-8
-8
-7
-8
-8
-7
-7
-9
-11
-10
-5
-2
-6
-23
-40
-35
-20
-16
-23
-23
-17
-15
-17
-12
-4
-4
-1
7
12
10
9
15
15
9
9
11
9
-1
-7
-7
-4
-6
-5
-5
-11
-15
-8
2
3
-1
-3
4
11
11
13
15
18
21
24
24
20
18
20
22
17
13
8
6
3
-1
-5
-1
2
4
2
0
-2
-1
5
6
4
-1
-2
2
4
2
-3
-6
-1
2
3
1
-3
-5
-6
-6
-5
-6
-9
-17
-21
-21
-25
-28
-30
-31
-33
-30
-28
-29
-28
-19
-8
-1
-3
-2
3
7
8
5
1
5
8
7
2
-1
-1
5
12
12
9
11
20
22
18
18
23
32
35
31
24
20
22
26
28
23
13
