-2
-4
-4
-5
-6
-5
-5
-8
-8
-9
-9
-7
-3
0
1
3
2
3
3
2
-1
0
0
0
-2
0
0
-1
-1
-2
-1
-1
0
2
4
3
4
0
2
2
5
7
7
7
6
5
3
3
3
3
1
0
-1
-4
-3
-5
-3
0
1
2
1
0
-2
-2
2
1
0
0
2
0
-1
-1
-2
-2
-1
0
-1
-2
-5
-6
-6
-1
3
2
1
-1
-4
-5
-4
-4
-5
-4
-4
-4
-3
-3
-3
-2
-2
0
-1
-1
-1
-2
-3
-2
0
1
0
1
1
1
1
3
3
2
1
1
2
5
3
0
-1
-1
2
2
2
4
4
5
7
6
4
5
6
5
7
8
7
4
3
2
2
2
1
1
1
1
0
2
6
8
6
5
3
3
1
-1
0
3
3
3
3
1
0
-1
-2
-5
-6
-3
-4
-5
-6
-6
-5
-4
-4
-4
-3
-5
-10
-12
-12
-9
-11
-9
-8
-7
-7
-5
-2
-4
-4
-5
-5
-3
-2
-1
-1
0
-1
0
0
1
3
1
-1
0
1
3
3
3
3
1
1
3
3
0
-1
-3
-3
-2
-5
-4
-2
0
1
4
6
7
6
6
7
8
7
7
8
9
9
5
6
8
9
8
7
6
5
3
3
4
4
2
-1
-2
-2
-2
-2
-1
-2
-1
-1
0
1
0
1
1
2
1
2
1
0
0
0
-1
-1
-3
-4
-4
-5
-2
-2
0
3
5
3
2
2
2
2
0
0
0
-1
-1
-2
-2
-2
-3
-4
-7
-6
-6
-7
-9
-8
-8
-10
-11
-9
-6
-6
-6
-4
-3
-1
-2
-2
0
0
-1
-1
-1
-2
-1
-1
1
3
1
0
-2
-3
-4
-4
-2
0
1
3
5
7
7
6
6
7
6
4
2
2
4
3
0
-1
3
3
3
3
2
2
1
1
-1
-4
-3
-3
-2
0
0
0
0
2
1
2
3
4
4
3
2
4
3
1
0
0
-1
-5
-7
-7
-7
-7
-5
-1
-2
-2
-5
-4
-1
5
8
8
9
10
12
10
11
12
13
12
16
16
15
14
16
15
15
15
14
15
16
18
17
19
20
20
23
23
24
24
23
22
20
16
13
11
10
5
0
-4
-9
-13
-22
-30
-35
-37
-41
-46
-56
-62
-65
-69
-70
-72
-73
-74
-75
-73
-81
-86
-85
-85
-78
-80
-85
-81
-74
-67
-65
-67
-59
-50
-41
-35
-29
-19
-9
-1
6
17
26
31
34
41
48
56
63
74
86
96
111
131
145
161
173
188
208
211
210
205
197
190
170
145
114
77
41
-2
-49
-99
-146
-192
-241
-277
-314
-341
-362
-397
-410
-411
-404
-390
-391
-376
-335
-295
-249
-206
-150
-75
0
79
166
263
357
446
542
630
737
820
876
931
969
990
994
989
971
933
882
830
771
696
614
536
454
369
277
192
114
34
-52
-133
-200
-271
-349
-421
-473
-514
-558
-599
-625
-634
-647
-668
-685
-689
-692
-708
-715
-705
-687
-676
-662
-624
-574
-533
-506
-468
-410
-354
-313
-276
-220
-165
-144
-148
-149
-150
-189
-255
-296
-299
-312
-371
-432
-461
-507
-605
-727
-823
-916
-1050
-1156
-1155
-1064
-1012
-990
-887
-688
-511
-403
-262
-68
81
154
267
484
662
711
760
934
1148
1287
1417
1638
1884
2048
2182
2380
2568
2610
2549
2522
2526
2441
2259
2083
1939
1752
1509
1297
1145
971
731
507
368
268
126
-36
-151
-227
-322
-442
-546
-637
-765
-937
-1085
-1166
-1237
-1337
-1443
-1509
-1544
-1588
-1632
-1656
-1683
-1757
-1847
-1891
-1885
-1883
-1915
-1935
-1910
-1855
-1791
-1716
-1628
-1559
-1514
-1444
-1316
-1170
-1067
-998
-904
-770
-629
-492
-343
-188
-56
79
255
460
623
737
855
1001
1142
1261
1383
1505
1593
1654
1738
1844
1908
1909
1888
1883
1863
1805
1731
1670
1602
1517
1438
1374
1287
1153
1020
928
853
758
645
542
444
334
222
126
41
-50
-133
-189
-230
-284
-345
-370
-362
-365
-422
-508
-574
-597
-606
-619
-636
-656
-689
-730
-789
-939
-1271
-1744
-2122
-2200
-2084
-2079
-2263
-2410
-2340
-2143
-1943
-1701
-1421
-1268
-1297
-1254
-945
-626
-610
-771
-758
-546
-387
-315
-161
45
160
324
793
1408
1749
1805
1973
2340
2569
2529
2515
2647
2619
2302
2059
2115
2153
1865
1505
1429
1473
1308
1017
911
937
819
592
523
594
527
288
113
51
-101
-367
-531
-550
-630
-819
-903
-815
-773
-902
-1022
-1015
-1033
-1198
-1347
-1329
-1267
-1327
-1407
-1331
-1174
-1138
-1201
-1176
-1031
-903
-835
-722
-554
-440
-417
-382
-293
-241
-264
-277
-230
-192
-203
-192
-129
-76
-61
-4
124
225
259
317
458
576
605
636
744
838
856
905
1067
1202
1178
1101
1147
1250
1255
1176
1131
1107
1025
936
891
791
545
269
104
-47
-368
-844
-1323
-1708
-1942
-1965
-1865
-1878
-2082
-2241
-2142
-1884
-1684
-1596
-1563
-1581
-1607
-1525
-1326
-1193
-1212
-1217
-1036
-737
-468
-215
76
371
673
1114
1708
2223
2473
2599
2815
3071
3181
3151
3112
3040
2832
2581
2468
2421
2212
1848
1572
1466
1354
1141
935
781
583
331
171
128
26
-217
-439
-513
-544
-659
-802
-876
-937
-1060
-1194
-1265
-1331
-1480
-1660
-1759
-1784
-1845
-1975
-2104
-2151
-2120
-2051
-1963
-1856
-1747
-1667
-1597
-1492
-1353
-1246
-1212
-1202
-1160
-1114
-1116
-1145
-1126
-1047
-949
-846
-712
-570
-451
-308
-79
209
459
636
797
978
1153
1314
1477
1623
1707
1736
1780
1867
1952
2000
2040
2090
2136
2161
2163
2133
2046
1917
1787
1667
1535
1385
1249
1144
1067
1012
962
895
807
751
764
786
726
593
475
404
314
155
-56
-311
-630
-975
-1274
-1556
-1977
-2570
-3113
-3339
-3258
-3152
-3211
-3350
-3367
-3183
-2857
-2492
-2200
-2071
-2076
-2047
-1871
-1645
-1554
-1611
-1662
-1590
-1419
-1187
-906
-619
-381
-86
419
1062
1566
1815
2029
2386
2754
2947
3031
3141
3187
3038
2831
2808
2914
2871
2631
2433
2381
2309
2104
1895
1766
1601
1338
1125
1056
978
749
480
351
302
195
69
11
-37
-181
-322
-327
-310
-469
-758
-954
-1034
-1178
-1452
-1729
-1941
-2139
-2306
-2345
-2286
-2285
-2352
-2307
-2066
-1789
-1631
-1554
-1462
-1374
-1325
-1281
-1232
-1251
-1358
-1447
-1409
-1294
-1203
-1135
-1013
-810
-556
-259
59
343
561
761
993
1214
1356
1424
1477
1530
1556
1573
1629
1721
1790
1818
1847
1877
1861
1788
1721
1691
1645
1539
1416
1345
1311
1264
1207
1166
1122
1032
920
852
833
811
736
606
453
287
112
-120
-450
-906
-1487
-2136
-2681
-2930
-2918
-2942
-3172
-3382
-3271
-2899
-2567
-2365
-2163
-1972
-1897
-1843
-1614
-1319
-1260
-1414
-1451
-1246
-1019
-917
-810
-614
-394
-98
436
1098
1539
1717
1983
2493
2934
3059
3066
3167
3194
2987
2788
2851
2951
2743
2356
2179
2198
2064
1718
1436
1302
1105
797
592
517
331
-19
-264
-275
-266
-400
-514
-490
-480
-579
-608
-471
-418
-648
-943
-1029
-1026
-1222
-1558
-1758
-1820
-1961
-2190
-2284
-2209
-2180
-2254
-2215
-1956
-1666
-1509
-1384
-1178
-984
-909
-875
-804
-782
-898
-1041
-1051
-977
-961
-979
-894
-702
-500
-289
6
356
640
866
1139
1444
1648
1725
1803
1935
2007
1962
1895
1888
1883
1821
1780
1827
1881
1833
1725
1677
1697
1703
1665
1612
1557
1489
1424
1368
1275
1123
965
858
777
675
547
401
214
-20
-244
-433
-652
-1010
-1562
-2254
-2875
-3167
-3127
-3108
-3405
-3801
-3838
-3462
-3078
-2914
-2791
-2578
-2416
-2350
-2153
-1792
-1600
-1745
-1890
-1688
-1307
-1094
-1039
-928
-706
-367
215
996
1595
1802
1965
2453
3046
3311
3324
3440
3601
3504
3276
3323
3550
3445
2963
2638
2686
2689
2374
2036
1927
1817
1507
1225
1158
1036
628
209
93
96
-108
-403
-483
-440
-535
-676
-602
-453
-587
-928
-1074
-991
-1084
-1476
-1818
-1918
-2039
-2360
-2633
-2651
-2622
-2761
-2846
-2620
-2265
-2109
-2085
-1895
-1544
-1304
-1243
-1185
-1088
-1085
-1157
-1137
-1035
-1040
-1160
-1151
-912
-635
-461
-277
13
302
504
742
1105
1442
1588
1652
1828
2061
2163
2136
2148
2224
2247
2200
2203
2267
2275
2206
2170
2198
2178
2067
1957
1897
1807
1644
1494
1404
1297
1126
955
840
722
565
418
303
156
-66
-321
-572
-895
-1382
-2027
-2710
-3209
-3372
-3338
-3451
-3798
-4043
-3870
-3443
-3115
-2932
-2721
-2477
-2304
-2113
-1783
-1487
-1486
-1644
-1609
-1347
-1149
-1103
-1015
-796
-524
-142
475
1123
1454
1558
1885
2515
3006
3111
3124
3296
3433
3351
3284
3433
3526
3275
2914
2826
2914
2793
2446
2166
2000
1746
1412
1197
1047
721
273
32
35
-54
-347
-553
-531
-530
-674
-721
-559
-515
-794
-1076
-1051
-966
-1194
-1615
-1884
-2050
-2362
-2717
-2823
-2759
-2830
-2983
-2877
-2512
-2233
-2141
-1981
-1640
-1343
-1207
-1061
-818
-678
-740
-802
-707
-609
-678
-781
-714
-506
-306
-112
150
429
633
830
1124
1427
1580
1615
1700
1853
1922
1878
1854
1910
1938
1911
1934
2032
2073
2001
1974
2081
2197
2173
2058
1961
1848
1669
1494
1384
1259
1017
734
537
430
337
225
89
-89
-301
-476
-607
-843
-1368
-2141
-2867
-3243
-3252
-3230
-3499
-3974
-4237
-4045
-3601
-3248
-3054
-2889
-2701
-2473
-2126
-1657
-1318
-1316
-1469
-1417
-1119
-839
-737
-705
-594
-342
105
715
1255
1527
1694
2076
2660
3120
3320
3455
3636
3721
3678
3723
3912
3945
3631
3251
3148
3191
3031
2662
2346
2135
1871
1550
1293
1036
614
126
-159
-263
-446
-751
-955
-992
-1041
-1120
-1048
-865
-893
-1189
-1386
-1295
-1215
-1454
-1862
-2150
-2332
-2563
-2791
-2898
-2963
-3103
-3181
-3016
-2693
-2444
-2290
-2073
-1769
-1492
-1270
-1044
-873
-863
-926
-872
-714
-659
-759
-808
-664
-420
-207
6
281
572
822
1091
1418
1702
1833
1865
1928
2028
2071
2044
2019
2041
2073
2105
2169
2249
2302
2338
2420
2547
2624
2593
2490
2372
2219
2007
1769
1548
1319
1049
798
650
566
437
229
6
-181
-340
-493
-675
-982
-1519
-2273
-3020
-3472
-3561
-3589
-3914
-4465
-4761
-4530
-4057
-3747
-3608
-3395
-3075
-2761
-2395
-1908
-1538
-1530
-1673
-1539
-1122
-809
-755
-748
-621
-391
-9
579
1148
1416
1533
1914
2571
3074
3232
3319
3528
3700
3729
3804
4014
4087
3839
3539
3507
3607
3498
3155
2834
2605
2316
1959
1660
1370
903
343
-4
-103
-270
-638
-952
-1032
-1042
-1092
-1020
-786
-676
-829
-968
-867
-764
-954
-1327
-1611
-1832
-2157
-2521
-2782
-3014
-3345
-3635
-3662
-3486
-3348
-3291
-3146
-2835
-2456
-2097
-1753
-1429
-1194
-1031
-835
-584
-406
-388
-414
-329
-140
36
177
370
569
609
483
394
468
612
760
1045
1491
1920
2202
2427
2694
2955
3150
3329
3516
3636
3649
3639
3658
3650
3538
3347
3138
2906
2615
2275
1921
1550
1150
800
590
476
331
105
-145
-408
-709
-1060
-1495
-2131
-3059
-4190
-5336
-6352
-7120
-7578
-7880
-8280
-8690
-8593
-7718
-6476
-5393
-4405
-3108
-1464
189
1683
3094
4347
5218
5742
6187
6559
6514
5898
5008
4192
3466
2690
1845
970
50
-825
-1388
-1527
-1494
-1550
-1582
-1273
-616
111
763
1441
2165
2774
3207
3600
3994
4201
4074
3742
3401
3037
2540
1925
1286
646
32
-457
-789
-1081
-1413
-1668
-1718
-1634
-1564
-1525
-1476
-1477
-1590
-1738
-1829
-1938
-2207
-2601
-2947
-3179
-3368
-3565
-3697
-3662
-3450
-3119
-2728
-2293
-1799
-1227
-602
7
526
918
1175
1292
1284
1198
1034
741
322
-115
-448
-673
-858
-997
-1016
-877
-584
-169
330
854
1361
1861
2370
2855
3256
3543
3699
3729
3673
3576
3412
3105
2652
2164
1722
1294
840
436
183
56
-26
-55
43
246
471
688
930
1163
1308
1347
1323
1223
975
577
71
-580
-1500
-2704
-4011
-5274
-6501
-7623
-8317
-8422
-8320
-8441
-8474
-7678
-6031
-4352
-3104
-1840
-130
1659
3029
4112
5165
5918
6059
5884
5799
5621
4938
3894
2954
2199
1415
663
134
-295
-830
-1244
-1132
-634
-298
-254
-60
531
1201
1617
1918
2339
2733
2840
2769
2831
2997
2958
2651
2333
2161
2007
1773
1539
1327
1055
775
629
529
213
-315
-757
-1010
-1319
-1814
-2298
-2635
-2971
-3392
-3703
-3767
-3742
-3814
-3883
-3745
-3416
-3046
-2671
-2250
-1800
-1355
-902
-465
-141
43
162
256
261
151
-17
-232
-535
-885
-1143
-1282
-1408
-1552
-1581
-1402
-1081
-719
-327
134
654
1200
1743
2250
2659
2952
3149
3274
3341
3352
3285
3106
2844
2591
2395
2189
1907
1590
1334
1169
1056
979
961
995
1033
1080
1172
1305
1406
1435
1414
1359
1243
1058
827
527
134
-342
-934
-1788
-2940
-4169
-5278
-6322
-7281
-7821
-7851
-7870
-8179
-8140
-7059
-5394
-4132
-3256
-1960
-145
1467
2635
3820
5045
5734
5782
5787
5938
5681
4770
3731
2982
2284
1411
607
41
-559
-1279
-1665
-1418
-989
-922
-978
-577
228
871
1202
1617
2235
2661
2739
2827
3129
3300
3090
2799
2722
2668
2367
1961
1673
1401
1006
636
420
163
-321
-846
-1172
-1409
-1783
-2219
-2517
-2736
-3034
-3325
-3425
-3395
-3420
-3462
-3315
-2963
-2582
-2280
-2008
-1697
-1317
-877
-476
-241
-145
-48
66
58
-90
-246
-387
-614
-925
-1162
-1256
-1319
-1414
-1433
-1274
-985
-654
-294
116
561
1024
1507
1973
2350
2615
2811
2961
3042
3042
2991
2883
2681
2420
2203
2056
1894
1665
1445
1314
1240
1161
1089
1062
1059
1042
1043
1103
1187
1229
1200
1115
985
807
569
262
-117
-582
-1234
-2167
-3269
-4333
-5317
-6290
-7061
-7347
-7332
-7489
-7696
-7213
-5853
-4386
-3363
-2338
-802
902
2200
3237
4356
5287
5613
5578
5647
5637
5049
4001
3074
2409
1696
860
148
-419
-1063
-1658
-1772
-1409
-1126
-1164
-1060
-435
376
890
1226
1741
2316
2579
2620
2830
3170
3219
2915
2646
2587
2485
2183
1854
1570
1192
760
499
360
17
-562
-1017
-1220
-1458
-1893
-2301
-2527
-2760
-3123
-3379
-3345
-3218
-3228
-3259
-3061
-2657
-2267
-1988
-1726
-1406
-1029
-630
-271
-37
71
134
196
191
74
-111
-336
-623
-929
-1148
-1269
-1396
-1539
-1569
-1409
-1134
-836
-497
-72
421
936
1447
1923
2319
2632
2878
3041
3105
3093
3032
2907
2712
2478
2242
1996
1728
1472
1272
1132
1026
954
938
976
1039
1121
1230
1346
1431
1464
1446
1372
1246
1063
798
421
-98
-825
-1815
-2949
-4033
-5075
-6158
-7060
-7425
-7431
-7638
-7974
-7615
-6280
-4774
-3745
-2750
-1200
566
1938
3044
4247
5273
5673
5677
5755
5737
5154
4131
3183
2401
1534
635
-43
-589
-1253
-1846
-1925
-1535
-1221
-1196
-1060
-507
179
626
932
1393
1904
2142
2172
2360
2733
2894
2713
2537
2593
2659
2509
2257
2037
1758
1390
1094
882
514
-66
-586
-920
-1291
-1826
-2303
-2569
-2808
-3148
-3379
-3333
-3161
-3060
-2971
-2750
-2390
-1986
-1620
-1333
-1076
-745
-373
-126
-50
2
94
100
-48
-243
-391
-580
-869
-1166
-1345
-1418
-1487
-1576
-1592
-1453
-1179
-850
-488
-58
443
958
1426
1818
2128
2379
2588
2720
2737
2673
2584
2452
2251
2049
1920
1793
1581
1361
1256
1227
1144
1025
985
1023
1053
1073
1116
1159
1165
1164
1180
1171
1122
1046
878
552
110
-430
-1186
-2203
-3289
-4311
-5360
-6333
-6855
-6933
-7123
-7554
-7450
-6300
-4770
-3689
-2785
-1368
400
1845
2932
4077
5135
5604
5572
5583
5638
5208
4196
3127
2329
1583
715
-82
-689
-1271
-1818
-1993
-1688
-1340
-1302
-1275
-816
-77
451
729
1130
1676
2007
2065
2214
2568
2754
2584
2385
2427
2497
2353
2133
2007
1832
1485
1150
928
579
-43
-661
-1035
-1373
-1906
-2460
-2786
-3004
-3314
-3560
-3493
-3231
-3062
-2938
-2590
-2014
-1474
-1104
-764
-344
71
372
533
575
526
435
307
95
-203
-506
-780
-1062
-1356
-1575
-1676
-1724
-1760
-1713
-1507
-1190
-861
-557
-200
251
741
1165
1477
1731
1984
2213
2338
2349
2323
2303
2241
2114
1986
1904
1803
1617
1405
1272
1201
1104
968
844
764
722
735
796
845
862
912
1024
1116
1134
1142
1179
1148
960
666
281
-365
-1347
-2443
-3459
-4506
-5649
-6519
-6840
-6997
-7422
-7680
-7021
-5625
-4359
-3416
-2174
-422
1272
2567
3777
5016
5828
5995
5936
5940
5657
4784
3662
2723
1886
916
-38
-731
-1286
-1881
-2285
-2183
-1775
-1544
-1474
-1104
-342
357
728
1066
1593
2017
2087
2078
2282
2485
2380
2145
2125
2246
2218
2057
1964
1886
1666
1393
1199
943
433
-183
-642
-1006
-1489
-2062
-2524
-2853
-3167
-3432
-3504
-3390
-3229
-3059
-2778
-2317
-1729
-1162
-746
-474
-213
103
353
413
350
282
181
-24
-281
-507
-727
-983
-1260
-1489
-1608
-1595
-1513
-1432
-1315
-1056
-689
-346
-46
292
665
974
1233
1505
1770
1962
2080
2147
2165
2161
2171
2156
2075
1985
1920
1817
1646
1487
1377
1233
1049
902
771
582
398
339
350
316
325
499
743
908
1061
1301
1529
1607
1587
1528
1284
671
-269
-1346
-2471
-3699
-5029
-6231
-7008
-7388
-7730
-8112
-8035
-7112
-5715
-4450
-3267
-1716
155
1842
3190
4422
5485
6047
6119
6042
5848
5231
4175
3054
2071
1100
118
-686
-1286
-1835
-2274
-2316
-1929
-1468
-1188
-900
-343
367
912
1228
1521
1866
2084
2103
2107
2225
2315
2253
2173
2233
2344
2352
2298
2270
2205
2041
1842
1618
1229
628
-11
-543
-1073
-1738
-2415
-2902
-3229
-3548
-3808
-3838
-3663
-3451
-3199
-2739
-2077
-1435
-946
-530
-131
201
432
561
532
336
121
-15
-190
-524
-881
-1113
-1298
-1519
-1667
-1659
-1609
-1610
-1542
-1310
-1002
-733
-486
-202
115
447
793
1117
1368
1568
1777
1988
2125
2173
2187
2204
2199
2132
2025
1911
1797
1657
1480
1308
1189
1088
926
710
558
518
491
398
318
369
538
744
955
1163
1340
1506
1671
1771
1715
1512
1172
551
-458
-1679
-2840
-3991
-5329
-6659
-7505
-7816
-8044
-8315
-8096
-7009
-5448
-3979
-2578
-913
940
2598
3931
5052
5920
6351
6351
6105
5639
4828
3721
2576
1539
554
-378
-1112
-1594
-1934
-2159
-2094
-1670
-1135
-740
-376
179
824
1254
1439
1628
1900
2051
1989
1890
1894
1910
1855
1821
1901
2022
2097
2148
2189
2159
2025
1840
1578
1134
513
-136
-746
-1410
-2159
-2850
-3358
-3741
-4069
-4255
-4190
-3932
-3609
-3228
-2689
-2020
-1364
-795
-273
226
662
964
1097
1074
949
772
520
151
-301
-730
-1088
-1409
-1705
-1916
-2004
-1991
-1892
-1684
-1360
-975
-586
-193
243
718
1161
1490
1701
1862
2028
2165
2218
2191
2150
2121
2077
2000
1912
1836
1757
1636
1467
1299
1164
1023
824
613
480
399
289
168
125
158
217
310
499
743
952
1147
1372
1596
1707
1651
1430
1072
534
-307
-1505
-2866
-4153
-5394
-6718
-7849
-8352
-8393
-8503
-8537
-7711
-5945
-4121
-2727
-1245
735
2713
4159
5238
6185
6723
6638
6250
5833
5156
4016
2718
1632
722
-163
-900
-1310
-1515
-1668
-1621
-1152
-450
42
268
602
1196
1690
1795
1737
1818
1914
1804
1634
1659
1781
1780
1759
1941
2238
2420
2499
2585
2582
2361
2034
1694
1153
287
-671
-1458
-2175
-3008
-3815
-4357
-4668
-4876
-4894
-4596
-4099
-3582
-3002
-2261
-1453
-744
-175
268
565
733
840
854
652
264
-112
-379
-648
-995
-1327
-1537
-1648
-1719
-1707
-1579
-1390
-1218
-1040
-771
-419
-79
187
410
646
895
1131
1334
1508
1673
1860
2073
2269
2415
2528
2624
2672
2639
2544
2416
2237
1970
1636
1288
947
611
274
-46
-296
-428
-458
-439
-375
-224
20
303
592
874
1137
1330
1423
1440
1418
1349
1197
961
688
393
4
-566
-1354
-2360
-3499
-4627
-5641
-6540
-7280
-7726
-7851
-7794
-7554
-6848
-5550
-4023
-2651
-1338
218
1921
3376
4439
5241
5828
6090
6019
5719
5188
4366
3373
2438
1650
932
287
-212
-566
-809
-855
-617
-224
63
214
447
841
1202
1362
1432
1572
1738
1817
1857
1957
2110
2255
2414
2620
2815
2921
2942
2892
2715
2368
1896
1304
516
-454
-1453
-2344
-3161
-3950
-4645
-5130
-5391
-5476
-5399
-5119
-4607
-3881
-2997
-2054
-1125
-234
572
1189
1549
1692
1666
1449
1015
435
-173
-765
-1360
-1925
-2348
-2543
-2556
-2495
-2360
-2057
-1577
-1030
-507
-19
447
852
1157
1358
1475
1544
1600
1670
1747
1823
1922
2063
2205
2305
2410
2550
2632
2542
2344
2155
1937
1589
1167
802
496
176
-128
-325
-409
-440
-431
-315
-50
305
621
848
1045
1251
1376
1305
1101
931
796
481
-100
-706
-1088
-1359
-1748
-2126
-2231
-2352
-2994
-3921
-4455
-4699
-5325
-6043
-5903
-5154
-5009
-5396
-4905
-3247
-1724
-937
-90
1254
2502
3326
4058
4688
4850
4655
4502
4321
3802
3037
2297
1600
987
683
686
649
406
274
533
1032
1417
1538
1547
1653
1833
1852
1645
1452
1403
1332
1150
1056
1144
1233
1236
1300
1479
1622
1646
1592
1416
1030
522
6
-638
-1561
-2573
-3338
-3845
-4322
-4754
-4866
-4586
-4146
-3661
-2998
-2124
-1241
-497
138
677
1035
1167
1083
794
359
-109
-583
-1121
-1666
-2039
-2168
-2166
-2104
-1892
-1495
-1050
-657
-258
197
589
811
912
980
1003
939
830
763
761
810
921
1096
1310
1546
1821
2111
2353
2507
2576
2533
2345
2045
1712
1346
899
421
23
-282
-525
-663
-649
-532
-341
-48
315
631
864
1065
1221
1262
1185
1045
845
547
127
-383
-892
-1300
-1613
-1889
-2102
-2176
-2109
-1973
-1940
-2221
-2654
-2822
-2862
-3450
-4423
-4721
-4243
-4092
-4482
-4275
-3121
-1974
-1160
-85
1272
2395
3318
4263
4879
4960
4887
4714
4077
3149
2508
2044
1262
400
77
267
474
539
692
1082
1641
2146
2355
2312
2305
2365
2171
1660
1207
979
731
359
119
165
356
551
720
874
1055
1253
1279
980
530
148
-273
-945
-1770
-2479
-2999
-3499
-4024
-4390
-4413
-4178
-3891
-3552
-3018
-2329
-1722
-1281
-866
-438
-132
-35
-72
-164
-319
-535
-779
-1025
-1231
-1336
-1317
-1229
-1094
-846
-495
-169
50
260
512
690
719
721
822
940
952
923
998
1179
1343
1462
1625
1861
2090
2251
2374
2472
2507
2470
2379
2239
2051
1826
1545
1209
903
699
544
354
160
41
-19
-61
-84
-69
-28
30
104
163
163
112
42
-56
-215
-404
-530
-592
-723
-963
-1174
-1257
-1316
-1423
-1496
-1466
-1385
-1307
-1223
-1098
-901
-781
-1055
-1649
-2093
-2342
-2950
-3883
-4237
-3871
-3742
-4065
-3846
-2787
-1791
-1183
-405
638
1489
2079
2578
2841
2821
2729
2510
2039
1581
1379
1181
828
672
950
1416
1757
1963
2194
2521
2886
3088
3021
2840
2722
2593
2298
1923
1669
1541
1421
1299
1267
1349
1439
1408
1250
1117
1051
858
398
-128
-499
-855
-1381
-1933
-2256
-2376
-2480
-2608
-2644
-2497
-2251
-2083
-2031
-1947
-1757
-1619
-1653
-1718
-1671
-1581
-1550
-1538
-1426
-1194
-971
-866
-826
-722
-571
-515
-593
-700
-753
-792
-878
-980
-985
-837
-611
-410
-204
104
475
767
957
1138
1360
1542
1596
1564
1559
1588
1560
1450
1364
1365
1378
1327
1255
1214
1193
1153
1069
961
877
825
735
589
470
418
365
281
255
356
476
470
391
390
447
394
167
-99
-266
-364
-492
-657
-747
-698
-569
-431
-369
-577
-1125
-1695
-2073
-2648
-3667
-4440
-4383
-4132
-4391
-4505
-3633
-2335
-1471
-733
384
1511
2198
2615
2890
2865
2607
2248
1700
1092
779
675
439
273
566
1137
1597
1900
2141
2330
2507
2607
2412
1973
1625
1410
1077
677
529
638
733
775
967
1338
1654
1718
1598
1491
1403
1118
557
-38
-479
-906
-1442
-1907
-2113
-2158
-2230
-2322
-2301
-2142
-1963
-1894
-1913
-1859
-1675
-1501
-1445
-1379
-1170
-900
-722
-615
-465
-268
-153
-199
-298
-338
-375
-533
-764
-907
-920
-895
-882
-835
-692
-466
-226
-37
108
268
444
576
637
679
748
810
814
796
857
1008
1144
1213
1293
1429
1520
1487
1391
1305
1186
969
694
460
301
180
67
-13
-22
55
178
265
299
379
532
620
559
452
400
328
143
-107
-320
-443
-519
-586
-612
-511
-297
-138
-263
-756
-1330
-1697
-2135
-3108
-4167
-4381
-3973
-4005
-4354
-3829
-2426
-1304
-630
356
1575
2357
2741
3045
3079
2797
2499
2111
1481
1015
979
921
628
616
1096
1621
1877
1947
1976
2070
2180
2010
1521
1149
1063
904
578
474
692
900
938
981
1147
1328
1303
1002
657
461
189
-377
-956
-1217
-1334
-1576
-1777
-1700
-1505
-1459
-1554
-1633
-1642
-1618
-1627
-1702
-1748
-1640
-1427
-1243
-1068
-796
-466
-197
-29
62
118
128
-13
-336
-638
-766
-895
-1178
-1382
-1283
-1025
-829
-630
-302
69
340
495
609
688
688
606
499
422
382
359
359
417
569
810
1049
1197
1291
1414
1512
1424
1162
917
784
632
358
102
40
92
61
-14
60
291
479
532
564
626
620
487
271
16
-222
-364
-423
-471
-460
-318
-118
5
-65
-494
-1248
-1948
-2464
-3233
-4312
-4876
-4508
-4028
-4026
-3697
-2353
-791
92
722
1737
2667
2894
2720
2620
2445
2033
1607
1294
1089
1153
1481
1713
1788
2080
2564
2733
2453
2088
1818
1519
1106
629
270
226
391
467
524
853
1328
1543
1474
1402
1366
1167
739
197
-288
-637
-922
-1229
-1466
-1517
-1434
-1345
-1303
-1300
-1320
-1345
-1432
-1632
-1832
-1897
-1906
-1936
-1841
-1527
-1161
-887
-613
-282
2
141
132
25
-107
-242
-466
-769
-966
-982
-975
-1011
-925
-666
-401
-229
-71
117
268
335
335
313
301
301
307
337
409
501
628
813
1012
1172
1309
1414
1431
1353
1252
1153
998
744
478
332
303
253
153
189
425
651
702
709
807
883
783
519
244
62
-100
-363
-620
-675
-590
-531
-547
-877
-1750
-2712
-3186
-3647
-4810
-5880
-5631
-4657
-4302
-4131
-2911
-1103
126
967
2026
2884
3106
3108
3082
2704
2189
1977
1803
1415
1305
1726
2088
2118
2262
2673
2937
2816
2479
2120
1814
1535
1207
936
958
1210
1366
1386
1544
1868
2030
1819
1419
1092
795
329
-262
-707
-918
-1051
-1191
-1273
-1283
-1295
-1384
-1570
-1793
-1950
-2049
-2230
-2482
-2599
-2510
-2392
-2337
-2174
-1810
-1399
-1090
-822
-531
-283
-167
-192
-299
-407
-490
-639
-896
-1093
-1071
-959
-955
-974
-808
-540
-405
-374
-250
-46
73
133
284
510
689
802
914
1045
1182
1303
1382
1417
1479
1620
1775
1843
1818
1802
1832
1789
1595
1398
1339
1294
1118
963
1010
1096
1037
982
1068
1122
994
830
712
508
183
-119
-319
-554
-1158
-2464
-4170
-5436
-6103
-7049
-8438
-8886
-7658
-6110
-5435
-4631
-2580
-231
1116
1851
2806
3611
3664
3320
3093
2908
2655
2508
2465
2391
2454
2763
2928
2667
2374
2383
2267
1614
888
700
859
878
898
1352
2154
2817
3091
3161
3280
3401
3197
2545
1816
1378
1051
554
98
5
101
24
-184
-339
-532
-941
-1562
-2272
-2949
-3477
-3890
-4294
-4539
-4355
-3833
-3351
-2983
-2436
-1698
-1113
-860
-713
-484
-332
-397
-578
-663
-653
-656
-698
-749
-743
-706
-718
-828
-956
-949
-902
-965
-1070
-972
-614
-265
-13
275
684
1090
1323
1459
1632
1848
1999
2024
2065
2195
2340
2388
2342
2302
2248
2134
1948
1756
1659
1563
1426
1251
1125
1107
1085
1096
1104
1151
1273
1319
1333
1264
1170
1085
942
822
-85
-2456
-5475
-7447
-8038
-9522
-12091
-12741
-10158
-7199
-6643
-5901
-2530
1156
2614
2784
3986
5089
4592
3789
3638
3885
3720
3588
3804
3749
3856
4025
3653
2446
1135
782
433
-655
-1804
-1913
-923
-144
416
1369
2680
3720
3931
3818
3648
3493
3221
2459
1657
1406
1758
1910
1601
1647
2001
1886
1015
-51
-948
-2036
-3234
-4294
-5034
-5283
-5062
-4515
-3911
-3056
-1908
-992
-539
-360
-248
-492
-1145
-1718
-2010
-2170
-2360
-2321
-1885
-1300
-760
-388
-182
-167
-275
-460
-901
-1484
-1834
-1790
-1623
-1488
-1072
-342
310
667
943
1305
1496
1371
1166
1138
1286
1433
1589
1933
2444
2939
3262
3433
3516
3413
3068
2470
1791
1246
896
733
691
842
1191
1619
1990
2197
2340
2388
2241
1914
1497
1144
688
140
-344
-790
-1581
-3714
-7054
-9994
-11046
-11178
-12641
-14157
-12562
-8097
-4776
-4016
-2231
1854
5106
5421
4897
5793
6454
5478
4172
4159
5114
5387
4951
4457
4168
3915
3017
1445
-536
-2122
-2847
-3329
-3710
-3617
-2506
-771
717
2065
3348
4450
5000
4831
4274
3713
3757
4030
3694
3085
3172
3936
3965
2934
1943
1221
-76
-2211
-4129
-5203
-5998
-6801
-7127
-6527
-5360
-4241
-3199
-2112
-1063
-273
195
427
453
442
582
805
989
1166
1336
1286
796
-1
-942
-2034
-3274
-4528
-5404
-5610
-5187
-4481
-3652
-2418
-846
490
1220
1636
2022
2064
1691
1342
1375
1602
1722
1881
2253
2776
3143
3063
2639
2096
1524
849
142
-268
-316
-123
193
640
1255
1834
2187
2225
2095
1977
1785
1483
1233
1274
1573
1944
2357
2749
3052
3135
2988
2586
1875
1025
95
-884
-2032
-3287
-4579
-6594
-9450
-11843
-12109
-11067
-11114
-11488
-9322
-4681
-1341
-730
372
3422
5834
5610
4684
5378
6400
6016
4878
4714
5597
5802
4647
2798
1209
51
-1363
-3115
-4641
-5167
-4678
-3935
-3035
-1649
222
1914
2930
3599
4079
4374
4534
4493
4215
4034
4617
5573
5663
4815
4131
3917
2961
749
-1456
-2727
-3755
-5308
-6573
-6481
-5593
-5074
-4898
-4208
-2991
-2082
-1743
-1487
-928
-186
481
992
1406
1901
2455
2652
2226
1582
1157
623
-524
-1852
-2579
-2866
-3379
-3981
-3933
-3287
-2777
-2559
-2144
-1383
-756
-552
-416
44
723
1209
1488
1943
2645
3199
3273
3061
2882
2709
2311
1635
1015
728
614
342
-11
-10
312
443
193
-2
194
412
240
-62
93
672
1054
1095
1276
1772
2138
2131
2081
2155
2074
1698
1284
1053
961
815
483
-82
-1000
-2641
-5323
-8315
-10195
-10552
-10517
-10752
-9925
-6962
-3332
-1236
-410
1051
3080
3893
3282
3015
3916
4774
4823
4923
5861
6964
6963
5644
3791
2079
467
-1371
-3120
-4024
-3820
-3049
-2288
-1424
-233
914
1450
1377
1247
1362
1598
1831
2180
2914
4113
5418
6169
5998
5233
4274
2981
1111
-917
-2382
-3263
-4052
-4730
-4738
-4045
-3465
-3547
-3863
-3817
-3545
-3513
-3593
-3190
-2184
-1066
-143
853
2015
2803
2802
2357
1960
1447
536
-446
-993
-1139
-1212
-1232
-1131
-1095
-1309
-1680
-2033
-2300
-2417
-2321
-2063
-1631
-876
144
1021
1490
1782
2131
2326
2149
1845
1768
1840
1800
1713
1800
1978
1935
1577
1110
712
361
-21
-367
-514
-417
-217
-10
279
692
1072
1268
1365
1539
1797
1974
1972
1886
1846
1789
1566
1331
1302
1097
-11
-2018
-4200
-6241
-8302
-9934
-10313
-9622
-8682
-7400
-5141
-2532
-958
-401
351
1511
2161
2205
2649
3837
4996
5622
6093
6642
6747
5853
4145
2299
766
-512
-1686
-2524
-2610
-1993
-1274
-793
-336
218
494
301
119
431
1081
1710
2385
3328
4404
5249
5622
5407
4600
3405
2122
845
-432
-1524
-2212
-2597
-2948
-3241
-3294
-3276
-3588
-4197
-4580
-4472
-4155
-3827
-3219
-2136
-924
9
711
1355
1788
1784
1439
1039
750
551
345
106
-51
-47
-101
-490
-1108
-1628
-2018
-2442
-2764
-2669
-2184
-1649
-1190
-640
33
589
852
952
1114
1370
1580
1706
1892
2219
2503
2536
2374
2201
1993
1584
1027
580
366
261
146
78
141
296
431
509
589
730
927
1141
1357
1551
1653
1626
1536
1515
1580
1616
1538
1311
816
-143
-1575
-3348
-5407
-7503
-8905
-9082
-8534
-8006
-7221
-5516
-3407
-2113
-1641
-918
282
1108
1337
1860
3145
4485
5176
5462
5861
6164
5696
4325
2730
1547
656
-345
-1254
-1481
-1062
-722
-774
-740
-327
-4
-137
-313
13
753
1528
2303
3222
4161
4828
5069
4895
4379
3609
2688
1683
689
-132
-692
-1121
-1616
-2164
-2600
-2932
-3372
-3963
-4422
-4531
-4432
-4265
-3840
-3019
-2087
-1333
-659
83
678
898
882
856
818
695
560
470
362
200
-26
-342
-731
-1136
-1552
-1965
-2213
-2173
-1971
-1783
-1541
-1129
-668
-323
-47
272
598
880
1182
1550
1898
2141
2287
2347
2310
2188
1979
1673
1343
1095
923
769
681
694
714
697
723
808
848
860
928
1000
1029
1180
1539
1824
1815
1735
1834
1967
1910
1658
1124
126
-1208
-2656
-4396
-6489
-8089
-8307
-7680
-7348
-7092
-5830
-3889
-2816
-2814
-2428
-1085
36
230
550
1929
3591
4371
4485
4891
5534
5431
4280
2953
2238
1794
919
-154
-541
-143
122
-244
-590
-334
22
-171
-566
-408
248
816
1237
1940
2970
3862
4294
4374
4264
3957
3393
2601
1745
1026
513
39
-580
-1241
-1710
-2051
-2567
-3275
-3791
-3962
-4130
-4435
-4426
-3810
-3071
-2692
-2350
-1571
-701
-334
-265
96
642
825
669
676
898
918
622
336
193
-37
-494
-993
-1329
-1521
-1688
-1822
-1799
-1566
-1236
-956
-693
-337
95
457
721
991
1301
1578
1798
2008
2186
2268
2261
2211
2122
1976
1784
1572
1354
1148
961
800
703
660
601
515
516
604
624
596
754
1071
1203
1094
1129
1401
1486
1180
771
370
-331
-1458
-2788
-4186
-5520
-6317
-6327
-6063
-5952
-5485
-4249
-3067
-2837
-2926
-2219
-1097
-695
-774
-84
1391
2392
2567
2913
3823
4292
3651
2721
2433
2449
1993
1275
1090
1503
1820
1686
1439
1388
1349
1009
461
91
82
225
301
468
994
1736
2231
2322
2298
2318
2163
1702
1219
993
899
669
352
161
66
-172
-622
-1110
-1514
-1875
-2239
-2540
-2708
-2739
-2681
-2578
-2444
-2260
-2041
-1884
-1817
-1731
-1514
-1249
-1081
-966
-753
-454
-241
-163
-110
-78
-181
-390
-525
-534
-574
-698
-749
-642
-498
-423
-367
-277
-184
-97
25
159
249
345
530
770
980
1178
1410
1587
1604
1532
1511
1553
1569
1553
1570
1622
1664
1658
1594
1485
1380
1287
1170
1032
937
905
892
892
953
1049
1062
966
874
850
798
576
177
-269
-684
-1115
-1657
-2250
-2678
-2795
-2726
-2705
-2792
-2890
-2949
-2999
-2989
-2822
-2571
-2450
-2496
-2448
-2096
-1597
-1239
-1071
-897
-613
-294
-14
261
556
839
1105
1389
1703
1968
2093
2072
2007
2004
2050
2058
1990
1882
1784
1708
1677
1720
1791
1785
1669
1556
1524
1517
1450
1346
1252
1145
999
873
795
711
565
393
274
216
137
-51
-326
-572
-719
-835
-1008
-1186
-1264
-1277
-1338
-1424
-1435
-1405
-1455
-1568
-1574
-1427
-1298
-1332
-1448
-1499
-1469
-1464
-1514
-1528
-1448
-1330
-1242
-1153
-1008
-846
-748
-705
-620
-485
-382
-333
-252
-89
96
232
336
445
535
580
617
690
778
851
933
1063
1209
1330
1426
1479
1469
1430
1426
1432
1406
1403
1511
1676
1769
1788
1813
1830
1785
1720
1683
1595
1365
1026
658
228
-333
-1040
-1796
-2396
-2627
-2518
-2398
-2524
-2794
-2957
-2970
-2898
-2737
-2528
-2451
-2525
-2466
-2063
-1521
-1168
-1017
-842
-536
-171
185
509
772
991
1255
1601
1935
2146
2180
2042
1810
1652
1677
1756
1684
1503
1423
1493
1573
1599
1629
1643
1532
1321
1183
1169
1120
939
727
632
640
632
547
406
250
113
34
18
-6
-120
-331
-554
-706
-812
-964
-1199
-1438
-1594
-1658
-1650
-1590
-1519
-1503
-1526
-1506
-1427
-1370
-1398
-1453
-1448
-1397
-1361
-1359
-1344
-1281
-1192
-1090
-967
-833
-752
-748
-738
-651
-508
-368
-239
-99
42
190
367
550
665
707
770
898
1018
1068
1085
1136
1208
1248
1266
1317
1417
1502
1529
1533
1547
1540
1499
1496
1577
1675
1709
1687
1658
1637
1629
1631
1577
1425
1274
1243
1240
1069
702
276
-154
-672
-1319
-1982
-2520
-2830
-2895
-2847
-2883
-3052
-3214
-3250
-3161
-2989
-2782
-2643
-2611
-2530
-2201
-1691
-1280
-1078
-922
-649
-290
50
348
619
869
1099
1317
1514
1646
1663
1543
1366
1287
1361
1439
1380
1272
1288
1416
1495
1500
1539
1600
1558
1438
1404
1505
1574
1495
1358
1286
1252
1170
1031
882
746
613
485
373
275
149
-39
-266
-459
-584
-689
-835
-996
-1099
-1118
-1080
-1044
-1061
-1141
-1231
-1278
-1305
-1363
-1464
-1574
-1664
-1713
-1700
-1634
-1579
-1567
-1557
-1506
-1415
-1331
-1304
-1323
-1303
-1156
-905
-668
-507
-384
-258
-128
2
136
260
367
487
646
835
1019
1169
1251
1263
1280
1350
1409
1389
1340
1359
1435
1500
1536
1566
1573
1540
1511
1521
1512
1445
1395
1433
1505
1518
1480
1434
1357
1226
1084
991
932
856
743
560
258
-164
-670
-1266
-1935
-2495
-2712
-2625
-2535
-2636
-2810
-2896
-2897
-2864
-2746
-2530
-2363
-2342
-2303
-2053
-1656
-1354
-1232
-1133
-898
-549
-228
-29
116
332
625
890
1090
1278
1408
1347
1155
1114
1314
1482
1411
1278
1327
1484
1558
1572
1663
1760
1705
1569
1538
1606
1587
1425
1253
1175
1131
1046
931
839
774
707
635
567
493
368
187
15
-73
-114
-210
-388
-565
-668
-735
-827
-941
-1053
-1178
-1320
-1431
-1476
-1509
-1592
-1700
-1760
-1748
-1726
-1740
-1757
-1735
-1660
-1555
-1441
-1345
-1293
-1258
-1174
-1005
-802
-633
-506
-388
-255
-119
-2
98
191
283
375
502
678
860
972
1014
1058
1120
1147
1140
1191
1318
1428
1469
1503
1581
1631
1582
1482
1404
1336
1234
1119
1045
1023
1035
1064
1092
1076
1010
916
814
726
693
708
673
553
430
388
392
350
209
-97
-628
-1302
-1868
-2138
-2132
-1999
-1911
-1978
-2181
-2360
-2406
-2389
-2416
-2469
-2463
-2381
-2248
-2034
-1772
-1582
-1496
-1373
-1097
-762
-521
-375
-217
15
326
692
1013
1174
1171
1127
1156
1247
1340
1401
1422
1419
1453
1566
1698
1742
1684
1612
1602
1649
1702
1710
1656
1559
1471
1414
1362
1284
1183
1087
1028
1024
1027
956
783
567
383
232
84
-84
-265
-443
-581
-650
-678
-751
-915
-1123
-1300
-1425
-1550
-1712
-1880
-1996
-2038
-2004
-1917
-1819
-1762
-1744
-1684
-1526
-1332
-1201
-1146
-1085
-973
-849
-747
-672
-625
-606
-584
-523
-436
-373
-355
-328
-237
-81
102
256
352
415
496
620
761
870
948
1020
1116
1241
1378
1511
1630
1722
1780
1805
1796
1748
1647
1519
1409
1345
1311
1259
1175
1085
1023
985
939
873
794
715
654
625
632
662
680
653
588
513
436
307
38
-435
-1067
-1692
-2106
-2233
-2188
-2158
-2252
-2442
-2617
-2702
-2695
-2663
-2663
-2687
-2634
-2422
-2096
-1808
-1659
-1584
-1439
-1177
-882
-643
-460
-283
-72
200
528
818
949
906
830
868
1003
1126
1172
1188
1237
1347
1504
1671
1798
1841
1818
1804
1843
1902
1912
1864
1819
1831
1870
1870
1799
1674
1524
1378
1270
1200
1110
941
719
529
407
297
122
-111
-341
-532
-684
-797
-865
-927
-1035
-1173
-1269
-1301
-1348
-1486
-1676
-1809
-1844
-1830
-1811
-1790
-1783
-1808
-1831
-1783
-1676
-1608
-1635
-1680
-1650
-1550
-1444
-1342
-1223
-1091
-951
-794
-614
-439
-301
-162
23
249
462
614
721
826
954
1094
1215
1289
1316
1326
1357
1428
1521
1608
1654
1647
1610
1576
1548
1494
1419
1363
1342
1330
1306
1279
1262
1227
1151
1048
958
901
837
751
660
590
545
500
427
312
170
31
-83
-149
-164
-176
-328
-787
-1515
-2159
-2366
-2185
-2012
-2095
-2302
-2441
-2518
-2565
-2488
-2306
-2256
-2417
-2462
-2119
-1646
-1484
-1622
-1641
-1341
-944
-706
-593
-437
-188
115
489
940
1311
1392
1218
1127
1350
1680
1771
1639
1599
1754
1858
1774
1667
1657
1598
1410
1314
1458
1600
1488
1287
1315
1520
1586
1441
1315
1317
1302
1202
1159
1218
1190
946
643
491
423
216
-151
-460
-589
-659
-784
-904
-962
-1050
-1249
-1450
-1503
-1500
-1641
-1897
-2034
-1952
-1812
-1761
-1753
-1697
-1628
-1592
-1538
-1433
-1354
-1366
-1379
-1287
-1138
-1048
-1028
-1001
-938
-849
-719
-559
-425
-334
-238
-103
52
216
396
576
742
911
1085
1216
1275
1306
1353
1403
1441
1485
1538
1569
1581
1605
1614
1550
1422
1308
1242
1195
1149
1112
1077
1022
966
963
992
978
885
756
642
556
496
473
455
394
296
215
145
19
-154
-278
-320
-353
-444
-654
-1102
-1781
-2343
-2403
-2072
-1884
-2067
-2330
-2420
-2435
-2467
-2376
-2154
-2076
-2197
-2121
-1632
-1127
-1067
-1276
-1225
-831
-488
-423
-420
-246
19
246
518
909
1200
1135
882
869
1181
1423
1350
1248
1462
1839
2014
2000
2069
2207
2146
1916
1852
2015
2039
1764
1529
1621
1789
1679
1390
1244
1233
1098
840
702
704
583
279
62
81
74
-202
-591
-785
-797
-872
-1041
-1131
-1118
-1177
-1352
-1479
-1478
-1497
-1648
-1809
-1835
-1789
-1831
-1950
-1998
-1927
-1838
-1800
-1765
-1674
-1549
-1436
-1322
-1171
-1009
-881
-792
-691
-553
-411
-308
-233
-140
-8
150
295
404
486
583
701
804
877
950
1040
1137
1231
1334
1435
1501
1525
1542
1580
1608
1604
1582
1572
1564
1541
1511
1487
1448
1369
1265
1177
1097
997
868
739
622
500
366
250
167
105
26
-66
-125
-143
-171
-260
-364
-428
-461
-509
-558
-587
-619
-707
-949
-1450
-2095
-2482
-2350
-2006
-1938
-2150
-2274
-2243
-2276
-2315
-2121
-1865
-1928
-2142
-1934
-1319
-940
-1049
-1123
-736
-179
109
177
304
532
727
926
1268
1649
1763
1526
1288
1394
1692
1752
1534
1426
1598
1743
1631
1494
1554
1616
1474
1362
1528
1706
1530
1190
1140
1341
1357
1091
891
895
851
637
491
546
547
298
7
-55
-13
-183
-543
-778
-787
-791
-908
-978
-917
-901
-1041
-1175
-1157
-1125
-1257
-1470
-1562
-1525
-1505
-1553
-1585
-1557
-1509
-1476
-1437
-1386
-1352
-1353
-1339
-1256
-1116
-983
-893
-795
-650
-496
-391
-337
-287
-216
-123
9
192
381
533
657
793
930
1016
1048
1075
1117
1159
1206
1277
1354
1395
1406
1424
1435
1403
1361
1339
1318
1267
1213
1184
1147
1083
1026
994
947
860
745
615
458
301
191
125
62
-5
-46
-77
-147
-248
-318
-355
-397
-430
-407
-356
-347
-385
-409
-411
-444
-581
-924
-1458
-1890
-1891
-1585
-1439
-1599
-1737
-1700
-1710
-1817
-1737
-1490
-1498
-1766
-1718
-1166
-735
-852
-1062
-816
-328
-96
-91
21
242
362
441
706
1088
1236
1040
824
931
1248
1362
1175
1042
1197
1390
1328
1188
1266
1419
1338
1157
1235
1463
1407
1101
1023
1275
1392
1160
925
954
987
789
588
631
706
522
238
178
262
147
-170
-369
-356
-383
-558
-687
-673
-704
-899
-1066
-1058
-1035
-1170
-1352
-1396
-1354
-1380
-1454
-1457
-1402
-1365
-1345
-1294
-1236
-1220
-1210
-1145
-1030
-925
-865
-838
-793
-705
-600
-513
-441
-358
-271
-196
-111
-5
87
140
200
314
450
552
634
752
899
1017
1095
1165
1227
1256
1263
1286
1320
1314
1266
1219
1184
1129
1059
1005
983
964
945
942
941
893
795
704
651
596
493
368
278
213
139
79
69
57
-22
-133
-186
-188
-230
-316
-390
-444
-511
-582
-627
-668
-801
-1119
-1570
-1895
-1849
-1543
-1369
-1455
-1535
-1477
-1481
-1586
-1525
-1291
-1266
-1482
-1444
-989
-659
-803
-1000
-795
-413
-252
-229
-76
145
261
371
642
973
1108
997
880
973
1199
1295
1193
1121
1254
1420
1394
1274
1293
1374
1297
1149
1191
1360
1321
1066
964
1128
1208
996
764
763
808
686
559
623
696
520
246
178
235
118
-162
-330
-364
-506
-771
-913
-877
-900
-1059
-1156
-1106
-1111
-1298
-1499
-1544
-1493
-1451
-1403
-1333
-1283
-1275
-1258
-1187
-1084
-995
-942
-918
-880
-799
-700
-625
-567
-474
-345
-238
-174
-124
-68
-12
54
142
231
289
327
396
511
633
728
804
871
924
972
1031
1100
1173
1245
1310
1338
1312
1261
1208
1155
1098
1050
1015
968
886
798
734
685
622
547
482
422
344
242
139
56
-2
-40
-68
-89
-101
-130
-194
-274
-330
-378
-449
-524
-567
-602
-678
-811
-1037
-1398
-1747
-1792
-1528
-1334
-1443
-1597
-1539
-1451
-1525
-1541
-1314
-1136
-1263
-1343
-1000
-568
-574
-823
-720
-251
68
85
130
340
493
528
671
976
1163
1052
854
851
1024
1115
1027
948
1054
1234
1270
1194
1205
1291
1267
1164
1214
1385
1377
1162
1061
1203
1305
1165
979
937
906
730
539
500
504
364
153
74
77
-45
-302
-497
-557
-622
-778
-923
-986
-1046
-1166
-1264
-1288
-1328
-1460
-1591
-1596
-1512
-1462
-1467
-1462
-1422
-1365
-1287
-1180
-1087
-1042
-1014
-942
-826
-724
-676
-647
-574
-451
-313
-186
-67
42
137
241
366
476
523
528
561
646
738
808
877
952
1012
1050
1090
1147
1200
1239
1282
1325
1346
1322
1271
1226
1180
1117
1040
957
865
762
678
643
628
592
524
448
368
269
154
43
-30
-82
-142
-226
-321
-407
-471
-517
-555
-588
-617
-642
-674
-735
-822
-968
-1226
-1549
-1749
-1690
-1520
-1490
-1610
-1665
-1596
-1553
-1566
-1492
-1322
-1245
-1264
-1131
-778
-504
-513
-587
-438
-152
12
50
153
366
561
703
899
1138
1252
1181
1122
1247
1451
1498
1395
1366
1492
1587
1525
1433
1433
1433
1325
1226
1265
1316
1203
1041
1044
1153
1128
946
810
768
665
466
329
282
167
-66
-246
-289
-352
-549
-753
-828
-844
-918
-1012
-1058
-1115
-1255
-1401
-1434
-1394
-1394
-1442
-1459
-1422
-1393
-1393
-1377
-1313
-1237
-1185
-1137
-1046
-921
-820
-763
-700
-593
-488
-433
-409
-337
-216
-99
0
120
256
346
372
398
473
559
607
633
685
767
844
907
967
1030
1085
1132
1182
1229
1262
1274
1278
1287
1297
1280
1215
1119
1023
956
901
832
746
649
543
437
343
263
179
85
0
-69
-142
-227
-303
-356
-395
-449
-519
-579
-626
-678
-747
-799
-822
-853
-927
-1025
-1129
-1268
-1448
-1565
-1538
-1434
-1391
-1419
-1414
-1354
-1322
-1324
-1248
-1084
-942
-855
-704
-455
-263
-216
-184
-26
170
267
301
391
538
657
758
917
1093
1160
1110
1084
1164
1269
1299
1294
1341
1421
1442
1402
1370
1356
1288
1168
1098
1108
1084
963
844
827
846
792
682
594
504
356
204
142
127
41
-110
-227
-297
-399
-546
-675
-768
-865
-972
-1056
-1104
-1156
-1209
-1245
-1266
-1296
-1330
-1353
-1358
-1339
-1283
-1200
-1125
-1065
-995
-913
-839
-785
-731
-661
-579
-492
-398
-304
-221
-144
-68
0
64
129
199
274
352
439
526
589
642
711
785
825
825
833
860
888
901
905
912
914
914
921
931
918
874
819
781
762
738
685
609
531
464
398
327
251
178
109
48
-2
-47
-97
-156
-211
-256
-307
-372
-438
-487
-517
-546
-584
-622
-675
-746
-822
-889
-964
-1057
-1126
-1119
-1058
-1020
-1031
-1043
-1028
-1006
-982
-922
-823
-730
-656
-539
-350
-164
-60
1
107
259
393
489
586
694
780
845
915
984
1001
959
921
932
968
975
951
935
944
954
938
905
873
841
800
762
739
714
667
611
567
527
458
356
254
170
89
2
-84
-174
-267
-361
-444
-526
-621
-722
-800
-847
-883
-921
-953
-966
-963
-951
-932
-910
-888
-866
-836
-786
-730
-681
-642
-591
-527
-458
-397
-337
-278
-222
-166
-110
-59
-24
-5
19
49
78
101
122
154
193
238
277
310
344
377
409
443
480
517
543
560
575
587
589
584
579
569
546
511
476
448
418
380
341
316
298
273
240
210
188
160
128
103
81
47
1
-41
-65
-87
-137
-198
-245
-273
-306
-356
-409
-445
-477
-515
-549
-564
-564
-572
-585
-578
-552
-540
-554
-556
-516
-461
-422
-397
-364
-329
-303
-276
-226
-168
-127
-98
-58
0
53
95
138
200
270
334
390
443
491
530
574
623
671
701
716
723
721
716
706
696
679
655
626
589
542
495
451
414
378
338
297
255
214
174
143
120
97
66
32
-2
-35
-73
-113
-154
-193
-244
-298
-355
-410
-462
-508
-546
-581
-616
-649
-678
-694
-698
-693
-683
-675
-669
-665
-655
-635
-605
-570
-533
-502
-478
-454
-432
-396
-353
-302
-253
-219
-192
-172
-145
-108
-66
-19
27
68
96
123
152
190
235
286
333
365
381
391
408
427
449
469
479
479
466
453
443
438
442
444
440
434
420
398
375
356
344
334
317
289
246
197
147
102
70
44
20
-5
-31
-59
-86
-107
-116
-119
-118
-111
-107
-111
-117
-123
-124
-119
-111
-103
-96
-95
-98
-102
-108
-116
-119
-126
-136
-152
-175
-197
-216
-232
-239
-243
-243
-239
-231
-217
-198
-175
-147
-117
-82
-49
-18
9
32
55
76
96
112
124
132
136
140
148
155
165
169
174
175
173
171
168
165
168
168
166
161
153
147
141
135
128
120
108
92
73
52
31
10
-14
-35
-57
-84
-109
-131
-153
-173
-192
-204
-218
-235
-248
-257
-262
-264
-270
-274
-278
-281
-280
-281
-282
-280
-277
-265
-250
-229
-203
-173
-139
-101
-67
-34
-5
22
48
69
86
99
112
117
122
130
141
153
163
173
185
194
202
209
212
215
214
211
203
192
181
170
156
148
144
144
149
156
166
174
176
179
182
180
172
159
147
130
108
89
69
53
41
32
23
15
9
2
-4
-15
-27
-42
-56
-72
-88
-104
-118
-130
-139
-148
-154
-159
-160
-163
-166
-166
-168
-165
-164
-163
-161
-162
-158
-155
-154
-151
-146
-141
-132
-125
-118
-110
-101
-87
-76
-63
-52
-41
-28
-18
-8
0
11
21
28
39
49
58
69
79
90
102
113
123
131
135
139
139
140
138
134
131
127
121
117
113
108
106
101
97
94
86
82
74
65
56
45
31
15
3
-9
-20
-30
-38
-43
-49
-50
-51
-55
-56
-59
-64
-68
-74
-83
-92
-101
-108
-112
-116
-121
-121
-118
-111
-104
-95
-83
-72
-63
-55
-49
-45
-40
-34
-27
-19
-12
-4
5
16
27
40
55
66
76
84
90
92
91
89
85
81
77
74
71
69
69
69
70
72
72
73
72
70
66
61
54
47
38
28
19
9
0
-9
-14
-18
-20
-20
-19
-18
-19
-18
-20
-21
-27
-31
-35
-41
-46
-51
-57
-62
-63
-64
-62
-58
-55
-49
-47
-44
-41
-42
-46
-49
-53
-56
-58
-58
-54
-53
-49
-43
-35
-27
-17
-7
6
16
25
31
38
44
46
47
46
44
42
43
43
42
45
48
53
59
65
71
75
79
80
80
78
75
71
64
56
47
41
36
32
27
25
19
15
9
1
-6
-18
-29
-41
-53
-61
-66
-71
-77
-77
-79
-79
-75
-72
-69
-64
-58
-56
-52
-49
-48
-47
-47
-44
-42
-38
-36
-31
-29
-27
-22
-20
-16
-12
-7
-4
1
5
11
17
22
27
30
31
33
38
43
46
47
47
52
53
54
57
58
57
54
49
46
39
34
32
31
28
26
24
24
22
22
22
20
19
17
14
9
2
-6
-11
-17
-22
-24
-23
-22
-20
-17
-15
-13
-14
-14
-15
-17
-17
-16
-17
-18
-23
-24
-24
-24
-24
-26
-26
-24
-21
-19
-17
-15
-13
-14
-16
-20
-21
-22
-21
-19
-15
-12
-11
-7
-5
-1
-1
2
4
8
11
14
17
17
15
13
10
7
6
8
11
18
22
28
30
30
31
29
29
26
25
22
19
18
16
10
6
3
2
0
2
4
7
10
11
11
9
6
0
-5
-10
-14
-19
-21
-20
-21
-24
-24
-26
-27
-27
-27
-24
-18
-15
-11
-11
-11
-14
-15
-18
-19
-18
-16
-11
-8
-7
-4
-2
-2
-1
1
4
5
6
8
11
10
9
9
8
7
7
10
11
12
14
15
17
20
20
19
16
14
12
11
10
11
11
9
9
8
7
7
8
8
9
9
9
10
9
8
2
2
-1
-3
-4
-4
-4
-4
-4
-3
-2
-7
-9
-14
-16
-17
-19
-17
-17
-14
-14
-14
-13
-14
-15
-17
-16
-13
-11
-9
-7
-6
-7
-5
-7
-8
-10
-8
-7
-4
-2
-1
1
2
2
2
4
6
7
7
8
10
12
13
14
16
16
17
16
14
17
19
20
22
22
20
18
15
13
12
11
9
12
11
12
10
7
5
1
-2
-4
-5
-6
-6
-6
-6
-8
-12
-17
-19
-25
-23
-23
-23
-22
-22
-23
-24
-22
-22
-23
-22
-20
-18
-16
-13
-8
-5
-4
-5
-6
-3
-3
-1
2
7
10
11
12
12
13
13
10
10
11
11
12
11
12
12
12
11
10
9
10
