-3
-4
-3
-1
1
1
-1
0
0
-2
-4
-5
-6
-7
-7
-7
-4
-5
-5
-3
-2
-2
-1
-2
0
1
3
4
4
2
1
2
1
3
4
4
3
3
2
1
1
0
0
1
3
2
1
1
2
2
4
4
2
1
1
2
1
1
-1
-2
-3
-3
-3
-1
-2
-6
-5
-3
-3
-2
-2
0
-1
-1
0
2
5
5
5
4
4
3
4
1
0
-1
-3
-1
-2
-1
-1
-4
-5
-5
-4
-4
-4
-3
-3
-2
-3
-2
-3
-3
-1
0
1
0
1
1
3
4
5
7
6
7
6
6
6
7
7
6
5
7
7
5
4
3
0
0
0
0
-1
0
0
0
0
-2
-4
-3
-4
-4
-4
-5
-7
-7
-5
-6
-4
-2
-1
0
0
0
1
1
1
1
1
4
2
-2
-1
-3
-3
-6
-3
0
-2
-2
-1
-1
-1
-2
-3
-2
-2
-1
-1
-2
-1
-3
-4
-2
-1
-3
-2
-3
-2
0
1
2
2
3
4
4
5
4
4
3
3
3
4
6
5
4
4
4
5
4
3
3
2
4
3
2
2
1
0
0
-1
-3
-7
-8
-10
-10
-9
-9
-7
-8
-7
-6
-5
-5
-3
-2
-2
-4
-3
-1
1
3
3
5
5
5
6
5
4
8
8
10
9
8
9
9
8
7
7
4
3
2
1
0
0
-2
-2
-2
-2
-2
-1
-1
-1
1
2
1
0
-2
-4
-2
-2
-2
-2
0
-1
-1
0
1
0
0
-1
1
1
0
-1
-3
-4
-5
-7
-8
-9
-11
-12
-10
-8
-9
-11
-10
-9
-7
-7
-7
-4
-2
-4
-2
-2
0
1
1
1
1
2
2
1
3
5
7
8
8
8
10
9
7
5
6
4
3
4
4
4
4
4
3
4
4
2
1
-1
1
1
0
0
-1
0
-2
-2
0
1
1
2
2
3
2
2
1
1
2
1
2
4
4
5
6
4
3
3
5
3
-1
-1
-2
-6
-7
-7
-6
-6
-7
-7
-6
-4
-5
-2
-2
-1
-1
0
0
-3
-5
-6
-6
-7
-8
-6
-6
-4
-2
-1
3
5
6
6
5
5
4
4
4
4
4
4
4
3
3
2
2
2
1
-2
-4
-2
1
-2
-2
-1
-1
-1
-2
-3
-4
-6
-5
-3
-2
-4
-2
-3
-2
-2
-1
-1
-2
-2
-1
-1
0
0
1
0
-1
0
-1
-2
-1
-1
-3
-3
-3
-2
-2
-1
-2
-2
-2
-1
0
0
0
0
1
2
1
2
3
4
4
2
4
7
6
7
9
9
10
7
8
10
10
12
11
10
10
9
7
7
5
5
1
2
2
2
1
0
-1
-2
-1
-1
-2
-1
-1
-2
-4
-3
-1
-3
0
-1
-1
-2
-2
-2
-3
-5
-5
-5
-6
-7
-13
-13
-14
-18
-18
-25
-26
-24
-27
-23
-26
-35
-33
-34
-34
-36
-45
-45
-41
-39
-35
-36
-33
-29
-26
-19
-14
-13
-10
-5
3
8
8
11
18
24
27
30
38
43
44
42
52
64
65
66
68
78
87
83
79
87
90
89
85
84
90
81
76
85
91
88
76
74
86
80
61
53
51
45
21
-1
-11
-25
-57
-91
-108
-126
-156
-189
-217
-231
-249
-273
-281
-278
-278
-284
-280
-259
-238
-223
-204
-171
-134
-104
-73
-32
15
57
95
144
200
253
296
339
394
443
478
511
546
575
588
587
592
597
583
560
543
522
483
434
389
342
286
228
174
121
52
-8
-40
-59
-96
-145
-191
-226
-258
-297
-325
-349
-381
-414
-433
-439
-446
-447
-428
-372
-297
-257
-273
-313
-316
-273
-228
-216
-224
-231
-234
-232
-196
-179
-264
-448
-601
-630
-661
-855
-1176
-1466
-1650
-1746
-1734
-1618
-1534
-1585
-1614
-1407
-1023
-732
-618
-521
-349
-191
-81
63
227
275
231
312
604
903
1041
1131
1352
1670
1947
2172
2405
2589
2642
2631
2689
2780
2744
2555
2354
2232
2117
1943
1755
1600
1436
1225
1028
896
773
572
319
120
-10
-144
-327
-511
-660
-799
-940
-1041
-1084
-1117
-1204
-1318
-1389
-1405
-1431
-1510
-1610
-1685
-1741
-1807
-1863
-1886
-1897
-1923
-1936
-1876
-1758
-1652
-1584
-1508
-1393
-1278
-1186
-1088
-961
-831
-745
-671
-574
-467
-392
-337
-246
-116
3
86
166
273
384
468
549
664
802
912
991
1082
1191
1289
1355
1416
1479
1512
1508
1502
1515
1513
1479
1439
1409
1372
1319
1269
1229
1189
1147
1098
1021
918
829
779
730
650
547
454
383
316
243
152
48
-34
-72
-107
-265
-670
-1311
-1952
-2257
-2171
-2060
-2281
-2675
-2771
-2482
-2166
-1990
-1755
-1440
-1338
-1446
-1316
-873
-658
-958
-1258
-1064
-695
-655
-806
-726
-474
-311
-84
467
1063
1246
1181
1409
1923
2202
2097
2014
2144
2153
1874
1672
1800
1908
1638
1262
1239
1424
1320
918
691
783
810
557
314
307
304
68
-187
-187
-69
-140
-345
-404
-304
-270
-354
-406
-401
-473
-638
-765
-830
-949
-1124
-1210
-1174
-1146
-1197
-1239
-1196
-1123
-1067
-992
-884
-802
-766
-726
-643
-547
-479
-428
-374
-317
-268
-220
-180
-151
-121
-61
28
102
131
138
173
236
293
329
372
431
481
541
654
808
913
926
919
964
1032
1059
1057
1093
1150
1168
1150
1157
1179
1147
1063
1004
985
924
799
657
499
235
-115
-405
-618
-974
-1586
-2189
-2434
-2364
-2315
-2422
-2502
-2402
-2211
-2032
-1806
-1520
-1338
-1369
-1428
-1285
-1019
-916
-1022
-1089
-945
-714
-531
-346
-102
123
321
668
1216
1723
1941
2012
2226
2556
2732
2707
2695
2762
2730
2539
2400
2434
2443
2229
1917
1751
1700
1529
1186
876
711
565
315
45
-118
-231
-411
-608
-685
-649
-660
-767
-839
-798
-742
-778
-866
-933
-1006
-1140
-1292
-1391
-1464
-1590
-1758
-1870
-1885
-1871
-1884
-1882
-1819
-1734
-1677
-1606
-1469
-1313
-1216
-1141
-994
-790
-639
-569
-491
-372
-272
-226
-171
-81
-16
-1
22
109
225
315
395
517
679
836
972
1107
1253
1385
1483
1566
1655
1731
1763
1761
1755
1740
1694
1639
1600
1567
1500
1412
1355
1324
1273
1196
1123
1046
936
840
835
883
844
677
566
670
901
1034
974
746
316
-349
-1158
-1994
-2887
-3829
-4637
-5209
-5730
-6305
-6642
-6417
-5780
-5087
-4365
-3413
-2281
-1219
-253
759
1753
2488
2925
3255
3557
3688
3532
3150
2705
2331
2027
1667
1148
569
143
-76
-220
-348
-364
-219
-28
139
382
788
1244
1574
1763
1929
2120
2238
2199
2034
1838
1658
1460
1218
964
739
560
435
388
402
418
419
421
401
303
148
-17
-267
-708
-1257
-1715
-2059
-2445
-2895
-3203
-3279
-3274
-3278
-3145
-2770
-2308
-1923
-1539
-1015
-436
-6
255
497
762
917
878
728
568
378
101
-204
-451
-655
-885
-1114
-1234
-1211
-1102
-966
-778
-493
-121
303
729
1138
1520
1871
2165
2368
2489
2570
2602
2533
2361
2153
1954
1726
1435
1150
957
839
740
659
643
689
744
798
882
973
1005
948
864
773
589
238
-230
-753
-1391
-2235
-3218
-4202
-5146
-6002
-6505
-6458
-6150
-6032
-5991
-5411
-4119
-2703
-1662
-769
356
1559
2476
3187
3926
4503
4567
4261
4064
4037
3765
3041
2192
1610
1291
988
582
139
-230
-460
-515
-415
-237
-63
97
304
607
998
1416
1792
2062
2206
2288
2395
2492
2427
2150
1836
1652
1510
1220
801
431
146
-171
-531
-805
-984
-1231
-1614
-1975
-2167
-2253
-2382
-2604
-2841
-2992
-3008
-2924
-2811
-2684
-2468
-2107
-1657
-1221
-825
-448
-123
106
264
409
495
415
159
-139
-377
-583
-834
-1116
-1338
-1455
-1479
-1442
-1333
-1120
-814
-472
-126
251
667
1055
1353
1602
1873
2155
2356
2450
2494
2534
2547
2495
2389
2273
2159
2027
1842
1629
1449
1306
1155
976
814
696
590
490
439
468
537
591
625
652
687
751
840
899
860
720
506
219
-119
-483
-1001
-1863
-3029
-4214
-5244
-6136
-6763
-6939
-6901
-7086
-7305
-6799
-5431
-4022
-3107
-2198
-765
811
1969
2885
3904
4726
4921
4780
4859
4999
4588
3584
2596
2013
1624
1115
491
-94
-557
-842
-867
-649
-372
-183
12
400
969
1505
1918
2304
2681
2907
2968
3068
3221
3135
2708
2299
2177
2073
1651
1088
731
523
185
-223
-475
-656
-1012
-1476
-1767
-1867
-2007
-2275
-2551
-2763
-2926
-3002
-2945
-2839
-2779
-2692
-2438
-2045
-1653
-1313
-984
-684
-467
-301
-143
-65
-182
-445
-701
-903
-1149
-1470
-1765
-1949
-2035
-2029
-1894
-1644
-1356
-1048
-651
-141
403
895
1310
1670
1997
2313
2589
2734
2726
2664
2639
2631
2571
2456
2333
2212
2072
1927
1807
1687
1519
1312
1138
1046
1009
976
925
897
921
978
1040
1088
1120
1143
1174
1201
1179
1072
886
633
278
-197
-799
-1590
-2623
-3836
-5089
-6247
-7113
-7470
-7471
-7608
-7956
-7817
-6680
-5086
-3857
-2899
-1569
99
1508
2571
3698
4786
5255
5119
5064
5289
5159
4273
3116
2299
1776
1191
511
-100
-636
-1105
-1311
-1130
-782
-555
-384
-16
569
1169
1696
2236
2740
3032
3122
3265
3525
3586
3234
2768
2552
2449
2076
1482
1036
773
393
-107
-407
-488
-716
-1192
-1588
-1728
-1844
-2116
-2411
-2635
-2862
-3066
-3094
-2996
-2991
-3043
-2889
-2502
-2124
-1823
-1439
-986
-674
-514
-296
-30
13
-248
-548
-702
-866
-1209
-1618
-1875
-1981
-2057
-2092
-1974
-1698
-1358
-992
-549
-16
537
1040
1482
1878
2255
2606
2865
2975
2985
2991
2995
2925
2780
2627
2474
2272
2048
1879
1772
1646
1458
1262
1128
1058
997
919
851
841
875
914
961
1045
1141
1185
1170
1165
1199
1213
1118
857
452
-9
-485
-1137
-2163
-3479
-4815
-6050
-7140
-7814
-7915
-7923
-8348
-8698
-7984
-6291
-4760
-3837
-2751
-1021
737
2003
3170
4501
5401
5466
5314
5564
5738
5084
3830
2794
2185
1566
775
63
-496
-1046
-1461
-1408
-964
-610
-490
-226
422
1185
1781
2341
3008
3531
3687
3742
4007
4234
3965
3345
2932
2813
2512
1851
1227
883
551
49
-354
-470
-615
-1059
-1548
-1749
-1787
-1970
-2284
-2535
-2750
-3010
-3182
-3162
-3122
-3217
-3239
-2966
-2533
-2196
-1919
-1534
-1103
-780
-528
-259
-99
-219
-492
-676
-783
-1030
-1465
-1886
-2136
-2240
-2285
-2278
-2179
-1982
-1680
-1253
-708
-111
459
986
1502
2021
2512
2915
3181
3303
3356
3396
3389
3282
3086
2865
2654
2447
2234
2023
1802
1561
1337
1186
1103
1031
937
853
836
900
1023
1177
1313
1400
1462
1519
1554
1543
1486
1366
1103
688
240
-202
-856
-1928
-3270
-4574
-5785
-6923
-7693
-7853
-7850
-8269
-8691
-8086
-6458
-4961
-4130
-3168
-1497
272
1505
2583
3908
4929
5118
5004
5269
5518
4978
3837
2877
2281
1638
850
167
-421
-1079
-1598
-1615
-1261
-1004
-916
-623
33
785
1424
2062
2756
3285
3516
3678
3994
4242
4065
3556
3164
3023
2774
2184
1535
1124
796
320
-139
-350
-508
-901
-1366
-1558
-1563
-1700
-1996
-2240
-2434
-2683
-2870
-2858
-2809
-2925
-3024
-2836
-2449
-2150
-1938
-1613
-1187
-844
-610
-352
-107
-69
-274
-507
-639
-809
-1174
-1634
-1970
-2120
-2189
-2235
-2186
-1999
-1726
-1391
-946
-381
208
730
1197
1651
2118
2558
2881
3024
3042
3071
3125
3089
2911
2693
2515
2322
2069
1822
1638
1448
1192
939
802
765
737
686
681
784
968
1153
1289
1384
1482
1603
1717
1764
1702
1520
1219
835
429
-41
-776
-1911
-3281
-4614
-5819
-6867
-7524
-7691
-7795
-8232
-8507
-7743
-6107
-4689
-3852
-2790
-1041
742
1966
3015
4246
5161
5313
5209
5437
5586
4948
3738
2751
2179
1595
815
65
-559
-1156
-1604
-1620
-1291
-1030
-955
-703
-50
746
1369
1912
2554
3121
3368
3474
3747
4002
3812
3278
2939
2880
2620
1962
1325
990
675
160
-289
-445
-595
-1010
-1436
-1552
-1544
-1748
-2084
-2301
-2459
-2698
-2869
-2836
-2808
-2957
-3032
-2748
-2305
-2031
-1827
-1426
-930
-607
-412
-138
122
94
-192
-425
-537
-779
-1274
-1795
-2108
-2253
-2382
-2493
-2465
-2264
-1945
-1534
-1015
-409
211
790
1319
1824
2327
2781
3094
3239
3319
3417
3473
3380
3159
2920
2706
2463
2164
1872
1626
1381
1094
829
675
610
542
456
436
535
696
849
1006
1201
1397
1542
1641
1723
1765
1719
1567
1322
989
575
53
-715
-1836
-3179
-4510
-5760
-6912
-7713
-7992
-8137
-8595
-8954
-8332
-6794
-5363
-4452
-3345
-1566
290
1637
2808
4155
5215
5525
5509
5741
5903
5343
4207
3182
2476
1773
936
140
-568
-1246
-1721
-1732
-1405
-1142
-1023
-700
18
848
1496
2075
2768
3388
3672
3782
4047
4316
4158
3620
3216
3105
2873
2290
1673
1291
957
481
63
-145
-367
-787
-1209
-1408
-1525
-1782
-2113
-2389
-2668
-2989
-3189
-3181
-3169
-3310
-3412
-3221
-2823
-2479
-2192
-1795
-1308
-904
-617
-316
-15
78
-93
-327
-481
-688
-1106
-1628
-2033
-2270
-2428
-2542
-2550
-2419
-2149
-1742
-1218
-636
-43
545
1122
1665
2189
2686
3062
3241
3300
3374
3441
3365
3127
2863
2666
2464
2194
1901
1662
1457
1225
999
858
791
705
584
522
558
628
690
790
936
1074
1200
1378
1589
1712
1724
1722
1718
1613
1396
1134
801
276
-477
-1432
-2591
-3918
-5289
-6568
-7593
-8174
-8378
-8608
-8964
-8820
-7676
-6029
-4691
-3591
-2082
-184
1460
2705
3944
5143
5790
5831
5783
5822
5492
4535
3335
2347
1561
778
2
-692
-1295
-1744
-1848
-1564
-1145
-817
-464
132
921
1644
2220
2782
3327
3660
3742
3802
3944
3912
3511
3003
2746
2635
2310
1784
1378
1155
870
468
172
-3
-310
-787
-1186
-1421
-1700
-2124
-2548
-2889
-3223
-3514
-3622
-3598
-3626
-3662
-3459
-2984
-2465
-2014
-1514
-935
-450
-139
121
377
438
184
-215
-543
-857
-1323
-1904
-2387
-2675
-2840
-2922
-2847
-2581
-2201
-1738
-1147
-421
328
1014
1644
2235
2746
3145
3439
3585
3549
3408
3275
3126
2857
2490
2161
1920
1687
1428
1210
1075
962
840
759
760
775
723
644
632
676
691
650
637
694
769
808
849
955
1094
1192
1254
1340
1415
1386
1258
1097
858
436
-161
-917
-1948
-3309
-4766
-6082
-7301
-8399
-9027
-9074
-9037
-9179
-8830
-7368
-5355
-3744
-2434
-699
1411
3141
4319
5411
6412
6804
6531
6148
5844
5184
3957
2588
1527
746
48
-557
-996
-1281
-1383
-1160
-598
52
523
883
1403
2102
2671
2936
3104
3334
3426
3230
3019
3043
3031
2672
2223
2123
2238
2103
1722
1468
1373
1132
720
380
65
-507
-1276
-1919
-2394
-2947
-3595
-4112
-4464
-4772
-4957
-4836
-4490
-4137
-3745
-3096
-2240
-1454
-853
-295
276
669
764
683
546
243
-352
-1071
-1630
-2018
-2437
-2884
-3121
-3049
-2826
-2533
-2065
-1396
-669
37
753
1472
2090
2559
2898
3102
3178
3188
3148
2984
2694
2426
2280
2167
1999
1857
1840
1880
1871
1830
1839
1876
1846
1729
1591
1461
1276
995
672
408
201
-2
-181
-253
-228
-182
-92
124
425
685
889
1078
1191
1171
1088
992
787
420
-31
-534
-1168
-1941
-2833
-3951
-5280
-6522
-7467
-8257
-8880
-8956
-8483
-8045
-7752
-6803
-4849
-2801
-1453
-288
1416
3234
4408
5101
5842
6412
6313
5783
5392
5067
4327
3215
2241
1646
1233
852
550
337
176
165
430
853
1141
1194
1248
1526
1876
2005
1984
2117
2389
2469
2364
2469
2825
2963
2740
2626
2847
2941
2558
2033
1687
1251
469
-396
-1099
-1867
-2857
-3760
-4319
-4734
-5164
-5403
-5305
-5061
-4796
-4329
-3581
-2804
-2185
-1592
-901
-305
-28
3
-10
-89
-401
-890
-1270
-1481
-1748
-2113
-2310
-2197
-1982
-1829
-1600
-1179
-693
-283
96
507
880
1145
1342
1530
1675
1733
1751
1795
1876
1982
2143
2336
2470
2559
2719
2943
3065
3022
2946
2891
2767
2515
2192
1847
1458
1010
558
203
-66
-344
-626
-759
-690
-571
-487
-344
-103
127
305
499
703
806
773
669
537
360
98
-232
-542
-802
-1076
-1368
-1548
-1579
-1588
-1627
-1717
-2149
-3105
-4177
-4989
-5862
-6958
-7459
-6938
-6536
-7099
-7320
-5725
-3259
-1718
-869
676
2823
4391
5244
6117
6929
6978
6303
5622
5177
4515
3321
1883
761
249
160
81
-156
-290
-14
628
1365
1980
2404
2690
2933
3116
3120
2966
2787
2542
2088
1598
1404
1388
1152
766
696
969
1110
935
723
620
419
-29
-584
-1105
-1662
-2374
-3172
-3842
-4288
-4616
-4941
-5171
-5141
-4821
-4281
-3573
-2763
-1941
-1142
-368
314
816
1130
1262
1140
764
302
-115
-606
-1284
-1929
-2251
-2290
-2292
-2251
-1950
-1390
-809
-273
347
1022
1535
1824
2032
2227
2304
2197
1983
1755
1576
1481
1447
1414
1402
1512
1744
1944
2033
2105
2212
2223
2055
1810
1587
1306
874
387
-2
-293
-581
-839
-979
-982
-911
-800
-639
-406
-109
179
369
476
565
608
511
277
-8
-331
-711
-1110
-1475
-1809
-2101
-2310
-2399
-2319
-2023
-1593
-1168
-761
-410
-291
-425
-583
-783
-1330
-2016
-2237
-2135
-2423
-2968
-2859
-2056
-1391
-986
-261
768
1527
2011
2625
3228
3366
3059
2651
2295
1937
1493
911
309
-16
40
261
464
738
1183
1710
2210
2640
2948
3073
3006
2765
2394
1986
1572
1060
444
-79
-344
-458
-595
-725
-692
-495
-305
-237
-215
-168
-192
-395
-674
-897
-1134
-1494
-1898
-2211
-2452
-2659
-2777
-2780
-2697
-2487
-2130
-1740
-1428
-1149
-853
-587
-412
-330
-319
-358
-445
-584
-720
-792
-832
-892
-903
-780
-575
-382
-171
128
471
758
981
1190
1372
1473
1491
1481
1461
1396
1291
1191
1113
1033
962
919
889
869
900
976
1022
1008
985
993
996
935
817
702
603
482
348
271
239
162
61
30
42
-5
-107
-183
-240
-311
-364
-372
-372
-398
-451
-486
-452
-382
-366
-418
-465
-508
-614
-763
-869
-929
-985
-996
-916
-784
-652
-500
-288
-28
216
426
632
731
469
-134
-683
-1093
-1802
-2800
-3312
-3142
-3101
-3459
-3338
-2351
-1315
-711
-47
934
1768
2189
2439
2629
2609
2303
1792
1247
866
640
367
75
60
396
848
1245
1580
1894
2209
2475
2551
2410
2197
1951
1563
1088
708
456
216
-43
-197
-112
169
399
446
505
737
908
775
509
337
125
-319
-837
-1193
-1425
-1688
-1944
-2008
-1845
-1634
-1518
-1421
-1215
-954
-787
-738
-721
-705
-710
-745
-801
-862
-888
-863
-824
-780
-688
-539
-415
-371
-343
-265
-202
-274
-430
-514
-502
-503
-544
-516
-383
-250
-178
-99
43
191
273
325
414
509
541
537
561
615
679
752
817
859
916
1005
1067
1060
1044
1048
1019
924
800
696
605
488
339
236
238
307
361
393
453
556
662
730
734
664
553
435
268
41
-159
-271
-386
-554
-620
-501
-367
-349
-303
-116
76
136
36
-299
-865
-1394
-1790
-2364
-3099
-3361
-3015
-2796
-2922
-2594
-1560
-636
-172
349
1060
1509
1575
1501
1338
1086
778
315
-196
-371
-234
-198
-234
40
554
983
1272
1496
1638
1725
1749
1586
1311
1133
983
727
520
507
576
650
717
700
679
798
852
614
399
478
524
288
87
157
255
211
158
206
316
368
245
29
-105
-219
-508
-881
-1101
-1178
-1252
-1317
-1293
-1143
-891
-656
-537
-456
-309
-229
-352
-562
-709
-847
-1067
-1328
-1498
-1515
-1445
-1396
-1325
-1121
-828
-604
-461
-313
-162
-76
-90
-161
-218
-246
-293
-355
-353
-257
-127
-2
143
319
489
609
670
700
731
748
714
667
673
711
730
763
849
958
1072
1212
1352
1439
1476
1499
1493
1418
1271
1089
936
825
700
543
453
455
440
349
290
324
327
223
132
132
91
-69
-207
-359
-836
-1538
-1935
-2054
-2536
-3237
-3233
-2616
-2438
-2690
-2303
-1283
-647
-499
-185
277
436
357
264
129
6
-55
-258
-517
-411
-22
128
90
322
791
1128
1228
1210
1182
1235
1274
1122
942
990
1085
985
884
979
1102
1125
1081
961
813
755
681
422
157
100
128
98
141
316
506
651
767
833
861
829
631
302
41
-132
-372
-664
-838
-865
-823
-765
-709
-622
-473
-347
-373
-497
-591
-698
-929
-1240
-1479
-1594
-1665
-1747
-1740
-1557
-1305
-1117
-936
-679
-442
-345
-329
-307
-317
-406
-527
-611
-643
-624
-558
-456
-327
-169
11
191
314
381
445
505
476
371
344
416
433
398
483
705
878
984
1152
1363
1478
1502
1536
1544
1440
1263
1115
1013
918
825
764
778
825
819
757
720
712
634
513
452
386
220
72
-30
-447
-1239
-1830
-1969
-2292
-3041
-3335
-2744
-2193
-2272
-2167
-1330
-487
-198
-40
349
663
658
474
280
143
43
-134
-353
-341
-49
183
206
269
547
855
944
795
612
603
693
631
461
499
776
980
1026
1110
1301
1435
1380
1192
1035
973
834
514
243
197
152
-82
-281
-250
-183
-246
-304
-240
-168
-191
-297
-429
-512
-524
-527
-547
-489
-320
-142
-26
43
85
94
46
-89
-288
-459
-606
-812
-1032
-1124
-1087
-1067
-1098
-1057
-905
-745
-673
-640
-556
-458
-454
-525
-561
-551
-570
-604
-563
-451
-332
-212
-54
124
279
418
544
627
645
643
646
615
536
469
419
347
300
355
449
463
483
656
899
985
952
1049
1252
1263
1057
950
992
920
689
518
453
365
219
90
7
-27
-26
-54
-278
-891
-1714
-2239
-2496
-3138
-4005
-3977
-3040
-2474
-2498
-1914
-579
356
656
1062
1625
1766
1465
1121
888
768
648
384
186
409
860
1033
954
1014
1271
1436
1294
953
710
697
675
504
489
839
1246
1397
1432
1598
1787
1727
1344
876
564
335
-26
-437
-584
-446
-343
-401
-388
-230
-196
-424
-688
-806
-898
-1109
-1312
-1335
-1214
-1069
-949
-795
-547
-269
-111
-108
-132
-111
-142
-310
-534
-685
-749
-800
-866
-885
-804
-695
-664
-678
-639
-582
-618
-717
-745
-661
-573
-518
-409
-199
30
181
271
354
404
359
247
157
125
131
184
299
435
550
648
721
742
721
695
680
671
672
672
688
782
943
1068
1111
1163
1256
1247
1055
828
708
561
264
-14
-98
-88
-108
-91
20
183
278
-126
-1356
-2735
-3328
-3594
-4698
-5896
-5375
-3621
-2749
-2693
-1517
611
1726
1755
2158
2847
2628
1731
1239
1172
1101
1043
1036
1004
1246
1854
2136
1759
1354
1362
1303
735
75
-121
83
236
281
668
1512
2231
2322
2093
2067
2080
1663
874
232
-69
-320
-651
-825
-624
-229
9
2
-105
-168
-328
-856
-1686
-2359
-2603
-2721
-2977
-3018
-2459
-1607
-1041
-733
-236
375
561
260
11
39
-26
-324
-485
-324
-107
-22
15
32
-9
-98
-300
-685
-1071
-1200
-1166
-1204
-1181
-826
-261
159
411
754
1181
1360
1181
952
893
823
607
440
491
651
784
947
1160
1321
1359
1240
968
629
404
234
-37
-271
-220
109
370
508
699
971
1149
1043
871
741
598
325
8
-56
-52
-135
-252
-169
-285
-1582
-3675
-5218
-5699
-6574
-8364
-8880
-7114
-4991
-4291
-3372
-721
1793
2697
3027
4042
4678
4004
3152
2831
2835
2783
2792
2846
2763
3038
3448
3271
2409
1652
1525
1154
239
-352
-7
674
870
1177
2120
3168
3555
3255
2913
2617
2175
1437
617
187
81
8
-127
-29
264
304
10
-521
-1151
-1860
-2541
-3192
-3825
-4119
-3975
-3653
-3473
-3213
-2610
-2046
-1926
-2064
-1872
-1454
-1332
-1393
-1092
-434
-33
46
232
499
527
286
1
-369
-857
-1191
-1321
-1395
-1393
-1103
-601
-250
-8
362
755
822
609
581
783
870
816
979
1445
1827
2020
2269
2582
2660
2413
2119
1929
1709
1399
1162
1102
1165
1256
1346
1412
1412
1388
1317
1169
921
637
445
359
316
236
305
545
682
576
434
478
300
-420
-2107
-4919
-7793
-9401
-9897
-11028
-12180
-10831
-7310
-4481
-3357
-1486
1615
3459
3423
3280
4120
4349
3315
2622
3104
4184
4730
4830
4815
4532
4136
3321
1944
349
-712
-1058
-1506
-1800
-1083
479
1785
2374
3077
3992
4386
3936
3040
2314
1829
1559
1449
1493
1892
2441
2716
2486
2088
1744
939
-536
-2140
-3205
-3809
-4368
-4725
-4569
-3933
-3230
-2749
-2383
-1995
-1636
-1587
-1818
-1871
-1551
-1228
-1240
-1234
-806
-292
-227
-514
-668
-710
-1019
-1528
-1834
-1843
-1813
-1798
-1584
-1147
-675
-328
-143
-92
-105
-131
-200
-297
-292
-60
319
693
1111
1680
2278
2592
2628
2650
2683
2516
2135
1841
1767
1780
1794
1832
1899
1901
1731
1420
1107
904
755
604
602
802
1055
1266
1491
1758
1851
1750
1588
1448
1267
888
502
142
-336
-1142
-2264
-3605
-5782
-8668
-10887
-11267
-10695
-10767
-10354
-7784
-3990
-1561
-654
1001
3261
4261
3690
3415
4319
4850
4493
4201
4849
5846
5933
5159
3930
2743
1486
-243
-1953
-2957
-2875
-2510
-2358
-1621
-60
1536
2219
2434
2926
3264
3148
2872
2944
3264
3577
4100
4606
4788
4570
4076
3225
1803
273
-992
-2138
-3382
-4420
-4745
-4563
-4346
-4200
-3943
-3625
-3494
-3501
-3349
-2932
-2395
-1832
-1160
-258
741
1523
1885
1866
1570
908
-78
-1080
-1851
-2400
-2806
-2911
-2630
-2169
-1797
-1627
-1559
-1518
-1477
-1421
-1295
-1001
-546
-11
595
1262
1872
2256
2407
2425
2343
2177
1981
1821
1712
1637
1607
1599
1575
1489
1322
1119
908
708
603
612
630
608
702
994
1224
1259
1358
1651
1843
1712
1599
1723
1772
1540
1233
1124
1035
787
522
272
-162
-1162
-2697
-4486
-6487
-8543
-10105
-10387
-9582
-8552
-7300
-5234
-2539
-527
373
1097
2119
2850
2846
2863
3590
4564
5115
5252
5474
5675
5239
3945
2178
584
-694
-1857
-2799
-3091
-2524
-1660
-1011
-389
479
1277
1472
1328
1456
1879
2313
2806
3597
4466
5040
5328
5377
4995
4059
2781
1414
35
-1189
-2058
-2618
-3051
-3377
-3497
-3537
-3749
-4123
-4409
-4438
-4260
-3902
-3224
-2200
-1053
-76
712
1430
1955
2068
1765
1322
858
249
-421
-856
-972
-1040
-1254
-1470
-1590
-1750
-2058
-2386
-2534
-2471
-2218
-1775
-1181
-531
87
629
1050
1328
1515
1634
1650
1598
1601
1703
1795
1805
1772
1681
1477
1178
876
595
321
115
53
116
232
350
474
616
751
863
985
1185
1438
1643
1785
1955
2182
2306
2204
1968
1784
1682
1501
1139
577
-255
-1391
-2632
-3887
-5620
-7998
-9828
-9721
-8328
-7570
-7370
-5799
-2748
-653
-527
-289
1421
2971
2822
2352
3456
5343
6029
5454
5197
5716
5676
4149
1987
608
50
-803
-2136
-2729
-1885
-788
-742
-1139
-672
378
669
186
196
1089
2005
2488
3066
4010
4791
4956
4644
4121
3437
2554
1458
229
-819
-1368
-1592
-2015
-2727
-3272
-3493
-3829
-4500
-5025
-4975
-4585
-4193
-3575
-2424
-1019
46
630
1086
1616
1952
1816
1428
1249
1313
1211
804
461
358
92
-641
-1478
-1955
-2202
-2548
-2851
-2741
-2254
-1761
-1401
-1005
-502
-75
161
354
698
1135
1471
1702
1971
2271
2444
2420
2256
2000
1672
1317
978
688
525
488
441
313
209
179
122
45
82
211
290
431
851
1380
1626
1588
1639
1874
1997
1853
1613
1377
917
-9
-1230
-2406
-3663
-5443
-7402
-8294
-7680
-6796
-6626
-6217
-4471
-2408
-1675
-1761
-931
740
1632
1535
2011
3674
5173
5399
5051
5241
5649
5127
3558
2096
1485
1109
222
-699
-724
-82
97
-445
-780
-387
36
-185
-569
-262
655
1416
1830
2395
3256
3843
3771
3377
3060
2681
1972
1099
427
68
-166
-530
-1105
-1735
-2254
-2771
-3433
-4058
-4330
-4312
-4250
-4035
-3396
-2485
-1741
-1267
-816
-322
47
255
446
678
878
1019
1126
1149
1015
743
394
-22
-475
-869
-1130
-1294
-1420
-1470
-1373
-1176
-1003
-902
-820
-706
-563
-391
-156
163
535
901
1223
1476
1654
1749
1743
1654
1539
1456
1403
1356
1330
1351
1372
1305
1140
950
752
487
163
-105
-222
-219
-155
-56
49
117
127
98
49
-2
-41
-90
-217
-471
-808
-1140
-1395
-1612
-1898
-2226
-2408
-2310
-2031
-1742
-1502
-1268
-1059
-928
-815
-583
-227
38
24
-135
-89
282
698
864
823
820
950
1113
1211
1276
1363
1426
1407
1417
1613
1856
1811
1457
1181
1187
1207
1015
812
784
761
577
433
532
680
566
212
-108
-248
-289
-351
-467
-577
-612
-552
-448
-349
-281
-292
-430
-623
-722
-694
-687
-819
-990
-1032
-941
-849
-801
-758
-747
-803
-860
-797
-648
-562
-577
-584
-486
-322
-211
-213
-290
-354
-362
-331
-275
-176
-65
-24
-18
89
291
412
362
273
267
286
270
284
338
303
149
58
130
226
211
175
249
402
534
643
762
859
881
857
851
885
916
901
875
897
987
1095
1171
1186
1126
1037
1011
1042
999
770
390
-33
-446
-858
-1316
-1861
-2406
-2731
-2747
-2651
-2680
-2802
-2859
-2848
-2795
-2582
-2192
-1899
-1913
-1998
-1774
-1271
-841
-640
-510
-295
-2
312
651
1016
1348
1562
1687
1881
2232
2550
2564
2320
2155
2199
2214
2059
1921
1923
1892
1742
1703
1907
2073
1921
1611
1428
1356
1206
974
796
656
465
271
219
302
346
238
36
-152
-304
-454
-631
-826
-1005
-1140
-1236
-1314
-1374
-1418
-1479
-1576
-1656
-1681
-1683
-1713
-1735
-1689
-1596
-1524
-1492
-1488
-1523
-1592
-1638
-1613
-1543
-1456
-1337
-1173
-986
-786
-562
-358
-222
-125
0
135
232
314
426
540
626
726
848
926
921
904
932
974
1008
1073
1172
1262
1318
1379
1452
1506
1520
1507
1496
1510
1560
1637
1721
1791
1846
1852
1791
1685
1566
1430
1255
1003
651
206
-286
-811
-1418
-2073
-2567
-2732
-2711
-2790
-3008
-3170
-3185
-3143
-3026
-2706
-2295
-2118
-2218
-2223
-1874
-1391
-1120
-1025
-830
-474
-112
188
509
864
1139
1275
1380
1598
1876
1991
1835
1615
1598
1726
1717
1514
1360
1363
1354
1262
1286
1507
1653
1509
1288
1280
1389
1329
1093
914
841
732
563
478
517
522
389
229
196
227
110
-211
-536
-685
-733
-838
-978
-1051
-1115
-1288
-1477
-1486
-1369
-1370
-1524
-1608
-1510
-1388
-1357
-1364
-1338
-1314
-1314
-1293
-1220
-1133
-1080
-1042
-960
-792
-586
-443
-379
-302
-164
-37
27
90
182
245
270
338
457
536
558
606
698
762
809
905
1009
1034
1020
1072
1173
1234
1247
1274
1311
1311
1286
1282
1308
1348
1391
1434
1454
1423
1321
1150
961
820
733
652
551
428
241
-65
-486
-983
-1558
-2151
-2551
-2601
-2475
-2487
-2683
-2826
-2781
-2645
-2482
-2254
-2026
-1973
-2059
-1990
-1616
-1152
-877
-771
-604
-269
105
378
566
770
1005
1216
1407
1644
1878
1932
1771
1614
1648
1749
1685
1484
1356
1374
1409
1417
1500
1654
1680
1498
1308
1287
1324
1208
965
768
673
613
569
586
635
607
465
301
201
135
-6
-253
-513
-697
-832
-980
-1108
-1156
-1170
-1245
-1362
-1432
-1461
-1513
-1578
-1585
-1544
-1527
-1540
-1540
-1531
-1536
-1530
-1478
-1401
-1337
-1266
-1154
-1012
-868
-717
-543
-361
-192
-48
77
177
240
274
306
354
404
425
437
495
627
793
932
1016
1049
1051
1044
1057
1090
1116
1122
1143
1222
1349
1463
1513
1504
1476
1469
1487
1500
1479
1402
1286
1135
973
820
676
525
370
249
187
161
128
65
-44
-258
-650
-1214
-1828
-2300
-2496
-2429
-2273
-2218
-2309
-2428
-2445
-2342
-2178
-2013
-1915
-1910
-1902
-1734
-1404
-1108
-989
-957
-832
-591
-335
-138
39
249
505
821
1190
1530
1699
1649
1509
1460
1551
1646
1623
1525
1473
1491
1529
1580
1657
1691
1575
1360
1218
1203
1180
1066
934
868
831
764
695
663
616
509
390
325
285
206
91
-8
-90
-191
-326
-484
-660
-830
-941
-978
-995
-1054
-1146
-1231
-1292
-1331
-1358
-1387
-1440
-1499
-1521
-1499
-1448
-1388
-1316
-1236
-1134
-990
-825
-696
-627
-574
-496
-402
-323
-263
-220
-192
-146
-36
126
275
366
399
415
442
492
549
591
607
617
659
748
855
948
1020
1086
1158
1211
1219
1183
1123
1067
1024
982
931
879
852
850
843
815
760
668
546
440
411
440
460
453
434
419
408
391
314
81
-343
-873
-1354
-1660
-1734
-1646
-1579
-1670
-1869
-2009
-2002
-1915
-1833
-1790
-1798
-1823
-1766
-1565
-1309
-1146
-1075
-963
-730
-421
-137
82
247
414
647
945
1227
1398
1417
1313
1188
1139
1175
1188
1110
1000
947
956
974
1008
1059
1065
974
862
824
836
817
769
757
810
880
938
980
992
960
904
851
794
695
530
312
94
-69
-171
-279
-458
-676
-859
-979
-1075
-1167
-1246
-1317
-1397
-1461
-1453
-1385
-1330
-1312
-1268
-1166
-1050
-967
-906
-838
-768
-703
-635
-563
-512
-492
-477
-428
-373
-358
-399
-456
-475
-453
-400
-311
-184
-41
87
210
354
491
562
564
574
640
734
817
904
1024
1149
1232
1273
1304
1321
1277
1179
1084
1030
993
943
882
829
784
722
640
557
489
440
413
420
456
493
501
486
465
448
424
387
326
247
169
92
-54
-383
-926
-1535
-1969
-2101
-2018
-1931
-1979
-2140
-2308
-2371
-2268
-2049
-1866
-1844
-1911
-1850
-1567
-1218
-1010
-943
-846
-632
-383
-188
-35
121
275
439
686
1023
1284
1292
1113
997
1074
1204
1210
1121
1086
1146
1230
1334
1505
1687
1738
1644
1570
1630
1703
1639
1476
1377
1378
1367
1288
1202
1128
993
791
625
553
467
258
-7
-189
-278
-369
-499
-625
-735
-869
-1002
-1060
-1044
-1043
-1103
-1163
-1167
-1154
-1183
-1250
-1317
-1363
-1393
-1396
-1377
-1362
-1372
-1389
-1382
-1333
-1265
-1216
-1202
-1184
-1112
-996
-895
-826
-759
-673
-570
-440
-263
-63
112
271
461
665
814
880
903
911
911
927
992
1084
1136
1155
1191
1251
1280
1248
1194
1165
1158
1169
1198
1237
1260
1253
1229
1192
1127
1038
941
839
744
677
637
588
498
391
298
191
45
-90
-175
-238
-302
-322
-273
-220
-264
-451
-818
-1334
-1786
-1910
-1727
-1550
-1590
-1732
-1811
-1851
-1877
-1813
-1679
-1683
-1877
-1974
-1747
-1397
-1259
-1318
-1274
-1013
-711
-526
-404
-242
-57
129
383
757
1104
1187
1025
927
1092
1336
1381
1267
1240
1336
1379
1348
1395
1513
1494
1303
1187
1285
1391
1296
1114
1062
1131
1154
1099
1074
1095
1067
988
977
1058
1080
910
643
475
419
318
98
-125
-268
-397
-566
-709
-776
-870
-1072
-1280
-1352
-1329
-1374
-1497
-1572
-1542
-1481
-1451
-1431
-1400
-1370
-1348
-1304
-1230
-1158
-1120
-1099
-1052
-953
-834
-750
-718
-709
-683
-639
-587
-537
-477
-385
-253
-101
50
182
300
404
500
607
724
831
905
966
1039
1128
1195
1217
1204
1183
1168
1150
1128
1113
1107
1089
1045
991
945
894
824
755
713
694
673
649
635
625
597
564
548
531
483
419
373
349
318
269
201
120
19
-90
-206
-347
-602
-1070
-1649
-2012
-1944
-1669
-1590
-1760
-1914
-1960
-2039
-2092
-1912
-1625
-1598
-1784
-1694
-1200
-792
-827
-1011
-925
-639
-449
-376
-254
-74
48
140
364
725
966
882
643
632
913
1142
1105
1044
1209
1440
1480
1461
1618
1781
1661
1407
1406
1615
1643
1407
1246
1315
1369
1226
1043
983
923
733
540
530
613
545
288
73
36
9
-178
-428
-553
-585
-671
-767
-742
-686
-800
-1019
-1089
-1005
-1005
-1162
-1290
-1294
-1299
-1366
-1402
-1373
-1375
-1434
-1431
-1314
-1179
-1107
-1072
-995
-860
-716
-621
-586
-568
-533
-488
-429
-325
-186
-70
10
114
262
394
460
502
567
627
655
681
738
802
845
893
967
1040
1071
1071
1082
1103
1102
1085
1077
1080
1063
1030
999
955
869
747
631
534
462
406
353
297
239
178
104
34
-17
-51
-87
-127
-151
-164
-180
-195
-198
-204
-226
-243
-251
-280
-341
-415
-567
-895
-1320
-1556
-1472
-1299
-1303
-1430
-1479
-1478
-1557
-1595
-1423
-1206
-1236
-1387
-1262
-852
-572
-609
-667
-486
-202
-25
93
288
500
611
701
924
1230
1377
1251
1064
1070
1230
1283
1165
1084
1159
1224
1153
1090
1163
1200
1041
854
872
979
933
767
715
802
838
747
650
619
578
460
343
327
342
239
27
-122
-145
-195
-394
-621
-721
-731
-795
-882
-883
-862
-947
-1085
-1099
-1022
-1046
-1185
-1249
-1161
-1060
-1038
-1029
-972
-921
-900
-848
-754
-700
-713
-718
-650
-546
-476
-452
-447
-426
-368
-280
-196
-120
-24
101
236
358
460
533
576
609
659
712
739
741
755
796
856
918
965
988
990
986
981
979
974
953
911
846
774
726
687
620
518
419
333
243
143
54
-8
-60
-112
-158
-198
-249
-303
-342
-360
-366
-374
-384
-398
-396
-370
-335
-308
-301
-317
-352
-392
-427
-467
-532
-609
-690
-793
-900
-943
-898
-841
-859
-915
-923
-880
-841
-813
-755
-682
-635
-587
-466
-284
-138
-68
-21
73
202
323
421
513
611
709
794
861
915
950
948
928
928
965
1000
996
972
959
956
937
894
850
802
740
680
633
606
586
546
475
391
337
312
274
189
100
36
-32
-116
-187
-230
-285
-384
-468
-488
-491
-555
-679
-780
-821
-835
-859
-883
-895
-895
-886
-860
-821
-792
-792
-801
-776
-704
-618
-560
-535
-508
-456
-396
-354
-329
-311
-302
-292
-261
-207
-156
-131
-117
-81
-16
55
101
136
175
225
276
332
388
439
476
502
543
605
656
667
663
678
712
734
741
740
729
701
686
696
706
683
632
597
582
559
518
475
431
369
296
242
209
160
80
-4
-59
-108
-175
-256
-322
-364
-412
-473
-525
-558
-586
-617
-654
-679
-693
-704
-716
-727
-733
-737
-739
-740
-731
-714
-709
-722
-721
-680
-617
-568
-534
-493
-437
-378
-316
-241
-165
-104
-48
30
125
206
264
318
389
468
535
593
650
702
743
786
836
882
905
913
931
955
963
951
940
936
923
892
858
828
787
723
662
612
564
494
412
335
271
198
112
29
-47
-122
-203
-277
-340
-401
-473
-547
-607
-654
-708
-769
-825
-871
-907
-937
-959
-976
-996
-1019
-1027
-1011
-989
-979
-977
-960
-925
-889
-848
-798
-744
-699
-654
-596
-520
-447
-385
-323
-252
-178
-104
-27
48
116
178
242
314
382
438
488
539
592
640
686
725
758
786
817
853
887
908
914
918
933
948
949
931
907
885
866
839
798
745
684
623
560
499
434
360
278
197
129
70
3
-77
-156
-221
-278
-335
-397
-453
-504
-554
-600
-637
-664
-698
-732
-758
-772
-776
-780
-785
-783
-772
-752
-728
-700
-665
-623
-577
-529
-479
-421
-360
-301
-245
-186
-126
-68
-17
35
87
135
177
215
253
293
330
361
388
415
442
468
492
513
531
547
563
578
589
596
597
594
587
575
562
541
510
475
433
392
349
296
239
180
123
66
6
-54
-114
-175
-234
-290
-341
-387
-432
-476
-513
-544
-571
-594
-610
-623
-634
-635
-631
-622
-612
-598
-581
-560
-534
-503
-472
-437
-398
-355
-310
-262
-213
-165
-116
-65
-14
37
79
119
159
202
239
273
302
329
357
385
413
439
458
472
482
497
509
516
517
513
506
498
490
479
464
444
424
401
379
354
322
288
252
215
181
140
98
55
11
-29
-67
-105
-144
-184
-219
-250
-282
-315
-349
-379
-407
-430
-453
-476
-496
-510
-518
-520
-518
-513
-500
-485
-462
-433
-398
-362
-324
-282
-237
-191
-143
-93
-43
6
56
108
159
203
246
287
324
359
387
410
431
446
460
470
474
473
471
467
460
448
439
427
409
392
373
354
330
303
274
245
212
175
138
99
58
14
-28
-72
-113
-159
-203
-246
-285
-322
-358
-390
-418
-444
-467
-487
-503
-517
-526
-533
-537
-538
-535
-530
-521
-507
-491
-471
-449
-426
-400
-371
-341
-306
-270
-231
-190
-151
-108
-66
-25
17
60
98
134
171
204
237
266
292
315
338
360
375
387
395
408
424
434
443
446
446
451
461
470
477
479
477
481
488
489
483
471
456
443
430
411
384
347
307
268
230
184
132
74
15
-39
-90
-140
-194
-247
-298
-339
-377
-410
-443
-479
-509
-529
-543
-553
-564
-575
-577
-571
-563
-553
-545
-537
-523
-502
-477
-452
-424
-397
-365
-328
-288
-248
-209
-172
-132
-93
-49
-7
33
72
110
152
192
230
267
302
335
365
394
424
449
469
485
499
509
518
522
525
523
519
509
499
484
464
442
416
393
362
331
298
261
224
186
144
103
61
20
-22
-66
-109
-151
-192
-230
-264
-298
-333
-366
-395
-418
-441
-464
-484
-503
-513
-519
-525
-530
-535
-537
-529
-513
-494
-476
-466
-452
-431
-395
-350
-314
-282
-248
-204
-151
-100
-58
-23
12
58
114
165
198
214
236
277
327
365
381
386
397
426
463
484
483
473
469
485
501
501
479
451
439
445
445
428
386
342
315
304
290
255
202
153
120
103
79
37
-13
-57
-85
-100
-120
-161
-206
-239
-257
-264
-280
-309
-343
-366
-374
-375
-384
-401
-415
-426
-420
-412
-405
-402
-405
-397
-373
-346
-325
-306
-288
-256
-218
-178
-144
-118
-88
-49
-5
33
60
86
113
145
173
198
216
228
244
260
271
282
289
291
290
285
285
285
279
273
262
249
240
229
218
204
185
170
154
139
123
103
86
67
47
29
10
-7
-22
-39
-57
-73
-87
-99
-109
-120
-131
-140
-146
-154
-157
-164
-167
-170
-173
-170
-169
-166
-161
-161
-156
-151
-142
-134
-131
-126
-119
-107
-91
-79
-69
-62
-54
-40
-24
-11
-2
4
11
23
35
48
56
61
66
75
86
95
99
101
103
109
114
116
117
112
110
111
113
113
106
101
97
92
90
84
77
68
60
54
49
40
30
21
13
5
-2
-11
-21
-29
-36
-42
-46
-52
-56
-61
-66
-69
-72
-73
-76
-78
-78
-78
-79
-80
-81
-78
-74
-71
-66
-62
-56
-50
-45
-40
-35
-29
-22
-15
-9
-5
1
6
10
16
19
20
23
27
33
33
35
36
40
43
47
48
49
50
51
54
55
58
59
60
61
63
64
64
65
64
64
62
60
59
54
50
46
42
34
29
24
16
8
3
-4
-11
-19
-26
-33
-42
-50
-55
-61
-65
-69
-73
-76
-82
-87
-89
-88
-90
-91
-90
-88
-85
-84
-81
-80
-75
-70
-66
-61
-56
-49
-44
-38
-32
-24
-17
-10
-3
2
9
14
22
30
35
40
45
51
55
59
60
63
65
68
71
71
72
71
71
69
68
66
66
62
61
58
55
53
50
45
41
36
32
28
24
19
14
11
7
4
2
1
-3
-7
-10
-14
-16
-19
-21
-25
-28
-32
-34
-37
-41
-45
-47
-48
-49
-52
-52
-53
-52
-50
-51
-49
-49
-45
-43
-39
-35
-32
-31
-27
-23
-20
-18
-14
-10
-6
-5
-3
1
4
9
11
15
16
17
19
21
23
25
26
29
30
32
33
33
35
35
34
34
36
35
33
32
30
28
26
24
21
21
18
15
15
11
10
8
6
4
2
-1
0
-1
-2
-6
-8
-9
-8
-11
-13
-13
-15
-17
-18
-20
-21
-22
-25
-25
-25
-26
-24
-25
-27
-27
-27
-28
-30
-28
-26
-26
-25
-25
-25
-23
-20
-19
-18
-17
-14
-12
-10
-5
-1
1
3
5
6
7
9
13
13
13
15
16
16
17
19
22
25
26
26
28
28
30
31
32
33
33
32
31
29
29
28
26
25
23
20
17
14
11
9
6
4
0
-2
-4
-7
-10
-12
-14
-18
-18
-20
-19
-20
-21
-21
-21
-23
-22
-22
-21
-19
-20
-18
-17
-16
-15
-13
-14
-13
-11
-9
-8
-6
-5
-6
-6
-6
-6
-5
-7
-5
-6
-5
-4
-4
-4
-3
-1
0
0
2
2
5
5
6
6
6
4
5
7
6
7
10
12
11
11
12
11
13
12
14
15
15
15
15
15
13
11
11
11
9
7
6
7
8
4
4
3
1
1
-2
-3
-2
-3
-4
-5
-6
-7
-8
-11
-11
-11
-13
-12
-13
-14
-13
-14
-15
-15
-15
-16
-16
-13
-11
-10
-7
-7
-4
-4
-3
-2
-2
-1
-1
-1
0
0
3
2
1
2
3
5
4
5
6
5
6
7
7
9
9
8
9
9
10
9
11
10
10
11
9
9
8
8
8
6
5
5
5
2
2
1
0
-1
-3
-5
-4
-5
-6
-7
-6
-8
-7
-8
-7
-6
-6
-5
-4
-5
-5
-5
-5
-4
-4
-3
-2
-3
-4
-5
-4
-5
-4
-3
-5
-3
-2
0
0
0
-1
0
0
1
1
2
3
2
2
0
3
2
2
1
3
3
3
3
3
5
4
4
5
5
6
7
7
6
7
7
7
3
