0
0
-1
-2
-2
-3
-3
-3
-3
-2
-2
-3
-2
-2
-3
-3
-3
-5
-4
-6
-6
-5
-8
-7
-7
-7
-8
-6
-6
-4
-5
-6
-4
-7
-6
-5
-5
-5
-4
-3
-1
1
3
3
3
5
5
7
6
3
5
5
5
5
4
6
6
6
7
7
7
6
6
6
6
4
2
4
1
-1
0
-1
-2
-4
-3
-3
-2
-5
-4
-2
0
0
0
3
3
3
1
0
0
-1
-1
-3
-2
-2
-4
-5
-4
-3
-4
-5
-5
-4
-5
-6
-5
-4
-4
-5
-4
-4
-5
-4
-2
-3
-3
-2
-1
1
0
1
2
2
3
3
3
5
5
5
5
5
4
6
7
8
8
8
9
9
10
10
9
8
7
7
4
4
4
3
2
1
1
0
1
0
0
-1
-3
-2
-1
-2
-4
-4
-5
-5
-5
-6
-5
-6
-6
-5
-4
-5
-5
-4
-4
-2
-2
-3
-3
-3
-3
-5
-5
-7
-9
-8
-8
-7
-8
-5
-7
-6
-3
-4
-5
-4
-4
-5
-4
-4
-4
-5
-5
-5
-5
-4
-4
-2
0
2
2
5
6
7
8
9
9
8
10
6
8
7
6
6
5
5
3
5
7
8
7
8
9
11
9
9
9
9
9
8
7
7
7
7
6
6
5
4
5
5
5
6
6
5
4
2
1
0
-1
-2
-2
-2
-3
-4
-5
-6
-6
-8
-9
-9
-10
-11
-11
-10
-10
-12
-14
-14
-13
-13
-14
-15
-15
-14
-12
-10
-10
-10
-9
-9
-6
-6
-5
-5
-6
-7
-6
-7
-5
-5
-2
-2
0
3
2
5
6
7
8
12
10
10
9
9
10
11
10
10
9
8
9
9
9
9
11
10
7
6
9
8
7
6
6
5
3
2
1
0
-1
-3
-2
-1
-1
-2
-1
1
1
-1
0
1
-1
0
0
2
2
1
2
3
2
2
3
4
3
3
3
2
1
-1
0
-2
-1
-1
-4
-6
-4
-3
-4
-3
-3
-3
-1
1
0
0
0
-1
0
0
-2
-1
-2
-1
-2
-2
-3
-1
0
-1
-2
-2
-3
-4
-3
-3
-4
-4
-6
-7
-7
-6
-6
-6
-4
-4
-5
-3
0
1
-1
0
0
0
-3
-4
-3
-4
-4
-4
-1
-1
-3
-2
-1
-1
-1
-3
-3
-2
-1
1
-1
-1
-1
-1
1
1
1
2
2
1
3
3
4
4
5
3
3
4
3
2
1
2
3
3
1
2
2
2
2
3
4
3
4
5
7
7
6
8
11
12
13
17
16
19
23
27
30
30
32
35
38
40
41
42
44
44
44
43
42
41
40
37
36
32
30
26
20
18
14
10
6
1
-2
-8
-14
-21
-31
-38
-45
-48
-57
-69
-72
-77
-83
-90
-105
-112
-116
-122
-122
-137
-149
-149
-154
-153
-160
-172
-166
-162
-156
-151
-158
-150
-141
-133
-121
-120
-113
-101
-90
-76
-63
-49
-29
-10
14
35
61
81
99
117
130
143
151
151
149
137
128
118
99
75
47
21
-9
-43
-79
-114
-146
-188
-222
-241
-258
-265
-278
-285
-265
-243
-213
-177
-144
-97
-44
13
74
141
203
265
334
408
477
542
607
673
737
797
858
918
963
987
1000
1010
1005
976
933
882
824
755
684
612
535
459
385
317
247
182
124
70
20
-28
-73
-117
-163
-214
-274
-336
-405
-478
-556
-635
-705
-767
-828
-894
-950
-983
-1011
-1043
-1071
-1077
-1068
-1059
-1042
-1012
-975
-940
-896
-837
-773
-705
-638
-577
-520
-462
-382
-287
-202
-147
-104
-51
16
78
114
138
173
211
251
306
363
366
293
205
170
152
73
-81
-279
-522
-757
-827
-684
-520
-529
-590
-459
-163
56
150
281
452
495
439
502
688
733
570
493
687
934
997
990
1129
1366
1537
1667
1867
2056
2058
1930
1885
1948
1908
1675
1425
1315
1248
1071
856
732
649
471
240
112
60
-96
-369
-562
-594
-627
-768
-913
-952
-947
-989
-1036
-1018
-989
-1038
-1122
-1137
-1111
-1170
-1349
-1533
-1625
-1652
-1703
-1795
-1857
-1860
-1834
-1787
-1686
-1546
-1449
-1416
-1351
-1187
-1010
-926
-897
-810
-664
-542
-468
-374
-264
-208
-190
-101
88
267
358
439
595
774
893
978
1101
1226
1292
1333
1425
1536
1572
1536
1524
1562
1579
1531
1472
1436
1400
1348
1324
1346
1348
1281
1189
1135
1095
1005
868
753
674
580
459
348
266
180
70
-26
-74
-112
-186
-266
-316
-352
-408
-449
-447
-465
-555
-660
-677
-645
-686
-794
-848
-835
-865
-980
-1130
-1343
-1707
-2108
-2270
-2136
-1999
-2065
-2159
-2039
-1772
-1551
-1372
-1128
-913
-859
-850
-683
-439
-385
-519
-550
-353
-143
-100
-94
50
290
511
759
1106
1428
1560
1586
1715
1942
2047
1965
1879
1916
1962
1911
1843
1857
1873
1779
1642
1582
1545
1374
1099
909
834
700
428
176
85
63
-29
-138
-150
-116
-162
-240
-217
-137
-185
-378
-537
-579
-633
-797
-969
-1058
-1114
-1215
-1294
-1276
-1222
-1222
-1236
-1159
-1022
-942
-936
-917
-848
-782
-747
-696
-617
-564
-546
-510
-427
-353
-333
-331
-299
-248
-210
-190
-170
-137
-89
-20
67
143
200
255
327
416
512
586
631
670
727
783
806
796
802
855
917
962
998
1029
1013
937
863
836
818
745
629
535
457
334
156
-46
-277
-566
-916
-1304
-1662
-1859
-1840
-1743
-1755
-1806
-1675
-1368
-1137
-1055
-928
-705
-593
-650
-628
-427
-314
-442
-547
-388
-142
-57
-30
161
473
748
1014
1367
1698
1842
1875
1996
2192
2250
2128
2027
2047
2052
1917
1760
1723
1694
1500
1230
1097
1045
819
427
154
88
-26
-322
-589
-648
-658
-796
-928
-879
-765
-787
-878
-843
-727
-754
-944
-1112
-1159
-1191
-1309
-1447
-1524
-1553
-1602
-1655
-1642
-1564
-1497
-1475
-1441
-1354
-1263
-1206
-1133
-987
-832
-745
-686
-592
-480
-401
-328
-213
-94
-28
20
112
239
337
394
468
573
668
735
802
891
988
1065
1131
1205
1281
1334
1358
1377
1414
1442
1434
1407
1390
1382
1352
1306
1266
1240
1196
1121
1030
938
843
742
654
589
527
448
375
334
301
228
109
0
-58
-79
-102
-171
-298
-478
-681
-872
-1057
-1286
-1629
-2083
-2503
-2704
-2645
-2525
-2531
-2589
-2477
-2165
-1847
-1645
-1481
-1295
-1169
-1128
-1030
-831
-717
-816
-929
-819
-566
-411
-375
-271
-21
279
585
931
1265
1470
1573
1734
1984
2152
2148
2103
2152
2249
2277
2255
2272
2292
2222
2105
2056
2033
1856
1515
1221
1079
937
660
360
194
105
-38
-186
-217
-181
-217
-306
-314
-256
-289
-447
-582
-610
-645
-785
-959
-1065
-1128
-1232
-1345
-1394
-1399
-1440
-1505
-1500
-1438
-1427
-1493
-1533
-1480
-1392
-1341
-1298
-1220
-1127
-1050
-952
-807
-674
-609
-564
-463
-323
-229
-189
-141
-55
28
93
169
266
340
377
432
539
658
739
791
864
972
1081
1161
1214
1264
1307
1340
1370
1389
1380
1337
1283
1248
1215
1158
1096
1049
1015
974
933
913
894
842
756
674
621
578
517
430
293
94
-147
-382
-589
-818
-1157
-1631
-2124
-2433
-2460
-2353
-2347
-2452
-2449
-2201
-1857
-1609
-1446
-1265
-1092
-1011
-951
-804
-666
-716
-886
-899
-689
-499
-484
-490
-328
-44
240
520
813
1036
1156
1296
1533
1738
1779
1748
1811
1943
2003
1993
2022
2082
2049
1933
1881
1898
1798
1503
1200
1049
940
695
364
128
1
-150
-340
-438
-424
-433
-510
-528
-424
-352
-452
-608
-638
-573
-594
-744
-889
-965
-1038
-1141
-1204
-1213
-1260
-1373
-1440
-1394
-1350
-1412
-1500
-1486
-1388
-1302
-1244
-1156
-1043
-945
-822
-622
-406
-276
-222
-138
13
135
179
211
292
386
441
482
545
611
634
645
701
784
827
815
814
867
940
973
969
975
1000
1030
1060
1093
1119
1124
1111
1113
1155
1224
1296
1346
1366
1364
1358
1342
1295
1198
1062
899
716
521
322
104
-159
-484
-855
-1240
-1633
-2064
-2578
-3184
-3807
-4293
-4519
-4524
-4453
-4388
-4245
-3872
-3265
-2562
-1887
-1243
-587
84
747
1377
1917
2299
2520
2670
2819
2921
2868
2640
2322
2028
1803
1593
1298
886
465
165
-17
-190
-367
-446
-368
-190
43
377
811
1247
1610
1965
2360
2694
2837
2802
2701
2561
2318
1948
1499
1012
491
-31
-487
-864
-1221
-1571
-1837
-1962
-1987
-1989
-1989
-1982
-1972
-1945
-1842
-1658
-1491
-1434
-1418
-1316
-1129
-972
-908
-889
-859
-834
-819
-796
-782
-824
-906
-948
-916
-876
-886
-916
-909
-839
-730
-619
-534
-462
-365
-223
-69
65
189
335
512
697
888
1090
1286
1458
1623
1805
1974
2072
2097
2097
2101
2071
1963
1794
1600
1386
1150
915
707
512
312
131
3
-58
-73
-40
35
131
236
370
532
676
763
818
868
890
857
795
712
556
299
-18
-356
-741
-1189
-1678
-2212
-2840
-3540
-4185
-4630
-4832
-4852
-4790
-4689
-4461
-3967
-3218
-2390
-1615
-854
-60
718
1414
2026
2524
2822
2926
2964
2997
2923
2647
2234
1814
1460
1168
883
538
157
-129
-243
-275
-307
-275
-97
173
455
791
1231
1680
2031
2320
2630
2920
3057
3016
2873
2681
2429
2081
1630
1126
638
196
-234
-646
-986
-1249
-1477
-1662
-1744
-1742
-1759
-1833
-1901
-1914
-1880
-1804
-1702
-1639
-1636
-1599
-1435
-1218
-1066
-972
-862
-734
-635
-553
-475
-450
-519
-613
-667
-709
-809
-957
-1083
-1141
-1144
-1132
-1120
-1094
-1005
-845
-648
-436
-190
85
361
639
946
1266
1523
1689
1818
1958
2081
2121
2058
1942
1823
1680
1485
1249
1006
776
561
382
257
174
116
89
124
221
356
501
650
809
977
1132
1241
1300
1328
1320
1250
1123
987
864
689
395
-1
-417
-820
-1257
-1787
-2439
-3188
-3946
-4543
-4849
-4897
-4868
-4862
-4753
-4323
-3542
-2621
-1772
-995
-181
692
1521
2215
2749
3101
3257
3274
3240
3143
2861
2349
1751
1268
938
608
175
-285
-612
-763
-809
-801
-711
-518
-247
92
521
1024
1504
1897
2243
2595
2909
3086
3079
2930
2707
2430
2080
1638
1127
601
105
-345
-743
-1086
-1374
-1600
-1761
-1851
-1882
-1891
-1922
-1976
-1995
-1920
-1771
-1663
-1648
-1642
-1519
-1281
-1058
-914
-787
-614
-423
-276
-164
-76
-63
-144
-250
-312
-376
-546
-807
-1029
-1124
-1150
-1202
-1272
-1270
-1153
-970
-765
-510
-191
155
501
867
1264
1618
1856
2003
2153
2313
2392
2329
2181
2033
1890
1686
1420
1148
905
676
445
253
126
32
-56
-108
-65
63
205
328
466
647
842
990
1078
1133
1133
1055
911
762
632
458
160
-253
-692
-1108
-1558
-2141
-2880
-3688
-4423
-4939
-5172
-5196
-5173
-5153
-4946
-4340
-3391
-2404
-1563
-757
160
1133
2010
2745
3324
3671
3768
3754
3748
3634
3224
2568
1943
1527
1211
794
266
-185
-427
-520
-564
-534
-364
-103
169
500
978
1520
1951
2259
2572
2905
3118
3149
3053
2869
2586
2224
1823
1359
796
202
-311
-732
-1125
-1494
-1786
-2001
-2160
-2237
-2221
-2187
-2216
-2289
-2319
-2253
-2112
-1981
-1937
-1932
-1827
-1583
-1324
-1136
-957
-735
-529
-370
-219
-73
-30
-112
-206
-256
-354
-575
-861
-1093
-1226
-1291
-1331
-1359
-1341
-1226
-1002
-714
-382
-3
406
823
1244
1677
2067
2344
2510
2637
2754
2793
2698
2510
2308
2098
1832
1512
1186
879
595
346
160
43
-37
-99
-120
-45
115
303
481
664
851
1005
1102
1155
1166
1103
983
846
718
554
309
-21
-421
-860
-1330
-1880
-2583
-3433
-4284
-4953
-5328
-5438
-5428
-5429
-5371
-4979
-4124
-3072
-2151
-1322
-351
741
1733
2548
3254
3771
3970
3950
3926
3863
3512
2825
2069
1500
1106
701
181
-349
-701
-826
-838
-807
-679
-413
-93
250
715
1307
1840
2191
2485
2836
3136
3230
3143
2981
2750
2438
2084
1684
1182
621
111
-308
-697
-1076
-1385
-1616
-1814
-1968
-2042
-2086
-2173
-2285
-2336
-2279
-2156
-2046
-1992
-1932
-1755
-1458
-1170
-955
-736
-459
-195
-8
137
259
280
164
3
-131
-307
-614
-994
-1285
-1444
-1556
-1686
-1785
-1761
-1607
-1377
-1096
-736
-306
133
558
990
1435
1832
2105
2264
2379
2470
2483
2369
2164
1939
1718
1477
1198
916
672
477
315
187
114
90
80
86
152
309
496
637
734
847
976
1074
1116
1128
1115
1056
952
819
697
592
464
241
-95
-479
-911
-1497
-2303
-3213
-4064
-4790
-5330
-5586
-5612
-5622
-5608
-5208
-4238
-3044
-2019
-1097
1
1231
2337
3237
3971
4460
4604
4505
4328
4040
3495
2674
1762
1001
481
43
-515
-1094
-1388
-1331
-1158
-995
-712
-259
208
650
1190
1792
2238
2467
2670
2916
3043
2963
2761
2496
2148
1768
1441
1113
684
218
-150
-415
-677
-955
-1190
-1393
-1626
-1890
-2119
-2290
-2418
-2512
-2563
-2575
-2535
-2424
-2245
-2004
-1676
-1276
-886
-546
-205
160
449
587
626
622
518
257
-104
-475
-858
-1276
-1658
-1910
-2026
-2072
-2059
-1930
-1660
-1288
-856
-361
184
717
1190
1611
1985
2263
2426
2503
2504
2411
2237
2041
1837
1598
1346
1141
1003
884
774
696
652
615
584
586
608
610
583
565
575
590
593
587
568
535
511
526
562
580
589
609
617
578
510
424
259
-45
-455
-901
-1438
-2221
-3241
-4287
-5182
-5930
-6496
-6720
-6594
-6341
-6012
-5283
-3955
-2367
-987
188
1458
2837
3989
4710
5083
5227
5119
4718
4116
3435
2671
1751
778
53
-276
-439
-692
-914
-796
-359
97
464
868
1332
1708
1988
2277
2512
2545
2439
2384
2376
2273
2087
1927
1780
1595
1440
1361
1239
981
655
345
16
-414
-946
-1533
-2097
-2569
-2967
-3356
-3682
-3816
-3751
-3604
-3361
-2910
-2319
-1760
-1241
-622
40
520
760
899
988
909
592
128
-385
-908
-1423
-1884
-2254
-2500
-2604
-2575
-2406
-2069
-1594
-1079
-583
-72
477
981
1344
1567
1721
1830
1867
1815
1705
1585
1494
1442
1425
1467
1557
1653
1728
1808
1909
1980
1966
1864
1724
1547
1294
957
595
284
39
-163
-314
-397
-408
-356
-229
-6
276
549
793
971
1078
1146
1157
1054
754
389
68
-299
-729
-1177
-1496
-1794
-2252
-2803
-3458
-4157
-4877
-5444
-5650
-5645
-5465
-5193
-4780
-4100
-3176
-1970
-807
187
1144
2099
3023
3629
3984
4168
4132
3959
3624
3217
2644
1945
1367
904
614
411
279
194
124
288
596
863
1014
1158
1448
1682
1806
1891
1990
2091
2088
2084
2083
2039
1928
1730
1545
1352
1123
815
420
53
-302
-691
-1131
-1563
-1907
-2207
-2473
-2668
-2750
-2726
-2653
-2545
-2393
-2188
-1935
-1671
-1415
-1148
-848
-562
-350
-212
-100
-4
4
-92
-245
-406
-607
-874
-1112
-1262
-1343
-1416
-1442
-1354
-1184
-967
-735
-465
-156
158
453
692
899
1088
1235
1326
1379
1459
1546
1589
1611
1647
1694
1706
1675
1639
1582
1496
1354
1169
954
723
502
272
64
-106
-231
-303
-321
-282
-219
-119
17
157
283
370
467
543
548
480
366
284
159
-38
-239
-401
-531
-691
-854
-995
-1164
-1296
-1446
-1808
-2297
-2708
-2982
-3392
-3826
-3741
-3291
-2939
-2783
-2286
-1237
-235
531
1134
1739
2313
2647
2802
2654
2366
2087
1662
1167
723
517
305
-65
-131
222
701
899
1017
1424
1886
2152
2164
2126
2126
2027
1854
1585
1317
1129
969
825
683
675
749
736
667
649
716
678
458
183
-72
-328
-660
-1057
-1426
-1728
-1955
-2146
-2297
-2370
-2372
-2343
-2284
-2111
-1795
-1422
-1112
-867
-593
-284
-27
60
-13
-136
-253
-407
-658
-921
-1125
-1281
-1404
-1440
-1329
-1144
-964
-765
-469
-87
238
425
513
608
713
735
672
602
611
669
739
852
1019
1223
1401
1553
1699
1810
1833
1732
1563
1366
1139
868
567
296
75
-87
-175
-205
-162
-60
81
207
297
379
446
472
436
364
302
241
149
6
-141
-250
-359
-475
-567
-616
-671
-742
-786
-796
-785
-764
-733
-706
-662
-632
-819
-1249
-1673
-1922
-2198
-2614
-2783
-2523
-2212
-2120
-1894
-1184
-364
150
447
823
1287
1610
1701
1584
1405
1279
1116
853
609
558
595
554
592
895
1313
1514
1526
1644
1894
2027
1892
1675
1567
1530
1430
1249
1100
1025
979
911
798
687
619
577
474
310
188
98
-91
-409
-687
-790
-831
-969
-1162
-1233
-1162
-1116
-1172
-1217
-1160
-1098
-1123
-1180
-1170
-1100
-1073
-1116
-1146
-1080
-968
-934
-967
-934
-775
-627
-613
-653
-616
-539
-558
-650
-674
-604
-560
-589
-571
-429
-257
-156
-88
50
259
440
538
613
740
880
941
920
906
925
926
886
851
853
862
842
804
780
772
747
691
630
610
606
575
535
547
599
625
622
626
626
590
521
440
322
172
29
-137
-323
-460
-493
-484
-500
-488
-437
-349
-289
-290
-287
-242
-240
-604
-1278
-1853
-2231
-2737
-3491
-3769
-3339
-2907
-2896
-2730
-1720
-480
330
778
1258
1906
2294
2311
1958
1603
1426
1062
525
76
110
275
163
181
660
1452
1803
1739
1830
2146
2406
2180
1769
1479
1322
1140
718
411
328
432
514
476
598
821
983
835
598
589
569
353
-55
-307
-372
-520
-790
-1062
-1094
-1046
-1138
-1287
-1317
-1181
-1118
-1196
-1272
-1209
-1049
-1006
-1063
-1029
-842
-637
-563
-569
-519
-418
-410
-569
-741
-782
-816
-973
-1143
-1120
-939
-824
-806
-700
-423
-151
-37
4
92
205
230
151
67
50
61
59
83
180
343
512
661
801
966
1125
1164
1109
1062
1021
865
612
447
373
312
256
301
434
557
658
743
887
1042
1089
961
779
701
608
401
138
-23
-72
-92
-51
27
177
343
458
528
572
466
-146
-1071
-1815
-2321
-3021
-3865
-4067
-3637
-3249
-3149
-2668
-1455
-208
578
948
1379
1941
2219
1978
1388
1028
872
501
-32
-254
15
239
234
436
1057
1667
1719
1447
1375
1517
1457
990
509
369
456
445
276
242
469
755
830
739
761
889
863
610
406
427
455
272
1
-81
30
62
-99
-288
-336
-385
-640
-994
-1223
-1300
-1417
-1602
-1630
-1393
-1063
-858
-722
-470
-126
104
98
-17
-96
-185
-409
-748
-1020
-1142
-1222
-1330
-1368
-1208
-928
-702
-532
-297
8
191
162
55
-5
-44
-166
-340
-442
-417
-313
-201
-63
159
437
662
807
943
1097
1182
1143
1019
859
712
582
457
306
215
297
484
601
617
709
905
992
883
722
656
595
431
180
-53
-149
-122
-67
-33
78
296
477
554
588
656
604
68
-926
-1832
-2312
-2850
-3756
-4237
-3738
-2968
-2716
-2456
-1401
-8
904
1253
1503
1843
2037
1856
1310
836
702
602
286
118
501
1012
1116
1081
1426
1980
2111
1706
1245
1077
1042
761
279
50
277
590
605
528
727
1046
1024
620
269
182
74
-243
-518
-439
-138
27
21
86
327
515
387
30
-250
-408
-738
-1339
-1837
-1939
-1872
-1934
-1977
-1683
-1116
-630
-364
-150
126
318
241
-49
-317
-484
-683
-986
-1214
-1180
-990
-895
-900
-778
-477
-251
-249
-304
-232
-130
-175
-330
-391
-295
-189
-166
-123
78
389
636
739
785
885
975
941
831
800
863
847
724
644
716
834
858
819
841
920
912
795
694
663
586
432
287
170
84
29
6
-49
-61
30
78
64
63
172
253
178
-132
-868
-1721
-2380
-2888
-3599
-4236
-3998
-3294
-2828
-2634
-1969
-792
77
627
984
1367
1660
1749
1706
1365
1201
1200
1134
1004
1015
1420
1605
1530
1574
1867
2139
1880
1532
1377
1350
1237
939
884
1004
1199
1283
1204
1165
1094
1013
711
275
-35
-203
-284
-447
-493
-345
-139
6
17
66
98
6
-283
-669
-942
-1218
-1589
-1991
-2157
-2057
-1945
-1866
-1699
-1346
-966
-703
-550
-464
-408
-429
-546
-720
-816
-810
-825
-895
-893
-754
-615
-574
-551
-439
-298
-260
-322
-344
-275
-218
-247
-288
-223
-104
-17
34
134
332
557
735
856
1001
1184
1320
1368
1358
1319
1222
1050
888
820
836
872
869
864
914
1010
1051
964
884
833
698
386
44
-148
-275
-359
-455
-441
-324
-175
6
94
24
-649
-1771
-2718
-3318
-4048
-5193
-5541
-4739
-3747
-3268
-2676
-1093
498
1411
1799
2120
2451
2311
1991
1450
979
840
756
744
771
1369
2156
2440
2517
2713
3150
3017
2321
1758
1446
1319
985
775
875
1159
1585
1780
1876
1850
1750
1519
915
257
-316
-672
-983
-1275
-1213
-899
-502
-267
-42
273
368
91
-538
-1111
-1568
-2111
-2723
-3148
-3092
-2792
-2446
-2029
-1457
-823
-394
-187
-132
-154
-302
-645
-1047
-1327
-1408
-1424
-1416
-1275
-973
-636
-439
-356
-296
-264
-341
-545
-710
-731
-651
-524
-325
-23
314
624
878
1070
1197
1204
1117
1004
915
837
774
825
911
1007
1158
1370
1552
1620
1726
1797
1709
1531
1345
1211
1028
923
899
842
809
717
625
447
284
177
-38
-196
-353
-391
-730
-1887
-3343
-4370
-4708
-5533
-6727
-6690
-5380
-4122
-3864
-3088
-1095
756
1736
2032
2572
3008
2939
2635
2079
1807
1664
1498
1252
1099
1618
2091
2069
1818
1958
2491
2368
1724
1256
1336
1573
1399
1331
1627
2168
2474
2350
2290
2265
2154
1660
875
258
-205
-533
-953
-1183
-1002
-711
-495
-494
-398
-236
-212
-463
-1043
-1508
-1786
-2069
-2509
-2823
-2642
-2312
-2072
-1831
-1363
-754
-424
-383
-420
-356
-379
-715
-1109
-1294
-1258
-1247
-1299
-1222
-993
-752
-690
-753
-772
-730
-762
-941
-1070
-1014
-813
-601
-408
-101
328
736
963
1016
1105
1223
1228
1078
944
1035
1222
1311
1285
1278
1439
1595
1590
1471
1429
1580
1615
1445
1261
1275
1410
1333
1191
1083
1048
964
673
435
228
157
47
-137
-385
-1527
-3388
-5086
-5803
-6403
-7866
-8455
-7215
-5205
-4208
-3608
-1559
875
2495
3042
3426
3955
3792
3396
2752
2280
2207
2157
2137
1858
2178
2921
3029
2496
1983
2269
2244
1313
431
282
719
781
801
1305
2116
2838
2942
2752
2555
2486
2181
1258
375
-79
-286
-761
-1247
-1179
-883
-774
-1063
-1376
-1588
-1820
-2143
-2711
-3120
-3161
-2880
-2680
-2613
-2125
-1329
-739
-685
-641
-235
-31
-376
-890
-955
-800
-912
-1126
-1050
-681
-418
-397
-425
-328
-244
-398
-735
-968
-950
-878
-858
-792
-521
-97
225
396
535
729
893
892
806
797
916
1065
1129
1214
1472
1793
1936
1855
1737
1625
1410
1098
777
524
475
614
742
825
1035
1409
1597
1550
1489
1417
1215
797
428
109
-193
-464
-632
-778
-2019
-4500
-6928
-7924
-8381
-10032
-11114
-9670
-6554
-4561
-3839
-1626
1728
4327
5081
5140
5715
5715
5117
4082
3368
3386
3425
3430
2985
2994
3707
3872
3051
1867
1690
1740
811
-349
-654
48
600
863
1538
2612
3628
3956
3731
3359
3091
2767
1925
864
207
41
-201
-625
-722
-520
-535
-1079
-1817
-2570
-3361
-4136
-4947
-5598
-5891
-5582
-4960
-4431
-3638
-2391
-1062
-396
-245
116
532
506
-81
-573
-637
-653
-839
-1066
-971
-684
-608
-776
-903
-791
-713
-884
-1124
-1093
-742
-361
-104
197
697
1212
1493
1567
1653
1797
1860
1778
1680
1756
1971
2152
2257
2400
2634
2754
2632
2340
2055
1831
1469
995
562
394
448
492
610
806
1104
1285
1296
1287
1154
945
647
494
379
138
-6
-8
181
113
-382
-2017
-5255
-8708
-10934
-11831
-13324
-14835
-13693
-9984
-6277
-4583
-2526
1349
4947
6435
5978
5993
6348
5866
4723
3739
4272
5218
5497
5125
4842
5437
5308
3737
1628
344
-97
-1304
-2719
-2961
-1750
-213
700
1839
3405
4858
5504
5158
4592
4135
3843
3245
2335
1954
2175
2393
2077
1705
1623
1117
-166
-1778
-3144
-4401
-5726
-6689
-7039
-6842
-6247
-5295
-4204
-3232
-2265
-1418
-1023
-1198
-1513
-1581
-1582
-1581
-1413
-920
-299
139
400
546
578
233
-553
-1443
-2120
-2545
-2928
-3113
-2854
-2178
-1419
-836
-261
339
770
837
744
793
933
1062
1271
1760
2459
3160
3714
4040
4165
4069
3747
3131
2372
1769
1395
1224
1159
1295
1558
1802
1983
2037
1982
1758
1466
1137
793
598
599
761
897
1102
1450
1785
1927
1750
1502
1081
281
-1023
-2712
-4614
-7407
-10736
-13241
-13762
-13146
-13007
-12147
-9240
-5017
-2066
-900
796
3213
4965
4836
4054
4370
5064
5394
5015
5025
5999
6639
6168
4481
3093
2322
941
-1182
-3034
-3202
-2573
-2415
-2160
-903
1231
2716
3235
3677
4327
4808
4548
3990
3830
4244
4780
4808
4611
4589
4544
3831
2444
1014
-378
-1995
-3746
-5064
-5780
-6147
-6207
-5895
-5260
-4531
-3762
-3021
-2517
-2185
-1848
-1370
-919
-597
-247
148
542
767
789
653
378
-12
-610
-1340
-1974
-2402
-2749
-3043
-3041
-2644
-2189
-1920
-1646
-1181
-723
-534
-440
-167
226
538
788
1196
1749
2231
2536
2699
2821
2822
2626
2265
1874
1592
1322
1085
930
949
1089
1193
1271
1260
1227
1175
1050
882
775
870
1052
1306
1701
2160
2450
2550
2636
2576
2332
1989
1581
1065
553
302
-275
-1747
-3868
-6393
-9034
-11462
-12504
-12178
-11636
-10556
-8165
-4474
-1641
-313
1119
3038
4584
4511
3873
4059
4650
5148
5034
5125
5788
6188
5747
3997
2269
1102
-241
-2055
-3733
-3768
-2868
-2297
-1883
-827
1012
2259
2586
2713
3054
3475
3425
3208
3347
4093
5039
5332
5020
4598
4233
3342
1589
-327
-1837
-3057
-4324
-5436
-5889
-5751
-5400
-5025
-4568
-3923
-3241
-2707
-2337
-1983
-1404
-703
-101
422
979
1582
1878
1789
1524
1211
796
93
-691
-1335
-1750
-2025
-2302
-2461
-2419
-2170
-1971
-1975
-1943
-1692
-1331
-1153
-1000
-545
140
731
1108
1534
2021
2346
2368
2202
2106
2047
1898
1599
1345
1307
1312
1227
1097
1087
1130
1053
899
736
631
549
480
503
736
1249
1798
2168
2490
2849
3034
2861
2546
2379
2124
1594
983
377
-408
-1575
-2778
-4153
-6406
-9193
-11043
-10896
-10052
-9793
-9107
-6685
-3192
-1039
-446
409
2184
3722
3627
2973
3351
4673
5570
5160
4768
5291
5832
4923
2672
1040
477
-213
-1758
-3088
-2795
-1643
-1046
-1115
-691
726
1918
2019
1634
1985
3061
3620
3389
3411
4397
5450
5333
4383
3659
3263
2371
682
-987
-2013
-2666
-3423
-4270
-4636
-4423
-4094
-4049
-4170
-3904
-3302
-2792
-2541
-2193
-1398
-531
46
432
931
1444
1568
1356
1077
828
471
-43
-568
-1022
-1304
-1437
-1603
-1897
-2120
-2070
-1963
-2057
-2149
-1921
-1498
-1187
-933
-466
158
671
1013
1323
1645
1842
1864
1788
1718
1700
1684
1622
1525
1482
1490
1424
1234
1020
890
796
665
547
538
625
763
983
1280
1582
1820
2060
2254
2235
2070
2042
2207
2177
1749
1233
812
186
-935
-2273
-3575
-5244
-7493
-9447
-9903
-9080
-8303
-7789
-6398
-3777
-1461
-703
-555
489
2137
2843
2438
2442
3705
5145
5370
4795
4816
5459
5237
3455
1477
693
526
-360
-1711
-1988
-936
-49
-236
-576
52
1102
1311
750
664
1590
2573
2786
2792
3490
4579
4880
4136
3264
2825
2292
1080
-393
-1375
-1857
-2356
-3056
-3608
-3761
-3703
-3755
-3987
-4135
-3960
-3569
-3205
-2877
-2329
-1543
-808
-273
190
648
937
995
971
895
687
388
167
-4
-285
-609
-817
-965
-1225
-1529
-1655
-1631
-1641
-1665
-1521
-1185
-842
-559
-242
151
554
876
1134
1369
1609
1828
1982
2062
2099
2128
2123
2047
1902
1730
1584
1455
1307
1143
988
868
785
755
786
823
870
997
1208
1354
1323
1258
1326
1449
1421
1218
994
779
402
-262
-1134
-2028
-2983
-4321
-6122
-7705
-8110
-7389
-6638
-6363
-5684
-3896
-1996
-1372
-1633
-1201
210
1221
1081
871
1791
3387
4295
4192
4000
4346
4641
4001
2616
1556
1307
1240
777
361
645
1304
1475
1077
811
941
962
596
289
472
942
1330
1712
2299
2911
3157
2970
2607
2176
1564
778
84
-310
-529
-782
-1069
-1241
-1269
-1328
-1560
-1920
-2252
-2514
-2791
-3053
-3101
-2851
-2526
-2338
-2170
-1810
-1385
-1163
-1108
-986
-806
-760
-790
-650
-371
-242
-341
-430
-362
-295
-412
-636
-764
-724
-634
-590
-541
-397
-217
-135
-130
-56
103
181
133
149
366
659
852
982
1159
1379
1555
1648
1682
1696
1727
1761
1754
1726
1727
1724
1625
1456
1343
1302
1246
1152
1108
1153
1220
1246
1228
1192
1152
1107
1044
938
776
559
289
-42
-386
-719
-1166
-1875
-2697
-3187
-3125
-2863
-2867
-3118
-3281
-3261
-3210
-3112
-2818
-2460
-2356
-2454
-2339
-1846
-1317
-1094
-1076
-927
-526
-46
325
582
824
1099
1360
1609
1914
2197
2222
1936
1708
1858
2163
2178
1913
1776
1890
1976
1905
1877
1950
1898
1645
1434
1420
1406
1197
917
792
835
859
726
492
323
298
327
277
123
-74
-298
-536
-689
-715
-770
-992
-1225
-1240
-1106
-1079
-1178
-1214
-1187
-1253
-1373
-1346
-1199
-1194
-1362
-1446
-1334
-1225
-1255
-1305
-1235
-1097
-999
-934
-848
-760
-723
-737
-743
-695
-613
-551
-510
-414
-233
-58
12
11
60
179
283
328
398
564
779
952
1089
1243
1387
1432
1368
1316
1344
1408
1450
1515
1658
1846
1995
2057
2054
2017
1941
1795
1569
1304
1032
721
338
-102
-602
-1255
-2064
-2731
-2912
-2709
-2602
-2800
-3005
-2952
-2795
-2701
-2511
-2123
-1849
-1925
-2024
-1696
-1075
-687
-678
-633
-222
370
761
918
1115
1455
1722
1797
1897
2161
2289
2007
1628
1668
2017
2104
1807
1594
1720
1863
1753
1600
1629
1657
1451
1163
1081
1146
1060
747
468
419
449
285
-34
-229
-198
-155
-282
-464
-554
-657
-900
-1148
-1198
-1172
-1346
-1685
-1859
-1752
-1599
-1601
-1658
-1623
-1533
-1478
-1439
-1369
-1314
-1342
-1425
-1458
-1380
-1252
-1178
-1153
-1054
-830
-591
-475
-456
-423
-343
-279
-247
-186
-68
63
173
299
457
607
674
667
662
685
709
713
741
845
1017
1188
1302
1385
1485
1561
1550
1474
1425
1413
1370
1332
1410
1593
1725
1755
1770
1794
1770
1673
1554
1401
1168
917
752
660
535
328
43
-353
-861
-1426
-2057
-2741
-3262
-3354
-3122
-2986
-3086
-3158
-3033
-2868
-2740
-2483
-2090
-1851
-1869
-1814
-1433
-941
-683
-646
-537
-212
178
439
569
732
1002
1247
1348
1403
1527
1575
1398
1209
1340
1696
1839
1675
1574
1726
1853
1726
1548
1540
1550
1368
1159
1175
1311
1275
1052
888
861
813
645
433
294
256
283
300
251
124
-75
-367
-690
-886
-917
-983
-1200
-1378
-1334
-1192
-1144
-1145
-1103
-1120
-1243
-1305
-1218
-1176
-1307
-1449
-1434
-1344
-1291
-1225
-1117
-1040
-999
-911
-788
-719
-688
-620
-526
-425
-285
-114
-13
14
64
144
156
110
134
241
340
421
558
741
894
1004
1085
1118
1102
1087
1081
1061
1059
1133
1244
1307
1335
1396
1486
1536
1509
1430
1338
1245
1137
1014
902
807
712
606
526
508
502
430
263
-1
-381
-905
-1556
-2226
-2706
-2794
-2560
-2357
-2408
-2536
-2469
-2275
-2164
-2097
-1913
-1711
-1691
-1731
-1507
-1059
-756
-733
-698
-391
47
327
436
602
930
1279
1504
1663
1852
1961
1827
1585
1565
1790
1889
1666
1425
1471
1614
1521
1295
1232
1286
1181
943
859
959
985
823
671
687
757
688
479
298
246
224
124
10
-9
-23
-206
-496
-690
-767
-883
-1084
-1254
-1347
-1440
-1560
-1616
-1575
-1528
-1545
-1583
-1554
-1469
-1416
-1429
-1444
-1430
-1411
-1379
-1271
-1088
-909
-748
-546
-330
-202
-173
-149
-97
-69
-68
-35
46
140
244
362
475
560
633
700
751
808
894
976
1011
1033
1095
1160
1171
1183
1261
1357
1402
1428
1478
1498
1426
1312
1236
1165
1057
951
886
834
759
694
661
627
548
421
263
117
38
32
50
16
-112
-382
-825
-1395
-1979
-2435
-2627
-2534
-2343
-2304
-2421
-2480
-2388
-2267
-2178
-2035
-1855
-1790
-1807
-1652
-1265
-925
-840
-812
-567
-157
169
342
517
799
1115
1349
1500
1611
1649
1554
1394
1357
1507
1641
1586
1449
1460
1591
1628
1530
1460
1465
1411
1282
1228
1299
1337
1247
1156
1176
1222
1163
1027
928
884
815
685
532
387
231
45
-145
-321
-523
-786
-1081
-1327
-1454
-1464
-1455
-1518
-1636
-1707
-1707
-1698
-1714
-1725
-1733
-1751
-1740
-1640
-1508
-1431
-1381
-1266
-1097
-966
-895
-832
-757
-680
-587
-477
-380
-332
-310
-279
-214
-113
-3
72
118
194
310
407
469
542
651
768
881
1020
1158
1236
1257
1298
1377
1436
1447
1440
1450
1475
1512
1542
1519
1415
1276
1156
1059
962
880
834
805
769
746
737
693
582
452
373
328
271
220
217
240
215
70
-298
-968
-1782
-2327
-2338
-2065
-1957
-2136
-2353
-2427
-2400
-2313
-2136
-1971
-2009
-2167
-2101
-1690
-1256
-1129
-1205
-1118
-746
-331
-119
-54
81
345
616
859
1132
1356
1301
1012
879
1096
1338
1270
1067
1074
1233
1266
1185
1200
1282
1223
1060
1043
1216
1335
1266
1174
1248
1406
1434
1295
1148
1086
1044
951
863
817
721
481
211
95
72
-103
-476
-808
-932
-956
-1018
-1073
-1061
-1067
-1147
-1192
-1124
-1053
-1095
-1166
-1143
-1043
-966
-930
-905
-889
-888
-875
-849
-867
-946
-1034
-1066
-1031
-968
-919
-898
-877
-817
-727
-646
-572
-478
-372
-276
-165
-15
136
241
337
493
683
831
913
976
1059
1139
1193
1220
1212
1169
1118
1097
1096
1076
1022
944
875
846
848
838
802
773
790
841
891
916
905
853
781
727
700
654
566
452
346
258
189
123
11
-218
-661
-1298
-1891
-2125
-1977
-1773
-1784
-1917
-1957
-1912
-1890
-1834
-1657
-1500
-1528
-1595
-1404
-1001
-745
-796
-877
-687
-327
-106
-95
-75
100
327
498
673
890
971
801
597
649
887
976
857
822
1019
1230
1255
1234
1328
1415
1327
1188
1211
1320
1260
1062
996
1123
1198
1059
855
765
732
632
497
417
353
214
49
-8
25
-29
-248
-484
-587
-596
-629
-683
-704
-728
-818
-911
-932
-938
-1025
-1138
-1170
-1143
-1155
-1209
-1217
-1167
-1110
-1061
-995
-928
-902
-908
-892
-832
-749
-675
-627
-586
-527
-447
-369
-298
-210
-110
-22
39
106
191
265
326
404
502
574
609
638
681
733
798
889
988
1056
1090
1135
1188
1202
1174
1131
1076
976
857
781
745
694
643
635
647
619
563
533
518
461
375
313
280
252
230
226
201
132
66
20
-71
-280
-635
-1099
-1549
-1757
-1633
-1409
-1390
-1567
-1684
-1683
-1703
-1745
-1670
-1542
-1558
-1642
-1498
-1124
-874
-920
-980
-783
-448
-226
-132
7
257
521
733
939
1150
1233
1087
872
861
1033
1093
934
836
982
1153
1127
1047
1112
1186
1082
961
1042
1179
1136
1010
1058
1240
1303
1208
1127
1117
1054
905
774
700
585
401
251
193
122
-88
-388
-628
-762
-881
-1026
-1139
-1190
-1250
-1342
-1383
-1339
-1313
-1367
-1404
-1340
-1239
-1204
-1198
-1148
-1075
-1027
-994
-940
-889
-873
-868
-833
-775
-736
-731
-732
-696
-618
-530
-455
-359
-214
-55
82
211
356
501
608
693
791
875
914
921
951
1016
1082
1123
1144
1155
1160
1151
1124
1075
1011
951
898
847
790
735
694
648
588
541
534
532
498
475
519
578
563
485
427
391
330
254
210
166
70
-45
-122
-177
-263
-374
-501
-686
-971
-1334
-1701
-1945
-1949
-1773
-1651
-1694
-1763
-1742
-1723
-1761
-1709
-1523
-1411
-1451
-1379
-1056
-759
-733
-766
-583
-284
-113
-43
100
309
470
612
826
1070
1195
1151
1071
1114
1271
1365
1325
1298
1414
1551
1552
1506
1560
1611
1511
1380
1401
1464
1347
1149
1120
1198
1132
925
785
726
607
454
396
368
217
3
-115
-172
-303
-501
-654
-767
-891
-984
-1012
-1049
-1143
-1220
-1222
-1206
-1233
-1270
-1292
-1315
-1329
-1316
-1303
-1317
-1312
-1239
-1126
-1022
-927
-845
-802
-768
-684
-572
-516
-516
-475
-371
-268
-185
-96
-10
28
50
116
206
252
268
319
415
511
589
670
741
779
812
866
917
932
952
1018
1083
1110
1140
1198
1207
1131
1065
1058
1011
868
745
710
673
580
532
567
562
458
365
350
330
237
147
108
61
-33
-126
-186
-237
-294
-353
-429
-524
-623
-731
-880
-1059
-1232
-1437
-1703
-1904
-1890
-1736
-1650
-1654
-1601
-1488
-1423
-1383
-1235
-1021
-921
-910
-777
-497
-285
-241
-195
-23
180
305
409
563
720
822
922
1071
1198
1214
1144
1104
1147
1217
1238
1217
1227
1281
1321
1316
1314
1333
1302
1202
1128
1120
1084
951
819
774
725
588
444
391
344
206
48
-35
-102
-235
-375
-438
-478
-562
-652
-698
-738
-816
-898
-954
-1002
-1039
-1047
-1038
-1048
-1055
-1027
-1004
-1016
-1017
-980
-953
-967
-967
-912
-843
-790
-723
-629
-556
-529
-512
-475
-441
-421
-390
-332
-258
-177
-82
24
121
204
271
313
341
382
456
542
619
689
756
804
834
871
908
911
882
871
894
907
883
845
818
793
761
728
693
630
546
476
431
403
374
337
282
217
167
142
110
38
-47
-103
-119
-126
-127
-115
-109
-122
-142
-147
-149
-179
-243
-312
-364
-399
-434
-491
-587
-711
-829
-929
-1043
-1174
-1302
-1432
-1584
-1700
-1637
-1396
-1160
-1056
-997
-885
-777
-706
-569
-338
-154
-79
50
299
510
582
625
745
889
1001
1122
1254
1331
1350
1384
1443
1462
1406
1301
1190
1106
1069
1053
1010
965
948
920
840
746
677
593
455
316
242
190
110
32
-5
-51
-150
-279
-390
-466
-521
-569
-611
-651
-692
-742
-793
-828
-849
-879
-929
-969
-974
-968
-980
-992
-971
-930
-886
-829
-752
-683
-643
-611
-563
-510
-472
-439
-399
-351
-294
-219
-142
-93
-73
-74
-77
-61
-14
49
105
162
222
277
327
387
445
479
490
510
551
578
579
582
606
636
652
663
685
713
719
716
718
715
678
619
579
558
518
450
395
368
340
293
246
205
154
102
74
71
56
14
-29
-59
-87
-129
-168
-205
-235
-248
-241
-235
-247
-271
-287
-299
-314
-336
-368
-402
-428
-435
-427
-411
-402
-402
-406
-404
-402
-412
-437
-462
-471
-476
-481
-483
-475
-459
-444
-423
-396
-369
-350
-327
-289
-247
-206
-164
-115
-59
7
71
123
162
204
253
294
327
368
418
461
493
527
566
592
591
585
583
583
577
573
577
588
597
596
592
588
580
553
515
479
452
424
391
355
324
286
235
180
128
73
5
-70
-136
-197
-251
-304
-351
-392
-432
-475
-514
-549
-583
-615
-647
-668
-682
-692
-696
-695
-685
-673
-658
-640
-619
-597
-576
-549
-521
-493
-465
-426
-384
-338
-293
-247
-200
-154
-109
-69
-28
15
59
107
160
214
266
315
355
389
420
448
476
502
530
557
584
605
621
628
626
616
606
592
577
557
536
512
483
449
409
365
320
282
247
215
179
143
110
78
46
12
-23
-56
-85
-109
-129
-151
-176
-203
-229
-251
-269
-288
-308
-325
-334
-337
-337
-343
-352
-360
-364
-363
-361
-361
-361
-359
-352
-347
-345
-347
-348
-345
-340
-334
-331
-323
-313
-300
-285
-265
-243
-223
-197
-165
-133
-101
-67
-31
11
53
98
142
186
228
272
314
358
393
428
463
492
522
540
551
558
561
561
556
541
522
501
476
448
411
375
336
295
250
206
164
120
81
39
0
-37
-74
-109
-143
-176
-206
-232
-260
-284
-307
-327
-344
-362
-377
-391
-403
-411
-417
-422
-424
-421
-408
-396
-387
-371
-357
-338
-310
-290
-263
-237
-207
-173
-144
-114
-89
-66
-40
-18
4
24
43
62
79
97
110
121
135
144
155
166
176
189
195
207
220
232
244
246
245
250
250
255
256
247
240
234
225
215
200
180
164
145
125
102
79
60
40
19
0
-19
-37
-55
-68
-80
-89
-95
-101
-108
-113
-114
-111
-111
-107
-104
-100
-92
-88
-86
-85
-85
-83
-82
-84
-84
-83
-83
-77
-78
-78
-76
-74
-68
-66
-62
-57
-52
-44
-37
-30
-23
-15
-9
0
7
18
28
36
43
51
59
64
73
76
79
84
88
95
96
98
97
95
94
90
85
82
82
78
73
67
62
55
45
38
27
20
13
3
-4
-10
-17
-24
-30
-36
-41
-44
-48
-50
-52
-55
-57
-56
-59
-58
-59
-60
-56
-56
-56
-56
-57
-55
-56
-57
-57
-54
-49
-45
-44
-41
-37
-35
-30
-25
-21
-12
-4
5
13
19
24
28
32
32
39
45
52
57
60
62
62
58
51
44
38
37
36
37
35
29
22
15
10
2
-2
-4
-6
-5
-4
-7
-11
-16
-18
-20
-20
-19
-18
-17
-16
-18
-20
-23
-26
-30
-32
-28
-26
-24
-22
-20
-20
-18
-17
-16
-12
-10
-3
4
7
11
16
18
22
24
29
33
36
37
40
44
46
48
46
45
47
45
42
39
37
33
29
28
26
22
19
13
11
9
4
0
-4
-8
-11
-13
-16
-19
-19
-22
-25
-29
-30
-33
-33
-35
-38
-41
-42
-47
-48
-51
-50
-51
-53
-50
-48
-48
-47
-44
-42
-41
-35
-29
-26
-23
-18
-12
-10
-9
-3
3
7
9
15
18
23
28
31
35
38
40
42
45
47
50
50
50
52
52
50
49
48
46
44
43
41
38
35
30
28
26
20
17
14
12
6
3
0
-4
-7
-10
-13
-14
-17
-19
-21
-25
-27
-29
-33
-35
-38
-39
-38
-42
-42
-44
-44
-44
-47
-48
-50
-50
-49
-49
-46
-44
-42
-39
-37
-36
-35
-32
-25
-20
-14
-8
-2
3
6
11
16
21
26
30
34
37
41
44
47
48
51
51
55
57
60
60
64
65
64
63
59
59
52
51
51
51
48
46
42
39
33
29
24
20
18
16
11
7
2
-5
-12
-19
-24
-26
-27
-28
-29
-31
-33
-38
-45
-49
-50
-52
-51
-50
-48
-48
-49
-50
-53
-54
-56
-56
-52
-50
-50
-49
-49
-48
-44
-41
-39
-33
-27
-21
-17
-11
-5
0
3
9
15
20
21
24
27
26
30
32
36
37
39
39
38
36
36
34
35
34
34
34
32
29
29
26
25
23
23
24
22
18
16
14
12
8
7
7
1
-2
-7
-10
-13
-15
-15
-17
-19
-21
-23
-25
-26
-26
-27
-24
-22
-21
-20
-20
-19
-19
-17
-16
-14
-12
-12
-9
-9
-7
-6
-5
