15
16
17
16
18
17
18
18
18
18
19
19
20
22
24
26
23
24
23
23
24
22
21
20
19
16
16
12
10
7
5
3
1
0
-2
-4
-9
-12
-15
-19
-19
-21
-21
-21
-22
-21
-22
-22
-24
-24
-23
-20
-19
-17
-15
-14
-11
-11
-10
-8
-7
-6
-5
-2
0
4
6
7
9
12
14
14
15
16
18
18
20
22
21
21
20
20
18
16
14
13
12
9
8
5
3
-1
-4
-4
-8
-9
-10
-11
-12
-15
-16
-16
-18
-18
-20
-20
-22
-23
-23
-22
-24
-24
-24
-23
-22
-19
-18
-16
-12
-10
-5
-5
-1
1
2
3
6
8
10
9
11
14
12
15
16
20
21
20
21
20
19
20
19
17
16
16
16
17
18
17
16
18
15
16
15
15
14
12
11
10
8
8
5
4
1
1
2
0
-2
-4
-7
-10
-11
-12
-14
-16
-17
-18
-18
-19
-17
-18
-18
-17
-17
-18
-18
-16
-16
-17
-19
-17
-16
-14
-14
-13
-11
-13
-13
-10
-10
-8
-5
-3
0
3
6
8
9
12
11
10
12
11
14
13
13
14
14
14
14
13
11
10
10
8
9
10
9
8
9
11
10
11
12
13
15
15
17
18
15
14
16
17
15
15
12
8
6
3
1
-2
-7
-9
-13
-16
-19
-24
-28
-32
-37
-41
-45
-46
-47
-48
-46
-47
-44
-43
-40
-36
-33
-31
-28
-26
-22
-18
-16
-12
-7
-1
0
4
8
13
16
22
26
30
32
35
37
39
41
44
46
47
48
49
48
47
48
47
46
44
42
38
35
34
29
28
24
24
21
19
16
15
13
11
10
8
7
4
0
-1
-3
-5
-8
-11
-12
-14
-16
-18
-22
-24
-26
-30
-33
-35
-37
-38
-40
-42
-43
-44
-44
-44
-43
-44
-44
-43
-40
-39
-39
-35
-32
-32
-29
-29
-28
-26
-23
-21
-20
-17
-16
-15
-11
-11
-8
-6
-4
-3
-4
-2
-1
0
2
3
4
5
6
9
10
12
15
14
16
18
19
19
22
26
26
27
29
30
32
35
38
42
43
43
44
45
47
46
48
49
55
63
62
64
65
63
70
71
69
68
63
68
67
61
58
49
45
41
30
22
13
6
-3
-13
-23
-35
-44
-55
-67
-76
-85
-91
-103
-115
-123
-130
-132
-137
-148
-152
-153
-155
-153
-160
-165
-159
-154
-149
-147
-148
-139
-132
-124
-114
-109
-98
-87
-77
-63
-53
-40
-26
-15
-3
7
19
27
37
50
58
67
72
77
85
90
98
102
103
102
98
97
98
91
82
73
64
53
43
32
24
14
3
-5
-11
-24
-34
-37
-35
-30
-24
-14
-2
11
24
43
67
89
109
127
147
167
184
203
224
240
251
259
270
279
283
286
285
280
274
260
242
223
197
170
144
119
92
65
39
13
-13
-38
-61
-84
-107
-127
-148
-167
-185
-202
-219
-235
-250
-258
-264
-274
-284
-289
-294
-299
-305
-307
-305
-304
-304
-302
-298
-288
-282
-274
-265
-253
-239
-222
-203
-183
-162
-142
-118
-93
-69
-42
-18
7
31
56
82
105
127
148
165
184
201
218
230
238
247
253
256
257
256
252
247
238
230
220
212
204
194
183
177
171
165
158
149
139
128
119
109
99
90
82
74
68
65
61
57
53
51
46
42
35
27
16
5
-8
-19
-27
-38
-47
-57
-67
-81
-99
-122
-148
-183
-226
-273
-321
-368
-406
-428
-440
-442
-438
-423
-398
-368
-333
-300
-263
-228
-203
-178
-152
-123
-90
-61
-23
22
71
122
174
229
279
320
351
374
387
385
375
358
335
311
290
271
257
241
228
220
212
200
182
160
142
126
106
82
62
42
22
4
-9
-14
-23
-36
-43
-41
-43
-53
-62
-66
-72
-83
-91
-95
-97
-104
-116
-120
-119
-123
-131
-137
-137
-139
-144
-146
-141
-139
-136
-134
-126
-115
-105
-95
-81
-67
-57
-48
-36
-23
-14
-8
0
9
15
18
25
34
40
41
42
52
62
63
59
66
78
84
87
97
123
136
141
155
172
194
202
203
218
220
230
253
262
259
229
197
171
97
-15
-130
-233
-372
-543
-667
-727
-733
-783
-845
-786
-697
-642
-614
-557
-428
-367
-388
-366
-274
-188
-168
-120
41
221
337
455
697
963
1117
1243
1381
1538
1581
1475
1450
1452
1332
1112
913
869
845
689
544
521
563
551
457
425
438
366
190
46
-19
-117
-307
-496
-578
-616
-686
-774
-785
-717
-690
-718
-716
-648
-591
-637
-734
-762
-751
-779
-850
-904
-891
-891
-929
-906
-810
-715
-697
-708
-621
-494
-444
-450
-421
-331
-281
-300
-277
-178
-102
-112
-116
-35
67
90
83
135
220
245
235
280
364
402
377
385
452
483
459
443
472
496
450
410
435
468
457
419
418
459
470
454
454
457
446
405
371
362
318
252
199
166
140
97
60
44
37
16
1
7
19
14
-1
-2
-3
-16
-38
-50
-54
-68
-87
-95
-96
-110
-140
-173
-205
-260
-338
-422
-514
-624
-740
-843
-905
-958
-1022
-1046
-1037
-1001
-970
-947
-873
-784
-725
-683
-635
-560
-486
-437
-367
-268
-163
-63
56
218
386
533
662
801
931
1007
1056
1092
1103
1080
1020
980
966
929
881
850
854
878
880
880
890
895
891
863
823
775
703
615
522
420
315
204
98
7
-78
-161
-237
-298
-346
-385
-420
-460
-503
-566
-645
-719
-794
-865
-940
-1034
-1110
-1155
-1176
-1170
-1172
-1145
-1081
-1013
-924
-830
-715
-590
-490
-400
-316
-242
-184
-143
-116
-101
-107
-113
-95
-59
-25
5
49
115
190
261
332
401
447
461
473
490
512
512
493
487
491
513
549
593
639
664
684
723
764
797
814
814
820
822
815
823
821
805
764
701
655
613
574
537
475
400
331
287
263
210
93
-68
-251
-451
-680
-929
-1197
-1511
-1850
-2124
-2260
-2302
-2334
-2361
-2318
-2200
-2068
-1904
-1673
-1435
-1308
-1277
-1189
-990
-798
-680
-543
-314
-84
109
381
800
1204
1443
1625
1897
2186
2319
2327
2346
2345
2188
1932
1783
1734
1596
1339
1148
1117
1108
1025
968
1003
1016
909
783
758
757
631
403
225
116
-20
-195
-322
-360
-403
-497
-553
-496
-409
-415
-494
-545
-561
-653
-832
-994
-1101
-1247
-1461
-1621
-1635
-1621
-1695
-1756
-1707
-1584
-1528
-1534
-1451
-1320
-1289
-1337
-1327
-1204
-1106
-1116
-1087
-943
-769
-636
-479
-222
38
199
335
558
807
941
997
1087
1211
1285
1289
1344
1456
1505
1489
1509
1612
1718
1718
1687
1699
1696
1651
1561
1482
1396
1241
1078
970
895
807
699
622
593
559
520
513
523
502
421
330
272
220
142
55
-19
-91
-176
-234
-221
-179
-223
-380
-565
-731
-931
-1203
-1522
-1843
-2255
-2767
-3163
-3301
-3279
-3333
-3451
-3434
-3251
-3059
-2879
-2581
-2224
-2074
-2144
-2113
-1832
-1552
-1481
-1412
-1139
-812
-586
-255
378
1057
1455
1731
2229
2849
3215
3321
3471
3661
3598
3313
3171
3221
3117
2745
2449
2442
2490
2382
2287
2373
2455
2328
2161
2181
2248
2086
1732
1439
1239
960
591
304
127
-105
-423
-649
-687
-666
-734
-842
-902
-944
-1063
-1225
-1356
-1485
-1712
-2037
-2345
-2547
-2689
-2836
-2969
-3040
-3063
-3065
-3018
-2877
-2674
-2514
-2425
-2338
-2191
-2012
-1858
-1731
-1611
-1501
-1406
-1283
-1088
-844
-624
-451
-262
-11
275
550
805
1035
1218
1349
1474
1624
1761
1825
1830
1827
1846
1880
1921
1972
2020
2053
2080
2136
2226
2308
2344
2339
2318
2279
2212
2124
2019
1885
1717
1533
1367
1221
1073
926
794
676
552
420
297
192
87
-37
-175
-313
-453
-594
-709
-772
-822
-936
-1131
-1338
-1496
-1654
-1877
-2155
-2464
-2839
-3269
-3592
-3669
-3616
-3649
-3757
-3736
-3528
-3277
-3026
-2661
-2254
-2053
-2074
-1969
-1611
-1299
-1209
-1134
-861
-553
-364
-58
555
1201
1561
1849
2397
3033
3399
3519
3708
3946
3884
3613
3484
3472
3270
2826
2503
2456
2366
2121
1971
2017
2034
1844
1683
1751
1812
1633
1340
1149
1005
727
387
170
14
-254
-594
-800
-849
-901
-1018
-1107
-1134
-1198
-1322
-1397
-1394
-1412
-1541
-1741
-1889
-1977
-2037
-2064
-2090
-2122
-2178
-2247
-2242
-2159
-2035
-1926
-1895
-1887
-1819
-1676
-1498
-1349
-1231
-1124
-1035
-918
-726
-491
-296
-178
-64
117
329
513
669
825
957
1032
1101
1241
1394
1470
1474
1494
1579
1657
1695
1744
1789
1796
1754
1725
1774
1808
1742
1625
1535
1497
1447
1353
1280
1219
1135
1041
980
970
951
878
797
732
666
592
509
424
313
173
47
-43
-103
-152
-203
-279
-418
-590
-759
-923
-1140
-1443
-1793
-2201
-2667
-3078
-3326
-3402
-3464
-3621
-3706
-3625
-3452
-3257
-3030
-2715
-2467
-2442
-2451
-2292
-2033
-1884
-1845
-1693
-1428
-1227
-1002
-511
193
767
1151
1660
2384
3009
3365
3658
4022
4238
4139
4005
4050
4023
3705
3290
3091
3024
2789
2482
2366
2357
2195
1914
1801
1866
1798
1510
1247
1114
929
589
276
108
-82
-421
-751
-886
-926
-1058
-1238
-1315
-1309
-1379
-1520
-1588
-1587
-1655
-1840
-2004
-2044
-2057
-2142
-2218
-2206
-2145
-2134
-2144
-2068
-1942
-1881
-1886
-1870
-1801
-1755
-1758
-1710
-1594
-1488
-1409
-1282
-1041
-766
-530
-284
13
313
550
757
975
1170
1287
1340
1399
1465
1495
1498
1520
1571
1610
1642
1693
1775
1856
1894
1915
1934
1929
1886
1803
1697
1569
1403
1235
1086
945
806
679
586
518
458
416
397
381
343
274
195
124
53
-18
-99
-196
-295
-371
-400
-383
-350
-361
-458
-611
-759
-893
-1079
-1369
-1735
-2162
-2632
-3023
-3216
-3253
-3331
-3516
-3592
-3436
-3159
-2874
-2549
-2177
-1950
-1927
-1834
-1500
-1161
-1075
-1107
-985
-781
-648
-399
150
752
1090
1360
1955
2750
3317
3628
4012
4423
4508
4360
4373
4524
4354
3819
3375
3234
3071
2685
2364
2280
2141
1779
1505
1555
1632
1405
1052
889
812
563
231
55
-59
-373
-802
-1043
-1082
-1203
-1475
-1685
-1754
-1856
-2075
-2242
-2266
-2312
-2504
-2712
-2778
-2754
-2795
-2867
-2831
-2700
-2609
-2580
-2495
-2319
-2171
-2132
-2108
-2018
-1929
-1929
-1946
-1856
-1700
-1585
-1489
-1289
-984
-689
-418
-80
333
703
977
1256
1586
1874
2050
2180
2337
2475
2519
2529
2589
2663
2673
2632
2632
2671
2670
2613
2559
2525
2450
2307
2154
2029
1880
1674
1452
1272
1111
926
741
604
502
387
257
155
78
-21
-140
-233
-291
-366
-479
-584
-637
-659
-682
-697
-716
-792
-949
-1127
-1276
-1453
-1743
-2136
-2565
-2991
-3395
-3686
-3817
-3896
-4023
-4132
-4060
-3788
-3467
-3166
-2843
-2551
-2375
-2250
-2005
-1662
-1452
-1425
-1374
-1167
-907
-651
-269
257
727
1080
1547
2261
2972
3443
3794
4204
4572
4732
4814
4986
5078
4862
4501
4307
4249
4051
3694
3421
3237
2948
2583
2387
2356
2184
1796
1447
1290
1139
854
573
395
170
-200
-530
-663
-754
-1005
-1340
-1574
-1738
-1963
-2221
-2401
-2560
-2816
-3111
-3286
-3342
-3416
-3538
-3602
-3585
-3549
-3488
-3340
-3142
-3004
-2912
-2759
-2535
-2348
-2233
-2132
-2028
-1962
-1916
-1822
-1686
-1588
-1532
-1412
-1188
-917
-636
-317
36
382
729
1120
1544
1905
2163
2379
2596
2780
2902
2984
3046
3053
3006
2978
3008
3046
3033
2980
2946
2945
2943
2915
2868
2795
2680
2531
2393
2275
2138
1947
1724
1523
1356
1193
1010
812
607
400
209
47
-110
-296
-508
-701
-837
-933
-1051
-1248
-1536
-1847
-2113
-2350
-2636
-3018
-3476
-3959
-4382
-4623
-4642
-4586
-4654
-4781
-4715
-4371
-3927
-3543
-3174
-2820
-2615
-2535
-2293
-1820
-1467
-1478
-1574
-1402
-1075
-840
-567
-54
474
732
1003
1700
2604
3149
3344
3689
4229
4538
4582
4777
5119
5098
4649
4368
4533
4615
4235
3783
3641
3533
3137
2773
2770
2781
2349
1746
1526
1569
1357
888
590
488
205
-247
-453
-384
-490
-926
-1292
-1355
-1405
-1703
-2057
-2251
-2446
-2825
-3203
-3354
-3409
-3603
-3852
-3888
-3731
-3616
-3587
-3482
-3275
-3115
-3056
-2967
-2813
-2718
-2721
-2686
-2518
-2285
-2089
-1905
-1638
-1274
-878
-477
-50
378
749
1063
1375
1697
1959
2093
2142
2179
2211
2212
2189
2166
2132
2085
2076
2158
2301
2424
2515
2610
2723
2834
2927
2990
2988
2882
2712
2548
2408
2246
2043
1826
1613
1416
1280
1243
1256
1231
1159
1112
1124
1158
1166
1113
934
550
-13
-633
-1270
-2040
-3055
-4276
-5540
-6728
-7764
-8552
-9059
-9379
-9596
-9585
-9080
-8045
-6730
-5349
-3915
-2390
-835
696
2236
3712
4861
5531
5892
6183
6368
6260
5853
5283
4588
3764
2960
2352
1861
1268
603
125
-59
-100
-100
-6
176
328
461
752
1218
1624
1815
1903
2043
2195
2270
2322
2383
2334
2129
1934
1905
1942
1871
1706
1572
1448
1248
1016
827
575
108
-510
-1094
-1622
-2222
-2907
-3546
-4104
-4646
-5124
-5384
-5413
-5379
-5323
-5104
-4668
-4131
-3585
-2957
-2230
-1591
-1100
-617
-80
356
542
588
635
611
430
196
32
-128
-361
-555
-576
-461
-331
-160
147
551
972
1413
1893
2359
2727
3019
3293
3508
3596
3578
3499
3369
3169
2938
2714
2473
2191
1905
1661
1462
1284
1126
990
850
726
651
618
591
539
479
420
347
266
208
185
172
123
43
3
64
176
255
312
359
283
-43
-524
-959
-1487
-2448
-3810
-5174
-6360
-7587
-8824
-9593
-9830
-10062
-10408
-10116
-8754
-6997
-5541
-4067
-2046
124
1813
3325
5165
6807
7417
7328
7478
7782
7396
6343
5442
4784
3756
2444
1689
1565
1215
405
-23
339
799
865
995
1542
2001
1979
1965
2410
2829
2659
2221
2115
2211
2058
1792
1807
1946
1808
1551
1649
2012
2107
1852
1648
1590
1340
787
241
-216
-897
-1879
-2790
-3408
-3992
-4736
-5402
-5759
-5942
-6097
-6053
-5674
-5202
-4806
-4301
-3523
-2652
-1963
-1379
-739
-204
87
262
447
507
276
-102
-401
-660
-990
-1305
-1484
-1585
-1657
-1572
-1242
-806
-399
54
631
1234
1757
2254
2747
3120
3303
3417
3552
3608
3496
3310
3161
3010
2810
2623
2502
2385
2220
2084
2029
1992
1895
1760
1634
1509
1366
1228
1099
949
767
601
481
396
341
330
338
339
364
461
610
736
816
857
802
539
78
-492
-1171
-2109
-3376
-4799
-6182
-7518
-8804
-9821
-10371
-10610
-10746
-10555
-9622
-8025
-6298
-4645
-2798
-686
1316
3003
4607
6150
7165
7435
7391
7408
7198
6426
5371
4447
3544
2441
1450
971
743
293
-202
-211
242
621
777
1067
1540
1847
1924
2104
2474
2654
2465
2258
2293
2383
2328
2289
2418
2530
2475
2465
2680
2888
2777
2443
2145
1832
1288
546
-190
-938
-1858
-2876
-3704
-4289
-4841
-5408
-5779
-5849
-5771
-5634
-5313
-4762
-4172
-3703
-3176
-2455
-1750
-1273
-942
-563
-220
-131
-198
-233
-314
-592
-981
-1267
-1474
-1741
-2008
-2104
-2038
-1945
-1768
-1401
-924
-444
71
697
1344
1866
2316
2773
3148
3350
3453
3543
3546
3403
3220
3099
2978
2786
2600
2505
2422
2298
2206
2196
2179
2065
1946
1901
1855
1726
1569
1468
1387
1249
1102
1010
956
916
898
918
967
1065
1230
1398
1492
1534
1531
1316
788
134
-535
-1499
-3009
-4753
-6275
-7693
-9308
-10712
-11326
-11483
-11893
-12163
-11212
-9129
-7180
-5748
-3877
-1266
1103
2732
4416
6452
7778
7830
7625
7961
8012
6945
5507
4623
3791
2326
908
440
316
-499
-1517
-1529
-709
-246
-320
-57
709
1224
1318
1653
2366
2735
2474
2237
2462
2727
2647
2551
2723
2857
2700
2634
2987
3361
3246
2849
2673
2656
2321
1628
959
361
-485
-1588
-2531
-3178
-3876
-4780
-5538
-5872
-5985
-6085
-6011
-5620
-5110
-4649
-4061
-3172
-2246
-1587
-1080
-521
13
320
419
466
387
84
-305
-617
-887
-1236
-1603
-1856
-1970
-1975
-1842
-1560
-1234
-894
-441
151
767
1293
1746
2170
2519
2768
2968
3125
3153
3033
2871
2760
2666
2533
2385
2250
2118
2004
1956
1969
1940
1823
1692
1626
1577
1490
1396
1317
1226
1106
1023
1015
1020
983
927
911
941
990
1043
1099
1156
1192
1152
975
624
134
-478
-1314
-2436
-3739
-5088
-6446
-7802
-8968
-9734
-10190
-10512
-10555
-9953
-8702
-7187
-5622
-3835
-1768
289
2128
3890
5596
6876
7488
7711
7860
7764
7128
6109
5077
4039
2832
1621
738
113
-560
-1219
-1493
-1315
-1031
-819
-484
56
587
992
1419
1942
2329
2414
2382
2449
2536
2474
2312
2214
2157
2033
1921
1951
2047
2013
1841
1696
1606
1415
1061
633
160
-436
-1140
-1810
-2409
-3047
-3734
-4331
-4753
-5060
-5254
-5252
-5071
-4808
-4455
-3889
-3142
-2401
-1710
-1002
-308
232
592
890
1091
1039
759
428
103
-315
-823
-1273
-1615
-1899
-2096
-2093
-1902
-1637
-1293
-794
-153
521
1168
1811
2400
2863
3226
3530
3723
3722
3573
3374
3133
2819
2480
2180
1884
1551
1243
1074
998
894
770
712
727
735
723
752
817
836
805
786
812
829
799
756
739
761
828
938
1052
1150
1280
1442
1455
1182
744
313
-273
-1358
-2849
-4329
-5706
-7246
-8849
-9935
-10427
-10924
-11533
-11412
-10079
-8292
-6824
-5270
-3006
-458
1611
3434
5575
7534
8434
8566
8897
9346
8947
7632
6335
5354
4071
2391
1075
362
-441
-1583
-2288
-2083
-1595
-1441
-1268
-587
276
847
1343
2120
2846
3027
2894
2990
3243
3178
2780
2471
2334
2069
1691
1545
1644
1584
1251
1022
1090
1124
844
438
127
-253
-886
-1567
-2080
-2606
-3393
-4232
-4756
-5013
-5310
-5624
-5653
-5380
-5055
-4668
-3999
-3081
-2257
-1629
-896
3
741
1135
1346
1530
1535
1265
917
579
97
-569
-1162
-1524
-1784
-2028
-2147
-2038
-1785
-1429
-868
-145
537
1129
1757
2446
3025
3404
3677
3865
3872
3712
3523
3328
3005
2548
2124
1802
1483
1142
866
693
544
405
372
446
518
557
641
801
961
1064
1137
1193
1208
1184
1144
1085
995
909
844
776
711
695
713
596
263
-166
-614
-1217
-2160
-3355
-4553
-5753
-7050
-8284
-9129
-9603
-9999
-10265
-9943
-8868
-7459
-6047
-4438
-2424
-282
1656
3493
5375
6963
7862
8282
8637
8818
8394
7387
6262
5176
3899
2459
1221
289
-624
-1559
-2132
-2142
-1903
-1728
-1452
-860
-121
528
1132
1811
2400
2679
2771
2921
3071
2992
2704
2441
2248
2000
1710
1534
1461
1308
1063
910
891
814
572
270
-10
-359
-834
-1338
-1821
-2380
-3053
-3689
-4161
-4528
-4868
-5104
-5128
-4963
-4666
-4182
-3470
-2657
-1861
-1060
-197
669
1375
1872
2214
2383
2319
2048
1652
1109
399
-403
-1162
-1837
-2445
-2943
-3251
-3322
-3194
-2864
-2308
-1595
-809
12
874
1736
2498
3100
3532
3796
3899
3857
3669
3333
2883
2393
1912
1444
1008
646
361
146
24
37
161
303
445
646
917
1185
1391
1567
1728
1829
1842
1806
1757
1688
1585
1453
1309
1192
1152
1181
1206
1212
1214
1108
767
283
-199
-877
-2062
-3580
-4975
-6263
-7805
-9330
-10178
-10488
-11019
-11640
-11197
-9452
-7609
-6321
-4760
-2297
342
2411
4343
6488
8102
8678
8937
9486
9633
8673
7208
6055
4920
3266
1561
479
-322
-1457
-2538
-2777
-2318
-1934
-1746
-1254
-362
529
1288
2092
2860
3276
3392
3551
3771
3741
3401
3047
2807
2510
2111
1836
1756
1630
1331
1093
1097
1144
972
635
329
16
-459
-1072
-1710
-2427
-3319
-4247
-4989
-5573
-6162
-6695
-6932
-6822
-6526
-6057
-5303
-4322
-3321
-2335
-1231
-65
901
1551
2008
2326
2415
2237
1891
1414
769
42
-594
-1089
-1519
-1874
-2038
-1972
-1729
-1334
-771
-108
574
1262
1979
2690
3279
3694
3950
4071
4064
3932
3675
3289
2811
2321
1864
1431
1041
741
515
336
226
245
358
445
496
597
753
880
925
944
964
933
839
719
580
414
256
144
43
-52
-57
65
225
361
531
661
533
174
-202
-674
-1625
-3063
-4488
-5721
-7121
-8639
-9645
-10009
-10373
-10836
-10475
-8885
-6974
-5480
-3864
-1525
1056
3203
5119
7070
8520
9094
9319
9642
9559
8564
7132
5867
4591
3016
1537
543
-280
-1255
-1978
-1999
-1586
-1210
-880
-347
327
944
1555
2178
2552
2569
2490
2526
2495
2203
1830
1593
1412
1162
986
1046
1197
1230
1214
1330
1518
1562
1414
1165
807
261
-444
-1222
-2081
-3078
-4131
-5076
-5853
-6478
-6939
-7164
-7107
-6756
-6123
-5268
-4268
-3162
-1985
-806
277
1202
1938
2434
2649
2630
2415
1987
1356
612
-129
-828
-1470
-1984
-2303
-2420
-2346
-2042
-1524
-873
-151
624
1435
2201
2844
3372
3772
4003
4058
3983
3815
3544
3178
2773
2378
2003
1645
1339
1107
943
824
739
711
730
750
739
702
652
572
439
268
98
-70
-255
-415
-493
-512
-522
-494
-375
-226
-136
-47
101
217
201
128
141
158
34
-153
-277
-445
-788
-1213
-1608
-2127
-2919
-3788
-4534
-5277
-6128
-6820
-7116
-7219
-7303
-7085
-6297
-5201
-4113
-2890
-1371
198
1565
2865
4179
5189
5730
6074
6367
6343
5894
5322
4797
4111
3237
2519
2056
1577
1030
712
699
736
749
905
1176
1351
1447
1641
1854
1871
1754
1704
1681
1533
1329
1234
1185
1066
950
948
988
948
868
803
695
487
218
-92
-502
-1022
-1559
-2080
-2627
-3175
-3645
-4011
-4290
-4449
-4432
-4265
-3979
-3574
-3042
-2432
-1799
-1159
-545
-15
398
703
896
951
864
671
411
105
-231
-562
-857
-1098
-1275
-1383
-1407
-1343
-1202
-1004
-757
-464
-140
196
516
815
1089
1324
1517
1665
1768
1838
1880
1896
1891
1875
1854
1830
1794
1746
1686
1608
1524
1421
1289
1134
974
814
633
442
267
121
-9
-129
-215
-252
-245
-196
-116
-25
76
209
334
384
362
336
305
181
-25
-198
-301
-413
-543
-606
-619
-684
-782
-864
-1061
-1514
-2068
-2553
-3116
-3941
-4738
-5171
-5410
-5707
-5824
-5395
-4609
-3774
-2768
-1453
-74
1193
2467
3691
4527
4982
5390
5642
5365
4698
4138
3646
2842
1895
1267
931
554
229
243
466
676
993
1471
1846
2031
2257
2519
2481
2141
1829
1580
1129
488
-44
-402
-739
-1041
-1186
-1174
-1051
-799
-463
-162
112
441
724
768
621
439
182
-275
-875
-1461
-1997
-2504
-2937
-3235
-3382
-3344
-3104
-2742
-2327
-1811
-1173
-561
-102
256
585
799
793
621
388
96
-268
-660
-1035
-1364
-1595
-1699
-1733
-1720
-1594
-1330
-1032
-775
-504
-187
106
307
449
570
657
701
716
710
691
700
747
787
813
875
987
1095
1167
1241
1334
1403
1428
1436
1428
1378
1292
1203
1108
981
837
726
657
591
527
508
531
563
592
623
645
641
627
599
511
368
236
119
-46
-265
-448
-542
-608
-687
-712
-622
-447
-269
-122
5
112
162
76
-233
-730
-1260
-1779
-2411
-3175
-3797
-4072
-4144
-4178
-4040
-3514
-2687
-1805
-964
-129
732
1543
2126
2381
2386
2336
2221
1863
1290
793
538
358
122
-5
151
503
846
1109
1380
1700
1991
2100
1976
1751
1560
1347
987
547
242
149
135
107
154
404
800
1166
1419
1632
1880
2079
2078
1861
1571
1296
952
448
-129
-615
-985
-1338
-1707
-1995
-2119
-2115
-2092
-2076
-1998
-1809
-1589
-1435
-1339
-1217
-1047
-920
-896
-914
-888
-835
-836
-903
-960
-955
-924
-934
-976
-979
-916
-848
-835
-848
-811
-734
-696
-720
-737
-696
-635
-604
-590
-531
-401
-245
-105
33
218
446
662
823
966
1133
1301
1412
1464
1516
1596
1663
1680
1673
1686
1723
1735
1680
1592
1519
1443
1316
1138
972
861
773
660
546
492
507
525
513
491
490
497
464
372
255
144
28
-114
-265
-383
-465
-522
-557
-572
-563
-555
-580
-649
-772
-961
-1224
-1544
-1887
-2235
-2561
-2820
-2969
-2977
-2860
-2628
-2271
-1793
-1250
-707
-194
276
670
956
1117
1160
1118
1009
845
642
443
284
170
90
50
72
158
276
396
518
655
789
893
954
989
1015
1020
1003
968
947
958
992
1042
1125
1242
1386
1538
1678
1796
1881
1922
1893
1789
1616
1384
1094
756
388
17
-336
-659
-940
-1167
-1323
-1415
-1451
-1440
-1387
-1308
-1215
-1123
-1043
-975
-921
-892
-890
-909
-944
-995
-1063
-1145
-1234
-1324
-1413
-1496
-1566
-1615
-1640
-1649
-1639
-1603
-1548
-1481
-1406
-1322
-1227
-1119
-1004
-875
-727
-557
-360
-149
76
313
561
801
1020
1219
1400
1553
1664
1731
1768
1782
1766
1725
1669
1621
1579
1539
1506
1486
1482
1486
1484
1471
1443
1401
1329
1225
1100
959
818
679
554
456
384
339
313
299
279
248
195
113
6
-121
-250
-374
-485
-571
-625
-661
-688
-729
-792
-899
-1064
-1287
-1559
-1854
-2158
-2437
-2650
-2774
-2786
-2685
-2463
-2138
-1741
-1303
-868
-468
-138
95
228
257
205
92
-59
-201
-310
-366
-353
-268
-111
98
341
599
840
1059
1238
1372
1460
1514
1551
1577
1614
1666
1737
1830
1940
2055
2151
2221
2255
2238
2159
2021
1833
1607
1353
1090
832
598
391
210
57
-78
-198
-314
-439
-576
-730
-890
-1050
-1202
-1332
-1429
-1483
-1494
-1460
-1396
-1311
-1220
-1144
-1097
-1085
-1111
-1187
-1302
-1436
-1584
-1705
-1810
-1901
-1947
-1968
-1937
-1870
-1812
-1730
-1642
-1541
-1409
-1284
-1144
-974
-785
-557
-315
-57
205
461
696
889
1057
1184
1273
1331
1354
1383
1419
1462
1520
1566
1630
1713
1772
1820
1829
1807
1787
1734
1666
1578
1471
1382
1287
1181
1084
975
862
759
652
558
459
357
267
184
109
35
-39
-106
-175
-250
-330
-421
-525
-639
-763
-900
-1032
-1152
-1274
-1380
-1471
-1538
-1559
-1583
-1594
-1574
-1544
-1460
-1382
-1325
-1245
-1174
-1074
-966
-888
-797
-704
-598
-469
-352
-229
-100
29
150
259
362
441
510
558
586
625
666
725
788
842
926
1022
1109
1189
1218
1237
1258
1242
1221
1158
1069
1014
956
908
858
785
741
698
648
593
499
404
309
196
79
-43
-158
-265
-365
-453
-522
-559
-598
-630
-651
-670
-661
-658
-670
-670
-678
-668
-645
-648
-644
-640
-626
-588
-574
-567
-551
-546
-513
-491
-485
-478
-462
-463
-473
-436
-401
-349
-306
-287
-245
-192
-143
-91
-43
13
77
153
231
320
427
516
609
690
770
877
930
955
970
960
1000
1010
972
949
910
904
913
873
840
792
749
738
685
620
559
499
466
423
365
322
276
249
234
217
219
231
255
295
307
287
223
97
-101
-387
-730
-1138
-1535
-1961
-2374
-2614
-2745
-2714
-2578
-2412
-2077
-1676
-1287
-954
-737
-596
-536
-583
-688
-838
-978
-1031
-1011
-897
-686
-392
-56
274
573
827
1008
1097
1113
1086
1056
1040
1068
1159
1321
1543
1792
2038
2250
2402
2462
2421
2285
2074
1819
1549
1292
1079
942
880
876
906
949
967
931
810
594
296
-59
-444
-824
-1154
-1398
-1533
-1563
-1496
-1353
-1158
-966
-815
-726
-712
-778
-921
-1119
-1334
-1536
-1703
-1817
-1865
-1849
-1772
-1661
-1534
-1415
-1314
-1242
-1209
-1211
-1233
-1261
-1276
-1264
-1218
-1124
-981
-798
-583
-350
-116
104
300
455
563
637
690
738
789
861
967
1107
1269
1435
1595
1735
1833
1874
1865
1818
1741
1645
1549
1458
1383
1325
1275
1229
1173
1099
1008
910
813
723
654
630
653
703
739
728
643
444
66
-514
-1234
-1979
-2690
-3326
-3794
-3957
-3754
-3279
-2640
-1872
-991
-128
518
885
1046
1061
906
568
173
-109
-245
-314
-358
-297
-112
73
130
77
31
-9
-121
-301
-415
-357
-167
58
329
704
1147
1525
1741
1820
1830
1754
1530
1203
904
717
615
562
587
739
974
1174
1270
1281
1243
1108
832
454
80
-230
-497
-733
-877
-874
-751
-592
-441
-274
-100
25
34
-59
-191
-330
-497
-705
-897
-1014
-1072
-1138
-1234
-1321
-1375
-1449
-1582
-1742
-1845
-1873
-1882
-1885
-1830
-1676
-1477
-1313
-1186
-1035
-855
-716
-655
-607
-502
-358
-242
-144
5
223
426
551
642
772
908
963
948
962
1055
1132
1130
1105
1149
1231
1240
1178
1170
1257
1307
1220
1096
1069
1066
940
769
802
1072
1315
1356
1335
1376
1206
464
-713
-1804
-2627
-3456
-4352
-4767
-4322
-3374
-2487
-1654
-490
865
1800
2082
2060
2101
2047
1619
994
593
610
808
921
1069
1448
1978
2279
2132
1719
1277
782
44
-849
-1492
-1623
-1361
-989
-490
304
1263
1975
2163
1998
1727
1304
587
-267
-873
-1061
-1008
-893
-641
-127
467
827
846
674
432
17
-661
-1443
-2032
-2325
-2450
-2461
-2233
-1678
-982
-410
-22
260
443
394
68
-366
-713
-934
-1076
-1121
-991
-681
-314
-28
135
208
192
45
-232
-534
-737
-810
-798
-710
-493
-170
150
372
509
605
648
608
520
463
496
584
647
685
758
877
926
834
718
695
697
579
363
252
304
326
173
8
77
247
198
-50
-157
-23
-12
-302
-573
-480
-154
62
82
40
70
-41
-863
-2548
-4250
-5136
-5733
-6807
-7520
-6496
-4396
-2963
-2085
-270
2212
3589
3687
3843
4385
4340
3636
3159
3151
3282
3545
4017
4362
4466
4648
4755
4232
3214
2392
1842
1071
162
-266
-70
358
762
1204
1682
2044
2057
1532
586
-354
-1072
-1746
-2372
-2521
-1970
-1146
-497
8
507
786
554
-141
-997
-1791
-2476
-3099
-3631
-3853
-3617
-3154
-2816
-2562
-2109
-1591
-1461
-1705
-1829
-1705
-1690
-1841
-1759
-1320
-866
-570
-274
40
172
88
-100
-393
-798
-1116
-1207
-1163
-1032
-656
-35
548
944
1301
1633
1718
1530
1335
1257
1190
1133
1251
1585
1980
2318
2603
2823
2911
2824
2581
2244
1910
1653
1477
1351
1321
1452
1641
1615
1270
907
763
582
28
-674
-1057
-1140
-1179
-1090
-802
-572
-484
-473
-1283
-3825
-7110
-9051
-9692
-11001
-12650
-11847
-8350
-5392
-4360
-2684
941
3901
4294
3827
4386
4996
4387
3494
3528
4221
4937
5612
6088
6002
5684
5454
4645
2881
1210
586
290
-517
-995
-74
1609
2716
3210
3894
4660
4628
3600
2361
1582
1130
587
34
-12
580
1223
1367
1140
886
417
-658
-2234
-3698
-4591
-4947
-5003
-4804
-4144
-3009
-1923
-1425
-1393
-1324
-1250
-1661
-2451
-2836
-2525
-2103
-1910
-1502
-648
48
67
-280
-557
-916
-1599
-2347
-2761
-2773
-2501
-2047
-1494
-912
-269
337
593
385
79
-58
-238
-604
-760
-339
397
1006
1567
2352
3117
3376
3123
2762
2451
2006
1422
1031
1032
1256
1468
1655
1938
2270
2435
2320
1988
1634
1421
1305
1173
1050
1100
1317
1451
1494
1647
1733
1465
986
88
-2556
-7257
-11518
-12854
-12640
-13563
-14125
-10906
-5196
-1828
-1400
273
4233
6553
5304
3686
4377
5598
5331
4875
6011
7888
8721
8423
7707
6489
4562
2234
-124
-2265
-3615
-3722
-3131
-2606
-1894
-384
1419
2318
2150
1813
1738
1397
525
-87
407
1714
2800
3277
3659
4144
3966
2507
340
-1545
-3067
-4753
-6470
-7324
-6880
-5814
-5022
-4542
-3798
-2756
-2194
-2554
-3097
-2895
-2139
-1630
-1248
-153
1557
2747
2894
2661
2535
2020
769
-591
-1316
-1493
-1567
-1528
-1077
-270
446
687
477
131
-143
-457
-942
-1291
-1043
-265
486
995
1587
2364
2825
2608
2101
1864
1813
1538
1143
1142
1601
1973
1928
1718
1608
1397
843
134
-385
-612
-627
-463
-167
196
615
1047
1331
1345
1224
1090
885
565
300
263
389
488
434
234
-280
-1912
-5586
-10559
-14186
-14854
-14206
-14202
-13299
-9033
-3103
218
578
1739
4836
6635
5370
3898
4932
6999
7753
7932
9408
11481
11847
10064
7636
5435
3045
236
-2244
-3626
-3837
-3183
-2041
-843
94
819
1458
1722
1317
676
649
1343
2058
2637
3796
5626
6879
6548
5227
3887
2327
-59
-2775
-4727
-5755
-6472
-7017
-6956
-6234
-5434
-5103
-5271
-5602
-5778
-5751
-5573
-5026
-3745
-1908
-240
893
1783
2532
2637
1831
680
-184
-787
-1369
-1729
-1559
-1026
-597
-475
-512
-542
-607
-831
-1172
-1332
-1053
-447
175
734
1399
2114
2515
2494
2427
2609
2837
2830
2758
2964
3358
3549
3418
3217
3055
2721
2115
1492
1126
964
825
729
807
970
978
805
680
682
603
332
121
210
409
398
235
220
347
309
-7
-377
-630
-895
-1390
-2089
-2835
-3880
-6146
-9916
-13460
-14537
-13356
-12275
-11800
-9640
-5031
-990
-51
-288
1285
3798
4443
3560
4134
6734
8786
8987
9022
10190
11008
9624
6666
4033
2297
712
-905
-1747
-1397
-474
259
675
996
1250
1313
1164
937
898
1404
2555
3855
4744
5334
6032
6531
5937
4208
2431
1212
-90
-1977
-3599
-4020
-3867
-4430
-5611
-6174
-5859
-5773
-6480
-7038
-6505
-5371
-4582
-3996
-2815
-1123
83
365
386
694
836
276
-551
-818
-571
-587
-1078
-1411
-1232
-1066
-1406
-1895
-1929
-1610
-1499
-1648
-1544
-965
-360
-142
-44
400
1126
1613
1740
1975
2559
3092
3179
3064
3226
3565
3570
3187
2874
2890
2924
2618
2142
1903
1940
1919
1704
1570
1723
1916
1826
1532
1303
1124
828
507
406
513
606
636
701
732
569
242
-181
-789
-1621
-2707
-4570
-7888
-11790
-13889
-13177
-11607
-11073
-10220
-7011
-2943
-1360
-2196
-2109
-11
1567
1301
1568
4287
7514
8552
8025
8306
9346
8886
6290
3475
1982
1214
199
-548
-133
977
1494
1069
487
293
232
23
-108
208
1099
2454
3915
4967
5474
5839
6181
5903
4699
3352
2628
2025
749
-678
-1231
-1322
-2243
-3932
-5000
-5019
-5059
-5673
-5999
-5412
-4614
-4372
-4249
-3444
-2194
-1406
-1277
-1070
-330
351
267
-280
-445
-207
-342
-1005
-1431
-1252
-1106
-1481
-1826
-1566
-1127
-1233
-1740
-1929
-1680
-1551
-1780
-1904
-1484
-762
-238
77
556
1232
1665
1659
1608
1913
2375
2550
2452
2483
2772
2989
2856
2565
2466
2528
2425
2122
1974
2137
2243
2012
1788
1968
2266
2118
1626
1382
1497
1528
1297
1136
1277
1462
1303
733
-2
-898
-2693
-6062
-9938
-11864
-10959
-9362
-8952
-8343
-5548
-2050
-1015
-2161
-2210
-347
882
427
808
3729
6970
7881
7209
7265
7921
7145
4620
2268
1346
1010
228
-467
-191
555
503
-560
-1593
-1906
-1902
-2086
-2213
-1729
-551
910
2155
2919
3321
3678
3916
3605
2782
2197
2158
1883
795
-381
-802
-987
-1884
-3110
-3575
-3309
-3306
-3744
-3788
-3182
-2686
-2727
-2662
-1869
-793
-207
-56
346
1150
1713
1651
1397
1428
1478
1107
603
554
807
685
104
-305
-292
-355
-858
-1445
-1656
-1635
-1786
-2074
-2120
-1850
-1582
-1500
-1371
-979
-509
-277
-236
-67
335
712
874
947
1121
1341
1427
1391
1378
1416
1383
1257
1205
1338
1491
1421
1192
1086
1131
1017
648
379
483
720
780
777
903
1018
973
881
791
413
-479
-1960
-4155
-6727
-8430
-8297
-7172
-6571
-6241
-4788
-2548
-1494
-1916
-1777
-151
1295
1430
1775
3819
6249
7001
6499
6595
7322
7018
5316
3771
3364
3255
2539
1768
1744
1970
1423
155
-846
-1160
-1286
-1570
-1688
-1305
-581
164
808
1287
1578
1805
1992
1903
1478
1160
1217
1117
375
-545
-991
-1326
-2289
-3523
-4032
-3851
-3904
-4345
-4396
-3881
-3571
-3780
-3774
-3065
-2252
-2009
-2015
-1547
-660
-55
38
151
621
1023
930
711
943
1390
1401
1028
932
1202
1205
732
333
339
335
-13
-354
-311
-135
-212
-369
-192
243
501
498
584
942
1319
1476
1542
1746
2013
2101
2011
1967
2018
1967
1713
1471
1453
1528
1425
1186
1117
1236
1134
608
25
-223
-296
-524
-803
-840
-743
-827
-1025
-1109
-1248
-1774
-2722
-4115
-6065
-8063
-8927
-8341
-7484
-7126
-6355
-4451
-2728
-2571
-2919
-1901
-49
724
638
1731
4178
5836
5817
5750
6706
7353
6436
4993
4546
4706
4251
3379
3191
3628
3577
2692
1747
1260
888
344
-60
-21
309
670
1034
1416
1729
1952
2135
2182
1995
1741
1629
1522
1117
497
-8
-432
-1108
-1997
-2646
-2918
-3179
-3607
-3880
-3835
-3824
-4097
-4303
-4114
-3776
-3635
-3528
-3146
-2638
-2318
-2114
-1791
-1436
-1263
-1180
-940
-567
-264
-35
226
483
601
586
548
525
481
390
257
128
53
33
-16
-123
-179
-121
-26
52
215
543
905
1175
1423
1738
2044
2233
2358
2516
2643
2628
2514
2421
2349
2220
2052
1929
1864
1804
1712
1589
1428
1217
944
591
215
-78
-261
-422
-610
-691
-556
-407
-517
-863
-1277
-1870
-2955
-4331
-5283
-5497
-5346
-5153
-4659
-3708
-2889
-2736
-2817
-2404
-1659
-1312
-1361
-1056
-192
628
1120
1720
2605
3153
2926
2436
2349
2507
2392
2111
2168
2573
2863
2894
2950
3056
2841
2236
1673
1458
1394
1203
1002
1022
1210
1397
1558
1703
1676
1323
805
420
234
101
-78
-265
-420
-583
-710
-729
-725
-876
-1232
-1587
-1746
-1755
-1753
-1751
-1693
-1647
-1719
-1820
-1791
-1675
-1704
-1893
-1984
-1837
-1614
-1473
-1338
-1147
-967
-860
-738
-504
-275
-183
-191
-199
-164
-107
-47
-40
-140
-279
-339
-324
-364
-459
-475
-399
-323
-262
-116
138
335
392
458
640
875
1021
1078
1174
1308
1406
1442
1461
1498
1522
1543
1625
1778
1938
2027
2044
2042
2040
1982
1822
1597
1432
1397
1421
1399
1323
1245
1121
874
532
151
-358
-1204
-2293
-3106
-3242
-2925
-2745
-2968
-3342
-3599
-3731
-3750
-3539
-3159
-2979
-3188
-3395
-3103
-2348
-1653
-1391
-1387
-1288
-983
-593
-234
105
477
876
1276
1731
2296
2827
3045
2880
2661
2727
2971
3012
2747
2462
2378
2417
2472
2584
2711
2601
2131
1593
1345
1365
1343
1148
926
784
656
507
402
340
181
-125
-397
-448
-360
-351
-488
-648
-713
-702
-702
-783
-942
-1126
-1304
-1462
-1578
-1610
-1603
-1671
-1824
-1869
-1678
-1423
-1348
-1414
-1413
-1336
-1341
-1422
-1415
-1319
-1306
-1396
-1396
-1222
-1049
-1032
-1098
-1105
-1051
-1006
-966
-859
-686
-518
-376
-219
-23
160
265
303
345
439
573
736
938
1156
1343
1491
1652
1862
2063
2197
2272
2320
2374
2440
2528
2592
2553
2415
2291
2241
2178
2009
1787
1605
1443
1230
948
556
-100
-1032
-1898
-2277
-2211
-2170
-2456
-2896
-3191
-3254
-3124
-2819
-2460
-2323
-2543
-2830
-2760
-2275
-1731
-1456
-1402
-1277
-914
-382
145
571
905
1164
1389
1672
2075
2470
2588
2354
2041
1956
2071
2092
1884
1605
1436
1386
1398
1461
1507
1373
1004
596
406
432
449
307
75
-78
-88
-30
-4
-90
-309
-577
-777
-827
-753
-688
-737
-885
-1020
-1042
-1000
-1008
-1110
-1234
-1295
-1268
-1172
-1048
-938
-874
-827
-720
-551
-411
-366
-396
-406
-349
-255
-157
-104
-108
-114
-59
69
184
185
56
-133
-288
-368
-392
-399
-421
-441
-432
-371
-274
-207
-216
-279
-313
-251
-120
11
113
212
347
492
615
712
775
794
787
836
1008
1247
1456
1582
1663
1727
1755
1737
1677
1582
1438
1288
1234
1314
1452
1492
1419
1256
1043
801
473
17
-623
-1395
-2102
-2468
-2447
-2328
-2336
-2574
-2874
-3006
-2980
-2808
-2590
-2469
-2433
-2413
-2220
-1754
-1214
-820
-640
-521
-266
141
590
948
1212
1419
1620
1885
2157
2372
2406
2187
1901
1712
1668
1669
1550
1348
1171
1079
1105
1183
1239
1197
985
716
529
460
450
381
254
155
124
163
224
240
153
-65
-354
-596
-704
-734
-793
-897
-1013
-1050
-1001
-944
-921
-975
-1083
-1153
-1165
-1091
-1000
-959
-984
-986
-901
-774
-662
-633
-664
-681
-649
-554
-435
-338
-264
-214
-149
-50
47
86
40
-46
-116
-144
-128
-79
-14
59
142
248
368
474
535
548
553
586
662
780
906
1033
1146
1217
1275
1307
1315
1305
1246
1183
1142
1117
1114
1093
1037
970
888
815
749
671
599
548
510
460
357
222
102
28
-6
-46
-146
-335
-578
-825
-1057
-1297
-1646
-2112
-2620
-3048
-3212
-3152
-3026
-2945
-2989
-2986
-2825
-2517
-2163
-1847
-1631
-1525
-1325
-970
-488
-22
313
538
738
997
1293
1586
1818
1920
1983
2043
2140
2297
2356
2287
2097
1834
1680
1605
1537
1430
1245
1103
1077
1117
1182
1145
987
783
565
410
317
239
157
72
16
11
40
59
19
-95
-263
-443
-597
-734
-842
-928
-991
-999
-1014
-1028
-1041
-1074
-1068
-1065
-1086
-1086
-1085
-1032
-953
-910
-853
-802
-750
-686
-661
-643
-607
-560
-466
-370
-283
-189
-99
0
90
150
177
179
176
191
232
296
363
424
497
574
646
708
727
717
693
658
645
650
664
682
682
680
684
674
654
600
519
452
407
393
393
382
357
318
274
236
185
127
72
34
24
45
84
128
159
164
138
87
29
-18
-46
-53
-47
-44
-59
-100
-176
-296
-462
-683
-936
-1212
-1464
-1622
-1704
-1729
-1746
-1793
-1811
-1797
-1747
-1662
-1600
-1539
-1468
-1382
-1242
-1067
-871
-660
-474
-290
-88
155
433
701
927
1114
1261
1408
1559
1667
1736
1741
1715
1721
1738
1770
1778
1736
1711
1695
1683
1675
1619
1545
1464
1358
1254
1132
1002
886
763
655
561
471
393
310
210
92
-49
-213
-402
-609
-827
-1020
-1180
-1330
-1447
-1532
-1577
-1571
-1570
-1565
-1550
-1551
-1528
-1505
-1488
-1450
-1412
-1340
-1242
-1152
-1035
-908
-775
-636
-515
-404
-296
-193
-100
-21
51
114
176
231
276
320
360
411
465
512
572
635
691
748
783
817
854
876
888
899
910
898
884
862
838
826
801
769
735
690
656
614
557
496
428
364
300
235
182
139
101
68
41
24
11
-2
-19
-37
-65
-97
-134
-174
-210
-245
-275
-300
-327
-360
-400
-456
-541
-654
-799
-949
-1094
-1247
-1384
-1515
-1626
-1675
-1694
-1684
-1662
-1650
-1601
-1524
-1426
-1306
-1187
-1042
-877
-714
-542
-373
-209
-39
133
316
513
721
921
1115
1293
1445
1587
1687
1735
1767
1771
1783
1794
1786
1785
1784
1766
1699
1643
1579
1495
1407
1284
1164
1059
953
853
740
622
520
419
325
234
147
76
11
-52
-118
-198
-295
-412
-543
-692
-837
-966
-1092
-1191
-1271
-1331
-1350
-1376
-1394
-1400
-1406
-1373
-1348
-1340
-1309
-1272
-1201
-1116
-1051
-967
-877
-777
-653
-547
-443
-338
-236
-132
-44
32
97
153
204
250
301
347
398
451
492
542
593
639
685
699
704
716
716
718
698
670
658
639
626
613
580
562
544
526
508
491
467
432
397
355
317
282
237
192
153
119
90
57
29
5
-19
-47
-79
-110
-143
-177
-204
-223
-238
-248
-257
-253
-245
-231
-222
-225
-239
-270
-316
-380
-459
-552
-664
-785
-887
-974
-1042
-1089
-1126
-1129
-1117
-1095
-1058
-1023
-976
-915
-854
-785
-717
-640
-534
-419
-291
-157
-12
143
301
461
609
756
884
988
1081
1154
1221
1275
1299
1317
1328
1341
1366
1369
1357
1334
1297
1266
1220
1155
1080
999
903
799
725
655
587
508
422
341
258
174
90
0
-91
-188
-283
-367
-435
-497
-573
-656
-749
-834
-894
-960
-1036
-1126
-1224
-1272
-1270
-1238
-1190
-1171
-1143
-1087
-1018
-916
-811
-723
-651
-611
-550
-455
-366
-300
-270
-248
-199
-122
-28
51
101
139
195
273
342
397
419
428
442
468
520
568
580
576
564
563
585
601
596
561
504
479
486
490
475
425
380
357
345
338
308
259
214
186
177
169
141
91
31
-12
-35
-54
-83
-130
-177
-204
-208
-197
-187
-194
-210
-217
-198
-166
-142
-143
-156
-154
-127
-80
-37
-21
-36
-64
-83
-100
-141
-225
-337
-442
-511
-541
-550
-561
-587
-610
-609
-580
-539
-512
-507
-505
-484
-427
-349
-276
-220
-173
-113
-27
73
167
243
303
365
441
524
587
614
611
598
593
599
608
607
591
570
554
554
560
546
502
448
408
383
362
335
305
273
246
228
210
189
159
123
92
69
56
43
22
-14
-60
-110
-153
-187
-217
-255
-297
-343
-378
-399
-421
-454
-509
-571
-614
-623
-607
-588
-590
-603
-611
-602
-568
-526
-487
-457
-427
-383
-329
-280
-241
-217
-196
-160
-105
-35
25
65
98
128
166
198
220
230
233
247
274
314
352
371
375
370
367
379
390
393
389
385
393
408
413
404
378
346
323
310
302
291
274
261
245
224
191
142
88
40
6
-18
-37
-54
-66
-73
-74
-78
-86
-98
-111
-120
-120
-112
-103
-100
-102
-100
-97
-94
-99
-109
-118
-124
-127
-130
-145
-177
-228
-291
-363
-435
-497
-534
-557
-567
-570
-578
-578
-569
-555
-539
-520
-492
-457
-417
-361
-298
-231
-170
-110
-45
35
117
192
262
334
406
474
534
579
607
622
633
647
658
663
659
650
644
639
626
605
577
549
519
484
447
411
375
336
294
257
225
193
160
126
98
74
47
8
-31
-70
-111
-154
-198
-240
-288
-336
-382
-425
-466
-511
-560
-596
-611
-612
-617
-630
-652
-670
-674
-666
-642
-610
-576
-543
-502
-447
-389
-342
-304
-269
-230
-184
-132
-83
-47
-13
24
64
99
124
141
154
169
189
214
239
256
268
288
311
334
360
384
406
425
446
469
488
502
513
520
528
526
514
500
482
457
432
403
368
331
293
253
209
168
131
96
56
15
-20
-51
-79
-105
-131
-153
-172
-185
-196
-207
-218
-223
-221
-217
-217
-225
-228
-227
-222
-221
-222
-225
-232
-243
-258
-275
-294
-323
-352
-384
-418
-455
-492
-522
-540
-553
-565
-576
-579
-573
-558
-538
-508
-470
-429
-378
-320
-256
-185
-113
-36
46
131
217
300
382
461
534
604
666
719
761
794
821
837
848
849
846
837
816
788
757
723
687
642
593
545
495
448
402
355
306
256
208
157
107
58
9
-42
-93
-148
-205
-261
-323
-386
-453
-518
-566
-610
-655
-700
-743
-775
-805
-825
-826
-821
-820
-808
-783
-736
-691
-649
-597
-539
-472
-398
-328
-257
-190
-124
-54
15
71
116
155
188
220
253
281
299
310
322
336
343
345
346
346
348
353
358
362
363
366
373
379
385
387
386
389
389
388
383
373
366
350
326
298
267
240
209
175
140
103
66
33
-3
-36
-66
-95
-122
-144
-164
-182
-199
-211
-217
-223
-231
-233
-228
-222
-218
-215
-212
-206
-203
-200
-197
-195
-195
-200
-207
-213
-222
-234
-246
-259
-271
-288
-302
-310
-317
-325
-324
-316
-300
-284
-271
-248
-221
-189
-157
-121
-82
-36
5
44
87
132
178
218
253
288
322
354
383
406
423
439
451
460
461
452
441
428
416
405
386
362
338
316
295
269
241
215
190
162
137
112
89
65
39
13
-12
-37
-65
-85
-101
-116
-135
-158
-179
-198
-217
-235
-256
-275
-292
-307
-315
-322
-334
-343
-348
-344
-330
-325
-319
-307
-286
-256
-235
-215
-195
-170
-145
-121
-103
-79
-55
-33
-13
-1
6
20
36
51
62
73
83
96
105
112
121
126
136
142
146
148
152
158
163
164
166
169
169
164
156
149
142
134
131
123
113
105
94
83
75
64
57
51
42
35
26
16
6
-4
-15
-25
-32
-37
-44
-51
-55
-55
-59
-66
-72
-70
-64
-62
-65
-64
-60
-54
-52
-51
-51
-49
-46
-42
-42
-43
-44
-45
-45
-47
-48
-49
-46
-43
-40
-40
-37
-33
-29
-22
-20
-17
-14
-10
-6
-1
2
2
2
2
5
4
4
0
-1
4
6
6
8
13
17
20
25
30
38
45
48
51
54
57
61
62
63
62
59
59
57
57
53
45
39
35
30
24
18
11
9
4
3
-2
-6
-10
-14
-17
-18
-20
-23
-25
-28
-29
-31
-32
-33
-36
-39
-40
-39
-39
-39
-37
-35
-32
-32
-28
-25
-17
-11
-10
-8
-7
-2
-1
-1
-1
-3
-3
-3
-4
-7
-8
-9
-11
-12
-11
-10
-11
-9
-10
-13
-14
-9
-2
-1
-1
2
8
13
13
16
19
26
25
23
23
25
28
28
24
23
23
24
25
23
19
16
17
17
13
9
4
3
-1
-3
-6
-5
-6
-7
-6
-10
-16
-19
-24
-27
-28
-26
-25
-23
-23
-22
-19
-13
-9
-5
-2
0
5
10
13
15
18
21
27
28
25
23
25
28
26
24
18
16
15
14
10
7
5
3
1
-2
-5
-5
-7
-13
-10
-9
-11
-13
-12
-11
-10
-8
-9
-10
-11
-11
-11
-11
-14
-11
-9
-12
-12
-11
-12
-10
-8
-6
-9
-9
-8
-9
-8
-6
-4
0
0
1
1
2
1
2
5
7
6
9
7
7
7
9
11
12
13
13
14
16
19
17
13
12
11
10
7
2
-1
-1
-2
-2
-3
-6
-6
-5
-6
-6
-6
-6
-7
-5
-2
-1
-3
-4
-5
-7
-7
-8
-9
-9
-8
-9
-12
-11
-7
-5
-5
-3
-3
-3
-3
-2
5
9
10
10
12
12
13
12
11
10
13
12
8
4
5
7
7
8
5
2
-3
-6
-7
-5
-7
-7
-6
-4
-2
-3
-4
-4
-4
-5
-7
-7
-7
-5
-1
4
8
8
9
9
12
15
13
13
12
13
15
12
11
10
8
10
10
8
5
3
4
3
0
-3
-4
-2
-3
-7
-7
-6
-4
-6
-12
-16
-17
-19
-16
-12
-11
-11
-13
-10
-7
-6
-7
-4
-2
3
7
6
-1
-3
-1
-1
-5
-2
-5
-12
-14
-10
-8
-11
-15
-14
-12
-13
-11
-10
-8
-8
-3
0
2
1
2
8
14
18
18
18
22
27
28
27
28
32
32
30
23
19
20
20
18
17
18
16
14
12
10
7
4
2
-3
-9
-12
-12
-11
-15
-20
-21
-21
-25
-28
-32
-31
-27
-22
-20
-20
-18
-18
-16
-16
-15
-15
-14
-15
-15
-8
-4
-7
-10
-8
-9
-7
-7
-5
-4
-3
0
1
3
5
9
16
19
21
24
29
29
31
32
28
27
29
28
27
27
27
28
26
24
23
23
24
22
20
18
15
13
10
5
-3
-8
-12
-13
-14
-17
-18
-18
-19
-22
-26
-23
-24
-27
-26
-24
-22
-22
-19
-16
-15
-17
-16
-16
-15
-15
-18
-20
-20
-20
-19
-19
-17
-19
-19
-15
-11
-10
-8
-8
-3
3
4
6
10
17
18
20
20
20
24
27
29
28
25
22
21
21
20
19
18
17
18
18
16
15
15
16
14
13
11
12
