-5
-4
-2
0
-1
-5
-6
-8
-8
-6
-2
0
-1
2
3
6
4
4
5
7
7
7
7
6
4
4
8
8
7
5
5
3
1
5
5
1
-3
-1
-1
0
0
-2
-2
-1
1
1
-2
-6
-5
-2
-1
-2
-5
-5
-3
-3
-1
-5
-5
-5
-4
-4
-3
-4
-3
-3
-3
-4
-6
-3
0
-1
0
-1
-1
0
2
3
3
3
5
7
8
7
6
6
8
6
3
2
1
3
2
3
2
1
1
1
0
1
0
-2
-4
-2
1
0
-2
-2
-2
-3
-2
-2
-4
-3
-3
-2
1
2
1
-2
-2
1
0
-2
-1
0
0
0
-2
-1
-1
-2
-2
-1
0
1
1
1
-1
-2
-1
2
0
-2
-6
0
2
-1
-5
-5
0
2
2
1
1
1
2
3
3
2
2
0
2
2
2
1
0
1
1
3
3
0
0
1
0
-2
-1
0
0
1
2
0
-3
1
1
0
2
3
1
-2
-3
0
2
1
-3
-3
-1
1
-1
-1
-1
0
1
-2
-4
-3
0
3
2
-1
-2
2
3
1
-2
-1
-1
0
-1
-2
-3
-1
1
2
1
-1
-2
-3
-2
2
1
-2
-5
-2
0
1
0
0
3
2
3
5
5
3
2
2
5
4
0
-2
-1
0
0
-1
-1
-2
1
2
0
-4
-6
-4
1
3
-1
-4
-3
0
3
-1
-1
-2
2
5
4
3
0
0
2
4
2
-2
-6
-3
2
-2
-4
-4
-3
0
2
-4
-9
-6
-1
0
-3
-8
-6
1
3
3
2
-1
-3
-1
2
1
1
1
-1
-3
-1
1
1
-2
-4
0
3
1
-1
0
5
7
5
4
3
4
7
8
8
7
8
9
9
5
5
8
7
5
4
4
3
2
-1
-1
-1
-4
-4
-5
-5
-5
-3
-2
-3
-3
-3
-2
-3
-4
-6
-8
-4
-1
-2
-3
-4
-4
-4
-2
-3
-6
-3
-1
-1
0
-1
-2
-4
0
-1
-4
-2
0
2
-1
-4
-6
-6
-1
-3
-5
-4
-4
-1
-1
-3
-6
-6
-4
-3
-3
-3
-2
0
2
5
3
6
4
2
5
8
7
6
9
9
8
5
4
5
9
6
5
1
1
0
1
-1
-2
0
1
3
2
0
0
-1
-2
0
3
3
3
4
7
8
6
6
5
6
7
7
8
5
2
2
1
2
1
-2
-6
-9
-9
-6
-4
-7
-10
-10
-7
-3
-3
-7
-10
-10
-4
-1
-2
-4
0
4
4
3
0
-2
1
4
4
1
1
-2
-1
0
2
2
-1
-2
0
-1
-1
0
-2
-3
-3
-4
-6
-5
-3
1
-1
-2
-3
-3
0
-2
-2
-3
0
2
1
0
-1
-3
-5
-4
1
1
-2
-3
-3
0
1
2
-1
-3
-2
0
4
3
2
1
-1
-3
-4
-4
-2
-1
-3
-4
-7
-6
-4
-5
-4
-2
-2
-3
-3
-2
1
6
9
7
7
5
8
10
12
11
13
15
17
18
17
14
13
17
19
15
9
9
12
13
10
6
5
6
6
6
5
2
3
3
2
-1
-1
1
-1
-2
-3
-1
1
-2
-6
-8
-7
-6
-6
-9
-12
-10
-9
-9
-12
-13
-12
-10
-10
-11
-14
-19
-16
-13
-12
-14
-16
-17
-17
-13
-15
-15
-15
-14
-12
-10
-12
-15
-16
-15
-12
-13
-16
-15
-15
-16
-15
-17
-16
-16
-16
-16
-16
-15
-14
-14
-12
-12
-12
-12
-13
-14
-9
-3
0
1
4
9
13
17
19
26
29
38
43
44
48
58
66
75
79
80
88
92
98
105
106
114
119
124
125
122
124
129
129
127
121
116
119
116
110
103
92
87
80
70
61
48
38
29
16
3
-11
-26
-40
-52
-66
-80
-94
-115
-132
-140
-154
-164
-184
-202
-206
-211
-219
-232
-254
-257
-256
-257
-250
-270
-282
-271
-263
-251
-255
-264
-257
-251
-243
-236
-241
-235
-229
-223
-207
-205
-202
-190
-180
-167
-165
-159
-143
-136
-138
-138
-135
-124
-118
-125
-136
-158
-174
-176
-177
-178
-199
-216
-195
-146
-89
-31
25
97
177
268
358
461
551
611
671
736
826
921
975
1039
1107
1184
1307
1389
1456
1506
1522
1544
1555
1528
1459
1365
1275
1176
1045
917
803
687
558
423
314
218
104
-26
-158
-291
-430
-561
-687
-820
-959
-1086
-1180
-1249
-1321
-1377
-1419
-1452
-1465
-1461
-1432
-1413
-1413
-1391
-1350
-1314
-1288
-1260
-1217
-1178
-1154
-1097
-1015
-953
-920
-893
-827
-747
-692
-638
-576
-521
-481
-420
-301
-177
-93
-36
44
140
220
300
413
530
602
643
721
828
904
956
1035
1132
1200
1226
1266
1324
1355
1366
1391
1436
1461
1441
1426
1431
1420
1393
1377
1376
1348
1269
1198
1166
1130
1053
936
796
651
516
430
374
290
175
72
-39
-211
-418
-575
-715
-944
-1281
-1643
-2030
-2485
-2858
-2969
-2889
-2894
-3065
-3149
-3041
-2908
-2773
-2482
-2111
-1991
-2161
-2167
-1818
-1489
-1410
-1299
-935
-596
-476
-217
416
1028
1258
1438
1951
2470
2576
2484
2633
2842
2685
2382
2383
2524
2354
1987
1932
2192
2271
2090
2027
2145
2112
1841
1683
1765
1724
1370
981
799
667
384
87
-47
-158
-428
-726
-819
-766
-785
-889
-937
-944
-1043
-1212
-1297
-1291
-1360
-1556
-1735
-1826
-1885
-1954
-1989
-1964
-1963
-2008
-2002
-1896
-1754
-1646
-1552
-1422
-1272
-1135
-1029
-963
-914
-838
-710
-557
-423
-315
-205
-83
54
230
434
612
738
844
953
1050
1135
1239
1354
1410
1410
1423
1460
1474
1458
1472
1532
1555
1510
1455
1436
1452
1461
1442
1391
1318
1253
1212
1155
1055
926
797
677
554
431
307
202
128
74
-21
-178
-329
-424
-522
-713
-1031
-1504
-2178
-2917
-3310
-3166
-2864
-2906
-3225
-3354
-3192
-2986
-2729
-2249
-1808
-1874
-2232
-2178
-1659
-1325
-1358
-1249
-848
-630
-617
-173
768
1428
1542
1829
2635
3257
3238
3170
3503
3659
3181
2716
2866
3074
2659
2069
2044
2320
2212
1894
1934
2141
1946
1516
1462
1702
1593
1089
739
670
463
9
-291
-306
-442
-894
-1289
-1301
-1163
-1228
-1405
-1420
-1334
-1400
-1580
-1607
-1474
-1481
-1740
-1980
-1981
-1935
-2058
-2222
-2211
-2135
-2195
-2263
-2129
-1886
-1811
-1858
-1702
-1338
-1079
-1004
-882
-620
-460
-504
-493
-288
-111
-138
-180
-37
172
280
390
648
929
1053
1128
1355
1661
1837
1861
1921
2045
2087
2037
2006
2021
1980
1854
1791
1834
1848
1781
1739
1791
1814
1707
1582
1546
1501
1343
1179
1126
1081
885
614
462
427
340
146
-78
-282
-467
-635
-812
-1074
-1536
-2256
-3123
-3792
-3884
-3541
-3337
-3584
-3959
-4040
-3880
-3646
-3227
-2700
-2533
-2870
-3113
-2769
-2243
-2068
-1997
-1642
-1315
-1319
-1108
-182
862
1234
1352
2064
3079
3499
3444
3714
4188
4061
3474
3359
3728
3644
2951
2553
2770
2871
2537
2399
2704
2762
2264
1924
2177
2391
2005
1468
1308
1178
655
135
112
213
-161
-766
-949
-762
-770
-1032
-1145
-1108
-1316
-1727
-1850
-1595
-1455
-1706
-2018
-2109
-2141
-2291
-2390
-2318
-2313
-2545
-2779
-2758
-2633
-2660
-2751
-2694
-2536
-2447
-2366
-2127
-1810
-1626
-1516
-1254
-859
-580
-476
-364
-164
2
92
239
473
655
739
880
1177
1512
1775
2015
2271
2472
2567
2642
2769
2854
2800
2666
2577
2530
2426
2248
2103
2043
2011
1943
1846
1770
1726
1705
1679
1607
1466
1298
1151
1015
840
634
474
397
356
271
114
-101
-310
-452
-575
-777
-1119
-1666
-2521
-3608
-4420
-4450
-3967
-3810
-4290
-4805
-4802
-4454
-4056
-3518
-2909
-2749
-3152
-3405
-3004
-2444
-2284
-2272
-2051
-1903
-1999
-1702
-637
433
760
925
1824
3037
3595
3687
4164
4810
4713
4072
3976
4456
4426
3655
3145
3297
3339
2944
2825
3215
3265
2633
2255
2703
3128
2725
2068
1936
1914
1339
648
541
604
56
-790
-1057
-836
-926
-1378
-1533
-1348
-1441
-1896
-2099
-1903
-1890
-2322
-2715
-2703
-2568
-2614
-2708
-2704
-2791
-3070
-3255
-3146
-2979
-3024
-3160
-3136
-2998
-2959
-2973
-2820
-2492
-2213
-2066
-1852
-1431
-971
-676
-472
-148
289
624
784
909
1101
1309
1486
1700
1987
2254
2435
2597
2815
3041
3207
3345
3475
3513
3406
3251
3195
3185
3044
2756
2493
2366
2271
2104
1913
1783
1671
1519
1370
1281
1188
1003
773
588
430
234
46
-60
-132
-267
-440
-572
-696
-887
-1110
-1282
-1476
-1910
-2720
-3748
-4574
-4817
-4549
-4325
-4577
-5088
-5310
-5088
-4662
-4158
-3579
-3206
-3321
-3594
-3422
-2842
-2421
-2300
-2137
-1911
-1881
-1788
-1066
58
762
1001
1590
2720
3618
3950
4372
5150
5561
5234
4930
5228
5509
5103
4483
4335
4359
4022
3660
3765
3875
3371
2739
2823
3304
3201
2532
2154
2179
1873
1148
750
825
575
-307
-1046
-1103
-1034
-1414
-1870
-1934
-1945
-2354
-2796
-2749
-2538
-2772
-3268
-3427
-3317
-3444
-3714
-3601
-3221
-3234
-3683
-3897
-3634
-3397
-3460
-3468
-3237
-3138
-3332
-3362
-2937
-2446
-2284
-2229
-1943
-1533
-1210
-841
-267
282
545
701
1077
1593
1934
2057
2190
2423
2646
2831
3058
3286
3380
3392
3519
3775
3940
3896
3795
3765
3710
3531
3322
3203
3114
2919
2613
2309
2066
1866
1703
1566
1384
1125
863
705
633
520
309
85
-69
-198
-362
-505
-561
-611
-798
-1098
-1365
-1571
-1854
-2357
-3159
-4194
-5054
-5243
-4838
-4606
-5038
-5670
-5803
-5450
-5035
-4585
-3992
-3652
-3921
-4277
-3951
-3149
-2681
-2641
-2508
-2258
-2232
-2089
-1191
104
802
942
1535
2769
3745
4149
4702
5597
5990
5629
5483
6058
6451
5945
5249
5192
5318
4912
4394
4422
4528
3958
3182
3158
3589
3406
2621
2205
2294
2034
1254
802
908
692
-233
-998
-994
-881
-1357
-1949
-2022
-1993
-2495
-3119
-3127
-2824
-3027
-3625
-3836
-3645
-3749
-4186
-4222
-3739
-3510
-3845
-4066
-3746
-3442
-3628
-3827
-3542
-3192
-3326
-3585
-3332
-2807
-2673
-2800
-2535
-1892
-1468
-1311
-875
-111
412
568
910
1614
2139
2196
2248
2617
2932
2894
2886
3266
3680
3673
3515
3697
4082
4184
4014
3968
4076
4008
3720
3537
3533
3401
3015
2642
2462
2308
2021
1747
1621
1476
1174
882
802
787
564
189
-38
-61
-130
-385
-657
-805
-935
-1146
-1342
-1467
-1661
-2078
-2697
-3485
-4422
-5193
-5349
-4984
-4864
-5431
-6133
-6184
-5644
-5133
-4800
-4392
-4023
-4059
-4273
-4037
-3313
-2728
-2559
-2473
-2316
-2264
-2098
-1282
-30
758
922
1364
2534
3689
4239
4689
5519
6193
6172
6012
6408
6904
6680
5996
5704
5795
5600
5091
4822
4730
4251
3519
3307
3622
3569
2840
2208
2138
2040
1438
843
730
597
-142
-1037
-1339
-1265
-1538
-2137
-2470
-2518
-2793
-3292
-3473
-3306
-3364
-3801
-4113
-4080
-4135
-4463
-4595
-4272
-3971
-4099
-4272
-4029
-3628
-3562
-3677
-3510
-3136
-3014
-3148
-3094
-2752
-2498
-2471
-2358
-1975
-1549
-1246
-872
-290
291
690
1101
1704
2307
2623
2729
2913
3199
3394
3470
3590
3768
3845
3804
3821
3961
4084
4098
4071
4043
3943
3773
3645
3594
3484
3210
2838
2488
2190
1919
1668
1424
1156
880
646
483
376
286
153
-65
-323
-524
-651
-775
-934
-1130
-1355
-1604
-1820
-1976
-2158
-2516
-3129
-3970
-4855
-5417
-5366
-4959
-4882
-5427
-6054
-6072
-5520
-4907
-4464
-4096
-3886
-3967
-4038
-3628
-2835
-2221
-2034
-2023
-1964
-1810
-1386
-526
436
983
1222
1789
2868
3917
4563
5069
5682
6154
6293
6406
6758
7039
6856
6398
6113
6005
5779
5429
5127
4783
4199
3607
3398
3436
3205
2613
2075
1793
1499
1059
697
472
80
-593
-1214
-1511
-1657
-1913
-2247
-2573
-2944
-3339
-3562
-3594
-3677
-3910
-4053
-3987
-3952
-4155
-4451
-4607
-4699
-4912
-5249
-5517
-5565
-5407
-5135
-4824
-4508
-4171
-3790
-3334
-2817
-2302
-1846
-1432
-998
-550
-121
324
829
1306
1664
1975
2390
2859
3209
3411
3596
3822
4028
4222
4456
4668
4738
4700
4701
4758
4755
4656
4502
4266
3889
3464
3133
2849
2461
1981
1570
1269
981
694
527
518
568
614
693
820
965
1111
1251
1296
1146
849
534
241
-108
-562
-1120
-1780
-2493
-3230
-4113
-5351
-6902
-8479
-9910
-11191
-12095
-12313
-12134
-12232
-12565
-12146
-10415
-8097
-6115
-4373
-2333
-83
1920
3824
5988
8057
9320
9744
9922
10101
10022
9630
9171
8584
7558
6214
5188
4714
4288
3467
2507
1916
1714
1519
1196
922
775
607
343
151
123
121
2
-166
-260
-262
-128
254
807
1211
1335
1486
1969
2584
2904
2867
2714
2492
2032
1358
677
-18
-962
-2180
-3430
-4518
-5441
-6209
-6818
-7337
-7796
-8032
-7908
-7550
-7142
-6674
-6072
-5422
-4780
-3987
-3001
-2100
-1509
-1077
-562
-4
464
852
1176
1367
1454
1630
1932
2167
2263
2348
2447
2436
2343
2366
2519
2569
2457
2365
2395
2436
2424
2448
2527
2593
2665
2840
3080
3246
3310
3362
3408
3394
3331
3285
3212
2993
2642
2280
1966
1664
1340
993
625
256
-48
-265
-449
-646
-806
-866
-860
-868
-875
-810
-681
-595
-586
-597
-630
-753
-978
-1348
-2131
-3599
-5483
-7220
-8704
-10259
-11721
-12395
-12332
-12450
-12933
-12563
-10502
-7662
-5311
-3331
-984
1617
3867
5854
7935
9681
10461
10451
10251
9902
9125
8122
7276
6416
5184
3820
2981
2799
2730
2363
1911
1807
2058
2279
2252
2126
2011
1762
1299
877
687
481
29
-425
-532
-390
-193
228
1006
1758
2130
2414
3049
3803
4081
3786
3271
2640
1702
511
-659
-1811
-3166
-4648
-5908
-6808
-7489
-7953
-8048
-7855
-7632
-7380
-6838
-5970
-5073
-4360
-3750
-3139
-2606
-2198
-1841
-1496
-1209
-986
-786
-600
-427
-175
181
521
805
1147
1594
1960
2115
2187
2298
2371
2322
2244
2217
2167
2046
1925
1855
1851
1970
2231
2499
2674
2880
3235
3596
3773
3815
3867
3902
3791
3531
3197
2808
2366
1910
1476
1069
690
355
68
-162
-293
-307
-248
-152
-26
113
271
469
657
702
599
503
461
338
40
-364
-800
-1327
-2117
-3420
-5255
-7179
-8792
-10244
-11789
-12913
-13034
-12694
-12821
-12947
-11655
-8846
-5963
-3814
-1743
820
3417
5600
7643
9560
10756
11006
10851
10647
10085
9027
7937
7053
5973
4461
3061
2392
2218
1833
1081
514
536
825
853
613
458
435
263
-60
-186
-84
-126
-385
-436
-69
417
866
1516
2366
2982
3249
3626
4297
4725
4466
3787
3085
2233
1018
-321
-1518
-2744
-4202
-5639
-6679
-7336
-7789
-8006
-7924
-7730
-7532
-7107
-6295
-5353
-4569
-3871
-3111
-2400
-1864
-1397
-898
-456
-147
72
206
273
418
738
1031
1118
1177
1408
1654
1712
1706
1797
1854
1751
1641
1652
1640
1510
1425
1479
1564
1634
1813
2116
2396
2609
2860
3153
3386
3549
3692
3736
3588
3333
3115
2897
2560
2135
1724
1310
861
470
216
30
-153
-271
-287
-281
-265
-134
115
322
423
510
582
540
431
352
190
-196
-689
-1235
-2252
-4083
-6193
-7843
-9200
-10864
-12460
-13019
-12762
-12840
-13246
-12523
-10085
-7152
-4842
-2758
-225
2479
4824
6974
9089
10607
11114
11029
10901
10546
9598
8358
7342
6378
4973
3316
2239
2015
1907
1267
481
350
817
1093
902
710
745
648
296
109
208
114
-319
-559
-306
36
211
619
1450
2190
2473
2741
3419
4108
4190
3729
3156
2504
1542
342
-829
-1994
-3368
-4873
-6130
-6942
-7467
-7853
-8012
-7870
-7547
-7142
-6545
-5695
-4809
-4124
-3542
-2819
-2001
-1361
-974
-676
-353
-54
170
351
525
713
921
1117
1294
1492
1735
1935
2011
2018
2046
2091
2094
2060
2018
1965
1904
1883
1923
1988
2058
2164
2331
2536
2756
2961
3111
3188
3221
3243
3209
3058
2802
2513
2215
1880
1523
1181
844
493
176
-46
-194
-318
-370
-292
-159
-57
32
183
353
457
492
510
503
422
215
-135
-600
-1256
-2395
-4198
-6231
-7929
-9383
-11049
-12590
-13155
-12927
-12966
-13253
-12393
-9852
-6898
-4610
-2502
141
2951
5360
7570
9696
11117
11484
11377
11299
10914
9819
8412
7202
6033
4532
2940
1893
1489
1138
461
-144
-109
396
669
534
436
582
644
492
452
573
417
-69
-314
-39
304
449
782
1478
2061
2305
2685
3466
4084
4018
3552
3150
2666
1760
564
-605
-1813
-3264
-4765
-5931
-6716
-7379
-7949
-8201
-8061
-7728
-7326
-6721
-5831
-4862
-4037
-3284
-2426
-1538
-853
-424
-100
221
502
683
772
814
824
828
853
909
967
989
992
1039
1155
1260
1306
1373
1509
1622
1671
1755
1945
2135
2241
2337
2479
2612
2734
2919
3137
3245
3209
3162
3176
3170
3048
2803
2489
2166
1882
1612
1288
912
553
256
-10
-244
-378
-404
-412
-456
-453
-307
-55
201
415
557
612
645
746
802
596
150
-398
-1287
-2942
-5100
-6991
-8475
-10150
-11974
-12987
-13044
-13186
-13704
-13267
-11011
-8027
-5639
-3583
-990
1984
4670
7056
9312
10959
11580
11576
11527
11240
10239
8749
7387
6213
4792
3115
1802
1230
908
250
-475
-540
47
504
481
436
655
802
688
647
772
601
38
-314
-117
220
349
584
1168
1768
2131
2571
3350
4073
4219
3860
3412
2963
2283
1275
77
-1261
-2785
-4362
-5682
-6619
-7372
-8076
-8569
-8700
-8523
-8127
-7453
-6511
-5493
-4517
-3488
-2343
-1245
-405
159
600
1021
1359
1462
1328
1179
1151
1099
875
628
566
595
544
493
614
846
1038
1208
1429
1644
1813
2012
2270
2467
2539
2588
2689
2798
2866
2921
2984
3023
3033
3020
2962
2857
2741
2610
2409
2140
1868
1589
1254
894
581
289
-60
-414
-649
-751
-818
-874
-863
-761
-594
-400
-203
-5
225
463
625
679
654
511
220
-173
-810
-2108
-4091
-6102
-7712
-9293
-11106
-12410
-12669
-12664
-13148
-13229
-11583
-8663
-5996
-3951
-1670
1210
4092
6551
8724
10505
11515
11781
11710
11458
10735
9460
7991
6604
5189
3656
2323
1568
1159
554
-209
-453
78
688
757
572
652
885
921
859
897
772
261
-229
-237
47
211
329
676
1147
1535
1984
2671
3331
3554
3344
2970
2533
1903
982
-170
-1472
-2900
-4380
-5723
-6739
-7469
-8138
-8763
-9015
-8690
-8035
-7339
-6514
-5374
-4104
-2980
-1951
-882
72
712
1151
1534
1710
1583
1388
1336
1258
969
622
448
416
395
402
496
627
773
1005
1341
1677
1912
2056
2219
2460
2700
2798
2760
2773
2928
3071
3061
2994
3023
3094
3069
2942
2806
2691
2560
2392
2185
1927
1604
1259
931
624
289
-83
-431
-690
-872
-1022
-1122
-1141
-1095
-1014
-887
-700
-494
-299
-117
54
174
196
103
-41
-195
-603
-1727
-3552
-5397
-6874
-8379
-10162
-11499
-11815
-11836
-12354
-12613
-11311
-8718
-6214
-4216
-2011
687
3341
5628
7723
9501
10513
10801
10811
10665
10038
8850
7478
6201
4930
3643
2599
1984
1565
1040
574
581
1082
1589
1735
1668
1628
1622
1597
1565
1423
980
337
-118
-214
-153
-100
43
368
766
1166
1677
2334
2920
3145
2973
2627
2237
1671
735
-507
-1838
-3171
-4493
-5714
-6735
-7600
-8323
-8736
-8711
-8361
-7799
-6946
-5815
-4661
-3624
-2534
-1303
-212
475
875
1207
1426
1409
1233
1055
867
594
293
81
-3
-13
13
76
217
465
791
1125
1424
1681
1906
2134
2376
2587
2691
2704
2717
2767
2812
2841
2880
2901
2864
2811
2828
2901
2906
2789
2628
2480
2314
2077
1782
1469
1134
748
314
-108
-465
-764
-1044
-1284
-1395
-1368
-1279
-1174
-1028
-830
-607
-357
-97
73
83
21
-21
-104
-242
-388
-750
-1767
-3373
-4927
-6185
-7572
-9164
-10197
-10379
-10536
-11117
-11186
-9826
-7601
-5557
-3783
-1768
522
2768
4864
6767
8143
8821
9126
9315
9184
8492
7454
6435
5482
4467
3503
2834
2463
2122
1683
1408
1592
2082
2386
2275
2013
1908
1912
1793
1492
1113
681
198
-196
-347
-289
-130
121
480
882
1309
1821
2347
2635
2576
2344
2046
1531
651
-497
-1715
-2918
-4086
-5196
-6217
-7103
-7752
-8088
-8124
-7880
-7347
-6563
-5611
-4511
-3249
-1927
-758
118
775
1342
1828
2121
2110
1816
1398
997
656
325
-32
-369
-601
-659
-544
-309
-2
343
689
1027
1372
1719
2007
2175
2242
2256
2242
2185
2110
2069
2066
2082
2142
2297
2535
2765
2897
2936
2946
2950
2880
2659
2289
1841
1363
850
299
-255
-757
-1165
-1470
-1683
-1819
-1876
-1813
-1585
-1239
-901
-630
-364
-73
172
318
368
321
223
139
-111
-952
-2373
-3800
-4975
-6285
-7827
-8855
-9048
-9169
-9667
-9703
-8473
-6519
-4715
-3041
-1147
849
2745
4585
6190
7112
7409
7624
7781
7424
6546
5693
5035
4219
3245
2607
2471
2444
2250
2070
2144
2462
2870
3119
3002
2640
2360
2213
1902
1295
625
91
-320
-622
-750
-704
-522
-184
274
738
1212
1752
2184
2254
2011
1699
1291
564
-453
-1566
-2746
-3994
-5114
-5951
-6612
-7162
-7396
-7179
-6679
-6065
-5302
-4360
-3354
-2365
-1390
-506
162
617
934
1111
1101
952
735
453
120
-172
-338
-423
-482
-460
-289
-21
244
492
734
959
1173
1399
1577
1622
1567
1525
1550
1627
1723
1804
1863
1961
2174
2461
2742
2988
3211
3372
3423
3359
3184
2862
2401
1881
1357
814
269
-231
-699
-1161
-1547
-1746
-1761
-1689
-1601
-1471
-1249
-934
-605
-348
-146
54
221
284
249
166
53
-76
-176
-278
-436
-609
-729
-946
-1528
-2454
-3405
-4281
-5302
-6447
-7272
-7569
-7733
-8005
-7937
-7038
-5552
-4025
-2533
-880
890
2598
4181
5525
6387
6753
6900
6904
6551
5813
4969
4183
3399
2679
2210
1949
1743
1630
1745
2047
2399
2726
2918
2887
2775
2716
2522
1994
1361
935
603
144
-276
-386
-264
-106
116
464
851
1218
1568
1706
1456
994
568
5
-981
-2222
-3347
-4274
-5111
-5805
-6217
-6310
-6095
-5574
-4845
-4011
-3067
-2037
-1108
-416
132
610
874
790
492
182
-124
-499
-903
-1230
-1416
-1454
-1358
-1197
-993
-673
-242
127
329
485
693
825
767
629
567
577
584
603
686
878
1184
1546
1887
2211
2595
3031
3378
3539
3560
3503
3316
2960
2487
1977
1468
973
506
66
-308
-548
-645
-665
-648
-561
-383
-185
-47
19
47
61
58
16
-87
-241
-391
-489
-549
-631
-729
-768
-720
-616
-524
-457
-378
-312
-363
-675
-1293
-2131
-3062
-4044
-5050
-5925
-6467
-6672
-6717
-6580
-6003
-4836
-3318
-1791
-357
1054
2472
3748
4664
5138
5267
5161
4809
4187
3417
2667
2021
1477
1083
928
1052
1369
1754
2135
2534
2989
3433
3697
3665
3390
3013
2592
2103
1542
985
526
215
41
-3
91
304
542
737
877
946
867
558
43
-582
-1236
-1903
-2588
-3230
-3719
-3999
-4086
-4011
-3758
-3325
-2791
-2258
-1772
-1332
-953
-697
-606
-654
-759
-861
-975
-1121
-1253
-1286
-1186
-1025
-856
-668
-433
-193
-29
35
34
10
-50
-172
-337
-475
-515
-466
-376
-241
-9
340
752
1146
1497
1834
2159
2406
2515
2500
2406
2255
2029
1735
1424
1149
928
751
609
521
506
552
617
659
680
694
692
637
519
374
236
94
-65
-217
-334
-408
-446
-429
-335
-192
-46
72
153
196
196
150
76
-4
-111
-250
-409
-603
-918
-1445
-2130
-2823
-3475
-4153
-4808
-5229
-5300
-5130
-4832
-4306
-3431
-2325
-1231
-201
837
1868
2730
3286
3558
3645
3575
3315
2867
2341
1869
1505
1230
1048
1012
1146
1414
1728
2028
2298
2553
2757
2825
2707
2457
2167
1865
1505
1099
746
520
387
276
182
143
155
166
126
49
-27
-117
-255
-461
-692
-910
-1118
-1325
-1534
-1699
-1795
-1850
-1902
-1956
-1985
-1983
-1965
-1943
-1916
-1852
-1740
-1587
-1420
-1247
-1046
-828
-620
-451
-332
-253
-206
-207
-258
-357
-471
-577
-672
-748
-781
-751
-654
-501
-309
-85
160
402
626
825
990
1109
1176
1201
1198
1160
1080
981
897
836
777
715
685
702
751
798
835
894
972
1026
1013
964
928
893
818
700
596
546
513
450
375
350
380
401
369
330
331
339
283
158
33
-56
-151
-273
-366
-368
-302
-242
-226
-242
-329
-584
-1058
-1686
-2375
-3094
-3823
-4471
-4886
-4995
-4849
-4470
-3824
-2917
-1842
-748
276
1191
1952
2488
2746
2739
2532
2191
1770
1321
928
666
575
658
888
1243
1685
2150
2566
2865
3025
3051
2937
2671
2284
1848
1431
1054
722
447
275
215
222
247
270
305
330
307
224
101
-30
-159
-297
-425
-512
-549
-566
-591
-618
-638
-671
-749
-872
-1019
-1167
-1310
-1445
-1553
-1605
-1594
-1524
-1407
-1245
-1048
-845
-659
-522
-444
-431
-487
-606
-775
-967
-1148
-1291
-1387
-1421
-1379
-1262
-1076
-842
-582
-312
-54
170
342
461
530
547
508
430
341
266
213
187
206
284
424
602
792
964
1117
1247
1338
1365
1334
1269
1184
1075
962
879
829
805
808
854
912
940
943
941
945
908
814
693
581
481
376
271
183
130
134
219
326
369
333
290
154
-336
-1206
-2161
-2969
-3798
-4765
-5499
-5618
-5270
-4868
-4350
-3356
-1952
-603
419
1267
2075
2679
2863
2619
2155
1692
1266
812
360
96
168
498
911
1314
1728
2180
2561
2686
2512
2210
1945
1650
1200
711
436
419
458
466
573
829
1069
1144
1116
1086
1006
793
470
153
-86
-261
-399
-469
-411
-237
-75
-34
-92
-178
-326
-625
-1039
-1423
-1694
-1886
-2032
-2069
-1937
-1649
-1294
-960
-656
-359
-100
18
-57
-252
-466
-698
-992
-1316
-1546
-1617
-1571
-1472
-1307
-1037
-693
-384
-182
-62
21
43
-36
-183
-296
-333
-324
-290
-198
-15
225
474
707
902
1048
1145
1191
1168
1071
954
892
876
833
775
782
852
890
858
830
861
909
912
882
888
933
949
878
783
766
773
682
519
426
410
311
118
43
190
417
497
447
453
467
97
-921
-2187
-3159
-3964
-5060
-6177
-6502
-5958
-5294
-4778
-3802
-2136
-417
800
1706
2599
3320
3591
3413
2977
2478
2053
1675
1260
936
948
1238
1511
1665
1861
2149
2296
2139
1774
1425
1189
987
729
505
518
776
1035
1115
1164
1312
1370
1106
646
278
-3
-370
-781
-1027
-1021
-867
-699
-549
-368
-111
102
59
-260
-641
-962
-1365
-1921
-2386
-2521
-2417
-2271
-2039
-1578
-960
-399
12
286
432
436
300
17
-370
-719
-934
-1080
-1216
-1240
-1064
-813
-632
-489
-290
-112
-101
-230
-343
-401
-476
-561
-538
-348
-63
231
508
789
1061
1250
1283
1177
1026
885
749
619
534
535
639
794
896
944
1045
1194
1225
1077
904
827
721
479
242
189
272
318
318
397
602
827
933
916
840
724
544
324
95
-173
-451
-695
-1159
-2220
-3640
-4716
-5373
-6184
-7048
-7049
-6052
-5021
-4322
-3186
-1284
556
1731
2610
3493
4063
4110
3863
3526
3131
2855
2794
2704
2485
2442
2727
2943
2790
2524
2404
2240
1778
1136
647
470
514
578
638
905
1413
1818
1860
1771
1785
1681
1205
562
67
-328
-749
-1080
-1208
-1230
-1234
-1189
-1171
-1313
-1535
-1700
-1897
-2247
-2595
-2739
-2776
-2840
-2798
-2486
-2013
-1568
-1131
-648
-227
-14
15
-42
-158
-314
-463
-604
-730
-753
-645
-531
-501
-435
-255
-118
-180
-357
-475
-541
-638
-745
-758
-630
-389
-90
233
574
953
1338
1647
1829
1936
1997
1964
1822
1641
1498
1390
1296
1221
1174
1155
1162
1162
1131
1095
1086
1052
915
734
586
464
317
217
206
150
-14
-132
-77
9
-46
-137
-111
-54
-96
-255
-477
-678
-815
-1087
-2084
-3989
-5950
-7099
-7812
-8965
-9859
-9057
-6973
-5309
-4256
-2282
743
3049
3993
4601
5463
5858
5423
4887
4566
4263
4076
4117
4139
3930
3905
4124
3836
2911
2124
1834
1375
419
-238
-93
421
827
1260
1947
2641
3034
3022
2699
2303
1935
1444
712
52
-155
-65
-40
-133
-181
-237
-491
-999
-1752
-2649
-3475
-4151
-4818
-5404
-5523
-5114
-4591
-4142
-3513
-2637
-1898
-1474
-1130
-744
-522
-551
-591
-531
-516
-582
-581
-473
-398
-353
-268
-273
-466
-642
-612
-561
-668
-682
-380
-5
184
357
728
1107
1247
1264
1364
1487
1528
1616
1869
2149
2334
2521
2788
3010
3069
3000
2834
2535
2133
1752
1422
1099
815
680
705
769
774
745
732
694
610
530
478
383
240
140
79
-69
-296
-418
-382
-344
-464
-766
-1161
-1538
-2132
-3694
-6512
-9424
-11022
-11604
-12329
-12655
-10953
-7658
-5041
-3601
-1544
1623
3985
4449
4305
4753
5217
5052
4867
5280
5997
6619
7107
7257
6784
5971
5144
3953
2146
477
-236
-359
-638
-771
29
1542
2763
3297
3598
3914
3848
3134
2214
1720
1716
1797
1791
1949
2412
2869
2927
2495
1679
547
-847
-2410
-4012
-5356
-6079
-6210
-6166
-6097
-5625
-4676
-3920
-3814
-3901
-3648
-3339
-3430
-3578
-3191
-2416
-1826
-1485
-1023
-421
-57
-155
-557
-979
-1294
-1560
-1867
-2060
-1822
-1173
-584
-318
-69
405
763
637
316
337
686
960
1121
1546
2335
3108
3571
3863
4176
4374
4239
3836
3420
3132
2930
2751
2628
2652
2834
2999
2913
2537
2066
1666
1255
738
319
294
613
900
990
1125
1450
1667
1494
1087
721
403
-11
-495
-879
-1024
-994
-1045
-1228
-1445
-2487
-5848
-11150
-15334
-16510
-16742
-17961
-17767
-13430
-7478
-4368
-3363
-498
4011
6192
5135
4111
4852
5638
5473
5785
7441
9222
9947
9781
8980
7404
5303
3077
644
-1849
-3278
-2907
-1683
-803
77
1851
3957
4961
4665
4155
3982
3557
2618
2085
2865
4499
5748
6199
6402
6559
6049
4466
2276
73
-2040
-4065
-5701
-6573
-6583
-5940
-5134
-4671
-4545
-4324
-3951
-3934
-4378
-4555
-3963
-3072
-2480
-1913
-842
375
783
61
-1083
-1963
-2685
-3680
-4783
-5234
-4769
-4024
-3610
-3297
-2558
-1703
-1489
-1862
-1951
-1405
-901
-869
-655
373
1723
2493
2722
3113
3702
3885
3505
3146
3256
3576
3698
3663
3798
4141
4318
4092
3627
3236
2951
2533
1973
1561
1603
2004
2350
2545
2783
3082
3033
2488
2001
1939
1922
1559
1245
1446
1760
1548
978
639
500
153
-510
-1123
-1423
-1604
-1862
-2281
-2736
-4084
-7969
-13601
-17591
-17678
-16519
-16982
-16325
-11376
-4661
-1787
-2316
-799
3054
4923
3172
1833
3722
5997
6491
6612
8432
10770
10800
8673
5993
3670
1490
-826
-2563
-3458
-3315
-2077
-345
1130
1842
2352
3053
3352
2846
2199
2662
4048
5095
5672
6915
9038
10215
9221
7231
5728
4316
1920
-785
-2362
-2916
-3586
-4577
-5004
-4680
-4404
-4670
-5253
-5723
-5871
-5540
-4732
-3684
-2463
-979
534
1494
1709
1602
1324
524
-829
-2031
-2616
-3092
-3946
-4736
-4824
-4591
-4928
-5758
-6184
-5873
-5445
-5306
-4953
-3837
-2151
-562
637
1672
2649
3244
3162
2766
2726
3065
3226
3053
3070
3516
3870
3710
3321
3089
2840
2279
1672
1538
1874
2233
2345
2416
2688
3010
3071
2803
2520
2461
2529
2555
2631
2969
3396
3523
3262
2995
2907
2649
2041
1361
998
787
362
-68
-353
-560
-904
-1373
-1762
-2373
-3319
-5333
-9350
-14322
-17415
-16705
-14724
-14120
-12908
-8561
-2949
-970
-2263
-1957
752
2501
1367
772
3393
6599
7718
7277
7930
9433
8909
5944
2284
-45
-1191
-2263
-2802
-2406
-1142
91
619
809
797
882
1136
1360
1616
2227
3915
6330
8053
8564
8768
9383
9324
7477
4930
3388
2678
1408
-313
-1030
-745
-1071
-2662
-4281
-4864
-5026
-5607
-6245
-6070
-4984
-3657
-2536
-1556
-525
437
838
435
-268
-541
-456
-728
-1467
-1963
-1962
-2164
-3028
-3995
-4457
-4637
-4973
-5247
-5020
-4395
-3827
-3481
-3088
-2405
-1531
-836
-456
-42
708
1523
1934
2093
2451
2898
2985
2783
2816
3101
3140
2836
2595
2637
2657
2394
2010
1794
1835
1921
1858
1747
1818
2074
2247
2274
2353
2542
2701
2755
2813
2980
3224
3385
3242
2854
2561
2378
1894
1066
493
452
388
-76
-545
-614
-638
-1217
-2362
-3653
-5204
-7891
-11780
-14868
-14944
-12806
-11204
-10468
-8255
-4255
-1614
-1947
-2576
-1031
1129
1500
1299
3221
6653
8570
8085
7253
7327
6977
4916
2032
45
-754
-1219
-1594
-1391
-532
246
283
-223
-652
-587
-37
773
1684
2752
4209
5908
7130
7404
7190
7166
7026
6017
4487
3576
3346
2655
1151
-91
-497
-1060
-2640
-4452
-5240
-5132
-5113
-5300
-4898
-3711
-2622
-2275
-2224
-1786
-1138
-910
-1060
-966
-478
-144
-311
-667
-858
-1019
-1436
-2011
-2430
-2600
-2734
-3025
-3345
-3419
-3262
-3197
-3296
-3170
-2625
-2006
-1597
-1145
-392
370
749
897
1240
1784
2161
2264
2419
2826
3207
3217
2948
2725
2557
2206
1711
1423
1482
1604
1553
1487
1639
1886
1920
1738
1655
1846
2116
2256
2369
2641
2972
3127
3103
3053
2916
2466
1758
1126
773
567
323
68
-54
-66
-275
-991
-2093
-3336
-5174
-8367
-12151
-14070
-12994
-10959
-10166
-9564
-7017
-3586
-2256
-3004
-2794
-604
1176
1214
1666
4404
7651
8623
7623
7008
7213
6404
3894
1440
578
563
61
-626
-400
493
657
-322
-1353
-1471
-917
-356
176
1081
2513
4170
5544
6271
6488
6631
6723
6253
5170
4304
4133
3856
2627
1048
195
-235
-1404
-3278
-4562
-4729
-4698
-5147
-5444
-4932
-4179
-4038
-4176
-3610
-2374
-1546
-1560
-1536
-759
144
222
-269
-394
-132
-263
-870
-1152
-895
-946
-1769
-2632
-2807
-2712
-3095
-3714
-3758
-3146
-2535
-2179
-1676
-863
-201
21
204
797
1577
2031
2169
2440
2961
3318
3266
3079
3030
2930
2545
2072
1856
1834
1699
1447
1362
1508
1632
1582
1516
1602
1758
1832
1895
2108
2416
2592
2567
2545
2622
2547
2087
1458
1070
951
776
411
107
30
-90
-664
-1663
-2781
-4234
-6760
-10134
-12456
-12236
-10610
-9750
-9494
-7908
-5068
-3388
-3592
-3401
-1392
704
1222
1538
3608
6469
7707
7158
6722
7029
6693
4942
2991
2119
1894
1277
446
294
736
705
-185
-1115
-1330
-1055
-823
-570
110
1275
2580
3676
4445
4992
5438
5676
5450
4859
4421
4317
4015
3088
1998
1359
825
-364
-2004
-3152
-3608
-4093
-4854
-5282
-5147
-5035
-5206
-5037
-4133
-3082
-2521
-2214
-1618
-809
-292
-167
-64
237
502
475
313
319
376
16
-810
-1552
-1880
-2177
-2785
-3301
-3248
-2906
-2777
-2712
-2288
-1642
-1186
-884
-416
219
775
1178
1534
1879
2177
2442
2672
2818
2860
2815
2713
2573
2410
2201
1931
1661
1460
1334
1253
1203
1166
1157
1240
1414
1581
1698
1848
2055
2217
2325
2472
2611
2523
2106
1515
1028
828
829
747
485
222
-87
-822
-2062
-3542
-5494
-8249
-10755
-11236
-9917
-8954
-8922
-7953
-5468
-3727
-4003
-4185
-2387
-149
458
555
2380
5254
6646
6214
5932
6559
6620
5224
3601
3048
3025
2413
1478
1234
1570
1387
364
-628
-950
-947
-1052
-1035
-537
312
1177
1951
2650
3276
3856
4325
4440
4174
3953
4016
3918
3259
2472
2114
1797
794
-616
-1537
-1948
-2651
-3763
-4558
-4788
-4978
-5298
-5216
-4535
-3772
-3332
-2993
-2449
-1763
-1162
-726
-360
59
485
740
784
777
760
537
87
-345
-671
-1087
-1629
-2026
-2143
-2176
-2264
-2268
-2090
-1880
-1749
-1573
-1204
-706
-254
100
420
743
1029
1273
1549
1880
2149
2284
2367
2477
2514
2397
2234
2138
2038
1833
1597
1439
1336
1244
1187
1198
1263
1364
1494
1591
1615
1614
1638
1664
1645
1584
1500
1391
1275
1189
1114
964
755
590
423
-3
-788
-1781
-3098
-5104
-7420
-8760
-8564
-7922
-7795
-7395
-5832
-4235
-4160
-4740
-3954
-2089
-1208
-1398
-562
1797
3611
3818
3979
5165
5936
4982
3559
3358
3817
3475
2618
2580
3276
3393
2580
1740
1311
744
-199
-869
-780
-255
194
509
879
1373
1933
2392
2503
2237
1978
2040
2227
2234
2211
2406
2517
2034
1160
582
355
-188
-1277
-2243
-2548
-2570
-2862
-3231
-3202
-2959
-3073
-3492
-3585
-3162
-2742
-2602
-2338
-1657
-998
-837
-895
-671
-356
-461
-838
-874
-545
-424
-654
-726
-441
-278
-511
-734
-633
-556
-815
-1050
-861
-523
-509
-647
-479
-111
-19
-174
-96
279
535
556
727
1192
1552
1547
1467
1619
1810
1745
1547
1529
1665
1687
1567
1532
1628
1640
1478
1329
1332
1339
1205
1026
977
1012
981
901
912
1006
997
835
709
791
970
1027
937
864
874
829
630
333
-47
-642
-1478
-2276
-2707
-2766
-2724
-2778
-2943
-3191
-3471
-3661
-3641
-3479
-3360
-3367
-3387
-3277
-2981
-2540
-2081
-1748
-1546
-1287
-855
-369
4
307
675
1082
1419
1700
1976
2144
2066
1860
1792
1912
2053
2114
2152
2201
2238
2301
2441
2575
2561
2401
2232
2138
2097
2093
2118
2117
2052
1992
2021
2080
2007
1725
1332
986
764
633
495
294
42
-227
-479
-668
-780
-911
-1174
-1538
-1844
-2007
-2106
-2229
-2358
-2472
-2558
-2592
-2543
-2452
-2402
-2402
-2375
-2257
-2053
-1819
-1649
-1616
-1652
-1590
-1376
-1165
-1112
-1171
-1210
-1188
-1154
-1087
-943
-783
-695
-633
-441
-91
232
374
406
513
755
1017
1212
1384
1596
1821
2006
2173
2351
2471
2433
2281
2177
2215
2316
2355
2309
2259
2250
2234
2155
2014
1845
1662
1483
1379
1413
1522
1540
1396
1183
983
708
201
-578
-1543
-2515
-3200
-3374
-3162
-3030
-3283
-3762
-4118
-4198
-4064
-3792
-3522
-3437
-3515
-3447
-2982
-2276
-1696
-1394
-1233
-1013
-631
-122
390
780
1051
1330
1695
2100
2434
2570
2418
2063
1811
1889
2148
2239
2087
1928
1934
2030
2121
2208
2225
2033
1675
1443
1534
1770
1851
1730
1595
1573
1615
1645
1622
1469
1121
694
419
378
401
291
35
-263
-538
-778
-984
-1189
-1457
-1768
-1994
-2073
-2088
-2158
-2286
-2414
-2509
-2537
-2474
-2361
-2297
-2283
-2211
-2028
-1808
-1647
-1543
-1455
-1386
-1321
-1221
-1093
-1009
-1009
-1026
-989
-890
-769
-653
-530
-380
-200
5
227
437
599
697
770
881
1048
1238
1412
1579
1753
1938
2115
2235
2262
2208
2144
2120
2119
2098
2054
2020
2001
1982
1953
1899
1795
1628
1432
1254
1119
1025
988
1014
1087
1137
1081
893
638
407
198
-80
-532
-1193
-2019
-2824
-3328
-3397
-3246
-3242
-3511
-3838
-3990
-3926
-3703
-3400
-3147
-3083
-3128
-3020
-2649
-2208
-1911
-1738
-1521
-1173
-705
-186
276
602
831
1104
1471
1845
2111
2211
2167
2100
2164
2382
2564
2542
2379
2278
2297
2364
2471
2626
2707
2577
2344
2240
2285
2254
2040
1800
1686
1639
1555
1481
1476
1472
1359
1144
881
546
112
-340
-688
-892
-1018
-1140
-1312
-1542
-1759
-1877
-1916
-1996
-2167
-2341
-2439
-2491
-2527
-2500
-2406
-2329
-2307
-2265
-2136
-1975
-1864
-1807
-1757
-1693
-1607
-1482
-1335
-1225
-1162
-1100
-999
-886
-801
-741
-675
-571
-397
-135
187
473
647
748
882
1102
1323
1440
1462
1493
1604
1761
1908
2030
2110
2120
2086
2080
2122
2113
1970
1760
1611
1557
1522
1447
1359
1308
1306
1340
1403
1469
1474
1393
1277
1189
1121
999
817
650
540
449
302
80
-184
-481
-832
-1268
-1820
-2474
-3096
-3490
-3573
-3478
-3428
-3545
-3763
-3935
-3935
-3752
-3501
-3313
-3215
-3082
-2793
-2349
-1870
-1484
-1228
-1021
-736
-314
170
588
904
1202
1556
1938
2256
2432
2446
2346
2263
2314
2471
2592
2585
2513
2484
2530
2604
2654
2634
2511
2324
2183
2153
2169
2122
2001
1882
1804
1740
1648
1524
1371
1188
993
802
565
223
-187
-532
-736
-861
-1027
-1263
-1513
-1710
-1823
-1856
-1861
-1936
-2106
-2286
-2381
-2396
-2409
-2469
-2554
-2600
-2555
-2431
-2290
-2195
-2138
-2068
-1946
-1786
-1613
-1458
-1343
-1249
-1126
-944
-739
-583
-507
-454
-357
-188
23
228
409
579
755
926
1074
1173
1213
1218
1252
1359
1523
1676
1789
1868
1929
1970
1973
1938
1881
1829
1805
1804
1803
1782
1741
1690
1639
1581
1514
1429
1328
1232
1152
1103
1071
1031
969
886
782
644
475
308
176
83
2
-115
-302
-556
-854
-1181
-1550
-1985
-2485
-2990
-3387
-3582
-3585
-3510
-3480
-3532
-3615
-3642
-3571
-3419
-3236
-3051
-2851
-2597
-2283
-1942
-1632
-1366
-1121
-847
-507
-106
327
746
1131
1482
1813
2104
2320
2450
2497
2506
2535
2622
2755
2887
2971
3009
3029
3055
3073
3053
2975
2847
2703
2580
2480
2378
2250
2098
1943
1803
1670
1530
1372
1202
1035
870
686
427
71
-343
-731
-1022
-1218
-1390
-1602
-1860
-2110
-2298
-2406
-2490
-2624
-2819
-3013
-3131
-3146
-3108
-3077
-3073
-3055
-2959
-2770
-2536
-2328
-2174
-2035
-1852
-1617
-1375
-1180
-1054
-956
-827
-642
-429
-243
-99
26
165
327
494
635
752
871
1016
1187
1344
1454
1520
1570
1652
1785
1940
2079
2185
2261
2323
2377
2404
2378
2286
2148
2008
1888
1785
1674
1547
1410
1273
1146
1013
861
690
519
366
238
128
23
-80
-168
-219
-235
-241
-263
-308
-365
-411
-428
-432
-440
-477
-554
-666
-819
-1029
-1291
-1595
-1922
-2256
-2576
-2851
-3053
-3159
-3182
-3159
-3125
-3082
-3011
-2882
-2691
-2467
-2232
-1993
-1742
-1466
-1171
-870
-570
-265
64
420
787
1144
1475
1767
2028
2260
2455
2594
2667
2683
2663
2645
2647
2670
2693
2692
2666
2625
2584
2541
2483
2401
2288
2158
2029
1905
1776
1617
1431
1237
1064
912
767
601
402
184
-19
-206
-409
-666
-984
-1326
-1620
-1827
-1963
-2077
-2194
-2299
-2362
-2371
-2339
-2293
-2259
-2244
-2233
-2206
-2161
-2116
-2093
-2087
-2068
-1997
-1862
-1685
-1518
-1376
-1240
-1076
-883
-695
-548
-455
-384
-276
-109
87
249
363
466
601
774
940
1049
1096
1124
1180
1265
1355
1405
1416
1421
1449
1498
1531
1528
1493
1449
1429
1429
1425
1392
1319
1226
1138
1046
941
828
717
620
547
498
469
447
413
361
286
194
103
10
-76
-155
-217
-252
-270
-278
-286
-290
-294
-290
-287
-286
-278
-252
-209
-179
-210
-326
-517
-743
-984
-1240
-1511
-1788
-2024
-2165
-2200
-2170
-2147
-2155
-2171
-2149
-2080
-1980
-1876
-1782
-1674
-1516
-1292
-1025
-766
-541
-325
-70
234
568
885
1165
1413
1647
1870
2061
2183
2233
2235
2220
2207
2200
2186
2155
2110
2059
2005
1944
1866
1767
1654
1531
1406
1280
1164
1064
970
873
776
683
603
535
478
413
319
189
26
-145
-327
-530
-765
-1018
-1252
-1433
-1552
-1636
-1721
-1827
-1941
-2024
-2062
-2061
-2045
-2036
-2024
-1980
-1882
-1751
-1625
-1523
-1431
-1327
-1191
-1028
-866
-728
-621
-518
-404
-286
-184
-109
-55
-1
77
175
267
333
373
402
430
458
483
499
515
538
578
634
700
769
841
912
993
1078
1157
1223
1271
1298
1313
1318
1306
1269
1206
1133
1058
988
917
849
773
693
616
549
480
403
321
235
157
87
26
-33
-94
-137
-156
-154
-144
-129
-104
-71
-33
14
61
94
110
112
99
55
-39
-179
-364
-596
-868
-1156
-1428
-1671
-1869
-2000
-2069
-2113
-2145
-2154
-2128
-2077
-2010
-1918
-1799
-1665
-1520
-1349
-1145
-931
-713
-490
-258
-25
201
429
655
870
1064
1237
1379
1472
1519
1546
1565
1582
1607
1642
1683
1710
1728
1739
1746
1740
1716
1681
1635
1564
1478
1393
1315
1233
1140
1049
968
884
790
699
615
536
449
348
230
84
-99
-309
-530
-746
-939
-1099
-1220
-1301
-1364
-1424
-1479
-1526
-1566
-1600
-1627
-1642
-1653
-1656
-1649
-1630
-1606
-1579
-1540
-1483
-1416
-1337
-1237
-1134
-1026
-915
-803
-695
-601
-521
-447
-368
-282
-190
-92
13
115
216
314
404
480
543
597
646
700
763
835
914
992
1068
1143
1207
1263
1309
1351
1389
1420
1439
1444
1435
1407
1366
1317
1262
1203
1143
1078
1003
917
819
714
596
474
356
243
141
48
-35
-107
-178
-248
-308
-361
-401
-422
-423
-413
-401
-397
-401
-414
-433
-451
-462
-466
-470
-478
-508
-571
-679
-832
-1025
-1239
-1454
-1647
-1802
-1914
-1992
-2044
-2079
-2098
-2097
-2079
-2038
-1958
-1839
-1683
-1496
-1282
-1042
-793
-545
-297
-41
218
475
734
990
1235
1461
1654
1812
1925
1998
2041
2061
2075
2087
2104
2115
2124
2125
2109
2078
2014
1923
1829
1728
1624
1521
1421
1332
1250
1167
1079
979
867
736
574
390
184
-37
-267
-501
-723
-924
-1092
-1245
-1391
-1531
-1656
-1749
-1816
-1867
-1891
-1904
-1901
-1884
-1867
-1848
-1828
-1800
-1750
-1683
-1588
-1466
-1326
-1170
-1022
-880
-750
-640
-549
-472
-406
-343
-272
-194
-112
-32
49
136
227
317
407
500
590
677
756
826
892
948
999
1052
1100
1150
1200
1245
1294
1328
1349
1359
1349
1324
1279
1219
1151
1068
983
895
802
708
610
515
427
341
259
183
112
46
-14
-68
-117
-161
-206
-240
-269
-297
-323
-353
-386
-421
-458
-494
-534
-575
-612
-635
-648
-657
-670
-692
-731
-794
-878
-981
-1093
-1201
-1289
-1344
-1363
-1353
-1330
-1306
-1289
-1268
-1239
-1193
-1128
-1039
-929
-799
-652
-494
-337
-189
-48
103
266
442
622
808
997
1182
1359
1514
1637
1719
1767
1783
1777
1758
1734
1702
1663
1615
1555
1484
1401
1302
1170
1053
943
837
740
632
531
437
341
248
151
47
-61
-175
-285
-390
-479
-563
-635
-691
-738
-775
-832
-910
-988
-1067
-1117
-1143
-1170
-1185
-1199
-1198
-1175
-1171
-1174
-1169
-1152
-1096
-1025
-953
-863
-775
-669
-558
-461
-370
-291
-217
-144
-72
1
73
138
192
239
281
311
336
354
369
389
410
433
459
479
506
530
551
575
587
601
624
643
670
686
693
704
702
696
680
647
622
590
550
506
456
406
350
287
222
159
102
50
1
-49
-95
-131
-162
-189
-216
-241
-257
-268
-272
-274
-277
-276
-270
-270
-270
-271
-276
-282
-296
-310
-326
-346
-364
-383
-404
-433
-468
-495
-514
-535
-552
-560
-551
-531
-512
-492
-467
-439
-399
-354
-316
-272
-226
-170
-110
-57
-3
48
98
143
187
231
269
307
347
386
428
463
498
521
534
549
564
577
580
575
574
570
559
548
524
493
466
434
402
359
312
273
238
203
167
126
90
56
23
-11
-44
-76
-103
-124
-140
-156
-170
-186
-202
-220
-236
-250
-268
-283
-295
-306
-317
-328
-342
-353
-369
-384
-392
-402
-407
-411
-409
-398
-388
-375
-358
-344
-316
-289
-263
-232
-199
-162
-124
-90
-54
-19
12
42
69
94
117
141
158
169
176
180
186
188
186
187
184
185
188
190
192
197
203
210
217
226
234
240
254
263
265
263
258
256
248
230
209
188
165
137
106
71
35
1
-29
-53
-77
-102
-123
-137
-141
-141
-143
-142
-135
-125
-109
-98
-92
-88
-80
-69
-61
-63
-70
-75
-77
-79
-86
-94
-105
-115
-120
-124
-132
-140
-146
-146
-145
-146
-148
-149
-146
-137
-128
-118
-107
-98
-79
-60
-40
-22
-5
15
34
51
67
80
92
101
109
113
113
115
118
120
121
121
125
129
134
138
140
143
148
149
153
157
156
159
160
161
159
153
143
134
126
114
100
83
67
49
30
10
-9
-29
-48
-67
-86
-98
-108
-120
-133
-140
-145
-149
-152
-154
-159
-159
-153
-147
-147
-150
-151
-151
-159
-172
-180
-183
-194
-221
-237
-222
-200
-201
-195
-154
-116
-101
-77
-26
17
32
49
89
117
117
117
138
153
145
135
147
157
147
135
140
147
135
112
106
108
97
78
68
75
76
66
65
77
88
84
82
94
103
96
83
80
80
69
52
40
35
26
7
-4
-10
-21
-36
-48
-51
-54
-61
-65
-63
-59
-57
-57
-51
-40
-35
-34
-32
-24
-16
-15
-17
-17
-15
-17
-21
-24
-25
-29
-35
-42
-47
-52
-60
-69
-72
-72
-71
-71
-69
-68
-66
-60
-50
-38
-26
-14
1
15
28
39
44
51
58
63
63
63
65
64
61
53
46
40
31
24
17
14
9
5
5
7
5
2
4
10
13
14
16
21
26
29
32
35
35
33
30
30
25
18
10
4
0
-8
-16
-24
-32
-38
-45
-50
-52
-52
-52
-50
-50
-48
-46
-44
-44
-42
-36
-32
-30
-28
-26
-25
-23
-23
-23
-26
-25
-27
-27
-26
-26
-27
-24
-19
-16
-14
-8
0
7
17
25
36
46
54
62
69
72
70
72
71
69
64
61
56
50
43
35
29
26
18
10
3
-2
-6
-10
-11
-15
-15
-16
-16
-17
-17
-18
-17
-12
-11
-10
-11
-9
-6
-6
-4
-4
-7
-8
-8
-11
-12
-14
-13
-14
-14
-14
-16
-17
-13
-11
-10
-9
-7
-4
-2
0
0
3
5
7
8
10
11
11
11
11
12
12
9
5
4
3
0
-6
-8
-7
-6
-6
-6
-5
-2
2
5
5
2
3
6
8
7
8
7
7
7
8
7
3
2
1
-1
-3
-4
-6
-7
-6
-7
-7
-7
-9
-8
-8
-7
-5
-6
-6
-7
-5
-4
-3
-2
-4
-6
-4
-4
-1
-2
-2
-1
0
-1
-3
-5
-4
-2
-1
-2
-1
-3
1
0
0
0
2
3
5
6
5
7
9
12
12
10
10
11
7
8
7
6
5
3
3
0
-2
-4
-7
-8
-7
-4
-7
-9
-10
-11
-10
-7
-5
-5
-4
-5
-5
-1
3
2
1
4
10
12
9
6
7
8
8
8
6
5
5
4
5
4
2
1
1
-1
0
-1
-1
-2
-4
-3
2
3
2
3
3
3
5
6
4
2
3
3
1
-2
-4
-5
-7
-7
-6
-6
-5
-3
-5
-5
-1
-4
-3
-2
-1
-1
-4
-5
-5
-5
-4
-3
-4
-5
-5
-2
-3
-3
-7
-7
-4
-1
-1
0
1
1
0
0
0
0
2
4
5
8
8
8
9
9
6
5
6
7
8
4
2
3
1
-1
0
1
3
4
1
3
4
3
2
2
0
-1
0
-2
-2
-4
-3
-2
-3
-7
-10
-10
-9
-7
-10
-9
-7
-8
-4
-5
-3
-2
-6
-6
-5
-6
-6
-7
-6
-4
-4
-2
-1
-1
-1
1
2
2
4
6
6
4
5
5
5
5
4
1
2
2
2
2
1
4
3
1
-2
-1
3
6
7
5
5
5
8
7
5
5
6
6
4
3
4
4
3
6
9
9
7
6
6
5
8
8
8
6
5
7
8
4
-1
-2
-1
1
-1
2
0
-1
0
2
2
-3
-7
-10
-9
-9
-12
-15
-16
-15
-16
-14
-14
-14
-12
-10
-8
-6
-4
-5
-7
-8
-7
-7
-7
-8
-9
-8
-6
-7
-4
-4
-5
-2
-1
-1
0
-1
0
1
3
5
6
8
9
7
7
7
10
14
12
10
10
11
16
16
13
12
11
13
12
9
6
5
8
8
4
1
0
2
2
-1
-3
-3
0
1
0
-3
-2
-2
0
-1
-4
-5
-8
-7
-6
-9
-11
-14
-14
-12
-12
-14
-15
-15
-14
-11
-10
-15
-14
-12
-6
-2
-3
-4
-1
2
3
6
7
7
7
7
8
7
5
4
2
6
6
6
6
7
9
11
9
7
7
10
12
13
11
11
11
13
12
10
12
13
14
15
13
11
10
10
10
7
5
4
3
2
2
-1
-4
-6
-6
-8
-11
-13
-11
-9
-9
-10
-11
-11
-11
-12
-11
