-3
-4
-4
-3
-3
-2
-2
-1
-2
-1
-3
0
1
0
0
1
1
1
3
3
6
5
4
5
3
5
3
3
3
4
5
5
5
4
3
1
2
1
3
2
4
4
3
5
4
5
6
5
4
4
4
4
6
4
7
6
4
2
2
0
0
-1
-2
-3
-3
-3
-3
-3
-5
-5
-7
-6
-7
-7
-6
-6
-5
-4
-4
-3
-4
-5
-6
-5
-3
-1
-1
-1
-2
-2
-1
-3
-1
-1
-2
-4
-2
1
-1
-2
-1
-1
0
0
-3
-3
-4
-4
-4
-4
-2
-4
-5
-3
0
0
0
3
4
5
5
6
6
8
7
7
7
7
6
7
7
8
8
7
5
3
1
2
2
0
0
1
0
1
2
3
5
5
4
3
3
0
0
-3
-2
-3
-4
-2
-3
-4
-7
-7
-7
-9
-10
-9
-9
-10
-8
-7
-4
-2
-1
0
1
1
2
2
1
1
2
2
1
3
3
4
4
4
2
1
1
0
-1
-4
-7
-7
-9
-8
-6
-4
-2
-1
-3
0
3
2
2
4
3
5
6
6
5
6
4
3
3
4
4
3
4
3
3
3
2
3
3
2
3
1
1
2
2
2
2
3
3
5
4
4
3
0
1
-1
-1
-1
-3
-4
-4
-4
-8
-7
-7
-5
-5
-6
-5
-4
-5
-6
-5
-5
-3
0
-1
0
0
-2
-2
0
-1
-2
-3
-2
-1
-3
-2
-2
-1
-2
-4
-4
-2
-3
-3
-3
-1
-1
0
1
0
-1
1
3
6
6
5
6
5
6
5
5
5
4
3
6
6
5
5
5
6
5
5
4
4
-1
0
0
0
2
3
4
5
4
5
4
2
1
1
2
2
0
-1
-2
-4
-5
-7
-7
-7
-8
-8
-8
-6
-7
-8
-5
-5
-5
-4
-5
-5
-3
0
-1
-1
0
0
1
-1
-1
0
0
-3
-3
-4
-5
-4
-6
-5
-5
-4
-2
-1
-1
2
3
3
4
4
4
5
5
5
5
7
7
7
7
7
7
6
5
3
1
0
0
0
1
1
-1
-1
0
-1
-1
0
-1
0
1
3
5
6
6
5
5
6
3
3
2
2
2
0
1
0
-1
-3
-5
-4
-4
-5
-6
-4
-4
-3
-4
-4
-4
-7
-5
-3
-3
-2
-2
0
1
1
2
1
1
-2
-3
-3
-3
-5
-5
-6
-5
-4
-2
0
-2
-1
0
2
3
2
0
1
2
2
3
2
1
0
1
2
3
1
2
2
2
2
2
0
0
-2
-2
-1
-1
-2
-4
-2
0
1
0
-1
0
1
1
1
2
0
-1
-1
0
0
0
0
2
1
2
3
3
5
3
2
2
2
1
2
1
0
0
-1
2
2
2
5
6
6
6
3
1
1
1
0
0
-1
-2
-2
-2
-2
-2
-2
-3
-3
-2
-1
0
-2
-3
-6
-6
-5
-3
-4
-3
-2
-2
0
1
2
1
0
0
1
2
2
0
1
2
2
2
2
3
3
3
1
2
2
0
1
0
0
-1
-3
-5
-3
-5
-4
-2
-1
1
2
3
4
3
1
0
2
1
-1
-1
-2
-1
0
-2
0
-1
0
2
0
0
-2
-3
-5
-3
-3
-4
-4
-4
-5
-4
-2
-2
-2
-3
-2
-1
-1
0
0
0
0
1
1
2
2
2
0
0
-1
-2
0
-1
0
-1
-1
-2
-5
-6
-4
-2
0
1
2
3
3
4
3
4
5
5
7
8
6
6
7
8
9
8
7
7
6
6
8
4
5
3
3
1
0
-3
-3
-2
-4
-3
-2
-4
-4
-1
1
2
5
5
4
3
5
5
5
6
5
4
2
2
2
1
-2
-2
-3
-6
-8
-9
-7
-5
-3
-5
-7
-8
-7
-6
-7
-7
-7
-7
-8
-7
-5
-7
-8
-7
-6
-4
-5
-7
-6
-8
-8
-8
-6
-5
-6
-6
-5
-2
-3
-4
-3
-1
-3
-3
-1
0
-1
0
-1
2
2
2
2
4
4
2
1
3
3
4
4
5
4
2
1
1
2
-2
-1
0
0
-1
-1
-1
-1
0
0
2
4
5
7
8
11
16
17
18
20
21
23
28
27
30
28
31
36
37
37
36
36
42
44
45
45
42
44
43
39
35
31
29
26
18
13
10
4
0
-6
-10
-13
-15
-18
-22
-24
-28
-31
-34
-39
-41
-47
-51
-55
-62
-65
-70
-74
-75
-77
-80
-77
-76
-73
-73
-74
-69
-69
-71
-74
-85
-90
-96
-98
-102
-110
-113
-110
-108
-101
-97
-96
-94
-95
-97
-102
-117
-125
-130
-139
-142
-155
-164
-159
-157
-149
-149
-150
-138
-130
-124
-121
-127
-125
-120
-115
-106
-95
-75
-43
-5
35
84
137
189
241
291
342
403
451
492
532
562
622
673
703
740
765
813
872
882
894
895
893
914
887
844
800
740
706
657
587
524
452
395
342
269
197
121
47
-26
-102
-172
-237
-300
-369
-436
-491
-553
-608
-673
-747
-797
-849
-892
-938
-1009
-1049
-1077
-1103
-1119
-1134
-1138
-1131
-1119
-1099
-1072
-1037
-1000
-965
-921
-871
-814
-754
-689
-616
-541
-461
-383
-303
-225
-153
-78
-1
75
147
219
295
365
425
476
518
552
576
596
613
617
607
589
562
529
480
419
352
292
236
166
87
6
-76
-184
-312
-425
-526
-639
-753
-799
-781
-754
-738
-678
-545
-426
-348
-235
-53
97
162
261
450
621
687
769
962
1156
1247
1346
1571
1785
1859
1901
2047
2176
2131
2012
1971
1930
1747
1516
1384
1292
1094
854
721
656
526
351
245
179
47
-131
-256
-332
-467
-664
-837
-966
-1114
-1287
-1423
-1519
-1628
-1755
-1828
-1821
-1796
-1811
-1833
-1827
-1822
-1840
-1847
-1813
-1780
-1788
-1800
-1758
-1677
-1613
-1552
-1452
-1328
-1221
-1106
-940
-757
-614
-498
-354
-200
-76
39
192
360
493
602
735
876
975
1040
1117
1199
1248
1278
1336
1415
1468
1490
1519
1561
1586
1592
1610
1646
1659
1642
1621
1609
1575
1505
1424
1341
1236
1119
1035
998
964
910
848
781
698
601
516
438
326
167
17
-84
-153
-226
-313
-412
-539
-676
-756
-755
-749
-833
-991
-1147
-1299
-1489
-1718
-1967
-2266
-2636
-2954
-3059
-2981
-2903
-2893
-2821
-2628
-2410
-2223
-1985
-1714
-1571
-1575
-1499
-1237
-984
-895
-816
-578
-270
-11
304
770
1232
1535
1824
2269
2726
2955
3002
3059
3119
3048
2884
2778
2699
2508
2251
2124
2139
2117
1990
1875
1836
1797
1700
1594
1500
1362
1162
977
853
721
496
214
-37
-211
-332
-450
-599
-795
-998
-1139
-1205
-1250
-1330
-1459
-1604
-1712
-1749
-1737
-1752
-1837
-1951
-2011
-2003
-1979
-1974
-1986
-2000
-1969
-1853
-1663
-1489
-1389
-1317
-1202
-1032
-857
-702
-587
-515
-453
-348
-198
-59
28
92
188
322
474
626
762
873
975
1086
1207
1300
1342
1347
1352
1366
1388
1417
1437
1429
1394
1389
1439
1507
1521
1478
1425
1373
1309
1243
1205
1156
1040
889
786
734
637
466
309
235
188
88
-70
-246
-451
-683
-901
-1112
-1424
-1908
-2455
-2837
-2948
-2898
-2847
-2859
-2862
-2781
-2609
-2347
-2039
-1780
-1673
-1676
-1584
-1324
-1053
-921
-836
-629
-326
-35
290
726
1163
1473
1770
2226
2705
2935
2931
2935
2999
2948
2772
2646
2568
2366
2047
1851
1847
1808
1624
1450
1396
1349
1202
1051
985
907
723
516
381
276
93
-139
-318
-431
-543
-686
-837
-971
-1112
-1288
-1471
-1590
-1643
-1708
-1837
-1957
-1975
-1926
-1900
-1878
-1796
-1710
-1715
-1752
-1707
-1628
-1646
-1744
-1769
-1690
-1628
-1600
-1518
-1355
-1176
-994
-729
-402
-148
-12
102
275
452
570
657
755
836
877
937
1066
1211
1301
1344
1412
1519
1609
1659
1717
1789
1838
1825
1783
1753
1711
1637
1556
1493
1436
1360
1288
1253
1225
1168
1098
1046
1009
959
898
824
717
573
436
337
241
115
-6
-118
-271
-498
-727
-896
-1073
-1359
-1744
-2178
-2659
-3151
-3468
-3494
-3418
-3475
-3601
-3558
-3319
-3059
-2822
-2513
-2220
-2125
-2121
-1917
-1537
-1306
-1286
-1177
-839
-502
-273
52
566
1030
1343
1761
2391
2917
3091
3147
3355
3561
3539
3410
3384
3337
3066
2733
2614
2627
2490
2214
2052
2030
1940
1743
1611
1585
1497
1263
1037
917
807
609
393
250
128
-80
-341
-543
-672
-835
-1092
-1379
-1610
-1790
-1954
-2085
-2160
-2210
-2284
-2348
-2321
-2202
-2103
-2083
-2091
-2062
-2031
-2045
-2083
-2110
-2136
-2184
-2205
-2140
-2028
-1932
-1831
-1635
-1333
-1013
-740
-490
-243
-26
158
349
557
725
818
890
1014
1174
1313
1418
1530
1654
1776
1886
2011
2129
2190
2198
2190
2183
2152
2082
1997
1915
1834
1762
1710
1669
1616
1551
1497
1453
1400
1332
1258
1172
1066
939
786
600
393
192
18
-154
-357
-585
-799
-973
-1141
-1377
-1729
-2191
-2722
-3228
-3565
-3648
-3597
-3632
-3784
-3843
-3653
-3318
-3002
-2711
-2431
-2255
-2201
-2072
-1742
-1413
-1301
-1280
-1094
-773
-491
-218
181
633
988
1375
1972
2611
2975
3099
3291
3579
3717
3664
3630
3628
3444
3098
2902
2938
2912
2646
2352
2220
2115
1886
1674
1600
1502
1222
908
772
721
539
262
77
-8
-139
-314
-422
-483
-643
-906
-1120
-1223
-1379
-1720
-2140
-2433
-2540
-2561
-2589
-2622
-2641
-2665
-2663
-2546
-2299
-2080
-2038
-2106
-2099
-1983
-1887
-1887
-1909
-1899
-1884
-1849
-1705
-1445
-1185
-970
-693
-292
116
410
626
856
1074
1228
1363
1537
1674
1686
1651
1711
1847
1920
1911
1918
1986
2034
2041
2076
2154
2168
2063
1937
1879
1838
1723
1566
1457
1394
1305
1192
1129
1129
1110
1038
962
923
873
742
563
411
307
207
68
-116
-352
-637
-898
-1076
-1240
-1550
-2076
-2719
-3317
-3719
-3811
-3667
-3591
-3784
-4022
-3932
-3518
-3095
-2821
-2602
-2440
-2425
-2408
-2136
-1725
-1554
-1654
-1640
-1335
-959
-639
-240
240
625
1012
1694
2564
3139
3313
3506
3925
4240
4261
4278
4417
4349
3924
3580
3635
3736
3446
2955
2686
2587
2342
2006
1829
1715
1388
933
689
644
476
127
-120
-178
-270
-472
-577
-538
-628
-948
-1223
-1273
-1347
-1713
-2204
-2487
-2593
-2762
-3002
-3084
-2990
-2947
-2992
-2901
-2594
-2326
-2283
-2293
-2150
-1963
-1931
-1988
-1956
-1875
-1880
-1911
-1808
-1620
-1508
-1418
-1162
-760
-425
-198
75
425
708
897
1137
1437
1618
1620
1646
1818
1996
2035
2026
2118
2247
2288
2293
2373
2475
2453
2337
2290
2324
2284
2119
1954
1872
1810
1711
1635
1608
1562
1442
1319
1257
1207
1105
964
826
666
472
308
204
94
-111
-383
-633
-843
-1063
-1337
-1673
-2139
-2809
-3576
-4104
-4164
-3969
-3974
-4290
-4538
-4386
-3953
-3543
-3214
-2893
-2677
-2661
-2622
-2295
-1853
-1695
-1815
-1817
-1558
-1248
-982
-611
-165
182
556
1270
2197
2823
3034
3287
3808
4255
4368
4396
4519
4478
4118
3808
3871
4033
3879
3497
3248
3153
2981
2729
2560
2389
2000
1491
1152
988
729
320
-9
-176
-343
-543
-593
-472
-431
-575
-674
-597
-558
-768
-1097
-1331
-1537
-1871
-2272
-2602
-2916
-3337
-3776
-4024
-4084
-4129
-4229
-4281
-4220
-4079
-3878
-3588
-3227
-2863
-2508
-2112
-1660
-1199
-780
-407
-49
310
653
943
1144
1249
1302
1367
1459
1537
1547
1494
1446
1441
1476
1546
1660
1800
1939
2086
2275
2495
2681
2793
2863
2907
2906
2867
2810
2737
2631
2505
2406
2333
2259
2172
2087
1994
1866
1730
1627
1526
1342
1081
818
558
231
-207
-727
-1292
-1896
-2555
-3323
-4305
-5498
-6761
-7902
-8750
-9154
-9103
-8896
-8844
-8732
-7984
-6457
-4707
-3230
-1893
-402
1135
2470
3689
4915
5868
6223
6169
6155
6196
5939
5300
4534
3801
3077
2427
1973
1554
919
209
-165
-117
5
1
42
267
545
794
1179
1766
2269
2429
2399
2494
2727
2852
2768
2568
2320
2014
1719
1522
1342
1037
628
276
26
-210
-470
-741
-1102
-1609
-2156
-2586
-2971
-3504
-4172
-4785
-5242
-5564
-5689
-5558
-5289
-5007
-4590
-3852
-2874
-1925
-1084
-271
493
1103
1576
1979
2201
2102
1764
1400
1054
613
71
-458
-918
-1300
-1544
-1585
-1474
-1307
-1073
-699
-192
366
927
1489
2011
2458
2857
3232
3537
3695
3710
3654
3558
3386
3124
2811
2473
2097
1696
1339
1058
817
585
397
298
259
235
232
285
371
436
450
424
377
321
239
126
5
-106
-203
-303
-394
-488
-636
-862
-1125
-1450
-1994
-2860
-3933
-5034
-6111
-7112
-7794
-8030
-8125
-8381
-8497
-7867
-6489
-4985
-3676
-2261
-536
1185
2647
4058
5514
6617
7051
7103
7169
7110
6604
5766
4907
4040
3076
2207
1637
1146
463
-170
-316
-45
177
248
482
946
1332
1554
1912
2473
2841
2760
2529
2493
2542
2410
2141
1898
1631
1271
976
893
837
599
290
113
1
-230
-541
-817
-1166
-1731
-2385
-2907
-3356
-3942
-4646
-5269
-5714
-5983
-6041
-5882
-5621
-5292
-4748
-3930
-3013
-2156
-1301
-419
347
909
1372
1765
1900
1689
1335
1040
724
249
-303
-781
-1149
-1421
-1521
-1379
-1075
-733
-334
208
883
1589
2250
2835
3315
3670
3952
4187
4299
4216
4006
3772
3522
3192
2804
2433
2079
1699
1342
1112
995
876
723
623
610
635
675
747
805
763
639
534
478
380
193
-30
-236
-425
-581
-679
-787
-1003
-1297
-1539
-1776
-2250
-3101
-4178
-5279
-6369
-7411
-8186
-8547
-8737
-9063
-9282
-8808
-7516
-5939
-4506
-3044
-1312
524
2210
3825
5443
6730
7373
7569
7692
7701
7305
6528
5632
4675
3603
2601
1899
1332
588
-185
-527
-371
-120
24
269
741
1234
1618
2073
2680
3157
3253
3142
3122
3184
3119
2892
2613
2287
1877
1508
1319
1190
905
503
212
36
-216
-582
-930
-1267
-1766
-2430
-3030
-3482
-3982
-4667
-5367
-5869
-6176
-6378
-6429
-6244
-5852
-5329
-4667
-3845
-2930
-2006
-1102
-254
466
1041
1487
1759
1775
1579
1302
968
496
-83
-627
-1058
-1401
-1622
-1623
-1408
-1077
-672
-141
515
1212
1909
2587
3187
3666
4040
4334
4498
4501
4390
4215
3961
3614
3218
2818
2406
1987
1632
1383
1186
981
811
730
724
736
740
743
737
727
725
715
681
633
570
439
231
39
-73
-179
-350
-529
-673
-886
-1229
-1618
-2054
-2764
-3845
-5063
-6208
-7323
-8358
-8996
-9195
-9409
-9803
-9765
-8740
-7140
-5698
-4370
-2649
-602
1247
2856
4608
6353
7454
7824
8050
8376
8342
7687
6775
5895
4882
3681
2676
1997
1235
214
-561
-674
-468
-428
-399
-4
600
1020
1367
2008
2780
3163
3117
3095
3276
3342
3103
2774
2495
2116
1600
1213
1048
826
387
-22
-198
-341
-660
-993
-1172
-1416
-1949
-2554
-2936
-3250
-3823
-4559
-5120
-5473
-5830
-6182
-6299
-6126
-5803
-5352
-4696
-3868
-2981
-2049
-1076
-165
602
1271
1836
2149
2161
2033
1860
1517
943
324
-178
-623
-1069
-1370
-1398
-1244
-1023
-685
-159
494
1173
1865
2553
3153
3639
4060
4401
4555
4515
4390
4221
3932
3497
3009
2554
2097
1617
1178
841
564
307
122
76
131
206
289
418
579
730
864
966
1007
990
933
821
617
368
158
-20
-272
-609
-946
-1265
-1648
-2182
-2909
-3848
-4966
-6171
-7345
-8322
-8900
-9109
-9313
-9702
-9798
-8982
-7429
-5888
-4574
-3017
-1043
903
2598
4367
6217
7577
8170
8468
8844
8968
8489
7649
6770
5741
4468
3306
2465
1574
363
-729
-1169
-1153
-1215
-1339
-1126
-587
-78
382
1100
2031
2703
2938
3085
3406
3707
3721
3513
3234
2839
2304
1818
1498
1152
594
-15
-407
-637
-934
-1292
-1538
-1724
-2073
-2565
-2951
-3202
-3607
-4284
-4961
-5390
-5665
-5965
-6213
-6220
-5980
-5598
-5068
-4326
-3425
-2476
-1533
-582
352
1209
1934
2441
2670
2676
2549
2270
1773
1110
440
-147
-671
-1128
-1428
-1521
-1452
-1256
-905
-372
298
1019
1720
2389
3041
3667
4206
4581
4773
4823
4776
4608
4285
3840
3346
2837
2299
1752
1265
859
488
156
-66
-147
-147
-109
-6
170
368
553
735
890
968
958
873
699
438
160
-89
-378
-774
-1220
-1645
-2081
-2646
-3395
-4307
-5345
-6461
-7536
-8367
-8785
-8906
-9061
-9337
-9300
-8472
-7030
-5554
-4221
-2721
-940
827
2470
4201
5927
7160
7752
8130
8559
8710
8302
7582
6806
5862
4694
3622
2823
1952
788
-268
-749
-817
-916
-1040
-882
-450
-6
456
1154
2010
2642
2925
3115
3402
3643
3672
3527
3282
2882
2353
1890
1567
1193
628
34
-392
-713
-1081
-1455
-1751
-2086
-2574
-3101
-3504
-3859
-4319
-4854
-5345
-5749
-6038
-6126
-6038
-5910
-5718
-5271
-4526
-3656
-2758
-1793
-820
20
740
1458
2102
2455
2485
2350
2132
1797
1348
838
276
-317
-818
-1125
-1280
-1346
-1283
-1028
-610
-71
586
1323
2014
2584
3089
3606
4079
4394
4508
4472
4341
4126
3828
3444
2965
2422
1892
1434
1031
658
349
139
17
-38
7
156
345
505
643
782
904
1003
1050
961
688
349
96
-104
-369
-683
-958
-1252
-1659
-2085
-2442
-2910
-3723
-4782
-5795
-6694
-7539
-8187
-8490
-8648
-8913
-8992
-8358
-7065
-5676
-4420
-2977
-1176
685
2398
4107
5804
7110
7817
8223
8603
8742
8353
7573
6691
5716
4560
3393
2409
1489
442
-531
-1051
-1123
-1092
-1098
-933
-475
105
673
1317
2050
2648
2938
3063
3244
3431
3416
3175
2841
2447
1963
1482
1126
810
372
-143
-539
-797
-1081
-1448
-1797
-2121
-2548
-3094
-3626
-4075
-4541
-5051
-5492
-5768
-5902
-5915
-5758
-5402
-4867
-4148
-3265
-2315
-1399
-512
363
1138
1730
2154
2438
2513
2335
1987
1572
1092
532
-50
-579
-1035
-1398
-1606
-1629
-1491
-1218
-804
-265
342
978
1631
2264
2818
3265
3613
3872
4007
3988
3852
3650
3386
3042
2635
2206
1786
1386
1033
753
541
376
276
266
318
384
473
594
698
721
686
670
646
535
349
174
11
-201
-430
-562
-606
-705
-906
-1107
-1275
-1576
-2170
-3041
-4067
-5192
-6370
-7443
-8229
-8748
-9174
-9519
-9486
-8779
-7479
-5914
-4271
-2497
-544
1487
3496
5450
7188
8442
9115
9413
9505
9276
8578
7515
6281
4941
3531
2229
1173
235
-719
-1498
-1798
-1646
-1350
-1054
-640
-55
580
1198
1843
2450
2834
2927
2884
2843
2765
2573
2274
1917
1527
1173
949
846
735
538
301
85
-143
-471
-944
-1533
-2192
-2900
-3646
-4393
-5074
-5657
-6147
-6519
-6655
-6474
-6030
-5419
-4651
-3685
-2562
-1413
-339
627
1455
2098
2526
2736
2728
2520
2139
1608
973
310
-313
-889
-1409
-1817
-2027
-2025
-1853
-1543
-1109
-563
53
707
1354
1946
2456
2877
3201
3413
3513
3518
3438
3271
3041
2806
2592
2367
2106
1847
1651
1529
1432
1321
1201
1103
1045
1007
935
805
638
468
298
128
-19
-151
-310
-490
-642
-721
-733
-674
-541
-371
-241
-204
-241
-336
-603
-1238
-2323
-3694
-5136
-6589
-8035
-9251
-9994
-10374
-10666
-10709
-9958
-8281
-6213
-4211
-2126
285
2794
5030
6980
8696
9907
10357
10236
9888
9257
8128
6631
5116
3676
2251
996
144
-416
-945
-1341
-1255
-684
-33
439
854
1351
1808
2107
2304
2445
2404
2110
1723
1440
1280
1155
1060
1039
1092
1198
1388
1652
1843
1792
1517
1131
650
-54
-1019
-2109
-3198
-4274
-5318
-6200
-6817
-7182
-7299
-7102
-6546
-5704
-4695
-3585
-2426
-1290
-227
712
1432
1850
1996
1946
1725
1317
780
202
-374
-943
-1423
-1726
-1859
-1885
-1810
-1581
-1201
-737
-243
263
737
1149
1512
1852
2121
2269
2326
2351
2370
2365
2366
2406
2465
2517
2592
2732
2893
3008
3040
2984
2848
2658
2426
2119
1706
1249
829
426
-13
-441
-736
-917
-1072
-1170
-1104
-883
-638
-387
-45
366
688
844
891
879
769
497
58
-515
-1252
-2336
-3873
-5626
-7188
-8473
-9615
-10442
-10618
-10293
-9943
-9405
-7944
-5514
-3017
-993
978
3211
5245
6674
7777
8712
9049
8598
7888
7298
6502
5251
3960
3024
2262
1517
1099
1128
1161
948
891
1273
1698
1744
1560
1418
1213
834
493
335
166
-122
-291
-156
177
595
1159
1817
2365
2747
3068
3278
3149
2623
1845
901
-240
-1513
-2809
-4120
-5393
-6416
-6984
-7166
-7130
-6864
-6254
-5333
-4259
-3115
-1941
-882
-80
488
928
1223
1250
996
604
191
-219
-609
-910
-1105
-1212
-1202
-1028
-712
-361
-24
284
537
714
843
924
892
741
569
469
429
425
496
687
984
1337
1746
2220
2714
3155
3501
3739
3865
3851
3671
3316
2809
2208
1558
895
255
-327
-813
-1165
-1344
-1375
-1290
-1082
-763
-394
-38
314
659
851
831
718
640
525
225
-133
-406
-603
-755
-825
-749
-627
-546
-649
-1306
-2483
-3766
-4964
-6346
-7963
-8963
-9120
-9316
-9904
-9872
-8254
-5866
-3835
-1840
619
3169
5169
6840
8540
9551
9539
9112
8658
7807
6275
4803
3737
2529
1252
632
836
989
674
696
1363
2053
2317
2391
2479
2192
1521
950
530
-4
-636
-1008
-1094
-1154
-958
-253
635
1230
1624
2232
2857
2991
2641
2091
1385
343
-951
-2230
-3481
-4703
-5732
-6406
-6712
-6677
-6251
-5516
-4661
-3662
-2443
-1176
-210
360
761
1087
1161
905
487
63
-404
-914
-1296
-1436
-1391
-1246
-1008
-670
-248
225
635
828
829
782
719
534
193
-150
-374
-491
-525
-405
-76
400
924
1481
2103
2752
3331
3757
3996
4069
4012
3795
3377
2794
2164
1544
924
321
-164
-469
-678
-814
-809
-635
-395
-218
-50
156
280
278
206
161
48
-190
-384
-509
-564
-561
-497
-333
-130
99
-71
-1144
-2699
-4066
-5299
-7080
-8985
-9668
-9447
-9697
-10294
-9512
-6910
-4231
-2198
119
2900
5236
6723
8085
9186
9137
8331
7589
6748
5268
3703
2960
2379
1364
837
1485
2414
2525
2487
3142
3768
3705
3310
2974
2259
1015
21
-610
-1357
-2008
-2013
-1564
-1300
-842
374
1684
2339
2640
3174
3528
3100
2282
1448
384
-1013
-2380
-3464
-4518
-5453
-5898
-5932
-5807
-5530
-4913
-4191
-3693
-3200
-2527
-1869
-1567
-1528
-1408
-1270
-1216
-1170
-1023
-830
-685
-424
-53
262
493
703
849
774
596
480
319
-3
-374
-538
-534
-522
-455
-257
69
402
765
1222
1634
1976
2244
2448
2595
2657
2766
2854
2842
2835
2860
2930
2906
2776
2660
2464
2196
1868
1505
1102
580
95
-313
-735
-1091
-1303
-1370
-1388
-1329
-1046
-682
-411
-161
98
311
393
323
233
54
-205
-434
-676
-796
-859
-848
-834
-1529
-2899
-4309
-5274
-6291
-8086
-9267
-8963
-8378
-8591
-8695
-6824
-3995
-2013
-326
1812
4129
5549
6345
7310
7562
7000
6355
5826
4998
3697
3066
3052
2580
2053
2311
3243
3630
3277
3250
3470
3364
2881
2275
1640
834
215
-96
-448
-630
-307
286
613
804
1445
2216
2415
2125
1882
1731
1207
267
-708
-1543
-2215
-2795
-3373
-3893
-4149
-4089
-4038
-4126
-3995
-3535
-3195
-3240
-3271
-2896
-2442
-2302
-2252
-1943
-1477
-1139
-887
-557
-222
8
165
223
150
69
27
-128
-482
-774
-751
-648
-706
-775
-583
-172
108
250
468
771
1009
1078
1132
1270
1413
1517
1567
1690
1951
2260
2529
2712
2888
3070
3155
3075
2810
2478
2165
1797
1288
717
284
-10
-333
-708
-910
-795
-573
-467
-396
-150
195
329
279
259
284
159
-163
-413
-552
-698
-853
-964
-909
-786
-702
-610
-457
-251
-518
-1662
-3192
-4441
-5452
-6931
-8475
-8833
-8134
-7582
-7314
-6020
-3435
-969
829
2589
4407
5606
6022
6246
6164
5406
4459
3820
3171
2296
1867
2195
2472
2398
2713
3573
4110
3900
3539
3300
2841
2199
1639
1065
437
94
134
180
237
718
1375
1622
1555
1613
1649
1227
530
-45
-542
-1046
-1421
-1619
-1728
-1700
-1442
-1198
-1173
-1212
-1236
-1475
-2037
-2654
-3124
-3576
-4056
-4345
-4245
-3828
-3279
-2656
-1940
-1169
-477
25
301
351
195
-135
-582
-1074
-1497
-1746
-1840
-1829
-1671
-1282
-725
-220
142
453
747
896
814
627
451
269
98
48
188
469
853
1331
1837
2320
2772
3118
3226
3108
2896
2623
2252
1822
1462
1221
1081
1040
1060
1097
1170
1255
1244
1104
928
739
448
72
-222
-411
-548
-585
-465
-245
-58
112
245
253
181
61
-133
-451
-827
-1118
-1338
-1467
-1517
-1465
-1324
-1532
-2357
-3420
-4140
-4719
-5803
-6844
-6841
-6099
-5668
-5430
-4217
-2149
-393
866
2164
3498
4255
4445
4500
4291
3764
3215
2800
2351
1894
1857
2157
2352
2465
2775
3241
3392
3142
2811
2504
2164
1748
1339
979
699
632
672
665
654
813
1086
1113
931
878
1017
1019
679
328
223
225
87
-215
-391
-393
-475
-814
-1247
-1542
-1846
-2328
-2851
-3209
-3338
-3361
-3354
-3228
-2862
-2325
-1871
-1533
-1185
-860
-705
-722
-824
-1001
-1215
-1397
-1586
-1777
-1817
-1649
-1422
-1242
-1005
-635
-267
-60
13
104
217
209
77
-13
24
116
215
383
660
980
1287
1548
1769
1954
2092
2163
2129
1996
1859
1786
1690
1523
1436
1531
1603
1488
1374
1396
1359
1120
851
731
701
615
465
371
428
491
399
268
264
251
54
-206
-331
-387
-470
-557
-618
-630
-577
-460
-366
-320
-283
-353
-815
-1846
-3089
-4036
-4782
-5700
-6422
-6203
-5326
-4628
-3921
-2505
-719
607
1537
2463
3102
3173
3000
2817
2442
1955
1735
1754
1725
1712
1989
2446
2706
2706
2681
2663
2404
1817
1128
618
307
1
-298
-282
174
690
976
1271
1771
2149
2053
1670
1352
1108
787
395
112
91
233
293
245
268
352
266
-69
-532
-1046
-1568
-2080
-2597
-3030
-3163
-2985
-2751
-2516
-2085
-1476
-989
-768
-671
-607
-681
-956
-1313
-1586
-1721
-1755
-1717
-1584
-1321
-980
-673
-488
-394
-332
-329
-446
-645
-808
-859
-845
-816
-703
-431
-79
203
417
657
915
1091
1183
1288
1438
1579
1662
1695
1726
1783
1827
1790
1668
1579
1571
1525
1345
1158
1111
1118
1001
802
699
720
709
565
394
363
437
419
295
249
306
256
62
-81
-116
-167
-312
-456
-451
-286
-111
-67
-65
-4
-205
-1045
-2287
-3283
-3938
-4715
-5502
-5572
-4809
-3900
-3155
-2145
-716
622
1520
2061
2418
2619
2551
2160
1641
1366
1373
1380
1387
1577
1906
2163
2240
2107
1774
1425
1095
490
-337
-801
-669
-419
-286
198
1158
2011
2312
2317
2354
2268
1787
1027
416
168
62
-69
-32
343
804
1035
1064
1008
804
371
-239
-945
-1642
-2170
-2493
-2707
-2759
-2487
-1959
-1460
-1094
-754
-447
-352
-550
-896
-1198
-1418
-1635
-1819
-1796
-1529
-1215
-1006
-825
-631
-547
-657
-878
-1090
-1252
-1351
-1360
-1263
-1042
-712
-356
-67
148
333
450
434
326
250
258
288
336
506
827
1194
1501
1762
2018
2182
2143
1942
1752
1647
1478
1202
997
973
997
924
885
998
1125
1094
960
876
801
621
394
246
216
184
117
119
205
268
269
349
515
558
373
-102
-1101
-2589
-3980
-4865
-5616
-6435
-6518
-5488
-4273
-3547
-2615
-928
619
1290
1606
2028
2266
2096
1854
1735
1710
1892
2189
2321
2358
2558
2744
2543
2107
1746
1388
880
309
-174
-450
-375
11
492
1029
1702
2335
2594
2456
2160
1834
1394
776
157
-156
-111
28
166
492
944
1142
983
702
378
-129
-771
-1360
-1841
-2190
-2353
-2351
-2255
-2036
-1712
-1431
-1275
-1168
-1065
-1076
-1253
-1497
-1669
-1723
-1723
-1687
-1542
-1261
-983
-875
-886
-899
-956
-1159
-1439
-1618
-1648
-1587
-1458
-1218
-862
-476
-152
99
294
430
499
526
533
555
648
820
1011
1196
1402
1615
1761
1807
1777
1708
1653
1622
1546
1431
1396
1483
1558
1507
1399
1329
1304
1238
1084
904
757
651
585
541
519
493
500
558
575
505
380
342
364
-91
-1551
-3557
-4936
-5586
-6628
-7907
-7671
-5672
-4006
-3582
-2547
-72
1820
1870
1603
2263
2718
2066
1370
1493
1932
2226
2614
3030
3155
3264
3465
3151
2193
1450
1342
1135
509
241
779
1509
1824
1953
2210
2363
2022
1262
521
71
-182
-394
-469
-263
156
570
863
1070
1218
1160
690
-95
-796
-1263
-1741
-2258
-2494
-2356
-2133
-2017
-1917
-1783
-1677
-1672
-1807
-1968
-1939
-1722
-1528
-1360
-1008
-502
-157
-118
-221
-337
-566
-994
-1473
-1752
-1804
-1792
-1754
-1536
-1121
-716
-459
-287
-141
-96
-196
-342
-417
-394
-314
-154
129
509
881
1163
1368
1533
1661
1703
1655
1610
1643
1721
1791
1892
2013
2066
2036
2004
1962
1772
1446
1161
1016
924
796
685
665
742
775
703
646
661
630
463
303
279
230
-509
-2555
-5180
-6750
-7214
-8328
-10095
-9954
-7339
-5155
-4683
-3441
-313
2121
2425
2529
3619
4222
3606
3166
3604
3992
3987
4203
4515
4272
3749
3425
2818
1627
759
724
682
267
416
1506
2550
2977
3340
3918
4192
3762
2827
1869
1192
646
-143
-977
-1211
-881
-718
-900
-770
-165
89
-495
-1294
-1604
-1667
-2076
-2685
-2838
-2445
-2138
-2265
-2412
-2236
-2033
-2132
-2386
-2480
-2293
-1952
-1715
-1568
-1186
-604
-344
-548
-722
-663
-741
-1121
-1457
-1440
-1221
-1116
-1160
-1064
-721
-499
-626
-801
-717
-525
-469
-420
-147
341
836
1145
1345
1551
1720
1711
1515
1358
1303
1292
1266
1261
1476
1824
2112
2206
2267
2473
2555
2393
2066
1920
1979
1860
1589
1361
1368
1300
1113
1063
960
795
655
795
846
565
396
-54
-1792
-5183
-8306
-9599
-10300
-11686
-12457
-10372
-6955
-4955
-3910
-1910
849
2207
2385
2723
3210
3369
3336
3981
4867
5539
6223
6661
6432
5437
4562
3689
1940
28
-612
-9
212
-46
680
2396
3630
3730
3636
3851
3773
2981
1902
1257
1268
1523
1444
1184
1316
1728
1546
516
-488
-1063
-1783
-3082
-4289
-4576
-4216
-3886
-3847
-3651
-3046
-2459
-2358
-2651
-2652
-2348
-2276
-2469
-2327
-1511
-652
-227
-24
318
620
336
-407
-1030
-1292
-1541
-1923
-2011
-1627
-1091
-766
-614
-438
-232
-188
-445
-790
-868
-671
-476
-275
194
942
1608
1947
2141
2404
2635
2548
2199
1960
1908
1805
1564
1446
1573
1685
1633
1499
1474
1535
1507
1356
1179
1227
1400
1407
1279
1293
1565
1636
1407
1242
1308
1382
1190
1081
1176
752
-1640
-6409
-11252
-13723
-14472
-16070
-17641
-15421
-9769
-5333
-3951
-2049
2117
5075
4833
4003
5063
6319
5908
5642
7236
9502
10353
9842
9122
8004
6292
4234
1983
-262
-1715
-1571
-853
-611
-96
1446
3005
3100
2528
2694
3027
2414
1296
1229
2341
3422
3934
4151
4507
4671
3955
2397
603
-774
-2069
-3715
-5206
-5986
-5969
-5850
-5895
-5911
-5796
-5481
-5425
-5680
-5841
-5344
-4338
-3717
-3258
-2286
-847
51
6
-71
17
-225
-1006
-1649
-1618
-1466
-1484
-1462
-1058
-460
-196
-285
-518
-629
-654
-719
-695
-394
245
956
1468
1888
2431
2948
3072
2909
2980
3353
3586
3569
3682
4007
4158
3966
3640
3396
3073
2565
2004
1541
1301
1137
1015
1036
1265
1604
1704
1640
1628
1656
1426
993
774
818
866
684
725
947
1054
956
588
-247
-3895
-10757
-17411
-19948
-19159
-20230
-21702
-18027
-9569
-3407
-3253
-2622
1742
5181
4216
2138
4066
7166
7729
7606
9884
13778
14824
12751
10169
7858
5289
1917
-1006
-2792
-3393
-2600
-1356
-239
748
1848
2642
2181
1368
1375
2080
2685
2992
4059
6171
8381
9506
9113
8138
7101
5425
2739
4
-1444
-2156
-3442
-4960
-5385
-4840
-5051
-6445
-7587
-7729
-7834
-8650
-9108
-8083
-6058
-4285
-3036
-1610
-24
937
850
304
5
-350
-1145
-2029
-2214
-1701
-1372
-1613
-2002
-2111
-2256
-2839
-3465
-3508
-3033
-2564
-2095
-1215
45
1126
1702
2007
2365
2795
3017
3026
3194
3702
4228
4398
4399
4524
4552
4146
3430
2854
2548
2236
1854
1644
1813
2182
2338
2300
2329
2437
2312
1816
1474
1479
1601
1572
1600
1945
2340
2472
2314
1972
1672
1427
945
168
-727
-1320
-1738
-2591
-3882
-7171
-12681
-17950
-19609
-17836
-17640
-18315
-15148
-7654
-1802
-2010
-2314
1100
4542
4112
2077
4305
8315
9531
8718
9599
12818
13609
10619
6900
4332
2331
-637
-3156
-3701
-2762
-1617
-998
-341
659
1344
1285
674
509
1218
2494
4028
5552
7061
8655
10097
10665
9594
7581
5771
4152
2088
-127
-1237
-1397
-2153
-3772
-4959
-5032
-5431
-7213
-9001
-9211
-8330
-7965
-7828
-6367
-3735
-1686
-1051
-583
486
1167
611
-352
-346
218
114
-620
-919
-611
-866
-1973
-2955
-3203
-3424
-4199
-4786
-4432
-3491
-2895
-2576
-1812
-560
518
941
1273
2009
2820
3173
3182
3535
4158
4379
4060
3776
3879
3881
3355
2658
2297
2174
1868
1378
1137
1261
1434
1423
1367
1542
1898
2159
2153
2161
2423
2702
2690
2504
2609
2868
2745
2295
1918
1799
1459
566
-221
-504
-649
-1407
-2777
-3948
-6155
-10746
-15803
-17579
-15496
-14258
-14978
-13276
-7442
-2077
-1951
-3192
-1003
2317
2692
1035
2644
6959
9198
8587
8312
10327
11286
8841
5213
2911
1939
273
-1713
-2108
-914
304
306
-113
90
345
-16
-661
-492
854
2605
4316
5865
7057
7962
8545
8636
7730
6017
4628
3696
2543
1074
242
328
-298
-2350
-4492
-5486
-6134
-7781
-9314
-9066
-7530
-6317
-5626
-4211
-2291
-1245
-1186
-994
-124
482
356
283
903
1772
1910
1352
813
417
-417
-1895
-3149
-3611
-3838
-4379
-4762
-4251
-3312
-2903
-2899
-2518
-1660
-1066
-884
-419
565
1536
2054
2479
3168
3720
3705
3356
3248
3359
3208
2773
2438
2357
2194
1793
1448
1335
1287
1177
1172
1362
1587
1786
2033
2301
2381
2334
2351
2345
2292
2311
2478
2490
2241
2143
2108
1729
1067
614
290
-714
-2230
-3819
-6210
-9935
-13398
-14168
-12944
-12365
-12259
-10232
-6313
-3766
-3791
-3578
-1494
498
692
840
3136
6255
7813
8009
8634
9756
9504
7373
4953
3508
2564
1202
-60
-208
500
848
337
-256
-334
-346
-757
-1176
-810
390
1772
2979
4099
5233
6089
6309
5921
5204
4523
3912
3206
2459
1867
1512
974
-93
-1552
-3173
-4692
-5958
-6836
-7379
-7580
-7110
-6100
-5093
-4348
-3593
-2724
-2171
-1803
-1086
-93
599
927
1455
2070
2169
1742
1247
735
-121
-1099
-1715
-2046
-2425
-2810
-2924
-2826
-2767
-2745
-2650
-2441
-2092
-1604
-1028
-431
218
884
1403
1768
2104
2450
2711
2860
3017
3162
3216
3181
3083
2902
2595
2267
2043
1916
1808
1691
1670
1788
1921
1965
1940
1927
1889
1796
1712
1629
1477
1301
1259
1376
1486
1478
1412
1330
1058
370
-648
-1723
-3116
-5596
-8968
-11495
-11935
-11378
-11366
-11142
-9129
-6273
-5038
-5374
-4798
-2647
-989
-753
-72
2355
4965
6054
6425
7521
8698
8375
6772
5478
4965
4288
3080
2206
2251
2577
2366
1701
1139
793
355
-228
-615
-490
83
838
1606
2392
3243
4027
4438
4310
3877
3523
3270
2871
2374
2153
2177
1799
681
-653
-1673
-2650
-3991
-5273
-5810
-5787
-5853
-5961
-5540
-4702
-4178
-4074
-3749
-2970
-2307
-2058
-1712
-892
-64
228
245
512
858
737
236
-64
-71
-296
-884
-1301
-1248
-1183
-1514
-1860
-1723
-1355
-1297
-1402
-1124
-551
-257
-270
-28
587
1054
1181
1428
2044
2615
2804
2882
3144
3344
3179
2865
2780
2821
2674
2414
2369
2516
2525
2341
2230
2258
2145
1774
1433
1355
1339
1115
837
798
875
710
324
100
118
50
-299
-757
-1170
-1735
-2859
-4723
-6907
-8583
-9331
-9537
-9538
-8871
-7190
-5408
-4711
-4712
-4060
-2668
-1745
-1573
-1001
499
2022
2952
3904
5283
6267
6133
5441
5063
4892
4357
3592
3228
3415
3685
3699
3524
3254
2775
2050
1320
856
690
676
731
924
1333
1894
2382
2582
2469
2196
1896
1617
1393
1285
1255
1118
751
275
-129
-546
-1201
-2036
-2679
-2953
-3089
-3252
-3261
-3034
-2892
-3024
-3106
-2901
-2734
-2908
-3088
-2857
-2427
-2212
-2113
-1807
-1417
-1264
-1248
-1034
-680
-557
-713
-808
-638
-408
-355
-410
-366
-248
-248
-355
-362
-252
-242
-368
-380
-156
102
219
309
513
739
888
1031
1236
1404
1461
1509
1665
1881
2037
2100
2137
2221
2344
2416
2379
2294
2237
2181
2095
2040
2073
2112
2061
1946
1855
1766
1571
1261
976
838
829
836
791
686
496
190
-225
-730
-1353
-2165
-3164
-4166
-4819
-4803
-4196
-3548
-3401
-3727
-4022
-3969
-3705
-3462
-3264
-3095
-3017
-2938
-2566
-1835
-1140
-877
-933
-869
-500
-41
280
508
824
1295
1839
2369
2812
3047
2951
2592
2306
2366
2639
2750
2569
2356
2371
2547
2676
2696
2641
2473
2163
1882
1845
1975
1958
1659
1278
1057
976
885
726
555
426
356
350
394
414
312
38
-315
-573
-694
-845
-1162
-1506
-1655
-1646
-1678
-1782
-1863
-1950
-2119
-2259
-2221
-2126
-2185
-2331
-2324
-2152
-1991
-1893
-1799
-1737
-1746
-1725
-1585
-1417
-1328
-1282
-1181
-1009
-794
-571
-438
-456
-503
-416
-225
-71
33
178
360
527
712
955
1171
1273
1334
1462
1639
1808
1979
2147
2253
2297
2376
2519
2616
2592
2509
2457
2436
2402
2329
2212
2078
1976
1922
1855
1729
1547
1293
910
420
-105
-718
-1593
-2689
-3588
-3865
-3591
-3297
-3404
-3844
-4244
-4360
-4191
-3818
-3376
-3075
-3028
-3035
-2755
-2164
-1615
-1385
-1359
-1212
-794
-204
378
857
1273
1709
2170
2577
2864
2990
2893
2589
2324
2387
2714
2906
2743
2466
2369
2395
2347
2245
2183
2050
1716
1383
1348
1512
1490
1182
881
782
728
539
300
167
121
78
67
130
147
-60
-439
-753
-878
-955
-1164
-1467
-1683
-1734
-1719
-1744
-1817
-1924
-2085
-2283
-2403
-2373
-2289
-2288
-2347
-2313
-2121
-1879
-1721
-1646
-1579
-1500
-1436
-1358
-1192
-964
-787
-678
-528
-270
-27
44
-28
-86
-52
15
88
215
393
554
691
895
1180
1419
1503
1505
1552
1667
1800
1930
2043
2110
2131
2174
2287
2401
2419
2353
2291
2262
2242
2203
2144
2061
1932
1758
1583
1433
1309
1180
1016
822
628
437
209
-102
-521
-1108
-1924
-2863
-3613
-3912
-3850
-3765
-3880
-4117
-4294
-4299
-4099
-3736
-3370
-3191
-3183
-3129
-2835
-2363
-1920
-1620
-1402
-1112
-647
-50
519
944
1278
1632
2004
2311
2493
2536
2418
2184
2026
2109
2341
2453
2354
2234
2255
2352
2395
2368
2286
2121
1885
1715
1730
1858
1916
1829
1678
1555
1461
1312
1077
825
658
601
573
482
305
41
-304
-658
-928
-1123
-1351
-1647
-1872
-1917
-1842
-1780
-1792
-1870
-2021
-2195
-2282
-2239
-2166
-2146
-2129
-2026
-1841
-1648
-1494
-1393
-1341
-1306
-1255
-1178
-1070
-930
-798
-742
-747
-723
-659
-655
-726
-748
-640
-462
-268
-19
298
580
763
910
1069
1186
1227
1242
1286
1359
1454
1587
1730
1844
1916
1957
1973
1975
2002
2069
2119
2123
2117
2107
2042
1907
1783
1705
1596
1421
1247
1138
1081
1050
1034
975
783
463
127
-185
-546
-1033
-1640
-2340
-3073
-3649
-3852
-3716
-3557
-3617
-3804
-3877
-3752
-3517
-3246
-2971
-2748
-2604
-2438
-2118
-1665
-1252
-989
-796
-514
-100
349
713
977
1206
1472
1783
2081
2288
2365
2322
2205
2101
2091
2169
2236
2207
2133
2147
2276
2406
2437
2377
2258
2075
1866
1736
1706
1651
1492
1315
1203
1107
932
682
395
84
-187
-340
-419
-568
-815
-1023
-1104
-1117
-1143
-1188
-1272
-1415
-1537
-1530
-1447
-1456
-1581
-1700
-1738
-1722
-1673
-1607
-1583
-1632
-1665
-1608
-1520
-1505
-1555
-1580
-1539
-1438
-1288
-1134
-1051
-1034
-991
-866
-703
-532
-342
-146
1
115
267
441
543
568
616
732
835
889
950
1052
1144
1195
1261
1382
1499
1534
1502
1481
1500
1528
1546
1565
1598
1625
1640
1658
1695
1732
1734
1690
1626
1548
1444
1308
1153
1002
868
754
648
520
356
199
84
-19
-160
-359
-594
-861
-1184
-1580
-2029
-2486
-2872
-3116
-3196
-3167
-3115
-3110
-3140
-3142
-3058
-2895
-2726
-2612
-2537
-2421
-2206
-1912
-1591
-1285
-1003
-737
-466
-157
180
512
804
1076
1377
1688
1952
2115
2183
2208
2225
2265
2332
2419
2501
2549
2569
2580
2587
2564
2480
2335
2156
1973
1810
1678
1580
1511
1472
1428
1332
1167
967
792
653
525
400
269
110
-94
-317
-505
-664
-848
-1073
-1290
-1443
-1540
-1620
-1707
-1795
-1887
-1992
-2102
-2195
-2262
-2324
-2384
-2405
-2344
-2205
-2049
-1917
-1798
-1672
-1544
-1440
-1351
-1264
-1170
-1082
-1008
-925
-820
-721
-628
-515
-363
-195
-50
58
167
312
475
633
776
924
1072
1219
1361
1500
1635
1748
1835
1906
1960
2000
2015
2022
2032
2042
2022
1940
1790
1615
1471
1378
1317
1261
1203
1147
1099
1063
1038
1016
964
861
717
588
517
491
465
424
380
324
207
9
-249
-545
-888
-1274
-1661
-2023
-2370
-2722
-3036
-3241
-3323
-3355
-3412
-3507
-3595
-3620
-3547
-3362
-3091
-2770
-2453
-2160
-1875
-1569
-1245
-958
-718
-470
-145
253
651
994
1296
1566
1775
1903
1976
2028
2053
2034
2023
2092
2246
2405
2509
2569
2611
2633
2622
2600
2587
2564
2497
2399
2316
2268
2208
2078
1856
1569
1266
1020
862
759
640
448
190
-92
-349
-562
-762
-984
-1223
-1418
-1532
-1585
-1621
-1672
-1757
-1875
-1993
-2079
-2140
-2207
-2267
-2270
-2198
-2095
-1994
-1911
-1871
-1871
-1860
-1806
-1731
-1671
-1625
-1551
-1441
-1299
-1121
-930
-769
-665
-577
-461
-313
-140
67
299
516
700
865
1015
1131
1208
1271
1322
1340
1330
1322
1332
1353
1380
1420
1466
1498
1510
1509
1500
1484
1472
1465
1453
1432
1412
1392
1367
1340
1322
1292
1228
1144
1070
1020
971
902
817
709
573
424
291
170
30
-139
-321
-492
-647
-784
-914
-1056
-1219
-1401
-1605
-1845
-2128
-2443
-2744
-2967
-3055
-3007
-2901
-2829
-2801
-2763
-2671
-2535
-2383
-2225
-2066
-1908
-1724
-1464
-1126
-772
-471
-213
59
371
688
973
1238
1507
1780
2029
2234
2395
2498
2531
2515
2517
2563
2603
2587
2526
2462
2418
2376
2308
2210
2090
1949
1800
1671
1568
1460
1305
1095
876
688
533
389
241
91
-56
-201
-341
-477
-613
-760
-918
-1072
-1205
-1329
-1471
-1625
-1764
-1870
-1944
-2000
-2041
-2067
-2078
-2073
-2044
-1988
-1925
-1859
-1785
-1688
-1565
-1425
-1271
-1113
-958
-821
-716
-648
-604
-561
-506
-431
-344
-258
-175
-87
19
142
280
408
513
602
686
772
857
940
1025
1114
1200
1282
1347
1387
1404
1408
1411
1412
1403
1379
1341
1304
1280
1268
1257
1220
1140
1019
882
760
680
651
653
665
664
637
585
512
431
348
262
182
111
51
-14
-90
-183
-299
-430
-573
-726
-895
-1072
-1242
-1383
-1494
-1602
-1737
-1919
-2141
-2345
-2464
-2474
-2405
-2328
-2262
-2183
-2062
-1901
-1715
-1533
-1370
-1226
-1076
-879
-635
-382
-155
56
282
528
769
973
1140
1285
1437
1614
1800
1959
2061
2106
2117
2130
2158
2186
2189
2155
2108
2071
2047
2009
1944
1852
1743
1619
1491
1371
1253
1110
944
772
603
429
251
82
-69
-212
-342
-449
-549
-663
-794
-917
-1031
-1144
-1248
-1335
-1415
-1511
-1613
-1695
-1753
-1805
-1848
-1864
-1861
-1847
-1809
-1739
-1659
-1589
-1529
-1462
-1390
-1315
-1232
-1143
-1054
-956
-831
-694
-574
-475
-387
-309
-237
-134
5
139
241
341
476
615
727
828
926
984
993
1012
1070
1118
1126
1143
1210
1285
1325
1349
1369
1343
1273
1223
1215
1180
1080
969
899
838
764
704
665
601
506
448
447
437
384
346
358
384
394
405
408
353
249
165
127
86
8
-69
-119
-169
-231
-286
-348
-464
-643
-827
-979
-1131
-1305
-1485
-1650
-1810
-1955
-2048
-2085
-2109
-2143
-2159
-2117
-2020
-1897
-1762
-1614
-1459
-1306
-1138
-946
-744
-562
-389
-189
59
328
582
812
1012
1181
1321
1448
1550
1612
1638
1662
1710
1772
1823
1857
1865
1844
1809
1780
1752
1697
1614
1533
1468
1400
1307
1194
1060
908
764
660
585
496
386
282
192
103
6
-89
-185
-296
-414
-511
-598
-704
-826
-941
-1032
-1109
-1170
-1208
-1227
-1241
-1248
-1249
-1250
-1260
-1273
-1281
-1272
-1247
-1217
-1171
-1115
-1054
-994
-946
-914
-891
-871
-841
-808
-773
-732
-694
-649
-598
-538
-481
-430
-382
-326
-258
-179
-89
0
81
171
277
394
511
624
733
832
922
1018
1110
1181
1226
1266
1304
1326
1322
1313
1298
1265
1224
1195
1180
1159
1127
1104
1091
1066
1021
971
914
842
764
692
632
572
509
451
396
329
248
149
35
-102
-249
-401
-567
-744
-928
-1107
-1274
-1432
-1564
-1668
-1746
-1786
-1789
-1770
-1743
-1720
-1697
-1664
-1621
-1559
-1477
-1371
-1243
-1100
-943
-779
-615
-456
-309
-168
-27
109
244
371
492
607
716
810
895
966
1020
1064
1100
1135
1174
1216
1258
1308
1360
1399
1418
1407
1370
1293
1190
1081
988
924
891
884
890
884
848
781
673
547
421
312
229
166
108
44
-35
-139
-263
-397
-529
-644
-734
-795
-833
-861
-886
-916
-958
-1016
-1083
-1150
-1210
-1256
-1283
-1292
-1287
-1270
-1245
-1211
-1173
-1132
-1090
-1047
-999
-945
-887
-819
-747
-669
-586
-503
-418
-336
-258
-182
-106
-30
47
127
208
289
378
466
553
640
719
791
852
906
958
1005
1052
1101
1151
1198
1234
1259
1270
1268
1258
1243
1229
1211
1190
1166
1133
1087
1027
949
860
760
654
552
450
349
247
145
37
-80
-209
-344
-483
-623
-760
-887
-1003
-1110
-1206
-1293
-1373
-1445
-1501
-1537
-1550
-1550
-1530
-1496
-1450
-1388
-1317
-1234
-1144
-1044
-936
-822
-699
-567
-428
-290
-154
-18
111
230
334
429
520
602
674
741
804
857
901
936
968
997
1023
1046
1064
1079
1089
1087
1074
1056
1032
1009
988
971
956
935
909
869
815
745
664
582
500
428
356
287
212
120
10
-112
-239
-365
-479
-578
-657
-716
-763
-803
-840
-888
-938
-993
-1044
-1089
-1121
-1134
-1130
-1111
-1086
-1059
-1037
-1023
-1017
-1008
-995
-970
-928
-874
-811
-741
-672
-605
-541
-479
-414
-347
-270
-187
-99
-8
81
166
249
330
403
469
534
597
665
734
799
860
916
967
1006
1040
1071
1099
1119
1138
1155
1166
1168
1163
1152
1140
1122
1094
1060
1017
962
899
830
755
672
577
469
350
218
77
-71
-220
-370
-518
-671
-827
-979
-1111
-1225
-1322
-1402
-1472
-1536
-1596
-1633
-1637
-1601
-1541
-1467
-1376
-1279
-1181
-1087
-990
-888
-785
-677
-563
-447
-338
-240
-147
-49
56
168
273
359
426
484
551
648
790
961
1109
1202
1236
1241
1231
1227
1251
1306
1352
1353
1319
1263
1174
1068
995
971
951
904
846
784
696
602
547
517
463
375
281
182
57
-74
-167
-233
-313
-399
-469
-543
-647
-750
-821
-881
-960
-1047
-1115
-1184
-1260
-1316
-1326
-1321
-1326
-1324
-1307
-1288
-1274
-1249
-1201
-1150
-1102
-1042
-966
-878
-791
-697
-601
-509
-428
-354
-274
-192
-108
-19
75
163
242
314
383
449
516
581
645
709
780
853
929
1007
1085
1156
1215
1258
1291
1311
1323
1326
1320
1302
1273
1231
1178
1114
1037
952
858
757
652
549
447
349
254
161
71
-17
-102
-184
-258
-323
-381
-437
-488
-539
-590
-639
-689
-734
-779
-823
-865
-905
-941
-977
-1010
-1037
-1061
-1081
-1094
-1099
-1096
-1085
-1067
-1036
-996
-950
-893
-832
-762
-688
-607
-519
-427
-332
-235
-135
-36
59
153
245
334
418
498
578
659
733
803
868
926
976
1019
1055
1087
1114
1137
1156
1169
1175
1174
1163
1146
1123
1096
1064
1025
979
925
868
802
729
651
563
470
371
268
162
57
-48
-152
-253
-353
-449
-544
-634
-720
-796
-868
-932
-987
-1036
-1078
-1113
-1143
-1168
-1185
-1196
-1203
-1201
-1194
-1182
-1169
-1149
-1124
-1090
-1052
-1005
-951
-892
-826
-755
-677
-595
-508
-410
-313
-216
-120
-25
68
161
251
337
421
500
569
635
692
743
790
823
853
882
901
919
924
920
920
912
904
890
865
849
828
800
774
735
700
666
626
585
540
488
440
391
338
283
224
171
115
63
9
-44
-94
-143
-189
-235
-276
-316
-355
-392
-427
-457
-482
-510
-535
-557
-579
-590
-606
-620
-631
-640
-641
-637
-636
-632
-624
-609
-584
-561
-534
-502
-464
-419
-370
-320
-267
-211
-150
-89
-28
34
94
154
208
263
315
361
406
436
464
495
518
540
550
554
562
563
566
563
548
539
528
514
499
471
443
418
388
356
317
272
231
186
138
88
36
-10
-59
-106
-152
-191
-229
-267
-302
-336
-362
-380
-401
-421
-436
-445
-443
-446
-449
-450
-448
-437
-427
-421
-408
-396
-377
-355
-337
-317
-298
-277
-249
-225
-201
-175
-148
-115
-85
-58
-33
-4
23
50
79
104
130
156
177
200
222
241
261
274
286
300
307
318
320
319
322
321
321
316
306
297
287
276
264
244
228
214
197
180
160
141
124
107
92
74
57
39
25
12
-1
-14
-28
-41
-50
-61
-69
-77
-85
-89
-95
-100
-100
-105
-109
-112
-117
-118
-119
-123
-124
-129
-129
-130
-135
-138
-142
-145
-144
-147
-150
-151
-156
-150
-147
-146
-143
-139
-132
-122
-116
-109
-98
-87
-71
-62
-50
-37
-27
-13
-1
12
26
40
53
66
80
92
103
113
122
130
139
147
154
156
158
161
161
162
161
156
157
151
148
143
134
125
117
104
92
79
66
53
39
28
14
2
-11
-24
-38
-50
-60
-72
-83
-92
-102
-111
-115
-123
-126
-130
-132
-129
-129
-128
-126
-123
-114
-111
-106
-101
-95
-88
-80
-75
-68
-62
-56
-50
-46
-40
-33
-26
-20
-13
-6
-2
7
14
20
28
37
45
51
57
63
69
74
79
82
84
88
91
92
92
92
92
87
83
80
76
74
69
64
59
53
49
44
37
31
23
18
13
10
4
-1
-5
-10
-16
-19
-23
-27
-29
-33
-34
-38
-39
-42
-45
-46
-48
-50
-49
-49
-48
-49
-49
-46
-47
-45
-41
-38
-35
-33
-27
-23
-18
-15
-13
-9
-5
-2
3
6
8
7
7
10
12
12
13
13
13
14
16
18
18
18
18
19
19
18
19
21
21
22
21
21
21
18
18
17
15
14
12
10
8
5
3
1
0
-2
-3
-5
-5
-7
-8
-10
-11
-13
-14
-15
-16
-14
-14
-16
-15
-16
-15
-16
-16
-14
-14
-11
-11
-11
-7
-7
-5
-7
-6
-4
-3
-2
-3
-1
-1
0
0
-1
1
-1
-2
-2
-3
-4
-3
-1
1
3
4
5
8
7
8
9
11
11
11
10
9
10
9
11
13
14
12
11
12
13
11
10
10
10
10
10
10
9
8
7
6
3
4
2
0
0
-3
-6
-5
-6
-7
-6
-6
-8
-9
-9
-11
-11
-14
-15
-16
-18
-19
-19
-20
-21
-23
-24
-24
-21
-18
-18
-18
-14
-11
-9
-6
-3
3
5
6
9
10
12
13
14
16
18
17
20
19
21
21
21
20
18
18
18
18
17
19
17
17
17
16
17
13
9
8
9
7
6
4
4
2
1
0
-1
-3
-4
-4
-6
-9
-11
-12
-14
-15
-15
-16
-16
-17
-18
-20
-19
-20
-19
-18
-20
-19
-19
-19
-19
-18
-19
-19
-18
-19
-17
-15
-13
-10
-8
-6
-3
-3
1
4
6
8
10
13
12
14
16
17
18
18
19
21
19
18
16
15
15
15
14
14
14
13
12
11
9
9
6
5
5
4
3
2
1
0
-1
-1
0
0
-1
-1
1
-1
-2
-3
-3
-5
-5
-5
-6
-7
-8
-8
-7
-10
-11
-10
-11
-11
-11
-10
-10
-8
-7
-8
-6
-5
-5
-3
-3
-1
0
0
0
1
0
-2
-1
-2
-2
-4
-4
-5
-5
-1
0
2
3
4
6
6
8
8
8
9
9
9
10
10
8
10
7
9
10
10
10
9
7
5
4
4
3
3
0
1
1
0
-1
-1
-1
-3
-4
-3
0
0
-1
-2
-2
-3
-4
-4
-3
-3
-2
-3
-3
-4
-6
-7
-8
-8
-10
-9
-11
-12
-10
-9
-9
-8
-7
-7
-5
-4
-3
-2
-1
-1
0
2
2
3
2
2
2
2
1
-1
-2
-3
-3
-3
-1
-1
0
-1
0
-1
1
2
5
6
5
6
7
8
9
10
9
7
6
6
5
5
5
4
4
6
7
6
4
6
4
4
4
3
4
2
3
2
1
0
1
3
1
3
1
0
-1
-3
-3
-3
-5
-6
-8
-11
-12
-10
-11
-10
-10
-10
-10
-10
-10
-10
-9
-8
-7
-7
-4
-3
-2
-1
0
1
2
3
5
5
5
5
5
5
5
6
5
5
6
6
6
8
8
9
8
7
7
8
11
11
9
7
5
3
2
2
1
1
0
-1
-1
0
-1
0
0
-2
-2
-1
0
-1
-3
-4
-6
-6
-6
-8
-8
-8
-9
-10
-11
-9
-9
-7
-8
-8
-8
-6
-6
-4
-6
-6
-4
-4
-2
-1
-1
-2
0
0
1
-1
0
0
2
3
3
5
3
4
4
5
5
6
5
6
7
8
9
10
10
8
7
6
6
5
5
3
2
1
2
2
0
-2
-4
-4
-5
-5
-3
-4
-3
-4
-4
-3
-4
-4
-2
0
-1
-1
-1
0
0
0
1
-1
-1
-2
-2
-1
-2
-1
-2
-1
-3
-2
-3
-2
0
-2
-1
