3
2
2
0
-1
-1
-2
-3
-4
-2
-2
-1
0
0
0
1
2
3
3
4
4
4
2
4
4
5
3
4
4
4
3
1
-1
-1
-2
-2
-3
-3
-3
-3
-2
-1
1
2
1
1
3
2
2
1
3
2
2
3
1
1
2
2
1
2
2
1
0
-1
-1
-2
-3
-4
-4
-5
-4
-4
-3
-4
-5
-4
-4
-4
-3
-3
-2
0
-1
-1
1
0
0
1
2
3
2
2
1
1
0
0
-1
-1
-1
0
1
2
0
-1
-1
-1
-2
-2
0
1
2
2
3
4
4
2
2
3
3
3
4
6
5
5
6
5
4
4
2
1
1
-1
-1
-2
-5
-5
-3
-4
-3
-4
-3
-4
-4
-2
-3
-2
-1
1
1
1
3
3
3
2
3
-1
-3
-3
-3
-5
-4
-5
-5
-5
-4
-4
-3
-2
-3
-2
-2
-1
1
3
4
3
3
2
1
1
1
1
0
0
0
-1
-3
-4
-4
-4
-4
-2
1
0
1
3
5
6
8
9
8
8
6
7
6
5
3
3
2
0
0
-2
-3
-3
-5
-3
-4
-4
-2
1
1
1
5
6
8
9
8
8
6
5
5
2
0
-1
-2
-3
-4
-5
-6
-9
-8
-9
-11
-9
-7
-7
-7
-7
-6
-4
-4
-5
-3
-2
-3
-3
-3
-3
-2
-2
-1
-2
-1
-1
-2
-1
-2
0
2
2
3
5
5
3
5
6
8
9
8
6
3
3
2
1
-1
-1
-2
-1
-2
0
0
0
-1
-1
0
1
1
3
6
7
7
8
8
10
9
7
6
4
4
2
0
-2
-3
-5
-7
-7
-6
-8
-8
-8
-10
-9
-7
-7
-7
-7
-7
-5
-4
-2
-1
0
1
-1
0
0
0
1
1
2
0
0
0
-1
0
0
2
3
5
6
7
7
7
7
5
5
4
4
5
1
2
1
1
1
1
-1
-1
-1
2
3
4
4
5
4
4
4
4
3
3
4
1
0
0
0
0
0
-2
-4
-7
-7
-10
-12
-14
-15
-16
-17
-16
-15
-14
-12
-11
-10
-8
-6
-5
-3
-3
-2
-1
0
1
3
4
5
7
9
9
11
11
12
16
15
15
16
17
20
21
21
21
21
24
27
29
32
30
29
30
28
27
24
20
19
14
9
3
-3
-9
-16
-22
-28
-36
-43
-52
-59
-64
-68
-72
-78
-80
-78
-73
-68
-63
-57
-47
-36
-25
-14
-5
4
15
25
29
37
41
44
44
42
41
40
36
32
30
27
27
25
27
32
37
46
55
67
77
86
96
105
111
116
116
111
105
96
79
60
35
12
-15
-43
-71
-95
-122
-144
-163
-175
-182
-185
-184
-180
-169
-156
-137
-120
-99
-77
-54
-32
-11
9
25
38
48
53
54
52
48
41
33
27
18
10
6
4
7
13
20
30
46
61
79
98
115
132
146
158
168
169
168
159
146
131
108
82
51
19
-13
-48
-78
-108
-134
-158
-176
-184
-190
-189
-184
-175
-160
-143
-124
-101
-78
-57
-34
-14
4
20
30
40
45
46
45
37
29
21
8
-3
-12
-20
-26
-28
-27
-21
-14
0
16
36
56
76
99
123
142
161
176
184
189
185
177
162
140
115
83
48
11
-26
-60
-93
-124
-148
-168
-181
-186
-188
-186
-176
-163
-145
-124
-104
-79
-56
-33
-10
9
26
39
49
54
55
50
43
31
18
1
-12
-26
-40
-49
-55
-57
-54
-46
-36
-20
-2
21
45
70
94
119
141
160
176
185
190
185
177
163
143
117
85
52
18
-19
-54
-88
-116
-144
-167
-183
-194
-198
-197
-188
-174
-155
-132
-106
-79
-51
-23
4
27
49
65
76
84
85
80
72
56
40
23
2
-15
-33
-45
-54
-59
-57
-52
-39
-22
-2
24
52
81
110
135
160
179
194
201
202
194
179
161
135
104
69
34
-6
-43
-79
-114
-146
-174
-192
-205
-212
-212
-205
-194
-179
-160
-138
-115
-88
-64
-40
-18
2
18
32
41
47
49
48
44
36
26
14
1
-13
-26
-37
-47
-52
-53
-51
-46
-37
-23
-6
17
40
66
93
120
145
168
191
209
222
228
228
223
209
189
166
135
103
64
24
-15
-54
-91
-126
-156
-180
-200
-214
-222
-225
-220
-212
-195
-176
-154
-128
-102
-75
-47
-21
2
20
34
44
50
52
49
44
34
23
12
0
-11
-21
-27
-30
-30
-27
-19
-7
10
27
48
71
95
117
139
158
173
187
195
198
195
188
174
155
131
104
76
44
11
-21
-55
-84
-111
-135
-152
-164
-169
-172
-169
-165
-156
-144
-131
-115
-102
-89
-78
-67
-59
-52
-47
-44
-39
-37
-40
-43
-44
-46
-49
-50
-51
-49
-45
-41
-36
-27
-17
-5
4
16
29
41
52
65
77
90
104
117
130
145
156
167
177
185
191
193
189
181
175
164
149
131
110
89
66
41
16
-8
-33
-55
-76
-93
-108
-116
-125
-130
-129
-127
-123
-119
-114
-108
-100
-93
-88
-86
-86
-91
-96
-101
-107
-113
-117
-116
-111
-108
-104
-95
-84
-70
-56
-40
-22
-2
19
38
58
78
97
110
122
132
137
138
139
133
125
117
107
97
84
73
64
55
49
42
35
37
34
34
33
34
36
39
42
42
44
42
39
33
25
16
6
-7
-20
-32
-43
-55
-66
-72
-79
-83
-86
-87
-85
-84
-82
-82
-82
-79
-79
-80
-81
-87
-95
-104
-118
-129
-138
-144
-145
-141
-129
-112
-94
-70
-45
-22
2
23
40
57
73
88
104
118
132
144
151
157
161
160
157
150
140
132
121
113
106
99
98
94
92
89
87
85
79
72
66
60
53
48
44
40
36
30
22
12
0
-14
-30
-49
-67
-80
-92
-101
-107
-113
-115
-114
-115
-114
-117
-117
-114
-110
-104
-99
-98
-93
-93
-96
-105
-122
-142
-164
-187
-204
-224
-234
-232
-224
-207
-187
-163
-130
-98
-65
-33
-1
32
69
104
139
178
215
247
273
291
308
317
314
307
293
280
272
260
248
241
231
228
219
206
192
176
160
146
130
114
104
97
93
88
82
76
65
56
41
21
-4
-31
-59
-93
-125
-159
-190
-221
-254
-283
-307
-331
-351
-371
-385
-388
-385
-375
-362
-345
-325
-305
-287
-273
-267
-260
-257
-255
-251
-248
-240
-227
-210
-187
-159
-129
-94
-54
-11
32
75
124
171
218
263
308
354
388
418
438
453
459
454
445
431
412
396
377
357
340
321
308
293
280
265
249
238
226
214
202
193
183
173
160
143
126
103
80
51
17
-18
-58
-99
-144
-190
-234
-279
-321
-365
-402
-434
-461
-480
-497
-501
-496
-485
-466
-441
-415
-382
-346
-313
-280
-252
-230
-210
-199
-190
-189
-193
-197
-204
-210
-218
-224
-222
-216
-202
-182
-155
-117
-75
-25
30
89
150
208
266
321
371
418
456
487
508
524
533
533
525
510
491
474
453
428
405
386
369
358
349
343
341
340
346
350
352
353
353
351
340
323
299
268
230
183
131
69
4
-66
-137
-209
-278
-347
-411
-471
-524
-565
-603
-628
-646
-659
-659
-657
-646
-630
-617
-595
-572
-548
-525
-504
-484
-462
-444
-422
-404
-390
-367
-347
-326
-304
-280
-255
-227
-196
-165
-130
-93
-57
-18
24
64
107
151
194
238
278
320
360
398
430
462
492
516
537
557
572
588
600
606
613
615
617
621
619
613
608
598
590
575
556
534
507
479
448
411
373
332
288
245
201
155
108
61
14
-32
-77
-121
-164
-209
-250
-292
-333
-373
-410
-449
-487
-518
-547
-576
-602
-625
-645
-660
-671
-678
-680
-678
-673
-668
-659
-643
-626
-610
-590
-566
-542
-518
-491
-461
-431
-401
-372
-337
-303
-266
-228
-189
-150
-105
-62
-16
34
84
135
186
237
287
338
385
430
472
515
551
581
610
632
651
663
674
676
674
669
661
653
640
626
609
592
574
554
534
514
493
468
446
421
395
367
336
306
273
237
199
162
123
83
42
-1
-42
-79
-117
-155
-191
-224
-255
-283
-311
-333
-356
-377
-398
-419
-435
-453
-475
-490
-507
-527
-547
-569
-585
-598
-612
-624
-629
-627
-621
-613
-599
-575
-549
-521
-487
-451
-411
-377
-339
-295
-252
-214
-178
-143
-109
-78
-55
-34
-18
5
21
33
48
69
92
115
139
168
201
235
262
293
329
365
398
425
457
493
523
550
569
584
595
596
591
580
564
548
528
509
496
477
460
444
428
410
387
363
343
323
305
286
265
249
227
206
181
153
118
79
37
-7
-58
-105
-147
-182
-215
-245
-266
-280
-298
-325
-347
-359
-376
-402
-428
-428
-420
-425
-439
-432
-403
-393
-419
-452
-448
-439
-475
-542
-561
-518
-499
-534
-553
-493
-417
-418
-460
-453
-382
-347
-390
-412
-338
-230
-191
-202
-152
-27
70
64
26
87
186
201
126
112
216
307
291
250
318
447
482
408
368
439
493
423
328
347
446
470
406
391
476
551
515
426
414
461
449
357
296
329
385
370
313
304
354
376
310
220
196
220
195
109
62
98
142
115
53
44
83
76
-8
-84
-86
-68
-104
-176
-195
-154
-136
-182
-238
-240
-216
-242
-314
-359
-345
-328
-362
-417
-431
-397
-378
-416
-469
-467
-424
-418
-468
-509
-475
-410
-398
-437
-435
-359
-296
-321
-370
-353
-284
-255
-289
-300
-224
-121
-88
-110
-90
-13
32
-12
-70
-50
21
54
40
72
177
257
258
241
261
279
250
211
215
252
293
329
380
449
496
508
517
520
495
448
418
415
405
386
398
429
446
430
397
379
350
277
181
111
79
48
3
-26
-14
19
26
-3
-31
-49
-72
-130
-203
-239
-228
-209
-211
-207
-159
-98
-81
-115
-147
-143
-150
-198
-251
-250
-203
-170
-173
-164
-114
-74
-95
-149
-175
-164
-171
-205
-214
-165
-101
-83
-90
-73
-40
-41
-83
-114
-96
-73
-75
-80
-53
-22
-27
-52
-64
-72
-95
-122
-124
-93
-68
-58
-28
20
35
2
-14
7
6
-35
-54
-7
59
77
62
94
165
180
117
86
129
146
83
26
51
97
79
27
34
97
126
94
83
124
144
111
74
84
103
86
60
83
135
147
117
112
155
165
104
52
66
95
53
-29
-44
19
42
-26
-81
-29
39
0
-98
-115
-45
-25
-103
-162
-110
-36
-61
-147
-158
-89
-69
-144
-213
-200
-159
-193
-275
-312
-295
-275
-307
-345
-327
-277
-247
-251
-251
-191
-118
-87
-79
-40
54
144
192
221
286
377
419
418
419
453
491
468
430
447
498
532
504
477
508
543
528
469
434
449
450
407
382
395
415
383
303
259
231
163
64
3
26
54
14
-59
-81
-67
-98
-144
-94
73
213
222
193
245
265
4
-412
-625
-611
-849
-1642
-2547
-2893
-2576
-2106
-1775
-1350
-667
-46
170
119
136
229
152
-107
-216
6
177
-289
-1472
-2787
-3615
-3947
-4212
-4560
-4587
-3971
-2964
-2004
-1093
56
1298
2104
2350
2579
3195
3862
4075
3959
4072
4531
4871
4754
4367
3983
3493
2707
1797
1126
746
383
-89
-414
-336
8
231
133
-138
-372
-529
-693
-813
-750
-501
-211
69
466
1010
1452
1501
1191
812
499
110
-454
-1020
-1356
-1447
-1453
-1420
-1267
-1028
-922
-1070
-1309
-1386
-1301
-1248
-1282
-1199
-833
-317
103
365
572
713
652
387
115
-35
-166
-396
-609
-606
-402
-222
-189
-207
-205
-277
-469
-650
-695
-633
-544
-434
-261
-15
264
460
486
400
306
163
-78
-263
-302
-463
-989
-1552
-1650
-1333
-1138
-1344
-1655
-1641
-1297
-944
-561
52
388
-517
-2272
-3132
-2592
-2267
-3007
-3327
-2161
-762
-340
4
1167
2218
2108
1498
1568
2300
2953
3160
3131
3302
3945
4743
5005
4614
4121
3759
3104
2055
1290
1267
1456
1195
752
899
1624
2105
1938
1597
1475
1277
737
221
123
202
41
-286
-426
-330
-275
-479
-945
-1535
-2056
-2388
-2621
-2916
-3184
-3234
-3160
-3206
-3221
-2831
-2214
-1995
-2221
-2219
-1710
-1240
-1182
-1154
-826
-493
-450
-436
-175
93
14
-346
-621
-619
-449
-331
-333
-326
-168
51
154
186
335
561
631
550
621
994
1402
1559
1554
1666
1921
2088
2028
1842
1669
1502
1295
1121
1097
1147
1087
910
785
759
714
635
600
572
442
282
237
222
79
-129
-208
-177
-197
-246
-199
-146
-304
-755
-1666
-3516
-6279
-8706
-9575
-9435
-9615
-9750
-8312
-5509
-3301
-2223
-769
1514
2982
2759
2392
3360
4906
5653
5811
6468
7672
8473
8369
7764
7053
6028
4414
2497
908
-8
-370
-473
-500
-404
7
670
1119
1028
714
603
493
58
-276
128
1035
1675
1940
2298
2755
2782
2169
1246
238
-910
-2136
-3166
-3827
-4147
-4244
-4241
-4212
-4126
-3956
-3847
-3997
-4288
-4353
-4014
-3431
-2746
-1869
-782
242
924
1320
1632
1805
1586
968
311
-68
-234
-360
-404
-243
-10
20
-164
-336
-414
-579
-923
-1237
-1249
-935
-468
29
560
1158
1724
2092
2229
2299
2424
2500
2415
2295
2366
2602
2777
2792
2752
2693
2486
2072
1591
1153
692
146
-316
-490
-430
-350
-339
-317
-248
-250
-433
-723
-919
-965
-1018
-1122
-1051
-755
-636
-1116
-2318
-4251
-6647
-8619
-9384
-9404
-9579
-9489
-8079
-5773
-4014
-2831
-1069
1155
2418
2449
2567
3552
4795
5663
6342
7207
8253
9135
9455
9145
8558
7806
6449
4366
2351
1145
447
-303
-921
-992
-719
-559
-554
-565
-667
-949
-1333
-1735
-2041
-1930
-1224
-272
492
1154
1966
2668
2783
2379
1902
1391
507
-687
-1614
-1977
-2098
-2331
-2594
-2689
-2753
-3079
-3658
-4164
-4391
-4452
-4498
-4392
-3875
-2982
-2039
-1247
-525
177
688
837
741
637
588
497
350
275
373
589
770
836
817
754
599
300
-83
-415
-614
-702
-685
-551
-281
96
483
777
968
1149
1347
1454
1467
1558
1838
2157
2346
2479
2652
2769
2710
2542
2354
2089
1681
1232
833
440
57
-200
-297
-409
-672
-954
-1074
-1097
-1193
-1321
-1301
-1144
-1017
-914
-694
-450
-493
-892
-1485
-2390
-3837
-5429
-6314
-6392
-6440
-6716
-6461
-5325
-4130
-3537
-2983
-1806
-494
185
446
986
1858
2680
3409
4245
5175
6093
6977
7624
7760
7537
7388
7235
6586
5482
4589
4146
3645
2806
2085
1824
1637
1069
309
-244
-638
-1171
-1841
-2405
-2789
-3072
-3265
-3301
-3193
-2996
-2703
-2340
-2015
-1786
-1575
-1350
-1215
-1230
-1284
-1251
-1168
-1117
-1064
-941
-789
-691
-650
-626
-651
-760
-905
-1028
-1143
-1266
-1341
-1313
-1225
-1153
-1090
-990
-875
-810
-813
-857
-912
-957
-975
-956
-871
-699
-468
-251
-78
100
323
548
717
846
981
1109
1194
1250
1318
1392
1436
1447
1451
1459
1465
1462
1461
1451
1428
1402
1380
1354
1292
1187
1071
976
902
817
714
610
509
391
269
178
129
91
20
-84
-185
-259
-316
-361
-390
-400
-393
-373
-320
-234
-130
-44
16
44
44
35
30
11
-59
-173
-298
-429
-581
-743
-877
-981
-1096
-1253
-1423
-1576
-1716
-1858
-1975
-2026
-2010
-1955
-1877
-1759
-1600
-1436
-1273
-1095
-903
-730
-587
-439
-258
-54
151
365
596
824
1019
1183
1350
1528
1705
1859
1993
2137
2306
2466
2582
2654
2703
2723
2665
2518
2335
2172
2013
1816
1606
1446
1336
1220
1075
930
795
633
420
175
-82
-344
-611
-866
-1092
-1286
-1456
-1595
-1721
-1863
-2027
-2203
-2379
-2549
-2694
-2792
-2825
-2805
-2729
-2590
-2405
-2205
-2018
-1840
-1682
-1554
-1453
-1361
-1258
-1139
-994
-813
-595
-357
-115
121
336
519
673
797
893
967
1038
1116
1191
1262
1337
1406
1454
1473
1481
1490
1489
1473
1459
1461
1471
1470
1454
1442
1429
1393
1328
1251
1179
1120
1061
1004
952
903
850
778
684
576
464
355
253
154
72
18
-12
-39
-77
-117
-157
-211
-290
-394
-505
-616
-737
-878
-1019
-1142
-1251
-1355
-1468
-1576
-1672
-1768
-1875
-1990
-2089
-2159
-2202
-2219
-2195
-2119
-2001
-1861
-1711
-1547
-1377
-1210
-1048
-881
-695
-492
-270
-33
219
469
706
921
1106
1269
1416
1554
1691
1832
1977
2124
2264
2383
2467
2510
2511
2474
2405
2309
2197
2079
1963
1850
1735
1613
1491
1365
1222
1054
870
678
480
273
60
-147
-342
-528
-706
-883
-1053
-1220
-1391
-1566
-1742
-1907
-2058
-2186
-2293
-2363
-2395
-2396
-2370
-2319
-2248
-2168
-2071
-1965
-1844
-1713
-1567
-1402
-1223
-1027
-827
-626
-427
-234
-50
118
279
437
591
744
891
1039
1184
1317
1428
1515
1580
1617
1627
1608
1569
1519
1457
1382
1301
1216
1131
1042
948
854
765
684
608
535
470
418
370
324
282
244
212
182
152
122
96
70
38
9
-20
-44
-61
-78
-89
-92
-93
-99
-116
-149
-203
-283
-389
-520
-671
-828
-980
-1127
-1261
-1381
-1481
-1567
-1640
-1702
-1749
-1779
-1789
-1777
-1737
-1664
-1559
-1425
-1267
-1085
-889
-682
-465
-246
-27
189
401
602
787
955
1106
1239
1353
1449
1529
1594
1646
1682
1700
1707
1695
1666
1625
1572
1513
1450
1391
1336
1283
1232
1181
1125
1060
982
891
786
671
549
423
295
164
31
-99
-224
-352
-476
-600
-721
-839
-955
-1066
-1173
-1275
-1374
-1463
-1541
-1603
-1648
-1672
-1670
-1646
-1597
-1528
-1444
-1347
-1240
-1130
-1021
-908
-793
-674
-554
-435
-313
-190
-73
38
140
230
309
376
431
476
510
541
568
593
621
650
684
718
751
780
801
814
819
818
814
807
794
777
756
729
693
648
593
533
469
402
339
282
235
192
156
127
106
94
88
86
92
106
126
145
164
176
178
161
123
65
-14
-109
-217
-333
-451
-562
-669
-765
-853
-930
-1000
-1065
-1121
-1168
-1199
-1214
-1211
-1184
-1136
-1069
-983
-889
-790
-690
-591
-496
-407
-323
-241
-162
-87
-10
67
148
229
311
398
488
581
678
776
873
963
1042
1108
1161
1197
1220
1235
1241
1241
1238
1229
1213
1191
1156
1108
1048
975
890
800
707
614
521
426
334
244
151
55
-39
-135
-234
-334
-431
-521
-607
-685
-756
-820
-876
-928
-973
-1012
-1051
-1085
-1115
-1139
-1154
-1161
-1157
-1146
-1120
-1086
-1049
-1006
-958
-910
-858
-802
-740
-669
-590
-508
-422
-334
-243
-157
-74
10
95
179
266
355
447
539
627
706
779
837
881
910
924
926
920
911
897
883
866
847
826
804
776
739
699
652
600
545
491
442
396
357
321
286
252
213
168
117
56
-7
-75
-145
-215
-280
-340
-398
-454
-509
-563
-617
-671
-729
-782
-832
-878
-914
-944
-961
-968
-960
-943
-916
-879
-834
-783
-727
-664
-593
-516
-432
-340
-242
-139
-31
76
182
283
382
475
561
643
716
782
847
902
948
990
1020
1041
1054
1056
1052
1035
1011
977
935
886
829
769
707
638
566
490
414
336
257
178
93
7
-83
-171
-258
-345
-428
-505
-576
-640
-698
-748
-794
-840
-880
-912
-936
-949
-944
-928
-901
-864
-821
-773
-719
-663
-606
-548
-489
-434
-377
-321
-271
-223
-178
-132
-82
-32
22
75
128
179
231
287
343
398
451
495
525
540
543
537
527
512
495
479
465
449
428
403
370
328
280
237
200
165
126
79
32
-4
-18
-1
18
16
-15
-54
-59
-8
66
95
1
-244
-572
-842
-905
-729
-421
-156
-53
-144
-381
-635
-769
-734
-585
-415
-275
-178
-104
-23
69
168
272
388
505
610
685
712
668
550
397
289
287
400
569
709
745
637
398
92
-182
-344
-372
-302
-205
-154
-185
-273
-366
-415
-396
-316
-210
-128
-102
-119
-138
-127
-82
-7
91
209
337
439
482
453
371
269
186
155
193
274
343
342
253
123
22
-21
-6
36
67
41
-61
-226
-378
-448
-423
-343
-261
-214
-224
-283
-369
-442
-453
-380
-248
-126
-59
-22
-2
4
16
76
232
431
586
665
673
627
552
495
491
531
585
639
644
558
407
273
193
109
27
-9
20
30
-73
-229
-359
-419
-436
-444
-426
-398
-411
-478
-515
-495
-587
-940
-1479
-2017
-2521
-2918
-2924
-2442
-2022
-2315
-3058
-3510
-3548
-3580
-3483
-2741
-1685
-1256
-1609
-1815
-1342
-658
-91
649
1670
2498
2883
3154
3554
3975
4396
4931
5429
5666
5816
6116
6297
5991
5465
5242
5198
4838
4237
3856
3582
2835
1629
661
238
-90
-661
-1283
-1812
-2488
-3391
-4162
-4511
-4565
-4545
-4548
-4670
-4932
-5102
-4979
-4710
-4486
-4156
-3591
-3081
-2862
-2631
-2039
-1320
-871
-556
-7
651
1065
1275
1559
1874
2008
2026
2149
2339
2414
2366
2244
1982
1611
1351
1266
1124
796
470
232
-97
-548
-826
-804
-754
-897
-1086
-1164
-1231
-1326
-1253
-919
-544
-353
-302
-227
-52
243
635
1013
1237
1316
1377
1458
1505
1570
1755
1920
1819
1531
1401
1473
1436
1201
990
873
696
469
332
270
211
-41
-1123
-3225
-4803
-4027
-1901
-1488
-3370
-4884
-4792
-5001
-6244
-6171
-3846
-2137
-3123
-4698
-4294
-2763
-2045
-1840
-931
419
1328
1877
2464
3048
3679
4532
5267
5586
6107
7292
8120
7492
6296
6215
7019
7141
6447
6164
6300
5454
3528
2220
2256
2296
1334
153
-460
-1063
-2194
-3318
-3913
-4281
-4675
-4917
-5113
-5553
-5967
-5974
-5930
-6165
-6064
-5185
-4378
-4431
-4605
-3962
-3029
-2680
-2432
-1488
-389
-76
-188
206
981
1418
1568
1933
2413
2614
2605
2613
2542
2375
2353
2443
2295
1929
1697
1504
977
329
143
313
170
-385
-803
-896
-1011
-1239
-1260
-1023
-882
-978
-1042
-864
-556
-292
-97
94
329
628
949
1222
1395
1493
1593
1756
1957
2086
2083
1998
1867
1699
1573
1595
1673
1598
1351
1051
737
413
165
20
-161
-434
-674
-782
-810
-1115
-2274
-4047
-4824
-3578
-1996
-2446
-4275
-4989
-4532
-4813
-5556
-4744
-2850
-2443
-3659
-4057
-2875
-1753
-1492
-1198
-391
488
1299
2126
2657
2861
3270
3966
4470
4917
5859
6796
6603
5512
5051
5739
6409
6195
5666
5447
5029
3918
2836
2616
2732
2143
982
155
-235
-792
-1643
-2410
-2974
-3412
-3630
-3723
-4029
-4520
-4836
-4992
-5176
-5025
-4195
-3373
-3447
-3971
-3832
-3010
-2341
-1931
-1258
-464
-201
-349
-151
559
1225
1521
1666
1863
2069
2184
2140
1934
1751
1778
1841
1661
1348
1132
857
283
-292
-399
-209
-331
-867
-1360
-1570
-1676
-1790
-1796
-1673
-1590
-1620
-1625
-1472
-1182
-890
-684
-503
-210
179
478
644
858
1165
1380
1480
1680
1976
2079
1921
1795
1853
1938
1936
1910
1856
1715
1515
1302
1102
958
866
668
316
39
8
51
-223
-1102
-2378
-3100
-2530
-1510
-1645
-2906
-3715
-3666
-3855
-4311
-3798
-2597
-2459
-3399
-3578
-2579
-1834
-1771
-1423
-627
-68
374
1199
1986
2218
2386
2994
3694
4252
4952
5564
5414
4777
4679
5250
5621
5456
5210
4992
4402
3519
2963
2849
2597
1892
1072
462
-53
-665
-1353
-2024
-2609
-3028
-3309
-3619
-4011
-4371
-4677
-4971
-5069
-4765
-4306
-4168
-4326
-4303
-3888
-3344
-2875
-2384
-1807
-1326
-1046
-750
-217
396
799
1024
1325
1710
1966
2049
2108
2175
2172
2124
2086
1989
1775
1515
1244
932
653
498
335
-4
-422
-713
-882
-1043
-1175
-1245
-1336
-1467
-1536
-1491
-1379
-1239
-1088
-940
-740
-438
-138
39
180
433
767
1079
1358
1582
1674
1674
1749
1923
2050
2072
2049
1985
1867
1762
1697
1580
1367
1144
950
711
419
181
9
-170
-377
-607
-1000
-1648
-2237
-2280
-1869
-1726
-2196
-2750
-2870
-2850
-3050
-3055
-2507
-2019
-2179
-2450
-2107
-1512
-1316
-1242
-748
-61
385
704
1095
1434
1700
2063
2501
2908
3367
3791
3828
3552
3509
3801
3951
3800
3660
3561
3221
2685
2257
1969
1624
1154
629
138
-267
-667
-1232
-1884
-2322
-2502
-2686
-2949
-3136
-3293
-3580
-3843
-3778
-3421
-3092
-2941
-2887
-2815
-2625
-2235
-1729
-1295
-949
-590
-284
-108
143
611
1030
1183
1283
1508
1680
1708
1783
1909
1871
1693
1596
1557
1418
1237
1082
857
549
313
150
-91
-376
-573
-728
-930
-1110
-1203
-1284
-1380
-1433
-1413
-1332
-1221
-1140
-1107
-1004
-760
-489
-320
-203
-10
229
393
509
700
906
978
990
1113
1268
1268
1217
1289
1323
1151
999
1066
1126
1005
900
882
710
441
426
563
459
217
157
138
-42
-155
-122
-236
-465
-483
-441
-596
-644
-475
-643
-1180
-1264
-778
-618
-951
-958
-579
-691
-1270
-1278
-583
-167
-360
-500
-347
-289
-306
-74
252
375
415
490
471
495
790
1038
887
713
929
1174
1060
900
969
939
659
549
735
782
561
359
188
-71
-220
-163
-164
-233
-221
-345
-735
-976
-832
-665
-676
-651
-550
-597
-815
-928
-764
-485
-319
-208
-118
-203
-318
-154
11
-146
-138
347
629
383
224
270
-18
-349
-5
542
512
237
60
-352
-730
-543
-308
-391
-190
-4
-657
-1213
-733
-438
-900
-847
-321
-386
-464
-54
-165
-753
-632
-92
105
438
884
596
6
80
395
431
691
1212
1232
723
430
595
854
960
896
695
606
865
1137
950
567
468
523
439
422
639
716
356
-42
-80
-45
-193
-224
-122
-313
-587
-504
-461
-784
-837
-468
-447
-772
-677
-313
-347
-489
-290
-146
-284
-241
22
44
-45
153
283
-71
-305
47
283
-7
-41
343
155
-513
-420
230
197
-208
-79
31
-313
-324
23
-77
-372
-232
-57
-221
-353
-360
-414
-343
-185
-297
-502
-391
-201
-291
-360
-162
-87
-166
60
266
-15
-66
459
580
239
434
871
737
573
792
724
545
963
1266
793
500
688
458
167
456
359
-260
-105
272
-433
-1096
-647
-272
-562
-734
-654
-598
-560
-621
-509
-147
-270
-684
-368
153
3
-174
-79
-180
-123
153
-64
-263
281
527
-25
-143
335
313
24
238
463
267
183
404
570
524
239
-37
183
654
584
144
124
378
430
401
237
-295
-661
-388
-45
35
168
11
-769
-1195
-628
-78
-190
-245
20
15
-201
-151
18
-30
-269
-351
99
610
353
-183
-219
-245
-377
-27
189
-137
71
540
-44
-697
-223
145
-80
239
651
196
-205
113
260
-63
-116
215
326
99
8
73
-162
-463
-325
-157
-350
-337
3
-50
-390
-350
-238
-499
-516
31
368
159
-1
25
-89
-105
193
369
329
399
449
427
544
490
179
220
493
525
643
688
215
33
479
382
-216
-97
341
166
-85
34
-27
-343
-417
-259
-209
-251
-212
-223
-396
-357
-45
-152
-574
-429
-80
-287
-321
208
163
-487
-410
180
88
-324
-159
185
153
46
24
-57
-18
98
-20
-53
311
481
153
-77
108
348
382
250
157
229
237
66
73
261
164
-105
-86
26
-94
-145
-21
-151
-397
-219
-29
-234
-146
155
-275
-700
-118
240
-280
-212
357
11
-469
-56
156
-171
-9
238
-107
-144
366
300
-184
-41
239
-78
-157
299
241
-118
202
392
-197
-314
188
23
-307
157
420
24
-202
-324
-427
-34
104
-473
-422
226
-57
-687
-430
-183
-467
-319
31
-132
-177
113
27
-215
-72
104
154
415
621
391
132
244
400
320
212
269
412
498
531
443
121
-74
177
331
86
82
337
153
-209
-125
15
-136
-176
-87
-171
-224
-67
68
32
-142
-245
-20
279
200
-20
20
67
-83
-71
115
151
171
170
-239
-629
-399
-130
-145
143
301
-318
-656
-199
-199
-605
-206
385
143
-238
-233
-237
-105
133
-72
-311
9
232
13
22
260
119
-275
-393
-98
269
310
134
56
-8
-131
-93
37
114
302
441
237
93
317
363
65
119
465
314
-84
153
570
124
-548
-365
-37
-310
-349
0
-218
-583
-275
-134
-644
-757
-342
-250
-300
-19
133
-97
-295
-304
-249
-144
41
285
406
255
104
197
169
-165
-288
21
346
524
576
230
-316
-383
-68
59
88
242
379
447
312
-86
-193
149
224
3
163
483
388
184
117
-71
-207
-137
-80
164
594
392
-270
-225
168
-76
-222
273
358
-53
32
277
101
77
236
54
-48
152
140
163
451
163
-521
-417
78
-94
-387
-124
-9
-402
-628
-537
-573
-609
-384
-243
-308
-274
-300
-539
-475
-105
-119
-268
122
477
251
101
179
7
24
498
584
255
420
718
233
-312
40
497
256
81
324
233
-59
47
68
-197
-53
164
-168
-253
211
123
-383
-198
157
-210
-581
-213
218
-28
-458
-273
124
-54
-355
-173
-94
-296
-85
234
46
-66
94
-107
-274
110
281
-30
-18
230
64
-154
61
243
38
-131
-26
15
-72
45
188
-118
-432
-138
124
-197
-297
143
202
-224
-245
117
133
-111
-54
278
390
126
-13
215
308
166
210
121
-267
-39
638
478
-44
148
247
-229
-181
297
215
5
151
109
-9
217
257
-106
-242
-32
140
173
116
12
-87
-174
-160
24
56
-219
-291
9
66
-217
-215
-24
-221
-407
-76
19
-381
-121
589
177
-671
-360
-13
-528
-154
967
515
-549
-64
405
-378
-513
125
-54
-128
711
793
-128
-397
-113
-317
-527
-81
455
379
26
89
237
-215
-599
-179
140
-113
73
592
326
-211
-48
101
-300
-330
172
250
44
335
542
-30
-479
-140
89
-167
-77
353
282
-79
32
204
-251
-570
-40
267
-199
-99
565
161
-635
-194
267
-326
-361
361
159
-331
169
358
-350
-303
358
0
-588
-9
506
-50
-274
291
219
-379
-191
179
-193
-276
322
259
-260
80
458
-142
-444
113
181
-226
-12
346
190
115
170
-49
-44
267
183
-86
91
340
158
-44
161
306
-79
-358
98
520
73
-463
-224
169
74
-61
39
-44
-320
-344
-104
59
7
-156
-189
-11
63
-127
-275
-255
-179
22
220
124
-41
3
-39
-226
-63
273
118
-128
154
221
-260
-188
376
214
-181
132
215
-278
-192
182
-59
-96
333
151
-225
79
119
-431
-283
305
142
-89
271
241
-275
-271
48
45
2
63
-34
-47
149
76
-179
-46
156
-108
-313
-7
214
45
35
218
20
-310
-136
92
-113
-86
358
355
-40
-91
-97
-332
-205
165
108
-12
256
240
-259
-362
-87
-229
-369
82
302
-42
-40
140
-223
-380
14
-113
-429
157
544
-47
-151
304
14
-299
146
284
104
287
90
-277
307
735
79
-47
476
81
-330
259
349
-87
333
590
-90
-143
319
-89
-436
21
29
-253
187
346
-239
-347
-199
-582
-585
29
174
23
43
-235
-494
-276
-209
-259
107
225
-136
-94
227
119
-181
-321
-251
138
419
207
90
275
78
-386
-326
89
116
-23
275
494
72
-235
-90
-223
-369
65
280
29
188
347
-174
-429
-51
52
-121
-57
27
69
180
141
20
-40
-184
-280
-129
129
355
275
-127
-145
185
-1
-351
-115
159
97
98
72
39
249
102
-423
-271
194
25
-3
351
23
-347
162
252
-354
-111
334
-250
-404
287
124
-311
194
332
-272
-322
-101
-114
122
123
-211
53
306
-106
-214
-65
-183
35
217
-104
102
437
-145
-331
360
240
-388
-80
410
180
-41
105
170
126
90
-49
-147
32
198
-13
-164
176
363
-36
-262
-55
-153
-374
23
407
16
-288
69
106
-347
-265
63
-178
-181
329
72
-520
-13
512
-79
-347
146
-39
-452
145
635
108
-137
274
163
-305
-135
242
96
-58
218
277
-95
-94
184
-169
-550
-15
407
-55
-305
49
77
-268
-233
90
59
-199
-151
-3
-63
9
151
-6
-66
132
77
-86
-33
-1
12
58
45
208
355
80
-156
-171
-196
124
396
67
70
296
-223
-310
351
1
-489
314
491
-311
-20
409
-342
-398
326
-90
-464
412
542
-349
-335
72
-308
-453
128
433
149
-224
-318
-134
-77
-198
-67
76
-103
9
339
-15
-410
67
286
-288
-227
408
229
-142
231
336
-108
-77
182
-7
-79
158
94
-34
331
569
-53
-666
-211
359
33
-68
389
62
-463
-9
200
-284
-151
142
-203
-156
296
78
-287
-134
-48
-135
-12
87
62
179
216
-87
-314
-39
339
300
144
195
138
-128
-213
33
312
263
-2
-3
178
-51
-499
-357
181
161
-333
-392
-59
44
-93
-341
-638
-525
-99
-94
-251
30
111
-353
-455
-118
-137
-218
120
319
172
151
138
-18
79
263
177
265
599
563
254
116
109
328
669
503
51
94
360
245
27
122
333
248
-131
-254
58
193
-89
-390
-398
-74
119
-235
-483
-161
-81
-503
-571
-158
0
-246
-322
-82
-107
-448
-363
-13
-58
-35
209
-34
-308
-39
31
-167
-9
131
105
290
209
-218
-117
222
5
-134
207
205
1
314
469
-5
-167
120
66
-37
281
445
199
58
108
118
193
248
-25
-268
56
400
62
-227
242
374
-440
-609
253
274
-425
-159
230
-275
-261
303
-77
-437
264
373
-455
-374
388
224
-287
-18
311
34
-94
167
65
-278
-214
5
123
292
125
-410
-384
191
185
-419
-475
79
76
-431
-186
447
73
-721
-589
87
380
142
-248
-166
360
427
-50
-216
31
148
-32
-31
486
630
-187
-579
81
301
-126
-12
311
124
-120
-138
-37
163
170
-119
-213
117
443
215
-326
-273
200
110
-235
-38
285
240
10
-125
56
165
-107
-43
271
-56
-369
-19
53
-205
-80
-52
-227
-31
86
-222
-327
-64
169
202
123
76
9
-109
-136
-124
-77
81
54
-162
-162
-137
-169
76
131
-237
-279
-126
-175
73
206
-276
-326
23
-199
-176
214
-415
-1152
-576
64
112
500
682
175
117
595
620
486
874
1243
1142
963
948
747
269
173
429
165
-116
404
635
-59
-521
-498
-646
-644
-489
-867
-1255
-928
-492
-579
-714
-607
-648
-711
-248
305
232
119
409
409
183
392
518
238
268
438
167
79
425
360
-184
-426
-279
-196
-200
-94
-72
-358
-537
-313
-200
-417
-447
-248
-159
-104
-57
-181
-253
-98
-43
-99
72
250
159
90
159
172
184
229
167
124
200
256
315
331
132
33
178
101
-84
107
252
35
-28
42
-88
-66
161
107
-52
47
147
71
37
86
84
34
33
30
-60
-95
14
23
-157
-193
-31
-5
-137
-135
-23
-44
-124
-96
-55
-56
-33
-21
-49
-48
-35
-49
-18
53
39
-35
-20
47
38
-39
-69
-17
5
-32
-34
38
73
35
3
-4
25
109
146
94
112
167
101
62
144
121
4
36
119
51
-9
24
-14
-78
-39
-21
-85
-91
-28
-38
-102
-100
-52
-51
-85
-80
-47
-25
-26
-62
-95
-70
-24
-29
-48
-33
-21
-48
-65
-55
-44
-18
3
-17
-12
32
31
-9
1
31
6
-34
-19
18
14
-25
-49
-39
-24
-35
-50
-45
-31
-31
-47
-41
11
55
41
22
55
98
106
109
138
188
213
187
172
214
224
162
116
127
150
134
110
104
98
73
30
-5
12
46
31
2
12
33
1
-47
-40
3
9
-11
-8
11
15
0
-8
-8
2
17
38
76
105
84
43
28
51
94
125
157
208
227
193
171
195
199
177
203
238
203
149
129
101
59
62
91
82
32
-35
-125
-246
-377
-518
-679
-810
-905
-1059
-1355
-1690
-1984
-2321
-2679
-2827
-2720
-2640
-2677
-2652
-2550
-2522
-2477
-2192
-1690
-1136
-597
-69
423
884
1360
1844
2316
2809
3317
3741
4039
4281
4475
4521
4414
4261
4132
3978
3766
3484
3117
2686
2212
1686
1157
728
373
-31
-466
-802
-1069
-1376
-1674
-1847
-1928
-2011
-2064
-2026
-1918
-1828
-1768
-1693
-1560
-1340
-1068
-819
-602
-380
-180
-54
72
283
481
555
591
651
625
485
367
277
147
37
-44
-257
-567
-729
-786
-985
-1216
-1247
-1224
-1305
-1277
-1075
-996
-1112
-1132
-994
-891
-955
-1202
-1517
-2015
-3391
-5521
-6250
-4239
-2056
-2631
-4292
-4106
-3578
-5270
-6788
-4621
-951
-152
-1489
-1255
644
1565
1324
1998
4022
5752
6264
6485
7564
9131
9687
8794
7863
8072
8746
8867
8752
8847
8433
6866
4799
3233
2481
2355
2282
1430
-194
-1578
-2433
-3621
-5095
-5589
-5109
-5273
-6383
-6827
-6065
-5576
-6122
-6549
-6044
-5398
-5215
-4723
-3363
-2037
-1738
-2010
-1823
-1043
-194
535
1265
1893
2163
1995
1616
1467
1792
2138
1931
1430
1232
1124
581
-75
-267
-289
-694
-1216
-1323
-1168
-1213
-1534
-1880
-2043
-1977
-1778
-1518
-1106
-596
-381
-568
-623
-148
484
880
1278
1863
2245
2197
2123
2360
2683
2882
3063
3231
3262
3226
3173
2934
2506
2196
2081
1928
1770
1819
1890
1561
898
412
267
47
-549
-1439
-2864
-5319
-7889
-8220
-5938
-4186
-5306
-7304
-7705
-7884
-9547
-10238
-7371
-3644
-3110
-4593
-4167
-1775
-354
-244
870
3448
5431
5934
6536
8391
10279
10465
9285
8565
9112
10072
10581
10673
10371
9166
6987
4718
3306
2910
2986
2634
1171
-1013
-2757
-3766
-4883
-6215
-6724
-6373
-6589
-7677
-8054
-7122
-6489
-7148
-7778
-7111
-5773
-4737
-3776
-2450
-1280
-1034
-1475
-1427
-116
1783
2951
3183
3326
3537
3163
2430
2449
3297
3757
3226
2400
1934
1598
953
101
-487
-639
-785
-1274
-1708
-1669
-1652
-2288
-3085
-3094
-2397
-1802
-1514
-1201
-891
-902
-1080
-874
-72
910
1548
1779
1922
2124
2222
2239
2485
2975
3276
3214
3121
3194
3186
2914
2564
2350
2256
2179
2038
1805
1537
1241
854
495
406
475
369
102
-151
-594
-1561
-3236
-5734
-8233
-8561
-6057
-3823
-4861
-7367
-8068
-8025
-9736
-11019
-8324
-3915
-2855
-4719
-4847
-2372
-735
-1018
-484
2275
5089
6038
6318
7837
9867
10130
8588
7774
9027
10775
11336
11070
10606
9344
7023
4820
3790
3715
3877
3575
2074
-411
-2404
-3240
-4106
-5608
-6354
-5666
-5312
-6445
-7372
-6681
-5958
-6862
-7936
-7052
-4910
-3519
-2960
-2125
-1218
-1250
-1850
-1537
171
2157
3165
3151
2952
3019
2963
2565
2406
2902
3356
2943
2045
1548
1363
732
-366
-1133
-1174
-974
-1103
-1497
-1823
-2145
-2748
-3391
-3363
-2521
-1644
-1394
-1498
-1440
-1292
-1241
-961
-117
911
1484
1564
1598
1782
1967
2077
2248
2557
2874
2994
2859
2600
2360
2103
1766
1547
1698
2005
1967
1545
1152
917
641
391
426
651
757
720
660
538
268
-157
-672
-1214
-2239
-4553
-7283
-7546
-4660
-2620
-4550
-7507
-7640
-6949
-8696
-10085
-7023
-2504
-2282
-5162
-5359
-2236
-251
-712
-265
2682
5434
5829
5584
7088
9336
9537
7788
7122
8839
10739
10893
10125
9504
8352
6265
4497
4013
4212
4198
3476
1610
-983
-2708
-3016
-3472
-4904
-5741
-5153
-5028
-6531
-7656
-6847
-5993
-6947
-7976
-6745
-4300
-3088
-3079
-2642
-1735
-1557
-1951
-1387
669
2830
3517
2811
2110
2234
2565
2429
2335
2906
3357
2574
1113
455
611
311
-674
-1260
-1074
-998
-1530
-2095
-2233
-2309
-2709
-3080
-2753
-1761
-933
-892
-1229
-1190
-795
-475
-18
978
2011
2256
1903
1824
2193
2531
2694
2906
3121
3087
2806
2479
2225
2028
1780
1428
1156
1155
1235
1030
573
211
70
34
111
354
559
451
103
-60
202
633
849
796
587
252
-250
-1345
-3749
-6658
-7213
-4416
-2043
-3679
-6841
-7281
-6584
-8593
-10918
-8439
-3322
-2379
-5578
-6375
-3035
-758
-1867
-2151
1209
4876
5387
4724
6333
9115
9430
7338
6631
8858
11280
11494
10564
10050
9240
7233
5204
4633
5140
5380
4560
2536
-34
-1772
-2286
-2961
-4525
-5458
-4839
-4567
-6162
-7748
-7269
-6332
-7251
-8575
-7430
-4633
-3357
-3963
-4041
-2896
-2267
-2656
-2209
95
2571
3188
2272
1714
2236
2778
2595
2542
3412
4214
3581
2071
1326
1436
1063
-51
-642
-189
176
-521
-1725
-2423
-2622
-2936
-3266
-2882
-1819
-1222
-1756
-2544
-2459
-1719
-1155
-694
201
1188
1412
983
852
1386
2013
2298
2498
2886
3172
2953
2398
2028
2001
1998
1857
1808
1920
1822
1224
425
-28
3
232
463
707
845
618
143
-79
129
438
678
986
1251
1138
729
421
304
-17
-1324
-4029
-6613
-6269
-3084
-1358
-3739
-6933
-7302
-6941
-8782
-9858
-6398
-1907
-2334
-6043
-6490
-2961
-750
-1555
-1281
2103
5094
4947
4187
5916
8468
8376
6405
6406
9121
11295
10942
9603
8727
7572
5744
4579
4870
5549
5321
3820
1255
-1404
-2699
-2578
-2803
-4081
-4879
-4499
-4731
-6531
-7858
-7203
-6343
-7081
-7823
-6359
-3915
-3247
-4266
-4596
-3518
-2487
-2096
-1121
1015
2843
2834
1640
1208
2132
3165
3395
3479
4100
4479
3642
2189
1496
1680
1658
990
427
483
466
-463
-1886
-2651
-2546
-2429
-2634
-2536
-1996
-1889
-2580
-3157
-2807
-1934
-1253
-778
-243
209
291
155
288
912
1702
2213
2411
2568
2714
2620
2305
2114
2207
2362
2341
2183
1975
1643
1144
676
487
551
629
569
382
140
-39
-97
-173
-360
-331
202
796
806
427
343
610
752
636
531
527
113
-1694
-4769
-6478
-4464
-1155
-1434
-5029
-6753
-5492
-5803
-8543
-8351
-3785
-1144
-3937
-6759
-4612
-923
-789
-2404
-1049
2687
4431
3518
3566
6033
7799
6564
4906
6194
9229
10381
9157
7963
7579
6714
5272
4654
5149
5547
4899
3064
525
-1350
-1545
-1274
-2373
-4037
-4164
-3489
-4530
-6768
-7222
-5838
-5617
-7096
-7307
-5116
-3299
-3878
-5040
-4489
-2921
-2152
-1902
-672
1366
2414
1767
886
1364
2857
3784
3646
3470
3899
4070
3172
2059
1975
2444
2051
830
173
400
219
-1058
-2377
-2618
-2241
-2317
-2795
-2872
-2606
-2845
-3605
-3796
-2905
-1802
-1390
-1410
-1195
-762
-472
-192
471
1423
2118
2289
2258
2435
2766
2893
2789
2828
3139
3314
3031
2552
2241
2009
1627
1275
1280
1468
1315
727
175
-10
-14
-97
-155
-21
86
-142
-498
-424
71
304
24
-103
300
599
508
564
74
-2796
-6703
-6791
-2166
970
-1619
-5416
-5404
-4782
-7731
-9928
-5814
108
-369
-5560
-6968
-3266
-1066
-2671
-2859
1065
4380
3293
1351
3107
6414
6427
4014
4061
7231
9452
8898
7810
7421
6423
4692
4017
4867
5850
6046
5113
2543
-724
-2107
-1124
-547
-1761
-2592
-2004
-2562
-5452
-7444
-6170
-4318
-4936
-6303
-5370
-3279
-3225
-4915
-5283
-3635
-2240
-2108
-1586
324
1967
1625
187
-151
1168
2732
3355
3384
3596
3693
2816
1364
922
1899
2662
1941
703
317
255
-653
-1871
-2043
-1436
-1477
-2312
-2756
-2455
-2367
-2942
-3305
-2718
-1731
-1252
-1247
-1104
-763
-624
-579
-32
1051
1926
2102
1913
1880
2059
2286
2582
2997
3318
3236
2758
2256
2065
2106
2088
1947
1833
1701
1330
778
397
308
281
158
31
-62
-234
-502
-759
-909
-889
-690
-491
-478
-531
-482
-502
-622
-471
-526
-2340
-5526
-6454
-3251
57
-1064
-4467
-5238
-4305
-5828
-8097
-5756
-307
921
-3288
-6048
-3738
-895
-1242
-1625
1265
4457
3876
1454
1871
4921
6367
5170
4671
6520
8241
7809
6605
6261
6068
5134
4298
4460
5098
5275
4436
2255
-528
-1914
-1160
-249
-860
-1823
-1897
-2581
-5097
-7069
-5923
-3484
-3229
-4739
-5009
-3877
-3842
-5095
-5060
-2990
-1263
-1367
-1740
-779
532
492
-480
-533
866
2371
2820
2543
2333
2105
1423
688
848
1910
2605
1931
454
-503
-650
-761
-1072
-935
-372
-480
-1612
-2562
-2414
-1854
-1749
-1761
-1339
-888
-979
-1304
-1202
-645
-97
257
631
1133
1482
1426
1239
1399
1912
2378
2640
2840
2909
2603
2058
1769
1965
2348
2476
2247
1842
1388
885
478
435
677
725
355
-130
-469
-785
-1103
-1115
-753
-487
-680
-1078
-1246
-1182
-1099
-964
-693
-476
-399
-288
-653
-2564
-5170
-5377
-2353
52
-1264
-3713
-3820
-3460
-5579
-7287
-4337
403
660
-3040
-4592
-2459
-972
-1778
-1291
2090
4567
3225
911
1561
4166
5070
4123
4329
6243
7139
5865
4590
4846
5319
4757
4024
4131
4584
4468
3469
1699
-21
-449
270
444
-423
-895
-740
-1811
-4289
-5370
-3731
-2022
-2544
-3751
-3568
-3123
-4187
-5397
-4394
-1980
-950
-1747
-2291
-1669
-1137
-1420
-1475
-500
767
1240
808
212
203
737
1001
716
779
1559
1803
792
-94
273
759
238
-278
255
820
238
-791
-1058
-716
-544
-580
-363
82
142
-487
-1140
-927
-96
364
341
517
803
517
-12
218
1112
1647
1565
1450
1481
1336
1037
1017
1401
1793
1763
1350
994
923
880
674
590
786
834
449
51
29
89
-102
-253
-62
154
13
-269
-316
-235
-240
-188
59
290
309
-74
-1380
-3534
-4734
-3332
-846
-446
-2288
-3662
-3930
-5076
-6736
-5679
-1825
294
-1672
-4330
-4285
-2997
-2813
-2358
325
3209
3016
607
-255
1448
3248
3742
4305
5740
6455
5312
3844
3918
5033
5573
5331
5150
5157
4779
3871
2803
1979
1711
1903
1827
1068
306
43
-583
-2198
-3478
-3028
-1922
-2072
-3132
-3487
-3391
-4269
-5561
-5248
-3335
-2068
-2480
-3239
-3281
-3230
-3522
-3173
-1548
196
611
-185
-989
-1067
-526
334
1343
2235
2528
1895
757
183
729
1708
2176
2116
1916
1393
372
-400
-151
632
914
603
287
8
-584
-1216
-1213
-606
-145
-202
-414
-501
-694
-1082
-1144
-503
341
648
480
376
378
210
113
599
1469
1948
1769
1393
1192
1100
1080
1335
1850
2185
1969
1362
856
695
728
801
949
1114
1016
541
-11
-300
-306
-195
-85
-5
-17
-200
-532
-736
-760
-1316
-2927
-4328
-3660
-1618
-999
-2445
-3647
-3707
-4495
-6213
-5898
-2654
-153
-1250
-3759
-4406
-3638
-3358
-2832
-387
2622
3089
825
-1005
-311
1631
3010
4133
5648
6333
4936
2810
2378
3846
5475
6216
6240
5679
4507
3200
2398
2361
3021
3821
3682
2225
634
37
-160
-879
-1464
-1018
-512
-1393
-2972
-3506
-3103
-3273
-4082
-4095
-3083
-2542
-3232
-4039
-3918
-3384
-3267
-3177
-2343
-1228
-990
-1654
-2047
-1548
-794
-344
174
980
1359
778
-8
80
932
1623
1837
1944
1947
1408
489
130
735
1530
1651
1235
816
359
-339
-796
-406
447
768
291
-330
-641
-823
-942
-635
134
679
447
-165
-404
-194
49
299
815
1352
1322
785
470
719
1107
1281
1436
1685
1684
1243
764
695
921
1050
1008
966
920
667
212
-137
-180
-75
-70
-174
-266
-381
-633
-905
-930
-817
-1114
-2004
-2754
-2614
-1954
-1737
-2069
-2343
-2565
-3309
-4246
-4156
-2821
-1616
-1629
-2313
-2668
-2686
-2720
-2349
-1032
598
1240
664
-37
14
639
1454
2535
3772
4387
3863
2824
2360
2824
3769
4654
5147
5010
4234
3178
2377
2242
2805
3552
3679
2894
1735
826
224
-151
-56
490
727
16
-1217
-2064
-2309
-2356
-2325
-2015
-1646
-1816
-2618
-3395
-3550
-3209
-2831
-2559
-2273
-2084
-2257
-2680
-2842
-2486
-1925
-1516
-1217
-916
-791
-948
-1079
-845
-371
33
323
576
679
535
350
405
682
981
1195
1300
1240
1015
779
726
871
1095
1270
1317
1189
912
638
550
716
1000
1195
1185
986
693
440
371
554
876
1088
1024
730
407
220
207
333
534
693
659
398
54
-155
-165
-87
-15
51
66
-90
-402
-636
-622
-486
-414
-403
-384
-424
-592
-775
-808
-691
-542
-438
-405
-438
-511
-641
-881
-1114
-1067
-714
-452
-566
-850
-1029
-1242
-1624
-1786
-1355
-717
-590
-998
-1351
-1412
-1470
-1523
-1151
-339
227
85
-378
-546
-355
-65
359
1052
1725
1858
1422
966
959
1374
1939
2477
2856
2894
2501
1911
1581
1780
2325
2761
2807
2514
2046
1489
997
856
1153
1520
1472
968
357
-132
-540
-811
-756
-440
-317
-697
-1345
-1821
-2015
-2079
-2031
-1787
-1501
-1548
-1998
-2468
-2566
-2332
-2043
-1805
-1563
-1410
-1539
-1857
-1965
-1650
-1164
-845
-712
-607
-559
-660
-750
-550
-88
301
432
430
438
426
387
471
770
1121
1286
1228
1104
1028
1004
1038
1172
1365
1484
1424
1243
1075
996
991
1022
1061
1073
1022
897
732
577
483
454
456
432
370
288
188
43
-120
-211
-189
-133
-155
-257
-355
-429
-519
-605
-593
-473
-382
-436
-565
-621
-586
-540
-498
-405
-285
-254
-341
-413
-371
-274
-218
-186
-135
-113
-171
-257
-289
-274
-282
-311
-323
-325
-370
-458
-534
-571
-594
-616
-611
-572
-548
-563
-584
-569
-519
-459
-382
-287
-190
-123
-66
21
132
227
299
382
481
569
636
709
796
859
871
875
919
980
1017
1019
1012
996
964
930
913
906
880
822
747
669
602
557
524
461
356
249
177
124
51
-20
-64
-115
-219
-344
-402
-398
-420
-507
-587
-617
-649
-726
-791
-785
-760
-798
-870
-893
-856
-837
-866
-885
-846
-787
-768
-765
-728
-661
-605
-577
-541
-464
-365
-297
-259
-204
-109
-14
41
81
153
251
318
350
388
449
509
543
577
621
646
630
596
590
616
650
671
658
593
495
420
406
429
451
455
419
314
167
67
73
129
149
118
65
-15
-126
-216
-216
-144
-102
-132
-182
-213
-252
-311
-331
-276
-207
-185
-205
-214
-216
-248
-278
-248
-170
-108
-97
-105
-113
-128
-144
-124
-58
7
24
-4
-36
-46
-39
-16
23
52
52
15
-39
-68
-55
-11
24
18
-23
-71
-104
-121
-114
-71
-23
-16
-63
-116
-128
-96
-54
-16
15
36
30
6
6
55
121
161
171
176
186
194
200
224
269
294
279
241
225
229
222
194
175
180
170
117
59
31
22
-9
-53
-56
-29
-40
-106
-160
-161
-140
-143
-142
-100
-63
-90
-147
-147
-83
-24
-1
17
56
72
51
47
97
166
185
153
134
147
166
157
137
127
109
55
-12
-38
-19
-11
-64
-158
-231
-271
-310
-343
-339
-310
-324
-406
-495
-515
-488
-462
-442
-411
-379
-393
-438
-437
-367
-277
-223
-196
-153
-104
-77
-54
10
112
193
229
250
302
369
413
441
479
526
555
547
540
561
581
571
523
481
466
442
401
361
329
293
229
154
102
70
42
2
-42
-79
-118
-161
-203
-227
-234
-236
-244
-262
-272
-272
-270
-268
-268
-254
-225
-202
-188
-165
-136
-114
-110
-99
-61
-19
6
12
14
18
12
3
5
25
36
19
-13
-42
-61
-73
-76
-72
-64
-71
-89
-105
-110
-102
-83
-62
-46
-35
-34
-32
-24
-4
25
48
59
59
57
58
66
87
112
130
131
115
103
103
111
130
143
154
146
126
105
96
101
113
119
116
100
74
50
33
27
26
17
-2
-20
-42
-64
-82
-91
-95
-101
-115
-134
-145
-150
-153
-153
-146
-134
-137
-150
-155
-146
-124
-104
-86
-72
-64
-66
-66
-51
-20
15
41
55
60
56
54
64
85
109
126
129
119
101
86
82
86
93
94
81
58
33
16
13
13
10
6
-3
-15
-26
-31
-25
-17
-15
-18
-22
-22
-21
-17
-9
0
5
3
3
4
4
7
10
15
16
15
11
10
6
3
3
1
1
-4
-11
-18
-24
-29
-31
-32
-35
-42
-48
-52
-55
-58
-57
-48
-40
-40
-40
-40
-39
-31
-18
-2
13
21
23
25
30
39
54
68
76
75
69
63
61
68
75
78
77
67
54
44
39
39
45
48
44
36
26
18
15
16
20
22
20
12
3
-5
-10
-16
-18
-22
-29
-39
-54
-65
-75
-84
-92
-99
-104
-111
-117
-121
-122
-124
-125
-126
-125
-118
-107
-93
-80
-72
-65
-58
-47
-34
-17
6
22
32
36
44
56
67
78
89
98
99
97
94
96
102
105
105
102
96
90
83
79
84
82
77
65
53
46
39
39
41
39
31
23
14
6
2
1
1
-3
-10
-19
-28
-35
-42
-45
-45
-45
-51
-62
-71
-74
-77
-75
-71
-70
-72
-72
-71
-69
-65
-57
-47
-40
-39
-36
-32
-23
-14
-7
0
6
7
7
12
20
23
29
32
35
35
33
33
36
40
40
40
39
33
30
28
26
27
27
28
25
21
17
14
14
12
13
16
16
14
11
13
14
15
21
26
28
29
25
23
22
20
19
20
19
19
15
8
0
-5
-4
-5
-10
-16
-23
-31
-41
-49
-52
-53
-57
-67
-76
-82
-85
-87
-86
-82
-85
-89
-89
-85
-76
-70
-64
-54
-45
-39
-33
-25
-10
2
14
25
36
44
50
58
65
73
80
85
88
87
88
85
82
79
76
77
72
64
57
52
49
45
42
39
35
29
26
24
22
17
14
10
5
-1
-7
-11
-15
-17
-21
-27
-30
-37
-40
-45
-51
-56
-60
-62
-59
-57
-55
-54
-54
-53
-50
-45
-38
-31
-27
-20
-17
-13
-11
-4
2
6
11
17
19
14
12
16
19
20
23
26
27
23
18
15
17
20
21
21
21
15
10
9
13
20
23
25
26
23
19
17
21
25
30
34
33
29
26
23
21
20
20
20
18
11
3
-5
-11
-18
-20
-22
-25
-33
-40
-47
-51
-54
-57
-57
-57
-57
-58
-59
-57
-56
-53
-51
-47
-45
-44
-38
-31
-28
-24
-22
-15
-9
-4
1
6
11
14
18
21
26
28
31
33
40
43
43
47
47
45
45
50
53
54
52
52
52
50
51
52
53
52
48
45
41
39
35
32
30
26
20
15
11
6
0
-6
-11
-18
-22
-27
-31
-34
-38
-41
-45
-48
-50
-55
-58
-58
-59
-60
-62
-63
-63
-62
-61
-58
-55
-52
-48
-45
-41
-37
-32
-23
-15
-9
-3
3
6
12
19
27
32
35
39
42
45
47
50
53
56
56
55
56
53
54
54
53
53
52
49
45
42
36
33
29
27
22
16
10
4
-3
-10
-15
-19
-24
-28
-31
-34
-36
-40
-41
-41
-42
-42
-41
-39
-41
-40
-40
-39
-36
-33
-30
-29
-29
-26
-23
-23
-21
-19
-17
-14
-12
-11
-7
-6
-6
-3
-2
1
2
4
6
5
7
8
8
10
13
15
16
17
16
18
20
21
21
22
23
23
23
24
23
23
19
17
17
17
17
15
14
13
11
7
8
10
11
10
8
6
6
5
8
9
10
9
7
4
3
4
4
4
0
0
-1
-4
-6
-9
-11
-12
-15
-17
-20
-23
-26
-27
-26
-23
-24
-22
-21
-19
-18
-18
-16
-15
-12
-11
-8
-8
-5
-5
-3
-2
-3
0
2
3
3
2
5
7
7
7
8
10
11
12
13
12
14
14
16
14
12
11
10
6
3
2
0
1
-2
-2
-3
-5
-9
-10
-8
-7
-8
-9
-9
-8
-9
-10
-8
-5
-5
-4
-4
-3
-1
-2
0
3
4
5
4
5
7
6
7
6
6
7
7
7
7
7
7
6
5
5
5
4
2
3
4
3
3
1
1
2
1
0
0
-1
1
0
-2
-2
-2
-5
-3
-3
-2
-2
-3
-4
-2
-2
-4
-4
-3
-1
-1
-2
-3
-4
-2
-3
-2
-2
1
-2
-3
-3
-2
-1
-1
2
3
2
2
1
2
1
1
2
0
-4
-4
-4
-6
-5
-4
-5
-5
-6
-6
-4
-2
-1
1
2
0
1
3
4
5
7
7
7
5
4
4
4
5
3
1
1
1
1
1
1
0
0
-1
-1
1
0
-1
-1
-1
-1
-1
-2
-2
-4
-2
-3
-3
-5
-7
-10
-9
-8
-9
-8
-8
-5
-5
-4
-6
-4
-2
1
2
2
5
8
9
7
9
9
8
9
9
7
4
3
1
2
1
0
0
0
0
0
1
2
1
2
2
4
4
4
5
6
4
2
2
1
0
-1
1
0
0
-1
0
0
-1
-3
-3
1
0
2
0
2
3
2
2
1
1
-1
0
-2
-4
-5
-7
-7
-7
-7
-7
-6
-7
-9
-8
-7
-5
-6
-7
-6
-5
-4
-5
-3
-2
0
0
0
1
2
3
1
2
2
2
1
-1
0
2
3
4
6
7
10
6
7
8
7
7
5
6
7
4
2
-1
0
0
-2
-4
-3
-5
-7
-5
-5
-4
-4
-3
-4
-4
-3
-4
-3
-1
-3
0
0
-1
-2
-2
1
2
2
3
2
0
-1
-3
-3
0
-1
-1
-1
-1
-2
0
2
2
3
3
1
2
1
2
2
1
3
2
-1
-1
-2
-2
-2
-2
-2
0
1
3
3
1
2
3
5
5
5
6
4
5
5
4
4
4
6
5
4
2
3
2
