3
3
2
3
3
3
2
2
4
2
2
2
1
1
1
3
1
1
0
0
0
-1
1
0
1
0
0
-1
0
0
-1
-1
0
-1
-2
-2
-2
-2
-2
-4
-1
-1
-3
-2
0
-1
-1
-1
-1
-1
-1
-1
-2
-1
-2
-2
-1
-1
-1
0
1
-1
0
0
-1
-1
-1
0
0
0
0
-1
-1
-1
-1
0
0
0
0
2
2
2
2
2
2
2
3
2
1
3
2
2
3
3
3
2
2
3
3
3
3
2
2
1
1
1
-2
-2
0
0
-2
-1
-1
-2
-3
-3
-1
-2
-2
-1
-2
-2
-3
-1
-2
-3
-2
-1
-1
-1
-2
-1
-1
0
-1
0
0
-1
-1
0
-1
-2
0
0
0
0
1
1
0
1
1
1
0
0
-1
0
-1
0
1
0
0
1
-1
-1
1
1
3
1
1
1
1
-1
1
1
0
0
-1
1
0
-2
-1
0
-1
-1
-2
0
-1
1
0
-1
2
2
0
2
1
4
4
3
4
2
3
2
1
1
1
-1
0
0
1
0
0
-1
-1
-2
-3
-2
-1
-1
-1
0
-2
-1
-2
-4
-3
-4
-3
-2
0
-1
-2
-2
-1
-1
0
-1
-1
-1
0
1
1
1
0
-1
-1
-3
-2
-1
-1
0
1
2
5
4
2
1
1
1
0
0
0
2
1
3
3
2
3
3
3
2
3
3
3
3
1
2
2
0
1
1
3
2
1
0
0
1
1
-1
-1
0
0
0
-1
-1
-1
1
1
-2
-2
-3
-3
-5
-7
-6
-6
-7
-6
-5
-4
-3
-2
-1
-1
-2
-2
-1
-3
-1
-3
-2
0
-1
1
2
1
3
2
2
2
2
2
2
2
2
2
0
0
0
-1
-1
-1
0
0
1
1
3
2
2
1
1
2
4
6
6
0
-2
1
2
0
1
6
10
10
8
6
6
3
-1
-3
-5
-2
-1
-3
-2
1
3
0
-2
-4
-2
-3
-7
-6
-6
-3
-4
-5
-5
-3
-2
-3
-3
0
0
0
-3
-5
-4
-2
-3
-4
-3
-1
2
2
-1
0
-1
-5
-7
-8
-5
-3
1
5
11
13
16
17
14
11
7
5
4
3
6
10
12
15
19
20
21
17
17
16
13
7
3
0
-3
-2
0
6
14
26
32
32
31
24
16
6
-4
-11
-9
-4
9
24
37
43
44
34
12
-13
-37
-52
-61
-51
-29
1
24
36
29
3
-37
-80
-120
-149
-148
-125
-82
-37
0
24
24
-6
-52
-103
-152
-177
-177
-147
-96
-36
19
54
60
41
0
-53
-99
-120
-117
-86
-32
30
81
111
113
88
44
-4
-44
-63
-54
-13
42
103
153
191
205
187
151
111
78
62
64
86
124
168
214
243
254
249
229
201
175
153
143
141
145
161
174
182
185
181
175
162
139
116
89
66
43
20
1
-15
-30
-43
-64
-92
-129
-177
-237
-303
-361
-416
-455
-487
-511
-509
-506
-502
-510
-526
-553
-591
-634
-674
-701
-710
-700
-672
-627
-567
-500
-431
-364
-295
-227
-156
-80
6
98
194
286
371
442
495
522
530
522
505
481
460
448
448
464
493
532
575
618
660
696
724
745
764
778
790
802
810
818
819
813
800
778
747
712
671
629
588
548
504
456
399
327
240
134
10
-131
-285
-445
-607
-763
-907
-1029
-1129
-1203
-1254
-1287
-1311
-1343
-1389
-1462
-1562
-1685
-1814
-1927
-2003
-2021
-1971
-1844
-1652
-1422
-1172
-907
-654
-430
-235
-53
125
291
449
604
760
898
1004
1072
1101
1100
1062
992
914
849
807
784
786
828
902
985
1062
1121
1172
1201
1191
1157
1114
1074
1041
1004
978
969
962
929
860
774
671
534
353
157
-15
-160
-311
-469
-584
-635
-666
-720
-763
-737
-662
-611
-592
-536
-419
-307
-258
-227
-143
-35
9
-18
-33
2
25
-30
-109
-119
-76
-70
-130
-187
-184
-190
-296
-465
-593
-658
-749
-899
-1020
-1022
-962
-956
-1012
-1038
-994
-990
-1112
-1276
-1338
-1287
-1248
-1251
-1162
-895
-570
-338
-175
64
366
571
621
658
795
953
999
973
1018
1145
1211
1145
1037
996
976
864
687
578
591
633
628
635
739
906
1015
1037
1055
1116
1161
1116
1027
984
990
962
872
787
754
715
594
419
269
150
2
-200
-383
-489
-553
-643
-747
-797
-792
-802
-872
-942
-952
-927
-935
-971
-946
-848
-754
-714
-686
-622
-555
-555
-614
-655
-648
-647
-690
-728
-706
-654
-637
-658
-658
-618
-586
-587
-577
-505
-388
-281
-183
-52
114
265
359
422
494
558
576
553
541
554
566
548
522
522
531
509
457
411
386
357
307
259
245
256
256
247
251
280
302
293
275
277
288
276
247
233
240
244
224
200
194
197
176
133
97
79
62
26
-9
-14
-1
6
0
3
25
41
39
23
24
34
34
22
12
20
21
-2
-36
-69
-99
-146
-208
-261
-298
-326
-357
-379
-382
-372
-363
-365
-360
-350
-339
-338
-338
-324
-299
-272
-245
-209
-162
-115
-82
-61
-36
-14
-6
-10
-14
-9
-4
-6
-6
1
16
30
35
47
68
89
106
121
147
174
196
212
227
245
257
257
250
240
230
213
189
161
140
119
92
65
40
18
-6
-29
-53
-68
-77
-83
-86
-86
-84
-92
-107
-134
-169
-206
-246
-280
-307
-317
-314
-294
-259
-219
-182
-151
-131
-122
-129
-145
-162
-169
-169
-152
-111
-49
28
114
208
297
374
441
501
550
591
631
673
713
753
787
819
842
848
838
825
801
760
716
679
645
607
579
574
571
541
503
456
372
220
22
-189
-423
-671
-894
-1065
-1181
-1238
-1265
-1334
-1452
-1575
-1773
-2145
-2577
-2849
-2980
-3140
-3173
-2814
-2210
-1713
-1248
-553
153
528
703
993
1271
1306
1294
1456
1630
1659
1692
1776
1703
1443
1186
915
494
45
-203
-306
-387
-342
-76
279
600
920
1221
1409
1507
1573
1551
1444
1404
1463
1459
1387
1401
1448
1320
1042
775
479
44
-418
-759
-1030
-1276
-1403
-1401
-1382
-1357
-1283
-1213
-1182
-1101
-975
-902
-805
-558
-305
-233
-162
69
174
-35
-227
-142
-133
-440
-677
-581
-494
-684
-828
-704
-575
-622
-664
-557
-421
-315
-185
-51
74
278
546
706
743
837
1000
1032
894
808
865
892
783
650
596
537
347
29
-308
-592
-803
-953
-1055
-1069
-921
-643
-395
-244
-62
226
464
511
498
596
752
814
797
800
838
869
868
788
609
418
269
20
-466
-1013
-1348
-1552
-1915
-2411
-2676
-2543
-2253
-2054
-1830
-1336
-630
-18
366
734
1271
1807
2059
2088
2206
2464
2598
2435
2116
1826
1535
1110
525
-104
-628
-1025
-1390
-1741
-1903
-1741
-1422
-1203
-1036
-684
-166
232
407
568
890
1253
1435
1435
1465
1607
1620
1260
736
456
383
58
-586
-1063
-1141
-1206
-1622
-2132
-2294
-2111
-1947
-1972
-1887
-1376
-614
-98
120
502
1184
1675
1662
1515
1644
1790
1513
928
533
457
337
-58
-490
-621
-526
-546
-739
-802
-564
-259
-153
-112
169
665
1039
1136
1183
1385
1594
1538
1266
1082
1076
975
599
206
96
122
-83
-519
-835
-940
-1100
-1479
-1914
-2142
-2291
-2932
-4269
-5454
-5450
-4672
-4498
-4856
-4131
-2059
-429
-12
641
2247
3322
3013
2682
3319
3945
3735
3347
3286
3137
2864
2838
2583
1476
229
-251
-594
-1624
-2484
-2120
-1327
-1272
-1325
-360
1076
1755
1789
2025
2480
2656
2574
2504
2423
2327
2357
2362
2086
1727
1548
1209
300
-818
-1521
-1889
-2408
-3056
-3390
-3264
-2933
-2624
-2345
-1986
-1491
-1007
-770
-708
-454
52
421
482
609
1025
1377
1350
1119
875
484
-89
-671
-1339
-2211
-2876
-2973
-3012
-3461
-3616
-2779
-1770
-1624
-1728
-1006
13
264
150
661
1525
1870
1861
2168
2694
2953
2908
2718
2358
1907
1532
1054
269
-456
-666
-626
-832
-1021
-641
39
287
166
381
984
1303
1128
1022
1308
1614
1630
1563
1647
1759
1706
1499
1230
959
713
409
-52
-517
-693
-616
-663
-915
-1008
-776
-584
-765
-1101
-1214
-1165
-1278
-1520
-1567
-1542
-2088
-3373
-4486
-4580
-4185
-4322
-4721
-4186
-2673
-1406
-832
-94
1160
2039
2087
2050
2453
2826
2780
2654
2665
2644
2713
3029
3035
2194
1083
516
135
-761
-1691
-1802
-1463
-1526
-1664
-1007
203
1025
1293
1553
1936
2161
2211
2224
2177
2081
2135
2297
2285
2077
1910
1746
1250
405
-401
-921
-1398
-2101
-2778
-2960
-2756
-2708
-2789
-2465
-1907
-1921
-2299
-1960
-996
-686
-1089
-847
246
870
675
737
1316
1454
910
497
454
247
-191
-425
-432
-467
-431
-201
-66
-184
-215
24
154
-54
-185
92
408
417
486
1007
1595
1749
1699
1867
2063
1961
1717
1530
1267
926
746
672
428
127
-2
-164
-589
-995
-1166
-1403
-1876
-2242
-2315
-2382
-2579
-2663
-2510
-2345
-2649
-3809
-5323
-5775
-4783
-4093
-4773
-4919
-2665
184
1012
926
2428
4551
4693
3574
3735
4765
4498
3323
3150
3716
3645
3394
3721
3462
1842
535
634
365
-1459
-2849
-2227
-1316
-1740
-1946
-334
1596
1978
1677
2214
3007
2899
2304
2021
1838
1533
1547
1821
1648
1094
925
1014
458
-736
-1627
-2006
-2629
-3715
-4440
-4227
-3615
-3428
-3564
-3331
-2600
-2021
-1891
-1775
-1406
-1079
-963
-740
-279
214
665
1084
1280
1217
1266
1451
1222
497
6
67
68
-323
-554
-276
28
-38
-103
212
588
588
360
336
584
860
1066
1299
1586
1872
2127
2311
2325
2186
2010
1745
1286
806
613
574
295
-162
-306
-68
69
-148
-412
-516
-734
-1239
-1735
-1946
-2108
-2418
-2651
-2600
-2458
-2402
-2452
-3085
-4747
-6520
-6757
-5747
-5593
-6538
-6123
-3333
-615
253
1029
3374
5516
5481
4685
5231
6210
5830
4803
4699
5105
5020
4953
5310
4936
3320
1978
1735
1039
-1044
-2817
-2895
-2580
-3195
-3505
-2102
-147
565
472
1032
2112
2575
2299
1990
1827
1621
1529
1707
1848
1760
1713
1794
1548
687
-356
-1086
-1799
-3136
-4844
-5837
-5782
-5640
-6035
-6141
-5175
-3892
-3311
-3000
-2075
-937
-466
-427
13
864
1573
2021
2390
2701
2961
3220
3234
2751
2058
1558
1059
214
-639
-910
-766
-860
-1170
-1046
-372
180
233
242
590
957
989
947
1179
1498
1598
1583
1695
1888
2008
1985
1765
1424
1241
1277
1123
563
22
-107
-164
-619
-1231
-1489
-1475
-1665
-2093
-2308
-2135
-1955
-2103
-2352
-2311
-2082
-2089
-2420
-2890
-3633
-4805
-5828
-5919
-5436
-5379
-5514
-4575
-2530
-851
-23
1152
3106
4481
4534
4488
5300
6060
5832
5370
5612
6089
6074
5921
6016
5773
4783
3716
3074
2224
708
-721
-1384
-1828
-2656
-3253
-2851
-1966
-1583
-1593
-1204
-382
175
234
243
443
596
566
576
809
1158
1443
1584
1549
1333
949
387
-382
-1302
-2258
-3188
-4005
-4541
-4698
-4626
-4498
-4268
-3822
-3236
-2697
-2228
-1750
-1290
-942
-658
-283
218
711
1105
1461
1828
2163
2404
2537
2550
2406
2132
1813
1501
1183
884
637
428
222
55
-12
-15
-45
-130
-213
-277
-351
-422
-430
-372
-279
-137
70
290
467
650
883
1091
1172
1174
1213
1254
1164
908
578
248
-88
-421
-704
-911
-1063
-1176
-1252
-1307
-1340
-1341
-1314
-1319
-1403
-1536
-1643
-1724
-1907
-2293
-2793
-3144
-3219
-3191
-3228
-3185
-2805
-2154
-1541
-1040
-427
374
1102
1562
1910
2357
2856
3211
3411
3611
3890
4177
4390
4535
4642
4693
4635
4461
4194
3828
3357
2811
2263
1737
1212
732
371
112
-132
-374
-538
-628
-746
-929
-1093
-1215
-1365
-1573
-1759
-1881
-1992
-2120
-2214
-2236
-2230
-2251
-2279
-2273
-2245
-2245
-2278
-2282
-2235
-2172
-2118
-2024
-1862
-1684
-1536
-1389
-1206
-1028
-886
-759
-597
-419
-260
-101
83
274
441
586
725
847
918
935
940
944
938
913
890
889
904
913
912
908
892
857
816
793
779
759
745
751
768
771
758
746
715
650
566
498
445
381
309
262
248
236
215
201
190
159
106
53
-7
-98
-201
-281
-332
-383
-431
-445
-423
-403
-400
-391
-358
-330
-322
-326
-314
-284
-249
-213
-163
-98
-50
-35
-28
-18
-39
-113
-200
-259
-310
-394
-484
-524
-516
-524
-567
-600
-609
-625
-663
-693
-696
-693
-681
-622
-517
-408
-290
-127
64
219
336
466
616
729
788
844
923
1003
1065
1128
1194
1245
1286
1315
1320
1288
1247
1193
1101
960
824
717
601
456
322
238
169
80
-5
-54
-92
-160
-246
-305
-346
-401
-465
-499
-508
-525
-552
-565
-562
-577
-606
-626
-639
-684
-754
-803
-831
-895
-991
-1052
-1053
-1066
-1115
-1125
-1055
-980
-954
-921
-822
-707
-641
-594
-504
-388
-296
-220
-123
-2
102
192
283
372
438
480
519
545
536
504
476
450
406
348
314
322
345
365
398
464
544
606
641
669
706
734
733
719
721
746
765
760
755
764
775
753
704
662
635
598
538
475
428
384
325
243
148
45
-64
-181
-311
-445
-564
-663
-746
-829
-908
-967
-998
-1023
-1061
-1096
-1100
-1086
-1082
-1085
-1059
-1003
-948
-896
-815
-699
-585
-479
-356
-205
-72
20
110
216
305
357
395
455
527
589
640
692
752
808
844
851
843
834
824
799
764
739
734
737
733
721
710
696
675
627
559
489
429
367
291
214
160
121
65
-13
-91
-167
-251
-361
-475
-571
-648
-709
-763
-795
-795
-776
-759
-750
-734
-713
-705
-722
-742
-753
-760
-773
-778
-760
-732
-703
-667
-625
-589
-564
-543
-524
-508
-497
-472
-425
-363
-292
-206
-100
9
117
221
317
403
478
549
619
684
745
813
884
947
996
1036
1062
1059
1027
980
917
839
754
670
599
532
473
423
385
344
299
256
217
182
149
126
119
121
122
123
125
111
70
6
-73
-166
-278
-397
-507
-607
-697
-786
-857
-921
-980
-1039
-1092
-1132
-1157
-1169
-1157
-1118
-1051
-958
-849
-725
-593
-456
-321
-192
-76
31
135
234
327
416
506
596
684
766
841
911
967
1009
1035
1045
1040
1025
1000
969
934
896
865
835
804
770
737
698
647
584
513
434
346
252
158
67
-23
-111
-199
-284
-373
-459
-548
-633
-715
-789
-850
-900
-932
-951
-957
-953
-944
-931
-919
-910
-906
-902
-897
-888
-872
-845
-808
-758
-698
-630
-559
-484
-412
-343
-280
-221
-165
-111
-53
7
73
144
220
297
372
443
506
558
601
633
658
677
687
699
710
721
730
740
746
748
741
724
697
660
618
566
517
471
430
396
369
351
339
325
307
286
254
214
170
123
79
40
11
-7
-15
-12
-9
-7
-17
-40
-80
-132
-194
-264
-336
-400
-455
-499
-536
-564
-591
-617
-648
-686
-724
-764
-800
-829
-845
-848
-837
-810
-768
-716
-655
-586
-509
-429
-344
-255
-161
-64
34
131
225
314
392
459
515
559
589
610
621
623
622
614
608
598
589
581
577
578
581
586
593
599
604
602
595
581
558
530
498
464
429
398
365
336
305
270
230
184
129
65
-4
-77
-150
-222
-291
-355
-414
-470
-526
-581
-634
-692
-749
-804
-854
-900
-936
-957
-968
-966
-949
-921
-883
-835
-781
-722
-658
-593
-525
-459
-396
-335
-278
-225
-176
-132
-92
-52
-16
20
58
97
137
175
215
256
294
334
375
414
458
503
551
602
656
712
769
826
874
919
953
976
989
988
975
952
918
875
827
768
704
638
570
501
429
361
291
226
164
102
46
-6
-60
-115
-170
-232
-297
-364
-436
-509
-584
-659
-730
-801
-869
-931
-993
-1050
-1105
-1156
-1202
-1242
-1272
-1289
-1291
-1271
-1232
-1169
-1086
-984
-866
-736
-600
-458
-318
-182
-50
74
191
303
411
514
617
716
810
894
972
1037
1085
1119
1140
1147
1143
1131
1115
1093
1071
1048
1022
994
958
916
867
805
734
658
573
486
393
298
205
113
23
-69
-157
-245
-330
-414
-497
-576
-649
-716
-777
-828
-872
-904
-926
-941
-949
-949
-944
-933
-915
-894
-867
-835
-797
-753
-705
-654
-593
-531
-465
-400
-331
-259
-189
-123
-57
9
73
133
188
241
291
333
370
401
428
447
464
477
484
485
491
498
498
494
494
499
500
498
491
485
480
476
470
458
444
424
400
371
342
307
262
218
181
137
96
70
53
31
6
-8
-20
-45
-73
-85
-90
-109
-139
-155
-154
-162
-181
-199
-207
-216
-226
-234
-237
-258
-301
-333
-355
-379
-406
-425
-434
-445
-454
-475
-518
-578
-634
-666
-672
-667
-666
-645
-597
-563
-545
-488
-386
-303
-234
-141
-73
-45
29
126
152
197
330
421
438
537
629
572
641
803
27
-2056
-3637
-3006
-1047
352
1027
1679
2188
2241
2234
2556
2961
3211
3302
3061
2498
2167
2266
2145
1436
788
661
548
-32
-607
-639
-564
-1106
-2071
-2559
-2204
-1537
-1178
-1175
-1262
-1345
-1538
-1885
-2236
-2304
-2001
-1647
-1666
-1902
-1686
-850
-66
95
-17
154
414
261
-110
-57
458
824
687
373
278
435
675
880
957
915
824
622
195
-231
-209
218
431
146
-138
45
392
385
117
8
58
-63
-343
-391
-39
417
617
524
343
299
488
766
892
861
886
949
772
382
249
555
825
659
372
403
562
463
226
198
307
237
-36
-300
-515
-737
-922
-1055
-1235
-1487
-1801
-2318
-3010
-3410
-3199
-2814
-2840
-3088
-3023
-2781
-2811
-2883
-2426
-1601
-1053
-848
-532
5
480
874
1375
1891
2263
2658
3261
3852
4152
4259
4363
4343
4088
3854
3875
3937
3715
3275
2874
2522
2091
1641
1311
1025
625
140
-313
-737
-1160
-1509
-1752
-2005
-2291
-2448
-2422
-2370
-2386
-2330
-2106
-1862
-1712
-1520
-1176
-822
-621
-494
-313
-110
61
260
490
618
595
530
478
364
192
81
16
-152
-428
-643
-751
-893
-1119
-1298
-1385
-1485
-1609
-1670
-1669
-1696
-1721
-1647
-1505
-1386
-1260
-1032
-724
-428
-159
42
119
167
380
769
1135
1390
1618
1817
1842
1697
1632
1784
1953
1904
1746
1745
1845
1715
1328
1070
1121
1186
1042
884
851
740
447
232
248
302
244
172
167
137
9
-241
-600
-967
-1393
-2246
-3490
-4157
-3502
-2460
-2529
-3514
-4020
-3865
-4028
-4327
-3519
-1822
-936
-1300
-1523
-834
-11
458
1103
2067
2771
3178
3817
4578
4906
4964
5277
5660
5743
5895
6443
6727
6093
5060
4459
4180
3696
3076
2617
2065
964
-598
-2045
-2924
-3273
-3538
-4086
-4796
-5326
-5712
-6235
-6712
-6635
-6037
-5542
-5403
-5204
-4666
-4113
-3826
-3505
-2734
-1612
-602
69
561
1068
1557
1927
2271
2809
3511
3989
3946
3580
3312
3220
3052
2751
2547
2490
2261
1640
883
356
52
-268
-613
-793
-796
-891
-1206
-1539
-1619
-1453
-1227
-1016
-769
-508
-333
-259
-154
94
494
984
1431
1664
1673
1666
1737
1761
1741
1891
2154
2112
1648
1174
954
757
431
194
73
-256
-837
-1273
-1453
-1701
-2089
-2318
-2339
-2419
-2606
-2709
-2750
-2805
-2733
-2491
-2309
-2216
-1985
-1739
-1875
-2357
-2930
-3662
-4303
-3926
-2524
-1807
-2762
-3858
-3530
-2737
-2770
-2522
-731
1164
1350
947
1953
3705
4376
4326
5117
6572
7427
7626
7873
8060
7821
7554
7647
7765
7655
7484
7028
5891
4571
3995
3993
3610
2701
1876
1156
20
-1401
-2397
-2817
-3220
-4008
-5026
-5903
-6420
-6672
-6953
-7307
-7381
-7040
-6726
-6749
-6703
-6196
-5581
-5265
-4894
-3970
-2844
-2230
-2111
-1867
-1241
-514
112
740
1418
1957
2222
2319
2499
2890
3329
3531
3450
3348
3357
3253
2873
2471
2307
2182
1800
1283
903
568
50
-509
-787
-819
-922
-1222
-1552
-1765
-1885
-1960
-1982
-1941
-1870
-1828
-1829
-1780
-1557
-1186
-853
-654
-439
-43
405
654
787
1162
1806
2248
2229
2162
2470
2896
2945
2708
2655
2795
2705
2296
1979
1965
1903
1467
939
777
867
711
251
-93
-183
-286
-495
-618
-687
-996
-1732
-2961
-4407
-5055
-4067
-2534
-2643
-4445
-5581
-5028
-4497
-4934
-4762
-3244
-2323
-3093
-3567
-2215
-686
-743
-1207
-255
1571
2717
3065
3362
3722
3997
4462
5322
6305
7002
7107
6543
5831
5773
6312
6531
5996
5263
4796
4328
3531
2577
1758
1066
317
-536
-1275
-1747
-2336
-3529
-5020
-5900
-5910
-5700
-5789
-6087
-6440
-6825
-6996
-6642
-5859
-5066
-4542
-4271
-3975
-3353
-2480
-1756
-1251
-597
336
1164
1647
2010
2422
2743
2972
3367
3933
4281
4160
3764
3429
3272
3209
3083
2755
2228
1649
1106
563
43
-376
-728
-1135
-1562
-1855
-2036
-2263
-2519
-2579
-2355
-2036
-1846
-1811
-1806
-1701
-1424
-970
-411
105
446
619
775
1046
1422
1833
2208
2451
2544
2603
2663
2573
2329
2210
2310
2320
2070
1780
1541
1152
659
384
318
127
-225
-490
-664
-932
-1192
-1246
-1240
-1400
-1626
-1828
-2411
-3721
-4989
-4848
-3367
-2493
-3468
-4887
-4897
-4098
-4111
-4434
-3527
-2081
-2000
-2804
-2344
-671
98
-418
-299
1264
2863
3396
3462
3824
4298
4609
5049
5882
6763
7094
6699
6072
5911
6293
6570
6273
5690
5257
4861
4197
3351
2600
1969
1331
646
-36
-667
-1345
-2356
-3695
-4643
-4594
-4221
-4706
-5942
-6756
-6817
-6778
-6780
-6384
-5817
-5745
-5932
-5599
-4751
-4043
-3674
-3300
-2637
-1697
-746
-154
62
328
877
1487
2042
2674
3153
3084
2736
2799
3320
3683
3608
3354
3087
2748
2401
2167
1956
1623
1192
757
370
49
-255
-631
-1009
-1180
-1108
-1031
-1099
-1206
-1247
-1244
-1176
-933
-550
-221
-51
89
361
721
1022
1261
1546
1805
1876
1876
2088
2415
2428
2117
1944
2047
2044
1766
1497
1351
1107
736
467
324
99
-241
-578
-862
-1063
-1166
-1277
-1464
-1594
-1617
-1728
-2041
-2531
-3355
-4358
-4589
-3556
-2537
-3028
-4328
-4652
-4050
-3872
-4010
-3274
-2062
-1875
-2473
-2216
-954
-169
-310
-189
832
2008
2639
2937
3288
3638
3884
4205
4825
5632
6153
6012
5433
5082
5277
5632
5638
5296
4877
4430
3850
3214
2744
2414
1930
1185
485
82
-269
-983
-1954
-2691
-3068
-3371
-3693
-3888
-4105
-4670
-5366
-5592
-5271
-4902
-4745
-4656
-4566
-4477
-4181
-3587
-2958
-2498
-2100
-1671
-1252
-769
-208
188
358
644
1186
1637
1819
1951
2107
2128
2104
2278
2520
2512
2273
2022
1787
1536
1360
1243
1028
696
397
173
-57
-279
-428
-523
-621
-687
-681
-644
-644
-655
-583
-410
-249
-179
-117
24
181
306
489
762
974
1036
1068
1171
1271
1293
1290
1326
1344
1269
1106
905
719
590
521
446
310
130
-80
-321
-544
-681
-739
-800
-889
-953
-959
-963
-1007
-1035
-931
-720
-645
-849
-1078
-1116
-1275
-1730
-1833
-1160
-600
-998
-1593
-1403
-1046
-1363
-1586
-855
-76
-324
-880
-665
-90
28
-40
263
708
908
992
1154
1369
1583
1711
1700
1782
2202
2652
2636
2287
2095
2144
2208
2279
2408
2414
2115
1643
1277
1145
1150
1101
841
425
91
-65
-222
-517
-853
-1144
-1409
-1562
-1531
-1507
-1713
-2031
-2203
-2203
-2119
-1961
-1815
-1826
-1883
-1789
-1599
-1465
-1324
-1127
-1032
-1028
-885
-608
-473
-499
-456
-331
-304
-285
-63
181
167
85
182
304
324
382
413
266
156
289
472
474
343
200
128
159
223
345
520
501
305
319
513
462
378
617
787
671
677
771
593
496
679
619
393
657
1042
771
333
430
551
316
348
733
710
230
-8
66
72
86
185
50
-250
-233
-120
-355
-476
-129
-4
-372
-463
-148
-115
-336
-294
-118
-86
-74
-90
-159
-19
194
16
-282
-125
188
140
-8
38
-39
-381
-574
-399
-166
-208
-469
-695
-793
-845
-908
-925
-881
-840
-874
-962
-972
-876
-772
-722
-669
-548
-402
-277
-136
-4
43
73
172
291
427
620
742
713
724
898
1021
935
890
1077
1287
1282
1156
1062
947
828
824
842
793
765
662
378
258
425
361
-24
-149
84
186
34
-210
-447
-493
-403
-494
-695
-690
-596
-622
-626
-612
-766
-993
-1027
-749
-347
-259
-530
-604
-402
-469
-664
-392
-4
-54
-135
5
-110
-294
-30
166
-62
-9
321
183
-29
317
471
-42
-286
111
336
226
290
373
151
-77
-78
-32
106
361
343
-10
-179
-77
-136
-311
-195
-11
-181
-401
-221
65
-45
-334
-314
-114
-113
-93
244
490
281
-11
-34
8
67
376
698
634
384
267
209
206
395
584
557
493
484
323
105
191
374
244
56
113
113
-76
-110
-39
-237
-546
-555
-349
-285
-400
-460
-421
-494
-674
-607
-237
-8
-58
-118
-187
-310
-263
-94
-63
34
323
244
-240
-267
167
198
-14
246
561
307
-18
114
354
359
276
208
189
278
294
134
100
247
113
-281
-196
344
377
-204
-448
-154
-57
-246
-190
10
-131
-464
-523
-336
-169
-139
-285
-389
-172
48
-154
-285
52
204
-59
5
333
185
-92
70
146
-17
198
449
156
-35
303
350
-60
-5
477
485
131
144
308
127
-93
-26
63
60
141
148
-129
-325
-143
-80
-358
-305
101
-89
-613
-348
158
-223
-696
-367
-165
-444
-238
166
-179
-567
-276
-189
-469
-85
480
48
-498
-64
278
-150
-111
536
445
-184
-47
500
456
225
333
326
113
245
520
394
261
500
407
-134
-78
482
336
-197
20
416
86
-328
-190
-21
-132
-154
-7
10
-155
-318
-343
-225
-5
117
-104
-358
-134
231
105
-128
24
153
-45
-170
51
241
45
-248
-176
17
-45
25
300
97
-321
-46
344
95
39
398
187
-238
21
234
-202
-362
3
73
-80
44
49
-263
-278
-31
-67
-168
-36
-8
-139
-191
-263
-338
-225
-99
-139
-135
-21
80
197
258
105
-93
-40
227
509
589
308
-83
-134
125
343
361
224
62
14
71
194
279
64
-302
-227
161
175
-94
-164
-182
-203
-10
2
-402
-548
-221
-130
-334
-273
-104
-298
-504
-269
-13
-65
-50
125
31
-299
-361
-108
89
94
-2
-137
-172
-31
91
71
85
226
256
86
28
109
52
-45
95
177
-51
-102
261
504
303
14
-36
73
235
483
710
592
158
-12
158
63
-113
266
520
-30
-284
315
387
-360
-442
113
100
-79
301
370
-215
-334
86
61
-235
-115
45
-148
-174
91
-5
-389
-378
-177
-310
-339
135
296
-349
-800
-410
-3
-129
-211
-84
-203
-366
-168
-74
-349
-235
306
256
-211
-106
146
-111
-106
304
105
-323
28
462
157
-156
-9
65
-18
85
350
510
334
-12
-18
314
402
158
93
325
421
240
216
434
367
6
-93
25
52
196
324
104
-20
5
-362
-493
169
392
-184
-189
227
-21
-291
25
18
-432
-450
-159
-19
35
-104
-378
-337
-177
-344
-428
-134
28
-170
-373
-487
-461
-214
-156
-401
-362
-110
-305
-503
-86
212
-77
-224
-34
5
-60
11
135
276
273
50
99
418
400
265
422
437
326
438
357
167
483
600
59
88
641
440
13
327
534
107
-8
309
258
61
334
542
142
-167
42
69
-182
102
497
-17
-607
-208
153
-277
-521
-299
-347
-476
-254
-138
-331
-346
-249
-606
-898
-262
343
-202
-669
-121
60
-515
-444
45
-195
-469
-52
181
-152
-250
68
185
-57
-184
0
101
170
421
346
-76
39
451
140
-345
-65
364
227
0
66
41
-174
-134
116
36
-138
130
342
165
238
438
135
-52
292
335
134
447
658
136
-169
199
301
-61
-53
260
224
94
160
-4
-222
88
328
-99
-338
75
246
-114
-207
45
-59
-369
-213
-30
-490
-753
-180
161
-228
-435
-366
-517
-466
-70
5
-241
-273
-176
-169
-71
15
-277
-622
-284
321
207
-176
32
240
-60
-141
185
303
269
439
526
256
74
306
460
251
217
444
374
249
503
577
107
-225
8
253
104
-41
58
-38
-308
-103
214
-46
-248
15
-22
-304
-83
172
-93
-217
19
-58
-334
-165
96
-142
-310
144
328
-299
-649
-231
-132
-582
-537
-57
19
-85
60
-41
-475
-468
-6
221
181
193
111
-152
-193
9
-42
-207
93
413
123
-49
242
139
-267
-79
344
266
105
218
242
45
-43
69
40
-53
217
534
312
29
152
111
-114
90
305
119
153
374
43
-409
-289
-98
-140
41
317
139
-175
-46
178
-17
-135
195
245
-79
74
390
70
-326
-235
-134
-201
-185
-208
-251
-169
-163
-296
-359
-310
-242
-235
-323
-275
5
108
-127
-231
-35
39
-109
-208
-255
-244
-47
103
51
86
84
-170
-116
315
306
-1
175
514
461
280
227
158
111
206
364
429
307
171
234
278
146
106
139
39
75
244
72
-193
-46
114
-53
-91
102
18
-186
-3
132
-167
-200
120
-109
-468
-52
252
-283
-510
-36
28
-339
-363
-195
-149
-103
-129
-217
-212
-335
-481
-239
41
-99
-228
-41
-82
-442
-410
-23
49
-77
69
222
118
-30
-120
-47
227
378
290
274
318
237
224
256
-5
-154
220
438
226
264
411
107
-167
-135
-131
107
603
655
276
36
-158
-324
-43
463
454
-38
-281
-48
178
143
33
-128
-297
-252
-23
199
374
180
-348
-466
-152
-74
-142
-44
-66
-184
-182
-346
-507
-260
-120
-418
-435
-31
-38
-287
-176
-317
-721
-281
378
-74
-423
294
410
-330
-172
439
105
-220
279
540
266
236
332
143
-87
-57
162
338
380
302
32
-187
100
345
-79
-220
474
746
308
261
394
-44
-395
-104
249
302
233
0
-322
-368
-163
-86
-287
-313
92
113
-588
-620
306
397
-296
-135
313
-37
-204
296
429
-41
-450
-403
20
307
190
-12
-190
-363
-372
-314
-255
9
225
-24
-319
-58
296
-130
-643
-215
172
-131
66
549
55
-579
-400
-81
92
149
21
153
435
350
157
-9
-139
121
375
203
158
233
51
2
195
219
8
-128
77
366
221
-22
88
42
-211
-126
16
-5
105
67
-204
-161
-30
-104
-42
-224
-587
-161
295
-229
-407
244
182
-410
-295
86
75
20
137
129
-42
-67
89
114
17
42
40
73
365
405
-90
-396
-45
260
-153
-516
-7
425
-52
-376
-31
21
-280
-243
-6
115
160
103
6
34
77
-161
-445
-70
595
391
-249
-108
157
-344
-548
88
385
16
-123
97
172
146
166
-7
-90
361
643
202
16
474
507
12
-50
286
397
392
357
-2
-329
52
587
309
-196
-182
-244
-563
-352
124
-195
-867
-628
-50
-329
-681
-234
-35
-597
-638
-16
32
-308
-102
80
-209
1
613
293
-399
-24
494
129
68
643
524
-61
22
179
-107
-142
47
-121
-289
85
402
-14
-528
-284
11
-390
-414
360
451
-310
-395
187
265
-44
-171
-133
-3
145
141
15
-11
106
220
120
-105
-85
115
128
23
77
53
-205
-186
173
246
6
-44
-34
-181
-47
316
301
116
210
253
83
50
206
364
363
139
6
91
50
23
194
135
-180
-243
-27
126
67
-77
-63
-28
-236
-268
19
131
140
175
-174
-525
-201
235
111
-209
-228
10
93
-92
-132
-5
-163
-400
-288
-115
-5
148
-9
-457
-494
-137
11
-15
48
8
-309
-584
-276
244
-131
-998
-950
-408
-361
-2
774
580
-223
-236
218
517
1009
1324
973
781
1077
928
352
310
523
195
-138
241
744
616
106
-325
-674
-838
-474
120
109
-404
-556
-468
-735
-798
-238
-54
-511
-474
46
9
-319
-146
43
-254
-385
43
393
310
173
48
-244
-351
-69
92
-33
83
320
25
-467
-385
-83
-118
-103
67
-75
-250
-77
-49
-297
-230
-16
-146
-214
94
234
-18
-144
44
195
183
199
274
303
270
249
254
237
197
202
242
294
345
367
326
222
169
286
467
465
322
240
200
142
83
-11
-2
180
202
7
-62
-75
-262
-365
-238
-149
-156
-185
-252
-280
-208
-187
-311
-385
-231
0
45
-27
-40
-107
-217
-143
16
-12
-92
-55
-79
-214
-180
33
28
-220
-246
-16
22
-110
-69
-12
-161
-239
-114
-44
-47
-7
-83
-248
-178
79
134
39
85
148
22
-42
167
321
173
19
39
21
-43
92
306
259
41
-49
-3
71
187
283
213
20
-88
-39
67
130
77
-50
-104
-39
15
-19
-21
52
62
-46
-122
-41
75
64
-22
-68
-92
-118
-42
111
129
-25
-162
-190
-166
-85
14
16
-60
-97
-92
-91
-61
0
-2
-75
-86
6
90
96
83
76
27
-37
-40
24
94
130
129
90
34
6
26
88
162
184
117
37
46
125
152
115
90
79
50
32
61
77
13
-71
-79
-38
-16
-20
-38
-79
-134
-152
-130
-95
-59
-32
-39
-66
-66
-46
-62
-95
-87
-47
-23
0
30
30
-11
-53
-60
-33
9
43
62
68
47
7
-24
-42
-41
-7
42
61
39
7
-27
-61
-59
-36
-33
-38
-15
13
14
-3
-15
-31
-47
-31
25
81
104
100
65
16
-10
13
59
94
101
75
29
2
8
20
29
32
19
-4
-8
10
11
-20
-53
-64
-66
-54
-31
-18
-37
-81
-111
-113
-86
-51
-26
-36
-72
-107
-117
-103
-77
-62
-68
-80
-89
-94
-89
-89
-100
-123
-141
-121
-73
-30
-18
-48
-89
-109
-96
-49
24
86
96
66
44
50
72
108
153
186
195
203
223
238
234
222
221
221
238
284
327
327
296
258
237
239
279
345
367
313
249
213
204
220
260
280
218
124
75
48
18
22
58
63
29
30
42
-2
-55
-57
-56
-71
-15
94
125
74
30
-25
-120
-146
-46
51
57
43
40
-31
-140
-168
-135
-148
-180
-174
-206
-326
-468
-591
-739
-894
-994
-1096
-1302
-1562
-1747
-1854
-1922
-1940
-1940
-2012
-2178
-2334
-2372
-2250
-1983
-1679
-1504
-1455
-1378
-1178
-886
-509
-47
410
764
1055
1393
1786
2164
2480
2728
2964
3228
3474
3627
3686
3704
3678
3597
3508
3462
3418
3257
2939
2564
2251
1982
1682
1372
1100
828
477
84
-226
-437
-644
-882
-1086
-1201
-1277
-1375
-1484
-1548
-1552
-1532
-1504
-1428
-1275
-1120
-1043
-1022
-975
-899
-848
-781
-628
-486
-525
-691
-778
-759
-775
-829
-804
-744
-795
-919
-992
-1027
-1082
-1082
-989
-915
-966
-1055
-1073
-1015
-969
-1076
-1367
-1688
-1827
-1789
-1702
-1694
-2154
-3552
-5416
-6224
-5266
-3770
-3208
-3363
-3427
-3637
-4328
-4461
-2966
-745
540
812
1282
2374
3432
4106
4763
5675
6631
7391
8085
8957
9838
10109
9442
8413
7893
8032
8288
8228
7785
6837
5320
3605
2297
1602
1192
635
-295
-1547
-2805
-3767
-4445
-5086
-5724
-6178
-6468
-6787
-7012
-6763
-6174
-5924
-6206
-6292
-5601
-4531
-3688
-2994
-2186
-1534
-1302
-1058
-273
849
1675
1975
2012
2052
2143
2175
2096
1998
1919
1680
1178
696
488
294
-221
-846
-1161
-1196
-1261
-1400
-1488
-1581
-1798
-2012
-1956
-1574
-1047
-620
-426
-366
-217
101
510
968
1495
1950
2143
2162
2261
2480
2682
2821
2926
2922
2759
2555
2429
2359
2225
1920
1509
1191
1042
944
829
616
14
-1106
-2486
-4242
-6658
-8462
-7537
-4701
-3816
-6154
-8355
-8173
-7809
-8761
-8354
-4994
-1963
-2155
-3348
-2271
241
1548
1685
2596
4810
7020
8231
8849
9673
10457
10142
8865
8445
9839
11485
11490
10121
8606
7066
5223
3749
3308
3241
2492
1014
-721
-2507
-4103
-5092
-5637
-6423
-7382
-7652
-7158
-6960
-7540
-8017
-7794
-7530
-7597
-6995
-5053
-3017
-2463
-2972
-2920
-1919
-877
-60
1122
2523
3137
2698
2145
2245
2714
2915
2714
2497
2543
2532
1916
866
152
-100
-510
-1089
-1079
-530
-536
-1467
-2379
-2568
-2352
-2076
-1589
-878
-365
-330
-572
-601
-109
684
1283
1609
2008
2477
2602
2379
2329
2607
2829
2838
2915
3109
3068
2643
2090
1698
1537
1487
1386
1176
918
617
155
-396
-680
-542
-383
-581
-893
-930
-843
-930
-1327
-2734
-5930
-9247
-9112
-5237
-2335
-3668
-6421
-7025
-6918
-8401
-8954
-5557
-1110
-483
-2794
-3235
-761
1300
1303
1303
3082
5532
6858
7306
8276
9655
9657
7784
6311
7368
9872
11079
10252
8659
6943
4883
3120
2763
3410
3490
2370
617
-1290
-3066
-4142
-4411
-4828
-5917
-6631
-6076
-5294
-5655
-6604
-6811
-6555
-6784
-6728
-4928
-2244
-1234
-2354
-3299
-2575
-1254
-465
460
2037
3047
2490
1448
1428
2170
2477
2136
1864
2046
2297
2028
1144
227
-225
-495
-906
-904
-109
414
-449
-1907
-2409
-1963
-1544
-1215
-520
87
-91
-665
-752
-212
479
982
1290
1568
1937
2190
2038
1710
1703
1963
2082
2134
2425
2671
2295
1449
857
815
1014
1171
1262
1177
691
-108
-708
-708
-284
80
117
-115
-452
-672
-653
-595
-987
-2356
-4938
-7764
-8550
-6166
-3119
-3122
-5992
-8142
-8172
-8058
-8283
-6601
-3053
-1225
-2615
-3975
-2432
400
1707
1752
2607
4723
6755
7886
8623
9472
9870
9092
7936
8246
10332
12116
11690
9571
7390
5771
4602
4091
4249
4165
3003
1024
-1012
-2703
-3844
-4354
-4733
-5620
-6625
-6741
-6069
-5935
-6864
-7755
-7672
-7063
-6473
-5321
-3257
-1591
-1766
-3052
-3340
-1999
-259
947
1885
2687
2755
1952
1205
1398
2252
2719
2268
1495
1222
1229
618
-584
-1332
-1307
-1331
-1676
-1593
-1036
-1132
-2239
-3157
-2897
-1922
-1081
-537
-173
-76
-250
-377
-61
818
1866
2458
2504
2547
2875
3067
2860
2695
2884
3089
3032
2952
2973
2740
2034
1215
801
910
1218
1295
939
272
-396
-798
-837
-610
-331
-222
-428
-850
-1092
-835
-347
-124
-231
-405
-698
-1526
-3200
-5474
-7148
-6731
-4509
-3152
-4452
-6654
-7261
-6933
-7522
-7912
-5875
-2731
-1799
-3013
-3159
-1216
507
666
883
2790
5510
7231
7707
8040
8691
8872
8199
7814
8910
10738
11343
10125
8301
6920
5840
4824
4218
4031
3555
2340
685
-996
-2530
-3677
-4298
-4803
-5550
-6101
-5947
-5674
-6253
-7376
-7772
-7118
-6288
-5665
-4612
-3054
-2148
-2578
-3286
-2825
-1284
144
935
1527
2102
2152
1535
1059
1466
2347
2680
2221
1629
1315
925
154
-557
-662
-406
-456
-852
-1064
-1030
-1313
-2014
-2349
-1793
-875
-362
-269
-210
-177
-300
-300
248
1235
2065
2330
2193
2083
2155
2206
2152
2231
2546
2734
2497
2077
1805
1553
1112
721
702
899
919
675
318
-55
-375
-530
-500
-346
-149
-103
-339
-568
-410
-113
-186
-367
-67
322
-116
-1286
-2604
-4370
-6544
-7258
-5264
-2945
-3536
-6246
-7714
-7346
-7319
-7755
-6470
-3553
-1934
-2724
-3474
-2151
62
1176
1435
2536
4891
7132
8108
8260
8626
9076
8835
8341
8965
10705
11708
10784
8830
7164
5977
5030
4526
4364
3748
2314
591
-987
-2544
-3947
-4689
-4956
-5542
-6443
-6738
-6341
-6452
-7571
-8443
-7917
-6628
-5687
-4893
-3631
-2524
-2554
-3207
-2992
-1527
187
1272
1710
1844
1868
1776
1575
1586
2170
2912
2892
2117
1548
1348
626
-612
-1094
-462
53
-299
-847
-1097
-1513
-2197
-2414
-1808
-915
-348
-239
-427
-611
-541
-270
109
759
1657
2223
2101
1805
1859
1988
1857
1853
2342
2842
2730
2151
1621
1256
940
783
912
1149
1174
856
315
-186
-384
-268
-64
64
117
89
-73
-286
-345
-164
121
308
372
457
569
365
-421
-1624
-3155
-5078
-6547
-5990
-3700
-2621
-4539
-7291
-8022
-7318
-7185
-6972
-5002
-2502
-2127
-3481
-3608
-1604
494
1272
1759
3339
5601
7178
7608
7626
7900
8172
8094
8242
9362
10808
10943
9280
7085
5645
5038
4783
4607
4169
3057
1356
-420
-1989
-3297
-4079
-4277
-4541
-5385
-6220
-6267
-6058
-6680
-7795
-7909
-6658
-5323
-4705
-4133
-3165
-2637
-3028
-3244
-2159
-311
1040
1568
1671
1566
1385
1449
1825
2259
2696
3011
2742
1880
1247
1149
715
-324
-787
-126
406
-156
-999
-1324
-1634
-2194
-2148
-1162
-240
-164
-572
-909
-1003
-724
-42
664
1109
1421
1591
1427
1201
1409
1855
1962
1845
2009
2274
2068
1486
1083
945
827
782
935
1018
741
258
-147
-402
-463
-248
81
209
109
-12
-127
-285
-240
221
740
775
459
446
864
1070
582
-351
-1438
-2945
-4787
-5666
-4526
-2686
-2803
-5191
-7273
-7327
-6616
-6540
-6156
-4468
-2889
-3103
-4030
-3420
-1343
245
675
1290
3067
5196
6441
6716
6829
7184
7503
7729
8365
9559
10403
9868
8191
6563
5714
5451
5350
5091
4292
2841
1175
-250
-1478
-2590
-3304
-3621
-4145
-5085
-5761
-5802
-5948
-6800
-7605
-7317
-6161
-5203
-4760
-4306
-3713
-3521
-3719
-3326
-1783
20
915
981
982
1058
1000
1151
1856
2630
2871
2722
2496
2071
1473
1092
916
597
315
422
474
-139
-1021
-1465
-1624
-1818
-1656
-963
-522
-857
-1377
-1479
-1313
-1018
-404
355
756
778
752
730
723
1001
1565
1963
2037
2084
2115
1852
1450
1361
1538
1614
1583
1604
1495
1071
600
419
475
559
612
642
616
498
260
-22
-90
176
519
644
595
489
281
96
197
374
-56
-1361
-3168
-4832
-5529
-4702
-3255
-3217
-5074
-6898
-7176
-6779
-6757
-6270
-4626
-3236
-3482
-4202
-3454
-1536
-184
219
902
2561
4457
5660
6134
6443
6850
7112
7213
7704
8869
9891
9626
8129
6608
5897
5721
5501
5094
4456
3405
1939
395
-888
-1815
-2426
-2916
-3579
-4395
-4939
-5097
-5422
-6265
-6993
-6796
-5897
-5155
-4781
-4312
-3742
-3607
-3836
-3472
-2017
-351
411
451
694
1153
1079
677
1073
2286
2967
2570
2102
2151
1943
1074
445
673
1066
855
234
-342
-854
-1373
-1752
-1852
-1628
-1242
-1126
-1483
-1840
-1721
-1413
-1295
-1009
-242
445
507
338
491
808
1004
1271
1760
2177
2287
2195
2036
1874
1856
1998
2074
2009
1947
1859
1558
1163
995
1003
892
704
675
715
558
264
85
75
139
224
236
84
-128
-235
-228
-123
104
238
-196
-1447
-3303
-5079
-5671
-4497
-2751
-2615
-4452
-6254
-6643
-6516
-6665
-6013
-3993
-2405
-2824
-3928
-3497
-1753
-523
-163
642
2454
4246
5081
5265
5552
6017
6238
6333
6998
8382
9503
9260
7798
6277
5502
5375
5463
5479
5128
4149
2604
878
-566
-1406
-1652
-1784
-2384
-3408
-4254
-4691
-5203
-6048
-6608
-6283
-5506
-5104
-5067
-4791
-4325
-4281
-4547
-4156
-2737
-1146
-313
-202
-194
-2
230
407
777
1611
2565
2781
2074
1390
1405
1524
1149
909
1381
1738
1077
-17
-538
-635
-889
-1088
-841
-498
-591
-1073
-1536
-1686
-1409
-888
-496
-255
70
334
213
0
305
995
1450
1605
1845
2096
2016
1742
1681
1880
2116
2284
2313
2118
1796
1508
1250
1044
1074
1278
1258
885
487
255
40
-156
-114
101
146
-70
-321
-495
-650
-731
-607
-315
-92
-189
-838
-2198
-4066
-5516
-5414
-3809
-2418
-2869
-4673
-6071
-6469
-6579
-6375
-4955
-2766
-1788
-2729
-3777
-3188
-1571
-400
343
1651
3441
4562
4640
4571
5089
5823
6207
6549
7456
8643
9096
8333
6959
5860
5391
5408
5616
5647
5103
3832
2048
209
-1108
-1496
-1201
-1141
-1976
-3327
-4410
-5125
-5850
-6418
-6220
-5385
-4867
-5106
-5434
-5209
-4783
-4674
-4467
-3476
-1987
-956
-644
-514
-266
-74
88
558
1397
2262
2768
2665
2046
1470
1423
1671
1742
1759
1936
1771
825
-216
-441
-157
-236
-615
-702
-661
-1047
-1662
-1836
-1519
-1202
-1087
-978
-757
-550
-484
-483
-291
235
850
1190
1283
1424
1593
1562
1477
1724
2223
2488
2353
2090
1875
1637
1435
1461
1681
1804
1629
1211
767
491
411
376
266
127
21
-124
-366
-575
-643
-641
-677
-707
-637
-510
-478
-808
-1877
-3665
-5119
-4877
-3132
-1884
-2541
-4170
-5196
-5633
-6106
-5869
-3943
-1570
-1125
-2694
-3896
-3233
-1693
-546
487
2006
3375
3591
3023
3039
4122
5367
5927
6140
6711
7443
7523
6776
5903
5474
5382
5344
5320
5229
4741
3600
1971
369
-601
-644
-210
-266
-1290
-2750
-3941
-4833
-5561
-5687
-4881
-3940
-4022
-5017
-5697
-5482
-4995
-4674
-4019
-2757
-1712
-1661
-2052
-1831
-1009
-360
7
623
1438
1793
1592
1437
1596
1767
1823
1955
2122
2091
1833
1427
900
491
482
663
575
271
51
-280
-932
-1393
-1152
-651
-567
-749
-794
-853
-1098
-1133
-663
-47
303
415
424
389
452
712
1036
1314
1580
1735
1627
1425
1445
1592
1581
1489
1534
1588
1430
1173
1017
902
750
634
559
415
218
73
-55
-223
-333
-311
-275
-351
-492
-607
-674
-673
-563
-506
-985
-2316
-3842
-4205
-3013
-1743
-1939
-3124
-3869
-4152
-4834
-5275
-4010
-1721
-868
-2109
-3375
-3098
-2047
-1257
-312
1258
2556
2544
1731
1534
2520
3977
4992
5408
5592
5712
5575
5163
4886
5059
5424
5467
5037
4417
3876
3368
2648
1670
840
573
617
247
-725
-1692
-2287
-2918
-3801
-4249
-3731
-3020
-3261
-4271
-4881
-4724
-4468
-4347
-3755
-2608
-1890
-2246
-2932
-2849
-1959
-1017
-386
145
608
628
161
-121
404
1413
2003
1883
1570
1426
1211
835
790
1299
1730
1453
773
351
217
12
-195
-84
183
103
-360
-730
-734
-607
-570
-496
-251
-23
-64
-264
-273
-18
254
407
594
880
1022
876
705
805
1063
1199
1236
1350
1444
1282
943
766
846
945
929
892
885
743
398
81
48
215
294
194
35
-140
-394
-648
-672
-419
-161
-158
-346
-491
-681
-1342
-2467
-3171
-2668
-1550
-1207
-1930
-2723
-3089
-3609
-4294
-3985
-2331
-894
-1115
-2328
-2977
-2742
-2225
-1439
-26
1509
2060
1395
511
464
1394
2724
3868
4552
4694
4285
3541
3021
3242
4140
5027
5224
4634
3684
2838
2278
1997
2006
2256
2376
1840
633
-551
-1079
-1121
-1225
-1451
-1497
-1513
-2033
-2994
-3603
-3450
-3047
-2946
-2943
-2702
-2503
-2744
-3152
-3129
-2639
-2097
-1691
-1340
-1099
-1099
-1256
-1314
-1088
-527
181
624
579
309
154
92
118
521
1267
1686
1390
870
665
636
599
843
1410
1688
1288
659
334
278
310
503
839
975
698
219
-118
-150
64
334
492
516
429
187
-132
-220
57
395
489
436
423
340
104
-8
224
562
666
561
452
354
223
159
272
460
530
431
260
129
80
81
102
133
130
11
-201
-356
-375
-363
-397
-452
-609
-1037
-1600
-1838
-1590
-1296
-1365
-1648
-1862
-2108
-2511
-2701
-2254
-1478
-1114
-1349
-1678
-1704
-1534
-1281
-775
5
638
730
437
276
523
1074
1692
2220
2543
2555
2284
1969
1919
2258
2794
3158
3105
2705
2211
1829
1645
1696
1938
2153
2005
1411
686
230
117
147
195
235
121
-327
-987
-1455
-1488
-1270
-1101
-1077
-1173
-1402
-1737
-1998
-1978
-1709
-1413
-1282
-1337
-1488
-1623
-1645
-1533
-1340
-1129
-945
-852
-892
-983
-951
-762
-558
-421
-285
-138
-99
-176
-170
19
227
305
351
460
520
444
368
460
631
704
679
673
689
646
572
574
669
747
735
671
626
603
588
597
639
670
642
580
545
545
538
523
524
522
475
402
364
357
330
266
200
145
78
-2
-69
-125
-188
-257
-313
-366
-424
-473
-509
-551
-598
-616
-583
-537
-523
-535
-538
-521
-486
-427
-342
-245
-176
-151
-154
-142
-84
5
73
103
118
130
117
70
33
29
30
-12
-80
-131
-172
-250
-367
-461
-494
-503
-533
-574
-600
-616
-641
-652
-616
-535
-448
-377
-313
-240
-148
-41
72
186
302
424
537
630
704
785
876
966
1041
1105
1159
1181
1159
1118
1108
1140
1169
1155
1099
1018
911
787
688
650
634
561
423
275
140
-2
-151
-257
-304
-362
-485
-645
-778
-871
-957
-1043
-1085
-1084
-1107
-1194
-1287
-1316
-1281
-1234
-1204
-1171
-1129
-1100
-1087
-1042
-932
-784
-659
-583
-528
-458
-364
-246
-109
36
170
272
345
405
478
578
685
775
840
883
905
909
897
879
861
850
837
807
753
678
594
500
398
314
269
248
222
165
97
31
-25
-59
-52
-6
38
56
50
50
61
79
106
148
191
218
221
217
217
205
173
125
87
60
22
-35
-106
-181
-261
-352
-443
-508
-546
-575
-626
-690
-743
-776
-797
-807
-798
-766
-730
-708
-687
-646
-578
-512
-462
-413
-345
-262
-184
-121
-55
9
51
70
101
178
273
340
371
388
411
427
439
479
552
620
633
601
571
575
593
606
619
633
628
589
531
500
502
496
460
407
369
339
305
264
225
186
132
72
21
-1
-13
-40
-95
-158
-210
-245
-271
-289
-300
-312
-338
-374
-403
-416
-423
-431
-433
-424
-410
-405
-407
-410
-407
-398
-373
-331
-285
-254
-252
-258
-246
-213
-174
-143
-121
-118
-138
-162
-160
-124
-87
-76
-97
-123
-137
-138
-127
-95
-55
-27
-27
-29
-11
34
89
140
188
235
281
317
348
379
413
437
451
461
476
486
480
457
425
396
368
338
310
281
245
199
147
94
51
13
-22
-49
-72
-92
-116
-151
-187
-220
-238
-242
-237
-233
-242
-263
-292
-310
-305
-279
-244
-216
-204
-207
-215
-213
-194
-158
-112
-68
-34
-18
-11
-4
15
50
94
146
191
219
224
215
205
209
230
257
284
290
269
227
180
149
135
137
134
113
66
4
-61
-111
-140
-152
-158
-169
-193
-228
-259
-283
-290
-277
-256
-233
-217
-208
-206
-204
-192
-170
-140
-104
-72
-48
-36
-27
-20
-4
16
42
69
92
108
118
126
138
155
172
183
189
188
183
176
168
157
141
118
92
65
45
31
19
7
-12
-32
-53
-64
-65
-55
-45
-41
-45
-51
-57
-48
-26
1
23
29
21
9
2
6
20
35
41
28
4
-19
-31
-27
-13
1
1
-12
-34
-52
-57
-49
-33
-22
-26
-39
-57
-67
-66
-53
-38
-32
-38
-52
-61
-58
-45
-28
-11
-4
-6
-8
-2
20
51
79
99
111
113
118
131
148
164
173
175
169
161
153
145
133
115
90
65
40
20
-1
-27
-60
-97
-132
-156
-168
-172
-177
-189
-210
-232
-244
-240
-221
-195
-177
-172
-175
-171
-155
-127
-87
-45
-14
3
10
18
37
65
99
121
131
129
117
107
106
115
126
130
120
106
87
75
70
68
70
68
58
46
38
32
32
36
38
37
31
27
25
28
35
43
45
43
39
39
43
49
54
59
60
57
52
48
44
42
38
29
18
5
-7
-22
-33
-42
-55
-66
-79
-95
-111
-121
-132
-139
-145
-152
-159
-166
-172
-171
-166
-153
-138
-128
-122
-118
-108
-93
-77
-55
-35
-20
-10
-2
8
22
39
58
72
86
96
102
109
116
126
134
143
151
155
157
158
154
154
148
143
142
138
131
120
101
83
65
50
38
29
18
4
-16
-39
-59
-73
-83
-89
-93
-102
-111
-123
-131
-135
-131
-123
-112
-101
-97
-93
-91
-83
-73
-58
-45
-34
-30
-30
-30
-28
-19
-13
-9
-8
-12
-17
-21
-24
-22
-17
-14
-16
-17
-15
-12
-9
-4
5
15
24
34
42
49
57
66
78
90
102
112
122
128
130
135
142
148
155
157
153
147
138
129
123
115
107
94
77
58
37
17
1
-15
-32
-50
-70
-90
-107
-124
-137
-147
-156
-165
-174
-179
-183
-183
-184
-179
-172
-165
-158
-147
-134
-125
-113
-101
-86
-70
-58
-46
-38
-29
-18
-7
2
12
21
29
38
46
54
64
73
78
88
95
103
111
114
118
122
125
129
128
126
126
124
118
113
101
94
83
71
60
46
33
18
4
-11
-26
-39
-53
-65
-75
-82
-86
-93
-97
-100
-99
-93
-87
-81
-74
-69
-63
-56
-49
-41
-34
-27
-19
-14
-10
-9
-6
-4
-3
-1
-4
-4
-3
-5
-4
-6
-6
-4
-3
-1
1
3
2
6
12
16
20
27
30
34
37
40
43
44
49
50
49
51
50
47
47
45
45
44
42
43
41
39
38
36
38
39
39
37
37
36
33
30
29
26
23
20
13
7
-1
-10
-18
-24
-32
-40
-48
-58
-68
-74
-78
-83
-88
-97
-101
-106
-110
-114
-118
-118
-118
-118
-116
-116
-113
-108
-101
-91
-80
-68
-56
-44
-32
-17
0
20
40
58
76
90
103
114
126
141
149
156
159
159
155
149
141
134
128
120
108
91
76
61
46
32
19
9
-1
-15
-25
-35
-41
-46
-45
-46
-44
-42
-43
-41
-39
-34
-28
-24
-21
-20
-21
-20
-20
-21
-21
-22
-29
-35
-40
-47
-49
-55
-58
-60
-65
-69
-71
-70
-66
-63
-61
-57
-50
-45
-35
-27
-20
-11
-4
4
12
21
26
34
40
45
50
54
58
60
62
62
64
63
62
63
62
60
59
60
58
57
58
57
52
51
48
47
46
42
41
35
30
26
21
15
9
4
-2
-11
-16
-24
-30
-38
-44
-52
-57
-62
-68
-74
-79
-83
-87
-90
-94
-94
-96
-96
-99
-96
-92
-88
-81
-74
-69
-58
-51
-41
-29
-18
-7
2
11
22
32
43
51
61
69
74
81
85
87
89
91
93
88
85
82
77
69
63
57
50
43
37
30
22
18
12
10
4
3
1
-1
-2
-2
-1
1
3
1
5
4
4
4
3
1
-1
-5
-10
-15
-20
-26
-33
-38
-44
-50
-54
-59
-61
-63
-65
-63
-61
-58
-55
-51
-45
-37
-32
-26
-20
-14
-6
0
5
10
16
18
22
25
27
29
29
28
30
29
29
27
26
25
25
22
21
19
17
16
15
14
14
12
11
11
12
11
10
10
10
11
11
11
10
9
8
7
7
6
6
4
3
2
-2
-3
-7
-9
-13
-16
-18
-21
-22
-23
-25
-27
-27
-28
-30
-28
-27
-28
-27
-24
-23
-21
-18
-17
-14
-11
-9
-6
-3
1
5
7
10
13
15
18
18
20
21
24
23
23
21
20
19
17
16
14
13
11
9
9
7
5
5
3
4
5
5
7
5
8
9
9
9
10
10
10
11
9
10
7
6
4
2
2
-2
-5
-6
-8
-11
-13
-18
-18
-20
-22
-23
-24
-24
-24
-24
-24
-24
-21
-19
-19
-18
-15
-14
-14
-14
-13
-10
-7
-7
-3
0
-1
-1
-1
3
5
6
6
7
7
7
8
9
12
13
14
15
19
20
21
24
25
27
28
29
28
27
27
27
26
24
21
19
16
12
9
3
-2
-8
-14
-18
-22
-27
-31
-32
-34
-35
-36
-36
-33
-30
-29
-25
-23
-19
-14
-10
-4
1
6
10
16
20
22
25
28
27
27
28
28
26
24
22
20
16
14
11
10
7
5
1
-4
-6
-10
-13
-15
-16
-18
-21
-22
-21
-17
-17
-15
-13
-14
-11
-9
-7
-5
-3
0
2
4
6
9
10
10
10
12
13
12
10
8
7
5
3
3
2
-1
-2
-5
-4
-6
-6
-6
-7
-8
-9
-11
-13
-12
-12
-13
-13
-12
-11
-13
-11
-8
-8
-6
-5
-4
-4
-3
-3
-3
-2
1
1
2
2
4
6
8
8
10
11
11
13
11
12
13
12
15
