0
1
1
1
1
1
1
0
2
1
1
3
3
2
4
5
5
4
5
4
3
3
1
1
0
-3
-1
-1
-4
-3
-2
-1
-1
-1
1
1
-1
-1
-1
-2
-2
-2
-2
-2
-2
-2
0
-1
1
-1
-2
-3
-4
-3
-3
-2
-4
-4
-3
-3
-2
-3
-2
-2
0
2
3
2
3
2
3
4
3
3
3
3
1
1
1
0
-1
-1
0
-1
2
2
2
3
1
3
2
2
3
1
1
3
3
4
3
2
2
2
1
1
0
-1
0
0
-1
0
-1
-1
-2
-1
-1
-3
-3
-3
-3
-3
-1
-1
-2
-1
1
-1
-1
-1
-1
-1
-3
-2
-2
-2
-3
-2
-1
-3
-2
-1
-2
-2
0
1
-1
1
1
2
2
1
3
0
2
1
0
2
1
1
4
4
3
1
2
1
1
0
0
-1
-1
0
-1
0
1
1
0
0
1
1
1
2
1
2
2
0
0
0
0
-1
-1
0
0
-1
-1
-1
-2
-2
-2
-3
-2
-2
-2
-2
-3
-1
-1
-1
0
-1
1
2
3
2
3
2
1
2
2
1
-1
-1
-2
-1
0
1
0
-1
0
0
-2
-1
0
-1
0
1
0
0
0
0
-1
-2
-1
0
0
0
1
2
2
0
1
1
-1
-1
0
-1
1
2
0
1
1
1
2
1
0
1
1
0
0
0
0
-1
-1
-2
-1
2
2
1
1
2
4
2
1
1
1
1
0
0
-1
-1
-2
-2
-3
-3
-2
-2
-2
-4
-4
-3
-5
-3
-2
-4
-3
-3
-3
-1
1
-1
0
1
2
1
1
0
0
0
0
0
0
-1
-1
-1
1
1
3
2
4
5
4
6
5
4
2
2
3
1
3
1
2
5
3
2
3
2
1
1
1
-1
-4
-4
-3
-2
-2
-1
-3
-3
-1
-2
-2
-3
-4
-3
-4
-3
-1
0
1
1
0
-2
-2
-3
-4
-3
-3
-2
-1
-1
-2
0
-1
-2
-2
-1
-1
-1
-1
0
1
1
-1
0
0
0
-1
0
1
1
2
2
2
1
3
2
3
4
3
2
2
1
3
1
0
0
3
4
4
2
4
6
3
3
3
3
3
2
4
3
3
5
2
0
1
-2
-4
-4
-3
-4
-5
-5
-3
-4
-3
-5
-3
-3
-2
-2
-1
-2
0
0
-3
-4
-3
-3
-4
-5
-4
-4
-2
0
-2
0
0
0
2
-1
-1
1
2
3
0
2
2
1
-1
-1
2
0
-1
-1
2
1
1
2
2
2
2
2
4
3
1
2
1
1
0
-1
-1
-3
-2
-1
-2
-1
-1
0
4
3
3
2
2
1
-1
-1
1
0
2
1
0
0
1
1
-1
-1
-1
-1
-3
-2
0
2
1
2
1
0
2
2
3
1
0
-1
-1
-1
-1
1
1
0
0
0
1
-1
1
0
0
3
2
3
3
1
1
-2
-2
-4
-2
-4
-4
-5
-4
-3
-3
-3
-1
0
-2
1
1
-1
-2
-1
-1
-2
-2
-3
-1
-3
-3
-1
-2
-3
-5
-4
-3
-2
-1
-1
-2
0
0
2
1
0
-1
1
1
1
2
1
3
2
4
5
4
3
1
2
1
1
0
1
0
0
3
3
1
2
4
3
2
3
3
6
4
2
1
3
2
0
1
2
2
1
4
6
6
3
5
3
3
1
-3
-4
-3
-1
-2
-3
1
2
3
1
0
0
-2
-1
0
-2
-2
-1
-2
-4
-4
-2
-5
-9
-11
-8
-7
-9
-9
-8
-6
-5
-7
-7
-6
-5
-7
-7
-4
-2
-1
-4
-3
0
-3
-4
-4
-3
-2
-2
-2
-1
-1
-3
-2
-2
-1
-2
-2
0
2
4
8
10
11
16
24
25
21
19
21
28
26
23
31
38
45
47
48
52
51
49
49
48
50
48
49
59
69
76
82
86
97
103
99
95
83
79
80
76
70
59
50
50
50
36
16
2
0
-9
-34
-51
-46
-31
-38
-54
-45
-19
-18
-52
-79
-74
-77
-121
-178
-187
-171
-187
-224
-235
-211
-197
-222
-235
-209
-195
-207
-228
-216
-183
-174
-189
-199
-178
-158
-175
-209
-211
-193
-196
-219
-218
-179
-148
-140
-124
-86
-46
-31
-31
-31
-19
-4
-11
-34
-39
-16
-7
-32
-49
-35
-23
-37
-57
-62
-56
-57
-61
-61
-54
-39
-14
6
30
73
125
165
206
269
342
401
449
508
574
628
667
707
739
759
772
778
770
757
737
706
654
604
569
532
477
424
405
394
356
295
246
226
204
150
99
98
122
110
66
31
-19
-124
-233
-301
-373
-482
-552
-549
-564
-628
-641
-602
-651
-776
-784
-655
-596
-659
-675
-595
-554
-577
-576
-578
-628
-632
-546
-528
-649
-725
-666
-668
-788
-778
-576
-467
-558
-584
-429
-335
-416
-516
-573
-716
-927
-1140
-1544
-2231
-2767
-2734
-2483
-2503
-2452
-1702
-539
224
600
1295
2325
2951
2975
3060
3560
3984
3912
3655
3643
3750
3595
3127
2559
2019
1480
913
368
-54
-258
-278
-221
-121
98
417
648
691
667
703
736
671
562
488
416
311
208
99
-74
-286
-455
-610
-825
-1033
-1139
-1214
-1358
-1476
-1436
-1327
-1306
-1341
-1324
-1301
-1365
-1447
-1422
-1325
-1274
-1259
-1150
-913
-664
-482
-316
-109
75
150
159
176
127
-61
-259
-305
-276
-345
-478
-536
-522
-519
-508
-452
-410
-400
-313
-95
193
519
863
1093
1136
1188
1410
1563
1348
964
828
882
745
429
334
494
495
205
8
124
219
-10
-422
-763
-1056
-1359
-1618
-1945
-2666
-3767
-4658
-4799
-4394
-4026
-3750
-3061
-1746
-312
760
1656
2707
3659
4024
3995
4209
4734
4973
4656
4230
4064
3935
3494
2757
1901
982
82
-642
-1124
-1415
-1509
-1345
-1006
-599
-81
584
1189
1459
1441
1455
1639
1803
1764
1611
1546
1559
1463
1170
789
365
-232
-1048
-1921
-2670
-3280
-3772
-4126
-4363
-4458
-4264
-3840
-3584
-3643
-3497
-2805
-2113
-1913
-1696
-870
90
517
772
1411
2014
1964
1558
1332
1116
612
33
-411
-859
-1261
-1346
-1225
-1206
-1138
-761
-343
-203
-45
451
965
1143
1274
1710
2217
2444
2498
2608
2674
2518
2231
1983
1767
1490
1164
873
655
505
408
331
185
-54
-255
-296
-286
-399
-515
-402
-189
-186
-258
-28
358
409
218
289
560
499
125
-32
101
89
-178
-401
-458
-496
-576
-635
-713
-855
-949
-914
-1219
-2714
-5318
-7274
-7040
-5833
-6047
-7194
-6304
-2985
-486
-316
110
2528
4502
3830
2592
3534
5514
5853
4802
4544
5430
5998
5551
4534
3243
1720
283
-891
-2033
-3052
-3397
-2988
-2486
-2224
-1618
-217
1287
1757
1216
957
1759
2715
2621
1987
2291
3483
3977
3305
2848
3204
2970
1221
-762
-1602
-1958
-3012
-4379
-5085
-5207
-5235
-5052
-4553
-4154
-3943
-3480
-2761
-2185
-1552
-443
651
1052
1265
2128
3141
3212
2477
1896
1572
907
-43
-664
-909
-1245
-1711
-1893
-1643
-1250
-995
-932
-962
-868
-510
-48
238
398
717
1178
1466
1583
1867
2255
2234
1747
1413
1512
1555
1216
877
850
863
681
529
539
489
272
33
-182
-402
-470
-341
-316
-484
-449
-57
224
194
329
790
994
692
463
619
661
300
-21
-27
-82
-442
-900
-1402
-2398
-4275
-6651
-8427
-8776
-8218
-7979
-8045
-6956
-4278
-1668
-362
672
2594
4367
4578
4086
4677
6183
7034
6903
6855
7346
7718
7446
6578
5205
3408
1533
-135
-1644
-2938
-3637
-3603
-3282
-3021
-2564
-1580
-393
290
264
109
467
1223
1735
1884
2329
3354
4217
4250
3946
4021
4006
2967
1130
-402
-1309
-2205
-3365
-4347
-4839
-5005
-5057
-5079
-5115
-5080
-4894
-4826
-5075
-5074
-4156
-2756
-1840
-1278
-106
1607
2735
2945
3065
3404
3235
2270
1278
838
568
17
-616
-963
-1033
-1016
-1044
-1202
-1417
-1476
-1370
-1310
-1231
-769
23
641
955
1420
2214
2834
2884
2674
2634
2654
2400
1987
1819
1909
1863
1543
1274
1276
1300
1046
612
263
47
-155
-376
-526
-535
-468
-472
-534
-415
-32
289
252
65
62
196
301
474
770
935
906
970
1147
1053
688
523
429
-343
-1741
-2703
-2979
-3897
-6304
-8865
-9696
-8981
-8480
-8747
-8431
-6567
-4170
-2673
-1821
-314
1928
3559
3935
4159
5375
7097
8086
8184
8247
8634
8806
8255
7081
5627
4113
2609
1031
-676
-2192
-2963
-2976
-2964
-3351
-3569
-2967
-1986
-1595
-1809
-1667
-742
256
676
971
1940
3398
4379
4507
4428
4705
4923
4360
3123
1975
1220
435
-694
-1885
-2747
-3285
-3769
-4383
-5089
-5594
-5686
-5674
-6064
-6569
-6300
-5184
-4197
-3726
-2885
-1196
378
1007
1332
2151
2946
2898
2349
2139
2244
2089
1608
1185
954
766
489
68
-437
-804
-951
-1145
-1541
-1771
-1470
-940
-684
-556
-40
770
1263
1308
1438
1870
2156
2029
1904
2146
2482
2532
2406
2395
2465
2407
2169
1811
1392
1005
698
362
-70
-405
-466
-460
-713
-1113
-1254
-1068
-903
-915
-880
-681
-508
-441
-250
218
749
1060
1121
1071
1020
1004
986
865
584
235
-98
-505
-1211
-2460
-4283
-6270
-7679
-8185
-8292
-8516
-8502
-7602
-6095
-4855
-3939
-2605
-783
592
1075
1475
2594
4124
5300
6052
6848
7809
8586
8909
8852
8570
8020
7040
5631
4079
2745
1744
927
151
-578
-1173
-1571
-1773
-1919
-2200
-2624
-2965
-3116
-3229
-3318
-3055
-2280
-1370
-750
-273
463
1388
2055
2296
2354
2366
2198
1813
1448
1267
1128
807
251
-411
-1026
-1518
-1972
-2570
-3320
-3982
-4363
-4560
-4694
-4636
-4258
-3761
-3434
-3183
-2714
-2040
-1469
-1115
-800
-410
-24
335
780
1317
1810
2167
2415
2582
2663
2697
2679
2526
2202
1845
1604
1429
1203
979
863
764
519
205
42
33
-39
-237
-390
-392
-332
-275
-150
91
363
597
789
941
1032
1078
1078
994
835
697
629
554
422
326
326
342
302
224
137
5
-179
-339
-441
-533
-602
-580
-486
-431
-444
-443
-393
-366
-407
-469
-552
-789
-1275
-1906
-2433
-2717
-2882
-3090
-3277
-3246
-2979
-2693
-2507
-2267
-1818
-1294
-953
-812
-647
-308
116
485
810
1195
1654
2096
2435
2696
2942
3187
3362
3392
3297
3168
3068
2973
2850
2699
2564
2475
2403
2298
2133
1936
1733
1509
1244
948
664
417
194
-34
-263
-448
-568
-669
-820
-1002
-1129
-1207
-1320
-1493
-1650
-1737
-1806
-1920
-2043
-2100
-2101
-2111
-2164
-2215
-2214
-2175
-2137
-2098
-2029
-1926
-1815
-1713
-1605
-1470
-1310
-1145
-1009
-900
-772
-604
-432
-299
-190
-65
62
166
266
394
529
623
694
797
932
1046
1146
1274
1417
1527
1605
1700
1796
1840
1832
1814
1788
1710
1602
1507
1405
1259
1093
953
826
674
515
385
279
164
53
-26
-83
-136
-189
-229
-246
-232
-193
-151
-119
-99
-77
-67
-71
-69
-55
-46
-64
-101
-126
-142
-169
-229
-312
-394
-466
-536
-598
-623
-607
-583
-586
-611
-639
-681
-751
-832
-895
-935
-981
-1029
-1062
-1080
-1091
-1089
-1072
-1060
-1076
-1105
-1115
-1106
-1088
-1050
-970
-852
-739
-642
-540
-412
-279
-159
-42
74
181
290
444
651
871
1076
1289
1530
1759
1946
2114
2289
2439
2526
2564
2592
2608
2596
2544
2455
2328
2168
1995
1818
1628
1417
1196
986
788
593
385
168
-51
-262
-472
-683
-878
-1054
-1222
-1390
-1549
-1689
-1812
-1923
-2029
-2137
-2241
-2318
-2365
-2411
-2461
-2479
-2457
-2419
-2378
-2306
-2192
-2068
-1955
-1832
-1676
-1504
-1339
-1166
-962
-737
-504
-249
36
311
534
723
910
1086
1214
1302
1381
1448
1485
1495
1520
1569
1608
1609
1590
1576
1574
1563
1535
1496
1454
1416
1371
1326
1289
1257
1221
1165
1091
1011
934
852
744
606
468
357
265
167
52
-58
-153
-239
-330
-420
-506
-583
-659
-728
-775
-786
-769
-754
-753
-743
-713
-686
-681
-684
-684
-697
-733
-771
-785
-792
-816
-858
-890
-904
-921
-955
-1005
-1055
-1098
-1137
-1178
-1217
-1248
-1264
-1261
-1255
-1235
-1187
-1094
-968
-834
-682
-491
-264
-42
165
384
631
860
1028
1168
1332
1503
1619
1679
1737
1812
1864
1854
1823
1819
1828
1812
1760
1701
1658
1615
1550
1475
1398
1330
1272
1212
1150
1084
1025
975
904
792
646
488
326
143
-64
-279
-478
-669
-870
-1075
-1268
-1434
-1588
-1741
-1888
-2023
-2127
-2202
-2248
-2269
-2267
-2237
-2177
-2090
-1984
-1864
-1717
-1542
-1359
-1190
-1036
-867
-683
-519
-390
-280
-162
-35
72
156
240
342
440
510
560
617
684
740
763
778
812
867
918
951
978
1011
1052
1083
1089
1083
1084
1095
1104
1099
1090
1097
1116
1123
1093
1034
974
914
825
700
571
461
360
245
118
11
-69
-146
-241
-336
-406
-450
-479
-501
-504
-481
-439
-392
-343
-294
-246
-199
-163
-141
-136
-145
-167
-198
-250
-328
-424
-523
-617
-710
-800
-876
-932
-972
-1004
-1037
-1068
-1092
-1110
-1129
-1146
-1153
-1136
-1088
-1017
-927
-824
-700
-564
-433
-315
-203
-89
20
116
212
317
434
553
660
766
875
976
1060
1129
1192
1252
1307
1355
1405
1457
1508
1548
1578
1602
1612
1607
1583
1543
1487
1415
1324
1218
1106
983
848
707
557
403
239
67
-115
-300
-482
-661
-833
-995
-1140
-1261
-1366
-1452
-1519
-1567
-1594
-1609
-1617
-1613
-1595
-1565
-1528
-1484
-1430
-1362
-1285
-1199
-1109
-1016
-917
-822
-730
-644
-561
-476
-392
-313
-236
-157
-78
1
73
140
202
262
318
370
422
478
536
599
665
734
802
867
926
973
1004
1018
1018
1003
978
945
910
878
851
828
811
799
785
768
741
703
648
584
510
431
347
269
199
139
90
47
11
-23
-59
-99
-145
-190
-236
-281
-319
-351
-369
-377
-378
-371
-362
-353
-348
-350
-368
-394
-435
-485
-541
-601
-659
-715
-766
-807
-843
-873
-897
-913
-924
-932
-927
-910
-878
-831
-772
-695
-605
-506
-405
-299
-195
-96
-4
81
164
243
317
388
454
516
579
638
692
746
802
856
910
961
1011
1059
1100
1134
1161
1180
1194
1202
1202
1192
1175
1145
1105
1050
978
891
788
673
544
409
267
121
-25
-171
-315
-449
-577
-697
-806
-901
-985
-1053
-1106
-1143
-1163
-1168
-1160
-1143
-1117
-1086
-1053
-1019
-985
-950
-914
-877
-838
-795
-747
-700
-656
-615
-579
-550
-528
-512
-498
-479
-452
-413
-359
-291
-203
-102
8
125
244
361
469
573
667
756
839
916
985
1050
1103
1142
1167
1167
1148
1105
1040
959
868
769
675
589
514
451
404
366
334
307
279
247
215
181
148
118
93
77
67
62
57
50
34
7
-35
-92
-161
-239
-322
-408
-488
-559
-620
-672
-713
-747
-771
-789
-798
-797
-785
-762
-727
-682
-626
-563
-499
-433
-372
-317
-270
-233
-204
-184
-171
-163
-157
-151
-145
-136
-123
-109
-91
-67
-40
-4
37
83
136
194
262
334
410
489
567
647
721
790
846
892
925
944
948
939
917
883
839
784
724
660
591
520
447
372
300
227
156
88
24
-38
-95
-148
-196
-242
-288
-329
-368
-411
-455
-500
-548
-596
-651
-705
-755
-799
-840
-874
-902
-920
-925
-924
-915
-901
-873
-839
-798
-751
-698
-634
-559
-476
-388
-298
-214
-132
-50
31
103
166
228
285
332
369
391
413
442
484
527
561
593
627
665
697
721
736
747
757
766
755
735
716
691
655
617
585
540
481
425
374
310
237
185
140
76
4
-38
-69
-113
-142
-148
-164
-191
-202
-218
-255
-234
-174
-352
-921
-1481
-1568
-1285
-1057
-945
-761
-539
-469
-546
-611
-611
-568
-452
-235
53
371
673
859
856
737
624
529
413
330
367
501
608
607
519
403
284
150
1
-124
-165
-146
-140
-192
-266
-311
-330
-376
-461
-531
-520
-416
-290
-201
-142
-80
-39
-52
-79
-34
121
324
482
556
575
576
574
557
531
539
596
648
624
515
392
291
188
55
-70
-136
-153
-179
-255
-364
-464
-546
-623
-686
-695
-629
-541
-495
-513
-557
-570
-541
-484
-412
-315
-205
-130
-113
-121
-95
-25
47
100
138
175
214
236
223
187
170
199
251
284
293
319
364
377
328
266
250
281
319
339
347
341
300
223
150
117
125
131
121
114
112
81
12
-62
-84
-37
60
159
198
164
114
108
154
246
379
507
537
468
414
430
458
454
451
438
346
183
70
18
-74
-236
-386
-494
-631
-799
-918
-1011
-1243
-1659
-2057
-2223
-2176
-2101
-2097
-2128
-2180
-2328
-2548
-2602
-2293
-1770
-1364
-1189
-1078
-886
-651
-392
-10
510
1004
1326
1535
1776
2113
2479
2787
3000
3168
3374
3601
3745
3769
3754
3740
3642
3454
3318
3283
3163
2776
2230
1745
1389
1093
813
535
197
-235
-716
-1158
-1491
-1681
-1785
-1929
-2182
-2447
-2584
-2604
-2631
-2691
-2674
-2549
-2445
-2437
-2391
-2200
-1998
-1940
-1905
-1683
-1327
-1078
-979
-868
-674
-495
-382
-258
-70
85
108
39
46
191
304
258
165
158
140
24
-22
109
192
70
-5
195
391
246
-37
-34
263
524
607
591
495
319
242
444
832
1136
1176
957
663
591
863
1243
1408
1361
1292
1232
1113
1003
1022
1126
1070
379
-1146
-2511
-2082
-35
1010
-578
-2851
-3241
-2455
-2598
-3076
-1934
-120
-434
-2629
-3489
-1871
-114
24
-393
65
993
1397
1362
1595
2242
2774
2794
2685
3201
4283
4865
4266
3195
2727
3002
3454
3690
3576
3007
2024
875
-60
-338
98
427
-315
-1822
-2815
-2919
-2951
-3307
-3442
-3227
-3329
-3895
-4198
-3870
-3428
-3329
-3352
-3100
-2527
-1895
-1525
-1501
-1484
-1091
-438
106
540
1053
1397
1197
798
968
1717
2256
2171
1870
1716
1543
1252
1103
1206
1243
963
507
132
-87
-222
-382
-632
-843
-842
-737
-819
-1089
-1265
-1240
-1153
-1011
-700
-369
-304
-451
-472
-221
187
622
948
992
828
803
1019
1202
1270
1447
1651
1519
1191
1224
1563
1561
1141
916
1056
1067
808
657
701
617
181
-777
-2196
-3105
-2389
-876
-826
-2580
-3941
-3755
-3497
-4072
-4078
-2777
-1947
-2862
-3968
-3458
-2070
-1525
-1791
-1579
-472
696
1178
1181
1432
2118
2709
3024
3721
5029
5899
5501
4676
4678
5394
5943
6115
6135
5845
5147
4464
4063
3704
3226
2770
2280
1529
596
-281
-1088
-1867
-2519
-3041
-3565
-4091
-4578
-5109
-5646
-5932
-5940
-5975
-6142
-6170
-5907
-5540
-5238
-4920
-4479
-3957
-3446
-2895
-2207
-1460
-869
-447
56
770
1501
2028
2394
2703
2974
3220
3489
3754
3913
3903
3748
3532
3366
3253
3071
2727
2290
1855
1436
1039
691
364
16
-330
-629
-865
-1060
-1224
-1375
-1503
-1553
-1495
-1387
-1294
-1217
-1108
-937
-715
-463
-177
131
378
510
668
958
1221
1271
1316
1612
1909
1826
1583
1657
1891
1830
1564
1464
1461
1244
811
329
-97
-432
-941
-1978
-3077
-3336
-3117
-3649
-4583
-4461
-3871
-4772
-6498
-6357
-4542
-3956
-4961
-5014
-3662
-3115
-3672
-3241
-1461
-238
-148
199
1397
2574
3167
3495
3998
4899
6010
6708
6830
7012
7466
7543
7208
7330
7927
7933
7136
6421
6027
5425
4685
4206
3641
2646
1745
1207
393
-834
-1696
-2131
-2928
-3950
-4325
-4468
-5447
-6681
-6803
-6290
-6583
-7344
-7277
-6718
-6803
-7116
-6575
-5605
-5234
-5178
-4637
-3840
-3318
-2827
-2034
-1210
-555
96
708
1131
1616
2334
2882
3090
3427
3997
4203
3954
3903
4171
4156
3794
3629
3642
3318
2702
2282
2062
1735
1341
1041
735
325
-59
-371
-671
-873
-885
-894
-1059
-1219
-1214
-1162
-1128
-972
-696
-506
-451
-351
-129
126
357
599
823
971
1027
1080
1226
1386
1380
1256
1251
1355
1299
1067
914
850
651
370
283
338
196
-254
-780
-1142
-1405
-1902
-2726
-3300
-3088
-2702
-3203
-4300
-4704
-4338
-4362
-4850
-4621
-3687
-3484
-4191
-4261
-3178
-2293
-2294
-2110
-1072
-39
301
559
1354
2284
2802
3149
3820
4749
5427
5612
5623
5852
6260
6515
6564
6610
6608
6282
5696
5236
4978
4649
4157
3613
2985
2224
1506
918
268
-469
-1031
-1443
-2061
-2850
-3377
-3623
-4017
-4643
-5114
-5238
-5199
-5190
-5305
-5533
-5652
-5472
-5160
-4885
-4467
-3879
-3538
-3508
-3201
-2420
-1736
-1406
-978
-322
130
331
701
1264
1670
1879
2091
2326
2530
2684
2677
2504
2396
2423
2361
2183
2093
1986
1584
1074
896
967
860
575
407
279
-44
-401
-524
-510
-519
-502
-488
-557
-551
-382
-267
-243
-96
101
181
323
505
376
195
535
976
807
498
720
989
814
643
724
687
530
600
760
689
410
144
28
64
95
-19
-191
-293
-324
-359
-443
-567
-648
-631
-547
-477
-462
-514
-635
-812
-985
-1084
-1089
-1009
-882
-827
-942
-1143
-1273
-1301
-1268
-1159
-983
-854
-860
-931
-941
-862
-741
-571
-333
-105
43
153
275
408
573
787
993
1144
1286
1428
1506
1533
1587
1638
1609
1609
1749
1866
1755
1523
1388
1326
1230
1140
1101
1018
841
665
547
421
232
77
56
62
-65
-265
-365
-431
-632
-866
-897
-786
-814
-994
-1052
-962
-1019
-1263
-1382
-1280
-1213
-1240
-1194
-1135
-1243
-1369
-1295
-1131
-1078
-1053
-930
-831
-878
-872
-679
-572
-650
-533
-189
-60
-137
-81
81
181
189
235
530
846
746
559
704
799
676
731
871
865
887
871
790
930
1007
672
525
838
955
803
806
787
596
488
483
502
574
527
300
163
199
232
159
41
54
89
-59
-85
101
-29
-353
-280
-137
-273
-277
-173
-322
-440
-359
-360
-331
-100
10
-127
-205
-125
-82
-147
-153
-12
85
12
-84
-137
-229
-295
-305
-347
-323
-201
-279
-557
-607
-496
-667
-940
-886
-669
-587
-597
-640
-739
-833
-843
-710
-459
-253
-212
-269
-263
-111
46
94
194
401
518
571
670
746
842
974
932
861
1080
1308
1246
1199
1242
1081
922
1017
1025
870
916
931
582
364
470
321
21
103
214
-24
-230
-257
-347
-455
-498
-632
-822
-794
-632
-711
-836
-599
-499
-939
-1177
-836
-518
-455
-432
-468
-585
-629
-468
-143
-23
-242
-359
-242
-61
160
139
-194
-183
145
4
-204
288
662
169
-247
53
283
49
-20
217
222
-29
-123
-38
94
220
165
-82
-157
38
146
54
51
180
26
-350
-189
382
270
-241
-10
349
38
10
443
348
148
437
470
211
373
629
487
315
404
519
383
207
346
453
229
174
329
185
2
97
80
-59
-51
-119
-354
-426
-217
-81
-348
-562
-251
-181
-738
-810
-300
-259
-388
-212
-411
-721
-328
-16
-361
-393
12
-60
-344
-91
245
42
-205
-23
108
-33
62
284
99
-129
53
225
154
197
370
256
-16
108
402
244
77
372
422
128
164
166
-48
152
298
58
196
271
-279
-349
76
-56
-142
202
83
-102
301
343
-229
-247
287
298
-28
181
518
186
-270
-143
117
67
0
27
-48
-125
-48
-59
-319
-380
-100
-169
-498
-235
96
-368
-690
-259
-82
-345
-279
-20
-13
-166
-251
-56
136
-173
-490
-174
91
-255
-411
12
187
-26
54
119
-128
56
378
89
113
562
174
-233
376
506
-237
-273
211
134
84
542
690
328
161
244
190
189
373
369
251
296
198
-109
-140
124
261
156
-1
-39
50
91
-58
-306
-362
-257
-319
-237
259
318
-273
-493
-390
-513
-303
99
-127
-347
-163
-388
-692
-275
49
-298
-438
-78
63
-170
-249
-79
-69
-174
-29
205
289
285
153
48
198
247
120
250
368
242
354
430
17
-100
387
531
172
53
117
-21
-4
376
515
272
286
485
203
-206
-22
245
-30
-186
67
-168
-726
-511
32
-122
-520
-454
-96
217
197
-147
-282
-217
-330
-251
249
466
95
-268
-270
-93
-5
-40
68
225
-17
-376
-248
65
21
-225
-274
-42
99
-51
43
348
68
-304
5
111
-206
48
307
-121
-139
159
-353
-794
-193
360
91
-356
-484
-326
-85
81
68
-174
-280
-11
191
297
559
342
-330
-169
532
407
116
540
621
8
-101
362
357
-53
35
571
616
108
-26
193
13
-192
9
-57
-253
68
163
-134
158
328
-469
-760
-35
211
-49
73
117
-140
-159
-67
-78
42
24
-280
-79
558
494
-83
-214
-223
-422
-239
42
-10
91
83
-352
-260
99
-587
-1082
-111
474
-73
-124
180
-172
-383
-28
55
-175
-72
315
336
-39
-16
225
-179
-502
-76
65
-26
447
460
-291
-401
-44
-90
-13
190
24
34
298
54
-380
-260
22
-16
42
371
498
439
454
266
-12
106
275
190
455
936
680
-66
-272
-28
33
71
175
74
78
252
21
-393
-430
-268
-79
67
-35
-12
128
-348
-799
-440
-292
-550
-109
307
-320
-641
-159
-333
-720
-158
134
-351
-107
507
199
-204
-64
-140
-331
50
554
404
-17
35
139
-246
-238
372
225
-304
170
541
-224
-457
224
110
-318
260
633
49
-48
379
128
-156
200
306
150
518
798
243
-351
-244
25
-38
-37
332
491
114
-158
-147
-272
-270
149
421
324
213
53
-132
-147
-282
-529
-343
8
-75
-172
-74
-285
-525
-378
-384
-504
-107
154
-326
-476
80
127
-309
-163
118
-113
-112
262
229
12
33
-94
-299
-126
186
240
141
154
185
-36
-118
340
460
-167
-269
294
173
-190
280
533
-11
-64
376
237
39
346
351
64
244
503
316
177
271
123
-165
-175
4
111
73
-159
-428
-362
-102
-113
-297
-374
-352
-191
-45
-227
-422
-329
-217
-28
193
-68
-420
-195
63
-108
-186
3
50
-111
-113
106
119
-101
-162
-88
69
280
101
-297
-67
372
64
-290
98
405
190
183
305
51
-6
296
110
-240
236
680
88
-404
-29
147
-48
134
250
60
280
523
84
-213
37
-19
-205
202
593
249
-216
-40
313
-4
-425
-86
109
-373
-288
256
-54
-510
-169
53
-271
-404
-246
-78
120
157
-152
-558
-622
-313
-160
-338
-262
-39
-328
-484
62
237
-172
-93
94
-219
-113
348
147
-157
95
226
103
155
175
180
318
197
20
216
363
378
499
146
-433
-98
504
235
-26
368
422
1
42
305
70
-113
88
-18
-216
114
152
-386
-287
228
-73
-557
-214
322
275
-48
4
286
45
-433
-118
400
157
1
210
-106
-317
131
26
-373
143
412
-325
-426
302
216
-513
-580
-182
-203
-356
-61
63
-448
-586
-104
-149
-431
-113
-1
-165
290
379
-338
-168
469
-58
-525
126
367
-186
-151
429
310
-402
-372
321
312
-30
291
437
161
402
502
-54
50
667
479
135
395
531
358
338
359
115
-176
-9
390
325
100
147
-69
-400
-205
-58
-323
-339
-174
-225
-110
122
-101
-569
-720
-567
-362
-254
-251
-275
-294
-374
-497
-493
-414
-429
-301
175
498
326
33
-111
-163
-73
104
167
205
331
231
-152
-247
-23
-36
-117
40
101
155
399
321
-22
-137
-163
23
517
533
94
7
65
20
130
112
45
216
57
-135
350
401
-316
-191
453
217
-89
297
504
364
331
215
59
141
221
162
112
51
-75
-193
-194
-62
-57
-234
-119
53
-346
-581
-41
104
-473
-447
82
-55
-507
-477
-302
-426
-525
-148
243
-75
-452
-231
-328
-613
74
490
-267
-189
585
-34
-607
256
367
-394
130
764
-83
-571
210
436
-309
-367
501
754
282
485
852
82
-496
171
549
342
643
735
54
-172
117
-61
-257
88
356
318
320
187
-260
-508
-123
273
-139
-588
-25
484
-27
-314
-34
-369
-699
-16
509
187
-120
-332
-529
-198
118
-202
-253
141
-109
-496
-32
253
-275
-473
-211
-194
-168
-189
-484
-261
361
189
-403
-354
-40
-102
-239
16
466
410
-157
-343
34
256
89
-101
-72
219
536
415
-15
-58
171
-16
-151
381
611
75
-59
282
93
-128
249
356
6
26
236
82
1
245
183
-182
-24
402
139
-266
159
604
149
-408
-244
204
226
-275
-601
-297
-45
-230
-171
112
7
-256
-370
-290
142
433
59
-248
16
178
25
-75
-114
-105
26
101
30
33
205
213
-233
-567
-145
320
83
-41
420
407
-248
-414
-40
194
263
85
-262
-78
309
-49
-478
-90
283
-39
-340
-142
150
165
-46
-199
-236
-344
-339
49
331
53
-234
-89
141
221
123
-116
-78
275
311
-32
-96
239
386
-16
-431
-183
222
58
-50
360
322
-308
-334
93
-26
-271
-172
-225
-120
332
108
-546
-489
-175
-112
49
-46
-296
28
291
-27
-143
39
13
-120
-90
248
543
221
-103
234
428
126
-29
-23
29
214
166
79
314
208
-244
-250
-44
45
274
298
91
271
342
-136
-214
217
79
-442
-306
255
335
-38
-181
-11
-62
-384
-371
75
358
254
58
-48
-103
-251
-363
-67
282
49
-236
14
54
-422
-510
-141
-72
-272
-219
62
151
-35
-146
-83
-100
-57
180
208
30
46
118
11
-60
24
155
206
81
89
332
305
73
160
235
-30
-94
68
58
128
240
-22
-307
-186
36
125
87
-34
-80
-119
-174
3
149
-24
-85
55
64
69
46
-210
-304
-106
-4
-17
-62
-121
8
102
-176
-402
-240
-28
20
-17
-40
-13
-32
-93
-57
10
-10
-55
-137
-196
-72
85
81
15
41
64
-48
-116
120
304
86
36
368
347
19
45
111
-75
-10
205
126
139
328
119
-272
-224
-6
-59
-125
58
279
216
-130
-329
-135
63
-14
-4
124
-6
-118
89
88
-178
-89
123
-38
-82
216
219
-28
50
187
-50
-262
-69
216
220
-1
-191
-124
120
132
-197
-416
-276
-65
8
13
-57
-200
-257
-236
-189
-29
124
53
10
198
189
-155
-239
79
264
213
207
216
112
6
5
76
101
11
-69
-28
55
100
53
-141
-256
-77
53
-135
-238
-53
6
-129
-150
-80
-40
59
79
-90
-87
125
130
0
39
37
-104
-66
109
157
107
-65
-325
-302
-56
-48
-131
24
133
-25
-64
200
390
298
210
297
424
573
699
584
342
297
348
275
216
243
175
-14
-164
-220
-286
-411
-450
-375
-444
-662
-697
-562
-544
-575
-470
-352
-321
-270
-211
-214
-197
-91
9
21
25
125
257
247
120
70
108
123
155
245
264
166
83
74
84
101
122
123
101
39
-34
-29
40
36
-33
-78
-96
-88
-31
5
-45
-100
-85
-31
-4
1
35
66
28
-28
-11
68
163
206
156
89
89
123
150
186
204
185
172
171
155
137
153
171
137
113
148
162
112
84
102
80
7
-21
54
145
119
2
-76
-94
-88
-62
-52
-81
-103
-120
-169
-179
-111
-90
-173
-245
-212
-146
-134
-134
-106
-125
-198
-207
-156
-125
-105
-91
-127
-162
-133
-100
-103
-91
-56
-55
-87
-102
-80
-53
-50
-60
-55
-45
-48
-44
-36
-29
-25
-34
-49
-34
7
27
17
15
17
18
35
50
51
52
62
68
70
94
121
116
107
124
138
134
139
164
170
164
163
153
146
151
161
170
179
164
148
150
156
149
137
136
137
143
156
163
163
166
167
167
171
186
186
156
135
146
143
122
118
111
79
49
29
5
1
19
-1
-49
-35
7
-20
-75
-81
-74
-97
-103
-77
-60
-42
-16
-37
-83
-61
0
-8
-33
26
83
19
-81
-59
5
-12
-8
86
71
-203
-549
-723
-763
-828
-912
-957
-1071
-1361
-1667
-1799
-1884
-2179
-2614
-2811
-2585
-2222
-2097
-2144
-2083
-1978
-2033
-1999
-1444
-529
135
371
586
1029
1478
1801
2238
2904
3493
3749
3852
4015
4148
4114
3992
3868
3688
3494
3429
3357
2960
2288
1709
1299
925
691
660
482
-83
-718
-1096
-1304
-1450
-1469
-1431
-1525
-1690
-1743
-1726
-1699
-1561
-1342
-1205
-1076
-753
-375
-192
-140
-44
54
120
294
591
796
784
652
478
285
198
262
282
110
-110
-288
-555
-894
-1043
-979
-989
-1136
-1218
-1214
-1298
-1495
-1745
-2001
-2128
-2074
-2053
-2148
-2140
-2038
-2215
-2848
-3947
-5431
-6359
-5333
-2974
-2005
-3245
-4278
-3780
-3648
-4619
-4057
-915
1543
1004
-85
1022
2974
3429
3168
4176
6098
7175
7212
7516
8558
9208
8468
7099
6736
7669
8542
8380
7602
6701
5389
3655
2337
1995
2126
1948
1114
-340
-1997
-3136
-3550
-3933
-4714
-5235
-4984
-4740
-5281
-5872
-5528
-4940
-5377
-6223
-5665
-3680
-2229
-2285
-2712
-2513
-2216
-2231
-1727
-194
1301
1519
740
208
508
1135
1376
1254
1310
1564
1358
617
234
515
445
-515
-1263
-873
-208
-403
-1094
-1406
-1487
-1832
-2055
-1526
-566
-85
-366
-807
-759
-237
281
595
957
1435
1654
1487
1453
1885
2288
2178
1934
2137
2571
2667
2449
2301
2192
1896
1607
1639
1837
1825
1523
1074
596
259
178
222
247
230
117
-153
-741
-2414
-5498
-7865
-6628
-3027
-1887
-4338
-6139
-5394
-5705
-8386
-8635
-4142
-286
-1517
-4083
-2901
109
513
-778
153
3279
5222
5081
5279
7059
8491
7609
5586
5180
6974
8868
9185
8443
7517
6124
4118
2553
2328
2917
3239
2638
887
-1462
-3012
-3230
-3478
-4747
-5690
-5042
-4251
-5112
-6445
-6156
-5181
-5869
-7478
-6964
-4037
-1833
-2123
-3099
-2874
-2200
-2204
-1866
127
2621
3301
2038
1002
1560
2666
2870
2545
2911
3676
3380
2024
1309
1738
1682
304
-757
-119
929
576
-704
-1375
-1440
-1824
-2260
-1712
-383
291
-341
-1311
-1421
-709
-68
179
548
1211
1501
1099
801
1282
1922
1871
1517
1777
2483
2682
2200
1743
1626
1476
1186
1166
1480
1585
1159
521
58
-174
-232
-173
-118
-298
-1324
-3930
-7265
-8435
-6036
-3136
-3532
-6107
-7098
-6631
-7642
-9286
-7713
-3502
-1644
-3443
-4547
-2322
348
595
50
1405
4038
5640
6078
7050
8831
9615
8349
6684
6933
9017
10746
10707
9493
8040
6457
4805
3694
3519
3756
3478
2104
-158
-2235
-3121
-3250
-4067
-5696
-6516
-5904
-5472
-6325
-7127
-6647
-6163
-7053
-7849
-6363
-3441
-1877
-2319
-2847
-2283
-1490
-1127
-303
1595
3300
3229
1910
1354
2228
3103
2888
2389
2576
2820
2156
1119
808
914
314
-896
-1441
-887
-323
-766
-1806
-2422
-2443
-2412
-2339
-1696
-682
-339
-975
-1511
-1018
25
698
1026
1518
2042
2101
1824
1847
2313
2681
2592
2395
2547
2847
2722
2097
1502
1264
1164
1014
993
1121
994
360
-416
-765
-609
-350
-293
-336
-363
-583
-1055
-1277
-857
-206
32
-508
-2396
-5686
-8070
-6627
-2691
-1276
-3821
-6112
-5733
-5781
-7859
-7898
-3677
-135
-1622
-4559
-3542
-13
1163
-20
319
2999
5058
5180
5448
7278
8835
7939
5740
5363
7556
9848
10135
8971
7629
6148
4435
3380
3585
4191
4033
2806
763
-1469
-2775
-2741
-2699
-3905
-5298
-5206
-4414
-4892
-6220
-6365
-5522
-5763
-6898
-6309
-3482
-1318
-1753
-3090
-3067
-2052
-1422
-825
784
2630
2813
1248
36
569
1809
2150
1715
1639
1926
1567
491
-178
-18
-17
-843
-1591
-1198
-276
-319
-1501
-2505
-2512
-2089
-1775
-1162
-105
426
-255
-1201
-1035
155
1220
1685
1983
2327
2407
2169
2056
2362
2786
2884
2709
2702
2929
2882
2232
1414
1061
1153
1264
1299
1405
1304
570
-456
-880
-461
91
193
13
-148
-400
-826
-1063
-741
-130
143
-235
-1228
-2997
-5471
-7173
-6296
-3621
-2477
-4252
-6369
-6648
-6546
-7588
-7691
-4965
-2024
-2164
-3866
-3341
-826
395
-149
251
2681
5066
5926
6348
7422
8280
7689
6446
6495
8220
9989
10226
9104
7610
6165
4849
4007
3875
3934
3479
2323
609
-1292
-2696
-3165
-3373
-4269
-5352
-5418
-4783
-4993
-6163
-6744
-6263
-5941
-6141
-5458
-3368
-1626
-1694
-2566
-2487
-1495
-680
-7
1290
2805
3162
2183
1237
1249
1678
1796
1811
2056
2161
1562
397
-588
-907
-822
-920
-1221
-1227
-987
-1255
-2200
-2853
-2593
-2037
-1771
-1391
-588
-67
-385
-916
-784
14
900
1595
2123
2451
2478
2202
1926
2055
2604
3060
3038
2786
2576
2205
1523
951
893
1057
1007
793
631
407
-78
-621
-863
-696
-313
-22
21
-114
-241
-363
-518
-483
-89
482
827
859
652
33
-1341
-3690
-6116
-6649
-4344
-1504
-1690
-4680
-6914
-6966
-7092
-7984
-6732
-2875
-561
-2273
-4502
-3353
-627
278
-25
1349
4319
6154
6236
6249
7162
7838
7170
6353
7092
9332
10942
10308
8242
6219
4884
4036
3723
4083
4289
3540
1638
-849
-2921
-3828
-3599
-3577
-4528
-5450
-5389
-5140
-6091
-7438
-7438
-6435
-5981
-6025
-4887
-2714
-1756
-2718
-3691
-2921
-1224
-87
717
1947
3055
2765
1427
787
1455
2357
2524
2363
2435
2303
1470
312
-342
-298
-106
-240
-589
-711
-726
-1250
-2229
-2676
-2070
-1244
-981
-885
-510
-383
-905
-1271
-653
529
1369
1675
1817
1893
1779
1572
1586
2044
2695
2992
2737
2298
2044
1756
1251
945
1166
1495
1340
827
418
96
-329
-617
-410
122
448
346
-12
-424
-696
-670
-292
255
593
567
358
282
267
-123
-1026
-2510
-4518
-6086
-5557
-3003
-1596
-3510
-6548
-7465
-6776
-6895
-6834
-4378
-1331
-1430
-4053
-4670
-2141
227
582
878
2883
5043
5622
5393
5942
7119
7390
6692
6636
8123
9885
9945
8313
6454
5250
4551
4187
4366
4546
3843
2134
-3
-1884
-3020
-3058
-2620
-3009
-4285
-5166
-5123
-5323
-6358
-6911
-6131
-5180
-5173
-5138
-3881
-2456
-2493
-3437
-3333
-1735
-110
627
1044
1676
2021
1522
910
1308
2460
3001
2406
1737
1734
1680
943
176
188
434
42
-664
-944
-911
-1218
-1858
-2216
-2022
-1515
-1168
-1192
-1333
-1303
-1157
-1123
-902
-112
803
1112
874
841
1159
1389
1543
1939
2467
2616
2346
2077
1955
1872
1756
1669
1615
1525
1341
947
453
152
129
169
150
236
318
93
-318
-431
-155
96
209
363
507
426
234
324
665
880
694
108
-839
-2423
-4429
-5595
-4613
-2434
-2022
-4215
-6454
-6640
-6181
-6768
-6688
-4344
-1973
-2469
-4385
-4071
-1686
-158
-196
393
2593
4561
5068
5013
5638
6582
6702
6347
6773
8305
9600
9291
7786
6247
5295
4824
4698
4817
4601
3697
2234
469
-1274
-2421
-2512
-2296
-2925
-4154
-4787
-4737
-5229
-6425
-6921
-6150
-5299
-5220
-5025
-3971
-3055
-3304
-3917
-3400
-1784
-307
500
1011
1371
1324
1040
1146
1842
2703
3121
2777
1969
1434
1462
1415
859
386
470
424
-348
-1081
-1074
-1073
-1825
-2533
-2195
-1417
-1300
-1716
-1883
-1736
-1661
-1530
-985
-169
409
467
264
347
928
1603
1927
2070
2378
2638
2506
2275
2413
2696
2607
2259
2134
2216
2085
1650
1192
908
764
691
667
653
585
347
-67
-393
-341
2
268
298
156
-135
-442
-476
-152
227
412
378
-51
-1002
-2351
-3922
-5364
-5692
-4186
-2395
-2844
-5326
-7012
-6813
-6606
-6953
-5850
-3078
-1614
-2968
-4431
-3503
-1489
-524
-105
1423
3659
4934
4922
4736
5232
5987
6345
6599
7518
8990
9611
8572
6821
5679
5355
5278
5323
5437
5020
3686
1766
-86
-1441
-1962
-1682
-1541
-2321
-3521
-4226
-4677
-5668
-6615
-6317
-5103
-4452
-4651
-4530
-3800
-3533
-4041
-4120
-2851
-1025
150
556
708
770
610
504
978
2068
3160
3446
2686
1512
816
777
811
665
688
814
316
-898
-1810
-1852
-1761
-2124
-2367
-1980
-1603
-1891
-2405
-2490
-2241
-1989
-1595
-878
-130
228
130
-86
43
701
1567
2201
2575
2841
2850
2521
2300
2614
3170
3386
3216
2962
2673
2248
1822
1604
1560
1514
1376
1100
684
249
-79
-294
-407
-345
-156
-134
-424
-750
-816
-769
-817
-747
-394
-99
-163
-310
-350
-731
-1803
-3234
-4344
-4546
-3592
-2266
-2246
-3998
-5782
-6066
-5626
-5538
-4922
-3083
-1751
-2625
-4200
-3867
-1885
-431
15
834
2404
3471
3470
3398
4181
5361
5961
6051
6508
7533
8145
7540
6305
5539
5465
5523
5451
5344
4922
3749
2000
407
-504
-713
-556
-679
-1615
-3057
-4142
-4633
-5048
-5421
-5160
-4404
-4176
-4752
-5138
-4700
-4097
-3952
-3735
-2754
-1422
-666
-562
-454
-120
80
184
831
2099
3079
3009
2189
1353
871
871
1343
1868
1903
1377
550
-413
-1199
-1271
-743
-493
-879
-1307
-1443
-1738
-2244
-2314
-1808
-1348
-1209
-1001
-629
-489
-632
-645
-279
355
1089
1703
1955
1878
1737
1691
1809
2204
2785
3095
2873
2396
2021
1788
1653
1692
1834
1784
1394
843
380
115
23
16
-1
-75
-233
-512
-836
-983
-849
-651
-613
-621
-495
-409
-548
-644
-378
-118
-511
-1566
-2790
-3741
-3918
-2952
-1698
-1869
-3631
-5089
-5094
-4708
-4705
-3986
-2227
-1393
-2669
-4045
-3254
-1215
-97
115
913
2305
2935
2676
2846
4035
5214
5448
5340
5867
6794
7046
6330
5497
5183
5168
5104
5053
4989
4430
3170
1664
490
-117
-196
-37
-311
-1446
-2886
-3785
-4142
-4460
-4607
-4168
-3663
-3984
-4848
-5089
-4478
-3932
-3819
-3451
-2490
-1635
-1464
-1497
-1108
-526
-260
-63
677
1757
2286
1956
1345
989
904
1068
1540
1995
1907
1239
429
-182
-432
-231
124
82
-403
-873
-1166
-1485
-1640
-1287
-782
-755
-1069
-1119
-899
-820
-775
-411
125
432
536
696
899
1022
1128
1350
1694
2068
2292
2208
1937
1764
1739
1720
1744
1897
1933
1577
1005
619
519
540
565
519
323
4
-300
-508
-575
-484
-370
-418
-544
-533
-428
-427
-482
-382
-171
-71
-61
-43
-296
-1304
-2863
-3786
-3123
-1565
-956
-2025
-3565
-4338
-4652
-5012
-4540
-2648
-988
-1524
-3432
-4145
-3039
-1704
-886
181
1594
2166
1526
996
1687
3142
4227
4639
4871
5224
5453
5237
4790
4657
4950
5224
5115
4791
4476
3976
3041
1884
1097
1031
1354
1312
472
-787
-1828
-2542
-3119
-3324
-2814
-2153
-2454
-3750
-4781
-4723
-4159
-3800
-3368
-2585
-2109
-2527
-3164
-2991
-2121
-1366
-899
-334
234
344
87
-7
222
565
953
1393
1616
1432
1073
805
619
568
831
1190
1124
610
142
-109
-340
-446
-172
172
52
-417
-729
-798
-820
-698
-315
30
24
-184
-293
-242
-51
308
706
934
945
857
754
745
944
1262
1472
1511
1457
1305
1078
984
1123
1274
1223
1087
997
835
544
344
374
450
384
229
112
25
-93
-231
-310
-285
-220
-231
-303
-298
-195
-196
-534
-1349
-2494
-3261
-2868
-1663
-1151
-2050
-3291
-3810
-4052
-4454
-4045
-2305
-935
-1652
-3422
-3940
-2947
-1878
-1135
2
1263
1386
333
-274
669
2423
3661
4087
4202
4196
3890
3496
3652
4503
5342
5466
4939
4280
3785
3437
3183
2994
2834
2673
2372
1692
693
-102
-395
-607
-1131
-1562
-1488
-1478
-2272
-3402
-3815
-3524
-3372
-3457
-3185
-2705
-2866
-3659
-4051
-3508
-2642
-2130
-1880
-1598
-1422
-1581
-1782
-1443
-535
247
385
221
270
389
271
303
923
1625
1620
1118
883
943
836
685
950
1383
1330
788
334
216
202
180
279
477
495
181
-224
-362
-187
42
165
279
398
325
56
-40
247
629
776
778
831
850
722
645
838
1152
1276
1163
999
901
810
700
660
736
790
654
373
151
48
-36
-99
-47
31
-84
-352
-518
-528
-536
-529
-381
-208
-273
-653
-1310
-2103
-2544
-2153
-1319
-1059
-1654
-2383
-2817
-3257
-3603
-3095
-1782
-983
-1520
-2570
-2964
-2678
-2216
-1490
-322
643
575
-273
-751
-219
921
1997
2756
3153
3051
2512
2093
2404
3394
4387
4785
4509
3863
3242
2949
3042
3357
3649
3678
3191
2201
1222
839
968
1006
718
384
38
-673
-1653
-2183
-1981
-1690
-1871
-2243
-2400
-2575
-3036
-3395
-3178
-2632
-2357
-2419
-2468
-2422
-2447
-2480
-2226
-1685
-1222
-1065
-1075
-1059
-1035
-1008
-810
-352
112
272
169
60
49
94
237
562
918
1008
772
482
393
494
662
861
1050
1071
831
505
392
563
833
1031
1113
1049
810
545
504
747
1065
1234
1220
1079
860
673
676
880
1075
1080
923
707
488
324
296
378
402
252
0
-208
-333
-412
-448
-410
-353
-406
-581
-730
-738
-679
-642
-577
-441
-345
-390
-463
-419
-291
-195
-135
-79
-118
-348
-682
-892
-839
-624
-513
-663
-974
-1273
-1517
-1696
-1677
-1406
-1148
-1231
-1596
-1872
-1868
-1678
-1409
-1064
-728
-598
-721
-855
-706
-240
341
801
1058
1151
1157
1198
1404
1838
2362
2733
2812
2671
2502
2442
2525
2725
2942
3027
2864
2487
2072
1802
1726
1738
1711
1567
1284
866
381
4
-122
-82
-109
-325
-655
-1010
-1369
-1647
-1708
-1585
-1509
-1635
-1896
-2144
-2313
-2370
-2279
-2092
-1957
-1980
-2102
-2188
-2157
-2015
-1820
-1612
-1428
-1321
-1310
-1312
-1189
-941
-712
-580
-450
-277
-164
-136
-32
220
461
559
624
771
918
968
1012
1152
1313
1383
1391
1420
1455
1438
1394
1380
1378
1346
1274
1181
1087
999
914
820
732
662
594
500
403
335
292
237
179
128
82
46
27
15
-11
-31
-31
-30
-51
-70
-61
-62
-102
-155
-172
-161
-171
-218
-280
-337
-391
-449
-484
-482
-473
-509
-589
-660
-688
-686
-687
-683
-659
-647
-677
-730
-751
-724
-675
-637
-605
-562
-525
-512
-516
-494
-423
-335
-269
-217
-158
-101
-81
-82
-42
43
125
173
199
218
236
246
272
329
402
453
463
451
455
495
559
616
645
650
645
633
622
634
677
723
719
678
642
626
606
570
551
557
547
496
444
423
400
338
266
232
218
179
124
86
43
-33
-120
-168
-188
-225
-284
-333
-382
-455
-532
-574
-588
-617
-665
-703
-722
-747
-774
-791
-796
-797
-800
-792
-768
-735
-699
-672
-661
-656
-632
-583
-518
-450
-391
-342
-312
-292
-258
-193
-102
-15
47
95
147
199
245
296
359
431
490
530
566
610
640
641
631
641
673
703
714
707
683
649
614
586
575
579
581
549
488
437
408
382
336
292
274
255
204
136
84
40
-21
-87
-129
-150
-183
-233
-284
-324
-361
-394
-411
-423
-435
-438
-429
-420
-417
-412
-396
-386
-387
-378
-332
-281
-255
-252
-247
-239
-237
-233
-208
-165
-132
-129
-139
-143
-144
-148
-139
-104
-61
-38
-38
-47
-56
-55
-29
20
65
85
84
70
51
47
71
115
143
136
116
99
89
79
85
106
126
129
119
120
126
132
132
144
172
204
232
244
247
250
255
268
295
335
366
364
337
311
305
310
316
322
320
292
245
201
174
158
130
92
53
22
-15
-56
-96
-136
-192
-256
-302
-315
-308
-322
-359
-405
-453
-500
-528
-516
-474
-443
-454
-482
-504
-522
-529
-512
-464
-409
-371
-358
-350
-339
-328
-293
-227
-148
-83
-39
-6
21
44
79
141
217
264
276
280
295
308
315
334
372
393
374
345
342
360
373
382
404
423
410
372
349
360
387
402
402
387
349
293
245
223
222
215
180
118
44
-22
-67
-92
-108
-129
-171
-226
-280
-313
-312
-295
-280
-283
-298
-311
-308
-283
-245
-206
-178
-170
-172
-173
-156
-121
-90
-75
-77
-88
-98
-102
-100
-92
-87
-90
-109
-129
-133
-125
-109
-97
-89
-83
-81
-80
-71
-44
-7
25
44
57
70
88
107
130
157
183
198
198
200
205
213
215
213
204
191
176
166
164
163
154
132
104
78
63
59
63
63
49
26
-4
-30
-43
-49
-54
-67
-86
-110
-134
-153
-167
-180
-192
-206
-217
-222
-224
-224
-227
-230
-231
-226
-212
-188
-163
-146
-137
-134
-124
-99
-58
-18
9
22
23
29
49
86
132
168
186
189
189
199
225
262
295
318
323
319
312
314
321
329
331
320
299
272
240
206
174
143
115
86
57
20
-21
-67
-115
-148
-169
-177
-182
-194
-217
-247
-276
-290
-282
-258
-233
-218
-224
-243
-260
-262
-243
-209
-177
-158
-165
-190
-214
-218
-202
-170
-141
-134
-147
-175
-198
-199
-176
-141
-108
-94
-98
-109
-101
-75
-28
23
64
92
107
125
157
202
251
294
323
342
354
370
393
413
420
417
406
399
397
397
389
367
334
298
271
257
252
240
213
167
116
74
47
29
11
-17
-60
-109
-159
-197
-223
-244
-270
-299
-328
-353
-373
-385
-394
-408
-423
-432
-432
-419
-400
-383
-374
-374
-367
-349
-317
-273
-233
-201
-178
-161
-137
-103
-60
-14
29
62
89
113
139
167
197
226
254
276
295
311
329
337
343
350
354
359
359
357
347
331
311
289
269
247
221
196
170
140
111
79
48
16
-12
-37
-56
-70
-81
-94
-109
-122
-128
-128
-122
-111
-104
-102
-104
-111
-119
-119
-116
-115
-120
-134
-153
-177
-198
-213
-220
-224
-231
-246
-258
-269
-270
-261
-245
-225
-202
-183
-163
-138
-107
-71
-32
6
39
68
93
115
142
167
189
205
210
208
202
196
194
193
191
180
163
144
125
115
109
103
101
96
90
86
81
82
89
100
112
122
130
139
145
150
153
155
157
156
151
138
119
95
64
33
1
-30
-62
-95
-129
-168
-203
-231
-255
-276
-288
-297
-300
-301
-305
-300
-291
-272
-247
-226
-205
-188
-170
-146
-122
-94
-64
-36
-11
6
19
35
59
86
108
130
145
151
154
154
160
173
184
189
182
168
150
132
122
113
104
95
79
56
34
17
14
16
21
23
18
9
4
2
12
27
38
39
33
24
15
12
14
14
11
1
-15
-35
-52
-63
-71
-78
-85
-94
-101
-113
-122
-126
-123
-121
-116
-110
-105
-99
-90
-82
-71
-58
-45
-32
-18
-5
4
16
25
32
41
49
56
62
66
67
64
64
63
62
64
62
63
60
60
60
62
66
70
77
82
85
89
92
96
96
95
94
90
88
78
68
55
40
27
12
0
-10
-24
-40
-55
-71
-84
-96
-105
-115
-124
-136
-147
-154
-160
-161
-162
-162
-159
-160
-156
-148
-139
-126
-112
-98
-82
-62
-46
-26
-8
11
31
48
62
77
89
101
112
122
128
134
137
139
140
136
136
133
128
121
113
107
99
93
86
79
72
64
59
52
49
45
41
38
36
34
33
32
30
27
24
19
14
9
1
-9
-21
-34
-49
-64
-80
-98
-112
-130
-150
-166
-180
-191
-200
-209
-216
-220
-219
-215
-210
-201
-187
-171
-154
-137
-115
-92
-71
-46
-22
3
27
49
69
88
108
127
143
160
172
181
186
190
193
196
195
190
185
178
171
165
153
143
132
122
110
97
85
74
66
57
49
38
31
26
20
15
11
5
1
-6
-12
-18
-25
-34
-44
-52
-61
-70
-78
-88
-97
-107
-114
-120
-126
-132
-137
-139
-139
-141
-139
-137
-133
-125
-119
-114
-107
-97
-86
-75
-65
-56
-47
-36
-26
-15
-4
3
11
18
28
36
41
49
53
56
60
62
67
71
73
76
76
78
81
80
80
82
84
85
83
82
82
80
76
73
72
71
65
61
54
48
42
36
33
28
23
18
12
7
1
-5
-8
-12
-17
-24
-30
-34
-38
-44
-52
-59
-62
-68
-74
-78
-83
-86
-87
-89
-87
-85
-84
-78
-74
-68
-62
-54
-43
-36
-28
-18
-9
-1
8
13
19
24
26
29
30
31
32
32
31
29
26
25
26
26
27
27
28
29
32
32
34
36
38
39
39
40
35
34
30
25
19
15
9
3
-3
-8
-14
-18
-23
-26
-27
-31
-31
-32
-32
-29
-28
-26
-25
-22
-18
-16
-13
-10
-8
-5
-3
0
3
5
7
8
8
11
9
9
9
9
6
6
4
2
2
1
1
0
1
1
2
2
2
3
2
2
4
4
5
5
5
7
6
5
7
7
5
5
6
4
5
4
3
3
2
2
2
2
1
2
2
0
1
0
-1
-2
-2
-3
-3
-5
-7
-7
-9
-9
-12
-15
-17
-16
-16
-17
-17
-17
-17
-17
-17
-16
-15
-14
-15
-14
-11
-10
-7
-4
-3
-1
1
3
5
10
13
14
17
18
21
23
25
26
28
28
29
25
26
26
25
22
20
17
15
11
8
5
1
-1
-3
-6
-11
-12
-13
-15
-17
-18
-20
-21
-21
-23
-23
-21
-20
-19
-18
-18
-17
-15
-13
-11
-9
-7
-5
-5
-3
-1
2
2
3
5
5
6
6
7
7
7
6
4
1
1
2
2
1
1
1
3
2
2
3
4
6
8
10
12
12
14
15
16
17
19
20
21
20
20
17
16
14
12
10
8
6
3
1
-2
-4
-6
-9
-11
-12
-13
-14
-16
-15
-17
-18
-19
-19
-18
-18
-20
-21
-22
-22
-24
-23
-23
-25
-24
-23
-24
-23
-22
-21
-20
-17
-16
-13
-10
-8
-6
-3
1
5
9
13
18
20
24
27
31
34
34
37
36
39
39
38
38
35
35
33
31
29
26
22
17
14
11
9
3
1
-3
-4
-7
-9
-11
-14
-17
-20
-21
-21
-24
-24
-25
-25
-23
-24
-23
-23
-22
-20
-19
-19
-17
-16
-16
-15
-13
-10
-11
-10
-11
-8
-7
-7
-5
-4
-3
-3
-3
-3
-2
-1
1
2
2
4
3
8
7
8
11
13
15
17
19
19
18
20
20
20
21
20
22
21
18
17
15
13
12
10
7
4
2
0
-2
-4
-5
-6
-7
-8
-9
-11
-11
-11
-11
-11
-11
-11
-10
-8
-9
-7
-7
-7
-7
-9
-8
-7
-7
-7
-7
-7
-7
-8
-8
-8
-8
-8
-7
-7
-7
-7
-7
-6
-5
-3
-2
-1
0
0
2
2
3
6
8
9
12
14
13
14
15
15
16
15
16
16
14
13
12
12
9
8
6
4
2
1
-1
-2
-3
-2
-5
-6
-6
-8
-8
-7
-11
-10
-11
-12
-11
-10
-8
-9
-8
-7
-7
-5
-2
-1
-1
-2
-2
-1
-1
1
1
0
-1
-2
-2
-2
-3
-3
-4
-2
-2
-3
-3
-3
-3
-1
0
0
2
2
2
3
5
7
7
8
10
10
10
10
7
8
7
8
7
6
5
4
3
1
1
0
1
-1
-2
-3
-2
-3
-5
-4
-4
-3
-3
-4
-3
-6
-4
-5
-5
-5
-5
-3
-5
-5
-5
-3
-2
-4
-3
-3
-2
-3
-2
-1
-1
-1
-1
1
2
0
0
0
0
2
1
1
1
1
1
1
1
1
1
2
1
3
3
3
5
5
5
4
6
5
4
4
2
0
1
0
0
0
3
3
2
1
2
1
-2
-1
-1
