-1
0
0
0
-1
-1
0
-2
-1
-1
-1
-3
-1
-1
-2
-1
-1
0
1
-1
0
0
-2
-1
-1
-2
-1
-1
-1
-1
-1
-1
-1
-1
-2
-2
0
0
0
0
0
1
1
2
1
0
1
1
2
2
1
2
1
3
2
1
2
1
1
0
1
0
1
1
1
0
-1
0
0
-1
-1
-2
-1
-1
-3
-1
-1
-2
-2
0
0
-2
-1
-1
-1
-1
-2
-2
-1
0
0
0
1
1
1
1
2
-1
-1
0
1
0
0
1
-1
0
0
1
2
3
2
1
2
1
2
0
0
1
1
1
2
1
3
1
1
1
2
1
2
1
2
1
0
1
1
0
0
1
0
0
-1
-2
-1
-1
0
-1
0
0
0
0
0
1
-1
0
0
0
1
0
0
1
0
1
1
2
1
0
0
-1
-2
-1
0
-4
-3
-3
-2
-2
-4
-1
-2
-3
-4
-2
-3
-1
-1
1
1
0
0
-2
-1
-3
-1
-1
-3
-1
0
-1
-3
0
0
0
1
2
2
2
4
4
4
4
2
2
2
2
1
2
0
1
2
2
-1
1
1
1
1
0
0
0
0
0
0
1
2
3
3
1
2
4
4
2
2
3
0
1
1
0
-1
-1
-1
-1
0
-1
-1
-2
-1
-1
-1
-1
0
0
0
0
-1
-1
-1
-2
-2
-2
-3
-4
-4
-3
-2
-3
-2
-1
0
0
0
0
-2
-1
-1
-1
0
-1
0
1
-1
1
-2
-1
-1
0
1
0
-1
-1
1
0
1
0
0
1
2
3
2
5
4
4
3
2
3
1
1
3
2
-1
-1
-2
-2
-3
-1
-2
-3
-1
0
-1
-1
-2
-1
-1
-1
0
0
0
0
1
0
1
0
0
0
0
2
2
1
0
1
0
-1
0
-1
-1
-1
-2
0
1
1
3
2
3
2
1
1
0
1
0
0
0
2
2
1
0
0
-1
-2
-2
-4
-3
-1
0
-2
-2
-2
-1
-1
1
1
0
0
-1
-1
-1
-2
-2
-2
-1
-2
-1
-2
-2
-1
-2
-1
0
-1
-2
0
-2
-1
-1
-2
1
0
1
1
3
3
3
4
4
5
4
4
3
3
3
2
2
2
1
1
1
3
2
2
0
1
1
1
0
0
-1
-1
-2
-1
-1
-1
-1
-1
0
0
0
0
-1
1
2
2
0
-1
0
-1
-2
0
0
-1
0
-1
-1
-2
-3
-4
-2
-4
-5
-4
-4
-5
-5
-4
-4
-3
-4
-3
-3
-2
-1
-2
-3
-2
-1
-1
-2
-1
-2
0
-1
0
0
-1
-2
-1
0
0
1
1
1
4
3
5
4
5
5
4
5
4
4
3
2
3
3
3
1
3
3
3
4
4
5
5
5
3
4
5
4
5
5
3
4
3
4
3
1
1
0
-1
2
0
-1
1
2
0
-1
-3
-1
-1
-2
-2
-1
0
-1
-1
-1
-1
-3
-3
-4
-4
-5
-5
-6
-7
-8
-6
-7
-8
-9
-9
-9
-9
-10
-9
-7
-8
-7
-7
-7
-7
-6
-5
-5
-3
-4
-4
-2
0
-2
-3
-2
0
1
-1
0
0
2
1
0
0
1
2
3
4
4
7
7
7
7
7
8
8
7
8
11
9
10
10
9
10
8
10
10
14
12
12
12
11
11
11
12
11
8
7
7
9
8
7
7
5
5
5
4
3
4
3
2
2
1
0
-2
-2
-4
-4
-7
-7
-9
-9
-10
-10
-12
-13
-12
-13
-15
-16
-15
-15
-18
-17
-16
-15
-12
-13
-14
-15
-15
-16
-16
-17
-14
-15
-14
-14
-15
-15
-17
-18
-15
-12
-12
-10
-9
-6
-5
-5
-4
-1
-1
-3
-2
1
3
5
8
11
13
15
15
23
28
34
39
43
55
72
79
84
86
92
111
113
111
116
119
140
155
157
166
168
183
205
205
213
214
222
250
258
256
253
243
255
257
241
228
209
206
202
178
156
132
112
101
77
57
38
10
-19
-50
-84
-119
-157
-197
-239
-274
-317
-359
-396
-453
-494
-528
-551
-564
-616
-662
-673
-688
-693
-729
-759
-731
-708
-696
-678
-645
-620
-622
-627
-605
-563
-537
-517
-465
-398
-363
-366
-366
-357
-381
-435
-469
-462
-454
-466
-468
-443
-428
-446
-464
-445
-388
-315
-223
-85
99
295
466
622
793
962
1095
1189
1291
1419
1519
1561
1580
1607
1608
1545
1447
1368
1305
1224
1128
1051
992
928
858
788
734
716
734
761
772
793
847
870
817
739
698
650
533
382
276
190
42
-163
-339
-468
-615
-791
-931
-998
-1033
-1074
-1109
-1111
-1084
-1060
-1061
-1071
-1059
-1015
-982
-984
-981
-932
-877
-885
-927
-919
-876
-886
-941
-944
-884
-873
-928
-953
-935
-969
-1053
-1075
-1020
-984
-959
-839
-654
-524
-442
-311
-153
-67
-46
-1
72
118
132
118
55
-35
-137
-339
-672
-955
-1019
-977
-982
-870
-427
160
551
803
1211
1729
2047
2144
2320
2662
2926
2975
2977
3053
3090
2943
2656
2361
2093
1809
1497
1209
1012
912
830
719
626
596
558
449
349
322
259
96
-5
30
-40
-355
-629
-674
-794
-1189
-1470
-1313
-1103
-1235
-1424
-1310
-1169
-1381
-1708
-1729
-1560
-1540
-1619
-1515
-1259
-1103
-1106
-1103
-1011
-925
-918
-924
-836
-681
-559
-486
-382
-217
-57
42
108
186
276
340
345
329
358
429
450
396
375
446
493
403
291
310
407
416
349
373
480
480
330
239
314
356
204
45
83
159
32
-183
-216
-109
-116
-262
-339
-276
-229
-304
-468
-629
-762
-1061
-1802
-2766
-3225
-2918
-2571
-2704
-2614
-1588
-374
-43
-109
579
1733
2133
1851
2092
3020
3552
3289
3076
3395
3623
3216
2528
2097
1878
1559
1115
783
706
767
738
572
468
567
692
623
469
487
650
736
699
700
796
875
826
641
388
157
-65
-434
-1006
-1539
-1807
-1998
-2445
-3012
-3275
-3295
-3554
-4046
-4131
-3585
-2996
-2760
-2431
-1623
-813
-550
-502
-81
523
732
601
647
917
969
687
438
419
379
103
-209
-279
-170
-128
-187
-159
40
257
359
426
612
918
1197
1366
1493
1645
1753
1716
1581
1492
1461
1366
1169
984
847
658
379
129
-38
-204
-402
-506
-445
-356
-373
-419
-350
-203
-110
-94
-66
4
55
60
57
83
127
146
91
-1
-20
52
78
-32
-138
-83
12
-78
-273
-387
-647
-1530
-2892
-3851
-3940
-3732
-3846
-3870
-3080
-1800
-988
-721
-158
914
1674
1718
1757
2408
3180
3350
3111
3127
3386
3285
2631
1865
1337
901
339
-226
-535
-564
-532
-581
-619
-500
-248
-30
69
163
390
733
1042
1237
1402
1646
1900
1985
1838
1554
1235
890
496
7
-616
-1333
-2011
-2586
-3084
-3422
-3404
-3058
-2707
-2498
-2180
-1576
-939
-538
-235
213
695
948
1023
1154
1298
1206
866
555
392
205
-124
-453
-618
-668
-720
-767
-730
-631
-557
-522
-446
-254
6
224
359
479
644
792
845
829
841
897
945
987
1055
1116
1098
1004
943
957
947
826
626
414
203
2
-135
-213
-314
-430
-467
-447
-500
-612
-631
-565
-568
-643
-619
-469
-385
-540
-892
-1280
-1778
-2760
-4291
-5538
-5593
-4892
-4631
-4726
-3872
-1978
-637
-470
-67
1422
2707
2682
2435
3307
4610
4938
4516
4507
4920
4805
3950
3033
2421
1853
1147
495
112
33
129
187
108
88
323
646
766
724
802
1078
1370
1543
1665
1841
2035
2066
1815
1436
1184
996
530
-249
-932
-1294
-1654
-2281
-2887
-3114
-3190
-3522
-3924
-3932
-3720
-3829
-4093
-3801
-3008
-2505
-2371
-1836
-793
-89
-4
185
769
1082
789
463
532
632
377
-25
-204
-200
-287
-537
-731
-698
-564
-530
-513
-266
183
558
780
1030
1372
1662
1804
1871
1959
2066
2124
2080
1986
1949
1943
1796
1488
1240
1168
1098
884
665
589
567
460
321
270
280
259
174
53
-54
-71
-27
-84
-290
-451
-425
-397
-553
-729
-697
-593
-672
-827
-808
-707
-809
-1100
-1331
-1534
-2192
-3691
-5557
-6598
-6274
-5547
-5470
-5403
-4078
-2005
-886
-708
187
2007
2995
2565
2428
3657
4977
5095
4692
4860
5228
4880
3924
3036
2345
1577
688
-124
-656
-761
-549
-428
-579
-592
-127
467
701
728
994
1447
1693
1731
1923
2366
2713
2681
2393
2163
2071
1865
1315
547
-113
-623
-1237
-1994
-2576
-2884
-3242
-3780
-4154
-4217
-4306
-4508
-4398
-3877
-3402
-3063
-2366
-1266
-404
18
507
1174
1496
1339
1206
1265
1121
670
280
100
-114
-468
-772
-920
-1023
-1155
-1219
-1120
-901
-658
-406
-94
258
574
860
1146
1385
1544
1698
1868
1935
1877
1874
1972
1968
1799
1659
1637
1564
1367
1195
1118
1000
778
563
443
346
218
104
36
-60
-230
-385
-454
-468
-442
-316
-128
-47
-97
-123
-96
-161
-345
-515
-618
-706
-798
-939
-1229
-1633
-2156
-3196
-4929
-6459
-6661
-5951
-5692
-5839
-4983
-3001
-1554
-1241
-605
1141
2602
2634
2353
3196
4629
5284
5170
5277
5733
5759
5053
4157
3516
2925
2038
949
76
-341
-482
-637
-842
-920
-821
-646
-430
-148
149
416
699
998
1220
1431
1827
2302
2461
2247
2087
2156
2055
1517
876
459
18
-756
-1596
-2090
-2384
-2900
-3570
-4011
-4253
-4586
-4879
-4744
-4300
-3965
-3658
-2970
-1981
-1155
-568
52
675
1025
1128
1241
1386
1383
1204
958
694
433
201
-27
-287
-527
-691
-819
-918
-894
-730
-535
-379
-197
56
316
564
830
1105
1335
1503
1641
1769
1876
1956
1996
1999
1987
1964
1903
1804
1703
1614
1492
1315
1130
972
803
563
274
28
-126
-245
-389
-510
-535
-521
-572
-615
-516
-339
-273
-302
-259
-165
-203
-334
-355
-289
-337
-473
-527
-581
-860
-1400
-2246
-3586
-5212
-6274
-6327
-6046
-6074
-5875
-4742
-3269
-2463
-2034
-996
477
1324
1456
1855
2902
3925
4474
4916
5547
6074
6150
5824
5302
4720
4119
3421
2502
1503
774
375
12
-435
-710
-694
-666
-835
-1024
-996
-794
-609
-492
-331
-17
439
890
1215
1488
1823
2099
2106
1904
1747
1630
1343
840
294
-223
-759
-1317
-1915
-2618
-3332
-3831
-4129
-4453
-4727
-4604
-4117
-3702
-3466
-3032
-2290
-1612
-1203
-822
-275
245
542
720
935
1152
1258
1252
1196
1127
1070
983
813
574
385
298
202
12
-163
-175
-93
-96
-167
-123
67
225
262
319
514
765
953
1115
1350
1621
1817
1924
2019
2129
2194
2165
2065
1935
1801
1656
1451
1148
791
467
208
-55
-361
-631
-792
-907
-1071
-1230
-1259
-1165
-1090
-1067
-992
-833
-712
-720
-777
-749
-642
-597
-693
-870
-1085
-1486
-2258
-3225
-3904
-4087
-4095
-4210
-4179
-3683
-2964
-2470
-2132
-1545
-710
-62
250
568
1130
1762
2251
2666
3160
3679
4073
4285
4377
4397
4338
4178
3905
3555
3199
2874
2577
2293
2015
1741
1473
1211
926
584
223
-81
-324
-574
-836
-1032
-1120
-1159
-1217
-1262
-1232
-1137
-1044
-981
-918
-838
-755
-688
-655
-649
-659
-676
-729
-840
-991
-1131
-1233
-1323
-1430
-1531
-1575
-1553
-1513
-1493
-1460
-1385
-1309
-1269
-1231
-1147
-1034
-947
-885
-804
-703
-608
-527
-446
-368
-299
-232
-141
-32
71
182
320
474
597
677
742
812
873
910
939
982
1039
1099
1139
1159
1177
1201
1213
1202
1182
1180
1189
1199
1200
1189
1171
1149
1118
1059
961
837
713
591
468
357
282
231
163
67
-19
-69
-95
-118
-151
-189
-223
-245
-256
-270
-297
-328
-362
-405
-459
-501
-515
-523
-562
-629
-684
-731
-807
-926
-1057
-1172
-1279
-1395
-1493
-1548
-1571
-1606
-1664
-1709
-1703
-1654
-1599
-1545
-1479
-1386
-1280
-1164
-1013
-822
-618
-436
-262
-65
153
373
600
848
1099
1312
1491
1675
1856
2004
2120
2239
2359
2442
2481
2516
2553
2568
2551
2518
2469
2390
2277
2143
1997
1836
1674
1515
1347
1150
928
702
478
236
-31
-306
-574
-842
-1123
-1402
-1653
-1872
-2073
-2253
-2398
-2505
-2577
-2627
-2655
-2656
-2643
-2619
-2576
-2498
-2384
-2263
-2147
-2010
-1842
-1664
-1497
-1318
-1121
-937
-795
-662
-505
-347
-210
-79
81
249
393
529
687
836
954
1056
1177
1306
1418
1514
1599
1668
1720
1763
1789
1783
1750
1704
1641
1549
1443
1355
1284
1198
1095
990
893
800
707
623
553
487
419
363
316
271
230
193
149
86
22
-28
-58
-92
-142
-193
-244
-309
-392
-478
-558
-637
-717
-783
-826
-853
-875
-883
-888
-908
-949
-997
-1034
-1068
-1109
-1149
-1165
-1158
-1148
-1142
-1133
-1115
-1097
-1087
-1075
-1050
-1012
-960
-894
-814
-721
-619
-510
-400
-293
-195
-102
-6
102
216
327
451
602
767
926
1079
1237
1392
1530
1649
1759
1854
1921
1961
1988
1995
1973
1931
1883
1820
1718
1593
1470
1347
1200
1032
878
746
609
452
300
165
31
-129
-299
-454
-600
-747
-890
-1008
-1112
-1218
-1321
-1400
-1463
-1528
-1590
-1635
-1670
-1716
-1769
-1812
-1834
-1830
-1807
-1765
-1692
-1593
-1473
-1350
-1234
-1107
-960
-803
-645
-485
-298
-94
101
274
429
579
711
814
894
956
1014
1068
1102
1115
1112
1114
1116
1097
1054
1015
998
986
953
912
886
881
871
844
812
791
774
737
680
612
544
476
400
312
225
151
89
28
-37
-95
-140
-181
-219
-256
-288
-313
-339
-367
-390
-408
-429
-448
-457
-460
-466
-478
-488
-495
-508
-535
-564
-589
-612
-637
-660
-676
-684
-689
-691
-688
-686
-685
-686
-688
-688
-692
-692
-681
-658
-623
-580
-521
-446
-359
-264
-162
-55
54
165
283
398
511
617
727
834
929
1004
1069
1131
1182
1207
1212
1215
1217
1206
1176
1140
1109
1078
1038
986
933
883
826
759
688
614
538
460
380
302
220
137
53
-35
-128
-233
-338
-440
-541
-645
-746
-836
-911
-981
-1050
-1111
-1158
-1197
-1236
-1269
-1293
-1298
-1291
-1279
-1258
-1220
-1163
-1095
-1025
-944
-845
-736
-625
-518
-407
-290
-173
-65
34
136
238
332
414
485
555
616
660
689
711
731
738
735
728
719
711
696
668
637
608
575
536
494
459
430
408
386
373
368
369
367
365
360
355
345
327
303
273
242
204
161
112
67
20
-29
-75
-115
-150
-183
-210
-231
-240
-244
-242
-234
-220
-200
-181
-169
-158
-152
-149
-155
-168
-187
-212
-240
-278
-321
-367
-412
-456
-498
-535
-564
-585
-604
-621
-631
-639
-643
-643
-630
-607
-575
-528
-466
-396
-318
-236
-152
-73
7
84
154
225
295
361
425
487
545
601
649
691
731
763
789
811
828
845
861
877
887
893
895
889
873
849
816
770
715
650
575
494
406
314
219
123
27
-73
-168
-261
-351
-434
-513
-585
-650
-708
-755
-794
-823
-844
-855
-857
-854
-842
-823
-804
-782
-758
-731
-702
-672
-636
-598
-554
-506
-455
-400
-344
-287
-235
-186
-140
-100
-65
-37
-13
7
25
42
58
72
90
110
132
158
186
217
251
287
322
355
387
415
436
452
463
471
468
463
457
449
437
426
421
422
428
436
443
450
461
472
479
480
477
466
448
419
378
336
287
232
172
117
69
16
-44
-103
-151
-197
-240
-271
-296
-315
-337
-359
-375
-384
-391
-398
-410
-422
-439
-462
-487
-504
-516
-536
-562
-580
-586
-589
-594
-598
-592
-581
-571
-561
-535
-490
-441
-396
-340
-272
-219
-167
-80
19
81
150
252
313
328
406
458
179
-414
-787
-639
-306
-79
163
472
652
631
599
699
883
1083
1279
1464
1657
1884
2066
2075
1893
1647
1467
1372
1284
1154
1002
828
558
147
-314
-668
-849
-908
-940
-1006
-1106
-1203
-1313
-1484
-1682
-1767
-1667
-1483
-1357
-1286
-1164
-969
-799
-735
-703
-594
-416
-255
-153
-65
49
149
177
124
51
46
128
212
222
180
141
92
-21
-162
-219
-151
-51
-24
-54
-65
-31
-9
-12
17
115
245
335
361
348
334
347
386
418
441
467
498
503
463
403
383
406
427
420
397
399
432
464
455
410
376
374
376
339
284
266
273
222
100
0
-21
-54
-242
-574
-876
-1022
-1071
-1130
-1214
-1276
-1329
-1434
-1566
-1614
-1507
-1305
-1124
-1009
-912
-776
-608
-444
-273
-45
241
527
756
930
1066
1176
1282
1422
1605
1778
1871
1867
1814
1772
1766
1781
1778
1731
1625
1469
1287
1102
928
760
588
411
236
83
-53
-189
-351
-522
-672
-774
-828
-858
-884
-921
-982
-1065
-1139
-1162
-1118
-1039
-972
-939
-931
-930
-920
-890
-831
-750
-667
-607
-581
-573
-556
-524
-489
-474
-472
-464
-444
-421
-418
-433
-444
-441
-441
-466
-494
-465
-366
-259
-200
-194
-202
-192
-137
-10
176
345
424
417
382
383
468
646
856
989
988
904
849
876
949
1004
1027
1042
1066
1066
1024
971
940
920
888
855
816
680
326
-262
-891
-1230
-1144
-895
-869
-1106
-1359
-1574
-1877
-2117
-1913
-1344
-986
-1057
-1134
-911
-648
-560
-409
-4
433
713
1007
1434
1780
1893
1936
2075
2251
2444
2744
3049
3078
2800
2491
2316
2171
1970
1768
1566
1262
817
274
-352
-1022
-1581
-1901
-2054
-2232
-2499
-2789
-3080
-3380
-3595
-3581
-3342
-3044
-2819
-2639
-2450
-2253
-2048
-1759
-1355
-887
-419
22
420
726
952
1163
1401
1659
1924
2177
2349
2355
2215
2048
1924
1822
1720
1615
1473
1227
876
513
224
7
-166
-303
-411
-531
-694
-874
-1022
-1126
-1181
-1168
-1076
-943
-822
-732
-663
-600
-517
-367
-137
100
278
389
455
482
513
617
803
986
1091
1091
986
825
729
761
829
813
726
629
499
299
102
5
-35
-193
-525
-805
-832
-966
-1817
-3096
-3586
-2853
-2148
-2570
-3329
-3244
-2866
-3314
-3921
-3242
-1764
-1225
-1717
-1695
-748
-43
-8
264
1168
1982
2327
2712
3351
3808
3925
4057
4332
4545
4765
5166
5433
5133
4503
4165
4162
4009
3580
3218
2989
2492
1589
749
342
59
-528
-1278
-1789
-2122
-2657
-3354
-3836
-4088
-4492
-5048
-5297
-5092
-4823
-4775
-4799
-4724
-4574
-4287
-3723
-3002
-2412
-2015
-1670
-1327
-963
-430
305
973
1345
1571
1896
2274
2514
2650
2844
3053
3114
3061
3055
3065
2903
2554
2226
2038
1902
1716
1466
1129
675
219
-73
-190
-271
-395
-551
-737
-931
-1044
-1016
-937
-914
-911
-816
-647
-524
-486
-457
-358
-206
-30
167
341
400
337
279
339
492
631
698
661
521
353
264
244
200
117
46
-31
-173
-333
-404
-408
-474
-615
-740
-887
-1152
-1377
-1374
-1539
-2434
-3560
-3648
-2649
-2145
-2926
-3703
-3377
-2892
-3278
-3563
-2557
-1266
-1254
-1886
-1483
-187
531
493
809
1749
2529
2883
3326
3985
4439
4574
4726
5080
5517
5921
6162
6031
5571
5198
5184
5245
4978
4476
4049
3629
2923
2069
1511
1235
731
-127
-847
-1193
-1572
-2276
-2986
-3416
-3748
-4138
-4418
-4581
-4872
-5242
-5365
-5210
-5032
-4839
-4497
-4178
-4075
-3937
-3431
-2735
-2232
-1888
-1431
-896
-516
-255
132
624
968
1128
1337
1657
1878
1894
1861
1895
1925
1902
1882
1846
1683
1408
1159
987
826
657
497
311
39
-245
-416
-490
-572
-672
-721
-716
-713
-700
-620
-496
-412
-369
-282
-111
88
276
454
618
738
831
961
1136
1292
1382
1429
1452
1439
1399
1382
1370
1286
1121
975
879
746
563
430
372
265
86
-23
-23
-86
-341
-683
-913
-942
-938
-1340
-2290
-3034
-2724
-1860
-1868
-2857
-3357
-2823
-2497
-2987
-3037
-1976
-1224
-1770
-2263
-1364
-112
24
-335
139
1155
1671
1828
2347
2993
3169
3111
3391
3935
4334
4508
4494
4243
3937
3915
4081
3977
3513
3072
2789
2383
1748
1194
888
502
-218
-955
-1321
-1526
-2041
-2793
-3340
-3642
-3950
-4209
-4285
-4470
-4993
-5396
-5216
-4747
-4498
-4366
-4077
-3801
-3679
-3375
-2652
-1887
-1485
-1233
-754
-124
360
707
1088
1486
1782
2064
2460
2830
2942
2858
2839
2953
3074
3140
3135
2963
2610
2263
2077
1956
1744
1464
1170
828
455
173
15
-160
-416
-624
-683
-678
-714
-782
-834
-873
-869
-739
-497
-288
-207
-179
-89
91
305
486
601
655
686
727
770
821
874
866
745
582
503
501
441
274
88
-28
-119
-266
-437
-541
-590
-713
-917
-1057
-1149
-1372
-1634
-1697
-1867
-2696
-3643
-3464
-2409
-2282
-3452
-4057
-3294
-2845
-3564
-3734
-2431
-1547
-2291
-2811
-1605
-268
-439
-873
-12
1230
1526
1555
2324
3169
3244
3166
3701
4439
4768
4872
4975
4895
4713
4800
5016
4887
4492
4260
4096
3609
2963
2611
2435
1920
1113
565
373
25
-711
-1399
-1717
-1989
-2518
-2960
-2993
-3066
-3702
-4460
-4535
-4042
-3772
-3912
-3974
-3806
-3708
-3659
-3310
-2681
-2194
-2004
-1840
-1484
-1031
-650
-376
-145
136
515
900
1158
1271
1346
1425
1487
1586
1794
1965
1861
1530
1277
1234
1211
1078
908
767
559
264
24
-79
-135
-237
-352
-404
-381
-347
-366
-417
-420
-328
-169
15
196
322
357
360
446
642
856
984
1029
1053
1080
1096
1117
1165
1202
1145
1005
888
831
741
569
390
268
165
50
-28
-83
-226
-458
-607
-596
-559
-599
-675
-809
-1035
-1171
-1115
-1303
-2077
-2693
-2262
-1443
-1644
-2594
-2757
-2140
-2195
-2869
-2567
-1344
-1072
-1957
-2089
-968
-293
-698
-751
165
862
792
910
1635
2138
2052
2048
2514
3078
3422
3581
3572
3449
3449
3612
3674
3598
3592
3568
3213
2667
2410
2426
2191
1596
1110
938
703
171
-371
-687
-984
-1445
-1819
-1891
-1970
-2448
-3111
-3399
-3213
-2998
-3019
-3096
-3074
-3075
-3124
-2967
-2523
-2109
-1967
-1905
-1645
-1263
-978
-800
-578
-298
-54
176
471
757
876
852
866
1019
1233
1387
1414
1323
1177
1040
954
946
975
920
725
493
347
265
162
39
-57
-115
-162
-198
-217
-244
-303
-344
-306
-212
-114
-15
65
96
128
208
315
423
544
637
619
519
486
582
688
703
647
539
423
453
586
509
205
88
227
214
49
73
148
-54
-323
-340
-240
-203
-188
-203
-256
-256
-242
-347
-456
-388
-256
-332
-657
-933
-835
-491
-397
-659
-831
-706
-668
-914
-991
-584
-219
-458
-857
-659
-156
-164
-483
-302
222
290
35
219
741
876
667
753
1137
1293
1200
1257
1450
1471
1380
1382
1374
1283
1315
1425
1280
964
878
926
748
518
530
537
241
-105
-181
-115
-200
-448
-637
-650
-660
-826
-973
-961
-1051
-1386
-1563
-1326
-1065
-1132
-1275
-1229
-1158
-1202
-1190
-1012
-818
-753
-779
-766
-638
-506
-541
-611
-430
-161
-184
-307
-90
248
207
-27
8
210
267
296
449
474
294
262
450
535
450
390
402
500
661
641
453
459
592
526
463
633
649
349
252
507
603
347
187
325
428
340
261
270
263
237
228
234
259
196
49
12
-5
-150
-142
99
130
-83
-151
-116
-141
-95
15
43
48
60
35
72
177
159
24
5
100
111
65
136
178
-32
-264
-234
-89
15
76
-64
-372
-464
-317
-316
-452
-458
-453
-613
-691
-530
-475
-666
-741
-652
-701
-722
-491
-376
-552
-612
-457
-404
-415
-279
-131
-133
-142
-50
37
93
170
220
234
302
427
526
540
508
565
701
717
660
746
824
749
773
889
796
575
474
557
735
691
383
336
489
239
-8
247
295
-32
43
218
-93
-281
-133
-256
-392
-151
-136
-523
-514
-61
-68
-625
-745
-254
-175
-545
-370
-29
-470
-825
-297
-55
-541
-582
-216
-339
-484
-199
-198
-478
-280
46
-133
-336
-162
-44
-138
-82
90
37
-173
-162
101
184
-70
-164
115
186
-88
-114
112
69
-124
-124
-6
78
18
-103
30
194
-29
-117
294
402
32
59
431
398
193
274
428
481
445
372
424
485
277
212
607
785
410
96
127
250
394
419
168
-10
112
138
-79
-119
63
-25
-322
-241
78
-50
-432
-350
-84
-294
-599
-350
60
-80
-457
-462
-334
-438
-414
-104
-65
-306
-296
-184
-331
-326
9
47
-209
-69
278
73
-291
-30
345
90
-170
186
353
-61
-182
169
206
-74
-104
3
71
139
73
-45
-34
-92
-145
97
170
-35
41
135
-208
-242
264
186
-329
-160
312
131
-197
-19
140
30
-37
-1
78
279
333
40
-60
197
330
186
162
277
213
182
288
249
28
119
364
120
-141
113
305
-24
-151
51
-14
-148
-154
-230
-212
20
-108
-412
-280
-137
-363
-487
-295
-144
-170
-294
-325
-274
-397
-528
-295
30
1
-195
-318
-322
-149
88
11
-243
-93
288
230
-84
84
350
94
-52
364
493
150
168
344
200
124
267
202
114
206
183
123
152
173
147
80
-59
11
280
277
45
-69
79
207
78
-109
-33
118
76
89
14
-200
-182
57
65
-70
38
7
-316
-387
172
440
-169
-452
80
234
-301
-233
188
30
-139
30
-53
-283
-42
129
-145
-287
-10
103
-284
-399
13
-5
-538
-330
306
49
-537
-328
122
11
-205
-132
37
122
123
87
38
25
-12
95
322
259
14
144
406
247
121
285
265
83
173
342
203
52
131
119
-92
19
303
-49
-449
106
493
-232
-464
271
199
-434
-28
427
-207
-551
2
88
-384
-216
171
-176
-511
-131
-20
-504
-322
164
-262
-556
138
229
-657
-590
151
-88
-457
174
393
-432
-435
277
71
-295
199
381
-31
63
283
125
23
92
188
165
-1
118
472
210
-205
111
391
181
142
373
452
346
194
82
104
84
119
257
167
207
357
-98
-478
259
750
-27
-280
368
280
-237
-56
254
61
-267
-328
-2
278
-2
-397
-319
-39
-91
-488
-564
-93
42
-417
-567
-247
-146
-429
-526
-127
116
-191
-313
-108
-291
-420
-105
-199
-380
-10
-33
-443
-66
355
-106
-296
200
384
203
92
74
137
125
85
237
185
-152
57
504
267
102
534
501
59
260
559
286
56
158
294
358
304
187
51
-239
-254
181
281
106
291
244
-343
-426
41
79
-60
210
267
-229
-406
27
170
-297
-558
-157
204
-60
-323
-106
-97
-458
-453
-279
-358
-97
191
-421
-833
-106
82
-691
-431
498
0
-931
-372
388
-107
-492
33
119
-251
178
652
156
-75
362
83
-400
250
724
71
-22
620
349
-187
223
485
181
394
699
321
126
434
438
252
356
356
93
49
202
143
-22
-43
-13
38
126
45
-169
-191
-96
-159
-203
-26
34
-233
-296
-13
-114
-614
-607
-99
107
38
43
-179
-653
-700
-188
107
-126
-314
-144
-89
-351
-439
-159
59
-9
-105
-94
-44
17
-22
-209
-210
52
114
28
170
194
-144
-348
-196
83
197
-38
-177
197
425
12
-298
-2
398
372
72
175
541
242
-340
59
755
380
-206
115
602
512
174
41
224
370
146
2
294
515
372
72
-199
-113
200
21
-282
82
282
-383
-650
34
156
-610
-716
-1
45
-608
-609
-110
-213
-547
-348
-143
-288
-271
-251
-546
-452
52
-17
-227
174
249
-291
-233
306
139
-157
222
459
264
348
560
256
18
234
108
-83
307
567
156
11
416
236
-188
5
325
291
325
519
158
-126
239
311
-217
-316
448
548
-292
-437
298
317
-454
-252
254
-187
-432
-162
-274
-318
149
-80
-653
-266
-42
-527
-348
276
-163
-931
-397
290
-213
-752
-285
217
-111
-375
-129
117
104
-18
88
186
-36
-306
-78
344
367
247
105
-106
-30
220
141
47
206
291
10
-171
142
354
100
-269
-131
-20
-78
370
626
98
-401
154
480
-147
-170
546
581
-7
288
460
-76
9
333
-29
-222
313
224
3
464
359
-412
-466
190
167
-220
-161
29
14
-286
-411
-129
96
-273
-643
-152
238
-178
-662
-500
-62
-216
-687
-508
278
212
-660
-547
299
226
-488
-327
371
320
-173
-190
146
320
237
-57
-125
201
210
-118
56
598
449
-125
-95
391
495
-47
-253
291
604
108
-208
226
209
-181
5
196
-117
68
653
238
-295
88
339
21
60
272
27
39
277
105
-158
-112
-7
9
32
-304
-533
-7
262
-356
-570
97
83
-437
-112
182
-285
-325
113
-137
-349
44
-42
-426
-244
-163
-521
-317
256
135
-482
-544
171
556
-82
-548
2
218
-272
-141
466
324
-225
-306
-57
324
467
214
68
293
344
33
-130
-45
215
234
-2
169
620
374
-338
-213
256
102
-144
189
598
362
-144
-216
94
19
-333
-203
207
401
264
-90
-270
-35
-63
-424
-152
284
-125
-484
79
372
-198
-517
-279
-127
46
291
137
-74
3
-67
-243
-101
-19
-62
217
245
-180
-215
45
-163
-318
45
16
-309
6
452
238
44
81
-286
-356
342
451
-67
277
599
-232
-584
287
455
-344
-333
204
176
-24
168
294
-2
-268
-214
198
408
-151
-542
26
611
247
-269
-199
-59
-38
-33
103
302
273
-15
-194
-16
17
-209
-373
-201
188
202
-117
-140
40
-334
-753
-235
360
140
-206
-137
102
164
-88
-403
-164
131
-244
-271
197
185
-21
194
57
-509
-129
421
12
-189
414
478
-429
-459
504
650
-133
-329
300
259
-17
243
165
-255
-102
359
127
-61
49
-252
-166
466
456
-113
-45
90
-295
-73
372
107
-105
-54
-284
-150
385
9
-559
70
542
-186
-617
-91
210
-95
-306
-54
172
-121
-414
-90
305
168
18
-41
-102
295
444
-189
-248
406
158
-444
-60
218
-119
-139
-99
-191
82
260
-104
-281
-65
39
99
117
55
92
28
-191
-150
134
212
-6
-233
-53
350
128
-451
-222
263
-129
-316
393
476
-339
-301
454
262
-263
-31
123
2
346
339
-394
-122
921
548
-482
-153
365
-219
-310
557
489
-355
-191
301
-109
-402
0
-37
-449
-75
393
-118
-594
-81
226
-473
-654
173
301
-373
-285
203
-37
-212
86
24
-222
-84
115
107
194
287
101
-197
-178
154
126
-167
-65
326
328
-79
-199
-47
15
3
17
-103
-110
288
284
-279
-326
217
178
-240
27
319
-40
-178
115
1
-210
-20
-67
-141
293
274
-329
-162
371
-24
-379
98
296
122
132
33
-94
88
129
-199
-166
230
275
-5
2
272
65
-286
-120
86
-17
18
321
216
-127
7
112
-373
-583
111
297
-248
31
458
-231
-729
66
358
-402
-233
415
116
-241
220
394
-221
-320
99
258
124
38
460
670
95
-373
8
198
-285
49
496
-115
-371
53
-243
-821
-49
456
-476
-702
146
367
-446
-475
205
-15
-437
-136
325
-54
-230
314
108
-501
-357
296
152
-108
432
356
-278
-280
305
325
-130
-141
104
414
282
18
137
144
-19
-119
25
62
194
384
7
-260
25
201
-311
-467
379
621
-111
-239
517
367
-568
-355
442
405
38
248
378
-29
-335
-369
-266
-143
-3
-1
-204
-303
-375
-635
-705
-63
343
-132
-217
274
103
-531
-384
141
265
333
345
185
120
152
-121
-343
-36
237
220
185
174
-8
-131
-51
-45
-60
-143
-78
302
410
-46
-284
9
40
-76
88
165
99
296
292
-189
-241
109
166
79
125
-16
47
377
42
-334
-87
14
-186
79
222
-179
-81
233
54
-271
-205
-114
-132
196
354
-73
-390
178
309
-513
-396
410
250
-386
-36
399
85
-177
-383
-330
54
222
-94
-203
208
154
-294
-401
-23
222
-38
-143
45
84
-151
-223
2
26
-121
-227
-171
83
149
-151
-329
10
109
-202
78
455
11
-295
194
271
-55
280
422
8
99
364
118
76
318
113
19
407
394
16
19
147
-33
-47
281
274
24
9
10
-40
52
-41
-314
-131
145
-77
-142
62
-137
-434
-323
-196
-276
-227
-122
-66
-69
-360
-485
-103
-39
-490
-372
141
-78
-291
158
123
-398
-228
96
-175
-65
464
280
-157
43
244
-44
-64
352
377
-5
0
367
379
52
-47
105
220
181
76
105
235
196
-13
-25
191
231
26
-68
94
190
109
88
62
-45
-17
56
-79
-83
158
34
-288
-134
89
-94
-179
-35
-37
-86
-147
-231
-18
179
-135
-327
-21
57
-101
29
80
-129
-124
-59
-200
-100
228
126
-256
-196
150
88
-241
-156
160
53
-181
-37
104
-11
-34
59
45
8
16
25
-13
-84
17
177
15
-151
78
165
-100
-70
152
-7
-193
-25
131
144
165
65
-108
-87
27
59
93
135
96
16
-19
27
83
30
-70
-34
82
76
-44
-90
-9
71
10
-142
-145
55
152
-11
-148
-67
22
-28
-20
100
88
-89
-153
-50
57
105
40
-122
-165
-28
40
-21
-49
-45
-58
-75
-87
-37
67
31
-118
-77
89
68
-34
15
81
42
-1
-19
-6
104
188
85
-15
60
90
-57
-97
105
252
134
-18
3
35
-38
-44
55
97
56
4
-20
19
42
-46
-109
-36
42
37
-8
-55
-51
-36
-112
-151
-63
-9
-17
13
-41
-189
-202
-98
-36
34
79
-58
-214
-152
-14
15
9
31
26
5
29
42
5
1
31
16
41
158
184
91
68
55
-47
-40
116
154
72
83
117
38
-41
6
66
29
-4
59
113
66
36
47
-3
-63
-20
54
69
64
57
6
-52
-62
-46
-39
-49
-58
-69
-92
-107
-98
-89
-118
-149
-139
-117
-102
-94
-112
-141
-122
-62
-52
-103
-97
-20
3
-53
-65
-26
-26
-32
6
27
0
-8
7
-5
-16
25
67
52
19
31
65
89
100
96
92
87
71
101
194
236
177
116
100
107
133
167
176
159
118
82
96
123
111
84
47
4
0
32
42
32
22
-15
-48
-44
-32
-28
-27
-54
-91
-89
-57
-43
-47
-57
-74
-95
-102
-92
-76
-68
-85
-101
-91
-89
-116
-123
-85
-70
-105
-102
-43
-46
-115
-122
-63
-54
-92
-63
9
5
-69
-88
-63
-74
-99
-82
-53
-40
-36
-43
-76
-95
-67
-58
-100
-105
-22
22
-49
-88
-13
6
-101
-125
-2
41
-45
-54
10
-25
-105
-78
-11
-2
13
53
42
8
37
79
76
101
174
201
181
206
255
266
253
253
275
306
323
333
354
356
335
329
345
348
346
353
343
323
328
343
328
294
266
234
202
191
192
172
132
89
26
-40
-61
-44
-67
-111
-128
-167
-246
-270
-230
-225
-257
-252
-229
-266
-319
-267
-169
-188
-249
-162
-36
-86
-193
-148
-52
-79
-151
-146
-107
-109
-140
-153
-170
-285
-598
-994
-1172
-1025
-881
-1078
-1514
-2003
-2571
-3043
-2943
-2334
-1942
-2076
-2286
-2300
-2351
-2374
-1907
-1029
-406
-215
84
747
1360
1680
1997
2493
2972
3350
3826
4455
4955
5041
4772
4436
4223
4165
4265
4407
4265
3637
2749
1897
1106
447
192
226
-42
-779
-1512
-2007
-2520
-3035
-3171
-2971
-2885
-2975
-2931
-2749
-2684
-2728
-2649
-2341
-1865
-1292
-743
-366
-168
-56
54
260
690
1278
1708
1777
1622
1463
1324
1154
1026
1005
972
784
469
148
-167
-513
-820
-974
-967
-890
-832
-899
-1107
-1362
-1545
-1527
-1229
-743
-370
-275
-319
-406
-606
-760
-552
-135
-15
-206
-268
-226
-504
-1055
-1671
-2761
-4285
-4681
-3000
-1250
-1875
-3777
-4225
-3606
-4159
-5025
-3443
-350
479
-1220
-1784
121
1731
1464
1383
3122
5094
5504
5292
6123
7454
7537
6402
5876
6838
8121
8419
7869
7170
6295
5021
3872
3492
3644
3545
2802
1527
-3
-1317
-1997
-2321
-2999
-3969
-4392
-4210
-4432
-5347
-5885
-5601
-5578
-6308
-6457
-5097
-3545
-3374
-4045
-4104
-3478
-3020
-2683
-1723
-320
344
-207
-943
-706
281
931
939
1002
1410
1526
1018
583
789
1046
643
42
147
746
820
135
-527
-687
-693
-778
-590
-6
387
65
-597
-805
-355
246
590
809
1104
1298
1201
1080
1274
1628
1778
1755
1863
2117
2242
2077
1719
1388
1289
1432
1581
1552
1409
1190
759
203
-23
237
477
238
-224
-455
-512
-704
-932
-894
-701
-722
-965
-1028
-822
-993
-2260
-4169
-5052
-3978
-2282
-1966
-2930
-3531
-3553
-4218
-5210
-4536
-2122
-600
-1300
-2199
-1391
10
253
-20
787
2381
3301
3439
3927
4984
5499
4841
3932
4051
5205
6262
6397
5823
5070
4230
3255
2536
2512
2896
2857
1962
621
-461
-1004
-1343
-1933
-2691
-3062
-2921
-2913
-3446
-3963
-3972
-3994
-4565
-5025
-4435
-3171
-2436
-2582
-2979
-3175
-3226
-3028
-2191
-736
562
845
208
-294
76
898
1433
1797
2369
2727
2352
1753
1731
1989
1764
1233
1135
1499
1679
1348
741
156
-273
-495
-427
-53
364
312
-375
-1137
-1328
-988
-575
-246
64
180
-86
-460
-475
-137
149
257
459
832
1049
916
706
680
739
771
957
1358
1587
1332
851
574
526
495
513
658
690
403
64
-42
-82
-243
-428
-1236
-3588
-6242
-6103
-2913
-1045
-3198
-5972
-5730
-4673
-6120
-7402
-4575
-564
-890
-4226
-4408
-813
1265
56
-488
2010
4568
4622
4144
5515
7443
7208
5346
4890
6798
8905
9062
7781
6625
5808
4848
3997
3963
4382
4170
2952
1124
-593
-1566
-1650
-1755
-2877
-4279
-4475
-3808
-4127
-5571
-6202
-5568
-5476
-6426
-6283
-4123
-2357
-2962
-4351
-4084
-2564
-1698
-1577
-794
807
1705
1067
12
169
1383
2004
1492
1283
2261
2866
1734
279
378
1163
736
-201
167
1209
871
-722
-1546
-1127
-753
-962
-954
-378
-30
-460
-1176
-1281
-603
111
295
338
830
1366
1185
667
804
1526
1876
1738
1876
2344
2329
1639
1072
1126
1393
1393
1271
1278
1233
832
206
-119
65
349
313
74
-27
-111
-421
-686
-551
-258
-286
-509
-489
-305
-329
-491
-429
-351
-1208
-3465
-5683
-5543
-3000
-1216
-2510
-4883
-5366
-4752
-5501
-6420
-4548
-1304
-880
-3241
-3938
-1489
556
105
-418
1296
3642
4336
4188
4990
6281
6279
5104
4760
6176
8086
8698
7764
6328
5241
4583
4166
4078
4250
4156
3277
1656
-17
-1030
-1279
-1456
-2291
-3415
-3795
-3407
-3548
-4736
-5730
-5605
-5250
-5550
-5502
-4103
-2614
-2829
-4116
-4314
-3039
-1796
-1322
-853
89
810
726
255
190
734
1332
1454
1358
1721
2318
2048
847
113
544
1006
661
389
800
848
-233
-1294
-1147
-453
-318
-552
-462
-229
-398
-813
-929
-564
-30
308
421
577
893
1012
731
537
912
1537
1799
1774
1852
1866
1473
966
926
1289
1499
1364
1120
900
600
263
74
86
167
145
12
-143
-255
-369
-545
-668
-643
-507
-381
-293
-224
-307
-540
-711
-627
-343
-171
-576
-2079
-4150
-4976
-3609
-1774
-1962
-3669
-4467
-4100
-4424
-5438
-4737
-2273
-1098
-2415
-3460
-1950
183
481
-140
588
2532
3676
3782
4255
5458
6100
5395
4675
5344
6941
7816
7276
6235
5461
4895
4328
3985
4016
3907
3184
1905
525
-462
-897
-1116
-1752
-2799
-3455
-3404
-3451
-4258
-5143
-5236
-4953
-5096
-5237
-4456
-3251
-3001
-3759
-4096
-3247
-2046
-1421
-1157
-584
215
591
400
275
718
1273
1303
1158
1602
2317
2152
1098
418
648
937
710
567
805
708
-137
-984
-1048
-637
-459
-602
-716
-671
-700
-914
-1072
-878
-405
-70
15
168
527
725
544
415
764
1342
1658
1715
1783
1808
1584
1261
1217
1476
1680
1613
1394
1199
1011
771
559
487
542
596
555
417
243
58
-144
-296
-264
-64
79
7
-188
-370
-493
-477
-273
-44
-45
-376
-1220
-2862
-4654
-4934
-3218
-1643
-2362
-4304
-4993
-4528
-4868
-5712
-4777
-2364
-1456
-2802
-3521
-1914
-130
-158
-657
502
2673
3832
3866
4158
5049
5426
4882
4631
5688
7313
7884
7010
5779
5081
4760
4414
4179
4169
3940
3066
1701
379
-513
-929
-1204
-1813
-2699
-3215
-3179
-3366
-4317
-5262
-5273
-4748
-4625
-4667
-4009
-3039
-2985
-3764
-3897
-2761
-1392
-721
-437
-6
403
524
619
1021
1633
2027
1898
1470
1359
1764
1963
1389
649
537
699
366
-138
-129
-51
-685
-1578
-1670
-1097
-868
-1203
-1503
-1490
-1457
-1455
-1224
-755
-352
-227
-233
-108
281
764
1045
1122
1270
1596
1870
1953
2020
2139
2121
1913
1798
1948
2091
1927
1541
1256
1160
1063
880
739
679
511
182
-40
-1
59
-73
-292
-445
-536
-497
-306
-257
-476
-606
-423
-292
-440
-424
-90
-66
-854
-2271
-3729
-4415
-3592
-1954
-1641
-3292
-4882
-4846
-4488
-5096
-5096
-3220
-1550
-2329
-3902
-3263
-1114
-247
-775
-391
1499
3010
3253
3360
4184
5021
4982
4638
5135
6563
7682
7392
6168
5264
5084
5028
4771
4666
4609
3955
2585
1184
334
-88
-391
-825
-1587
-2474
-2989
-3159
-3659
-4585
-5043
-4671
-4316
-4495
-4458
-3728
-3244
-3731
-4216
-3501
-2067
-1179
-959
-697
-313
-186
-140
333
1145
1715
1725
1319
938
995
1357
1412
991
674
729
595
30
-291
-89
-136
-840
-1354
-1058
-649
-861
-1290
-1324
-1181
-1215
-1153
-709
-203
-69
-194
-194
111
611
1062
1314
1437
1597
1762
1800
1845
2070
2305
2260
2018
1912
1966
1910
1650
1349
1162
1036
875
710
594
469
183
-197
-378
-269
-150
-288
-540
-651
-634
-638
-639
-564
-467
-427
-454
-449
-351
-165
-52
-236
-808
-1973
-3521
-4353
-3451
-1659
-1427
-3202
-4785
-4769
-4463
-5073
-4907
-2922
-1300
-2114
-3769
-3226
-1176
-236
-537
-61
1801
3134
3207
3226
4014
4905
4878
4605
5166
6489
7426
7031
5906
5044
4779
4768
4682
4660
4480
3760
2477
1061
82
-305
-292
-480
-1315
-2373
-2966
-3172
-3748
-4621
-4820
-4263
-3992
-4418
-4554
-3869
-3392
-3830
-4209
-3428
-2030
-1237
-1046
-767
-426
-422
-472
109
1182
1977
2079
1653
1091
752
867
1237
1436
1379
1179
779
126
-383
-380
-209
-366
-690
-730
-635
-855
-1258
-1400
-1255
-1116
-959
-602
-220
-129
-288
-362
-166
253
758
1194
1429
1452
1378
1333
1448
1759
2084
2170
2014
1822
1683
1518
1358
1309
1299
1153
886
662
489
277
63
-67
-127
-176
-208
-275
-479
-713
-754
-580
-405
-326
-259
-259
-382
-527
-465
-184
67
202
122
-291
-1280
-2776
-3759
-3283
-1726
-1063
-2279
-3840
-4258
-4053
-4508
-4714
-3227
-1417
-1505
-3083
-3361
-1800
-659
-703
-485
1054
2515
2660
2459
2976
3943
4219
3966
4316
5400
6382
6306
5491
4773
4417
4336
4265
4296
4283
3848
2882
1530
420
-26
75
78
-608
-1573
-2188
-2504
-3089
-3888
-4041
-3533
-3330
-3829
-4167
-3689
-3216
-3494
-3844
-3289
-2158
-1501
-1350
-1028
-535
-453
-697
-423
613
1597
1825
1508
1173
914
660
688
1156
1646
1590
947
232
-196
-308
-282
-251
-223
-296
-572
-1023
-1355
-1345
-1174
-1071
-1001
-789
-541
-531
-684
-716
-485
-117
265
690
1058
1194
1085
961
1076
1414
1802
2077
2164
2065
1811
1517
1364
1440
1617
1652
1466
1159
830
522
309
239
251
213
69
-140
-403
-624
-687
-620
-552
-533
-446
-390
-532
-708
-672
-454
-374
-373
-158
74
-141
-1130
-2570
-3544
-3199
-1745
-933
-1768
-3158
-3717
-3791
-4378
-4482
-2903
-1066
-1183
-2822
-3291
-2053
-1020
-884
-430
1059
2201
2055
1678
2170
3267
3798
3723
3978
4823
5658
5632
4985
4504
4371
4371
4244
4269
4464
4270
3396
2018
905
536
708
829
324
-549
-1332
-2044
-2899
-3610
-3451
-2738
-2645
-3426
-4083
-3897
-3591
-3815
-3896
-3167
-2183
-1914
-2115
-1867
-1262
-1053
-1273
-1046
-20
947
1131
807
605
506
184
50
657
1593
1794
969
50
-304
-335
-341
-125
388
516
-143
-995
-1280
-998
-722
-563
-315
-122
-252
-623
-738
-428
-17
275
494
790
1041
1067
972
976
1220
1561
1815
1995
2103
2065
1789
1457
1370
1542
1734
1743
1586
1294
848
391
180
302
500
461
159
-203
-519
-810
-946
-783
-480
-403
-603
-800
-912
-1029
-1070
-835
-473
-338
-392
-416
-531
-1134
-2202
-2994
-2829
-1862
-1124
-1445
-2457
-3264
-3627
-3937
-3923
-2871
-1364
-978
-2055
-3018
-2689
-1784
-1167
-492
707
1716
1666
1128
1236
2132
3049
3551
3954
4447
4806
4786
4480
4256
4305
4524
4633
4519
4343
4119
3598
2664
1717
1308
1398
1429
996
244
-503
-1242
-2067
-2693
-2677
-2185
-2049
-2655
-3437
-3761
-3753
-3783
-3633
-3001
-2287
-2141
-2474
-2573
-2204
-1815
-1655
-1326
-547
164
193
-201
-346
-190
-130
-30
544
1262
1287
565
-86
-194
-37
169
515
826
651
-35
-659
-775
-451
-19
251
254
25
-306
-571
-571
-198
339
660
657
571
565
571
613
862
1282
1580
1622
1567
1531
1448
1301
1238
1339
1488
1517
1370
1108
820
573
401
355
427
466
284
-78
-368
-484
-541
-577
-502
-379
-431
-658
-807
-771
-680
-612
-475
-291
-223
-296
-330
-228
-211
-671
-1690
-2609
-2530
-1547
-920
-1472
-2445
-2884
-3143
-3786
-3987
-2760
-1163
-1109
-2431
-3183
-2638
-1927
-1571
-722
787
1655
1153
408
702
1804
2780
3385
3936
4365
4356
4012
3801
4015
4508
4909
4926
4555
4112
3820
3518
2972
2381
2132
2116
1787
999
260
-107
-524
-1357
-2115
-2138
-1768
-1934
-2712
-3286
-3343
-3445
-3788
-3739
-3021
-2398
-2545
-3050
-3147
-2785
-2404
-2131
-1729
-1138
-687
-700
-1006
-1046
-622
-185
-59
129
657
921
434
-139
40
601
731
611
818
1029
608
-59
-107
387
674
568
466
445
227
-136
-221
147
624
773
581
381
359
373
371
587
1050
1339
1166
874
867
1006
1011
1003
1181
1338
1184
859
691
693
658
562
531
567
532
362
138
-14
-55
-62
-112
-149
-108
-104
-274
-477
-466
-303
-259
-332
-302
-198
-245
-398
-395
-229
-186
-468
-1106
-1926
-2413
-2132
-1471
-1341
-1894
-2407
-2651
-3152
-3770
-3460
-2134
-1250
-1714
-2570
-2669
-2313
-2152
-1729
-486
823
1070
439
93
533
1324
2092
2889
3624
3924
3677
3265
3184
3611
4299
4814
4854
4491
4021
3610
3231
2930
2894
3057
2939
2233
1303
713
433
35
-460
-664
-652
-1001
-1823
-2496
-2625
-2598
-2825
-3040
-2892
-2674
-2856
-3268
-3377
-3121
-2871
-2734
-2483
-2125
-1970
-2065
-2061
-1772
-1379
-1067
-814
-626
-580
-591
-478
-236
23
277
501
559
435
380
532
694
747
832
974
948
750
683
829
926
881
874
949
928
811
781
854
890
876
903
952
945
890
838
813
818
844
845
816
801
779
687
555
502
514
484
412
380
355
246
96
17
-10
-65
-133
-153
-155
-209
-301
-386
-456
-515
-534
-517
-488
-480
-502
-552
-598
-593
-547
-484
-430
-396
-432
-573
-820
-1142
-1387
-1370
-1115
-961
-1142
-1482
-1711
-1882
-2118
-2169
-1758
-1212
-1123
-1488
-1732
-1598
-1373
-1156
-669
84
570
480
213
278
697
1220
1762
2314
2667
2638
2378
2227
2396
2826
3301
3575
3509
3174
2774
2480
2340
2362
2501
2553
2266
1658
1044
684
520
388
288
232
28
-482
-1109
-1483
-1534
-1503
-1542
-1592
-1661
-1907
-2306
-2580
-2539
-2317
-2130
-2035
-2024
-2117
-2256
-2314
-2252
-2073
-1763
-1413
-1269
-1370
-1446
-1353
-1262
-1205
-903
-370
-67
-178
-296
-168
-38
-10
235
746
1049
923
729
755
840
884
1082
1457
1677
1553
1297
1174
1196
1270
1386
1547
1643
1529
1236
992
958
1036
1049
1003
974
866
579
287
222
305
287
159
78
22
-156
-387
-452
-352
-306
-393
-483
-504
-536
-623
-682
-627
-518
-465
-489
-511
-480
-452
-467
-460
-366
-250
-232
-276
-260
-188
-164
-199
-189
-132
-132
-196
-215
-161
-152
-247
-364
-417
-418
-413
-392
-379
-422
-528
-639
-692
-672
-584
-462
-383
-407
-492
-549
-528
-431
-267
-64
86
113
59
40
112
251
438
650
806
846
804
783
841
960
1111
1263
1353
1344
1264
1173
1109
1085
1111
1155
1145
1030
844
654
503
401
338
301
242
126
-50
-235
-363
-429
-460
-485
-515
-568
-658
-760
-825
-837
-829
-808
-786
-794
-845
-889
-889
-871
-849
-799
-730
-707
-740
-762
-728
-676
-644
-594
-516
-463
-463
-454
-396
-328
-291
-246
-161
-83
-52
-29
30
94
133
170
228
287
328
363
401
434
465
499
523
528
533
558
590
602
582
564
563
555
516
480
490
521
505
447
405
398
377
322
290
310
336
316
260
214
190
175
161
151
142
126
90
35
-13
-32
-33
-50
-89
-127
-158
-190
-229
-253
-254
-257
-278
-302
-311
-322
-345
-364
-366
-354
-342
-338
-345
-353
-354
-359
-369
-367
-347
-323
-317
-317
-302
-278
-272
-275
-263
-227
-195
-176
-154
-128
-113
-122
-134
-127
-101
-80
-67
-66
-70
-80
-94
-97
-77
-41
-15
-12
-19
-12
12
38
73
124
178
208
219
240
292
355
406
447
495
535
550
563
602
661
698
697
678
672
667
646
629
633
630
579
487
413
375
342
293
240
197
145
70
-17
-83
-122
-151
-193
-246
-296
-339
-385
-444
-505
-540
-554
-582
-630
-671
-689
-705
-743
-781
-784
-769
-773
-793
-788
-751
-721
-716
-704
-660
-611
-580
-543
-470
-389
-330
-288
-239
-174
-102
-26
52
128
194
258
310
357
418
497
564
603
632
671
709
725
739
766
792
790
760
730
707
682
653
629
604
558
484
408
347
301
258
216
181
131
59
-15
-51
-63
-92
-135
-165
-176
-197
-238
-257
-245
-238
-274
-319
-321
-294
-287
-306
-311
-300
-314
-351
-363
-337
-306
-298
-306
-308
-311
-326
-334
-321
-293
-265
-246
-235
-234
-237
-231
-204
-168
-135
-104
-72
-48
-34
-16
22
66
103
129
156
185
214
243
269
295
311
318
325
332
341
357
370
369
352
331
317
305
293
284
279
264
232
191
163
145
127
101
80
55
27
-10
-51
-82
-106
-132
-164
-197
-228
-251
-275
-305
-331
-350
-364
-379
-390
-389
-377
-370
-374
-381
-374
-352
-325
-293
-254
-214
-192
-183
-166
-126
-69
-14
34
74
100
116
131
161
204
250
282
298
304
300
295
296
308
321
329
315
292
264
240
223
216
216
213
195
156
114
86
77
81
87
91
80
49
11
-12
-12
4
17
18
2
-26
-56
-82
-92
-89
-85
-93
-118
-146
-177
-202
-220
-233
-241
-252
-265
-282
-299
-310
-318
-317
-306
-293
-277
-260
-246
-229
-207
-173
-137
-95
-58
-24
6
36
72
111
150
179
202
220
236
251
262
272
279
282
279
274
267
256
242
229
223
224
224
221
210
195
179
171
174
188
198
197
184
161
140
128
125
125
120
101
71
32
-9
-47
-80
-110
-140
-171
-209
-250
-297
-343
-384
-419
-441
-453
-462
-471
-483
-497
-506
-503
-483
-450
-408
-372
-340
-312
-283
-247
-197
-139
-76
-15
35
71
100
129
166
207
251
295
325
343
342
339
336
345
356
365
364
354
332
305
281
268
264
261
252
237
219
202
188
180
177
175
169
157
145
134
124
115
103
91
75
55
31
7
-13
-30
-48
-68
-92
-121
-153
-185
-205
-223
-234
-247
-268
-291
-312
-331
-338
-337
-331
-326
-324
-324
-320
-311
-295
-273
-250
-227
-207
-185
-158
-128
-96
-67
-42
-16
9
40
71
105
132
153
168
178
188
203
220
235
244
245
240
233
229
226
227
229
227
222
216
209
203
200
198
198
193
187
179
171
161
150
135
120
97
75
54
30
6
-22
-56
-91
-123
-154
-180
-205
-228
-252
-276
-300
-321
-333
-336
-332
-325
-316
-310
-306
-297
-280
-253
-219
-186
-161
-140
-118
-94
-64
-30
3
30
52
65
79
96
112
131
145
156
162
166
168
173
179
184
186
189
186
182
182
183
186
186
180
177
173
169
164
157
152
144
135
123
107
94
82
71
58
44
26
7
-10
-24
-35
-49
-62
-82
-102
-120
-128
-133
-140
-150
-166
-183
-192
-197
-194
-190
-186
-183
-188
-192
-188
-175
-150
-125
-110
-100
-90
-76
-55
-27
1
28
48
59
65
75
91
111
125
133
137
133
127
119
116
118
120
116
108
93
80
67
60
53
49
46
38
28
17
8
2
1
1
3
1
-5
-10
-15
-18
-16
-10
-6
-2
-4
-7
-13
-16
-18
-15
-14
-12
-17
-28
-34
-43
-49
-52
-51
-52
-55
-60
-68
-76
-80
-81
-77
-72
-70
-69
-71
-71
-71
-65
-55
-43
-32
-26
-21
-17
-7
2
16
30
41
52
59
64
70
75
82
91
96
101
101
99
95
92
89
86
84
80
73
67
60
53
47
43
39
35
29
23
15
9
6
3
-1
-5
-9
-15
-21
-27
-32
-38
-43
-52
-59
-66
-72
-79
-86
-91
-96
-102
-107
-110
-113
-113
-110
-108
-108
-104
-96
-85
-76
-67
-55
-45
-32
-21
-6
8
23
36
49
60
70
83
92
98
106
109
113
114
112
110
106
103
97
88
80
74
64
54
44
35
27
19
12
6
0
-5
-10
-14
-17
-18
-20
-22
-24
-25
-26
-26
-28
-30
-31
-33
-34
-34
-34
-37
-38
-39
-40
-40
-40
-42
-43
-41
-41
-41
-39
-38
-39
-38
-38
-36
-34
-31
-29
-28
-25
-21
-18
-13
-9
-5
0
3
9
14
22
27
32
37
41
43
47
51
53
53
53
53
51
50
49
46
42
40
36
31
27
22
19
18
16
14
11
13
14
9
7
6
5
4
3
1
-1
-4
-7
-9
-14
-17
-22
-28
-33
-36
-39
-43
-45
-48
-50
-51
-54
-55
-55
-54
-52
-50
-48
-46
-43
-40
-35
-30
-25
-20
-16
-9
-3
2
9
15
20
26
30
36
40
42
44
46
48
47
48
44
44
41
38
33
29
24
20
17
14
9
7
5
2
3
2
0
-1
-1
-2
-4
-4
-3
-2
0
-1
-3
-1
-2
-2
-4
-4
-5
-4
-2
-5
-5
-5
-7
-7
-8
-10
-11
-11
-13
-14
-15
-15
-17
-17
-19
-17
-17
-16
-16
-15
-12
-10
-8
-8
-8
-4
-2
1
2
4
4
4
6
7
8
8
9
6
6
7
6
6
6
7
7
6
5
6
5
3
3
4
4
6
5
5
6
4
5
5
5
4
3
3
3
3
1
2
-1
-1
-3
-3
-3
-6
-7
-8
-7
-8
-9
-9
-8
-8
-10
-7
-7
-6
-3
-2
-1
0
3
3
4
6
7
7
9
10
8
9
9
11
10
8
7
5
3
2
2
2
0
-2
-1
-4
-2
-2
-4
-4
-4
-5
-6
-6
-6
-4
-4
-4
-4
-4
-5
-6
-5
-5
-3
-2
1
1
1
1
2
1
1
1
2
2
-1
-1
-3
-2
-3
-4
-6
-7
-7
-9
-9
-10
-9
-8
-7
-6
-4
-2
-3
-1
-1
2
4
6
7
9
10
8
9
11
11
14
15
14
14
14
13
12
12
12
12
11
7
8
5
3
2
1
-1
-2
-3
-4
-6
-7
-9
-10
-9
-9
-8
-10
-12
-13
-12
-12
-11
-10
-10
-9
-8
-8
-8
-8
-7
-6
-6
-5
-4
-6
-7
-7
-5
-4
-3
-2
-2
-2
-3
-2
-1
0
2
4
4
3
5
4
5
7
8
9
8
9
9
10
11
10
12
11
12
11
9
9
10
11
10
11
11
9
8
7
8
7
7
7
6
4
1
0
-2
-2
-2
-1
-1
-3
-4
-6
-6
-6
-7
-8
-8
-10
-10
-11
-12
-12
-11
-10
-11
-13
-13
-13
-14
-13
-11
-10
-10
-9
-10
-9
-8
-7
-8
-6
-4
