2
0
0
1
0
-1
1
0
1
0
-2
-2
-1
-3
-2
-4
-6
-4
-4
-3
-1
0
0
2
3
4
5
4
4
4
5
4
4
4
6
5
3
3
1
-1
-2
-3
-4
-4
-4
-2
-1
-1
0
-1
1
2
2
1
1
0
0
0
-3
-3
-6
-5
-6
-4
-1
0
4
2
1
0
1
0
0
1
2
0
0
0
1
2
0
0
0
-2
-2
-4
-3
-3
-3
-3
-3
-3
-1
0
0
1
1
1
0
0
-2
-1
-2
-2
0
1
1
0
1
1
0
0
0
-1
0
2
3
5
5
4
5
4
6
4
2
2
1
0
-1
-1
-1
0
1
3
3
3
1
1
-1
-2
-2
-2
-3
-3
-1
0
0
1
-1
-1
1
-1
-1
-1
0
0
0
1
1
5
4
2
2
1
-1
-1
-2
-2
-3
-2
-3
-1
1
1
2
-1
-3
-4
-2
-4
-5
-6
-6
-5
-5
-4
-3
-3
-2
0
-1
-2
-1
1
1
2
0
0
3
2
3
2
3
3
2
2
2
1
0
-1
-1
-1
-1
-2
-2
-2
-1
-3
-3
-2
-1
-1
1
1
1
1
2
3
2
3
5
5
6
6
8
7
7
4
2
3
3
4
5
5
4
5
4
3
2
-1
-2
-2
-3
-2
0
1
2
1
1
0
0
-1
-4
-5
-7
-7
-8
-7
-5
-4
-4
-3
-3
-3
-3
-3
-3
-3
-5
-3
-3
-4
-4
-4
-3
-3
-3
-3
-3
-2
-3
-2
-1
0
-1
-1
0
0
1
2
4
5
4
4
4
4
4
2
4
2
1
1
0
-1
1
3
5
4
4
7
8
7
8
8
8
7
6
5
4
6
5
4
2
-1
-1
-3
-2
-2
-2
-2
-4
-3
-6
-7
-5
-6
-5
-4
-4
-4
-4
-5
-5
-6
-6
-6
-7
-7
-7
-10
-6
-7
-8
-7
-5
-5
-4
-2
-2
-3
-3
-2
-2
-1
-1
1
1
1
3
4
5
5
7
6
6
7
6
5
5
5
4
7
8
7
8
6
7
6
5
6
6
5
6
5
3
3
4
4
4
4
5
6
7
6
11
11
11
11
9
15
17
15
17
15
14
14
10
4
-1
-7
-15
-25
-32
-39
-45
-61
-75
-80
-89
-92
-103
-117
-118
-121
-118
-119
-130
-126
-117
-110
-99
-97
-91
-79
-66
-54
-44
-34
-19
-4
7
19
32
42
51
61
65
76
84
88
93
96
103
111
116
122
125
131
145
152
160
170
179
199
217
229
240
249
266
289
295
302
305
307
322
321
314
305
292
282
264
242
218
189
160
131
95
57
16
-30
-77
-125
-174
-225
-273
-327
-380
-428
-477
-517
-564
-614
-647
-676
-698
-725
-755
-767
-772
-783
-787
-800
-801
-783
-762
-722
-682
-636
-559
-473
-378
-281
-187
-87
13
109
196
288
374
450
517
573
629
682
708
725
739
750
765
762
759
759
758
769
779
785
798
804
817
838
846
859
867
882
912
927
927
921
903
889
853
797
739
673
601
523
443
354
250
131
1
-145
-308
-477
-634
-782
-920
-1041
-1141
-1225
-1306
-1379
-1428
-1446
-1452
-1460
-1455
-1433
-1445
-1527
-1652
-1768
-1874
-2011
-2130
-2130
-1997
-1826
-1665
-1446
-1136
-839
-644
-479
-249
13
215
380
592
850
1058
1179
1261
1344
1396
1387
1352
1336
1343
1355
1369
1383
1385
1366
1338
1300
1232
1142
1081
1075
1087
1076
1077
1132
1203
1208
1149
1090
1050
968
814
649
528
424
282
115
-29
-148
-280
-435
-584
-702
-796
-859
-892
-900
-894
-854
-777
-707
-686
-667
-604
-538
-537
-584
-589
-547
-545
-623
-692
-675
-632
-662
-734
-745
-693
-678
-739
-795
-782
-744
-742
-758
-724
-641
-556
-499
-441
-355
-254
-166
-91
-18
70
168
252
309
347
389
434
462
460
458
475
501
508
491
483
490
489
459
418
405
414
418
407
396
405
424
422
391
354
333
325
313
297
294
315
345
357
347
335
333
333
331
328
328
330
326
290
209
100
-2
-70
-112
-136
-133
-83
3
77
101
84
42
-27
-132
-261
-379
-452
-476
-459
-416
-349
-270
-199
-170
-200
-279
-377
-481
-586
-677
-725
-714
-655
-575
-487
-393
-308
-251
-225
-223
-230
-237
-236
-226
-196
-149
-89
-25
28
74
109
128
135
136
137
141
152
166
192
221
256
292
325
348
363
367
360
341
308
274
245
219
203
200
204
217
230
233
229
215
191
159
126
96
74
65
69
77
84
88
82
68
49
23
-6
-36
-59
-71
-80
-89
-93
-88
-78
-72
-71
-73
-70
-76
-96
-127
-154
-170
-183
-196
-194
-178
-151
-129
-117
-111
-109
-111
-126
-144
-156
-153
-143
-134
-123
-99
-68
-41
-22
-4
21
46
58
63
68
78
78
72
65
67
71
68
55
42
32
17
-8
-36
-51
-51
-48
-44
-33
-9
25
56
77
93
110
122
115
99
80
68
56
41
31
33
42
49
47
41
30
15
-6
-31
-49
-52
-46
-33
-12
17
47
69
77
76
68
54
38
20
9
5
3
0
-3
-6
-13
-21
-31
-42
-50
-56
-58
-55
-52
-50
-47
-42
-36
-31
-28
-23
-17
-15
-13
-14
-12
-12
-15
-18
-21
-17
-14
-8
-2
3
8
10
8
3
-5
-13
-21
-25
-28
-24
-21
-14
-7
-3
0
-2
-4
-8
-14
-20
-25
-29
-32
-29
-23
-17
-6
6
16
22
26
28
27
21
14
13
11
8
6
9
15
17
13
11
12
14
14
11
15
26
35
42
47
54
68
84
94
103
118
135
148
149
150
151
151
136
110
94
87
79
60
40
30
32
25
5
-14
-20
-15
-17
-27
-34
-21
-3
-5
-35
-49
-41
-47
-92
-135
-129
-110
-144
-212
-227
-202
-237
-336
-416
-405
-389
-438
-465
-394
-275
-209
-181
-107
6
69
55
25
23
9
-57
-144
-206
-257
-319
-375
-404
-430
-465
-469
-435
-410
-402
-362
-275
-181
-116
-34
95
231
325
404
512
619
687
723
771
831
851
839
836
847
854
831
791
765
747
724
701
677
658
639
634
646
660
670
690
722
764
821
883
916
900
881
878
825
684
504
352
179
-114
-477
-753
-887
-994
-1164
-1341
-1398
-1330
-1334
-1505
-1677
-1687
-1637
-1685
-1736
-1633
-1445
-1338
-1269
-1115
-944
-956
-1241
-1701
-2185
-2634
-3142
-3686
-3937
-3651
-3111
-2728
-2308
-1454
-409
223
497
981
1714
2196
2316
2500
2918
3291
3445
3507
3559
3526
3335
2975
2466
1939
1531
1183
792
463
374
470
567
648
805
1020
1206
1337
1415
1441
1490
1612
1718
1746
1803
1939
1975
1775
1463
1177
828
295
-348
-921
-1388
-1811
-2188
-2462
-2603
-2632
-2599
-2549
-2465
-2316
-2156
-2032
-1858
-1586
-1357
-1213
-1023
-869
-920
-880
-431
-80
-403
-865
-714
-422
-769
-1336
-1325
-1014
-1071
-1358
-1336
-1004
-748
-727
-767
-575
-134
202
233
292
670
1090
1247
1329
1548
1741
1746
1649
1566
1521
1504
1441
1251
1034
940
922
826
659
545
531
542
480
368
340
424
446
332
285
416
533
468
343
328
378
365
246
109
37
-9
-121
-275
-345
-317
-330
-435
-543
-572
-561
-598
-689
-755
-726
-649
-607
-601
-554
-466
-403
-374
-330
-257
-207
-216
-257
-273
-244
-227
-260
-306
-298
-257
-250
-298
-362
-402
-413
-407
-394
-365
-324
-293
-261
-190
-70
40
91
117
170
236
274
300
334
366
394
432
462
466
476
503
499
454
430
457
485
473
441
431
443
444
419
390
396
418
397
361
364
382
368
336
330
330
303
252
197
138
76
23
-23
-73
-118
-145
-167
-200
-233
-244
-220
-205
-236
-286
-296
-269
-265
-296
-320
-323
-318
-299
-282
-306
-321
-257
-192
-246
-339
-326
-290
-364
-460
-437
-351
-333
-397
-454
-405
-259
-162
-208
-265
-190
-90
-105
-182
-201
-165
-117
-67
-25
8
52
96
110
139
217
304
351
375
406
454
497
465
314
108
-108
-422
-906
-1418
-1769
-1976
-2138
-2210
-2051
-1684
-1281
-894
-428
128
607
921
1187
1507
1794
1968
2096
2235
2331
2345
2286
2146
1900
1568
1173
746
359
54
-217
-476
-672
-783
-815
-710
-460
-187
52
375
812
1177
1386
1579
1798
1893
1799
1655
1552
1414
1133
731
323
-13
-332
-701
-1054
-1287
-1433
-1572
-1661
-1612
-1463
-1313
-1183
-1032
-838
-606
-388
-252
-172
-41
134
224
173
37
-124
-268
-358
-407
-475
-560
-615
-671
-750
-770
-736
-844
-1177
-1526
-1687
-1727
-1765
-1772
-1697
-1537
-1267
-924
-643
-438
-167
174
402
504
680
978
1060
460
-800
-2079
-2989
-4065
-5594
-6461
-5705
-4431
-4073
-3705
-1697
1021
2280
2384
3324
5085
5885
5538
5634
6599
7221
6984
6692
6730
6506
5679
4563
3321
1866
460
-514
-1177
-1833
-2264
-2055
-1389
-823
-479
-9
687
1223
1273
1105
1279
1835
2180
2063
2040
2438
2634
2104
1291
636
-263
-1719
-3157
-4004
-4592
-5488
-6549
-7097
-6778
-5973
-5365
-5088
-4616
-3672
-2678
-1958
-1213
-210
720
1279
1639
2057
2468
2611
2272
1527
788
303
-166
-897
-1664
-2074
-2165
-2211
-2193
-1872
-1280
-765
-508
-255
294
1006
1518
1758
1982
2321
2651
2848
2918
2910
2827
2623
2279
1921
1730
1640
1368
929
692
789
873
709
490
394
293
74
-114
-135
-83
-192
-527
-733
-368
324
426
-378
-1119
-881
-209
-190
-692
-765
-402
-433
-878
-912
-420
-211
-584
-958
-1023
-1423
-3007
-5587
-7652
-7888
-7017
-6828
-7190
-6095
-3228
-839
-9
991
3258
5090
5051
4495
5128
6377
6908
6815
6804
6842
6723
6524
5890
4325
2354
943
-163
-1809
-3478
-3866
-3179
-2869
-3161
-2792
-1318
103
549
521
861
1526
1925
1903
1927
2381
2924
2846
2157
1652
1591
1109
-369
-1999
-2866
-3467
-4611
-5702
-5641
-4764
-4255
-4147
-3541
-2363
-1448
-1076
-777
-318
98
413
765
1118
1410
1730
1997
1933
1597
1380
1268
760
-179
-877
-1000
-1059
-1428
-1664
-1377
-961
-878
-879
-576
-161
-24
-92
-9
306
637
842
980
1168
1414
1614
1686
1674
1684
1672
1440
975
622
610
649
402
94
99
225
110
2
312
683
527
171
302
584
163
-683
-801
-38
547
414
146
216
314
135
-82
-79
-2
-43
-174
-324
-392
-161
37
-1412
-5614
-10295
-11429
-9103
-8160
-10447
-11217
-7019
-2087
-1260
-1556
2079
7143
7639
4606
4298
7749
10107
9324
8391
9110
9827
9507
9019
8270
6216
3483
1423
-561
-3436
-5636
-5270
-3917
-4433
-6037
-5435
-2361
-150
-532
-1303
-248
1437
1580
854
1652
4043
5509
4892
4007
4484
5228
4451
2380
355
-1375
-3278
-5086
-6234
-6941
-7622
-8029
-7921
-7752
-7725
-7133
-5706
-4460
-4052
-3425
-1581
547
1654
2265
3477
4748
4901
4274
4002
3978
3270
1930
838
268
-216
-754
-1131
-1376
-1665
-1863
-1829
-1772
-1814
-1661
-1198
-827
-695
-282
669
1564
1923
2145
2669
3151
3133
2853
2773
2778
2499
2012
1699
1613
1486
1198
893
670
430
75
-357
-753
-987
-989
-817
-604
-328
78
463
639
793
1236
1789
1991
1874
1918
2227
2338
2033
1670
1512
1290
718
42
-377
-644
-1241
-2415
-3833
-4952
-6011
-8357
-12437
-15933
-16005
-13732
-12937
-13931
-12659
-7713
-3300
-2229
-1247
2840
7172
7832
6672
7862
11010
12719
12578
12794
13777
14110
13601
12931
11632
9078
6222
4054
1729
-1544
-4349
-5064
-4763
-5599
-7180
-7173
-5214
-3634
-3881
-4434
-3409
-1515
-659
-741
154
2518
4590
5171
5332
6316
7444
7462
6498
5333
3946
2100
248
-1299
-2946
-4677
-5755
-6259
-7212
-8581
-9062
-8510
-8360
-9005
-9011
-7722
-6378
-5785
-4977
-3146
-1113
152
991
2096
3252
3888
4033
4036
3949
3739
3515
3250
2778
2241
1949
1736
1130
236
-331
-484
-804
-1453
-1839
-1642
-1335
-1324
-1277
-777
-62
383
590
912
1405
1801
1999
2157
2363
2561
2729
2877
2954
2950
2944
2904
2660
2220
1816
1505
1064
414
-199
-594
-894
-1211
-1405
-1361
-1247
-1292
-1447
-1488
-1351
-1186
-1107
-1062
-939
-704
-414
-133
126
385
621
765
780
714
618
503
336
109
-168
-487
-869
-1294
-1686
-2030
-2551
-3525
-4784
-5700
-5903
-5817
-5952
-6066
-5554
-4515
-3640
-3076
-2239
-911
292
864
1151
1708
2510
3200
3717
4265
4907
5527
6050
6447
6687
6796
6825
6707
6309
5662
5001
4491
4059
3529
2889
2323
1950
1645
1209
666
203
-154
-567
-1115
-1647
-2013
-2245
-2458
-2681
-2861
-2960
-3003
-3035
-3056
-3042
-2991
-2925
-2871
-2841
-2821
-2772
-2670
-2564
-2516
-2500
-2428
-2297
-2191
-2142
-2077
-1933
-1747
-1594
-1478
-1324
-1100
-851
-638
-458
-268
-52
152
316
451
592
758
946
1131
1304
1508
1786
2103
2363
2549
2734
2946
3091
3142
3180
3257
3317
3310
3264
3188
3036
2774
2425
1998
1489
928
380
-142
-669
-1206
-1688
-2075
-2406
-2730
-3021
-3207
-3318
-3415
-3477
-3401
-3203
-3028
-2948
-2876
-2755
-2662
-2658
-2696
-2692
-2627
-2503
-2284
-1922
-1419
-812
-152
500
1090
1588
2005
2376
2708
3004
3293
3590
3863
4065
4227
4393
4518
4508
4371
4205
4031
3783
3434
3044
2660
2256
1811
1349
892
429
-54
-541
-992
-1369
-1686
-1987
-2272
-2505
-2676
-2815
-2946
-3042
-3077
-3067
-3041
-2999
-2917
-2778
-2595
-2399
-2191
-1968
-1742
-1519
-1296
-1064
-831
-592
-338
-76
151
334
529
780
1028
1198
1309
1402
1458
1458
1439
1446
1446
1397
1320
1247
1186
1123
1048
950
824
685
567
467
347
203
84
-5
-112
-252
-375
-448
-510
-588
-647
-666
-690
-760
-841
-901
-964
-1046
-1101
-1110
-1106
-1096
-1045
-946
-855
-782
-687
-560
-453
-390
-342
-275
-194
-124
-48
53
150
206
243
309
402
464
486
522
592
652
683
725
801
888
962
1044
1136
1209
1233
1221
1187
1134
1072
1017
964
893
824
780
749
698
630
569
517
448
361
292
264
241
187
122
83
63
24
-32
-80
-131
-211
-306
-378
-430
-484
-543
-584
-617
-649
-664
-661
-667
-703
-754
-798
-836
-876
-927
-968
-984
-998
-1035
-1079
-1096
-1102
-1144
-1217
-1267
-1297
-1358
-1441
-1479
-1459
-1437
-1419
-1365
-1270
-1183
-1091
-955
-789
-633
-480
-307
-139
17
203
424
631
803
972
1158
1321
1441
1544
1646
1751
1862
1978
2095
2200
2287
2362
2416
2433
2417
2399
2380
2325
2214
2076
1935
1776
1583
1377
1177
959
716
477
256
32
-216
-477
-722
-932
-1116
-1296
-1474
-1610
-1686
-1743
-1819
-1887
-1914
-1920
-1939
-1954
-1937
-1904
-1884
-1865
-1818
-1762
-1717
-1682
-1649
-1616
-1565
-1490
-1412
-1341
-1247
-1110
-963
-827
-680
-500
-308
-132
27
205
397
568
699
811
952
1106
1218
1275
1329
1405
1453
1446
1423
1418
1387
1302
1210
1154
1122
1079
1019
952
878
818
775
731
664
592
543
515
501
509
541
555
539
517
506
485
421
329
236
151
69
-14
-84
-135
-183
-239
-304
-372
-440
-508
-582
-671
-773
-863
-913
-927
-939
-968
-996
-1009
-1024
-1058
-1105
-1142
-1169
-1193
-1218
-1227
-1204
-1152
-1095
-1049
-1018
-989
-959
-918
-852
-772
-697
-622
-521
-387
-242
-97
55
222
384
519
637
771
931
1086
1202
1294
1411
1567
1723
1852
1963
2069
2149
2187
2194
2192
2176
2123
2023
1890
1747
1611
1468
1292
1078
862
659
452
230
14
-174
-357
-550
-741
-904
-1048
-1197
-1344
-1462
-1545
-1621
-1706
-1777
-1811
-1827
-1847
-1864
-1853
-1813
-1764
-1716
-1658
-1575
-1474
-1374
-1287
-1213
-1128
-1025
-920
-833
-743
-621
-470
-329
-217
-105
32
176
285
356
428
528
621
676
721
793
895
984
1037
1078
1136
1201
1249
1268
1273
1279
1281
1278
1261
1230
1200
1172
1122
1036
937
860
792
694
567
449
362
287
209
140
92
50
-6
-65
-105
-130
-160
-209
-262
-292
-299
-302
-311
-313
-311
-320
-345
-377
-412
-465
-543
-630
-711
-780
-841
-887
-925
-954
-972
-973
-965
-967
-979
-983
-976
-972
-976
-971
-940
-892
-845
-797
-736
-655
-569
-494
-425
-341
-238
-130
-30
71
197
336
468
588
722
863
989
1095
1203
1322
1430
1509
1581
1665
1740
1780
1800
1824
1835
1801
1732
1663
1593
1484
1339
1199
1074
929
759
594
449
298
128
-42
-194
-345
-509
-675
-830
-975
-1117
-1250
-1372
-1480
-1571
-1647
-1706
-1755
-1785
-1793
-1781
-1761
-1728
-1685
-1625
-1543
-1453
-1361
-1262
-1138
-999
-866
-742
-610
-463
-330
-209
-85
38
141
235
337
428
479
514
584
661
692
701
752
839
889
885
899
957
995
969
938
949
971
951
915
910
920
902
853
806
772
720
644
565
500
446
390
339
294
256
225
196
157
104
51
3
-43
-107
-173
-220
-243
-271
-312
-354
-374
-383
-417
-480
-529
-546
-577
-639
-688
-691
-690
-717
-762
-788
-787
-798
-849
-903
-923
-920
-929
-942
-929
-876
-796
-711
-632
-543
-423
-284
-165
-68
37
163
292
395
475
565
668
744
790
849
938
1019
1064
1092
1126
1156
1174
1184
1196
1199
1187
1171
1162
1137
1098
1070
1039
983
895
800
699
579
431
282
160
43
-104
-270
-394
-478
-575
-686
-782
-887
-977
-1031
-1236
-1692
-2074
-2195
-2261
-2257
-2012
-1736
-1617
-1470
-1251
-1109
-1003
-807
-560
-323
-92
102
285
462
202
-762
-1558
-1266
-366
255
597
875
933
704
454
432
631
900
1163
1329
1392
1538
1699
1428
747
389
727
1235
1411
1449
1593
1583
1166
578
255
398
875
1327
1498
1431
1281
1082
824
570
513
760
1052
1026
701
407
293
139
-409
-1253
-1778
-1667
-1380
-1497
-1961
-2298
-2467
-3008
-4061
-4921
-4954
-4348
-3755
-3636
-3909
-4159
-4207
-4171
-4050
-3556
-2474
-1173
-437
-409
-335
271
1074
1681
2225
3025
4004
4712
4986
5114
5322
5559
5657
5560
5485
5686
5963
5844
5235
4461
3814
3307
2813
2355
2030
1679
923
-369
-1764
-2624
-2912
-3224
-3769
-4126
-4183
-4430
-5050
-5553
-5523
-5136
-4712
-4265
-3728
-3211
-2811
-2504
-2223
-1855
-1220
-326
507
1030
1389
1794
2107
2152
2188
2582
3177
3477
3353
3086
2823
2463
2029
1728
1634
1564
1307
816
195
-401
-852
-1152
-1371
-1525
-1582
-1625
-1811
-2122
-2311
-2222
-1969
-1705
-1409
-1050
-753
-624
-525
-252
171
584
945
1324
1702
1959
2003
1868
1718
1745
1958
2140
2105
1883
1574
1164
659
270
215
358
349
21
-452
-850
-1197
-1756
-2884
-4710
-6543
-7074
-5909
-4580
-4859
-6449
-7741
-8304
-8790
-8733
-7012
-4454
-3386
-4236
-4986
-4331
-3007
-1712
-115
1727
3017
3652
4363
5335
6194
7012
8038
8940
9501
10255
11381
11925
11236
10197
9942
10280
10451
10449
10506
10133
8821
7182
6349
6569
7138
7441
7343
6803
5802
4568
3396
2267
909
-799
-2716
-4592
-6274
-7793
-9144
-10012
-10108
-9913
-10323
-11403
-12351
-12973
-13959
-15301
-15812
-14789
-12998
-11382
-9909
-8318
-6908
-5976
-5198
-4130
-2806
-1585
-768
-429
-337
-114
336
771
1084
1427
1773
1823
1482
1040
697
282
-380
-1054
-1263
-847
-88
703
1536
2520
3491
4183
4648
5193
5902
6567
7101
7681
8357
8813
8738
8175
7357
6466
5637
4980
4464
4007
3647
3433
3279
3130
3118
3287
3420
3346
3194
3102
2956
2606
2200
1982
1852
1518
1008
461
-805
-3661
-6878
-7491
-5099
-3514
-5529
-8672
-9557
-9401
-10692
-11600
-9378
-6474
-7001
-9517
-9514
-6950
-5260
-4946
-3778
-1612
-21
1090
2578
3756
4038
4477
5590
6414
6981
8414
9844
9051
6723
6006
7433
8400
7857
7384
7374
6250
3935
2529
2838
3149
2138
542
-619
-1498
-2522
-3544
-4407
-5226
-5903
-6252
-6552
-7143
-7718
-7956
-8307
-9062
-9335
-8409
-7218
-7002
-7329
-6980
-6084
-5623
-5448
-4474
-2685
-1281
-842
-612
117
1055
1773
2497
3538
4577
5110
5194
5251
5511
5919
6278
6395
6286
6182
6101
5727
5041
4589
4617
4558
3975
3319
3056
2773
2010
1240
1089
1234
1014
553
322
232
-10
-188
-47
132
45
-98
-56
19
48
223
477
470
296
393
701
730
484
428
582
528
239
91
94
-90
-452
-668
-746
-967
-1291
-1496
-1700
-2026
-2249
-2746
-4705
-7669
-8625
-6255
-4059
-5458
-8259
-8791
-8334
-9633
-10445
-7722
-4610
-5580
-8285
-7825
-5218
-4294
-4354
-2797
-722
-85
457
2243
3675
3837
4370
5840
6953
7919
9815
11192
10173
8571
9179
10971
11405
10924
11070
10886
9113
7245
7078
7620
7074
5641
4405
3415
2278
1095
11
-1053
-1974
-2618
-3230
-3980
-4684
-5364
-6260
-7076
-7168
-6639
-6254
-6396
-6939
-7664
-7957
-7135
-5646
-4767
-4751
-4773
-4588
-4421
-3745
-2148
-737
-589
-888
-390
532
1011
1317
1888
2289
2287
2480
3020
3194
2788
2453
2499
2612
2736
2942
2768
1901
1037
904
1127
1073
863
692
201
-589
-920
-577
-306
-485
-654
-618
-733
-943
-839
-567
-559
-630
-354
84
271
282
342
382
408
682
1188
1495
1415
1229
1166
1176
1260
1465
1574
1357
1003
826
753
621
509
456
379
171
-792
-3184
-5561
-5090
-2254
-1416
-4082
-6296
-5804
-5679
-7279
-6962
-3854
-2755
-5268
-6585
-4470
-2754
-3318
-3210
-1385
-230
-25
1099
2564
2732
2692
3815
5011
5757
7302
8930
8352
6624
6908
8730
9238
8727
9154
9481
7922
6057
6009
6602
6003
4867
4212
3448
2238
1264
505
-600
-1618
-2018
-2458
-3406
-4163
-4548
-5418
-6639
-6934
-6257
-5978
-6490
-6903
-7022
-7454
-7894
-7361
-5987
-4961
-4851
-5189
-5335
-4901
-3832
-2587
-1703
-1165
-740
-502
-355
232
1264
1944
2000
2161
2788
3222
3056
2796
2865
3000
2999
3093
3276
3092
2414
1737
1497
1606
1769
1760
1423
819
319
138
133
195
374
496
283
-52
-85
71
1
-159
16
437
674
652
594
552
446
405
688
1239
1599
1415
919
624
685
881
984
962
854
631
289
3
-15
154
155
-130
-384
-352
-434
-1444
-3290
-4310
-3322
-1873
-2243
-3704
-4027
-3785
-4881
-5985
-4616
-2402
-2589
-4115
-3913
-2643
-2592
-2855
-1659
-193
45
128
1010
1745
1992
2574
3211
3318
3902
5380
5978
5089
4692
5419
5492
4803
5227
6400
6086
4507
3786
3957
3587
2904
2844
2752
1815
799
355
-111
-745
-946
-1065
-1787
-2435
-2312
-2335
-3157
-3731
-3442
-3251
-3559
-3535
-3127
-3225
-3806
-4014
-3686
-3223
-2656
-2093
-1992
-2277
-2358
-2121
-1743
-1079
-250
81
-237
-550
-412
-83
110
315
682
868
687
527
640
826
908
770
449
287
395
514
517
404
211
142
228
339
524
695
636
447
282
290
682
938
511
288
837
883
135
162
990
1102
583
562
955
1011
673
538
894
1173
954
779
867
725
530
624
571
418
586
528
42
17
394
200
-389
-466
-127
-116
-463
-567
-376
-349
-538
-766
-866
-579
-231
-436
-834
-816
-724
-906
-1002
-799
-611
-740
-993
-948
-668
-608
-751
-657
-347
-246
-410
-522
-377
-119
-51
-199
-250
-62
125
117
63
165
329
357
348
481
662
734
673
577
645
839
767
509
580
885
933
799
816
881
811
723
670
582
574
618
495
374
453
302
-213
-316
83
48
-282
-110
15
-404
-654
-595
-718
-818
-635
-530
-711
-851
-782
-779
-866
-706
-373
-353
-494
-223
29
-287
-351
48
-131
-414
56
226
-304
-351
6
-181
-495
-346
-295
-439
-186
-22
-419
-362
220
-28
-651
-203
395
-128
-354
555
763
66
159
398
-146
-132
460
423
287
501
436
127
-47
126
639
681
197
351
778
479
300
560
307
73
483
549
295
482
371
-235
-228
208
121
-276
-307
125
369
-196
-679
-20
552
-37
-284
403
438
-95
42
293
52
-36
15
-164
-54
287
61
-316
-145
-76
-404
-404
-112
-97
-321
-463
-347
-194
-369
-573
-443
-312
-410
-533
-520
-308
-95
-159
-376
-588
-685
-394
-64
-129
-19
245
-156
-481
26
181
-230
5
561
601
475
390
272
181
92
323
766
773
669
865
863
613
336
32
232
938
1137
745
340
-144
-389
-150
-158
-274
-29
-154
-274
409
343
-760
-706
-11
-451
-755
-163
-268
-872
-664
-324
-677
-894
-301
123
-332
-473
-31
-262
-510
-95
-331
-744
-164
167
-131
-8
78
-268
-216
147
97
77
605
688
-98
-203
435
114
-311
467
770
198
416
629
-47
-15
479
-136
-488
506
903
292
176
130
-328
-246
158
375
760
837
289
0
204
163
-227
-132
567
718
190
-35
12
-12
-213
-659
-379
556
469
-34
86
-388
-941
-398
-161
-337
203
335
-238
-134
-10
-598
-506
210
31
-308
197
268
-339
-481
-593
-909
-519
117
313
321
-114
-816
-884
-466
5
469
460
-66
-380
-164
58
-196
-431
-40
438
403
325
478
255
-245
-147
202
150
343
637
283
-1
99
65
184
361
323
305
105
73
351
-169
-703
-85
55
-499
-108
322
-98
-315
-411
-700
-371
194
98
53
437
133
-770
-622
415
465
-212
95
633
106
-165
440
442
-60
-28
150
292
401
-16
-254
225
284
63
323
-122
-904
-179
702
300
84
392
328
-81
-642
-566
274
139
-546
189
926
79
-555
-59
34
-509
-453
243
772
827
292
-500
-711
-447
-330
-215
101
244
-13
-241
-82
-118
-692
-850
-73
537
151
-243
33
-230
-947
-493
115
-417
-396
358
332
185
293
-69
-293
-99
-39
78
401
673
480
-386
-768
-169
-124
-468
367
1278
539
-531
-269
288
169
130
235
193
408
420
-107
-36
460
-97
-690
120
571
-189
-74
592
37
-136
531
-69
-477
613
414
-719
130
883
-442
-721
437
120
-567
2
99
-244
428
574
-582
-738
100
-113
-589
-14
517
80
-630
-631
-24
-4
-528
-404
-34
-142
-337
-507
-355
120
-94
-503
3
218
-317
24
652
145
49
708
207
-374
465
722
-171
-112
742
638
-49
63
385
-111
-313
258
319
160
560
481
-73
101
248
-501
-713
311
680
-53
-89
407
109
-466
-290
176
-27
-323
88
324
-142
-377
-184
-409
-966
-734
209
285
-252
161
324
-570
-515
86
-422
-414
672
500
-401
-51
291
-348
-529
53
71
-388
-187
337
285
-239
-313
226
152
-377
95
746
224
-136
145
-401
-678
407
669
-265
-85
931
576
-508
-55
1049
425
-506
429
994
-50
-256
310
12
-248
252
389
-160
-127
664
545
-461
-363
220
-656
-1183
181
731
-417
-629
67
-254
-764
-429
-325
-512
-196
176
165
-174
-495
-296
-212
-612
-274
476
-81
-690
286
877
-17
-474
110
230
-190
98
512
220
27
240
90
-171
413
840
53
-186
854
819
-221
323
1108
187
-331
202
160
14
374
428
264
165
-68
102
414
-19
-350
190
489
119
-46
-161
-499
-427
-428
-926
-508
642
350
-593
-116
289
-617
-620
431
113
-616
80
340
-515
-373
69
-927
-1357
-25
295
-640
-105
687
-581
-1536
-386
496
-41
-418
-22
171
-192
-365
-114
-3
-104
81
222
-153
36
912
640
-131
404
555
-434
-183
994
904
-50
-265
413
553
-140
68
809
302
-51
710
555
-123
384
583
-189
6
736
376
68
556
502
-29
-113
11
127
247
248
275
79
-424
-429
-59
-226
-452
-48
-35
-903
-1040
-104
67
-719
-910
-382
-112
-307
-539
-313
135
-370
-1328
-675
524
-28
-616
145
52
-762
-404
0
19
722
585
-583
3
1205
280
-740
-43
645
492
230
474
992
307
-1154
-794
910
1251
460
231
326
44
-320
-511
-378
251
497
-102
-209
579
720
-429
-1113
25
947
40
-248
920
924
-289
-714
-162
279
-56
-283
534
966
32
-469
103
150
-244
21
83
-306
281
600
-849
-1357
-57
-153
-1105
-203
437
-798
-954
93
-455
-1252
-249
374
-536
-902
-232
145
84
-45
-293
-414
-262
50
456
538
316
306
150
-44
404
558
99
467
1253
1019
530
662
524
-199
-289
558
1041
782
551
465
321
41
-256
1
455
197
-3
498
446
-337
-658
-770
-948
-319
470
115
-412
-257
-413
-753
-281
-13
-734
-767
159
111
-471
-82
32
-785
-725
81
-9
-266
208
288
-278
-408
-147
-145
-175
40
179
-107
-447
-27
398
-376
-773
148
121
-653
29
774
75
-403
-29
53
-20
321
290
-183
240
768
-18
-272
784
811
-120
142
1084
888
52
136
525
178
143
560
334
212
629
360
-304
-67
546
258
-439
-153
486
104
-372
-118
-131
-354
-94
-105
-493
-183
345
44
-276
-93
-425
-934
-534
-41
-173
-423
-661
-600
-247
-502
-877
-496
-188
-297
-414
-587
-478
-72
-190
-732
-654
-47
-94
-368
229
575
-2
-221
79
428
836
749
449
822
980
219
-25
705
898
426
450
617
385
368
444
269
150
-297
-774
67
1145
355
-881
-308
465
-299
-548
528
353
-762
-206
658
-64
-432
259
194
-291
129
675
451
228
518
416
-250
-113
521
93
-317
478
541
-516
-318
448
-208
-649
24
-5
-485
-139
342
186
-462
-868
-582
-538
-746
-129
256
-494
-855
-642
-773
-468
152
-321
-987
-376
305
-216
-891
-692
-304
-382
-388
-55
51
-197
-345
-254
-183
-152
200
640
506
233
429
339
-94
325
993
484
-80
497
825
365
437
903
768
484
418
305
440
796
579
-35
218
1121
765
-618
-504
779
749
-40
-51
-24
-264
-63
185
-83
-498
-609
-438
-216
-15
-84
-489
-526
-291
-504
-551
-172
-330
-596
-268
-278
-481
36
240
-263
-112
321
-140
-517
-37
240
24
46
130
-97
-172
60
136
-90
-327
-132
354
384
234
340
-154
-716
-20
568
221
408
633
-9
-31
554
308
-170
-9
262
218
205
477
371
-391
-604
33
171
-114
303
468
-200
-3
400
-566
-676
413
-258
-1178
-7
631
-234
-365
2
-304
-593
-219
374
650
402
-345
-761
-187
180
-449
-595
112
88
-549
-371
128
-53
-456
-632
-422
269
587
28
-373
-75
114
-162
-78
681
854
67
-221
305
412
144
272
290
136
442
499
-57
-97
332
263
89
297
426
431
485
159
-438
-224
508
135
-489
176
415
-654
-964
-128
232
-137
-251
70
158
-276
-551
-262
190
509
349
-280
-435
-109
-594
-1087
150
1073
-126
-721
410
595
-502
-645
139
403
196
110
8
69
618
550
-638
-998
176
805
1
-272
733
779
-481
-773
5
-23
-109
300
-237
-549
543
610
-1056
-849
674
-55
-1126
193
1414
228
-800
-1
587
-274
-680
272
740
517
263
-221
-220
545
286
-564
137
1046
180
-730
-142
235
-187
-329
-167
9
-19
-603
-696
72
161
-335
-521
-459
63
332
-267
-362
60
-457
-582
275
263
-275
-20
30
-351
-118
193
53
5
143
80
268
387
-31
-222
289
357
-67
242
614
113
-3
559
307
-109
374
324
-352
143
741
186
-48
501
188
-495
-119
496
126
-316
-241
-352
-384
-11
-125
-450
-260
-544
-875
-116
355
-318
-188
170
-769
-778
466
347
-475
-139
188
-92
-167
-102
97
159
2
-171
-121
115
268
238
4
42
278
164
-260
-170
323
268
-197
-283
13
-191
-318
321
264
-600
-154
832
281
-166
616
506
-532
-180
729
330
-213
142
355
-107
-412
-151
246
163
-53
-10
28
259
437
-84
-428
249
456
-342
-454
211
232
-332
-379
18
-118
-1198
-1785
-807
29
-145
-120
-13
-456
-519
-13
493
972
1259
1168
1173
1660
1853
1169
399
347
726
1000
1021
939
650
-42
-679
-811
-589
-308
-332
-560
-552
-578
-1029
-1489
-1329
-870
-797
-865
-540
-256
-648
-1135
-970
-631
-674
-567
-232
-191
-170
-136
-476
-740
-403
-54
-258
-391
-3
218
-129
-492
-602
-484
-123
115
63
59
149
-20
-243
31
459
469
304
347
661
1076
1106
804
773
942
991
1134
1426
1531
1297
866
595
811
1097
915
726
904
881
401
105
330
530
317
147
362
544
403
153
-3
-61
-79
-88
-58
-8
12
-94
-400
-640
-612
-601
-650
-449
-232
-421
-754
-826
-672
-553
-638
-704
-521
-386
-535
-606
-479
-538
-752
-799
-703
-516
-257
-209
-443
-677
-753
-645
-452
-302
-207
-266
-495
-542
-333
-249
-280
-221
-263
-394
-275
-58
-54
-95
-74
-132
-134
91
347
451
428
338
266
307
420
507
564
576
500
422
474
559
477
343
371
460
471
504
559
526
445
393
376
417
484
499
499
516
500
443
372
309
310
334
314
314
351
326
252
201
166
152
148
127
93
26
-81
-164
-197
-204
-198
-204
-244
-284
-314
-344
-340
-334
-346
-331
-309
-291
-219
-147
-160
-197
-203
-195
-139
-47
-5
-3
36
48
-27
-72
-21
17
14
59
125
137
129
137
145
144
160
259
416
492
470
471
510
510
483
479
504
489
359
197
146
121
-3
-113
-138
-189
-306
-408
-486
-589
-690
-754
-829
-948
-1056
-1223
-1620
-2111
-2322
-2319
-2568
-3258
-4145
-4800
-4768
-4109
-3560
-3511
-3512
-3308
-3254
-3256
-2541
-1050
187
657
1093
2000
2905
3489
4144
5085
5873
6236
6550
7118
7646
7798
7581
7117
6587
6225
6008
5691
5146
4265
2843
1121
-76
-464
-925
-2070
-3161
-3642
-4290
-5471
-6056
-5571
-5249
-5686
-5827
-5183
-4584
-4345
-3920
-3207
-2582
-2020
-1270
-364
588
1465
1929
1982
2226
2861
3324
3417
3522
3613
3276
2610
2132
1960
1737
1242
646
154
-278
-780
-1281
-1593
-1711
-1872
-2211
-2532
-2605
-2454
-2247
-2079
-1903
-1636
-1362
-1166
-818
-165
438
711
950
1421
1878
2082
2256
2496
2488
2141
1712
1314
805
-534
-3812
-7979
-9221
-6252
-3652
-5392
-8461
-8651
-8342
-11109
-13162
-9515
-4057
-3576
-6231
-5576
-1850
-158
-734
564
4234
6760
7207
8311
11291
13929
14081
12514
11658
12662
14405
15327
15310
14953
13841
11191
7980
6325
6537
6621
5095
2654
525
-1274
-3253
-5184
-6506
-7350
-8298
-9377
-10021
-9981
-9717
-9882
-10695
-11593
-11471
-9901
-7879
-6473
-5515
-4574
-4043
-4130
-3760
-1861
718
2090
2071
2243
3155
3639
3267
3175
3831
4121
3446
2781
2870
2921
1958
382
-680
-958
-1078
-1350
-1481
-1539
-2103
-3223
-4053
-3888
-3013
-2251
-1906
-1654
-1327
-1116
-967
-510
336
1240
1877
2303
2806
3416
3798
3798
3735
3928
4294
4633
4891
4979
4691
4076
3439
2991
2868
3137
3356
2858
1750
864
594
546
438
499
673
408
-304
-929
-1494
-2359
-3733
-6436
-10490
-12706
-10057
-5722
-5779
-9649
-11344
-10325
-11564
-14191
-11604
-4544
-1632
-4788
-6299
-2618
658
264
613
4497
8059
8445
8548
11012
13738
13892
12057
10722
11187
12849
14209
14215
13053
11324
8865
5686
3444
3622
4724
3957
1166
-1525
-3211
-4742
-6359
-7270
-7405
-7691
-8438
-8918
-8720
-8287
-8173
-8589
-9299
-9356
-7839
-5334
-3445
-2670
-2191
-1814
-2096
-2360
-898
2147
4341
4387
3743
3787
3796
3089
2730
3507
4266
3807
2733
2138
1786
837
-597
-1616
-1714
-1305
-1143
-1443
-1861
-2369
-3301
-4236
-4066
-2668
-1303
-889
-1002
-995
-938
-1002
-719
343
1701
2514
2722
2878
3103
3092
2914
3011
3505
4127
4594
4729
4453
3864
3207
2696
2521
2804
3234
3178
2480
1684
1208
947
749
648
604
343
-430
-1634
-2911
-5141
-9597
-13884
-13161
-7981
-5659
-9259
-12638
-11753
-11666
-15478
-16171
-9302
-2878
-4121
-7449
-5071
-222
456
-756
1889
7074
9585
9610
11131
14304
15884
14514
12363
12142
14204
16537
16918
15517
13834
11746
8334
4896
4102
5468
5522
2896
-334
-2475
-4316
-6530
-8170
-8612
-8666
-9079
-9512
-9604
-9603
-9703
-9919
-10353
-10545
-9240
-6346
-3867
-3116
-2858
-1990
-1642
-2149
-1226
2111
5046
5275
4420
4478
4550
3654
3168
4134
5158
4849
3697
2577
1583
577
-492
-1570
-2084
-1674
-1316
-2038
-3142
-3609
-4058
-5111
-5463
-4047
-2255
-1794
-2135
-2058
-1798
-1878
-1578
-204
1496
2450
2696
2790
2860
2849
2946
3297
3810
4392
4862
4904
4496
4012
3646
3189
2748
2801
3243
3320
2697
1902
1349
848
472
589
1054
1221
772
-89
-1241
-2617
-4823
-8777
-12766
-12584
-7653
-4388
-7411
-11931
-12246
-11405
-14105
-15615
-9871
-2516
-2375
-6772
-6528
-1670
466
-560
1015
6254
10019
10176
10371
12677
14877
14258
11884
11334
13820
16933
17335
15204
13053
11182
8245
4913
4150
5967
6532
3776
-238
-2875
-4537
-6401
-7888
-8209
-7919
-8134
-8864
-9571
-10029
-10196
-10294
-10469
-10333
-8900
-6175
-3843
-3224
-3669
-3662
-3058
-2342
-853
2003
4791
5276
3803
2729
2871
3199
3349
4113
5157
5017
3465
1743
735
98
-594
-1173
-1372
-1193
-1181
-1896
-3111
-4011
-4298
-4365
-4058
-2897
-1449
-1007
-1694
-2252
-1979
-1230
-247
1135
2626
3376
3209
2807
2761
3088
3567
4100
4559
4835
4829
4438
3770
3152
2876
2905
2978
2967
2874
2550
1812
858
179
-28
115
518
985
1078
578
-188
-973
-1966
-2999
-4223
-7085
-11311
-12767
-8915
-4814
-6780
-12039
-13367
-11482
-12524
-14824
-11086
-3421
-1635
-6576
-8537
-3617
999
893
1037
5411
9957
10270
9100
10897
14461
15350
13016
11670
13882
17066
17415
15069
12969
11710
9463
6376
5260
6750
7382
4574
155
-2858
-4280
-5483
-6536
-6891
-7046
-7828
-9099
-10189
-10741
-10643
-10102
-9786
-9864
-9277
-7228
-4931
-4163
-4601
-4458
-3328
-2199
-1024
1167
3676
4348
2936
1769
2369
3665
4280
4468
4715
4422
3076
1454
680
724
620
-148
-1052
-1376
-1399
-2024
-3245
-4019
-3891
-3603
-3500
-2939
-1870
-1425
-2097
-2705
-2137
-816
357
1268
2086
2512
2389
2242
2629
3458
4217
4606
4662
4566
4439
4171
3693
3227
3045
3126
3310
3452
3203
2252
995
245
250
583
903
1071
873
311
-222
-421
-415
-547
-1022
-1804
-3108
-5919
-10184
-12598
-10032
-5588
-5799
-10495
-12846
-11140
-11160
-14081
-12997
-6258
-2328
-5505
-8290
-4453
774
1091
-79
3021
8244
10136
9455
10764
14115
15433
13444
11702
13194
16329
17550
15963
13764
12300
10455
7652
5803
6363
7210
5422
1507
-1779
-3431
-4670
-6129
-7187
-7640
-8125
-9058
-10110
-10822
-10975
-10717
-10581
-10655
-10004
-7912
-5645
-5037
-5508
-4956
-3311
-2258
-1564
478
3120
3815
2713
2361
3234
3666
3524
4052
4896
4664
3446
2274
1393
732
454
256
-281
-751
-907
-1592
-2995
-3756
-3328
-2991
-3264
-3001
-2012
-1701
-2336
-2474
-1570
-628
-63
747
1811
2362
2293
2288
2686
3243
3774
4249
4527
4499
4285
3983
3576
3198
3082
3182
3158
2881
2573
2325
1877
1074
326
191
525
672
461
312
265
-176
-827
-806
-226
-341
-1457
-2584
-4256
-8182
-12432
-11955
-6727
-4003
-7654
-11961
-11738
-10827
-13379
-14346
-8610
-2113
-2800
-7283
-6814
-1830
568
-204
1425
6489
9941
9685
9469
11819
14363
14068
12092
12084
14850
17413
16957
14464
12499
11033
8645
6129
5937
7538
7260
3692
-642
-3225
-4542
-5793
-6572
-6593
-6795
-7961
-9561
-10764
-11395
-11268
-10537
-9929
-9605
-8671
-6796
-5462
-5592
-5846
-4803
-3015
-1606
-108
2035
3593
3243
1856
1571
2819
4219
4897
5143
5122
4230
2470
1051
915
1525
1602
856
-14
-647
-1434
-2537
-3257
-3095
-2579
-2438
-2515
-2273
-1997
-2289
-2814
-2608
-1512
-325
493
1113
1522
1446
1148
1374
2337
3445
4072
4137
3831
3369
2990
2864
2990
3185
3273
3090
2600
2110
1910
1872
1602
1154
964
942
748
495
485
404
-148
-495
-1
679
618
-4
-582
-1451
-2922
-4896
-7520
-9992
-9987
-6829
-4617
-6976
-10920
-11802
-10858
-11847
-12458
-8259
-2573
-2163
-6036
-6835
-2986
53
525
2330
6938
10228
9660
8502
9922
12564
13340
12421
12653
14691
16249
15249
12761
11099
10176
8628
6664
6169
7077
6594
3364
-789
-3412
-4474
-5200
-5663
-5641
-5793
-7137
-9429
-11299
-11823
-10973
-9622
-8713
-8373
-7916
-7044
-6643
-6958
-6559
-4465
-2090
-1094
-465
1279
2836
2148
489
909
3294
4938
5060
5112
5182
3859
1617
613
1331
2140
1991
1325
447
-748
-1979
-2790
-2958
-2475
-1683
-1471
-2091
-2578
-2456
-2471
-2790
-2273
-695
486
584
540
898
1004
790
1201
2448
3567
3878
3641
3260
2842
2528
2583
3020
3515
3632
3156
2326
1612
1345
1452
1709
1964
1972
1527
703
20
-24
417
816
821
678
588
342
27
-5
162
-214
-1270
-2485
-4577
-8139
-10763
-9023
-4723
-4117
-8223
-11291
-10616
-10542
-12908
-12017
-5765
-1442
-4232
-8367
-6644
-2050
-566
-542
2748
7665
8716
6483
6305
9535
12349
12111
11247
12479
14684
15140
13383
11804
11466
10792
8774
7000
7412
8395
6928
3076
-431
-2029
-2875
-3755
-4051
-3868
-4533
-6865
-9672
-11255
-11017
-9539
-8215
-7906
-8260
-8317
-8017
-8165
-8225
-6713
-3931
-2262
-2462
-2121
-77
1276
311
-415
1524
4001
4274
3696
4499
5155
3501
1396
1744
3609
4131
3119
2174
1494
310
-1015
-1362
-640
168
-1
-1254
-2477
-2728
-2480
-2589
-2549
-1594
-711
-1128
-1979
-1683
-710
-488
-625
141
1443
1866
1417
1271
1681
1921
1866
2190
2979
3422
3044
2337
2008
2154
2436
2643
2774
2822
2607
2009
1348
1186
1569
1879
1725
1372
1075
743
462
517
779
759
277
-460
-1278
-2273
-4078
-6990
-9337
-8606
-5534
-4396
-6925
-9657
-10026
-10392
-12238
-11737
-6649
-2110
-3174
-6669
-6718
-3981
-2524
-1653
1849
6558
8013
6060
4964
6833
9525
10815
11342
12579
13973
13822
12020
10543
10647
10970
9890
8264
7928
8282
6987
3856
1094
-207
-1162
-2419
-3032
-2811
-3261
-5371
-8123
-9900
-10150
-9293
-8140
-7488
-7591
-8095
-8709
-9348
-9315
-7615
-4745
-2748
-2556
-2744
-2053
-1366
-1481
-972
1365
3752
3982
3049
3140
3766
3252
2408
3107
4577
4604
3269
2341
2061
1356
343
144
757
999
223
-1019
-1925
-2309
-2511
-2628
-2284
-1509
-1211
-1924
-2753
-2643
-1939
-1494
-1089
-152
765
744
148
139
933
1746
2208
2680
3244
3373
2869
2356
2455
2967
3299
3347
3388
3363
2963
2308
1919
1980
2209
2315
2181
1765
1208
760
463
256
353
842
1151
654
-394
-1242
-1823
-2917
-5089
-7507
-8227
-6521
-4652
-5386
-7989
-9516
-9787
-10915
-11912
-9353
-4337
-2539
-5478
-8020
-6768
-4509
-3531
-1300
3548
7000
5790
2948
3113
6053
8620
10087
11785
13408
13144
10951
9136
9463
11065
11814
11020
9819
9002
7784
5524
3378
2673
2683
1757
-39
-1295
-1852
-2993
-5146
-7061
-7649
-7337
-7134
-7298
-7480
-7672
-8344
-9502
-10110
-9067
-6781
-4942
-4448
-4565
-4448
-4267
-4086
-3011
-669
1593
2277
1724
1341
1595
1980
2471
3539
4813
5095
4049
2800
2375
2452
2340
2204
2390
2320
1311
-98
-827
-864
-1001
-1358
-1400
-1217
-1498
-2261
-2740
-2583
-2261
-2089
-1764
-1130
-629
-610
-738
-502
78
659
1169
1758
2310
2481
2270
2132
2389
2847
3200
3427
3590
3545
3178
2768
2732
3032
3192
2920
2464
2111
1781
1337
1011
1058
1207
997
481
62
-204
-614
-1159
-1543
-1960
-3207
-5470
-7415
-7481
-6074
-5281
-6083
-7340
-8153
-9214
-10548
-10218
-7348
-4417
-4102
-5538
-6128
-5447
-4602
-3198
-122
3448
4894
3909
2906
3621
5461
7368
9287
11141
11959
11083
9441
8735
9554
10857
11386
10951
10009
8643
6763
4991
4236
4344
4126
2873
1081
-525
-1885
-3199
-4273
-4808
-5039
-5549
-6513
-7480
-7973
-8086
-8249
-8517
-8469
-7920
-7320
-7025
-6696
-5986
-5256
-4901
-4496
-3474
-2132
-1120
-470
141
667
970
1346
2131
3118
3806
3945
3663
3266
3034
3043
3205
3402
3453
3047
2153
1267
831
711
598
481
332
-110
-844
-1402
-1511
-1398
-1280
-1106
-953
-1053
-1325
-1379
-1097
-727
-409
-39
366
595
627
715
1021
1405
1695
1941
2220
2417
2421
2352
2381
2496
2589
2642
2672
2639
2488
2205
1797
1380
1172
1180
1138
898
613
358
-32
-542
-889
-998
-1167
-1630
-2468
-3814
-5386
-6192
-5655
-4736
-4730
-5475
-6102
-6820
-8044
-8604
-7109
-4595
-3420
-3889
-4374
-4276
-4251
-3860
-1847
1262
3296
3389
2792
2729
3230
4178
5825
7913
9375
9399
8311
7205
6973
7629
8522
9085
9133
8521
7102
5328
4189
4086
4314
4007
3087
1890
482
-1082
-2296
-2701
-2614
-2810
-3603
-4640
-5499
-6074
-6394
-6423
-6160
-5812
-5736
-6063
-6393
-6198
-5549
-4976
-4605
-4084
-3456
-3169
-3106
-2615
-1696
-1055
-843
-460
223
650
722
995
1562
1863
1774
1836
2243
2528
2426
2248
2211
2100
1807
1625
1747
1891
1710
1312
1039
936
779
584
583
698
569
176
-81
-40
45
71
217
449
460
232
118
273
480
577
694
898
982
809
610
672
917
1056
1042
1068
1165
1126
901
729
764
830
733
569
492
416
196
-59
-146
-143
-259
-471
-597
-633
-744
-972
-1212
-1404
-1597
-1873
-2272
-2663
-2796
-2648
-2538
-2681
-2885
-2971
-3138
-3478
-3566
-3062
-2362
-2059
-2095
-2044
-1881
-1815
-1632
-930
103
825
1015
1055
1237
1488
1807
2400
3233
3893
4070
3898
3708
3704
3888
4177
4476
4660
4566
4114
3483
3031
2928
2973
2900
2663
2305
1774
1105
545
291
200
9
-355
-789
-1220
-1635
-1983
-2178
-2225
-2251
-2387
-2641
-2900
-3071
-3164
-3220
-3214
-3128
-3051
-3078
-3119
-3016
-2806
-2701
-2701
-2602
-2367
-2186
-2067
-1787
-1365
-1096
-1019
-823
-432
-109
85
417
881
1117
1045
1036
1282
1524
1591
1680
1903
2036
1919
1750
1740
1803
1775
1674
1597
1519
1372
1187
1067
1012
939
823
738
703
648
533
414
335
264
194
182
211
192
104
44
57
73
47
36
77
102
41
-50
-68
-23
5
8
43
106
103
8
-87
-96
-61
-50
-53
-50
-88
-214
-367
-440
-408
-351
-348
-384
-416
-453
-527
-613
-640
-617
-633
-737
-865
-932
-938
-950
-997
-1052
-1077
-1103
-1178
-1261
-1259
-1163
-1083
-1070
-1047
-954
-846
-774
-676
-489
-290
-176
-92
66
295
483
608
755
958
1146
1265
1376
1545
1709
1767
1744
1758
1830
1868
1827
1776
1752
1695
1564
1422
1330
1257
1132
966
817
698
569
396
211
68
-30
-122
-224
-324
-410
-511
-643
-757
-802
-786
-787
-850
-950
-1035
-1099
-1161
-1215
-1217
-1173
-1152
-1198
-1277
-1318
-1314
-1309
-1305
-1262
-1188
-1156
-1194
-1220
-1157
-1030
-900
-773
-636
-521
-457
-400
-292
-133
43
211
348
449
553
684
818
928
1030
1139
1220
1246
1253
1293
1355
1365
1304
1237
1222
1228
1188
1108
1040
977
862
701
583
537
492
388
258
150
61
-29
-110
-171
-209
-240
-281
-337
-387
-408
-426
-450
-446
-398
-354
-348
-363
-368
-368
-380
-375
-345
-318
-320
-341
-358
-368
-373
-362
-352
-368
-396
-418
-430
-443
-434
-404
-385
-392
-395
-380
-366
-351
-315
-265
-248
-268
-280
-270
-269
-263
-218
-161
-141
-141
-111
-50
-7
29
88
164
219
258
310
375
432
481
532
584
633
682
710
705
684
681
695
690
671
652
625
570
498
442
412
388
363
329
267
182
102
38
-28
-88
-120
-137
-186
-281
-366
-404
-421
-444
-460
-444
-421
-430
-455
-444
-393
-347
-325
-290
-228
-177
-164
-156
-120
-82
-85
-95
-60
4
18
-13
-20
3
-1
-30
-6
71
103
51
4
17
35
7
-17
2
11
-42
-114
-141
-145
-183
-244
-276
-281
-297
-323
-330
-315
-303
-301
-285
-238
-178
-123
-75
-16
43
86
125
191
270
315
326
339
365
376
371
387
419
415
360
295
259
245
240
236
213
168
110
49
-5
-34
-15
7
-22
-84
-124
-127
-144
-171
-162
-125
-114
-140
-151
-112
-68
-53
-52
-31
7
37
62
107
177
232
235
210
215
252
274
269
274
291
264
183
115
109
110
68
5
-33
-64
-122
-185
-211
-207
-224
-266
-299
-302
-294
-297
-303
-298
-282
-277
-283
-279
-247
-211
-203
-201
-175
-141
-134
-133
-109
-75
-62
-47
-17
4
0
-2
19
50
75
104
145
159
140
134
174
225
249
252
258
249
216
194
220
262
261
202
138
103
88
76
74
85
65
-8
-95
-125
-94
-68
-79
-102
-110
-123
-154
-165
-127
-79
-80
-106
-101
-58
-29
-30
-33
-17
-6
-1
11
40
61
52
24
-1
-6
3
5
-11
-43
-71
-86
-104
-124
-132
-128
-135
-171
-191
-170
-133
-116
-113
-93
-58
-41
-37
-9
51
100
112
112
132
168
187
194
213
235
238
226
216
220
218
210
199
177
150
127
111
93
61
34
23
7
-30
-72
-90
-94
-105
-124
-135
-134
-150
-182
-199
-180
-143
-131
-143
-148
-136
-126
-126
-112
-76
-41
-42
-59
-58
-33
-12
-6
-2
13
28
29
26
43
73
90
79
63
65
81
97
105
116
127
117
88
66
72
94
102
90
73
59
43
25
16
26
35
28
5
-14
-16
-14
-23
-31
-30
-24
-29
-43
-44
-36
-37
-55
-61
-46
-28
-30
-43
-48
-47
-49
-44
-25
-7
-15
-41
-58
-60
-52
-43
-34
-36
-57
-88
-108
-107
-95
-83
-80
-86
-99
-116
-120
-102
-75
-55
-43
-40
-36
-32
-23
0
29
55
67
69
74
84
98
108
122
139
146
148
145
146
153
155
156
160
162
164
157
147
142
139
134
129
120
107
85
59
33
17
11
3
-17
-43
-67
-88
-111
-125
-133
-135
-138
-148
-155
-163
-169
-170
-167
-160
-145
-132
-119
-116
-113
-103
-95
-80
-60
-35
-15
-8
-8
-7
1
7
13
24
42
51
41
32
30
32
28
30
44
54
51
36
26
27
31
36
43
52
50
39
26
25
36
45
51
54
54
52
44
46
60
75
82
82
83
89
89
87
87
90
92
87
74
64
53
40
19
-5
-26
-41
-57
-79
-99
-115
-134
-158
-184
-194
-186
-186
-194
-205
-212
-208
-211
-206
-191
-178
-168
-165
-156
-139
-126
-110
-85
-60
-32
-11
11
33
57
84
115
153
182
203
223
239
257
273
290
311
319
315
308
298
286
267
252
245
230
198
153
115
86
54
19
-12
-34
-58
-97
-142
-171
-190
-208
-220
-225
-219
-223
-240
-247
-240
-222
-206
-189
-161
-129
-112
-103
-91
-67
-37
-15
1
20
39
49
52
56
62
69
69
65
65
67
64
53
39
32
26
21
15
9
6
1
-4
-8
-7
-3
0
5
8
8
6
7
10
17
22
25
25
24
22
23
25
27
31
32
31
29
24
23
26
30
34
35
36
34
28
23
22
23
22
22
17
7
-2
-9
-13
-18
-22
-27
-39
-54
-69
-79
-85
-85
-87
-90
-95
-102
-110
-109
-106
-97
-86
-73
-62
-57
-53
-43
-29
-12
8
27
43
56
63
73
83
93
108
121
129
131
128
123
116
112
111
109
104
93
75
56
38
25
16
7
-2
-13
-25
-40
-55
-63
-66
-67
-68
-70
-72
-74
-73
-72
-68
-60
-52
-44
-40
-33
-27
-22
-18
-17
-13
-7
-6
-3
-1
0
-1
-3
-5
-6
-4
-3
-7
-10
-9
-12
-16
-21
-19
-18
-19
-21
-21
-19
-17
-20
-18
-13
-6
1
7
13
20
21
24
30
40
47
51
53
53
54
53
53
54
52
48
44
39
35
29
26
21
18
13
11
7
4
3
0
-3
-7
-9
-9
-9
-9
-10
-11
-14
-17
-22
-23
-21
-20
-19
-21
-24
-25
-30
-34
-35
-33
-29
-30
-31
-32
-33
-32
-30
-28
-25
-24
-23
-21
-20
-20
-16
-14
-12
-8
-3
0
4
9
14
17
20
23
25
28
32
32
33
31
30
29
30
29
28
25
22
19
15
14
14
15
16
15
13
10
7
7
8
14
16
16
17
13
12
9
6
9
10
9
7
3
0
-3
-6
-8
-7
-8
-10
-17
-23
-27
-29
-29
-28
-27
-29
-34
-38
-39
-38
-37
-35
-35
-34
-35
-36
-33
-29
-22
-18
-14
-13
-10
-7
-2
4
8
11
13
14
19
22
25
25
26
27
25
25
24
26
25
24
24
23
22
22
18
16
15
15
14
12
11
13
11
9
8
6
8
7
7
3
4
3
3
1
0
-2
-2
-4
-6
-8
-9
-11
-15
-16
-16
-18
-17
-18
-17
-18
-20
-21
-19
-16
-13
-11
-8
-8
-7
-6
-2
2
2
3
0
-3
-2
-2
-5
-6
-7
-7
-8
-10
-12
-11
-13
-11
-10
-10
-8
-7
-4
-4
0
2
3
4
6
6
11
14
17
19
21
20
22
26
29
31
32
32
30
29
26
24
24
23
20
15
9
5
0
-3
-7
-9
-13
-17
-17
-19
-20
-20
-19
-18
-18
-19
-20
-20
-20
-18
-18
-19
-16
-16
-17
-16
-14
-12
-10
-9
-9
-10
-8
-8
-3
-3
-1
0
1
2
3
6
6
7
10
9
11
13
13
13
14
15
14
15
13
12
11
9
9
8
6
5
2
0
0
-1
-3
-2
-5
-7
-8
-8
-9
-6
-6
-6
-6
-7
-8
-6
-6
-5
-4
-2
-2
-1
0
1
1
2
2
2
1
1
0
1
2
2
3
3
4
5
2
4
5
6
5
5
4
4
3
3
1
2
2
0
0
0
-2
-4
-4
-4
-2
-3
-3
-2
-2
-1
-2
-2
1
2
2
0
0
2
2
3
3
1
0
1
0
-1
-3
-4
-5
-5
-4
-3
-4
-5
-7
-8
-8
-8
-8
-7
-7
-7
-7
-6
-6
-6
-4
-1
1
1
-1
1
2
3
5
6
8
10
10
10
10
11
11
12
11
10
8
6
7
6
5
4
5
5
4
2
0
-1
0
-1
-1
-2
-3
-4
-3
-3
-2
-1
0
0
0
-2
-2
-2
