0
1
3
5
7
8
7
5
7
5
4
2
0
0
-3
-5
-3
-5
-4
-4
-3
-3
-3
-5
-2
-3
-5
-4
-4
-2
-3
-2
-2
-1
-1
-1
-1
-1
1
0
-1
-3
-2
0
0
1
2
1
0
-1
-1
0
-1
-1
-2
-2
-2
-1
-2
1
0
-1
-3
-3
-2
-2
-2
-2
-1
-1
-1
0
0
1
1
-1
-1
-1
0
0
-1
1
2
2
5
6
6
7
7
7
8
10
9
8
8
6
3
2
0
-2
0
0
0
1
-2
-1
-1
1
0
1
2
2
3
3
3
1
2
2
-1
-1
-3
-4
-7
-7
-7
-7
-6
-5
-5
-5
-2
-2
-1
0
-1
-3
-2
-3
-6
-5
-7
-6
-7
-6
-5
-5
-4
-4
-5
-4
-6
-6
-5
-4
-3
-3
-2
-2
-3
-2
-2
-1
-1
-1
-1
-1
0
1
1
2
2
2
1
1
0
2
2
1
3
4
1
3
5
4
4
5
8
10
10
11
12
12
10
12
10
9
7
5
6
6
5
6
6
6
7
6
5
7
8
5
5
6
6
6
4
2
-1
-5
-7
-9
-11
-10
-10
-9
-8
-7
-5
-4
-4
-5
-5
-7
-7
-8
-7
-5
-5
-7
-7
-7
-10
-10
-10
-8
-5
-6
-5
-4
-4
-5
-6
-6
-4
-6
-6
-2
-1
-3
-4
-1
1
0
-3
-7
-7
-6
-7
-9
-7
-3
-2
-1
-2
-3
-3
-2
-5
-3
0
0
-1
0
1
0
0
0
0
0
2
4
5
5
5
6
9
9
10
12
14
17
17
18
19
16
13
11
13
14
16
19
19
18
18
17
15
13
12
12
11
11
9
9
8
6
6
5
3
3
0
1
0
-2
-1
-3
-5
-10
-15
-19
-25
-27
-38
-46
-46
-50
-47
-52
-64
-63
-57
-49
-51
-70
-71
-67
-65
-75
-99
-102
-90
-99
-118
-140
-148
-142
-162
-177
-171
-168
-168
-184
-182
-150
-133
-134
-127
-87
-32
-8
-5
20
65
90
78
68
77
85
62
24
2
-6
-27
-71
-112
-142
-173
-215
-274
-313
-337
-388
-436
-465
-469
-446
-445
-418
-340
-234
-108
18
164
337
518
683
832
972
1101
1200
1264
1298
1311
1301
1268
1210
1141
1065
983
900
820
753
699
655
614
585
568
558
554
551
543
533
513
481
440
385
309
210
104
3
-104
-232
-374
-499
-605
-706
-806
-874
-916
-967
-1039
-1086
-1101
-1123
-1157
-1154
-1100
-1052
-1028
-994
-911
-787
-659
-540
-438
-373
-394
-482
-526
-493
-468
-519
-579
-558
-486
-459
-478
-489
-449
-394
-371
-376
-385
-392
-435
-530
-661
-825
-1025
-1231
-1407
-1593
-1976
-2637
-3183
-3049
-2315
-1706
-1469
-959
181
1266
1697
1998
2803
3647
3799
3599
3847
4420
4553
4128
3704
3521
3287
2807
2209
1653
1192
799
390
-20
-247
-203
-120
-193
-231
41
494
792
893
1008
1213
1369
1394
1356
1332
1299
1168
897
567
276
-45
-575
-1326
-2064
-2608
-3048
-3488
-3823
-3904
-3784
-3611
-3380
-3015
-2557
-2129
-1764
-1394
-961
-512
-136
111
256
365
442
438
332
180
5
-246
-580
-895
-1100
-1234
-1391
-1557
-1606
-1486
-1283
-1076
-844
-552
-258
-19
203
453
712
948
1161
1373
1596
1819
1989
2047
2000
1915
1819
1683
1499
1315
1150
973
793
663
596
524
415
311
280
321
386
438
483
547
624
677
704
739
781
772
673
537
433
341
201
29
-112
-223
-350
-483
-570
-617
-679
-784
-886
-931
-916
-869
-822
-776
-739
-691
-607
-484
-379
-325
-281
-218
-171
-157
-131
-73
-56
-130
-221
-265
-301
-374
-463
-522
-548
-544
-502
-461
-447
-408
-323
-265
-287
-313
-264
-200
-202
-223
-208
-197
-238
-297
-329
-344
-351
-341
-317
-292
-272
-261
-274
-293
-293
-275
-244
-183
-68
86
256
431
601
747
872
993
1113
1216
1290
1344
1380
1393
1386
1360
1300
1197
1092
1021
952
852
758
698
637
538
447
408
382
320
251
222
193
136
83
70
48
-15
-86
-123
-159
-224
-304
-387
-482
-594
-704
-802
-903
-996
-1049
-1066
-1076
-1077
-1038
-964
-906
-898
-895
-836
-729
-648
-631
-652
-661
-642
-589
-507
-391
-264
-134
2
125
214
265
287
254
175
146
219
296
270
218
273
373
369
309
362
500
529
439
372
300
58
-310
-580
-750
-1053
-1574
-2304
-3389
-4750
-5675
-5534
-4782
-4295
-3919
-2787
-979
474
1279
2213
3540
4440
4523
4567
5194
5889
5953
5562
5262
5060
4624
3886
3027
2148
1229
292
-571
-1233
-1569
-1593
-1497
-1421
-1254
-813
-151
440
783
1006
1307
1635
1797
1826
1949
2166
2172
1843
1440
1152
772
69
-823
-1631
-2318
-2996
-3664
-4267
-4816
-5272
-5469
-5326
-4967
-4543
-4018
-3324
-2563
-1906
-1336
-704
-24
524
879
1168
1428
1513
1340
1031
713
344
-121
-580
-911
-1111
-1231
-1276
-1216
-1062
-846
-587
-284
56
420
796
1147
1466
1772
2066
2292
2409
2456
2504
2527
2444
2264
2067
1889
1682
1412
1122
865
638
412
223
128
109
78
12
-15
29
72
75
109
216
332
410
521
687
770
634
379
212
187
244
365
511
530
354
112
-107
-362
-611
-697
-728
-968
-1303
-1315
-1036
-975
-1308
-1657
-1799
-1984
-2379
-2805
-3181
-3765
-4677
-5538
-5857
-5577
-5054
-4516
-3819
-2779
-1528
-373
613
1568
2454
3055
3386
3763
4339
4864
5069
5003
4823
4557
4163
3650
3001
2207
1363
614
-5
-495
-773
-806
-723
-658
-500
-106
436
894
1214
1502
1804
2064
2274
2471
2642
2708
2612
2378
2056
1692
1259
687
-25
-768
-1417
-1959
-2447
-2910
-3351
-3770
-4126
-4333
-4333
-4150
-3862
-3552
-3240
-2846
-2279
-1583
-903
-326
180
642
1028
1299
1435
1419
1225
874
484
173
-56
-281
-530
-765
-946
-1059
-1083
-1030
-948
-852
-701
-468
-160
218
628
966
1168
1314
1511
1732
1856
1851
1791
1724
1616
1446
1281
1161
1007
762
494
296
154
20
-102
-198
-271
-281
-184
-20
121
226
332
444
567
738
934
1059
1080
1071
1117
1199
1258
1264
1205
1062
827
535
245
3
-215
-496
-854
-1150
-1279
-1333
-1455
-1642
-1857
-2138
-2451
-2675
-2857
-3203
-3795
-4553
-5406
-6154
-6337
-5791
-4992
-4350
-3567
-2246
-740
418
1368
2484
3500
3978
4188
4696
5424
5864
5915
5835
5664
5272
4716
4106
3367
2415
1400
482
-308
-912
-1226
-1313
-1383
-1444
-1311
-931
-445
19
431
780
1064
1325
1594
1877
2169
2400
2437
2255
2002
1758
1398
818
114
-590
-1286
-1974
-2580
-3069
-3519
-3993
-4408
-4633
-4653
-4591
-4486
-4233
-3788
-3264
-2724
-2055
-1225
-396
316
974
1587
2007
2169
2182
2112
1890
1515
1126
800
475
124
-180
-416
-639
-839
-935
-906
-829
-727
-559
-337
-108
149
476
816
1080
1286
1494
1686
1798
1818
1778
1680
1517
1329
1171
1032
864
677
507
352
200
65
-41
-159
-291
-353
-313
-246
-208
-144
-11
140
265
404
568
720
857
983
1050
1050
1076
1160
1163
1031
895
811
630
290
-41
-258
-472
-746
-979
-1102
-1198
-1361
-1605
-1933
-2298
-2622
-2929
-3341
-3937
-4679
-5530
-6344
-6782
-6627
-6077
-5446
-4664
-3505
-2116
-855
270
1501
2744
3648
4218
4815
5572
6238
6634
6841
6915
6769
6385
5870
5256
4488
3567
2577
1577
621
-174
-723
-1092
-1414
-1694
-1824
-1749
-1540
-1274
-959
-597
-248
45
348
761
1252
1656
1888
2008
2057
1991
1779
1466
1076
569
-55
-716
-1325
-1874
-2405
-2967
-3575
-4156
-4579
-4799
-4900
-4928
-4842
-4657
-4459
-4195
-3684
-2947
-2233
-1644
-988
-160
662
1293
1774
2204
2498
2544
2418
2312
2272
2170
1924
1592
1281
1016
755
484
229
23
-136
-262
-348
-335
-196
-4
138
242
416
692
974
1191
1384
1579
1706
1710
1661
1648
1644
1577
1451
1319
1196
1060
900
719
523
310
99
-77
-192
-237
-236
-215
-209
-254
-312
-262
-77
94
156
228
377
414
213
21
89
243
196
7
-104
-170
-336
-511
-568
-661
-1010
-1539
-2048
-2538
-3128
-3865
-4777
-5913
-7075
-7824
-7956
-7700
-7271
-6565
-5500
-4327
-3276
-2174
-793
696
1948
2943
3941
5063
6169
7121
7930
8619
9106
9306
9248
9023
8669
8136
7365
6361
5180
3921
2696
1567
517
-483
-1401
-2189
-2862
-3449
-3899
-4141
-4232
-4299
-4333
-4193
-3807
-3262
-2645
-1955
-1189
-453
146
629
1079
1471
1727
1829
1833
1750
1570
1332
1076
750
278
-308
-953
-1712
-2578
-3339
-3817
-4171
-4655
-5170
-5409
-5328
-5152
-4925
-4476
-3785
-3064
-2420
-1729
-898
-41
700
1322
1869
2350
2781
3192
3547
3775
3884
3924
3849
3598
3250
2939
2649
2261
1790
1381
1081
782
435
125
-86
-254
-437
-608
-707
-717
-676
-617
-543
-426
-255
-61
135
351
611
887
1126
1299
1405
1452
1462
1452
1423
1369
1287
1183
1059
910
734
531
292
26
-234
-462
-648
-796
-944
-1119
-1293
-1407
-1440
-1449
-1474
-1481
-1428
-1334
-1276
-1286
-1335
-1398
-1505
-1708
-2037
-2500
-3068
-3639
-4070
-4298
-4381
-4374
-4245
-3938
-3512
-3049
-2535
-1901
-1182
-514
63
642
1298
1983
2628
3252
3884
4500
5037
5483
5858
6164
6379
6461
6390
6165
5817
5384
4902
4378
3809
3216
2633
2073
1496
890
309
-210
-711
-1236
-1754
-2196
-2548
-2838
-3069
-3216
-3286
-3314
-3315
-3271
-3185
-3080
-2957
-2805
-2628
-2443
-2236
-1984
-1698
-1421
-1182
-996
-871
-799
-728
-623
-523
-488
-491
-469
-420
-394
-400
-392
-347
-295
-261
-226
-178
-117
-49
23
80
126
185
270
342
379
419
490
560
592
609
653
714
740
736
741
762
768
740
706
683
662
622
570
519
468
422
403
421
444
453
471
528
605
666
709
749
776
774
761
750
737
715
688
660
617
550
470
394
325
247
164
84
3
-76
-142
-203
-271
-347
-412
-456
-487
-516
-548
-580
-602
-612
-613
-613
-604
-581
-558
-550
-547
-533
-522
-542
-578
-602
-609
-624
-641
-642
-631
-626
-641
-680
-741
-815
-878
-926
-974
-1030
-1064
-1060
-1030
-989
-929
-835
-728
-630
-533
-422
-290
-142
16
184
364
554
755
951
1137
1318
1494
1650
1779
1890
1990
2075
2132
2167
2180
2165
2114
2042
1956
1851
1714
1554
1392
1231
1056
876
707
539
355
160
-21
-178
-329
-491
-648
-796
-931
-1058
-1164
-1242
-1302
-1364
-1427
-1481
-1531
-1585
-1635
-1671
-1692
-1712
-1722
-1707
-1669
-1627
-1591
-1558
-1529
-1503
-1477
-1443
-1395
-1330
-1249
-1145
-1018
-873
-713
-541
-360
-170
22
211
399
591
787
980
1160
1328
1480
1611
1716
1802
1869
1905
1901
1869
1818
1745
1653
1562
1483
1395
1297
1190
1092
994
886
776
677
586
496
412
341
280
220
156
83
-3
-103
-215
-330
-444
-552
-651
-737
-809
-865
-904
-929
-946
-953
-949
-929
-899
-861
-821
-777
-721
-661
-589
-509
-429
-361
-314
-287
-272
-267
-280
-305
-341
-387
-431
-467
-489
-504
-516
-531
-547
-569
-594
-613
-634
-659
-690
-716
-732
-727
-695
-636
-553
-445
-317
-170
-11
160
338
519
702
884
1062
1235
1399
1548
1676
1785
1873
1939
1973
1974
1949
1902
1831
1739
1633
1514
1379
1231
1070
905
736
573
414
263
123
-7
-128
-239
-343
-434
-516
-599
-682
-767
-850
-928
-1004
-1072
-1130
-1182
-1232
-1280
-1319
-1351
-1382
-1415
-1450
-1485
-1519
-1555
-1583
-1599
-1602
-1589
-1558
-1505
-1427
-1321
-1190
-1038
-871
-693
-511
-320
-126
71
269
459
643
816
981
1140
1283
1409
1511
1582
1628
1644
1641
1616
1571
1513
1440
1356
1264
1169
1073
977
881
786
688
590
495
406
318
233
153
76
2
-73
-146
-213
-275
-330
-377
-417
-449
-476
-496
-505
-505
-501
-502
-511
-526
-537
-538
-532
-526
-517
-503
-480
-444
-396
-342
-290
-246
-210
-181
-163
-146
-127
-110
-109
-128
-157
-183
-206
-226
-249
-283
-334
-394
-445
-491
-530
-553
-569
-586
-598
-598
-588
-573
-542
-489
-423
-354
-280
-196
-99
16
157
312
464
614
761
898
1019
1132
1238
1333
1406
1457
1484
1481
1465
1454
1442
1409
1347
1257
1145
1022
900
766
606
435
278
128
-26
-151
-227
-286
-361
-441
-513
-586
-660
-726
-784
-810
-795
-906
-1270
-1626
-1575
-1218
-996
-1035
-1090
-1046
-993
-971
-925
-845
-781
-744
-723
-677
-569
-432
-359
-364
-354
-269
-144
-43
14
58
124
202
248
258
293
383
482
541
549
523
501
505
511
490
462
469
511
542
538
510
466
344
87
-231
-400
-306
-76
96
164
202
250
312
382
462
550
651
756
841
916
996
1048
1031
978
956
989
1039
1044
976
839
647
400
137
-61
-155
-182
-196
-247
-352
-496
-659
-848
-1075
-1304
-1473
-1565
-1631
-1719
-1821
-1911
-1981
-2064
-2173
-2276
-2323
-2289
-2200
-2078
-1930
-1765
-1599
-1424
-1222
-964
-622
-202
234
625
973
1319
1663
1963
2213
2461
2726
2971
3158
3284
3361
3377
3314
3175
2980
2761
2535
2262
1900
1486
1117
815
491
83
-337
-686
-994
-1327
-1635
-1825
-1914
-1990
-2078
-2134
-2169
-2202
-2183
-2055
-1859
-1646
-1395
-1114
-864
-667
-446
-167
99
296
470
676
877
1006
1057
1058
1016
946
874
801
695
541
355
148
-70
-281
-460
-606
-737
-868
-983
-1047
-1054
-1057
-1088
-1098
-1032
-911
-797
-675
-505
-317
-190
-123
-26
156
371
543
653
719
753
771
795
824
867
931
998
1002
916
822
796
802
743
619
525
518
531
485
373
249
168
132
103
48
18
70
124
25
-201
-317
-214
-69
-86
-192
-204
-136
-170
-388
-697
-955
-1078
-1122
-1224
-1438
-1637
-1772
-1997
-2399
-2703
-2622
-2332
-2209
-2273
-2210
-1952
-1735
-1612
-1359
-874
-340
91
493
956
1444
1888
2271
2607
2934
3313
3742
4117
4335
4393
4363
4304
4208
4067
3931
3806
3559
3053
2395
1855
1480
1041
415
-209
-676
-1110
-1648
-2181
-2566
-2871
-3238
-3604
-3800
-3789
-3656
-3502
-3408
-3387
-3318
-3064
-2645
-2192
-1749
-1287
-860
-562
-335
4
470
887
1132
1291
1461
1606
1655
1637
1602
1526
1391
1232
1077
898
663
383
68
-256
-518
-683
-815
-991
-1193
-1349
-1455
-1545
-1574
-1481
-1324
-1210
-1141
-1025
-811
-542
-282
-47
177
401
623
842
1057
1263
1434
1550
1627
1695
1773
1833
1843
1796
1697
1566
1425
1301
1205
1119
1005
833
611
384
201
63
-73
-229
-365
-447
-516
-638
-779
-845
-827
-808
-828
-836
-775
-681
-610
-594
-600
-557
-467
-485
-702
-943
-1005
-1094
-1547
-2122
-2204
-1804
-1678
-2136
-2543
-2405
-2159
-2278
-2367
-1898
-1206
-946
-1038
-892
-369
172
559
933
1386
1877
2382
2829
3119
3335
3662
4040
4220
4232
4377
4661
4701
4316
3814
3501
3305
3031
2651
2195
1622
928
242
-302
-695
-1021
-1398
-1916
-2527
-3036
-3316
-3465
-3656
-3844
-3853
-3694
-3558
-3491
-3315
-2975
-2667
-2455
-2126
-1561
-980
-616
-398
-138
168
461
771
1113
1370
1457
1438
1410
1382
1374
1398
1367
1181
910
690
496
216
-103
-321
-468
-683
-942
-1111
-1214
-1366
-1550
-1634
-1578
-1458
-1318
-1157
-1014
-904
-755
-507
-203
102
420
736
970
1117
1291
1526
1713
1786
1841
1937
2004
1976
1899
1810
1677
1501
1351
1249
1126
945
730
507
290
109
-15
-121
-261
-428
-592
-729
-834
-899
-939
-965
-971
-951
-902
-819
-717
-655
-654
-620
-471
-281
-153
-69
-14
-104
-354
-556
-639
-812
-1093
-1139
-919
-956
-1467
-1907
-1902
-1847
-2004
-1908
-1355
-1030
-1338
-1596
-1219
-690
-531
-360
223
787
946
1092
1568
2040
2232
2454
2889
3245
3388
3534
3674
3529
3211
3140
3301
3269
2935
2545
2140
1594
1062
829
773
516
-10
-556
-986
-1379
-1754
-2009
-2122
-2204
-2352
-2523
-2648
-2718
-2757
-2733
-2590
-2332
-2031
-1774
-1611
-1519
-1392
-1122
-757
-428
-162
84
256
269
251
396
644
770
753
733
704
548
327
207
164
62
-94
-216
-341
-528
-718
-836
-920
-990
-970
-874
-840
-897
-896
-774
-632
-513
-334
-93
92
195
325
536
764
972
1160
1306
1390
1478
1613
1711
1704
1671
1700
1717
1629
1508
1433
1322
1092
873
818
828
684
386
122
-14
-85
-159
-244
-348
-480
-627
-753
-829
-843
-819
-801
-780
-726
-673
-661
-666
-634
-564
-469
-348
-220
-144
-176
-309
-472
-629
-833
-1064
-1077
-753
-526
-900
-1596
-1847
-1589
-1467
-1595
-1419
-971
-972
-1452
-1552
-1003
-525
-457
-284
213
579
663
872
1308
1636
1807
2065
2384
2563
2650
2751
2734
2579
2585
2814
2885
2604
2274
2100
1894
1548
1288
1203
1031
605
117
-218
-442
-659
-851
-1005
-1193
-1458
-1702
-1830
-1867
-1885
-1884
-1817
-1716
-1639
-1571
-1473
-1379
-1305
-1154
-888
-641
-517
-429
-305
-225
-191
-65
151
251
164
62
39
-13
-121
-159
-122
-178
-354
-512
-603
-705
-791
-767
-711
-744
-799
-782
-785
-868
-860
-663
-459
-380
-281
-79
71
103
215
480
696
758
829
1001
1134
1142
1151
1247
1340
1363
1382
1446
1495
1444
1307
1183
1160
1213
1205
1067
894
757
601
427
349
374
316
115
-60
-109
-127
-212
-308
-355
-390
-452
-484
-427
-336
-345
-472
-560
-488
-356
-287
-260
-286
-456
-754
-1007
-1152
-1183
-1020
-807
-956
-1465
-1755
-1605
-1491
-1612
-1527
-1185
-1140
-1426
-1397
-954
-720
-830
-725
-261
111
262
498
824
970
1015
1268
1699
2037
2201
2256
2198
2064
2045
2230
2435
2419
2184
1922
1715
1507
1325
1253
1158
840
428
198
97
-128
-447
-647
-752
-901
-1058
-1123
-1181
-1336
-1491
-1498
-1365
-1203
-1097
-1070
-1089
-1072
-950
-737
-516
-348
-240
-176
-155
-122
-30
73
101
82
116
158
80
-89
-198
-225
-271
-359
-442
-522
-642
-767
-830
-837
-846
-870
-869
-831
-791
-779
-756
-669
-524
-393
-295
-187
-51
75
174
265
387
565
759
888
926
952
997
1014
1039
1164
1330
1355
1215
1066
1001
973
944
937
922
807
608
481
495
481
311
89
-25
-55
-75
-88
-119
-229
-364
-372
-251
-121
-72
-135
-287
-385
-289
-75
18
-63
-148
-173
-264
-423
-486
-492
-682
-963
-939
-653
-655
-1062
-1346
-1292
-1275
-1357
-1169
-817
-826
-1113
-1122
-851
-707
-609
-279
36
60
94
373
589
619
817
1215
1400
1373
1531
1796
1784
1611
1646
1793
1805
1795
1851
1757
1436
1121
927
799
782
822
631
173
-198
-334
-453
-618
-670
-675
-861
-1116
-1160
-1074
-1112
-1211
-1161
-1024
-935
-848
-741
-759
-871
-805
-540
-318
-201
-108
-135
-312
-337
-73
154
118
31
44
21
-86
-143
-137
-181
-297
-387
-371
-328
-394
-570
-728
-796
-723
-511
-368
-462
-642
-686
-606
-462
-269
-101
-12
15
6
73
298
439
339
350
650
813
676
601
639
576
545
653
723
748
816
751
553
516
612
606
583
686
700
479
260
216
250
227
106
3
67
178
116
-19
-17
26
-22
-3
172
316
252
0
-203
-139
41
33
-119
-129
-60
-190
-349
-250
-122
-234
-369
-336
-268
-224
-193
-313
-553
-631
-521
-476
-508
-431
-369
-538
-752
-731
-584
-509
-444
-377
-369
-316
-227
-219
-148
42
105
79
204
364
399
480
600
505
384
597
856
769
656
793
774
496
502
779
793
561
435
396
271
157
194
269
269
216
4
-310
-343
-156
-218
-433
-329
-134
-355
-710
-737
-589
-468
-325
-259
-331
-472
-632
-683
-615
-463
-303
-368
-523
-462
-428
-648
-745
-496
-246
-269
-377
-316
-82
45
-208
-307
6
25
-46
300
342
8
6
-145
-531
-141
606
572
269
321
189
-26
308
828
876
548
322
373
508
489
413
409
401
434
424
290
357
598
455
31
44
515
675
362
259
303
70
-63
103
190
130
203
278
-48
-475
-359
-36
-132
-144
201
-14
-569
-201
307
-196
-433
133
98
-276
141
343
-315
-511
-168
-372
-678
-264
23
-493
-864
-623
-640
-1001
-766
-204
-309
-766
-568
-207
-449
-453
-50
-156
-475
-183
275
269
39
58
203
-21
-61
493
774
522
498
570
227
119
555
681
361
457
707
431
99
193
376
269
249
362
175
-3
266
522
203
-195
-265
-139
24
99
211
116
-211
-327
-176
-138
-98
323
390
-112
-269
0
40
-117
-46
-81
-376
-419
-150
-95
-295
-266
-333
-435
-215
-147
-240
-166
-206
-355
-265
-389
-491
39
250
-400
-504
7
-203
-362
274
474
-240
-400
120
55
-118
222
206
-352
-137
517
318
84
334
154
-304
-35
587
671
331
154
272
138
-84
281
671
461
247
350
231
-2
220
353
60
88
338
112
-264
-101
335
177
-427
-352
148
198
141
114
-91
-240
-237
-164
137
380
5
-568
-618
-156
-17
-388
-303
-26
-304
-481
-362
-292
-132
-199
-305
150
418
-130
-640
-246
303
188
-44
41
-2
-150
99
153
-160
-124
156
158
45
388
441
-223
-240
275
127
-85
269
418
312
340
41
-211
148
487
345
211
274
233
320
245
-84
-40
187
23
-217
129
443
157
-95
27
-5
-257
-101
410
583
202
-93
-121
-256
-241
-103
-234
-451
-328
-31
-402
-752
-164
-100
-835
-797
-69
158
3
71
-162
-612
-471
-31
-39
-164
115
96
-218
-308
-132
-97
-292
-7
172
54
129
182
127
-24
-77
46
145
312
571
450
145
3
49
100
90
357
545
369
182
200
108
-4
242
387
177
-4
208
348
84
-114
-146
-96
-170
27
188
-23
-219
-424
-163
35
103
59
-180
-57
22
-24
-2
112
205
119
-95
-7
111
-36
-78
-32
-63
-37
81
25
-240
-418
-191
-49
-150
-229
-284
-355
-305
-239
-135
-101
-319
-302
-44
181
40
-72
118
343
254
8
294
579
372
-8
50
384
397
169
-107
-245
-176
54
251
143
50
28
-261
-256
168
331
-51
-239
139
189
-117
-140
-103
-279
-281
-2
176
104
-24
-34
-87
28
157
-101
-72
179
177
102
15
-139
-52
140
-137
-249
14
-5
-16
277
238
-346
-468
-40
6
-55
126
229
-151
-450
21
145
-437
-280
340
19
-319
116
331
-96
-346
-261
-347
-204
169
285
52
-4
-34
-480
-469
176
432
-97
-209
393
430
3
-8
114
-182
-274
199
556
479
200
74
-13
-225
-106
228
239
97
256
309
-82
-144
111
54
-143
33
192
-91
-155
71
126
-188
-269
-14
-162
-308
109
309
-90
-229
-79
-149
-338
119
644
211
-261
-158
161
62
-105
139
175
-132
-178
234
310
-186
-384
-157
-122
-288
-208
95
38
-257
-190
-367
-533
-20
79
-339
-103
531
102
-582
-105
434
-18
-294
285
485
162
157
318
-43
-169
296
352
70
242
578
86
-237
281
269
-352
-212
352
314
109
39
-130
-325
-292
-29
228
178
-159
-169
-6
-54
-58
-29
-86
-141
-94
46
92
42
18
-135
-264
-236
-101
-42
-5
-16
-248
-313
-146
-127
-212
-68
139
7
-103
19
-2
-162
132
101
-344
-192
172
192
78
-22
-172
12
139
-124
-111
338
612
8
-347
91
149
-256
27
565
202
-262
3
237
159
503
202
-306
72
424
258
-129
160
133
-228
49
150
119
-174
-285
-53
107
187
-65
-238
-268
-98
-77
-355
-187
-106
-230
-63
137
64
-111
-285
-165
90
68
-66
63
287
90
8
13
-150
-3
-8
-178
82
392
82
-185
97
181
-204
-407
-136
6
58
101
-65
-43
41
-130
-259
-142
133
71
131
520
279
-73
7
54
40
192
334
103
53
236
132
-161
-327
-159
-55
-15
129
-31
-448
-313
127
126
-74
-100
-189
-286
120
199
-36
47
169
-14
-141
96
256
89
-295
-89
173
-79
-171
100
207
-114
-259
-35
48
-133
128
256
-197
-167
289
141
-368
-124
357
69
-200
77
160
-123
-134
144
38
-106
119
132
-264
-208
453
191
-569
-133
568
80
-376
313
473
-335
-359
549
405
-506
-209
258
-67
-202
60
-193
-478
247
495
-448
-545
425
343
-397
-50
357
-168
-335
147
305
39
-138
-119
-58
15
179
132
-197
-66
217
-38
-119
390
246
-351
-165
73
37
115
-30
-304
12
365
39
-353
-196
235
110
-217
-130
145
47
-28
94
-195
-240
226
191
-356
8
409
-233
-225
450
186
-459
21
531
-39
-391
146
245
-2
284
106
-323
-167
136
-109
-84
510
244
-415
-309
68
74
-109
-135
92
231
-59
-257
114
211
-117
-241
-178
11
252
274
-71
-142
58
-241
-432
104
469
29
-414
-68
366
116
-455
-355
298
264
-298
-270
224
316
-20
-324
-241
60
235
-124
-181
384
296
-137
-217
43
64
-42
13
67
298
393
-15
-266
114
152
-242
-70
391
251
-218
-310
29
235
117
-238
-399
-87
194
157
29
146
-76
-606
-321
390
225
-130
66
29
-81
61
40
-113
24
179
17
-28
207
214
-125
-226
100
307
68
-66
98
-19
-207
-61
96
12
-16
-16
-296
-246
53
-33
-146
72
72
-328
-181
141
-166
-382
-10
238
144
171
69
-120
-64
-12
-125
-70
312
366
-94
-166
80
124
-61
-234
-9
76
-153
-56
358
330
-105
-188
-145
-62
197
151
-4
203
335
32
-116
161
118
-188
-211
62
278
55
-132
-38
73
-61
-323
-318
-118
159
236
27
-48
77
-63
-333
-163
210
343
114
-102
74
212
-150
-317
150
248
-170
-194
186
136
-70
-111
-202
-72
67
-43
-252
47
241
-100
-326
-268
39
238
96
-279
-104
176
-274
-394
264
369
-152
-111
228
-7
-130
222
140
35
251
135
-96
169
290
60
24
-6
-106
-175
-118
194
323
-135
-332
-73
-16
-215
-176
56
29
-47
-136
-149
-12
87
-65
-154
110
325
121
-103
162
263
-75
-62
362
271
24
122
70
-57
38
73
-92
-69
67
16
-237
-196
12
-89
-225
-146
-18
-42
-75
-124
-79
66
-9
-161
124
188
-249
-234
172
254
71
-3
-213
-185
123
88
-65
0
84
-139
-226
103
150
-95
-72
63
-115
-178
167
214
-54
-16
74
-37
1
189
171
84
152
98
-9
-65
61
335
235
-100
-80
41
-92
-118
5
64
-59
-157
-200
-200
-219
-207
19
28
-38
-41
-146
-128
187
358
107
-56
130
253
89
99
201
77
-23
-22
62
269
193
-126
-48
127
-173
-418
-192
31
81
-23
-208
-374
-371
-44
10
-135
19
140
39
-78
13
125
161
8
-205
-33
102
89
301
279
-194
-318
25
13
-72
252
179
-110
5
-23
-283
-181
33
60
180
147
-199
-165
254
87
-166
115
174
-108
-23
194
129
98
-84
-324
-85
230
119
7
71
-8
-106
-187
-212
69
373
134
-303
-113
156
-23
-173
-11
190
-18
-178
77
187
10
2
16
-176
-162
67
12
-145
135
223
-216
-394
28
245
-25
20
158
-32
-29
116
-12
3
219
-2
-243
167
335
-124
-238
220
267
-96
-102
94
45
-132
52
108
-110
-139
-109
-155
-19
105
-117
-210
-131
-5
30
-31
-175
-158
198
125
-188
-80
127
-3
6
177
21
-71
-22
36
50
36
50
25
79
129
38
-141
-60
161
133
2
44
214
56
-84
13
53
57
36
26
-47
-1
60
-22
-35
60
-140
-427
-119
165
20
-40
35
-139
-256
-27
30
-124
-82
103
107
19
-20
-16
-82
-135
99
191
-114
-132
236
192
-65
-11
-60
-161
137
272
-101
-84
251
100
-132
14
20
-152
5
146
60
125
125
-182
-260
41
122
-31
-62
56
119
20
-101
-109
-40
-50
-61
54
170
75
-144
-133
38
17
-133
-31
179
131
-33
-69
-32
-53
-54
-1
11
21
113
154
44
-107
-199
-129
37
124
148
118
-11
-37
39
-89
-203
18
203
90
8
5
-51
-46
-47
-78
20
65
-79
-61
92
68
-37
-90
-97
-58
19
58
21
12
82
68
-91
-150
-35
45
57
103
72
-48
-38
46
12
-81
-84
16
107
78
0
2
-4
-76
-30
82
-9
-102
24
108
45
3
-37
-74
-26
-18
-26
53
58
-34
-34
-1
-20
23
36
-51
-47
36
22
-28
-15
28
64
27
-50
-36
18
-31
-77
38
142
43
-105
-77
37
42
-3
-9
12
30
1
-54
2
110
48
-90
-67
53
58
-1
-13
-12
-29
-25
-12
11
61
56
-25
-88
-74
11
87
38
-48
-32
8
-7
0
24
11
-33
-53
1
58
23
-19
6
16
4
-15
-29
-5
57
56
16
-5
-30
-26
10
20
15
25
0
-30
-28
-10
6
17
-17
-41
-17
6
6
26
36
-26
-89
-52
34
28
-7
13
21
-50
-82
-18
51
40
-15
-39
-33
-17
3
32
44
18
-47
-65
0
56
52
41
28
6
-8
-16
-12
28
61
46
35
42
29
4
-1
12
26
39
36
27
42
56
29
-5
6
37
38
36
52
41
3
-3
20
20
18
29
22
-11
-32
-22
2
-13
-55
-57
-21
-16
-49
-75
-67
-38
-38
-54
-43
-15
-14
-32
-41
-44
-38
-22
-6
13
30
25
-4
-36
-41
2
31
12
34
83
31
-42
-4
38
21
20
37
51
48
10
-35
-48
-64
-77
-29
21
-6
-58
-86
-125
-156
-138
-123
-149
-145
-120
-148
-179
-164
-171
-216
-233
-196
-177
-218
-246
-247
-278
-349
-397
-387
-378
-406
-422
-462
-523
-526
-506
-491
-437
-341
-260
-249
-214
-93
42
158
290
468
628
741
881
1074
1285
1404
1452
1549
1647
1749
1810
1787
1769
1727
1645
1574
1530
1441
1279
1096
921
735
558
399
242
86
-71
-228
-366
-480
-598
-719
-804
-847
-861
-885
-929
-931
-885
-870
-879
-781
-586
-432
-361
-309
-268
-278
-292
-219
-55
75
49
-57
-58
8
-54
-207
-199
-122
-257
-490
-606
-769
-1148
-1483
-1656
-1914
-2370
-3205
-4814
-6601
-6802
-5088
-3798
-4509
-5527
-5224
-4969
-6019
-6338
-4003
-1096
-470
-1222
-507
1725
3091
3062
3474
5286
7034
7414
7537
8920
10766
10880
9175
8003
8559
9402
9048
8264
8143
7738
5776
3186
1956
2045
1738
439
-1032
-2169
-3321
-4517
-5315
-5809
-6492
-7313
-7646
-7386
-7041
-6781
-6448
-6270
-6467
-6337
-5137
-3443
-2242
-1450
-630
-151
-105
376
1574
2607
2997
3234
3470
3411
3253
3293
3211
2722
2230
1980
1610
1095
782
400
-553
-1614
-2015
-1994
-2113
-2251
-2253
-2491
-3032
-3274
-2984
-2523
-2094
-1654
-1286
-1061
-774
-265
284
783
1326
1870
2308
2766
3378
3797
3754
3604
3670
3771
3749
3780
3809
3542
3034
2642
2367
1879
1114
272
-627
-2477
-5914
-9135
-9335
-6695
-5339
-7339
-9554
-9550
-9525
-11672
-12660
-9248
-4922
-4395
-6268
-5321
-1461
781
360
661
3832
7093
7953
8333
10759
13969
14155
11500
10100
11823
14027
13881
12786
12602
12030
9246
5604
4088
4499
4263
2335
4
-1529
-2806
-4496
-6330
-7693
-8463
-9038
-9531
-9767
-9431
-8648
-8288
-8988
-10033
-9723
-7662
-5301
-3880
-3012
-1874
-1101
-1466
-1893
-444
2549
4342
3904
3288
4041
4660
3664
2679
3334
4145
3171
1663
1680
2231
1282
-808
-2112
-2174
-2004
-2062
-2115
-2040
-2240
-3136
-4280
-4444
-3098
-1609
-1305
-1484
-996
-322
-404
-487
524
1942
2447
2309
2759
3681
3964
3441
3050
3216
3442
3466
3512
3695
3574
2816
1797
1210
1342
1691
1805
1742
1620
1271
553
-28
-6
449
772
644
450
493
630
437
-101
-579
-1074
-2089
-4437
-7470
-8838
-7194
-4680
-5023
-7670
-9137
-8778
-9225
-10826
-9876
-5974
-3423
-4540
-5983
-3898
-437
732
106
1051
4338
6770
7133
7655
10050
12177
11056
8542
8539
11292
13092
12054
10591
10164
9143
6339
3830
3787
4639
3823
1339
-776
-1741
-2638
-4084
-5596
-6508
-6905
-7183
-7421
-7472
-7173
-6870
-7204
-8181
-8562
-7177
-4772
-3136
-2738
-2435
-1771
-1528
-1699
-993
1046
2930
3429
3151
3178
3432
3284
2938
2946
3315
3479
3077
2404
1854
1354
313
-1178
-2064
-1838
-1390
-1678
-2244
-2550
-3052
-3975
-4369
-3498
-2232
-1540
-1342
-1180
-1005
-856
-446
255
1136
1976
2494
2675
2791
3030
3069
2886
2939
3327
3641
3615
3469
3168
2549
1815
1370
1335
1470
1623
1619
1332
862
467
281
211
243
380
526
551
401
260
251
283
241
-1
-270
-526
-935
-2277
-5555
-9225
-10011
-7001
-4298
-5616
-8339
-8924
-8600
-10495
-12315
-9492
-4430
-2837
-5126
-5648
-2161
790
552
-235
2107
6053
7734
7734
9083
12203
13146
10312
7960
9522
12957
13744
12068
11177
10890
8816
5160
3368
4374
5073
3458
818
-771
-1639
-3102
-5058
-6514
-6993
-7043
-7138
-7273
-7202
-6948
-7079
-7976
-8992
-8556
-6259
-3741
-2636
-2572
-2098
-1377
-1480
-1785
-510
2210
3818
3257
2516
3115
3734
2758
1474
1846
3045
2922
1529
769
861
145
-1719
-2926
-2394
-1495
-1771
-2728
-3067
-2966
-3425
-4150
-3868
-2428
-1238
-1090
-1232
-764
-33
156
194
988
2393
3234
3160
3121
3547
3739
3259
2963
3525
4194
4080
3441
3039
2760
2067
1264
1022
1298
1373
960
500
277
138
-114
-251
30
490
635
373
225
486
676
525
443
809
1258
1176
751
291
-327
-1724
-4664
-8043
-9182
-6740
-3736
-4386
-7575
-9416
-9395
-10359
-11968
-10188
-5564
-3111
-4791
-6369
-4176
-984
-205
-778
847
4767
7371
7700
8113
10267
11777
10204
8095
9125
12715
14437
12842
10889
10049
8743
5985
4129
4807
5801
4658
1779
-561
-1814
-3075
-4671
-5992
-6409
-6326
-6374
-6742
-7305
-7713
-8061
-8565
-9002
-8403
-6198
-3705
-2721
-3206
-3430
-2699
-1915
-1299
148
2520
4092
3853
2928
2797
3368
3586
3396
3307
3470
3460
2904
2076
1237
514
-431
-1608
-2163
-1776
-1296
-1978
-3339
-4056
-4113
-4104
-3957
-3041
-2035
-1984
-2446
-2395
-1613
-841
-221
513
1214
1746
2050
2327
2613
2864
3087
3171
3369
3761
4013
3768
3147
2667
2379
2129
1990
2019
1961
1482
754
188
-48
-41
78
269
408
399
218
-7
-51
109
357
531
744
1048
1258
1285
1037
592
7
-676
-2092
-4941
-7538
-7240
-4326
-2998
-5423
-8321
-8825
-8514
-9779
-10354
-7401
-3727
-3589
-6128
-6306
-3092
-555
-577
-572
2135
5513
6552
6211
7264
9662
10169
8312
7675
10157
13012
12777
10586
9319
8830
7386
5385
5030
6079
5941
3630
724
-1008
-1871
-2821
-3907
-4711
-5070
-5401
-6018
-6939
-7758
-8001
-7941
-8063
-8129
-7087
-5051
-3730
-4060
-4789
-4193
-2720
-1638
-664
1115
2977
3137
1984
1648
2693
3644
3633
3670
4232
4322
3390
2240
1718
1378
555
-428
-781
-417
-396
-1428
-2840
-3583
-3644
-3714
-3603
-2822
-1985
-2125
-2962
-3154
-2395
-1485
-847
-145
693
1133
1119
1196
1722
2373
2687
2823
3127
3571
3668
3244
2752
2530
2439
2238
2117
2218
2186
1655
825
303
292
492
574
577
661
705
546
294
310
630
928
997
956
1083
1245
1294
1255
1138
840
225
-513
-1733
-4014
-6486
-7073
-5257
-3894
-5221
-7607
-8553
-8562
-9552
-10296
-8439
-5319
-4373
-5912
-6403
-4265
-1925
-1307
-1043
1078
4063
5511
5634
6505
8594
9641
8795
8349
10042
12400
12720
11263
10069
9446
8314
6638
5986
6497
6354
4502
1797
-192
-1313
-2219
-3162
-4032
-4632
-5199
-5969
-6957
-7815
-8024
-7795
-7729
-7820
-7256
-5808
-4671
-4708
-5076
-4477
-3060
-1870
-971
271
1636
2175
1811
1607
2269
3331
4044
4297
4367
4204
3512
2470
1793
1804
1887
1313
320
-358
-714
-1364
-2308
-2860
-2891
-2982
-3294
-3291
-2918
-2828
-3207
-3431
-2974
-2132
-1380
-787
-268
150
340
496
996
1875
2697
3006
2986
3048
3184
3171
3064
3148
3303
3182
2819
2514
2323
1981
1487
1110
969
941
840
683
547
459
385
265
204
266
349
333
270
375
550
554
445
380
268
-230
-1098
-2331
-4253
-6244
-6597
-4830
-3347
-4415
-6753
-7924
-8054
-8598
-8762
-6785
-3938
-3215
-4751
-5516
-3907
-1725
-693
68
2032
4419
5413
5245
5798
7518
8644
8291
8111
9578
11387
11363
9772
8513
8025
7257
6166
5892
6379
6045
4079
1494
-408
-1403
-1910
-2283
-2770
-3516
-4509
-5714
-7001
-7867
-7782
-7080
-6707
-6869
-6761
-6027
-5479
-5671
-5756
-4737
-3081
-1979
-1500
-723
420
896
448
395
1699
3364
3925
3597
3503
3545
2864
1867
1822
2663
2990
2234
1221
571
-15
-786
-1295
-1158
-804
-947
-1648
-2249
-2354
-2307
-2408
-2301
-1658
-972
-872
-1094
-971
-501
-145
163
832
1689
2088
1903
1679
1807
2096
2296
2494
2764
2855
2539
2021
1674
1547
1486
1455
1465
1399
1122
707
360
271
508
860
962
657
167
-197
-331
-165
291
715
719
316
-141
-556
-1044
-1621
-2514
-3995
-5465
-5576
-4292
-3579
-4688
-6411
-7184
-7398
-7821
-7450
-5410
-3302
-3300
-4776
-5152
-3640
-1739
-428
969
2861
4177
4150
3872
4874
6861
8163
8328
8551
9454
10028
9455
8565
8322
8277
7609
6700
6385
6313
5441
3620
1706
379
-382
-824
-1195
-1778
-2741
-4037
-5456
-6624
-7005
-6472
-5766
-5754
-6371
-6819
-6769
-6572
-6273
-5461
-4220
-3342
-3178
-3084
-2490
-1660
-999
-301
720
1719
2208
2262
2306
2476
2610
2687
2887
3226
3365
2974
2209
1535
1177
994
849
768
635
175
-627
-1362
-1662
-1586
-1396
-1264
-1263
-1445
-1751
-1935
-1793
-1361
-833
-407
-146
-31
8
82
318
763
1289
1705
1913
1913
1766
1601
1604
1830
2126
2270
2168
1918
1642
1390
1211
1230
1456
1604
1470
1246
1142
982
610
337
446
676
664
524
488
383
-91
-795
-1315
-1645
-2334
-3616
-4718
-4703
-3974
-3933
-4955
-5956
-6258
-6474
-6855
-6459
-4901
-3537
-3630
-4434
-4333
-3092
-1706
-582
759
2293
3176
3134
3143
4149
5766
6931
7376
7667
8055
8123
7686
7296
7412
7627
7282
6463
5742
5224
4471
3293
2054
1143
540
-14
-722
-1561
-2402
-3252
-4224
-5142
-5501
-5184
-4878
-5193
-5814
-6094
-6031
-5981
-5765
-4973
-3931
-3449
-3639
-3794
-3359
-2425
-1325
-289
497
911
969
884
1045
1738
2680
3221
3185
2994
2840
2532
2217
2294
2564
2424
1868
1377
1024
559
93
-106
-196
-436
-736
-942
-1137
-1364
-1496
-1502
-1448
-1310
-1095
-957
-913
-807
-618
-457
-239
170
575
730
749
837
915
902
1035
1416
1720
1670
1438
1295
1239
1218
1325
1562
1691
1511
1137
829
729
803
905
914
798
582
317
104
85
261
429
379
59
-462
-1089
-1691
-2243
-2845
-3404
-3567
-3330
-3333
-3996
-4840
-5262
-5396
-5516
-5260
-4310
-3321
-3165
-3620
-3668
-2913
-1849
-832
333
1617
2426
2459
2385
3054
4374
5542
6184
6574
6842
6734
6290
6081
6404
6825
6794
6307
5667
4967
4166
3384
2797
2388
1950
1310
442
-515
-1356
-2028
-2641
-3211
-3594
-3773
-4048
-4610
-5191
-5428
-5390
-5357
-5259
-4863
-4369
-4249
-4458
-4439
-3991
-3450
-2917
-2067
-999
-417
-548
-674
-225
472
1009
1607
2347
2639
2179
1632
1671
2094
2420
2596
2654
2350
1628
922
689
899
1156
1124
775
285
-212
-657
-851
-615
-203
-124
-426
-702
-815
-943
-971
-616
-95
92
-34
-58
70
133
229
576
998
1164
1102
1080
1138
1158
1174
1305
1500
1577
1466
1272
1145
1123
1129
1104
1084
1082
982
701
392
256
259
213
118
106
109
-59
-370
-667
-956
-1335
-1740
-2085
-2470
-2907
-3150
-3162
-3332
-3795
-4140
-4132
-4127
-4289
-4179
-3598
-3110
-3133
-3227
-2837
-2146
-1577
-1012
-154
751
1206
1279
1539
2243
3078
3725
4215
4642
4861
4768
4630
4794
5235
5562
5507
5159
4720
4258
3814
3504
3351
3175
2774
2119
1347
640
130
-212
-535
-908
-1274
-1665
-2215
-2837
-3210
-3256
-3288
-3484
-3626
-3577
-3590
-3832
-4009
-3848
-3561
-3442
-3289
-2811
-2234
-2013
-2059
-1876
-1406
-1003
-701
-177
481
776
643
584
860
1196
1405
1644
1907
1883
1499
1149
1148
1345
1432
1359
1233
1029
658
264
155
338
467
337
118
-47
-270
-540
-585
-322
-92
-148
-298
-319
-309
-332
-207
124
400
444
416
483
578
620
724
967
1180
1187
1072
1026
1041
979
863
847
926
887
675
498
486
472
312
159
166
193
66
-102
-131
-105
-206
-431
-653
-850
-1053
-1236
-1402
-1591
-1788
-1937
-2060
-2224
-2389
-2449
-2422
-2450
-2542
-2495
-2228
-1964
-1892
-1858
-1624
-1270
-998
-744
-334
126
378
462
665
1072
1495
1793
2037
2288
2464
2515
2561
2731
2969
3128
3186
3203
3177
3068
2920
2801
2695
2564
2409
2212
1911
1524
1168
888
612
339
125
-87
-426
-853
-1194
-1415
-1609
-1790
-1888
-1966
-2152
-2409
-2570
-2594
-2591
-2627
-2663
-2672
-2643
-2543
-2360
-2160
-2015
-1922
-1842
-1703
-1424
-1027
-679
-500
-403
-263
-108
54
338
716
959
950
873
890
962
1046
1208
1403
1447
1303
1142
1073
1051
1047
1099
1151
1080
895
715
611
563
550
549
522
438
312
194
140
175
245
254
190
107
38
-10
4
91
168
159
100
63
38
-5
-24
8
33
-1
-55
-74
-76
-112
-171
-198
-193
-186
-195
-188
-159
-143
-154
-152
-113
-64
-40
-33
-37
-76
-152
-229
-267
-291
-339
-408
-485
-606
-792
-965
-1031
-1017
-1022
-1067
-1098
-1121
-1194
-1275
-1244
-1083
-915
-817
-740
-638
-552
-492
-352
-66
258
480
600
703
835
986
1180
1433
1683
1834
1863
1842
1847
1898
1969
2027
2036
1953
1796
1630
1492
1350
1186
1042
917
741
500
264
82
-101
-310
-485
-601
-708
-838
-965
-1092
-1234
-1335
-1347
-1335
-1351
-1358
-1332
-1349
-1413
-1407
-1287
-1160
-1096
-1033
-942
-896
-897
-839
-693
-562
-493
-422
-331
-288
-291
-255
-154
-54
-1
28
54
80
111
159
219
273
311
334
361
419
490
534
558
583
600
592
597
642
687
676
624
584
555
518
482
464
451
408
346
292
259
255
260
237
191
166
172
170
155
164
185
157
93
76
118
139
107
68
49
19
-24
-45
-44
-66
-120
-171
-212
-248
-278
-304
-345
-412
-467
-482
-479
-490
-514
-529
-539
-553
-560
-539
-495
-448
-415
-385
-337
-271
-214
-182
-161
-126
-67
-3
57
110
145
152
145
146
171
215
265
301
304
288
282
293
294
288
306
338
340
312
294
296
291
266
252
263
272
252
229
231
243
240
225
222
228
221
204
198
195
177
150
127
90
36
-9
-34
-70
-136
-207
-257
-305
-371
-422
-430
-436
-481
-538
-557
-541
-534
-530
-493
-432
-395
-393
-382
-343
-292
-244
-179
-98
-36
-17
-17
-3
27
68
123
187
223
217
200
207
224
236
248
269
283
279
264
258
263
250
210
176
168
177
171
150
136
115
72
28
21
43
61
57
48
47
40
21
7
13
29
30
17
10
6
-15
-49
-78
-93
-102
-111
-122
-133
-155
-190
-223
-229
-212
-195
-195
-191
-170
-150
-138
-120
-78
-36
-15
6
53
115
151
166
184
206
221
226
234
244
246
236
212
178
148
122
87
38
-8
-36
-59
-95
-132
-153
-173
-211
-237
-223
-182
-154
-139
-112
-82
-70
-56
-7
64
118
141
153
175
186
184
180
185
183
154
118
91
69
35
-12
-55
-88
-114
-139
-159
-171
-177
-191
-208
-213
-197
-171
-161
-161
-148
-125
-102
-84
-61
-37
-21
-12
-1
18
41
67
89
98
103
105
112
120
129
143
155
153
134
119
117
123
120
111
101
83
56
37
32
31
21
5
-16
-40
-63
-70
-65
-68
-84
-103
-113
-118
-124
-122
-111
-106
-116
-127
-128
-121
-115
-117
-114
-109
-103
-110
-116
-113
-110
-106
-101
-87
-66
-52
-48
-42
-26
3
39
76
116
150
176
196
226
265
301
327
336
343
353
353
347
336
316
292
263
237
209
163
112
62
23
-12
-47
-82
-118
-158
-202
-235
-249
-257
-263
-279
-291
-288
-285
-280
-268
-251
-227
-212
-196
-172
-144
-112
-86
-63
-41
-23
-5
13
33
49
59
63
69
77
79
77
70
59
45
33
30
33
33
25
13
1
-5
-4
9
27
44
51
54
56
57
61
66
76
84
85
89
90
86
79
65
53
46
39
36
32
27
16
5
-2
-9
-16
-21
-22
-17
-16
-16
-14
-11
-13
-18
-18
-13
-9
-12
-16
-16
-19
-27
-37
-44
-42
-49
-59
-61
-56
-57
-64
-66
-64
-62
-64
-62
-51
-44
-47
-51
-49
-41
-38
-38
-31
-22
-19
-17
-9
5
16
19
25
36
46
54
59
66
73
72
71
75
79
79
79
75
72
66
56
52
53
54
48
36
27
20
13
6
0
-1
-5
-15
-20
-20
-23
-26
-27
-24
-18
-13
-14
-13
-13
-13
-14
-12
-10
-10
-15
-20
-22
-25
-29
-34
-37
-38
-41
-46
-51
-52
-53
-55
-55
-51
-45
-40
-37
-34
-28
-24
-16
-7
5
15
19
25
29
32
37
41
45
50
51
50
48
46
43
41
41
41
39
34
30
27
22
20
17
16
14
8
6
6
7
8
7
10
6
2
0
-1
-1
-3
-6
-7
-11
-19
-24
-29
-31
-33
-34
-35
-36
-39
-44
-44
-44
-44
-44
-42
-40
-39
-41
-42
-36
-30
-25
-21
-15
-11
-8
-7
-2
8
16
22
28
35
37
38
43
51
58
61
62
63
62
59
56
55
56
54
50
47
42
35
25
20
16
12
5
3
2
-4
-7
-10
-11
-12
-14
-15
-15
-17
-17
-21
-22
-21
-20
-22
-23
-23
-25
-26
-29
-31
-34
-36
-41
-44
-43
-46
-50
-56
-58
-57
-57
-61
-60
-59
-55
-52
-49
-43
-34
-27
-21
-12
-3
8
18
24
32
40
47
53
58
64
70
74
76
74
74
75
74
70
67
65
62
57
51
46
42
37
31
27
25
22
19
15
12
12
10
8
7
5
5
1
0
-2
-3
-6
-7
-11
-15
-19
-25
-31
-39
-46
-52
-57
-64
-70
-74
-79
-83
-87
-88
-89
-87
-87
-88
-85
-80
-75
-69
-62
-53
-44
-36
-26
-18
-8
2
12
19
26
35
43
48
54
58
64
69
73
75
76
77
76
73
72
71
69
66
64
62
59
57
55
55
53
49
46
42
38
35
32
28
23
20
17
14
10
8
4
0
-5
-10
-12
-15
-21
-26
-31
-36
-43
-49
-54
-59
-65
-69
-76
-81
-84
-87
-87
-88
-90
-88
-87
-83
-77
-70
-65
-61
-55
-47
-41
-31
-25
-16
-10
-4
3
10
18
24
31
38
46
52
56
61
64
66
69
70
70
69
66
66
64
61
57
53
49
44
42
38
36
33
28
26
23
20
18
15
14
13
10
5
3
-1
-2
-4
-9
-13
-18
-22
-27
-31
-36
-40
-44
-48
-47
-48
-48
-47
-45
-43
-40
-36
-30
-27
-20
-15
-11
-6
-3
1
3
4
5
4
4
4
1
1
-1
-2
-7
-7
-8
-10
-11
-13
-9
-10
-11
-9
-6
-3
1
4
7
11
13
18
21
26
29
31
32
32
34
35
35
36
35
35
34
33
31
28
25
23
19
15
10
8
2
-3
-9
-13
-17
-22
-26
-28
-32
-33
-34
-36
-35
-34
-31
-28
-26
-22
-18
-16
-12
-10
-4
-1
-1
1
0
2
3
4
5
6
8
9
8
8
6
6
7
7
4
3
4
3
-1
-1
0
0
-1
-1
0
-2
-1
-1
-3
-3
-3
-1
-1
-1
0
0
-1
-1
1
2
4
4
2
