0
1
2
2
1
2
0
1
0
0
1
0
-1
-2
-1
0
0
2
1
1
0
2
1
0
1
1
2
2
2
1
2
1
1
0
0
0
-1
-1
-1
0
0
-1
0
0
1
0
0
-1
0
-1
0
-1
1
1
2
1
0
-1
-2
-1
0
-1
-2
1
-2
-1
-1
-1
-1
-1
-2
-3
-1
0
-1
-2
-1
-1
-2
-2
-2
-2
-3
-2
-2
-1
-1
1
0
0
1
2
2
2
1
1
1
1
1
1
2
1
2
1
1
0
1
1
2
1
0
1
1
0
2
1
3
2
2
2
1
1
1
1
1
1
-1
0
-1
-2
-3
-2
-2
0
-1
0
-1
-1
-1
0
-1
-1
-3
-2
-2
-2
-2
-3
-3
-2
-2
-1
1
1
2
-1
1
0
0
0
0
1
0
-1
-1
0
-1
1
0
1
0
1
2
0
1
1
0
1
0
0
0
0
0
0
0
0
1
-1
1
0
1
2
0
1
0
0
1
0
-1
-2
-2
0
0
-1
0
0
-1
0
0
0
1
0
0
0
1
1
3
1
2
1
1
0
1
2
-1
0
1
1
2
1
0
0
0
0
0
-2
-1
-1
0
-2
-1
0
-1
-1
-1
0
0
-1
-2
-2
-2
-1
0
-2
-3
-2
-1
-1
0
-2
-1
0
-1
1
1
0
0
1
1
0
-1
-1
-1
0
-1
0
1
-1
-1
-2
-1
-2
-2
0
-1
0
2
0
0
0
1
1
1
1
0
3
1
3
2
3
3
2
1
2
3
1
1
1
1
1
0
0
1
1
0
3
3
4
1
1
2
3
2
1
2
1
-1
1
0
0
0
-1
1
0
-2
-2
-3
-2
-2
-3
-5
-2
-3
-4
-4
-2
-2
-2
-2
-3
-3
-3
-2
-2
-2
-2
-2
-2
-2
-3
-2
-1
0
0
-1
0
0
0
0
0
1
0
0
3
3
1
2
1
1
2
2
1
2
3
3
4
4
4
2
4
3
3
3
2
1
0
1
1
-1
0
1
0
0
0
-2
-1
0
1
1
1
0
-1
-1
0
0
-2
-2
0
-2
-2
-2
-1
-1
-2
-1
-1
0
-1
0
0
1
-1
0
-1
-2
-1
-1
-1
-2
-4
-2
-3
-3
-3
-4
-2
-3
-3
-4
-4
-4
-2
-1
0
0
1
1
1
2
2
1
2
1
0
1
2
1
1
3
3
3
4
4
3
3
3
3
4
5
4
4
5
4
4
5
6
6
6
7
7
9
9
6
6
6
5
4
4
5
7
9
11
10
5
-2
-10
-24
-39
-51
-58
-59
-66
-71
-63
-56
-59
-75
-83
-70
-58
-45
-18
27
74
104
132
158
182
178
150
120
87
53
14
-21
-35
-40
-48
-57
-58
-59
-68
-81
-97
-97
-85
-65
-33
10
64
114
150
173
186
188
161
118
78
41
8
-19
-34
-44
-47
-56
-68
-84
-105
-125
-145
-153
-153
-137
-111
-77
-35
3
38
62
72
71
60
43
21
1
-14
-24
-31
-34
-34
-35
-42
-51
-65
-75
-91
-102
-104
-100
-89
-74
-52
-29
-5
11
24
30
35
37
34
37
40
46
53
62
67
71
71
65
56
46
37
26
17
13
16
19
23
29
36
43
45
47
48
49
49
51
52
57
61
64
67
67
64
58
48
37
27
19
10
0
-5
-6
-10
-9
-11
-13
-17
-18
-22
-26
-27
-28
-27
-28
-25
-23
-22
-23
-24
-26
-31
-37
-43
-50
-56
-59
-60
-58
-57
-55
-51
-48
-48
-49
-47
-46
-46
-43
-38
-28
-21
-16
-10
-1
2
2
1
1
-2
-4
-3
0
4
7
11
13
15
15
13
10
7
5
6
4
5
10
15
17
19
21
22
21
22
20
19
19
19
20
22
22
23
21
22
18
16
15
13
11
8
7
10
10
8
10
10
9
8
7
7
6
4
5
6
9
7
6
7
7
7
3
3
0
-1
-2
-4
-5
-3
-3
-4
-7
-7
-7
-10
-11
-9
-7
-7
-7
-4
0
1
-2
0
3
3
1
-2
0
1
2
-1
-1
1
3
1
-2
-4
-5
-4
-6
-10
-9
-9
-10
-8
-6
-4
-2
-3
-4
-3
-1
-3
-6
-9
-8
-9
-10
-10
-12
-14
-11
-11
-12
-12
-8
-8
-14
-15
-13
-19
-26
-26
-27
-26
-29
-31
-26
-24
-25
-27
-29
-29
-28
-33
-35
-42
-50
-58
-69
-74
-87
-104
-114
-128
-138
-153
-181
-200
-205
-206
-191
-177
-136
-62
24
118
220
333
416
484
526
556
606
608
590
577
553
564
559
521
490
447
418
395
349
317
291
279
291
300
315
336
353
387
410
405
399
372
350
324
275
236
203
184
179
181
181
172
138
65
-53
-205
-386
-588
-793
-980
-1122
-1225
-1282
-1306
-1312
-1318
-1343
-1394
-1471
-1549
-1601
-1609
-1548
-1402
-1176
-908
-648
-452
-348
-367
-540
-878
-1313
-1738
-2113
-2436
-2664
-2710
-2560
-2297
-1966
-1551
-1045
-511
-10
488
1024
1601
2166
2696
3196
3658
4039
4261
4297
4181
3953
3610
3143
2636
2200
1849
1520
1201
974
823
609
269
-96
-378
-642
-943
-1136
-1035
-703
-339
67
630
1253
1668
1809
1848
1843
1667
1281
850
536
278
-52
-428
-727
-946
-1221
-1593
-1928
-2103
-2173
-2220
-2193
-1986
-1623
-1241
-921
-607
-259
33
167
190
220
266
233
112
25
31
42
-11
-88
-125
-163
-293
-522
-761
-960
-1169
-1417
-1632
-1715
-1672
-1591
-1545
-1517
-1474
-1427
-1399
-1390
-1332
-1155
-866
-579
-385
-264
-242
-481
-1128
-2042
-2880
-3442
-3776
-3905
-3669
-2931
-1852
-750
221
1121
1959
2554
2813
2941
3257
3773
4230
4528
4833
5249
5540
5407
4890
4246
3569
2761
1884
1228
962
931
915
937
1142
1465
1649
1573
1370
1235
1147
986
781
691
689
552
229
-46
-148
-344
-830
-1345
-1585
-1685
-1942
-2237
-2306
-2232
-2311
-2501
-2494
-2274
-2138
-2221
-2281
-2117
-1855
-1700
-1637
-1510
-1306
-1155
-1102
-1030
-856
-708
-712
-791
-746
-574
-446
-432
-399
-258
-95
14
143
345
537
635
710
839
964
1023
1042
1054
1039
1037
1110
1203
1226
1196
1121
875
473
193
161
91
-198
-422
-406
-459
-754
-982
-969
-1025
-1281
-1385
-1206
-1106
-1247
-1497
-2079
-3313
-4613
-4962
-4534
-4365
-4419
-3561
-1731
-291
258
988
2371
3244
2920
2545
3232
4330
4713
4594
4834
5378
5547
5176
4592
3872
2908
1861
997
389
96
224
581
746
742
1015
1568
1754
1305
849
888
1013
753
451
523
552
31
-625
-812
-867
-1380
-2071
-2318
-2267
-2403
-2588
-2451
-2207
-2260
-2438
-2339
-2037
-1847
-1803
-1723
-1574
-1401
-1170
-923
-793
-787
-757
-676
-637
-620
-502
-365
-417
-597
-608
-403
-244
-263
-284
-178
-46
53
206
443
622
671
697
810
992
1168
1290
1346
1369
1410
1483
1540
1548
1515
1392
1095
673
334
161
-9
-273
-503
-616
-729
-905
-988
-928
-959
-1171
-1281
-1095
-873
-899
-997
-1042
-1568
-3056
-4787
-5443
-4995
-4739
-5063
-4640
-2775
-867
-186
217
1626
3126
3155
2379
2712
4207
5219
5231
5280
5866
6296
6066
5420
4584
3519
2349
1249
269
-375
-343
139
344
120
117
630
1043
800
237
44
285
461
358
404
907
1261
678
-447
-941
-796
-1208
-2410
-3098
-2682
-2298
-2680
-2932
-2339
-1748
-2020
-2593
-2560
-2087
-1866
-1986
-1957
-1490
-814
-382
-308
-214
127
318
-4
-412
-309
25
-90
-523
-551
-114
124
-76
-211
-1
180
42
-126
27
365
556
584
698
1002
1320
1449
1400
1327
1324
1359
1365
1320
1262
1267
1367
1479
1491
1416
1251
885
342
-96
-271
-428
-761
-1038
-1037
-945
-983
-1065
-1099
-1189
-1370
-1563
-1732
-1817
-1859
-2513
-4402
-6507
-6895
-5701
-5169
-5806
-5318
-2813
-743
-647
-431
1625
3557
3290
2393
3246
5144
6074
6105
6458
7059
7126
6665
5954
4847
3480
2374
1429
180
-886
-839
-43
172
-389
-560
129
686
305
-358
-289
334
546
260
452
1473
2247
1760
594
-22
-112
-706
-1960
-2818
-2703
-2363
-2532
-2763
-2341
-1643
-1612
-2254
-2641
-2372
-2079
-2252
-2414
-1930
-1048
-491
-361
-138
354
601
250
-274
-365
-144
-204
-602
-741
-351
40
-58
-342
-289
-60
-176
-607
-796
-564
-301
-250
-142
267
762
999
987
987
1090
1142
1022
879
973
1296
1537
1535
1551
1808
2066
1962
1583
1263
1022
648
166
-171
-273
-261
-253
-328
-483
-589
-585
-665
-936
-1201
-1313
-1379
-1573
-2297
-4162
-6667
-7860
-6963
-6060
-6768
-7053
-4697
-1769
-1312
-1741
277
3392
3718
1945
2223
5005
6834
6636
6745
8024
8729
8107
7264
6590
5403
3759
2245
775
-692
-1334
-861
-473
-1074
-1773
-1425
-586
-600
-1432
-1751
-1062
-460
-701
-721
668
2471
2720
1554
919
1283
1062
-375
-1593
-1636
-1485
-2039
-2568
-2160
-1296
-1096
-1742
-2454
-2620
-2476
-2635
-3086
-3116
-2416
-1661
-1433
-1242
-437
493
572
-60
-324
78
299
-125
-491
-167
352
330
26
124
493
418
-198
-695
-691
-518
-568
-703
-554
-80
366
521
549
753
1044
1073
852
799
1097
1421
1527
1620
1884
2096
2057
1960
2017
1998
1623
1066
745
775
896
826
469
-35
-404
-533
-654
-952
-1251
-1353
-1413
-1556
-1601
-1412
-1155
-1153
-2038
-4429
-7440
-8701
-7526
-6497
-7403
-7859
-5338
-2075
-1449
-1903
120
3338
3653
1606
1560
4285
6313
6308
6607
8290
9514
9211
8502
8064
7177
5561
3796
2058
325
-706
-556
-176
-686
-1564
-1563
-901
-1010
-2168
-2929
-2407
-1755
-2205
-2726
-1492
875
1882
1080
673
1641
2103
787
-683
-657
-142
-692
-1628
-1428
-356
105
-469
-1180
-1378
-1406
-1898
-2826
-3456
-3281
-2782
-2734
-2907
-2387
-1234
-651
-1098
-1507
-1058
-517
-821
-1360
-993
6
480
337
550
1350
1816
1446
859
699
745
516
55
-226
-128
163
327
290
327
593
758
491
102
147
499
590
419
570
1185
1692
1732
1679
1923
2195
2006
1484
1287
1623
1856
1420
721
485
601
360
-275
-585
-398
-413
-979
-1438
-1216
-821
-989
-1472
-1690
-2249
-4309
-7195
-8560
-7808
-7356
-8680
-9500
-7451
-4321
-3093
-2820
-712
2339
3074
1786
1941
4277
6039
6086
6383
7987
9454
9822
9981
10401
10182
8850
7099
5398
3615
2022
1150
668
-227
-1350
-1764
-1431
-1388
-2106
-2830
-3033
-3343
-4274
-5020
-4559
-3325
-2517
-2255
-1716
-769
-141
-35
49
186
-91
-754
-1157
-1013
-603
-149
304
555
462
273
183
-66
-683
-1394
-1959
-2574
-3260
-3496
-3027
-2429
-2260
-2216
-1822
-1344
-1250
-1314
-1042
-619
-535
-622
-285
537
1320
1785
2111
2393
2481
2317
2054
1795
1523
1216
896
612
481
606
854
934
786
633
571
437
173
-12
-13
-26
-173
-217
38
405
604
683
825
979
946
750
593
541
483
363
239
174
158
171
159
74
-53
-162
-275
-453
-650
-777
-886
-1127
-1629
-2516
-3722
-4798
-5274
-5303
-5443
-5696
-5455
-4608
-3816
-3346
-2570
-1203
-34
278
317
959
2037
2849
3388
4175
5218
6041
6519
6974
7508
7819
7673
7160
6469
5732
5064
4525
4037
3519
2996
2519
2009
1375
685
52
-585
-1391
-2333
-3135
-3622
-3931
-4218
-4422
-4431
-4410
-4571
-4783
-4764
-4574
-4511
-4567
-4445
-4059
-3600
-3095
-2377
-1499
-772
-305
92
515
838
996
1080
1122
1080
1009
1025
1104
1154
1187
1225
1149
902
668
603
566
385
184
163
226
172
57
48
81
-35
-267
-434
-513
-605
-701
-697
-616
-565
-539
-459
-333
-254
-218
-138
-11
108
205
321
472
619
743
842
917
973
1026
1079
1107
1104
1096
1093
1062
980
875
786
721
646
552
482
459
460
440
421
443
494
502
454
418
428
407
300
168
72
-59
-315
-614
-797
-866
-963
-1117
-1203
-1152
-1070
-1048
-1031
-940
-837
-844
-981
-1135
-1210
-1228
-1261
-1301
-1271
-1142
-959
-767
-545
-263
36
271
415
503
594
703
802
870
918
992
1099
1193
1259
1334
1432
1482
1423
1290
1176
1100
1012
884
755
668
612
547
460
398
370
313
157
-49
-196
-280
-394
-555
-651
-636
-622
-673
-699
-621
-531
-549
-628
-651
-626
-650
-718
-735
-676
-613
-595
-587
-567
-564
-601
-668
-747
-830
-894
-920
-917
-902
-853
-752
-632
-544
-484
-400
-293
-198
-123
-24
108
235
330
415
516
610
667
691
705
721
731
735
738
744
744
732
716
702
692
672
643
612
585
557
536
532
534
519
497
486
481
451
408
380
360
316
259
243
278
317
333
355
393
412
389
326
238
122
-28
-217
-427
-619
-759
-869
-984
-1089
-1129
-1116
-1122
-1159
-1169
-1140
-1149
-1222
-1293
-1301
-1279
-1282
-1268
-1174
-1021
-870
-724
-539
-328
-150
-20
97
215
311
382
465
559
646
736
849
977
1080
1157
1243
1321
1348
1323
1298
1283
1245
1168
1104
1091
1094
1080
1058
1053
1040
982
877
743
596
432
262
100
-34
-139
-211
-257
-303
-361
-430
-505
-604
-741
-893
-1024
-1126
-1218
-1295
-1326
-1306
-1265
-1237
-1217
-1183
-1139
-1119
-1124
-1129
-1097
-1041
-982
-916
-821
-691
-562
-457
-366
-270
-167
-82
-18
51
146
258
361
454
554
660
754
819
860
901
952
992
1018
1042
1083
1124
1141
1129
1096
1059
1002
915
820
739
681
629
576
530
499
462
404
321
229
134
38
-63
-154
-223
-264
-284
-291
-286
-272
-257
-257
-280
-328
-393
-477
-586
-718
-860
-991
-1110
-1219
-1310
-1373
-1402
-1402
-1385
-1354
-1304
-1244
-1184
-1126
-1063
-979
-871
-736
-569
-368
-142
101
343
568
761
917
1033
1112
1156
1182
1207
1238
1274
1317
1364
1412
1451
1469
1462
1430
1375
1300
1210
1113
1020
935
856
783
707
626
531
410
256
76
-122
-324
-523
-705
-858
-971
-1047
-1092
-1112
-1112
-1106
-1104
-1109
-1117
-1129
-1138
-1136
-1118
-1080
-1023
-945
-843
-731
-619
-505
-395
-296
-215
-147
-85
-31
18
65
117
175
233
288
340
384
414
427
426
415
398
379
364
356
356
363
372
384
390
386
370
339
294
242
192
149
118
100
99
113
135
158
176
183
175
157
124
84
44
14
-5
-15
-14
-4
11
24
30
26
15
2
-11
-16
-9
14
49
88
124
144
139
97
18
-102
-253
-423
-589
-735
-856
-950
-1011
-1033
-1033
-1022
-1007
-986
-966
-950
-937
-909
-852
-758
-622
-442
-224
24
287
543
772
964
1114
1219
1281
1306
1312
1316
1322
1333
1345
1356
1358
1337
1279
1189
1063
910
734
543
357
184
33
-100
-214
-312
-408
-512
-627
-749
-868
-973
-1059
-1112
-1122
-1080
-991
-870
-725
-575
-435
-326
-254
-218
-207
-209
-214
-211
-191
-145
-83
-9
60
125
174
200
205
193
174
154
133
114
102
95
89
84
74
64
50
30
-1
-46
-103
-174
-257
-349
-454
-541
-584
-578
-528
-430
-274
-86
116
309
479
611
706
765
798
823
845
869
892
905
901
872
808
700
556
387
210
43
-99
-199
-252
-261
-241
-203
-167
-145
-143
-159
-188
-217
-237
-240
-225
-200
-179
-185
-233
-341
-524
-776
-1071
-1377
-1664
-1913
-2102
-2210
-2227
-2169
-2060
-1914
-1741
-1567
-1422
-1302
-1190
-1061
-903
-693
-409
-48
383
851
1329
1780
2171
2484
2700
2823
2867
2852
2818
2778
2743
2715
2687
2647
2568
2429
2225
1961
1633
1258
853
450
67
-282
-583
-838
-1056
-1255
-1450
-1643
-1825
-1996
-2142
-2245
-2282
-2235
-2094
-1857
-1535
-1152
-740
-327
51
374
633
834
992
1111
1210
1299
1383
1450
1489
1490
1442
1335
1166
945
694
425
155
-105
-349
-567
-763
-943
-1113
-1275
-1435
-1592
-1742
-1882
-1998
-2078
-2117
-2109
-2059
-1966
-1828
-1676
-1510
-1339
-1166
-976
-792
-616
-431
-248
-54
140
321
501
670
833
989
1129
1251
1349
1423
1465
1476
1456
1419
1385
1362
1342
1332
1337
1355
1367
1342
1294
1233
1166
1090
987
889
826
806
791
725
592
402
140
-242
-750
-1311
-1795
-2155
-2435
-2664
-2797
-2775
-2646
-2517
-2402
-2232
-1972
-1701
-1500
-1338
-1109
-767
-357
80
563
1138
1785
2403
2907
3297
3641
3943
4141
4192
4179
4217
4292
4301
4177
3983
3781
3513
3089
2519
1921
1377
828
191
-514
-1194
-1788
-2352
-2972
-3621
-4167
-4540
-4828
-5147
-5440
-5554
-5453
-5288
-5129
-4867
-4398
-3808
-3286
-2876
-2467
-1998
-1546
-1192
-892
-531
-74
391
761
1043
1329
1635
1860
1920
1891
1900
1935
1879
1705
1537
1473
1442
1333
1173
1065
1016
927
743
526
366
277
212
153
148
259
474
702
882
1061
1300
1565
1752
1853
1965
2145
2302
2355
2354
2387
2433
2398
2263
2092
1931
1763
1573
1351
1089
834
620
411
121
-214
-460
-601
-772
-1058
-1320
-1437
-1501
-1646
-1832
-1919
-1888
-1819
-1763
-1735
-1794
-1992
-2317
-2819
-3537
-4246
-4572
-4500
-4418
-4497
-4525
-4349
-4228
-4326
-4312
-3827
-3070
-2516
-2201
-1847
-1376
-919
-446
181
973
1838
2723
3549
4164
4575
4969
5378
5572
5524
5593
5969
6324
6290
6026
5853
5651
5122
4385
3822
3480
3064
2419
1667
921
172
-597
-1390
-2195
-2882
-3287
-3526
-3908
-4437
-4767
-4766
-4712
-4751
-4574
-3972
-3262
-2823
-2574
-2199
-1680
-1224
-868
-453
85
659
1158
1498
1684
1816
1986
2110
2068
1962
1974
2020
1824
1373
961
735
506
130
-246
-492
-721
-1103
-1573
-1940
-2159
-2309
-2426
-2485
-2459
-2339
-2156
-1983
-1858
-1698
-1420
-1085
-789
-488
-67
412
749
919
1123
1472
1845
2104
2276
2436
2534
2478
2333
2260
2331
2426
2372
2124
1805
1537
1311
1039
740
526
417
285
24
-295
-515
-600
-642
-695
-732
-784
-1066
-1822
-2988
-4071
-4528
-4314
-3898
-3703
-3750
-3927
-4251
-4613
-4573
-3795
-2601
-1687
-1354
-1312
-1153
-745
-137
633
1559
2565
3479
4142
4555
4904
5315
5638
5677
5590
5738
6152
6425
6249
5759
5236
4715
4108
3518
3120
2810
2261
1320
184
-815
-1542
-2098
-2639
-3200
-3701
-4125
-4586
-5138
-5605
-5764
-5648
-5455
-5225
-4808
-4199
-3645
-3282
-2941
-2396
-1684
-1008
-442
70
544
911
1158
1381
1676
2039
2363
2519
2478
2321
2122
1855
1500
1154
919
735
439
2
-444
-819
-1173
-1525
-1794
-1932
-2025
-2171
-2346
-2453
-2441
-2304
-2053
-1712
-1344
-1004
-724
-491
-245
80
495
920
1290
1611
1900
2124
2284
2450
2671
2887
3015
3065
3085
3061
2960
2816
2674
2537
2411
2327
2247
2041
1659
1277
1077
1011
897
673
439
264
99
-72
-201
-359
-832
-1891
-3345
-4443
-4525
-3804
-3236
-3473
-4255
-5016
-5566
-5809
-5345
-4041
-2659
-2193
-2649
-3089
-2819
-1979
-1006
-69
821
1580
2135
2546
2966
3506
4122
4595
4776
4896
5290
5812
5908
5375
4677
4304
4198
4074
3900
3705
3215
2191
900
-90
-555
-779
-1157
-1834
-2716
-3601
-4319
-4823
-5139
-5258
-5189
-5104
-5160
-5239
-5066
-4642
-4224
-3858
-3300
-2475
-1690
-1189
-833
-388
151
690
1283
1989
2662
3092
3244
3253
3285
3436
3680
3859
3852
3668
3364
2937
2406
1939
1648
1420
1059
569
87
-352
-804
-1222
-1483
-1585
-1648
-1741
-1833
-1919
-2024
-2091
-2020
-1789
-1457
-1085
-739
-512
-439
-409
-238
139
623
1057
1323
1411
1383
1370
1494
1786
2116
2259
2159
1999
1981
2035
1967
1782
1666
1646
1500
1101
620
277
71
-184
-535
-870
-1335
-2475
-4478
-6293
-6486
-5137
-4048
-4491
-5741
-6635
-7165
-7546
-6940
-4848
-2725
-2380
-3437
-3953
-3144
-1826
-667
450
1539
2278
2734
3286
4011
4739
5456
6121
6516
6778
7345
8067
8089
7186
6332
6341
6748
6735
6361
5950
5136
3581
2034
1517
1796
1740
899
-286
-1537
-2894
-3959
-4174
-3825
-3814
-4440
-5201
-5730
-6015
-5938
-5390
-4741
-4432
-4300
-3963
-3474
-3064
-2604
-1932
-1281
-814
-242
574
1183
1267
1202
1446
1909
2349
2779
3130
3057
2517
1994
1862
1967
2017
1902
1513
780
-35
-521
-658
-772
-1008
-1281
-1606
-2064
-2476
-2577
-2434
-2342
-2359
-2312
-2170
-2040
-1920
-1697
-1387
-1089
-767
-361
28
248
392
654
1025
1331
1539
1780
2034
2110
1968
1842
1900
2026
2036
1934
1819
1672
1429
1136
950
916
886
693
378
127
5
-84
-185
-345
-905
-2136
-3452
-3700
-2734
-1884
-2261
-3344
-4060
-4334
-4537
-4260
-3039
-1729
-1611
-2428
-2704
-1863
-741
-50
444
1077
1710
2209
2724
3344
3914
4344
4705
5091
5595
6217
6639
6452
5791
5346
5481
5773
5721
5343
4773
3882
2734
1911
1732
1669
1079
58
-970
-1985
-2977
-3526
-3512
-3673
-4586
-5656
-6068
-5994
-6047
-6138
-5896
-5605
-5658
-5678
-5116
-4255
-3733
-3528
-3162
-2508
-1772
-1033
-367
39
242
588
1200
1824
2311
2693
2852
2673
2475
2665
3055
3111
2766
2391
2108
1761
1391
1208
1097
741
162
-302
-529
-707
-947
-1176
-1349
-1469
-1496
-1437
-1404
-1448
-1432
-1256
-982
-673
-308
39
204
204
297
656
1169
1601
1829
1890
1878
1885
1937
2015
2080
2113
2095
1982
1750
1478
1291
1197
1085
912
746
548
212
-145
-269
-240
-376
-792
-1452
-2432
-3435
-3651
-2928
-2445
-3062
-3992
-4317
-4474
-4883
-4638
-3334
-2395
-2816
-3370
-2806
-1864
-1529
-1241
-363
509
905
1394
2245
2842
2979
3246
3869
4533
5179
5832
6045
5582
5112
5251
5652
5743
5578
5341
4813
3898
3031
2629
2502
2145
1374
470
-267
-941
-1822
-2718
-3118
-3124
-3483
-4435
-5260
-5468
-5481
-5693
-5731
-5302
-4886
-4930
-5079
-4772
-4082
-3453
-2997
-2484
-1809
-1135
-660
-355
13
585
1206
1670
2046
2469
2784
2760
2592
2687
3033
3228
3082
2798
2526
2193
1790
1475
1316
1142
792
301
-172
-525
-778
-1004
-1195
-1281
-1293
-1364
-1532
-1652
-1614
-1475
-1286
-1000
-646
-394
-317
-283
-139
143
524
957
1307
1444
1418
1386
1420
1555
1817
2062
2028
1717
1428
1314
1230
1104
1036
994
821
545
304
53
-267
-509
-567
-598
-705
-884
-1356
-2323
-3275
-3377
-2728
-2319
-2609
-3123
-3566
-4081
-4367
-3810
-2698
-2094
-2292
-2527
-2292
-1844
-1377
-744
-28
491
899
1451
2055
2480
2794
3143
3512
3993
4708
5324
5336
4888
4623
4717
4816
4835
4947
4905
4274
3269
2571
2350
2182
1785
1270
720
26
-849
-1729
-2313
-2472
-2516
-2922
-3667
-4234
-4448
-4637
-4848
-4677
-4179
-3990
-4233
-4271
-3777
-3218
-2934
-2624
-2042
-1427
-1033
-730
-351
48
394
748
1182
1660
2029
2114
1948
1830
1962
2177
2234
2159
2025
1727
1249
857
733
697
500
171
-148
-452
-781
-1053
-1188
-1223
-1252
-1307
-1360
-1394
-1410
-1415
-1359
-1152
-815
-497
-320
-229
-107
62
254
546
966
1333
1435
1361
1369
1519
1643
1687
1786
1925
1896
1632
1352
1211
1129
997
883
851
793
573
240
-27
-143
-195
-304
-451
-522
-522
-628
-940
-1328
-1621
-1802
-1875
-1761
-1536
-1515
-1864
-2311
-2465
-2273
-1925
-1565
-1295
-1224
-1300
-1272
-991
-569
-171
154
414
656
967
1343
1647
1809
1939
2144
2403
2666
2890
2958
2787
2540
2448
2499
2530
2465
2297
1966
1517
1136
932
815
639
327
-106
-524
-828
-1134
-1483
-1643
-1580
-1720
-2204
-2509
-2385
-2335
-2566
-2513
-2034
-1830
-2110
-2171
-1747
-1400
-1350
-1150
-695
-406
-374
-296
-77
127
295
436
521
646
843
833
529
425
750
914
598
410
632
593
110
2
421
427
-172
-425
-113
-27
-330
-468
-401
-460
-510
-377
-297
-361
-351
-280
-287
-178
142
266
25
-38
334
580
433
376
614
708
596
687
934
914
697
703
852
832
749
782
757
619
555
507
343
270
412
455
230
-9
-73
-44
-18
-3
-47
-173
-295
-296
-214
-160
-170
-227
-316
-384
-330
-188
-121
-190
-265
-273
-283
-322
-296
-184
-82
-127
-295
-398
-346
-259
-226
-202
-196
-283
-421
-472
-384
-250
-221
-331
-443
-468
-461
-422
-294
-209
-348
-537
-498
-322
-257
-272
-263
-312
-390
-311
-102
13
0
-33
-39
25
158
318
471
554
526
566
716
738
678
839
1019
904
802
959
966
729
671
688
500
497
775
691
313
234
173
-174
-165
279
303
-134
-334
-371
-509
-481
-336
-413
-523
-507
-642
-779
-594
-507
-845
-1009
-674
-421
-506
-572
-579
-721
-777
-564
-299
-107
7
-123
-410
-424
-174
-38
36
180
147
-11
33
79
-33
64
264
92
-17
403
596
254
236
528
322
17
365
794
726
581
602
476
224
167
316
492
568
499
329
145
31
20
55
51
43
95
174
186
83
-63
-142
-151
-158
-45
229
333
117
-101
-136
-121
-107
-49
61
192
153
-162
-361
-179
-82
-353
-410
-94
-74
-424
-529
-430
-504
-548
-470
-553
-618
-385
-314
-639
-693
-317
-307
-710
-588
9
56
-361
-314
30
-45
-172
142
360
174
159
417
452
386
545
618
409
372
662
800
689
699
744
499
333
635
809
457
312
612
513
77
219
545
102
-459
-147
293
22
-264
-160
-358
-705
-463
-247
-613
-631
-142
-331
-897
-608
-188
-659
-938
-351
-62
-332
-302
-110
-222
-311
-322
-328
52
461
202
-106
174
268
-75
-24
281
258
272
414
292
235
365
16
-360
170
740
355
21
341
298
-177
-157
149
136
106
139
-3
-37
41
-224
-446
-90
153
-104
-111
124
-102
-358
-143
-23
-118
99
296
55
-62
108
-4
-174
148
444
258
163
304
114
-190
22
317
123
-19
248
224
-247
-376
-99
-112
-329
-192
57
-109
-467
-528
-394
-376
-442
-398
-218
-84
-250
-526
-445
-222
-341
-395
6
225
-22
-62
143
-9
-192
155
498
373
372
673
557
122
221
645
602
383
522
692
573
385
356
387
268
71
171
398
232
-18
53
-35
-379
-337
-115
-273
-383
-178
-187
-421
-466
-422
-414
-291
-177
-205
-295
-346
-233
-10
-21
-178
-118
-135
-290
38
520
240
-236
-98
31
-135
96
529
390
-84
-216
4
184
231
312
223
-175
-214
290
372
46
156
147
-393
-294
445
406
-156
-166
-27
-270
-306
84
220
-127
-422
-322
-81
12
3
-106
-382
-448
-47
203
14
-5
89
-228
-404
-5
243
180
207
27
-196
118
287
-122
-126
240
86
-106
160
252
58
-129
-355
-247
148
65
-136
130
62
-461
-408
-40
-98
-106
76
-73
-199
71
101
-216
-200
91
95
-18
150
311
143
-56
-15
69
130
271
293
167
182
263
219
194
282
427
407
61
-28
486
661
215
226
508
50
-362
76
436
279
212
99
-306
-421
-142
-40
-186
-210
-126
-242
-459
-279
50
-254
-802
-613
-127
-139
-104
205
-25
-596
-558
-207
-128
49
340
165
-203
-106
121
-4
-114
58
142
18
37
241
257
51
-59
-67
-114
-43
151
169
87
166
160
-150
-281
-8
87
-80
35
236
105
-86
-149
-144
-25
-17
-88
97
144
-135
-43
179
-83
-122
148
-16
-50
345
193
-161
88
149
-152
20
330
213
6
-86
4
182
2
-206
88
209
-127
-117
117
-55
-287
-245
-151
-24
90
-17
-166
-150
-161
-254
-216
-53
23
-64
-156
-63
30
-155
-292
-90
23
-78
21
183
90
-13
-13
-34
59
204
145
123
281
318
245
219
180
177
205
164
242
423
352
185
200
182
47
-33
10
151
160
-29
-22
127
-70
-342
-249
-94
-140
-207
-170
-107
-94
-120
-166
-344
-526
-332
-30
7
73
85
-318
-485
-93
-92
-370
24
409
-7
-284
24
65
-203
-161
35
51
27
126
277
197
-198
-324
37
121
-102
141
461
194
-45
51
-53
-136
122
267
211
215
167
117
187
97
-48
71
147
19
113
303
116
-65
95
19
-289
-70
230
-102
-176
294
64
-483
-115
198
-295
-305
217
63
-331
-135
80
-109
-188
-28
-70
-274
-143
117
-34
-134
126
8
-385
-184
205
-27
-277
19
260
0
-257
-104
73
-98
-228
29
147
-39
-26
81
-69
-92
105
53
-106
126
405
157
-144
78
271
37
121
469
248
-17
265
232
-113
193
472
-21
-149
362
270
-239
-152
129
11
-117
-13
53
-81
-247
-255
-169
-81
34
-29
-257
-191
12
-162
-295
-21
31
-211
-136
75
2
-89
-85
-146
-126
33
52
-58
-29
91
18
-139
-56
96
-7
-93
72
159
44
41
109
-2
-32
159
108
-117
95
327
32
-74
222
122
-179
-69
71
30
137
195
60
50
68
-93
-170
-4
181
137
34
109
120
-87
-117
7
-64
-27
178
65
-90
97
46
-237
-94
114
-62
-122
22
-34
-118
-25
-5
-79
-126
-200
-264
-206
-104
-101
-141
-83
-59
-272
-416
-229
-138
-254
-115
65
-75
-132
-29
-114
-127
94
50
-112
129
331
144
173
427
218
-92
184
445
195
141
451
461
184
132
255
234
68
9
163
235
101
89
176
80
-41
-98
-226
-179
80
82
-55
18
7
-205
-226
-80
-13
17
-47
-168
-100
-19
-197
-217
61
69
-220
-261
-145
-223
-256
-86
21
-22
-61
-104
-144
-75
7
16
29
72
104
131
123
67
73
108
14
-57
88
195
7
-131
39
110
-117
-181
47
84
-98
-73
63
-41
-158
-42
33
12
83
46
-127
-34
180
96
-14
120
93
-106
2
263
189
22
109
151
17
11
110
36
10
141
90
-79
6
90
-55
-71
20
-90
-160
-65
-68
-36
81
-70
-288
-135
42
-121
-184
30
5
-228
-110
135
-16
-231
-137
-52
-83
-26
28
-21
-33
-39
-118
-138
-40
87
106
31
42
92
-56
-124
154
283
72
71
237
111
-40
75
117
41
93
145
63
60
91
-18
-65
9
-27
-87
54
142
23
-21
-24
-139
-131
69
121
6
-18
13
-1
-36
-24
20
-32
-84
61
173
22
-63
5
-83
-127
58
70
-92
-29
60
-73
-117
-42
-72
-100
-39
-19
-34
-55
-79
-49
-56
-121
-77
-1
-61
-98
-3
16
-83
-81
9
1
-73
-4
107
28
-7
108
94
27
125
115
-9
104
204
59
50
177
83
-35
98
187
64
-37
27
102
70
18
34
52
13
-27
-12
38
16
-74
-77
-8
-19
4
27
-134
-187
9
-14
-214
-79
106
-62
-188
-67
-35
-140
-142
-45
8
0
-40
-103
-103
-35
-18
-56
-5
57
14
-7
9
-22
-30
-11
-15
77
200
97
-60
-26
18
10
79
135
87
72
65
-21
-45
77
100
-43
-37
137
131
-42
-66
18
-28
-108
-26
118
103
-11
-47
-20
-38
-72
-14
76
87
10
-50
-6
58
5
-31
29
2
-80
-20
60
15
4
-4
-98
-104
-16
-35
-61
3
-31
-99
-45
-34
-84
-34
-28
-98
-23
54
-13
18
88
-40
-109
29
95
28
50
148
131
-57
-128
77
166
-18
7
217
93
-106
10
94
6
38
84
-6
3
96
46
-11
56
76
-36
-97
13
106
48
-23
35
57
-76
-158
-35
63
-41
-98
10
-1
-128
-135
-86
-127
-115
-21
-46
-96
-34
-21
-185
-235
-25
55
-109
-87
105
23
-127
-38
15
-33
50
70
-9
98
174
9
-73
46
89
31
36
149
194
40
-63
69
103
-43
14
148
66
1
65
22
-3
82
3
-124
0
115
-27
-90
72
101
-86
-135
5
7
-100
-22
116
37
-80
-26
31
-9
-13
13
-8
-21
7
27
49
58
-5
-77
-63
3
34
24
-5
-24
-17
-18
-71
-76
5
6
-113
-108
42
34
-123
-84
97
28
-177
-98
122
57
-120
-24
147
39
-123
-32
105
60
-11
2
1
19
106
57
-76
-5
136
8
-117
105
265
49
-164
-12
163
58
-43
130
221
-38
-191
16
131
-14
-17
63
-52
-122
19
11
-117
14
117
-137
-268
25
142
-143
-282
-78
14
-89
-61
50
31
-65
-128
-156
-39
196
197
-73
-132
91
77
-221
-197
155
206
-62
-76
177
213
24
-65
-5
49
24
-56
-60
112
170
-222
-740
-780
-454
-309
-283
-6
232
-70
-516
-385
122
442
552
688
806
835
768
601
507
572
528
263
279
686
745
212
-212
-183
-255
-494
-297
174
138
-362
-583
-538
-625
-603
-317
-202
-331
-288
-163
-339
-470
-171
8
-231
-239
198
318
-20
-78
159
47
-240
-52
310
240
13
76
92
-161
-224
18
74
-73
4
137
-13
-142
23
92
-94
-98
154
220
74
76
176
103
-28
6
120
167
160
133
95
76
76
54
47
101
128
69
18
49
71
13
-30
-11
16
20
3
-30
-48
-47
-55
-67
-39
7
0
-58
-94
-58
-11
-32
-79
-48
19
-6
-84
-64
10
-21
-99
-69
22
22
-47
-58
-26
-30
-54
-42
-11
7
6
-16
-47
-37
4
14
-4
9
37
11
-54
-57
2
18
-28
-35
6
2
-53
-53
6
16
-29
-33
15
22
-11
-11
22
12
-29
-22
17
21
1
0
8
-6
-11
8
20
14
18
23
1
-15
11
30
10
-11
4
12
-14
-30
-7
8
-15
-28
-7
7
1
-6
5
20
14
9
21
40
54
51
47
55
59
69
80
88
100
101
95
102
118
135
130
115
131
149
136
115
120
134
117
88
93
106
96
69
57
59
49
29
23
28
18
-14
-52
-63
-50
-50
-77
-88
-82
-101
-149
-171
-146
-133
-165
-185
-155
-137
-157
-194
-213
-219
-247
-287
-311
-331
-365
-444
-553
-631
-731
-860
-982
-1061
-1100
-1170
-1264
-1325
-1347
-1398
-1466
-1480
-1403
-1307
-1218
-1110
-967
-835
-725
-579
-360
-113
118
351
592
824
1024
1198
1391
1604
1812
2008
2168
2315
2436
2488
2499
2492
2491
2492
2469
2423
2330
2167
1962
1749
1550
1367
1197
1021
817
592
365
155
-41
-224
-366
-483
-590
-667
-744
-831
-922
-983
-970
-926
-885
-837
-806
-808
-814
-784
-704
-592
-484
-431
-442
-439
-389
-377
-438
-473
-432
-423
-512
-606
-605
-556
-566
-624
-705
-812
-894
-865
-767
-803
-1127
-1595
-1865
-1868
-1864
-1933
-1947
-2274
-3515
-5057
-5237
-3826
-2692
-2924
-3312
-3027
-3208
-4227
-4106
-1877
247
377
-71
786
2119
2457
2521
3590
5014
5511
5474
6116
7320
7932
7520
6792
6484
6572
6646
6611
6592
6329
5323
3732
2423
1881
1713
1376
758
-102
-1173
-2238
-3032
-3528
-3828
-4005
-4279
-4836
-5350
-5350
-5012
-4903
-5011
-4892
-4526
-4197
-3767
-2936
-1991
-1462
-1297
-1002
-389
332
1008
1575
1916
1975
1883
1862
1985
2174
2214
1965
1529
1146
882
618
341
94
-196
-614
-982
-1084
-1056
-1175
-1435
-1619
-1661
-1620
-1466
-1165
-872
-779
-826
-774
-479
-9
440
739
938
1161
1377
1443
1419
1526
1775
1934
1904
1866
1890
1789
1498
1228
1083
847
486
359
512
415
-103
-689
-1629
-3666
-5814
-5740
-3583
-2422
-3500
-4519
-4352
-5021
-6866
-6685
-3494
-1006
-1555
-2488
-1334
188
168
87
1644
3642
4369
4468
5405
6922
7587
6924
6020
6048
6837
7377
7422
7486
7287
5957
3893
2605
2521
2635
2313
1701
674
-918
-2418
-3212
-3681
-4205
-4429
-4388
-4774
-5459
-5511
-5083
-5239
-5903
-6010
-5426
-4729
-3814
-2567
-1894
-2330
-2839
-2434
-1448
-321
1062
2220
2248
1458
1098
1478
1986
2429
2885
2941
2366
1720
1436
1223
858
559
365
131
4
87
-19
-585
-1236
-1573
-1601
-1323
-686
-84
-80
-552
-884
-788
-372
289
1009
1401
1347
1159
1137
1333
1685
2043
2189
2113
2015
2001
1999
1908
1641
1242
980
1015
1122
1025
689
173
-350
-518
-387
-633
-1487
-2568
-4108
-6313
-7490
-5873
-3408
-3605
-5826
-6638
-6088
-6845
-7883
-5862
-2111
-1140
-2883
-3062
-813
697
594
1276
3466
5130
5395
5730
7083
8423
8425
7359
6757
7468
8573
8823
8407
7975
7034
5069
3235
2860
3266
3000
1952
695
-817
-2467
-3481
-3767
-4136
-4742
-5011
-5143
-5759
-6324
-5987
-5429
-5741
-6189
-5392
-3861
-3029
-2741
-2004
-1263
-1462
-1861
-1084
547
1680
2025
2133
2025
1571
1200
1299
1662
1966
2020
1585
830
342
191
-178
-747
-862
-628
-732
-1086
-1102
-1024
-1462
-2027
-1912
-1213
-600
-257
-45
-29
-228
-332
-13
715
1546
2059
2072
1875
1836
1947
2031
2157
2401
2550
2431
2198
2001
1757
1418
1130
1011
978
914
786
599
300
-183
-696
-868
-613
-313
-308
-521
-786
-1072
-1211
-1069
-814
-648
-902
-2470
-5403
-7170
-5385
-2187
-1847
-4012
-4782
-4111
-5357
-7531
-5984
-1439
153
-2309
-3474
-1140
721
4
-147
2186
4299
4121
3690
5187
7278
7473
5941
5015
5830
7143
7556
7415
7447
6913
4979
2847
2351
3173
3533
2817
1590
105
-1488
-2504
-2770
-3014
-3460
-3613
-3744
-4550
-5361
-5041
-4322
-4699
-5557
-5095
-3553
-2760
-2994
-2898
-2138
-1793
-2101
-1880
-533
879
1182
736
673
1143
1354
1189
1442
2218
2508
1829
1060
949
1013
628
151
184
447
262
-343
-752
-787
-888
-1233
-1355
-922
-397
-385
-726
-823
-598
-443
-390
-32
662
1115
1021
821
976
1254
1294
1335
1738
2214
2238
1896
1657
1599
1487
1362
1470
1711
1667
1184
600
319
328
305
142
15
-44
-236
-578
-804
-788
-902
-1899
-4203
-6718
-7115
-4816
-2615
-3182
-5165
-5862
-5917
-7191
-7882
-5156
-1242
-709
-2946
-3337
-1107
260
-61
770
3429
5153
4839
4802
6451
8000
7650
6387
6256
7442
8504
8622
8283
7789
6557
4508
2949
2960
3755
3804
2702
1000
-838
-2424
-3271
-3445
-3529
-3730
-3949
-4477
-5452
-6062
-5718
-5269
-5560
-5780
-4859
-3445
-2784
-2682
-2276
-1833
-2045
-2277
-1268
726
2032
1816
980
582
561
563
941
1956
2713
2175
816
14
112
273
78
-44
84
1
-502
-952
-959
-822
-993
-1278
-1072
-345
210
127
-235
-354
-271
-144
285
1172
1938
1882
1206
786
1017
1493
1822
2080
2308
2180
1579
1016
973
1235
1288
1076
899
836
683
356
34
-120
-182
-306
-393
-223
22
-121
-621
-917
-793
-592
-502
-434
-570
-1320
-2869
-4846
-6058
-5206
-2959
-2042
-3576
-5284
-5384
-5423
-6461
-6099
-3056
-630
-1536
-3144
-2149
-84
265
31
1619
4028
4877
4655
5342
6812
7336
6612
6101
6794
8049
8650
8312
7636
6853
5597
4104
3438
3884
4240
3464
1874
219
-1268
-2397
-2885
-2989
-3238
-3635
-4048
-4787
-5787
-6176
-5718
-5409
-5646
-5397
-4250
-3392
-3495
-3552
-2902
-2356
-2344
-1930
-612
651
1006
781
528
313
244
618
1349
1952
2052
1550
664
-33
-95
239
450
478
446
158
-475
-964
-897
-598
-516
-506
-265
27
42
-112
-127
21
176
414
880
1432
1708
1552
1201
1030
1206
1594
1961
2174
2153
1819
1262
839
837
1085
1208
1116
973
777
405
-37
-226
-39
261
307
39
-210
-216
-189
-329
-431
-290
-141
-164
-216
-350
-836
-1598
-2632
-4315
-5908
-5403
-2904
-1824
-3863
-6012
-5833
-5522
-6803
-6656
-3105
-160
-1430
-3825
-3018
-521
148
-29
1752
4523
5410
4670
4802
6284
7296
6890
6331
7011
8397
8833
7982
7078
6604
5640
4087
3387
3995
4330
3244
1446
-217
-1741
-2854
-3033
-2801
-3088
-3751
-4314
-5145
-6303
-6650
-5765
-4997
-5144
-5056
-4012
-3229
-3502
-3645
-2723
-1719
-1476
-1090
168
1234
1086
510
646
1182
1343
1369
1770
2122
1776
986
465
398
445
375
250
176
71
-284
-838
-1126
-924
-655
-684
-702
-398
-175
-412
-670
-400
119
369
490
839
1211
1186
913
910
1276
1598
1618
1541
1594
1630
1396
1061
964
1075
1039
771
550
481
351
70
-129
-100
-10
-68
-221
-276
-213
-214
-334
-329
-76
129
23
-168
-110
105
224
180
-44
-472
-1096
-2124
-3688
-4792
-4020
-2153
-1871
-3680
-5004
-4703
-4813
-5939
-5369
-2360
-487
-1808
-3304
-2187
-333
-87
-31
1808
4033
4449
3835
4239
5558
6188
5824
5704
6524
7495
7578
6873
6221
5770
4949
3833
3357
3719
3814
2838
1273
-139
-1267
-2064
-2349
-2366
-2595
-3083
-3743
-4717
-5661
-5722
-4956
-4509
-4699
-4554
-3850
-3603
-3954
-3741
-2707
-1985
-1916
-1563
-663
-42
38
176
526
729
837
1152
1528
1704
1713
1560
1192
898
990
1213
1190
1048
937
603
37
-249
-41
185
104
-60
-148
-337
-621
-683
-423
-113
2
-23
-22
30
61
54
141
382
623
692
666
724
804
731
588
633
882
1054
995
873
859
836
651
474
580
862
942
764
613
575
430
215
276
613
724
350
-69
-52
218
202
-182
-692
-1540
-3124
-4733
-4778
-3106
-1842
-2592
-4211
-4969
-5272
-5993
-5883
-3655
-1167
-1131
-2823
-3319
-2102
-1037
-517
820
2901
3899
3373
3019
3899
5086
5526
5607
6090
6745
6888
6515
6151
5882
5352
4562
4002
3916
3900
3458
2450
1043
-371
-1296
-1563
-1553
-1689
-2044
-2694
-3829
-5091
-5546
-4929
-4145
-3964
-4074
-4000
-4019
-4338
-4301
-3385
-2265
-1843
-1868
-1499
-762
-359
-371
-185
348
728
835
1162
1821
2150
1759
1186
1061
1309
1537
1698
1815
1627
987
272
-5
200
512
592
368
-42
-481
-806
-876
-647
-309
-198
-401
-648
-695
-609
-515
-343
-69
118
109
78
188
339
383
383
498
718
899
968
986
1010
982
873
848
1048
1298
1312
1126
1000
912
695
519
677
988
1004
663
268
17
-74
-25
-36
-343
-925
-1745
-2912
-4031
-4110
-3082
-2419
-3103
-4186
-4589
-4863
-5510
-5338
-3558
-1792
-1832
-2815
-2822
-1902
-1254
-708
710
2517
3260
2903
2815
3629
4590
5074
5447
6074
6541
6371
5867
5640
5678
5504
5018
4576
4312
3930
3249
2412
1556
714
-8
-516
-939
-1403
-1854
-2365
-3165
-4075
-4497
-4291
-4048
-4117
-4165
-4036
-4127
-4475
-4409
-3634
-2801
-2484
-2399
-2133
-1824
-1645
-1332
-679
-25
239
226
317
601
879
1058
1233
1410
1431
1264
1141
1223
1326
1228
1014
889
813
647
461
391
358
191
-62
-189
-143
-84
-124
-199
-230
-259
-315
-294
-95
156
255
217
219
317
409
494
689
950
1065
991
918
979
1095
1186
1287
1389
1379
1222
1023
895
867
924
991
957
785
562
374
247
162
46
-150
-331
-380
-458
-789
-1219
-1541
-2083
-3126
-3954
-3660
-2787
-2718
-3490
-3972
-4055
-4647
-5380
-4717
-2794
-1655
-2107
-2673
-2327
-1872
-1768
-992
892
2490
2632
2105
2179
2837
3432
4027
4990
5916
6060
5465
4920
4896
5133
5275
5304
5251
4914
4184
3320
2653
2219
1873
1515
1052
405
-330
-989
-1596
-2244
-2755
-2935
-3020
-3348
-3743
-3859
-3883
-4184
-4505
-4328
-3799
-3490
-3405
-3142
-2792
-2769
-2893
-2554
-1748
-1071
-776
-571
-335
-269
-300
-24
641
1254
1442
1328
1214
1180
1170
1252
1520
1814
1788
1380
954
821
863
830
766
772
683
315
-102
-199
-32
51
-36
-87
-77
-181
-369
-384
-163
51
111
147
269
356
322
313
478
728
901
987
1071
1128
1081
979
964
1074
1188
1193
1087
927
758
601
499
476
483
444
329
143
-133
-459
-674
-681
-660
-811
-1048
-1238
-1602
-2325
-2968
-2926
-2431
-2289
-2628
-2870
-2946
-3376
-3982
-3807
-2703
-1772
-1721
-1937
-1785
-1593
-1640
-1293
-94
1242
1775
1660
1643
1901
2176
2568
3364
4309
4778
4597
4175
3923
3912
4068
4337
4563
4509
4058
3348
2643
2152
1947
1891
1714
1259
611
-70
-746
-1347
-1692
-1761
-1843
-2193
-2674
-3019
-3245
-3479
-3610
-3462
-3200
-3130
-3213
-3183
-3010
-2887
-2799
-2533
-2085
-1710
-1518
-1344
-1094
-895
-792
-588
-152
318
570
640
719
815
825
855
1095
1459
1616
1466
1251
1145
1070
979
1012
1194
1271
1053
699
479
418
399
423
532
615
499
230
35
20
96
184
285
370
341
197
80
88
172
255
340
425
441
374
309
306
326
324
335
372
371
288
185
126
78
8
-44
-47
-58
-135
-241
-293
-294
-311
-365
-427
-482
-544
-608
-646
-641
-643
-732
-941
-1177
-1285
-1233
-1143
-1117
-1139
-1195
-1350
-1576
-1652
-1420
-1050
-819
-759
-728
-697
-722
-678
-361
168
605
788
838
884
930
1006
1241
1655
2054
2232
2178
2032
1905
1858
1921
2089
2255
2268
2063
1707
1359
1140
1065
1058
1025
888
616
241
-126
-364
-441
-441
-485
-614
-795
-997
-1177
-1280
-1265
-1187
-1143
-1167
-1215
-1249
-1265
-1262
-1215
-1135
-1064
-1025
-1003
-992
-990
-985
-963
-916
-853
-775
-701
-665
-667
-664
-625
-563
-488
-381
-256
-176
-151
-129
-67
15
95
188
301
401
459
490
538
593
632
669
718
784
838
861
862
848
814
779
766
782
802
797
754
684
605
536
493
479
473
447
394
326
260
204
167
147
133
114
84
48
16
-13
-37
-53
-65
-75
-90
-109
-132
-158
-182
-199
-211
-219
-230
-249
-271
-294
-309
-314
-309
-307
-315
-333
-352
-361
-360
-348
-335
-330
-345
-371
-395
-398
-387
-377
-372
-381
-407
-442
-464
-463
-447
-432
-429
-437
-449
-458
-453
-423
-379
-336
-298
-263
-222
-166
-102
-31
48
126
199
275
365
458
546
619
678
733
790
853
919
977
1014
1029
1021
1002
983
970
959
938
898
837
754
657
559
472
398
325
247
156
47
-70
-183
-281
-353
-406
-455
-511
-579
-654
-724
-777
-801
-799
-790
-791
-800
-811
-818
-810
-784
-746
-701
-659
-626
-593
-555
-513
-467
-418
-370
-321
-272
-227
-178
-131
-84
-43
-5
36
76
115
155
196
230
262
293
321
347
371
395
418
439
460
479
492
495
489
480
470
461
452
441
426
394
355
311
273
242
224
211
197
175
143
107
80
68
69
79
87
83
64
37
14
6
6
10
9
-5
-36
-76
-111
-136
-153
-165
-182
-206
-241
-282
-319
-343
-355
-360
-363
-370
-379
-391
-398
-396
-382
-359
-333
-309
-289
-275
-262
-243
-216
-181
-144
-110
-90
-79
-68
-51
-25
9
45
75
95
101
103
112
134
166
199
225
236
237
230
228
245
272
302
325
334
331
323
316
317
326
340
346
338
321
294
264
237
214
194
173
144
111
73
34
-6
-45
-83
-114
-146
-176
-203
-231
-258
-283
-307
-325
-330
-326
-316
-306
-294
-281
-269
-249
-218
-181
-137
-95
-59
-31
-5
17
41
71
102
124
133
129
117
103
90
80
70
55
28
-5
-41
-76
-103
-124
-141
-160
-180
-198
-211
-219
-214
-200
-182
-162
-141
-120
-93
-60
-23
20
65
104
140
172
203
234
266
295
319
334
339
338
333
323
313
296
273
247
211
171
128
85
46
5
-32
-71
-110
-150
-186
-220
-247
-268
-286
-297
-310
-317
-320
-321
-314
-305
-289
-269
-244
-216
-188
-158
-124
-88
-48
-7
36
80
122
161
199
236
274
307
336
361
383
396
404
404
401
392
375
351
321
288
248
201
152
102
52
1
-52
-101
-151
-198
-244
-283
-317
-343
-367
-384
-396
-402
-401
-395
-383
-362
-337
-309
-278
-243
-203
-162
-124
-80
-37
6
48
89
127
161
193
222
248
270
287
296
303
302
300
289
275
255
231
202
170
134
96
58
18
-22
-62
-97
-133
-165
-193
-216
-232
-246
-253
-255
-249
-239
-224
-204
-178
-151
-121
-86
-48
-12
25
60
94
125
149
173
192
205
214
218
214
206
191
171
147
121
92
61
25
-8
-45
-79
-111
-139
-164
-184
-199
-214
-221
-225
-222
-214
-201
-184
-163
-139
-111
-83
-53
-23
9
39
71
102
131
155
175
193
209
221
230
238
240
237
230
219
206
189
170
149
126
99
68
37
7
-23
-50
-78
-106
-132
-154
-174
-190
-203
-211
-217
-219
-218
-211
-200
-188
-171
-154
-131
-105
-77
-51
-21
9
37
65
91
114
139
161
177
192
202
210
212
213
210
203
194
182
167
150
131
108
85
63
39
13
-13
-38
-64
-90
-114
-134
-153
-171
-185
-197
-206
-211
-214
-207
-199
-190
-181
-168
-149
-130
-113
-93
-71
-51
-31
-12
5
21
35
46
54
59
62
62
61
55
50
42
32
20
8
-1
-11
-19
-26
-30
-35
-38
-41
-37
-31
-24
-16
-7
4
16
27
36
50
63
76
86
93
104
110
117
120
121
124
122
123
121
112
106
100
94
87
74
64
55
47
38
27
18
10
3
-6
-14
-22
-30
-38
-45
-51
-55
-59
-66
-68
-75
-80
-84
-88
-90
-92
-94
-94
-92
-91
-88
-87
-81
-76
-71
-63
-55
-47
-38
-32
-24
-20
-13
-5
1
8
11
14
17
21
24
27
30
29
30
29
29
30
31
31
30
30
30
28
28
28
29
30
31
33
33
35
37
38
39
38
41
45
47
48
48
47
46
45
46
48
46
43
41
37
32
27
22
17
11
3
-5
-14
-22
-33
-43
-51
-57
-67
-75
-81
-85
-89
-90
-90
-91
-89
-85
-80
-75
-67
-62
-55
-47
-39
-31
-23
-15
-7
-1
6
12
16
20
25
28
31
34
35
36
35
36
38
40
39
39
40
39
41
39
41
42
41
43
43
43
44
40
39
39
35
32
28
25
22
15
10
6
0
-4
-9
-13
-20
-24
-29
-32
-32
-33
-33
-35
-34
-33
-31
-30
-28
-25
-21
-17
-15
-15
-13
-11
-9
-7
-5
-3
-2
-3
-3
-1
0
0
1
1
2
1
-2
-1
-2
-2
-3
-2
-2
-3
-4
-6
-6
-4
-4
-5
-4
-3
-3
-3
-1
0
5
8
10
13
17
20
24
27
32
37
39
41
44
47
47
47
44
44
42
39
36
32
25
19
13
7
-1
-8
-13
-22
-30
-38
-46
-52
-57
-65
-73
-75
-81
-83
-87
-91
-92
-91
-88
-84
-82
-75
-67
-59
-51
-42
-32
-19
-10
2
16
30
41
52
64
74
81
90
99
107
113
114
116
118
118
115
110
104
99
91
83
74
62
52
40
27
16
4
-6
-19
-29
-38
-47
-55
-62
-68
-73
-78
-79
-80
-82
-80
-79
-74
-71
-67
-61
-58
-53
-47
-42
-37
-33
-29
-25
-21
-17
-14
-12
-10
-6
-5
-3
-2
0
1
2
2
3
5
4
6
7
5
6
8
9
10
11
15
18
20
23
27
32
35
36
40
45
48
50
52
53
52
54
55
56
54
53
50
45
42
38
34
29
25
20
14
7
1
-6
-13
-19
-27
-31
-37
-44
-48
-54
-60
-63
-65
-67
-69
-71
-73
-73
-73
-71
-69
-65
-63
-59
-56
-51
-47
-42
-35
-30
-24
-16
-11
-4
2
8
16
21
29
34
39
44
48
53
57
61
63
64
65
64
63
63
62
59
56
52
49
43
40
34
28
24
20
15
11
7
5
1
0
-2
-6
-7
-9
-9
-12
-13
-13
-14
-14
-16
-17
-19
-21
-22
-22
-23
-24
-28
-29
-32
-34
-36
-38
-40
-40
-42
-43
-44
-45
-44
-43
-42
-40
-38
-35
-31
-26
-21
-15
-11
-6
-1
5
10
15
21
24
29
31
34
37
38
39
41
42
41
41
40
38
38
38
36
33
32
29
26
22
21
19
16
13
11
8
7
5
4
2
0
-2
-3
-5
-6
-6
-6
-8
-10
-10
-10
-10
-10
-12
-14
-15
-14
-15
-14
-14
-14
-16
-18
-19
-17
-19
-19
-18
-19
-20
-22
-20
-19
-18
-17
-17
-16
-15
-15
-14
-12
-12
-9
-7
-7
-4
-4
-1
0
1
3
5
6
8
10
11
11
12
12
14
16
16
16
16
17
15
16
17
16
18
18
17
17
15
16
14
13
13
12
12
10
9
7
5
3
1
-2
-1
-2
-4
-7
-10
-9
-12
-13
-13
-13
-13
-14
-14
-14
-14
-14
-13
-11
-7
-6
-6
-5
-5
-4
-4
-3
-2
-1
0
0
0
-2
-3
-1
-1
0
-1
-1
-1
-2
-2
-3
-3
-2
0
0
1
1
1
3
5
7
8
10
10
10
12
11
13
13
14
14
13
13
10
9
8
8
6
5
1
-1
-2
-4
-5
-7
-9
-12
-13
-15
-16
-15
-16
-17
-16
-17
-16
-15
-15
-14
-12
-9
-8
-5
-5
-3
1
3
3
4
7
7
9
10
10
9
11
12
11
11
10
9
8
5
6
5
3
3
3
1
2
2
-1
0
0
0
1
0
0
2
3
2
3
5
5
4
5
5
6
5
4
3
3
-1
0
-2
-4
-1
-2
-5
-6
-6
-8
-9
-10
-9
-9
-9
-9
-8
-8
-9
-9
-8
-8
-6
-5
-4
-4
-3
-4
-2
-1
0
0
2
3
2
3
3
3
4
3
2
4
5
2
4
5
6
6
8
8
9
10
9
10
10
9
10
9
8
7
8
7
6
7
6
4
1
1
0
-1
-2
-6
-7
-7
-9
-10
-11
-11
-13
-12
-11
-11
-12
-12
-12
-11
-10
-6
-6
-4
-4
-3
-3
-2
0
0
0
2
2
3
4
5
4
4
4
3
5
4
3
5
4
5
