4.505554  0.846262  2.234553  3.534220  4.966756  2.825152  0.701359  0.800773  0.709591  0.640323  0.278936  0.021118  
7.465048  1.164148  1.593770  5.726568  2.833246  -2.736652  -1.425413  0.299952  0.303219  -0.289924  -0.256966  0.003960  
5.812900  -0.431314  0.390461  5.779822  4.545315  0.882144  1.850892  2.267019  0.753249  -0.005749  0.007555  0.094028  
6.604279  2.310343  0.094484  2.192411  3.257519  -2.583333  -0.116045  -0.344782  -0.079391  -0.225396  -0.256900  0.173100  
5.335095  3.792385  2.099324  1.710330  2.532101  2.700053  2.228047  0.958258  -0.103967  -0.304943  0.129591  0.087617  
7.250299  0.010596  -1.254338  3.641581  2.751011  -0.768407  0.780911  2.350741  1.946764  0.166561  -0.330710  -0.078847  
6.224414  0.586315  -0.085748  3.844121  2.913141  0.052029  1.806010  2.942234  1.410281  -0.052819  -0.337085  -0.021986  
4.450834  -2.771802  3.492839  3.330244  0.957984  1.882760  2.035786  1.247355  0.553332  0.122216  0.012479  0.039091  
6.479828  2.797477  1.971055  4.388606  3.856013  0.961073  0.607622  0.978559  -0.014741  -0.939265  -0.249347  0.055069  
6.833116  3.187788  2.406560  4.833507  3.466118  -0.943685  -2.060140  -0.766966  -0.176638  -0.052771  -0.395539  -0.139408  
6.393580  0.217040  -1.627051  3.296193  4.427733  1.020757  1.316393  2.109448  1.454430  0.071757  -0.441596  -0.050312  
6.750250  2.161556  -1.692043  1.122808  2.604752  -0.904080  0.712320  1.029652  0.976590  0.006536  -0.337246  0.039837  
3.943050  3.118701  2.408238  1.809381  1.584989  0.690445  1.359900  0.949496  0.927584  0.461094  0.373288  0.087273  
7.150284  2.048151  0.779445  4.204112  3.347039  -1.199685  -1.289057  0.402330  0.963082  0.238816  -0.253170  -0.054338  
7.529519  -0.818832  -0.822415  2.798224  3.227970  -2.621899  1.948737  1.958659  1.248217  -0.230333  -0.526111  0.048429  
-0.802015  -0.798177  -0.796172  -0.795391  -0.795647  -0.796632  -0.797903  -0.798933  -0.799368  -0.799096  -0.798310  -0.797510  
3.920330  3.498320  3.386996  3.291868  3.222395  2.124035  1.596619  1.170497  0.753665  0.347645  0.247640  0.063650  
7.579709  1.024535  0.548690  4.774276  2.465737  -1.644889  0.120839  1.104963  0.847212  -0.244245  -0.198407  -0.016163  
3.373879  -3.699984  0.146823  4.273454  4.829877  0.284171  1.708504  -0.157906  0.916112  0.734039  0.000914  0.033743  
6.010930  2.385719  -0.054429  0.439792  2.310547  -1.558288  1.312879  0.742944  -0.245411  0.080336  0.081940  0.273521  
5.103192  3.173775  0.913768  0.721042  1.927328  1.000523  1.529915  0.474699  0.262513  0.069433  0.368657  0.163369  
6.034181  2.344044  1.229708  2.994538  2.444971  -0.080194  0.209040  1.614170  1.433984  0.555292  -0.058173  -0.021190  
8.064020  -1.000493  -1.378379  4.014692  1.564047  -1.587368  1.135000  2.361886  1.298581  -0.429604  -0.311823  -0.030113  
4.190200  -3.327322  1.856316  2.412910  -0.466659  0.339866  2.293437  0.092156  0.564263  0.278490  -0.082483  -0.026983  
6.485608  2.206229  0.346437  2.796717  3.353578  1.394279  1.097326  1.478786  0.653126  -0.436236  -0.194402  0.083265  
4.809933  4.372259  4.122595  3.554516  2.919992  1.220375  0.254031  0.149230  0.069394  -0.020841  -0.001838  -0.024621  
4.712903  2.259198  0.623449  1.822780  3.050065  1.793207  1.902152  2.165642  1.754775  0.179710  -0.300724  -0.044442  
6.692878  2.586591  -1.650036  -0.061696  2.187618  0.616535  0.748320  0.368573  0.981772  0.492888  0.263142  0.084332  
4.070295  2.376443  1.974059  1.710613  1.152271  -0.051794  0.335617  0.195178  0.250566  0.052665  0.064939  0.011678  
6.938836  2.489897  0.308967  2.776944  3.441984  0.533832  -0.345046  0.294325  0.663601  0.016014  -0.199456  -0.040915  
6.636199  0.515963  1.076386  4.020217  1.201367  -1.027393  1.950393  1.468554  0.422800  -0.139743  0.075948  0.021600  
2.508103  -1.835238  -0.811310  0.441035  -0.291482  -1.401049  0.434423  -0.250403  0.101983  0.209407  0.026459  0.013244  
